*****
16 , 0.05 , 1000 , 0 , 0.4 , 10 , 100 , 0.65 , 1 , 0.65 , 1 , .01
16.0,1000,1000,1000,1000,1000,0,1000,1000,1000,1000,0
16.05,1030,1030,1030,1030,1030,0,1030,1030,1030,1030,0
16.1,1043,1043,1043,1043,1043,0,1043,1043,1043,1043,0
16.15,1071,1071,1071,1071,1071,0,1071,1071,1071,1071,0
16.2,1053,1053,1053,1053,1053,0,1053,1053,1053,1053,0
16.25,963,963,963,963,963,0,963,963,963,963,0
16.3,1015,1015,1015,1015,1015,0,1015,1015,1015,1015,0
16.35,1062,1062,1062,1062,1062,0,1062,1062,1062,1062,0
16.4,1045,1045,1045,1045,1045,0,1045,1045,1045,1045,0
16.45,979,979,979,979,979,0,979,979,979,979,0
16.5,1040,1040,1040,1040,1040,0,1040,1040,1040,1040,0
16.55,1054,1054,1054,1054,1054,0,1054,1054,1054,1054,0
16.6,1001,1001,1001,1001,1001,0,1001,1001,1001,1001,0
16.65,1044,1044,1044,1044,1044,0,1044,1044,1044,1044,0
16.7,1047,1047,1047,1047,1047,0,1047,1047,1047,1047,0
16.75,965,965,965,965,965,0,965,965,965,965,0
16.8,983,983,983,983,983,0,983,983,983,983,0
16.85,1072,1072,1072,1072,1072,0,1072,1072,1072,1072,0
16.9,1028,1028,1028,1028,1028,0,1028,1028,1028,1028,0
16.95,968,968,968,968,968,0,968,968,968,968,0
17.0,1036,1036,1036,1036,1036,0,1036,1036,1036,1036,0
17.05,1038,1038,1038,1038,1038,0,1038,1038,1038,1038,0
17.1,1054,1054,1054,1054,1054,0,1054,1054,1054,1054,0
17.15,1016,1016,1016,1016,1016,0,1016,1016,1016,1016,0
17.2,1026,1026,1026,1026,1026,0,1026,1026,1026,1026,0
17.25,994,994,994,994,994,0,994,994,994,994,0
17.3,1044,1044,1044,1044,1044,0,1044,1044,1044,1044,0
17.35,1054,1054,1054,1054,1054,0,1054,1054,1054,1054,0
17.4,1023,1023,1023,1023,1023,0,1023,1023,1023,1023,0
17.45,1046,1046,1046,1046,1046,0,1046,1046,1046,1046,0
17.5,992,992,992,992,992,0,992,992,992,992,0
17.55,1014,1014,1014,1014,1014,0,1014,1014,1014,1014,0
17.6,1049,1049,1049,1049,1049,0,1049,1049,1049,1049,0
17.65,1057,1057,1057,1057,1057,0,1057,1057,1057,1057,0
17.7,1012,1012,1012,1012,1012,0,1012,1012,1012,1012,0
17.75,968,968,968,968,968,0,968,968,968,968,0
17.8,1012,1012,1012,1012,1012,0,1012,1012,1012,1012,0
17.85,1025,1025,1025,1025,1025,0,1025,1025,1025,1025,0
17.9,1065,1065,1065,1065,1065,0,1065,1065,1065,1065,0
17.95,1006,1006,1006,1006,1006,0,1006,1006,1006,1006,0
18.0,1047,1047,1047,1047,1047,0,1047,1047,1047,1047,0
18.05,1026,1026,1026,1026,1026,0,1026,1026,1026,1026,0
18.1,1013,1013,1013,1013,1013,0,1013,1013,1013,1013,0
18.15,997,997,997,997,997,0,997,997,997,997,0
18.2,1013,1013,1013,1013,1013,0,1013,1013,1013,1013,0
18.25,1042,1042,1042,1042,1042,0,1042,1042,1042,1042,0
18.3,1050,1050,1050,1050,1050,0,1050,1050,1050,1050,0
18.35,1055,1055,1055,1055,1055,0,1055,1055,1055,1055,0
18.4,1018,1018,1018,1018,1018,0,1018,1018,1018,1018,0
18.45,1077,1077,1077,1077,1077,0,1077,1077,1077,1077,0
18.5,1026,1026,1026,1026,1026,0,1026,1026,1026,1026,0
18.55,963,963,963,963,963,0,963,963,963,963,0
18.6,1025,1025,1025,1025,1025,0,1025,1025,1025,1025,0
18.65,1061,1061,1061,1061,1061,0,1061,1061,1061,1061,0
18.7,1049,1049,1049,1049,1049,0,1049,1049,1049,1049,0
18.75,1042,1042,1042,1042,1042,0,1042,1042,1042,1042,0
18.8,1049,1049,1049,1049,1049,0,1049,1049,1049,1049,0
18.85,1045,1045,1045,1045,1045,0,1045,1045,1045,1045,0
18.9,987,987,987,987,987,0,987,987,987,987,0
18.95,1003,1003,1003,1003,1003,0,1003,1003,1003,1003,0
19.0,1039,1039,1039,1039,1039,0,1039,1039,1039,1039,0
19.05,1021,1021,1021,1021,1021,0,1021,1021,1021,1021,0
19.1,1049,1049,1049,1049,1049,0,1049,1049,1049,1049,0
19.15,1005,1005,1004,1005,1005,0,1005,1004,1005,1005,0
19.2,1010,1010,1010,1010,1010,0,1010,1010,1010,1010,0
19.25,1055,1055,1055,1055,1055,0,1055,1055,1055,1055,0
19.3,1063,1063,1062,1063,1063,0,1063,1062,1063,1063,0
19.35,1032,1032,1032,1032,1032,0,1032,1032,1032,1032,0
19.4,1032,1029,1029,1032,1029,0,1029,1029,1032,1029,0
19.45,989,989,988,989,989,0,989,988,989,989,0
19.5,1001,1001,1001,1001,1001,0,1001,1001,1001,1001,0
19.55,1060,1059,1059,1060,1059,0,1059,1059,1060,1059,0
19.6,1031,1030,1030,1031,1030,0,1030,1030,1031,1030,0
19.65,1028,1024,1024,1028,1024,0,1024,1024,1028,1024,0
19.7,1063,1061,1060,1063,1061,0,1061,1060,1063,1061,0
19.75,981,980,980,981,980,0,980,980,981,980,0
19.8,1089,1083,1082,1089,1083,0,1083,1082,1089,1083,0
19.85,1007,1001,1001,1006,1001,0,1001,1001,1006,1001,0
19.9,990,985,985,990,985,0,985,985,990,985,0
19.95,1030,1021,1020,1030,1021,0,1021,1020,1030,1021,0
20.0,1008,998,997,1006,999,0,998,997,1006,999,0
20.05,1058,1044,1044,1058,1044,0,1044,1044,1058,1044,0
20.1,1075,1058,1057,1073,1059,0,1058,1057,1073,1059,0
20.15,1016,998,995,1014,998,0,998,995,1014,998,0
20.2,1037,1007,1005,1031,1008,0,1007,1005,1031,1008,0
20.25,1027,986,986,1023,986,0,986,986,1023,986,0
20.3,1003,952,949,1001,953,0,952,949,1001,953,0
20.35,1014,963,959,1011,966,0,963,959,1011,966,0
20.4,1019,941,939,1005,943,0,941,939,1005,943,0
20.45,1034,965,960,1022,966,0,965,960,1022,966,0
20.5,1077,941,936,1059,942,0,941,936,1059,942,0
20.55,1059,912,905,1035,916,0,912,905,1035,916,0
20.6,1036,864,857,999,870,0,864,857,999,870,0
20.65,1008,813,805,958,818,0,813,805,958,818,0
20.7,1087,828,819,1020,831,0,828,819,1020,831,0
20.75,1062,767,759,973,773,0,767,759,973,773,0
20.8,990,665,657,889,665,0,665,657,889,665,0
20.85,1044,680,678,922,688,0,680,678,922,688,0
20.9,1045,592,587,877,595,0,592,587,877,595,0
20.95,1017,544,539,790,548,0,544,539,790,548,0
21.0,1089,491,487,810,495,0,491,487,810,495,0
21.05,1035,464,462,726,473,0,464,462,726,473,0
21.1,1024,360,355,621,365,0,360,355,621,365,0
21.15,1001,310,311,562,318,0,310,311,562,318,0
21.2,1014,267,261,538,269,0,267,261,538,269,0
21.25,1013,222,217,431,224,0,222,217,431,224,0
21.3,1043,186,187,404,188,0,186,187,404,188,0
21.35,1017,159,155,321,159,0,159,155,321,159,0
21.4,1092,115,112,275,117,0,115,112,275,117,0
21.45,1025,107,107,205,109,0,107,107,205,109,0
21.5,1024,66,63,152,67,0,66,63,152,67,0
21.55,1007,49,50,119,51,0,49,50,119,51,0
21.6,1052,40,41,95,42,0,40,41,95,42,0
21.65,1034,13,13,57,13,0,13,13,57,13,0
21.7,1010,12,13,40,13,0,12,13,40,13,0
21.75,1033,6,6,32,6,0,6,6,32,6,0
21.8,1019,2,2,23,2,0,2,2,23,2,0
21.85,1014,2,2,6,2,0,2,2,6,2,0
21.9,1016,3,3,15,3,0,3,3,15,3,0
21.95,1085,1,1,5,1,0,1,1,5,1,0
22.0,1009,1,1,2,1,0,1,1,2,1,0
22.05,1063,0,0,0,0,0,0,0,0,0,0
22.1,1038,0,0,0,0,0,0,0,0,0,0
22.15,998,0,0,0,0,0,0,0,0,0,0
22.2,1092,0,0,0,0,0,0,0,0,0,0
22.25,1035,0,0,0,0,0,0,0,0,0,0
22.3,1068,0,0,0,0,0,0,0,0,0,0
22.35,1091,0,0,0,0,0,0,0,0,0,0
22.4,1002,0,0,0,0,0,0,0,0,0,0
22.45,1055,0,0,0,0,0,0,0,0,0,0
22.5,1025,0,0,0,0,0,0,0,0,0,0
22.55,1024,0,0,0,0,0,0,0,0,0,0
22.6,976,0,0,0,0,0,0,0,0,0,0
22.65,1064,0,0,0,0,0,0,0,0,0,0
22.7,1026,0,0,0,0,0,0,0,0,0,0
22.75,1032,0,0,0,0,0,0,0,0,0,0
22.8,1036,0,0,0,0,0,0,0,0,0,0
22.85,1037,0,0,0,0,0,0,0,0,0,0
22.9,1050,0,0,0,0,0,0,0,0,0,0
22.95,1006,0,0,0,0,0,0,0,0,0,0
23.0,982,0,0,0,0,0,0,0,0,0,0
23.05,1077,0,0,0,0,0,0,0,0,0,0
23.1,1008,0,0,0,0,0,0,0,0,0,0
23.15,988,0,0,0,0,0,0,0,0,0,0
23.2,1065,0,0,0,0,0,0,0,0,0,0
23.25,990,0,0,0,0,0,0,0,0,0,0
23.3,1049,0,0,0,0,0,0,0,0,0,0
23.35,1041,0,0,0,0,0,0,0,0,0,0
23.4,1009,0,0,0,0,0,0,0,0,0,0
23.45,1001,0,0,0,0,0,0,0,0,0,0
23.5,1055,0,0,0,0,0,0,0,0,0,0
23.55,995,0,0,0,0,0,0,0,0,0,0
23.6,1005,0,0,0,0,0,0,0,0,0,0
23.65,1070,0,0,0,0,0,0,0,0,0,0
23.7,995,0,0,0,0,0,0,0,0,0,0
23.75,1065,0,0,0,0,0,0,0,0,0,0
23.8,1030,0,0,0,0,0,0,0,0,0,0
23.85,1066,0,0,0,0,0,0,0,0,0,0
23.9,1045,0,0,0,0,0,0,0,0,0,0
23.95,1024,0,0,0,0,0,0,0,0,0,0
24.0,1069,0,0,0,0,0,0,0,0,0,0
24.05,1040,0,0,0,0,0,0,0,0,0,0
24.1,1001,0,0,0,0,0,0,0,0,0,0
24.15,1042,0,0,0,0,0,0,0,0,0,0
24.200000000000003,993,0,0,0,0,0,0,0,0,0,0
24.25,1068,0,0,0,0,0,0,0,0,0,0
24.3,1023,0,0,0,0,0,0,0,0,0,0
24.35,1032,0,0,0,0,0,0,0,0,0,0
24.4,1065,0,0,0,0,0,0,0,0,0,0
24.450000000000003,1054,0,0,0,0,0,0,0,0,0,0
24.5,1016,0,0,0,0,0,0,0,0,0,0
24.55,1002,0,0,0,0,0,0,0,0,0,0
24.6,1031,0,0,0,0,0,0,0,0,0,0
24.65,1042,0,0,0,0,0,0,0,0,0,0
24.700000000000003,1036,0,0,0,0,0,0,0,0,0,0
24.75,1045,0,0,0,0,0,0,0,0,0,0
24.8,1014,0,0,0,0,0,0,0,0,0,0
24.85,1038,0,0,0,0,0,0,0,0,0,0
24.9,1014,0,0,0,0,0,0,0,0,0,0
24.950000000000003,935,0,0,0,0,0,0,0,0,0,0
25.0,1046,0,0,0,0,0,0,0,0,0,0
25.05,1039,0,0,0,0,0,0,0,0,0,0
25.1,1053,0,0,0,0,0,0,0,0,0,0
25.15,1024,0,0,0,0,0,0,0,0,0,0
25.200000000000003,1013,0,0,0,0,0,0,0,0,0,0
25.25,1051,0,0,0,0,0,0,0,0,0,0
25.3,1047,0,0,0,0,0,0,0,0,0,0
25.35,1030,0,0,0,0,0,0,0,0,0,0
25.4,1031,0,0,0,0,0,0,0,0,0,0
25.450000000000003,985,0,0,0,0,0,0,0,0,0,0
25.5,1064,0,0,0,0,0,0,0,0,0,0
25.55,1016,0,0,0,0,0,0,0,0,0,0
25.6,1028,0,0,0,0,0,0,0,0,0,0
25.65,1019,0,0,0,0,0,0,0,0,0,0
25.700000000000003,1023,0,0,0,0,0,0,0,0,0,0
25.75,986,0,0,0,0,0,0,0,0,0,0
25.8,1091,0,0,0,0,0,0,0,0,0,0
25.85,1043,0,0,0,0,0,0,0,0,0,0
25.9,1034,0,0,0,0,0,0,0,0,0,0
25.950000000000003,1030,0,0,0,0,0,0,0,0,0,0
26.0,1009,0,0,0,0,0,0,0,0,0,0
26.05,1047,0,0,0,0,0,0,0,0,0,0
26.1,1007,0,0,0,0,0,0,0,0,0,0
26.15,1115,0,0,0,0,0,0,0,0,0,0
26.200000000000003,960,0,0,0,0,0,0,0,0,0,0
26.25,1054,0,0,0,0,0,0,0,0,0,0
26.3,1051,0,0,0,0,0,0,0,0,0,0
26.35,1033,0,0,0,0,0,0,0,0,0,0
26.4,1018,0,0,0,0,0,0,0,0,0,0
26.450000000000003,973,0,0,0,0,0,0,0,0,0,0
26.5,1045,0,0,0,0,0,0,0,0,0,0
26.55,1010,0,0,0,0,0,0,0,0,0,0
26.6,1040,0,0,0,0,0,0,0,0,0,0
26.65,1019,0,0,0,0,0,0,0,0,0,0
26.700000000000003,1023,0,0,0,0,0,0,0,0,0,0
26.75,1033,0,0,0,0,0,0,0,0,0,0
26.8,1072,0,0,0,0,0,0,0,0,0,0
26.85,1064,0,0,0,0,0,0,0,0,0,0
26.9,993,0,0,0,0,0,0,0,0,0,0
26.950000000000003,1081,0,0,0,0,0,0,0,0,0,0
27.0,996,0,0,0,0,0,0,0,0,0,0
27.05,1062,0,0,0,0,0,0,0,0,0,0
27.1,998,0,0,0,0,0,0,0,0,0,0
27.15,998,0,0,0,0,0,0,0,0,0,0
27.200000000000003,1026,0,0,0,0,0,0,0,0,0,0
27.25,1047,0,0,0,0,0,0,0,0,0,0
27.3,1091,0,0,0,0,0,0,0,0,0,0
27.35,1036,0,0,0,0,0,0,0,0,0,0
27.4,1020,0,0,0,0,0,0,0,0,0,0
27.450000000000003,1010,0,0,0,0,0,0,0,0,0,0
27.5,1014,0,0,0,0,0,0,0,0,0,0
27.55,1057,0,0,0,0,0,0,0,0,0,0
27.6,1049,0,0,0,0,0,0,0,0,0,0
27.65,1086,0,0,0,0,0,0,0,0,0,0
27.700000000000003,957,0,0,0,0,0,0,0,0,0,0
27.75,1002,0,0,0,0,0,0,0,0,0,0
27.8,1015,0,0,0,0,0,0,0,0,0,0
27.85,1032,0,0,0,0,0,0,0,0,0,0
27.9,1031,0,0,0,0,0,0,0,0,0,0
27.950000000000003,1036,0,0,0,0,0,0,0,0,0,0
28.0,1012,0,0,0,0,0,0,0,0,0,0
28.05,1061,0,0,0,0,0,0,0,0,0,0
28.1,1071,0,0,0,0,0,0,0,0,0,0
28.15,1042,0,0,0,0,0,0,0,0,0,0
28.200000000000003,1001,0,0,0,0,0,0,0,0,0,0
28.25,987,0,0,0,0,0,0,0,0,0,0
28.3,1040,0,0,0,0,0,0,0,0,0,0
28.35,1081,0,0,0,0,0,0,0,0,0,0
28.4,1034,0,0,0,0,0,0,0,0,0,0
28.450000000000003,998,0,0,0,0,0,0,0,0,0,0
28.5,999,0,0,0,0,0,0,0,0,0,0
28.55,1047,0,0,0,0,0,0,0,0,0,0
28.6,1061,0,0,0,0,0,0,0,0,0,0
28.65,1069,0,0,0,0,0,0,0,0,0,0
28.700000000000003,1060,0,0,0,0,0,0,0,0,0,0
28.75,1042,0,0,0,0,0,0,0,0,0,0
28.8,1007,0,0,0,0,0,0,0,0,0,0
28.85,956,0,0,0,0,0,0,0,0,0,0
28.9,1053,0,0,0,0,0,0,0,0,0,0
28.950000000000003,1048,0,0,0,0,0,0,0,0,0,0
29.0,1007,0,0,0,0,0,0,0,0,0,0
29.05,1057,0,0,0,0,0,0,0,0,0,0
29.1,1086,0,0,0,0,0,0,0,0,0,0
29.15,1026,0,0,0,0,0,0,0,0,0,0
29.200000000000003,1044,0,0,0,0,0,0,0,0,0,0
29.25,982,0,0,0,0,0,0,0,0,0,0
29.3,1049,0,0,0,0,0,0,0,0,0,0
29.35,1026,0,0,0,0,0,0,0,0,0,0
29.4,1003,0,0,0,0,0,0,0,0,0,0
29.450000000000003,1018,0,0,0,0,0,0,0,0,0,0
29.5,1064,0,0,0,0,0,0,0,0,0,0
29.55,1052,0,0,0,0,0,0,0,0,0,0
29.6,1034,0,0,0,0,0,0,0,0,0,0
29.65,1040,0,0,0,0,0,0,0,0,0,0
29.700000000000003,1028,0,0,0,0,0,0,0,0,0,0
29.75,1024,0,0,0,0,0,0,0,0,0,0
29.8,1080,0,0,0,0,0,0,0,0,0,0
29.85,1007,0,0,0,0,0,0,0,0,0,0
29.9,1081,0,0,0,0,0,0,0,0,0,0
29.950000000000003,1012,0,0,0,0,0,0,0,0,0,0
30.0,1067,0,0,0,0,0,0,0,0,0,0
30.05,1033,0,0,0,0,0,0,0,0,0,0
30.1,1061,0,0,0,0,0,0,0,0,0,0
30.15,1010,0,0,0,0,0,0,0,0,0,0
30.200000000000003,1104,0,0,0,0,0,0,0,0,0,0
30.25,996,0,0,0,0,0,0,0,0,0,0
30.3,1020,0,0,0,0,0,0,0,0,0,0
30.35,984,0,0,0,0,0,0,0,0,0,0
30.4,1062,0,0,0,0,0,0,0,0,0,0
30.450000000000003,1047,0,0,0,0,0,0,0,0,0,0
30.5,1052,0,0,0,0,0,0,0,0,0,0
30.55,1037,0,0,0,0,0,0,0,0,0,0
30.6,979,0,0,0,0,0,0,0,0,0,0
30.65,1020,0,0,0,0,0,0,0,0,0,0
30.700000000000003,996,0,0,0,0,0,0,0,0,0,0
30.75,1011,0,0,0,0,0,0,0,0,0,0
30.8,1036,0,0,0,0,0,0,0,0,0,0
30.85,1058,0,0,0,0,0,0,0,0,0,0
30.9,1041,0,0,0,0,0,0,0,0,0,0
30.950000000000003,1023,0,0,0,0,0,0,0,0,0,0
31.0,1056,0,0,0,0,0,0,0,0,0,0
31.05,1015,0,0,0,0,0,0,0,0,0,0
31.1,1009,0,0,0,0,0,0,0,0,0,0
31.15,1061,0,0,0,0,0,0,0,0,0,0
31.200000000000003,1063,0,0,0,0,0,0,0,0,0,0
31.25,1101,0,0,0,0,0,0,0,0,0,0
31.3,1002,0,0,0,0,0,0,0,0,0,0
31.35,1042,0,0,0,0,0,0,0,0,0,0
31.4,989,0,0,0,0,0,0,0,0,0,0
31.450000000000003,1011,0,0,0,0,0,0,0,0,0,0
31.5,1033,0,0,0,0,0,0,0,0,0,0
31.55,1090,0,0,0,0,0,0,0,0,0,0
31.6,1008,0,0,0,0,0,0,0,0,0,0
31.65,981,0,0,0,0,0,0,0,0,0,0
31.700000000000003,1016,0,0,0,0,0,0,0,0,0,0
31.75,1077,0,0,0,0,0,0,0,0,0,0
31.8,1062,0,0,0,0,0,0,0,0,0,0
31.85,1060,0,0,0,0,0,0,0,0,0,0
31.9,1046,0,0,0,0,0,0,0,0,0,0
31.950000000000003,1021,0,0,0,0,0,0,0,0,0,0
32.0,938,0,0,0,0,0,0,0,0,0,0
32.05,874,0,0,0,0,0,0,0,0,0,0
32.1,724,0,0,0,0,0,0,0,0,0,0
32.150000000000006,563,0,0,0,0,0,0,0,0,0,0
32.2,446,0,0,0,0,0,0,0,0,0,0
32.25,325,0,0,0,0,0,0,0,0,0,0
32.3,195,0,0,0,0,0,0,0,0,0,0
32.35,59,0,0,0,0,0,0,0,0,0,0
*****
16 , 0.05 , 1000 , 0.3 , 0.7 , 10 , 100 , 0.65 , 1 , 0.65 , 1 , .01
16.0,1000,1000,1000,998,1000,0,1000,1000,992,1000,0
16.05,1028,1028,1028,1025,1028,0,1028,1028,1022,1028,0
16.1,1055,1055,1055,1055,1055,0,1055,1055,1054,1055,0
16.15,1033,1033,1033,1031,1033,0,1033,1033,1028,1033,0
16.2,987,987,987,986,987,0,987,987,983,987,0
16.25,1000,1000,1000,997,1000,0,1000,1000,995,1000,0
16.3,1033,1033,1033,1029,1033,0,1033,1033,1026,1033,0
16.35,1054,1054,1054,1052,1054,0,1054,1054,1051,1054,0
16.4,949,949,949,946,949,0,949,949,944,949,0
16.45,1037,1037,1037,1036,1037,0,1037,1037,1035,1037,0
16.5,1042,1042,1042,1039,1042,0,1042,1042,1035,1042,0
16.55,1001,1001,1001,997,1001,0,1001,1001,996,1001,0
16.6,1043,1043,1043,1036,1043,0,1043,1043,1032,1043,0
16.65,1026,1026,1026,1022,1026,0,1026,1026,1021,1026,0
16.7,1049,1049,1049,1046,1049,0,1049,1049,1044,1049,0
16.75,1042,1042,1042,1039,1042,0,1042,1042,1038,1042,0
16.8,1020,1020,1020,1012,1020,0,1020,1020,1013,1020,0
16.85,1000,1000,1000,996,1000,0,1000,1000,995,1000,0
16.9,1006,1006,1006,999,1006,0,1006,1006,998,1006,0
16.95,1035,1035,1035,1024,1035,0,1035,1035,1023,1035,0
17.0,1035,1035,1035,1022,1035,0,1035,1035,1022,1035,0
17.05,982,982,982,971,982,0,982,982,971,982,0
17.1,961,961,961,949,961,0,961,961,949,961,0
17.15,1045,1045,1045,1036,1045,0,1045,1045,1036,1045,0
17.2,1058,1058,1058,1051,1058,0,1058,1058,1051,1058,0
17.25,1003,1003,1003,983,1003,0,1003,1003,983,1003,0
17.3,1020,1020,1020,1007,1020,0,1020,1020,1007,1020,0
17.35,1033,1033,1033,1016,1033,0,1033,1033,1015,1033,0
17.4,995,995,995,974,995,0,995,995,974,995,0
17.45,1087,1087,1087,1074,1087,0,1087,1087,1074,1087,0
17.5,937,937,937,919,937,0,937,937,919,937,0
17.55,1034,1034,1034,1010,1034,0,1034,1034,1010,1034,0
17.6,1045,1045,1045,1015,1045,0,1045,1045,1015,1045,0
17.65,1013,1013,1013,993,1013,0,1013,1013,993,1013,0
17.7,1048,1048,1048,1027,1048,0,1048,1048,1027,1048,0
17.75,1058,1058,1058,1024,1058,0,1058,1058,1024,1058,0
17.8,1014,1014,1014,988,1014,0,1014,1014,988,1014,0
17.85,996,996,996,974,996,0,996,996,974,996,0
17.9,974,974,974,947,974,0,974,974,947,974,0
17.95,1031,1031,1031,1001,1031,0,1031,1031,1001,1031,0
18.0,1020,1020,1020,983,1020,0,1020,1020,983,1020,0
18.05,1044,1044,1044,1001,1044,0,1044,1044,1001,1044,0
18.1,997,997,997,950,997,0,997,997,950,997,0
18.15,1063,1063,1063,1025,1063,0,1063,1063,1025,1063,0
18.2,1034,1034,1034,986,1034,0,1034,1034,986,1034,0
18.25,1042,1042,1042,1004,1042,0,1042,1042,1004,1042,0
18.3,1007,1006,1006,965,1006,0,1006,1006,965,1006,0
18.35,1026,1026,1026,974,1026,0,1026,1026,974,1026,0
18.4,979,978,979,928,979,0,978,979,928,979,0
18.45,1019,1019,1019,953,1019,0,1019,1019,953,1019,0
18.5,976,975,975,922,975,0,975,975,922,975,0
18.55,996,996,996,934,996,0,996,996,934,996,0
18.6,1005,1004,1005,950,1005,0,1004,1005,950,1005,0
18.65,1047,1046,1047,985,1047,0,1046,1047,985,1047,0
18.7,1010,1010,1010,942,1010,0,1010,1010,942,1010,0
18.75,1057,1054,1054,975,1054,0,1054,1054,975,1054,0
18.8,1072,1070,1071,1008,1071,0,1070,1071,1008,1071,0
18.85,1039,1039,1039,959,1039,0,1039,1039,959,1039,0
18.9,1019,1015,1016,933,1016,0,1015,1016,933,1016,0
18.95,973,966,969,895,969,0,966,969,895,969,0
19.0,1041,1035,1034,948,1035,0,1035,1034,948,1035,0
19.05,994,987,989,893,989,0,987,989,893,989,0
19.1,1020,1012,1013,935,1013,0,1012,1013,935,1013,0
19.15,1011,1002,1002,916,1002,0,1002,1002,916,1002,0
19.2,981,968,972,862,973,0,968,972,862,973,0
19.25,998,975,977,901,978,0,975,977,901,978,0
19.3,1031,1011,1017,919,1017,0,1011,1017,919,1017,0
19.35,1046,1019,1024,922,1024,0,1019,1024,922,1024,0
19.4,1036,1004,1009,926,1010,0,1004,1009,926,1010,0
19.45,1077,1037,1044,936,1044,0,1037,1044,936,1044,0
19.5,1020,956,966,863,966,0,956,966,863,966,0
19.55,1006,948,960,861,960,0,948,960,861,960,0
19.6,1013,949,962,857,962,0,949,962,857,962,0
19.65,1032,958,973,887,973,0,958,973,887,973,0
19.7,928,856,865,771,865,0,856,865,771,865,0
19.75,1068,986,1001,895,1001,0,986,1001,895,1001,0
19.8,947,835,854,779,855,0,835,854,779,855,0
19.85,1047,912,926,823,929,0,912,926,823,929,0
19.9,1040,895,909,824,910,0,895,909,824,910,0
19.95,1052,880,899,833,901,0,880,899,833,901,0
20.0,984,811,835,750,837,0,811,835,750,837,0
20.05,1061,836,856,812,858,0,836,856,812,858,0
20.1,977,781,807,728,811,0,781,807,728,811,0
20.15,1032,773,800,731,803,0,773,800,731,803,0
20.2,1047,760,783,728,784,0,760,783,728,784,0
20.25,987,681,708,666,710,0,681,708,666,710,0
20.3,1042,706,741,698,742,0,706,741,698,742,0
20.35,965,604,628,605,629,0,604,628,605,629,0
20.4,1042,626,657,666,658,0,626,657,666,658,0
20.45,1039,604,640,625,640,0,604,640,625,640,0
20.5,1064,580,607,591,609,0,580,607,591,609,0
20.55,1002,505,532,519,532,0,505,532,519,532,0
20.6,1002,460,498,506,499,0,460,498,506,499,0
20.65,1035,455,480,475,482,0,455,480,475,482,0
20.7,995,415,440,471,441,0,415,440,471,441,0
20.75,1015,375,404,423,404,0,375,404,423,404,0
20.8,1014,362,390,433,392,0,362,390,433,392,0
20.85,1067,346,363,407,365,0,346,363,407,365,0
20.9,1054,287,308,342,309,0,287,308,342,309,0
20.95,1024,271,296,329,298,0,271,296,329,298,0
21.0,991,220,235,257,237,0,220,235,257,237,0
21.05,991,196,218,265,218,0,196,218,265,218,0
21.1,1013,184,195,233,196,0,184,195,233,196,0
21.15,1006,155,176,205,176,0,155,176,205,176,0
21.2,1008,148,162,201,162,0,148,162,201,162,0
21.25,1017,120,130,140,130,0,120,130,140,130,0
21.3,1038,112,118,150,119,0,112,118,150,119,0
21.35,1059,89,94,117,94,0,89,94,117,94,0
21.4,1004,78,85,109,86,0,78,85,109,86,0
21.45,1026,61,64,85,66,0,61,64,85,66,0
21.5,1003,53,56,67,57,0,53,56,67,57,0
21.55,975,36,43,49,43,0,36,43,49,43,0
21.6,1041,37,39,51,39,0,37,39,51,39,0
21.65,1009,28,31,40,31,0,28,31,40,31,0
21.7,982,26,27,34,28,0,26,27,34,28,0
21.75,1003,27,27,31,27,0,27,27,31,27,0
21.8,1088,12,15,23,15,0,12,15,23,15,0
21.85,1093,10,11,17,12,0,10,11,17,12,0
21.9,986,6,9,15,9,0,6,9,15,9,0
21.95,1015,9,9,11,9,0,9,9,11,9,0
22.0,1005,6,6,5,6,0,6,6,5,6,0
22.05,1030,6,6,9,6,0,6,6,9,6,0
22.1,959,5,6,6,6,0,5,6,6,6,0
22.15,994,5,5,4,5,0,5,5,4,5,0
22.2,1045,2,2,2,2,0,2,2,2,2,0
22.25,1000,0,0,1,0,0,0,0,1,0,0
22.3,1061,0,0,0,0,0,0,0,0,0,0
22.35,992,1,1,1,1,0,1,1,1,1,0
22.4,1017,1,1,1,1,0,1,1,1,1,0
22.45,1018,0,0,0,0,0,0,0,0,0,0
22.5,1039,0,0,0,0,0,0,0,0,0,0
22.55,1012,0,0,0,0,0,0,0,0,0,0
22.6,987,0,0,0,0,0,0,0,0,0,0
22.65,1005,0,0,0,0,0,0,0,0,0,0
22.7,1056,0,0,0,0,0,0,0,0,0,0
22.75,1025,0,0,0,0,0,0,0,0,0,0
22.8,987,0,0,0,0,0,0,0,0,0,0
22.85,1050,0,0,0,0,0,0,0,0,0,0
22.9,979,0,0,0,0,0,0,0,0,0,0
22.95,959,0,0,0,0,0,0,0,0,0,0
23.0,1070,0,0,0,0,0,0,0,0,0,0
23.05,1043,0,0,0,0,0,0,0,0,0,0
23.1,1050,0,0,0,0,0,0,0,0,0,0
23.15,1012,0,0,0,0,0,0,0,0,0,0
23.2,1023,0,0,0,0,0,0,0,0,0,0
23.25,1049,0,0,0,0,0,0,0,0,0,0
23.3,984,0,0,0,0,0,0,0,0,0,0
23.35,1013,0,0,0,0,0,0,0,0,0,0
23.4,1036,0,0,0,0,0,0,0,0,0,0
23.45,1086,0,0,0,0,0,0,0,0,0,0
23.5,1017,0,0,0,0,0,0,0,0,0,0
23.55,1001,0,0,0,0,0,0,0,0,0,0
23.6,1022,0,0,0,0,0,0,0,0,0,0
23.65,997,0,0,0,0,0,0,0,0,0,0
23.7,978,0,0,0,0,0,0,0,0,0,0
23.75,1019,0,0,0,0,0,0,0,0,0,0
23.8,1049,0,0,0,0,0,0,0,0,0,0
23.85,1021,0,0,0,0,0,0,0,0,0,0
23.9,1038,0,0,0,0,0,0,0,0,0,0
23.95,1039,0,0,0,0,0,0,0,0,0,0
24.0,1010,0,0,0,0,0,0,0,0,0,0
24.05,1019,0,0,0,0,0,0,0,0,0,0
24.1,993,0,0,0,0,0,0,0,0,0,0
24.15,992,0,0,0,0,0,0,0,0,0,0
24.200000000000003,1031,0,0,0,0,0,0,0,0,0,0
24.25,990,0,0,0,0,0,0,0,0,0,0
24.3,1063,0,0,0,0,0,0,0,0,0,0
24.35,1035,0,0,0,0,0,0,0,0,0,0
24.4,993,0,0,0,0,0,0,0,0,0,0
24.450000000000003,994,0,0,0,0,0,0,0,0,0,0
24.5,1038,0,0,0,0,0,0,0,0,0,0
24.55,1065,0,0,0,0,0,0,0,0,0,0
24.6,996,0,0,0,0,0,0,0,0,0,0
24.65,1064,0,0,0,0,0,0,0,0,0,0
24.700000000000003,1014,0,0,0,0,0,0,0,0,0,0
24.75,1005,0,0,0,0,0,0,0,0,0,0
24.8,999,0,0,0,0,0,0,0,0,0,0
24.85,1019,0,0,0,0,0,0,0,0,0,0
24.9,991,0,0,0,0,0,0,0,0,0,0
24.950000000000003,1055,0,0,0,0,0,0,0,0,0,0
25.0,1044,0,0,0,0,0,0,0,0,0,0
25.05,1010,0,0,0,0,0,0,0,0,0,0
25.1,1012,0,0,0,0,0,0,0,0,0,0
25.15,1015,0,0,0,0,0,0,0,0,0,0
25.200000000000003,1058,0,0,0,0,0,0,0,0,0,0
25.25,1021,0,0,0,0,0,0,0,0,0,0
25.3,1027,0,0,0,0,0,0,0,0,0,0
25.35,1024,0,0,0,0,0,0,0,0,0,0
25.4,978,0,0,0,0,0,0,0,0,0,0
25.450000000000003,1030,0,0,0,0,0,0,0,0,0,0
25.5,1036,0,0,0,0,0,0,0,0,0,0
25.55,973,0,0,0,0,0,0,0,0,0,0
25.6,1022,0,0,0,0,0,0,0,0,0,0
25.65,988,0,0,0,0,0,0,0,0,0,0
25.700000000000003,1045,0,0,0,0,0,0,0,0,0,0
25.75,1030,0,0,0,0,0,0,0,0,0,0
25.8,1073,0,0,0,0,0,0,0,0,0,0
25.85,1048,0,0,0,0,0,0,0,0,0,0
25.9,1006,0,0,0,0,0,0,0,0,0,0
25.950000000000003,969,0,0,0,0,0,0,0,0,0,0
26.0,1051,0,0,0,0,0,0,0,0,0,0
26.05,1005,0,0,0,0,0,0,0,0,0,0
26.1,1020,0,0,0,0,0,0,0,0,0,0
26.15,1029,0,0,0,0,0,0,0,0,0,0
26.200000000000003,1029,0,0,0,0,0,0,0,0,0,0
26.25,1040,0,0,0,0,0,0,0,0,0,0
26.3,977,0,0,0,0,0,0,0,0,0,0
26.35,988,0,0,0,0,0,0,0,0,0,0
26.4,1078,0,0,0,0,0,0,0,0,0,0
26.450000000000003,992,0,0,0,0,0,0,0,0,0,0
26.5,999,0,0,0,0,0,0,0,0,0,0
26.55,989,0,0,0,0,0,0,0,0,0,0
26.6,1054,0,0,0,0,0,0,0,0,0,0
26.65,986,0,0,0,0,0,0,0,0,0,0
26.700000000000003,1050,0,0,0,0,0,0,0,0,0,0
26.75,1015,0,0,0,0,0,0,0,0,0,0
26.8,1012,0,0,0,0,0,0,0,0,0,0
26.85,967,0,0,0,0,0,0,0,0,0,0
26.9,1041,0,0,0,0,0,0,0,0,0,0
26.950000000000003,992,0,0,0,0,0,0,0,0,0,0
27.0,1065,0,0,0,0,0,0,0,0,0,0
27.05,969,0,0,0,0,0,0,0,0,0,0
27.1,1024,0,0,0,0,0,0,0,0,0,0
27.15,1056,0,0,0,0,0,0,0,0,0,0
27.200000000000003,1028,0,0,0,0,0,0,0,0,0,0
27.25,1015,0,0,0,0,0,0,0,0,0,0
27.3,1035,0,0,0,0,0,0,0,0,0,0
27.35,1008,0,0,0,0,0,0,0,0,0,0
27.4,1018,0,0,0,0,0,0,0,0,0,0
27.450000000000003,972,0,0,0,0,0,0,0,0,0,0
27.5,1002,0,0,0,0,0,0,0,0,0,0
27.55,1041,0,0,0,0,0,0,0,0,0,0
27.6,1015,0,0,0,0,0,0,0,0,0,0
27.65,1012,0,0,0,0,0,0,0,0,0,0
27.700000000000003,1042,0,0,0,0,0,0,0,0,0,0
27.75,1009,0,0,0,0,0,0,0,0,0,0
27.8,1021,0,0,0,0,0,0,0,0,0,0
27.85,947,0,0,0,0,0,0,0,0,0,0
27.9,1045,0,0,0,0,0,0,0,0,0,0
27.950000000000003,1047,0,0,0,0,0,0,0,0,0,0
28.0,1004,0,0,0,0,0,0,0,0,0,0
28.05,1035,0,0,0,0,0,0,0,0,0,0
28.1,989,0,0,0,0,0,0,0,0,0,0
28.15,1023,0,0,0,0,0,0,0,0,0,0
28.200000000000003,1028,0,0,0,0,0,0,0,0,0,0
28.25,1050,0,0,0,0,0,0,0,0,0,0
28.3,1009,0,0,0,0,0,0,0,0,0,0
28.35,1007,0,0,0,0,0,0,0,0,0,0
28.4,1016,0,0,0,0,0,0,0,0,0,0
28.450000000000003,1006,0,0,0,0,0,0,0,0,0,0
28.5,1004,0,0,0,0,0,0,0,0,0,0
28.55,1029,0,0,0,0,0,0,0,0,0,0
28.6,1047,0,0,0,0,0,0,0,0,0,0
28.65,1041,0,0,0,0,0,0,0,0,0,0
28.700000000000003,975,0,0,0,0,0,0,0,0,0,0
28.75,1040,0,0,0,0,0,0,0,0,0,0
28.8,1014,0,0,0,0,0,0,0,0,0,0
28.85,997,0,0,0,0,0,0,0,0,0,0
28.9,1044,0,0,0,0,0,0,0,0,0,0
28.950000000000003,972,0,0,0,0,0,0,0,0,0,0
29.0,1046,0,0,0,0,0,0,0,0,0,0
29.05,1052,0,0,0,0,0,0,0,0,0,0
29.1,1049,0,0,0,0,0,0,0,0,0,0
29.15,1049,0,0,0,0,0,0,0,0,0,0
29.200000000000003,962,0,0,0,0,0,0,0,0,0,0
29.25,990,0,0,0,0,0,0,0,0,0,0
29.3,1027,0,0,0,0,0,0,0,0,0,0
29.35,1046,0,0,0,0,0,0,0,0,0,0
29.4,1009,0,0,0,0,0,0,0,0,0,0
29.450000000000003,965,0,0,0,0,0,0,0,0,0,0
29.5,1035,0,0,0,0,0,0,0,0,0,0
29.55,1066,0,0,0,0,0,0,0,0,0,0
29.6,1001,0,0,0,0,0,0,0,0,0,0
29.65,1008,0,0,0,0,0,0,0,0,0,0
29.700000000000003,1032,0,0,0,0,0,0,0,0,0,0
29.75,1002,0,0,0,0,0,0,0,0,0,0
29.8,944,0,0,0,0,0,0,0,0,0,0
29.85,1042,0,0,0,0,0,0,0,0,0,0
29.9,1043,0,0,0,0,0,0,0,0,0,0
29.950000000000003,1027,0,0,0,0,0,0,0,0,0,0
30.0,989,0,0,0,0,0,0,0,0,0,0
30.05,1044,0,0,0,0,0,0,0,0,0,0
30.1,1015,0,0,0,0,0,0,0,0,0,0
30.15,1015,0,0,0,0,0,0,0,0,0,0
30.200000000000003,1024,0,0,0,0,0,0,0,0,0,0
30.25,1048,0,0,0,0,0,0,0,0,0,0
30.3,1010,0,0,0,0,0,0,0,0,0,0
30.35,1023,0,0,0,0,0,0,0,0,0,0
30.4,1011,0,0,0,0,0,0,0,0,0,0
30.450000000000003,963,0,0,0,0,0,0,0,0,0,0
30.5,1017,0,0,0,0,0,0,0,0,0,0
30.55,1052,0,0,0,0,0,0,0,0,0,0
30.6,1031,0,0,0,0,0,0,0,0,0,0
30.65,1032,0,0,0,0,0,0,0,0,0,0
30.700000000000003,1061,0,0,0,0,0,0,0,0,0,0
30.75,1030,0,0,0,0,0,0,0,0,0,0
30.8,1016,0,0,0,0,0,0,0,0,0,0
30.85,975,0,0,0,0,0,0,0,0,0,0
30.9,990,0,0,0,0,0,0,0,0,0,0
30.950000000000003,1034,0,0,0,0,0,0,0,0,0,0
31.0,1023,0,0,0,0,0,0,0,0,0,0
31.05,1051,0,0,0,0,0,0,0,0,0,0
31.1,1024,0,0,0,0,0,0,0,0,0,0
31.15,1027,0,0,0,0,0,0,0,0,0,0
31.200000000000003,1023,0,0,0,0,0,0,0,0,0,0
31.25,1009,0,0,0,0,0,0,0,0,0,0
31.3,973,0,0,0,0,0,0,0,0,0,0
31.35,1013,0,0,0,0,0,0,0,0,0,0
31.4,1042,0,0,0,0,0,0,0,0,0,0
31.450000000000003,1043,0,0,0,0,0,0,0,0,0,0
31.5,1021,0,0,0,0,0,0,0,0,0,0
31.55,1013,0,0,0,0,0,0,0,0,0,0
31.6,1013,0,0,0,0,0,0,0,0,0,0
31.65,999,0,0,0,0,0,0,0,0,0,0
31.700000000000003,991,0,0,0,0,0,0,0,0,0,0
31.75,996,0,0,0,0,0,0,0,0,0,0
31.8,1054,0,0,0,0,0,0,0,0,0,0
31.85,1007,0,0,0,0,0,0,0,0,0,0
31.9,1044,0,0,0,0,0,0,0,0,0,0
31.950000000000003,1012,0,0,0,0,0,0,0,0,0,0
32.0,1099,0,0,0,0,0,0,0,0,0,0
32.05,990,0,0,0,0,0,0,0,0,0,0
32.1,990,0,0,0,0,0,0,0,0,0,0
32.150000000000006,995,0,0,0,0,0,0,0,0,0,0
32.2,959,0,0,0,0,0,0,0,0,0,0
32.25,1035,0,0,0,0,0,0,0,0,0,0
32.3,964,0,0,0,0,0,0,0,0,0,0
32.35,803,0,0,0,0,0,0,0,0,0,0
32.400000000000006,730,0,0,0,0,0,0,0,0,0,0
32.45,577,0,0,0,0,0,0,0,0,0,0
32.5,458,0,0,0,0,0,0,0,0,0,0
32.55,337,0,0,0,0,0,0,0,0,0,0
32.6,185,0,0,0,0,0,0,0,0,0,0
32.650000000000006,72,0,0,0,0,0,0,0,0,0,0
*****
16 , 0.05 , 1000 , 0 , 1 , 10 , 100 , 0.65 , 1 , 0.65 , 1 , .01
16.0,1000,1000,1000,973,1000,0,1000,1000,959,1000,0
16.05,1001,1001,1001,975,1001,0,1001,1001,964,1001,0
16.1,1048,1048,1048,1021,1048,0,1048,1048,1011,1048,0
16.15,1026,1026,1026,998,1026,0,1026,1026,984,1026,0
16.2,1005,1005,1005,976,1005,0,1005,1005,968,1005,0
16.25,1003,1003,1003,977,1003,0,1003,1003,972,1003,0
16.3,1002,1002,1002,976,1002,0,1002,1002,966,1002,0
16.35,1057,1057,1057,1022,1057,0,1057,1057,1029,1057,0
16.4,991,991,991,967,991,0,991,991,961,991,0
16.45,1033,1033,1033,988,1033,0,1033,1033,981,1033,0
16.5,1024,1023,1023,966,1023,0,1023,1023,964,1023,0
16.55,1028,1028,1028,979,1028,0,1028,1028,973,1028,0
16.6,1025,1025,1025,973,1025,0,1025,1025,970,1025,0
16.65,1064,1064,1064,1002,1064,0,1064,1064,997,1064,0
16.7,1011,1011,1011,946,1011,0,1011,1011,941,1011,0
16.75,1044,1042,1043,952,1043,0,1042,1043,950,1043,0
16.8,973,972,973,887,973,0,972,973,884,973,0
16.85,1013,1010,1013,921,1013,0,1010,1013,921,1013,0
16.9,1047,1043,1045,924,1045,0,1043,1045,922,1045,0
16.95,991,987,988,858,988,0,987,988,858,988,0
17.0,965,958,961,836,961,0,958,961,837,961,0
17.05,1027,1016,1020,879,1020,0,1016,1020,879,1020,0
17.1,1036,1014,1019,862,1019,0,1014,1019,860,1019,0
17.15,1086,1066,1073,897,1073,0,1066,1073,897,1073,0
17.2,1013,984,995,828,995,0,984,995,828,995,0
17.25,1056,1027,1032,851,1032,0,1027,1032,849,1032,0
17.3,978,935,944,769,944,0,935,944,769,944,0
17.35,997,933,949,776,951,0,933,949,776,951,0
17.4,982,905,922,740,922,0,905,922,740,922,0
17.45,981,900,925,696,925,0,900,925,696,925,0
17.5,1039,914,951,760,952,0,914,951,760,952,0
17.55,1041,893,926,723,926,0,893,926,723,926,0
17.6,1015,860,891,702,894,0,860,891,702,894,0
17.65,1038,853,891,677,891,0,853,891,677,891,0
17.7,963,757,784,621,788,0,757,784,621,788,0
17.75,971,746,779,617,782,0,746,779,617,782,0
17.8,1058,801,838,639,839,0,801,838,639,839,0
17.85,977,682,727,552,728,0,682,727,552,728,0
17.9,1017,673,721,555,721,0,673,721,555,721,0
17.95,1027,679,726,554,728,0,679,726,554,728,0
18.0,1013,616,658,537,660,0,616,658,537,660,0
18.05,859,477,520,400,521,0,477,520,400,521,0
18.1,1052,575,622,496,622,0,575,622,496,622,0
18.15,1025,524,583,448,583,0,524,583,448,583,0
18.2,1074,481,533,431,533,0,481,533,431,533,0
18.25,970,408,454,387,454,0,408,454,387,454,0
18.3,1022,388,424,375,426,0,388,424,375,426,0
18.35,1012,377,415,349,417,0,377,415,349,417,0
18.4,969,291,337,295,337,0,291,337,295,337,0
18.45,1006,292,331,295,332,0,292,331,295,332,0
18.5,1025,280,315,284,318,0,280,315,284,318,0
18.55,1014,229,267,243,267,0,229,267,243,267,0
18.6,1043,204,236,190,236,0,204,236,190,236,0
18.65,978,183,207,182,207,0,183,207,182,207,0
18.7,1036,154,183,174,184,0,154,183,174,184,0
18.75,1062,144,173,164,173,0,144,173,164,173,0
18.8,1047,120,144,133,144,0,120,144,133,144,0
18.85,992,115,137,154,137,0,115,137,154,137,0
18.9,1021,95,115,113,115,0,95,115,113,115,0
18.95,974,87,103,102,103,0,87,103,102,103,0
19.0,1066,78,89,99,90,0,78,89,99,90,0
19.05,1028,57,72,65,72,0,57,72,65,72,0
19.1,1053,65,79,72,79,0,65,79,72,79,0
19.15,989,43,51,57,51,0,43,51,57,51,0
19.2,962,33,40,40,40,0,33,40,40,40,0
19.25,1015,39,44,41,44,0,39,44,41,44,0
19.3,956,17,21,24,21,0,17,21,24,21,0
19.35,998,21,22,31,22,0,21,22,31,22,0
19.4,978,17,23,22,23,0,17,23,22,23,0
19.45,1024,13,17,14,17,0,13,17,14,17,0
19.5,999,11,14,8,14,0,11,14,8,14,0
19.55,1036,11,13,15,13,0,11,13,15,13,0
19.6,1029,6,7,13,7,0,6,7,13,7,0
19.65,1043,6,9,7,9,0,6,9,7,9,0
19.7,1024,5,5,3,5,0,5,5,3,5,0
19.75,1031,3,5,6,5,0,3,5,6,5,0
19.8,1025,2,3,5,3,0,2,3,5,3,0
19.85,998,2,2,3,2,0,2,2,3,2,0
19.9,1024,3,3,6,3,0,3,3,6,3,0
19.95,997,1,1,3,1,0,1,1,3,1,0
20.0,976,3,3,4,3,0,3,3,4,3,0
20.05,968,2,3,2,3,0,2,3,2,3,0
20.1,1025,0,0,1,0,0,0,0,1,0,0
20.15,1019,1,1,0,1,0,1,1,0,1,0
20.2,1062,0,0,2,0,0,0,0,2,0,0
20.25,977,1,1,1,1,0,1,1,1,1,0
20.3,1010,1,1,2,1,0,1,1,2,1,0
20.35,992,0,0,1,0,0,0,0,1,0,0
20.4,1010,0,0,0,0,0,0,0,0,0,0
20.45,1059,0,0,0,0,0,0,0,0,0,0
20.5,1045,0,0,0,0,0,0,0,0,0,0
20.55,1011,0,0,0,0,0,0,0,0,0,0
20.6,1019,0,0,0,0,0,0,0,0,0,0
20.65,1015,0,0,0,0,0,0,0,0,0,0
20.7,1048,0,0,0,0,0,0,0,0,0,0
20.75,1033,0,0,0,0,0,0,0,0,0,0
20.8,938,0,0,0,0,0,0,0,0,0,0
20.85,1001,0,0,0,0,0,0,0,0,0,0
20.9,996,0,0,0,0,0,0,0,0,0,0
20.95,1044,0,0,0,0,0,0,0,0,0,0
21.0,1028,0,0,0,0,0,0,0,0,0,0
21.05,1033,0,0,0,0,0,0,0,0,0,0
21.1,1044,0,0,0,0,0,0,0,0,0,0
21.15,1030,0,0,0,0,0,0,0,0,0,0
21.2,1067,0,0,0,0,0,0,0,0,0,0
21.25,986,0,0,0,0,0,0,0,0,0,0
21.3,989,0,0,0,0,0,0,0,0,0,0
21.35,1003,0,0,0,0,0,0,0,0,0,0
21.4,1029,0,0,0,0,0,0,0,0,0,0
21.45,1004,0,0,0,0,0,0,0,0,0,0
21.5,1069,0,0,0,0,0,0,0,0,0,0
21.55,990,0,0,0,0,0,0,0,0,0,0
21.6,1050,0,0,0,0,0,0,0,0,0,0
21.65,1045,0,0,0,0,0,0,0,0,0,0
21.7,990,0,0,0,0,0,0,0,0,0,0
21.75,1001,0,0,0,0,0,0,0,0,0,0
21.8,1027,0,0,0,0,0,0,0,0,0,0
21.85,979,0,0,0,0,0,0,0,0,0,0
21.9,1057,0,0,0,0,0,0,0,0,0,0
21.95,1003,0,0,0,0,0,0,0,0,0,0
22.0,1022,0,0,0,0,0,0,0,0,0,0
22.05,990,0,0,0,0,0,0,0,0,0,0
22.1,1021,0,0,0,0,0,0,0,0,0,0
22.15,994,0,0,0,0,0,0,0,0,0,0
22.2,1026,0,0,0,0,0,0,0,0,0,0
22.25,1019,0,0,0,0,0,0,0,0,0,0
22.3,1006,0,0,0,0,0,0,0,0,0,0
22.35,962,0,0,0,0,0,0,0,0,0,0
22.4,993,0,0,0,0,0,0,0,0,0,0
22.45,1032,0,0,0,0,0,0,0,0,0,0
22.5,1064,0,0,0,0,0,0,0,0,0,0
22.55,972,0,0,0,0,0,0,0,0,0,0
22.6,1028,0,0,0,0,0,0,0,0,0,0
22.65,998,0,0,0,0,0,0,0,0,0,0
22.7,955,0,0,0,0,0,0,0,0,0,0
22.75,1015,0,0,0,0,0,0,0,0,0,0
22.8,1041,0,0,0,0,0,0,0,0,0,0
22.85,994,0,0,0,0,0,0,0,0,0,0
22.9,1064,0,0,0,0,0,0,0,0,0,0
22.95,1060,0,0,0,0,0,0,0,0,0,0
23.0,1031,0,0,0,0,0,0,0,0,0,0
23.05,967,0,0,0,0,0,0,0,0,0,0
23.1,1009,0,0,0,0,0,0,0,0,0,0
23.15,1054,0,0,0,0,0,0,0,0,0,0
23.2,1010,0,0,0,0,0,0,0,0,0,0
23.25,1027,0,0,0,0,0,0,0,0,0,0
23.3,993,0,0,0,0,0,0,0,0,0,0
23.35,1005,0,0,0,0,0,0,0,0,0,0
23.4,1021,0,0,0,0,0,0,0,0,0,0
23.45,1011,0,0,0,0,0,0,0,0,0,0
23.5,1007,0,0,0,0,0,0,0,0,0,0
23.55,980,0,0,0,0,0,0,0,0,0,0
23.6,957,0,0,0,0,0,0,0,0,0,0
23.65,1013,0,0,0,0,0,0,0,0,0,0
23.7,1037,0,0,0,0,0,0,0,0,0,0
23.75,976,0,0,0,0,0,0,0,0,0,0
23.8,953,0,0,0,0,0,0,0,0,0,0
23.85,1049,0,0,0,0,0,0,0,0,0,0
23.9,1055,0,0,0,0,0,0,0,0,0,0
23.95,1021,0,0,0,0,0,0,0,0,0,0
24.0,1040,0,0,0,0,0,0,0,0,0,0
24.05,981,0,0,0,0,0,0,0,0,0,0
24.1,1029,0,0,0,0,0,0,0,0,0,0
24.15,1031,0,0,0,0,0,0,0,0,0,0
24.200000000000003,1024,0,0,0,0,0,0,0,0,0,0
24.25,1019,0,0,0,0,0,0,0,0,0,0
24.3,992,0,0,0,0,0,0,0,0,0,0
24.35,1024,0,0,0,0,0,0,0,0,0,0
24.4,984,0,0,0,0,0,0,0,0,0,0
24.450000000000003,1010,0,0,0,0,0,0,0,0,0,0
24.5,1035,0,0,0,0,0,0,0,0,0,0
24.55,1017,0,0,0,0,0,0,0,0,0,0
24.6,958,0,0,0,0,0,0,0,0,0,0
24.65,969,0,0,0,0,0,0,0,0,0,0
24.700000000000003,1022,0,0,0,0,0,0,0,0,0,0
24.75,1003,0,0,0,0,0,0,0,0,0,0
24.8,980,0,0,0,0,0,0,0,0,0,0
24.85,982,0,0,0,0,0,0,0,0,0,0
24.9,1014,0,0,0,0,0,0,0,0,0,0
24.950000000000003,1018,0,0,0,0,0,0,0,0,0,0
25.0,970,0,0,0,0,0,0,0,0,0,0
25.05,987,0,0,0,0,0,0,0,0,0,0
25.1,1052,0,0,0,0,0,0,0,0,0,0
25.15,1022,0,0,0,0,0,0,0,0,0,0
25.200000000000003,992,0,0,0,0,0,0,0,0,0,0
25.25,999,0,0,0,0,0,0,0,0,0,0
25.3,1072,0,0,0,0,0,0,0,0,0,0
25.35,1022,0,0,0,0,0,0,0,0,0,0
25.4,993,0,0,0,0,0,0,0,0,0,0
25.450000000000003,1012,0,0,0,0,0,0,0,0,0,0
25.5,998,0,0,0,0,0,0,0,0,0,0
25.55,980,0,0,0,0,0,0,0,0,0,0
25.6,1045,0,0,0,0,0,0,0,0,0,0
25.65,1016,0,0,0,0,0,0,0,0,0,0
25.700000000000003,996,0,0,0,0,0,0,0,0,0,0
25.75,1023,0,0,0,0,0,0,0,0,0,0
25.8,1039,0,0,0,0,0,0,0,0,0,0
25.85,954,0,0,0,0,0,0,0,0,0,0
25.9,1010,0,0,0,0,0,0,0,0,0,0
25.950000000000003,1115,0,0,0,0,0,0,0,0,0,0
26.0,1016,0,0,0,0,0,0,0,0,0,0
26.05,1053,0,0,0,0,0,0,0,0,0,0
26.1,1036,0,0,0,0,0,0,0,0,0,0
26.15,948,0,0,0,0,0,0,0,0,0,0
26.200000000000003,1000,0,0,0,0,0,0,0,0,0,0
26.25,967,0,0,0,0,0,0,0,0,0,0
26.3,1027,0,0,0,0,0,0,0,0,0,0
26.35,1014,0,0,0,0,0,0,0,0,0,0
26.4,1039,0,0,0,0,0,0,0,0,0,0
26.450000000000003,993,0,0,0,0,0,0,0,0,0,0
26.5,993,0,0,0,0,0,0,0,0,0,0
26.55,1037,0,0,0,0,0,0,0,0,0,0
26.6,1028,0,0,0,0,0,0,0,0,0,0
26.65,1012,0,0,0,0,0,0,0,0,0,0
26.700000000000003,1005,0,0,0,0,0,0,0,0,0,0
26.75,981,0,0,0,0,0,0,0,0,0,0
26.8,999,0,0,0,0,0,0,0,0,0,0
26.85,1071,0,0,0,0,0,0,0,0,0,0
26.9,1029,0,0,0,0,0,0,0,0,0,0
26.950000000000003,1055,0,0,0,0,0,0,0,0,0,0
27.0,984,0,0,0,0,0,0,0,0,0,0
27.05,986,0,0,0,0,0,0,0,0,0,0
27.1,1005,0,0,0,0,0,0,0,0,0,0
27.15,989,0,0,0,0,0,0,0,0,0,0
27.200000000000003,1016,0,0,0,0,0,0,0,0,0,0
27.25,976,0,0,0,0,0,0,0,0,0,0
27.3,1011,0,0,0,0,0,0,0,0,0,0
27.35,1004,0,0,0,0,0,0,0,0,0,0
27.4,1017,0,0,0,0,0,0,0,0,0,0
27.450000000000003,1085,0,0,0,0,0,0,0,0,0,0
27.5,990,0,0,0,0,0,0,0,0,0,0
27.55,1019,0,0,0,0,0,0,0,0,0,0
27.6,999,0,0,0,0,0,0,0,0,0,0
27.65,996,0,0,0,0,0,0,0,0,0,0
27.700000000000003,954,0,0,0,0,0,0,0,0,0,0
27.75,1002,0,0,0,0,0,0,0,0,0,0
27.8,1024,0,0,0,0,0,0,0,0,0,0
27.85,1005,0,0,0,0,0,0,0,0,0,0
27.9,1037,0,0,0,0,0,0,0,0,0,0
27.950000000000003,1014,0,0,0,0,0,0,0,0,0,0
28.0,1025,0,0,0,0,0,0,0,0,0,0
28.05,1000,0,0,0,0,0,0,0,0,0,0
28.1,1033,0,0,0,0,0,0,0,0,0,0
28.15,1014,0,0,0,0,0,0,0,0,0,0
28.200000000000003,1078,0,0,0,0,0,0,0,0,0,0
28.25,994,0,0,0,0,0,0,0,0,0,0
28.3,1032,0,0,0,0,0,0,0,0,0,0
28.35,957,0,0,0,0,0,0,0,0,0,0
28.4,937,0,0,0,0,0,0,0,0,0,0
28.450000000000003,1056,0,0,0,0,0,0,0,0,0,0
28.5,1015,0,0,0,0,0,0,0,0,0,0
28.55,1065,0,0,0,0,0,0,0,0,0,0
28.6,1010,0,0,0,0,0,0,0,0,0,0
28.65,1009,0,0,0,0,0,0,0,0,0,0
28.700000000000003,1003,0,0,0,0,0,0,0,0,0,0
28.75,1004,0,0,0,0,0,0,0,0,0,0
28.8,1056,0,0,0,0,0,0,0,0,0,0
28.85,1058,0,0,0,0,0,0,0,0,0,0
28.9,1022,0,0,0,0,0,0,0,0,0,0
28.950000000000003,985,0,0,0,0,0,0,0,0,0,0
29.0,1013,0,0,0,0,0,0,0,0,0,0
29.05,985,0,0,0,0,0,0,0,0,0,0
29.1,1013,0,0,0,0,0,0,0,0,0,0
29.15,1006,0,0,0,0,0,0,0,0,0,0
29.200000000000003,1027,0,0,0,0,0,0,0,0,0,0
29.25,999,0,0,0,0,0,0,0,0,0,0
29.3,984,0,0,0,0,0,0,0,0,0,0
29.35,966,0,0,0,0,0,0,0,0,0,0
29.4,1008,0,0,0,0,0,0,0,0,0,0
29.450000000000003,999,0,0,0,0,0,0,0,0,0,0
29.5,1027,0,0,0,0,0,0,0,0,0,0
29.55,1025,0,0,0,0,0,0,0,0,0,0
29.6,974,0,0,0,0,0,0,0,0,0,0
29.65,1014,0,0,0,0,0,0,0,0,0,0
29.700000000000003,1042,0,0,0,0,0,0,0,0,0,0
29.75,1001,0,0,0,0,0,0,0,0,0,0
29.8,1031,0,0,0,0,0,0,0,0,0,0
29.85,1050,0,0,0,0,0,0,0,0,0,0
29.9,1008,0,0,0,0,0,0,0,0,0,0
29.950000000000003,1015,0,0,0,0,0,0,0,0,0,0
30.0,1033,0,0,0,0,0,0,0,0,0,0
30.05,1025,0,0,0,0,0,0,0,0,0,0
30.1,1061,0,0,0,0,0,0,0,0,0,0
30.15,1008,0,0,0,0,0,0,0,0,0,0
30.200000000000003,1020,0,0,0,0,0,0,0,0,0,0
30.25,1039,0,0,0,0,0,0,0,0,0,0
30.3,996,0,0,0,0,0,0,0,0,0,0
30.35,1055,0,0,0,0,0,0,0,0,0,0
30.4,999,0,0,0,0,0,0,0,0,0,0
30.450000000000003,1086,0,0,0,0,0,0,0,0,0,0
30.5,1056,0,0,0,0,0,0,0,0,0,0
30.55,1007,0,0,0,0,0,0,0,0,0,0
30.6,1058,0,0,0,0,0,0,0,0,0,0
30.65,979,0,0,0,0,0,0,0,0,0,0
30.700000000000003,952,0,0,0,0,0,0,0,0,0,0
30.75,1020,0,0,0,0,0,0,0,0,0,0
30.8,993,0,0,0,0,0,0,0,0,0,0
30.85,1016,0,0,0,0,0,0,0,0,0,0
30.9,1010,0,0,0,0,0,0,0,0,0,0
30.950000000000003,999,0,0,0,0,0,0,0,0,0,0
31.0,1022,0,0,0,0,0,0,0,0,0,0
31.05,997,0,0,0,0,0,0,0,0,0,0
31.1,1030,0,0,0,0,0,0,0,0,0,0
31.15,1012,0,0,0,0,0,0,0,0,0,0
31.200000000000003,1043,0,0,0,0,0,0,0,0,0,0
31.25,1009,0,0,0,0,0,0,0,0,0,0
31.3,1033,0,0,0,0,0,0,0,0,0,0
31.35,1024,0,0,0,0,0,0,0,0,0,0
31.4,1014,0,0,0,0,0,0,0,0,0,0
31.450000000000003,1060,0,0,0,0,0,0,0,0,0,0
31.5,1024,0,0,0,0,0,0,0,0,0,0
31.55,1024,0,0,0,0,0,0,0,0,0,0
31.6,1001,0,0,0,0,0,0,0,0,0,0
31.65,995,0,0,0,0,0,0,0,0,0,0
31.700000000000003,986,0,0,0,0,0,0,0,0,0,0
31.75,1047,0,0,0,0,0,0,0,0,0,0
31.8,1031,0,0,0,0,0,0,0,0,0,0
31.85,1023,0,0,0,0,0,0,0,0,0,0
31.9,1027,0,0,0,0,0,0,0,0,0,0
31.950000000000003,1008,0,0,0,0,0,0,0,0,0,0
32.0,944,0,0,0,0,0,0,0,0,0,0
32.05,916,0,0,0,0,0,0,0,0,0,0
32.1,941,0,0,0,0,0,0,0,0,0,0
32.150000000000006,800,0,0,0,0,0,0,0,0,0,0
32.2,802,0,0,0,0,0,0,0,0,0,0
32.25,739,0,0,0,0,0,0,0,0,0,0
32.3,715,0,0,0,0,0,0,0,0,0,0
32.35,624,0,0,0,0,0,0,0,0,0,0
32.400000000000006,523,0,0,0,0,0,0,0,0,0,0
32.45,559,0,0,0,0,0,0,0,0,0,0
32.5,519,0,0,0,0,0,0,0,0,0,0
32.55,422,0,0,0,0,0,0,0,0,0,0
32.6,368,0,0,0,0,0,0,0,0,0,0
32.650000000000006,359,0,0,0,0,0,0,0,0,0,0
32.7,296,0,0,0,0,0,0,0,0,0,0
32.75,219,0,0,0,0,0,0,0,0,0,0
32.8,190,0,0,0,0,0,0,0,0,0,0
32.85,111,0,0,0,0,0,0,0,0,0,0
32.900000000000006,65,0,0,0,0,0,0,0,0,0,0
32.95,28,0,0,0,0,0,0,0,0,0,0
