*****
16,0.05,1000,0,0.4,10,100,0.261843996326,0.0853672733114
16,1000,1000,1000,1000,1000,0,0,0,0,0,0
16.05,920,920,920,920,920,0,0,0,0,0,0
16.1,954,954,953,954,954,0,0,0,0,0,0
16.150000000000002,950,950,949,950,950,0,0,0,0,0,0
16.200000000000003,958,958,957,958,958,0,0,0,0,0,0
16.250000000000004,1026,1026,1026,1026,1026,0,0,0,0,0,0
16.300000000000004,990,990,988,990,990,0,0,0,0,0,0
16.350000000000005,966,966,964,966,966,0,0,0,0,0,0
16.400000000000006,960,960,954,960,960,0,0,0,0,0,0
16.450000000000006,981,981,977,981,981,0,0,0,0,0,0
16.500000000000007,986,986,984,986,986,0,0,0,0,0,0
16.550000000000008,951,951,949,951,951,0,0,0,0,0,0
16.60000000000001,984,984,979,984,984,0,0,0,0,0,0
16.65000000000001,1013,1013,1006,1013,1013,0,0,0,0,0,0
16.70000000000001,945,945,938,944,945,0,0,0,0,0,0
16.75000000000001,1005,1005,996,1005,1005,0,0,0,0,0,0
16.80000000000001,967,967,955,967,967,0,0,0,0,0,0
16.850000000000012,992,992,984,992,992,0,0,0,0,0,0
16.900000000000013,1000,1000,985,1000,1000,0,0,0,0,0,0
16.950000000000014,971,971,959,970,971,0,0,0,0,0,0
17.000000000000014,987,987,968,987,987,0,0,0,0,0,0
17.050000000000015,959,959,942,959,959,0,0,0,0,0,0
17.100000000000016,1000,1000,979,1000,1000,0,0,0,0,0,0
17.150000000000016,967,967,946,966,967,0,0,0,0,0,0
17.200000000000017,970,970,943,970,970,0,0,0,0,0,0
17.250000000000018,999,999,969,999,999,0,0,0,0,0,0
17.30000000000002,945,945,912,945,945,0,0,0,0,0,0
17.35000000000002,1027,1027,976,1025,1027,0,0,0,0,0,0
17.40000000000002,966,966,927,966,966,0,0,0,0,0,0
17.45000000000002,957,957,895,956,957,0,0,0,0,0,0
17.50000000000002,975,974,915,974,975,0,0,0,0,0,0
17.550000000000022,944,943,880,944,944,0,0,0,0,0,0
17.600000000000023,1015,1013,951,1015,1015,0,0,0,0,0,0
17.650000000000023,1033,1031,957,1032,1033,0,0,0,0,0,0
17.700000000000024,993,992,913,993,993,0,0,0,0,0,0
17.750000000000025,997,997,904,994,997,0,0,0,0,0,0
17.800000000000026,979,978,849,979,979,0,0,0,0,0,0
17.850000000000026,942,937,833,941,941,0,0,0,0,0,0
17.900000000000027,962,953,835,962,960,0,0,0,0,0,0
17.950000000000028,1004,998,865,1003,1003,0,0,0,0,0,0
18.00000000000003,948,942,814,948,944,0,0,0,0,0,0
18.05000000000003,980,974,799,979,975,0,0,0,0,0,0
18.10000000000003,977,962,772,974,969,0,0,0,0,0,0
18.15000000000003,1010,995,798,1008,1002,0,0,0,0,0,0
18.20000000000003,958,939,729,954,945,0,0,0,0,0,0
18.250000000000032,989,971,736,988,979,0,0,0,0,0,0
18.300000000000033,926,903,665,924,913,0,0,0,0,0,0
18.350000000000033,949,897,655,944,910,0,0,0,0,0,0
18.400000000000034,1014,959,695,1009,976,0,0,0,0,0,0
18.450000000000035,1035,985,675,1032,998,0,0,0,0,0,0
18.500000000000036,978,931,620,968,945,0,0,0,0,0,0
18.550000000000036,952,885,573,950,902,0,0,0,0,0,0
18.600000000000037,994,913,536,987,936,0,0,0,0,0,0
18.650000000000038,978,888,530,969,915,0,0,0,0,0,0
18.70000000000004,949,844,502,945,874,0,0,0,0,0,0
18.75000000000004,959,829,461,952,873,0,0,0,0,0,0
18.80000000000004,976,842,458,971,892,0,0,0,0,0,0
18.85000000000004,973,825,450,953,850,0,0,0,0,0,0
18.90000000000004,982,809,414,967,837,0,0,0,0,0,0
18.950000000000042,999,780,403,973,831,0,0,0,0,0,0
19.000000000000043,964,730,328,934,772,0,0,0,0,0,0
19.050000000000043,991,751,383,961,809,0,0,0,0,0,0
19.100000000000044,1013,717,326,985,761,0,0,0,0,0,0
19.150000000000045,937,636,275,894,700,0,0,0,0,0,0
19.200000000000045,1009,654,255,941,721,0,0,0,0,0,0
19.250000000000046,956,599,228,893,664,0,0,0,0,0,0
19.300000000000047,985,553,224,912,625,0,0,0,0,0,0
19.350000000000048,942,481,167,833,553,0,0,0,0,0,0
19.40000000000005,957,472,171,863,549,0,0,0,0,0,0
19.45000000000005,997,474,136,876,541,0,0,0,0,0,0
19.50000000000005,928,402,132,777,463,0,0,0,0,0,0
19.55000000000005,963,409,123,771,470,0,0,0,0,0,0
19.60000000000005,1009,360,100,811,416,0,0,0,0,0,0
19.650000000000052,928,309,97,718,372,0,0,0,0,0,0
19.700000000000053,1021,322,85,758,382,0,0,0,0,0,0
19.750000000000053,961,236,67,670,290,0,0,0,0,0,0
19.800000000000054,943,254,55,622,298,0,0,0,0,0,0
19.850000000000055,990,222,55,627,265,0,0,0,0,0,0
19.900000000000055,966,177,56,576,222,0,0,0,0,0,0
19.950000000000056,910,133,21,477,173,0,0,0,0,0,0
20.000000000000057,954,125,26,472,154,0,0,0,0,0,0
20.050000000000058,1012,127,22,429,157,0,0,0,0,0,0
20.10000000000006,969,99,18,387,125,0,0,0,0,0,0
20.15000000000006,1007,77,10,356,100,0,0,0,0,0,0
20.20000000000006,942,55,17,319,85,0,0,0,0,0,0
20.25000000000006,975,54,13,268,69,0,0,0,0,0,0
20.30000000000006,964,36,7,240,46,0,0,0,0,0,0
20.350000000000062,1045,40,9,234,48,0,0,0,0,0,0
20.400000000000063,924,20,3,160,28,0,0,0,0,0,0
20.450000000000063,991,25,4,158,32,0,0,0,0,0,0
20.500000000000064,968,12,3,121,19,0,0,0,0,0,0
20.550000000000065,969,20,5,124,24,0,0,0,0,0,0
20.600000000000065,979,11,4,90,14,0,0,0,0,0,0
20.650000000000066,956,8,3,58,11,0,0,0,0,0,0
20.700000000000067,983,5,3,55,7,0,0,0,0,0,0
20.750000000000068,974,5,3,49,6,0,0,0,0,0,0
20.800000000000068,995,2,1,32,4,0,0,0,0,0,0
20.85000000000007,978,3,1,22,6,0,0,0,0,0,0
20.90000000000007,954,3,1,21,3,0,0,0,0,0,0
20.95000000000007,1005,4,0,12,5,0,0,0,0,0,0
21.00000000000007,964,3,0,10,3,0,0,0,0,0,0
21.05000000000007,952,1,0,12,1,0,0,0,0,0,0
21.100000000000072,943,0,0,1,0,0,0,0,0,0,0
21.150000000000073,997,1,0,2,1,0,0,0,0,0,0
21.200000000000074,1010,1,0,3,1,0,0,0,0,0,0
21.250000000000075,977,0,0,0,0,0,0,0,0,0,0
21.300000000000075,1002,1,0,1,1,0,0,0,0,0,0
21.350000000000076,966,0,0,2,0,0,0,0,0,0,0
21.400000000000077,983,0,0,2,0,0,0,0,0,0,0
21.450000000000077,1016,0,0,0,0,0,0,0,0,0,0
21.500000000000078,984,0,0,0,0,0,0,0,0,0,0
21.55000000000008,942,0,0,0,0,0,0,0,0,0,0
21.60000000000008,978,0,0,0,0,0,0,0,0,0,0
21.65000000000008,981,0,0,0,0,0,0,0,0,0,0
21.70000000000008,987,0,0,0,0,0,0,0,0,0,0
21.75000000000008,1009,0,0,0,0,0,0,0,0,0,0
21.800000000000082,920,0,0,0,0,0,0,0,0,0,0
21.850000000000083,1064,0,0,0,0,0,0,0,0,0,0
21.900000000000084,989,0,0,0,0,0,0,0,0,0,0
21.950000000000085,942,0,0,0,0,0,0,0,0,0,0
22.000000000000085,925,0,0,0,0,0,0,0,0,0,0
22.050000000000086,991,0,0,0,0,0,0,0,0,0,0
22.100000000000087,964,0,0,0,0,0,0,0,0,0,0
22.150000000000087,976,0,0,0,0,0,0,0,0,0,0
22.200000000000088,1008,0,0,0,0,0,0,0,0,0,0
22.25000000000009,1004,0,0,0,0,0,0,0,0,0,0
22.30000000000009,993,0,0,0,0,0,0,0,0,0,0
22.35000000000009,978,0,0,0,0,0,0,0,0,0,0
22.40000000000009,920,0,0,0,0,0,0,0,0,0,0
22.45000000000009,988,0,0,0,0,0,0,0,0,0,0
22.500000000000092,1006,0,0,0,0,0,0,0,0,0,0
22.550000000000093,992,0,0,0,0,0,0,0,0,0,0
22.600000000000094,948,0,0,0,0,0,0,0,0,0,0
22.650000000000095,993,0,0,0,0,0,0,0,0,0,0
22.700000000000095,1014,0,0,0,0,0,0,0,0,0,0
22.750000000000096,925,0,0,0,0,0,0,0,0,0,0
22.800000000000097,982,0,0,0,0,0,0,0,0,0,0
22.850000000000097,985,0,0,0,0,0,0,0,0,0,0
22.900000000000098,953,0,0,0,0,0,0,0,0,0,0
22.9500000000001,944,0,0,0,0,0,0,0,0,0,0
23.0000000000001,918,0,0,0,0,0,0,0,0,0,0
23.0500000000001,985,0,0,0,0,0,0,0,0,0,0
23.1000000000001,981,0,0,0,0,0,0,0,0,0,0
23.1500000000001,957,0,0,0,0,0,0,0,0,0,0
23.200000000000102,994,0,0,0,0,0,0,0,0,0,0
23.250000000000103,1011,0,0,0,0,0,0,0,0,0,0
23.300000000000104,945,0,0,0,0,0,0,0,0,0,0
23.350000000000104,968,0,0,0,0,0,0,0,0,0,0
23.400000000000105,1007,0,0,0,0,0,0,0,0,0,0
23.450000000000106,939,0,0,0,0,0,0,0,0,0,0
23.500000000000107,939,0,0,0,0,0,0,0,0,0,0
23.550000000000107,998,0,0,0,0,0,0,0,0,0,0
23.600000000000108,946,0,0,0,0,0,0,0,0,0,0
23.65000000000011,984,0,0,0,0,0,0,0,0,0,0
23.70000000000011,1016,0,0,0,0,0,0,0,0,0,0
23.75000000000011,970,0,0,0,0,0,0,0,0,0,0
23.80000000000011,984,0,0,0,0,0,0,0,0,0,0
23.85000000000011,949,0,0,0,0,0,0,0,0,0,0
23.900000000000112,1062,0,0,0,0,0,0,0,0,0,0
23.950000000000113,962,0,0,0,0,0,0,0,0,0,0
24.000000000000114,986,0,0,0,0,0,0,0,0,0,0
24.050000000000114,1005,0,0,0,0,0,0,0,0,0,0
24.100000000000115,972,0,0,0,0,0,0,0,0,0,0
24.150000000000116,944,0,0,0,0,0,0,0,0,0,0
24.200000000000117,1020,0,0,0,0,0,0,0,0,0,0
24.250000000000117,971,0,0,0,0,0,0,0,0,0,0
24.300000000000118,960,0,0,0,0,0,0,0,0,0,0
24.35000000000012,961,0,0,0,0,0,0,0,0,0,0
24.40000000000012,1003,0,0,0,0,0,0,0,0,0,0
24.45000000000012,961,0,0,0,0,0,0,0,0,0,0
24.50000000000012,964,0,0,0,0,0,0,0,0,0,0
24.55000000000012,1018,0,0,0,0,0,0,0,0,0,0
24.600000000000122,975,0,0,0,0,0,0,0,0,0,0
24.650000000000123,960,0,0,0,0,0,0,0,0,0,0
24.700000000000124,1010,0,0,0,0,0,0,0,0,0,0
24.750000000000124,927,0,0,0,0,0,0,0,0,0,0
24.800000000000125,984,0,0,0,0,0,0,0,0,0,0
24.850000000000126,971,0,0,0,0,0,0,0,0,0,0
24.900000000000126,1031,0,0,0,0,0,0,0,0,0,0
24.950000000000127,933,0,0,0,0,0,0,0,0,0,0
25.000000000000128,973,0,0,0,0,0,0,0,0,0,0
25.05000000000013,999,0,0,0,0,0,0,0,0,0,0
25.10000000000013,1002,0,0,0,0,0,0,0,0,0,0
25.15000000000013,1013,0,0,0,0,0,0,0,0,0,0
25.20000000000013,921,0,0,0,0,0,0,0,0,0,0
25.25000000000013,1016,0,0,0,0,0,0,0,0,0,0
25.300000000000132,925,0,0,0,0,0,0,0,0,0,0
25.350000000000133,972,0,0,0,0,0,0,0,0,0,0
25.400000000000134,999,0,0,0,0,0,0,0,0,0,0
25.450000000000134,991,0,0,0,0,0,0,0,0,0,0
25.500000000000135,970,0,0,0,0,0,0,0,0,0,0
25.550000000000136,944,0,0,0,0,0,0,0,0,0,0
25.600000000000136,960,0,0,0,0,0,0,0,0,0,0
25.650000000000137,982,0,0,0,0,0,0,0,0,0,0
25.700000000000138,980,0,0,0,0,0,0,0,0,0,0
25.75000000000014,996,0,0,0,0,0,0,0,0,0,0
25.80000000000014,990,0,0,0,0,0,0,0,0,0,0
25.85000000000014,940,0,0,0,0,0,0,0,0,0,0
25.90000000000014,955,0,0,0,0,0,0,0,0,0,0
25.95000000000014,952,0,0,0,0,0,0,0,0,0,0
26.000000000000142,935,0,0,0,0,0,0,0,0,0,0
26.050000000000143,974,0,0,0,0,0,0,0,0,0,0
26.100000000000144,1031,0,0,0,0,0,0,0,0,0,0
26.150000000000144,977,0,0,0,0,0,0,0,0,0,0
26.200000000000145,937,0,0,0,0,0,0,0,0,0,0
26.250000000000146,1032,0,0,0,0,0,0,0,0,0,0
26.300000000000146,989,0,0,0,0,0,0,0,0,0,0
26.350000000000147,981,0,0,0,0,0,0,0,0,0,0
26.400000000000148,962,0,0,0,0,0,0,0,0,0,0
26.45000000000015,955,0,0,0,0,0,0,0,0,0,0
26.50000000000015,964,0,0,0,0,0,0,0,0,0,0
26.55000000000015,988,0,0,0,0,0,0,0,0,0,0
26.60000000000015,970,0,0,0,0,0,0,0,0,0,0
26.65000000000015,983,0,0,0,0,0,0,0,0,0,0
26.700000000000152,991,0,0,0,0,0,0,0,0,0,0
26.750000000000153,1005,0,0,0,0,0,0,0,0,0,0
26.800000000000153,958,0,0,0,0,0,0,0,0,0,0
26.850000000000154,997,0,0,0,0,0,0,0,0,0,0
26.900000000000155,985,0,0,0,0,0,0,0,0,0,0
26.950000000000156,971,0,0,0,0,0,0,0,0,0,0
27.000000000000156,1016,0,0,0,0,0,0,0,0,0,0
27.050000000000157,979,0,0,0,0,0,0,0,0,0,0
27.100000000000158,944,0,0,0,0,0,0,0,0,0,0
27.15000000000016,978,0,0,0,0,0,0,0,0,0,0
27.20000000000016,957,0,0,0,0,0,0,0,0,0,0
27.25000000000016,1008,0,0,0,0,0,0,0,0,0,0
27.30000000000016,972,0,0,0,0,0,0,0,0,0,0
27.35000000000016,967,0,0,0,0,0,0,0,0,0,0
27.400000000000162,923,0,0,0,0,0,0,0,0,0,0
27.450000000000163,997,0,0,0,0,0,0,0,0,0,0
27.500000000000163,965,0,0,0,0,0,0,0,0,0,0
27.550000000000164,962,0,0,0,0,0,0,0,0,0,0
27.600000000000165,1002,0,0,0,0,0,0,0,0,0,0
27.650000000000166,1006,0,0,0,0,0,0,0,0,0,0
27.700000000000166,939,0,0,0,0,0,0,0,0,0,0
27.750000000000167,988,0,0,0,0,0,0,0,0,0,0
27.800000000000168,943,0,0,0,0,0,0,0,0,0,0
27.85000000000017,1019,0,0,0,0,0,0,0,0,0,0
27.90000000000017,962,0,0,0,0,0,0,0,0,0,0
27.95000000000017,994,0,0,0,0,0,0,0,0,0,0
28.00000000000017,1011,0,0,0,0,0,0,0,0,0,0
28.05000000000017,958,0,0,0,0,0,0,0,0,0,0
28.100000000000172,1001,0,0,0,0,0,0,0,0,0,0
28.150000000000173,1014,0,0,0,0,0,0,0,0,0,0
28.200000000000173,1034,0,0,0,0,0,0,0,0,0,0
28.250000000000174,992,0,0,0,0,0,0,0,0,0,0
28.300000000000175,980,0,0,0,0,0,0,0,0,0,0
28.350000000000176,1000,0,0,0,0,0,0,0,0,0,0
28.400000000000176,945,0,0,0,0,0,0,0,0,0,0
28.450000000000177,942,0,0,0,0,0,0,0,0,0,0
28.500000000000178,998,0,0,0,0,0,0,0,0,0,0
28.55000000000018,1011,0,0,0,0,0,0,0,0,0,0
28.60000000000018,962,0,0,0,0,0,0,0,0,0,0
28.65000000000018,1039,0,0,0,0,0,0,0,0,0,0
28.70000000000018,969,0,0,0,0,0,0,0,0,0,0
28.75000000000018,964,0,0,0,0,0,0,0,0,0,0
28.800000000000182,955,0,0,0,0,0,0,0,0,0,0
28.850000000000183,998,0,0,0,0,0,0,0,0,0,0
28.900000000000183,1008,0,0,0,0,0,0,0,0,0,0
28.950000000000184,1009,0,0,0,0,0,0,0,0,0,0
29.000000000000185,925,0,0,0,0,0,0,0,0,0,0
29.050000000000185,987,0,0,0,0,0,0,0,0,0,0
29.100000000000186,986,0,0,0,0,0,0,0,0,0,0
29.150000000000187,946,0,0,0,0,0,0,0,0,0,0
29.200000000000188,958,0,0,0,0,0,0,0,0,0,0
29.25000000000019,968,0,0,0,0,0,0,0,0,0,0
29.30000000000019,949,0,0,0,0,0,0,0,0,0,0
29.35000000000019,995,0,0,0,0,0,0,0,0,0,0
29.40000000000019,961,0,0,0,0,0,0,0,0,0,0
29.45000000000019,956,0,0,0,0,0,0,0,0,0,0
29.500000000000192,946,0,0,0,0,0,0,0,0,0,0
29.550000000000193,1013,0,0,0,0,0,0,0,0,0,0
29.600000000000193,975,0,0,0,0,0,0,0,0,0,0
29.650000000000194,967,0,0,0,0,0,0,0,0,0,0
29.700000000000195,986,0,0,0,0,0,0,0,0,0,0
29.750000000000195,996,0,0,0,0,0,0,0,0,0,0
29.800000000000196,980,0,0,0,0,0,0,0,0,0,0
29.850000000000197,978,0,0,0,0,0,0,0,0,0,0
29.900000000000198,1006,0,0,0,0,0,0,0,0,0,0
29.9500000000002,991,0,0,0,0,0,0,0,0,0,0
30.0000000000002,993,0,0,0,0,0,0,0,0,0,0
30.0500000000002,1000,0,0,0,0,0,0,0,0,0,0
30.1000000000002,978,0,0,0,0,0,0,0,0,0,0
30.1500000000002,1010,0,0,0,0,0,0,0,0,0,0
30.200000000000202,964,0,0,0,0,0,0,0,0,0,0
30.250000000000203,949,0,0,0,0,0,0,0,0,0,0
30.300000000000203,986,0,0,0,0,0,0,0,0,0,0
30.350000000000204,1022,0,0,0,0,0,0,0,0,0,0
30.400000000000205,948,0,0,0,0,0,0,0,0,0,0
30.450000000000205,992,0,0,0,0,0,0,0,0,0,0
30.500000000000206,942,0,0,0,0,0,0,0,0,0,0
30.550000000000207,966,0,0,0,0,0,0,0,0,0,0
30.600000000000207,1009,0,0,0,0,0,0,0,0,0,0
30.650000000000208,947,0,0,0,0,0,0,0,0,0,0
30.70000000000021,972,0,0,0,0,0,0,0,0,0,0
30.75000000000021,983,0,0,0,0,0,0,0,0,0,0
30.80000000000021,1012,0,0,0,0,0,0,0,0,0,0
30.85000000000021,971,0,0,0,0,0,0,0,0,0,0
30.90000000000021,946,0,0,0,0,0,0,0,0,0,0
30.950000000000212,997,0,0,0,0,0,0,0,0,0,0
31.000000000000213,968,0,0,0,0,0,0,0,0,0,0
31.050000000000214,947,0,0,0,0,0,0,0,0,0,0
31.100000000000215,894,0,0,0,0,0,0,0,0,0,0
31.150000000000215,1016,0,0,0,0,0,0,0,0,0,0
31.200000000000216,991,0,0,0,0,0,0,0,0,0,0
31.250000000000217,983,0,0,0,0,0,0,0,0,0,0
31.300000000000217,989,0,0,0,0,0,0,0,0,0,0
31.350000000000218,938,0,0,0,0,0,0,0,0,0,0
31.40000000000022,966,0,0,0,0,0,0,0,0,0,0
31.45000000000022,1013,0,0,0,0,0,0,0,0,0,0
31.50000000000022,978,0,0,0,0,0,0,0,0,0,0
31.55000000000022,1017,0,0,0,0,0,0,0,0,0,0
31.60000000000022,936,0,0,0,0,0,0,0,0,0,0
31.650000000000222,932,0,0,0,0,0,0,0,0,0,0
31.700000000000223,985,0,0,0,0,0,0,0,0,0,0
31.750000000000224,962,0,0,0,0,0,0,0,0,0,0
31.800000000000225,1034,0,0,0,0,0,0,0,0,0,0
31.850000000000225,933,0,0,0,0,0,0,0,0,0,0
31.900000000000226,943,0,0,0,0,0,0,0,0,0,0
31.950000000000227,932,0,0,0,0,0,0,0,0,0,0
32.00000000000023,917,0,0,0,0,0,0,0,0,0,0
32.050000000000225,802,0,0,0,0,0,0,0,0,0,0
32.10000000000022,662,0,0,0,0,0,0,0,0,0,0
32.15000000000022,551,0,0,0,0,0,0,0,0,0,0
32.200000000000216,411,0,0,0,0,0,0,0,0,0,0
32.25000000000021,329,0,0,0,0,0,0,0,0,0,0
32.30000000000021,164,0,0,0,0,0,0,0,0,0,0
32.35000000000021,66,0,0,0,0,0,0,0,0,0,0
32.400000000000205,0,0,0,0,0,0,0,0,0,0,0
32.4500000000002,0,0,0,0,0,0,0,0,0,0,0
32.5000000000002,0,0,0,0,0,0,0,0,0,0,0
32.550000000000196,0,0,0,0,0,0,0,0,0,0,0
32.60000000000019,0,0,0,0,0,0,0,0,0,0,0
32.65000000000019,0,0,0,0,0,0,0,0,0,0,0
32.70000000000019,0,0,0,0,0,0,0,0,0,0,0
32.750000000000185,0,0,0,0,0,0,0,0,0,0,0
32.80000000000018,0,0,0,0,0,0,0,0,0,0,0
32.85000000000018,0,0,0,0,0,0,0,0,0,0,0
32.900000000000176,0,0,0,0,0,0,0,0,0,0,0
32.95000000000017,0,0,0,0,0,0,0,0,0,0,0
33.00000000000017,0,0,0,0,0,0,0,0,0,0,0
33.05000000000017,0,0,0,0,0,0,0,0,0,0,0
33.100000000000165,0,0,0,0,0,0,0,0,0,0,0
33.15000000000016,0,0,0,0,0,0,0,0,0,0,0
33.20000000000016,0,0,0,0,0,0,0,0,0,0,0
33.250000000000156,0,0,0,0,0,0,0,0,0,0,0
33.30000000000015,0,0,0,0,0,0,0,0,0,0,0
33.35000000000015,0,0,0,0,0,0,0,0,0,0,0
33.40000000000015,0,0,0,0,0,0,0,0,0,0,0
33.450000000000145,0,0,0,0,0,0,0,0,0,0,0
33.50000000000014,0,0,0,0,0,0,0,0,0,0,0
33.55000000000014,0,0,0,0,0,0,0,0,0,0,0
33.600000000000136,0,0,0,0,0,0,0,0,0,0,0
33.650000000000134,0,0,0,0,0,0,0,0,0,0,0
33.70000000000013,0,0,0,0,0,0,0,0,0,0,0
33.75000000000013,0,0,0,0,0,0,0,0,0,0,0
33.800000000000125,0,0,0,0,0,0,0,0,0,0,0
33.85000000000012,0,0,0,0,0,0,0,0,0,0,0
33.90000000000012,0,0,0,0,0,0,0,0,0,0,0
33.95000000000012,0,0,0,0,0,0,0,0,0,0,0
34.000000000000114,0,0,0,0,0,0,0,0,0,0,0
34.05000000000011,0,0,0,0,0,0,0,0,0,0,0
34.10000000000011,0,0,0,0,0,0,0,0,0,0,0
34.150000000000105,0,0,0,0,0,0,0,0,0,0,0
34.2000000000001,0,0,0,0,0,0,0,0,0,0,0
34.2500000000001,0,0,0,0,0,0,0,0,0,0,0
34.3000000000001,0,0,0,0,0,0,0,0,0,0,0
34.350000000000094,0,0,0,0,0,0,0,0,0,0,0
34.40000000000009,0,0,0,0,0,0,0,0,0,0,0
34.45000000000009,0,0,0,0,0,0,0,0,0,0,0
34.500000000000085,0,0,0,0,0,0,0,0,0,0,0
34.55000000000008,0,0,0,0,0,0,0,0,0,0,0
34.60000000000008,0,0,0,0,0,0,0,0,0,0,0
34.65000000000008,0,0,0,0,0,0,0,0,0,0,0
34.700000000000074,0,0,0,0,0,0,0,0,0,0,0
34.75000000000007,0,0,0,0,0,0,0,0,0,0,0
34.80000000000007,0,0,0,0,0,0,0,0,0,0,0
34.850000000000065,0,0,0,0,0,0,0,0,0,0,0
34.90000000000006,0,0,0,0,0,0,0,0,0,0,0
34.95000000000006,0,0,0,0,0,0,0,0,0,0,0
35.00000000000006,0,0,0,0,0,0,0,0,0,0,0
35.050000000000054,0,0,0,0,0,0,0,0,0,0,0
35.10000000000005,0,0,0,0,0,0,0,0,0,0,0
35.15000000000005,0,0,0,0,0,0,0,0,0,0,0
35.200000000000045,0,0,0,0,0,0,0,0,0,0,0
35.25000000000004,0,0,0,0,0,0,0,0,0,0,0
35.30000000000004,0,0,0,0,0,0,0,0,0,0,0
35.35000000000004,0,0,0,0,0,0,0,0,0,0,0
35.400000000000034,0,0,0,0,0,0,0,0,0,0,0
35.45000000000003,0,0,0,0,0,0,0,0,0,0,0
35.50000000000003,0,0,0,0,0,0,0,0,0,0,0
35.550000000000026,0,0,0,0,0,0,0,0,0,0,0
35.60000000000002,0,0,0,0,0,0,0,0,0,0,0
35.65000000000002,0,0,0,0,0,0,0,0,0,0,0
35.70000000000002,0,0,0,0,0,0,0,0,0,0,0
35.750000000000014,0,0,0,0,0,0,0,0,0,0,0
35.80000000000001,0,0,0,0,0,0,0,0,0,0,0
35.85000000000001,0,0,0,0,0,0,0,0,0,0,0
35.900000000000006,0,0,0,0,0,0,0,0,0,0,0
35.95,0,0,0,0,0,0,0,0,0,0,0
36.0,0,0,0,0,0,0,0,0,0,0,0
36.05,0,0,0,0,0,0,0,0,0,0,0
36.099999999999994,0,0,0,0,0,0,0,0,0,0,0
36.14999999999999,0,0,0,0,0,0,0,0,0,0,0
36.19999999999999,0,0,0,0,0,0,0,0,0,0,0
36.249999999999986,0,0,0,0,0,0,0,0,0,0,0
36.29999999999998,0,0,0,0,0,0,0,0,0,0,0
36.34999999999998,0,0,0,0,0,0,0,0,0,0,0
36.39999999999998,0,0,0,0,0,0,0,0,0,0,0
36.449999999999974,0,0,0,0,0,0,0,0,0,0,0
36.49999999999997,0,0,0,0,0,0,0,0,0,0,0
36.54999999999997,0,0,0,0,0,0,0,0,0,0,0
36.599999999999966,0,0,0,0,0,0,0,0,0,0,0
36.64999999999996,0,0,0,0,0,0,0,0,0,0,0
36.69999999999996,0,0,0,0,0,0,0,0,0,0,0
36.74999999999996,0,0,0,0,0,0,0,0,0,0,0
36.799999999999955,0,0,0,0,0,0,0,0,0,0,0
36.84999999999995,0,0,0,0,0,0,0,0,0,0,0
36.89999999999995,0,0,0,0,0,0,0,0,0,0,0
36.949999999999946,0,0,0,0,0,0,0,0,0,0,0
36.99999999999994,0,0,0,0,0,0,0,0,0,0,0
37.04999999999994,0,0,0,0,0,0,0,0,0,0,0
37.09999999999994,0,0,0,0,0,0,0,0,0,0,0
37.149999999999935,0,0,0,0,0,0,0,0,0,0,0
37.19999999999993,0,0,0,0,0,0,0,0,0,0,0
37.24999999999993,0,0,0,0,0,0,0,0,0,0,0
37.299999999999926,0,0,0,0,0,0,0,0,0,0,0
37.34999999999992,0,0,0,0,0,0,0,0,0,0,0
37.39999999999992,0,0,0,0,0,0,0,0,0,0,0
37.44999999999992,0,0,0,0,0,0,0,0,0,0,0
37.499999999999915,0,0,0,0,0,0,0,0,0,0,0
37.54999999999991,0,0,0,0,0,0,0,0,0,0,0
37.59999999999991,0,0,0,0,0,0,0,0,0,0,0
37.649999999999906,0,0,0,0,0,0,0,0,0,0,0
37.6999999999999,0,0,0,0,0,0,0,0,0,0,0
37.7499999999999,0,0,0,0,0,0,0,0,0,0,0
37.7999999999999,0,0,0,0,0,0,0,0,0,0,0
37.849999999999895,0,0,0,0,0,0,0,0,0,0,0
37.89999999999989,0,0,0,0,0,0,0,0,0,0,0
37.94999999999989,0,0,0,0,0,0,0,0,0,0,0
37.999999999999886,0,0,0,0,0,0,0,0,0,0,0
38.04999999999988,0,0,0,0,0,0,0,0,0,0,0
38.09999999999988,0,0,0,0,0,0,0,0,0,0,0
38.14999999999988,0,0,0,0,0,0,0,0,0,0,0
38.199999999999875,0,0,0,0,0,0,0,0,0,0,0
38.24999999999987,0,0,0,0,0,0,0,0,0,0,0
38.29999999999987,0,0,0,0,0,0,0,0,0,0,0
38.349999999999866,0,0,0,0,0,0,0,0,0,0,0
38.399999999999864,0,0,0,0,0,0,0,0,0,0,0
38.44999999999986,0,0,0,0,0,0,0,0,0,0,0
38.49999999999986,0,0,0,0,0,0,0,0,0,0,0
38.549999999999855,0,0,0,0,0,0,0,0,0,0,0
38.59999999999985,0,0,0,0,0,0,0,0,0,0,0
38.64999999999985,0,0,0,0,0,0,0,0,0,0,0
38.69999999999985,0,0,0,0,0,0,0,0,0,0,0
38.749999999999844,0,0,0,0,0,0,0,0,0,0,0
38.79999999999984,0,0,0,0,0,0,0,0,0,0,0
38.84999999999984,0,0,0,0,0,0,0,0,0,0,0
38.899999999999835,0,0,0,0,0,0,0,0,0,0,0
38.94999999999983,0,0,0,0,0,0,0,0,0,0,0
38.99999999999983,0,0,0,0,0,0,0,0,0,0,0
39.04999999999983,0,0,0,0,0,0,0,0,0,0,0
39.099999999999824,0,0,0,0,0,0,0,0,0,0,0
39.14999999999982,0,0,0,0,0,0,0,0,0,0,0
39.19999999999982,0,0,0,0,0,0,0,0,0,0,0
39.249999999999815,0,0,0,0,0,0,0,0,0,0,0
39.29999999999981,0,0,0,0,0,0,0,0,0,0,0
39.34999999999981,0,0,0,0,0,0,0,0,0,0,0
39.39999999999981,0,0,0,0,0,0,0,0,0,0,0
39.449999999999804,0,0,0,0,0,0,0,0,0,0,0
39.4999999999998,0,0,0,0,0,0,0,0,0,0,0
39.5499999999998,0,0,0,0,0,0,0,0,0,0,0
39.599999999999795,0,0,0,0,0,0,0,0,0,0,0
39.64999999999979,0,0,0,0,0,0,0,0,0,0,0
39.69999999999979,0,0,0,0,0,0,0,0,0,0,0
39.74999999999979,0,0,0,0,0,0,0,0,0,0,0
39.799999999999784,0,0,0,0,0,0,0,0,0,0,0
39.84999999999978,0,0,0,0,0,0,0,0,0,0,0
39.89999999999978,0,0,0,0,0,0,0,0,0,0,0
39.949999999999775,0,0,0,0,0,0,0,0,0,0,0
39.99999999999977,0,0,0,0,0,0,0,0,0,0,0
40.04999999999977,0,0,0,0,0,0,0,0,0,0,0
40.09999999999977,0,0,0,0,0,0,0,0,0,0,0
40.149999999999764,0,0,0,0,0,0,0,0,0,0,0
40.19999999999976,0,0,0,0,0,0,0,0,0,0,0
40.24999999999976,0,0,0,0,0,0,0,0,0,0,0
40.299999999999756,0,0,0,0,0,0,0,0,0,0,0
40.34999999999975,0,0,0,0,0,0,0,0,0,0,0
40.39999999999975,0,0,0,0,0,0,0,0,0,0,0
40.44999999999975,0,0,0,0,0,0,0,0,0,0,0
40.499999999999744,0,0,0,0,0,0,0,0,0,0,0
40.54999999999974,0,0,0,0,0,0,0,0,0,0,0
40.59999999999974,0,0,0,0,0,0,0,0,0,0,0
40.649999999999736,0,0,0,0,0,0,0,0,0,0,0
40.69999999999973,0,0,0,0,0,0,0,0,0,0,0
40.74999999999973,0,0,0,0,0,0,0,0,0,0,0
40.79999999999973,0,0,0,0,0,0,0,0,0,0,0
40.849999999999724,0,0,0,0,0,0,0,0,0,0,0
40.89999999999972,0,0,0,0,0,0,0,0,0,0,0
40.94999999999972,0,0,0,0,0,0,0,0,0,0,0
40.999999999999716,0,0,0,0,0,0,0,0,0,0,0
41.04999999999971,0,0,0,0,0,0,0,0,0,0,0
41.09999999999971,0,0,0,0,0,0,0,0,0,0,0
41.14999999999971,0,0,0,0,0,0,0,0,0,0,0
41.199999999999704,0,0,0,0,0,0,0,0,0,0,0
41.2499999999997,0,0,0,0,0,0,0,0,0,0,0
41.2999999999997,0,0,0,0,0,0,0,0,0,0,0
41.349999999999696,0,0,0,0,0,0,0,0,0,0,0
41.39999999999969,0,0,0,0,0,0,0,0,0,0,0
41.44999999999969,0,0,0,0,0,0,0,0,0,0,0
41.49999999999969,0,0,0,0,0,0,0,0,0,0,0
41.549999999999685,0,0,0,0,0,0,0,0,0,0,0
*****
16,0.05,1000,0.3,0.7,10,100,0.261843996326,0.0853672733114
16,1000,1000,1000,997,1000,0,0,0,0,0,0
16.05,1019,1019,1019,1018,1019,0,0,0,0,0,0
16.1,1078,1078,1078,1074,1078,0,0,0,0,0,0
16.150000000000002,1006,1006,1006,1003,1006,0,0,0,0,0,0
16.200000000000003,987,987,987,983,987,0,0,0,0,0,0
16.250000000000004,1015,1015,1015,1011,1015,0,0,0,0,0,0
16.300000000000004,1024,1024,1024,1021,1024,0,0,0,0,0,0
16.350000000000005,1073,1073,1073,1072,1073,0,0,0,0,0,0
16.400000000000006,1042,1042,1042,1040,1042,0,0,0,0,0,0
16.450000000000006,998,998,998,992,998,0,0,0,0,0,0
16.500000000000007,1015,1015,1015,1008,1015,0,0,0,0,0,0
16.550000000000008,1051,1051,1051,1044,1051,0,0,0,0,0,0
16.60000000000001,1018,1018,1018,1014,1018,0,0,0,0,0,0
16.65000000000001,1052,1052,1052,1046,1052,0,0,0,0,0,0
16.70000000000001,988,988,988,984,988,0,0,0,0,0,0
16.75000000000001,1046,1046,1046,1034,1046,0,0,0,0,0,0
16.80000000000001,965,965,965,951,965,0,0,0,0,0,0
16.850000000000012,1051,1051,1051,1043,1051,0,0,0,0,0,0
16.900000000000013,1030,1030,1030,1013,1030,0,0,0,0,0,0
16.950000000000014,1033,1033,1033,1018,1033,0,0,0,0,0,0
17.000000000000014,1077,1076,1076,1059,1076,0,0,0,0,0,0
17.050000000000015,965,965,965,950,965,0,0,0,0,0,0
17.100000000000016,1043,1041,1042,1016,1043,0,0,0,0,0,0
17.150000000000016,983,983,983,966,983,0,0,0,0,0,0
17.200000000000017,1040,1040,1038,1016,1040,0,0,0,0,0,0
17.250000000000018,1047,1047,1047,1023,1047,0,0,0,0,0,0
17.30000000000002,1036,1036,1035,1003,1036,0,0,0,0,0,0
17.35000000000002,997,994,995,969,995,0,0,0,0,0,0
17.40000000000002,1063,1063,1059,1029,1063,0,0,0,0,0,0
17.45000000000002,1036,1034,1034,1000,1036,0,0,0,0,0,0
17.50000000000002,1000,993,995,973,998,0,0,0,0,0,0
17.550000000000022,1019,1009,1008,987,1014,0,0,0,0,0,0
17.600000000000023,1057,1053,1048,1021,1053,0,0,0,0,0,0
17.650000000000023,1053,1039,1043,1007,1047,0,0,0,0,0,0
17.700000000000024,1021,1006,1004,981,1015,0,0,0,0,0,0
17.750000000000025,1019,1007,1005,978,1014,0,0,0,0,0,0
17.800000000000026,1013,995,994,955,1004,0,0,0,0,0,0
17.850000000000026,1021,998,1002,964,1010,0,0,0,0,0,0
17.900000000000027,1039,1015,1015,984,1026,0,0,0,0,0,0
17.950000000000028,1004,975,977,950,985,0,0,0,0,0,0
18.00000000000003,1063,1020,1022,1002,1043,0,0,0,0,0,0
18.05000000000003,1031,986,988,953,1006,0,0,0,0,0,0
18.10000000000003,964,927,933,909,945,0,0,0,0,0,0
18.15000000000003,1049,979,1001,972,1019,0,0,0,0,0,0
18.20000000000003,1067,998,996,985,1033,0,0,0,0,0,0
18.250000000000032,1005,937,939,924,963,0,0,0,0,0,0
18.300000000000033,1034,945,956,941,985,0,0,0,0,0,0
18.350000000000033,1069,956,966,948,997,0,0,0,0,0,0
18.400000000000034,1031,920,914,932,964,0,0,0,0,0,0
18.450000000000035,978,854,863,886,899,0,0,0,0,0,0
18.500000000000036,1025,894,894,907,934,0,0,0,0,0,0
18.550000000000036,1072,911,923,940,968,0,0,0,0,0,0
18.600000000000037,1020,845,869,875,903,0,0,0,0,0,0
18.650000000000038,987,805,801,846,859,0,0,0,0,0,0
18.70000000000004,980,788,801,823,840,0,0,0,0,0,0
18.75000000000004,1030,785,809,849,862,0,0,0,0,0,0
18.80000000000004,1071,806,818,888,877,0,0,0,0,0,0
18.85000000000004,1033,755,769,848,834,0,0,0,0,0,0
18.90000000000004,1057,756,766,860,826,0,0,0,0,0,0
18.950000000000042,1045,715,754,834,813,0,0,0,0,0,0
19.000000000000043,1085,708,747,847,814,0,0,0,0,0,0
19.050000000000043,947,602,622,712,678,0,0,0,0,0,0
19.100000000000044,1016,620,639,755,712,0,0,0,0,0,0
19.150000000000045,1075,624,636,771,708,0,0,0,0,0,0
19.200000000000045,1011,569,597,711,664,0,0,0,0,0,0
19.250000000000046,1001,482,522,684,590,0,0,0,0,0,0
19.300000000000047,988,500,511,677,577,0,0,0,0,0,0
19.350000000000048,1059,511,551,669,605,0,0,0,0,0,0
19.40000000000005,1052,474,510,669,578,0,0,0,0,0,0
19.45000000000005,1049,465,487,639,543,0,0,0,0,0,0
19.50000000000005,1031,397,423,595,494,0,0,0,0,0,0
19.55000000000005,1044,394,412,594,477,0,0,0,0,0,0
19.60000000000005,1011,348,387,542,453,0,0,0,0,0,0
19.650000000000052,1046,353,368,519,432,0,0,0,0,0,0
19.700000000000053,999,336,352,485,397,0,0,0,0,0,0
19.750000000000053,1035,250,272,452,319,0,0,0,0,0,0
19.800000000000054,1031,237,260,425,308,0,0,0,0,0,0
19.850000000000055,985,201,216,391,275,0,0,0,0,0,0
19.900000000000055,1061,208,251,378,285,0,0,0,0,0,0
19.950000000000056,1063,200,214,371,258,0,0,0,0,0,0
20.000000000000057,1011,162,178,318,214,0,0,0,0,0,0
20.050000000000058,1002,165,174,315,216,0,0,0,0,0,0
20.10000000000006,1063,187,208,307,236,0,0,0,0,0,0
20.15000000000006,1047,142,161,267,193,0,0,0,0,0,0
20.20000000000006,1005,121,134,217,168,0,0,0,0,0,0
20.25000000000006,987,90,106,209,132,0,0,0,0,0,0
20.30000000000006,986,97,112,180,136,0,0,0,0,0,0
20.350000000000062,1055,80,95,187,117,0,0,0,0,0,0
20.400000000000063,1018,68,72,155,92,0,0,0,0,0,0
20.450000000000063,1024,56,68,145,80,0,0,0,0,0,0
20.500000000000064,1080,60,62,143,89,0,0,0,0,0,0
20.550000000000065,1018,45,41,91,56,0,0,0,0,0,0
20.600000000000065,1017,49,54,116,64,0,0,0,0,0,0
20.650000000000066,1007,40,45,77,56,0,0,0,0,0,0
20.700000000000067,1052,42,42,101,57,0,0,0,0,0,0
20.750000000000068,1019,19,22,63,29,0,0,0,0,0,0
20.800000000000068,958,26,27,59,32,0,0,0,0,0,0
20.85000000000007,1042,20,23,49,28,0,0,0,0,0,0
20.90000000000007,1053,16,22,45,25,0,0,0,0,0,0
20.95000000000007,988,9,8,31,12,0,0,0,0,0,0
21.00000000000007,1090,15,17,30,22,0,0,0,0,0,0
21.05000000000007,1046,5,8,20,10,0,0,0,0,0,0
21.100000000000072,1001,6,3,17,9,0,0,0,0,0,0
21.150000000000073,1052,5,11,21,12,0,0,0,0,0,0
21.200000000000074,1033,12,12,24,15,0,0,0,0,0,0
21.250000000000075,1026,6,7,12,8,0,0,0,0,0,0
21.300000000000075,1020,4,3,8,5,0,0,0,0,0,0
21.350000000000076,1032,3,4,10,4,0,0,0,0,0,0
21.400000000000077,994,4,3,9,5,0,0,0,0,0,0
21.450000000000077,1033,1,1,5,1,0,0,0,0,0,0
21.500000000000078,1045,1,0,3,1,0,0,0,0,0,0
21.55000000000008,1048,1,1,4,1,0,0,0,0,0,0
21.60000000000008,1059,0,0,1,0,0,0,0,0,0,0
21.65000000000008,1007,1,1,3,1,0,0,0,0,0,0
21.70000000000008,1013,0,0,0,0,0,0,0,0,0,0
21.75000000000008,1035,3,3,3,3,0,0,0,0,0,0
21.800000000000082,1023,1,1,0,1,0,0,0,0,0,0
21.850000000000083,1026,0,0,0,0,0,0,0,0,0,0
21.900000000000084,996,0,0,1,0,0,0,0,0,0,0
21.950000000000085,1037,1,1,2,1,0,0,0,0,0,0
22.000000000000085,1001,0,0,0,0,0,0,0,0,0,0
22.050000000000086,1088,0,0,0,0,0,0,0,0,0,0
22.100000000000087,1059,0,0,0,0,0,0,0,0,0,0
22.150000000000087,1022,0,0,0,0,0,0,0,0,0,0
22.200000000000088,1022,0,0,0,0,0,0,0,0,0,0
22.25000000000009,1031,0,0,0,0,0,0,0,0,0,0
22.30000000000009,1004,0,0,0,0,0,0,0,0,0,0
22.35000000000009,967,0,0,0,0,0,0,0,0,0,0
22.40000000000009,994,0,0,0,0,0,0,0,0,0,0
22.45000000000009,1061,0,0,0,0,0,0,0,0,0,0
22.500000000000092,1040,0,0,0,0,0,0,0,0,0,0
22.550000000000093,1061,0,0,0,0,0,0,0,0,0,0
22.600000000000094,1015,0,0,0,0,0,0,0,0,0,0
22.650000000000095,1009,0,0,0,0,0,0,0,0,0,0
22.700000000000095,1086,0,0,0,0,0,0,0,0,0,0
22.750000000000096,1003,0,0,0,0,0,0,0,0,0,0
22.800000000000097,1027,0,0,0,0,0,0,0,0,0,0
22.850000000000097,1083,0,0,0,0,0,0,0,0,0,0
22.900000000000098,999,0,0,0,0,0,0,0,0,0,0
22.9500000000001,1031,0,0,0,0,0,0,0,0,0,0
23.0000000000001,1009,0,0,0,0,0,0,0,0,0,0
23.0500000000001,1019,0,0,0,0,0,0,0,0,0,0
23.1000000000001,989,0,0,0,0,0,0,0,0,0,0
23.1500000000001,1022,0,0,0,0,0,0,0,0,0,0
23.200000000000102,1009,0,0,0,0,0,0,0,0,0,0
23.250000000000103,1058,0,0,0,0,0,0,0,0,0,0
23.300000000000104,1084,0,0,0,0,0,0,0,0,0,0
23.350000000000104,1014,0,0,0,0,0,0,0,0,0,0
23.400000000000105,1000,0,0,0,0,0,0,0,0,0,0
23.450000000000106,1018,0,0,0,0,0,0,0,0,0,0
23.500000000000107,1008,0,0,0,0,0,0,0,0,0,0
23.550000000000107,1071,0,0,0,0,0,0,0,0,0,0
23.600000000000108,1030,0,0,0,0,0,0,0,0,0,0
23.65000000000011,993,0,0,0,0,0,0,0,0,0,0
23.70000000000011,990,0,0,0,0,0,0,0,0,0,0
23.75000000000011,1051,0,0,0,0,0,0,0,0,0,0
23.80000000000011,1000,0,0,0,0,0,0,0,0,0,0
23.85000000000011,1031,0,0,0,0,0,0,0,0,0,0
23.900000000000112,1092,0,0,0,0,0,0,0,0,0,0
23.950000000000113,990,0,0,0,0,0,0,0,0,0,0
24.000000000000114,1035,0,0,0,0,0,0,0,0,0,0
24.050000000000114,1059,0,0,0,0,0,0,0,0,0,0
24.100000000000115,1062,0,0,0,0,0,0,0,0,0,0
24.150000000000116,1002,0,0,0,0,0,0,0,0,0,0
24.200000000000117,976,0,0,0,0,0,0,0,0,0,0
24.250000000000117,1007,0,0,0,0,0,0,0,0,0,0
24.300000000000118,1075,0,0,0,0,0,0,0,0,0,0
24.35000000000012,1009,0,0,0,0,0,0,0,0,0,0
24.40000000000012,1064,0,0,0,0,0,0,0,0,0,0
24.45000000000012,979,0,0,0,0,0,0,0,0,0,0
24.50000000000012,1074,0,0,0,0,0,0,0,0,0,0
24.55000000000012,985,0,0,0,0,0,0,0,0,0,0
24.600000000000122,1028,0,0,0,0,0,0,0,0,0,0
24.650000000000123,1021,0,0,0,0,0,0,0,0,0,0
24.700000000000124,1061,0,0,0,0,0,0,0,0,0,0
24.750000000000124,1046,0,0,0,0,0,0,0,0,0,0
24.800000000000125,960,0,0,0,0,0,0,0,0,0,0
24.850000000000126,1039,0,0,0,0,0,0,0,0,0,0
24.900000000000126,1040,0,0,0,0,0,0,0,0,0,0
24.950000000000127,1083,0,0,0,0,0,0,0,0,0,0
25.000000000000128,1033,0,0,0,0,0,0,0,0,0,0
25.05000000000013,1001,0,0,0,0,0,0,0,0,0,0
25.10000000000013,1034,0,0,0,0,0,0,0,0,0,0
25.15000000000013,1047,0,0,0,0,0,0,0,0,0,0
25.20000000000013,1001,0,0,0,0,0,0,0,0,0,0
25.25000000000013,1020,0,0,0,0,0,0,0,0,0,0
25.300000000000132,1046,0,0,0,0,0,0,0,0,0,0
25.350000000000133,1023,0,0,0,0,0,0,0,0,0,0
25.400000000000134,1054,0,0,0,0,0,0,0,0,0,0
25.450000000000134,1007,0,0,0,0,0,0,0,0,0,0
25.500000000000135,1003,0,0,0,0,0,0,0,0,0,0
25.550000000000136,1033,0,0,0,0,0,0,0,0,0,0
25.600000000000136,1012,0,0,0,0,0,0,0,0,0,0
25.650000000000137,1019,0,0,0,0,0,0,0,0,0,0
25.700000000000138,1046,0,0,0,0,0,0,0,0,0,0
25.75000000000014,1055,0,0,0,0,0,0,0,0,0,0
25.80000000000014,1082,0,0,0,0,0,0,0,0,0,0
25.85000000000014,1003,0,0,0,0,0,0,0,0,0,0
25.90000000000014,1056,0,0,0,0,0,0,0,0,0,0
25.95000000000014,1005,0,0,0,0,0,0,0,0,0,0
26.000000000000142,1004,0,0,0,0,0,0,0,0,0,0
26.050000000000143,1058,0,0,0,0,0,0,0,0,0,0
26.100000000000144,1013,0,0,0,0,0,0,0,0,0,0
26.150000000000144,996,0,0,0,0,0,0,0,0,0,0
26.200000000000145,1038,0,0,0,0,0,0,0,0,0,0
26.250000000000146,1073,0,0,0,0,0,0,0,0,0,0
26.300000000000146,984,0,0,0,0,0,0,0,0,0,0
26.350000000000147,1001,0,0,0,0,0,0,0,0,0,0
26.400000000000148,1012,0,0,0,0,0,0,0,0,0,0
26.45000000000015,1025,0,0,0,0,0,0,0,0,0,0
26.50000000000015,1033,0,0,0,0,0,0,0,0,0,0
26.55000000000015,1037,0,0,0,0,0,0,0,0,0,0
26.60000000000015,1040,0,0,0,0,0,0,0,0,0,0
26.65000000000015,1047,0,0,0,0,0,0,0,0,0,0
26.700000000000152,1022,0,0,0,0,0,0,0,0,0,0
26.750000000000153,1006,0,0,0,0,0,0,0,0,0,0
26.800000000000153,1062,0,0,0,0,0,0,0,0,0,0
26.850000000000154,1018,0,0,0,0,0,0,0,0,0,0
26.900000000000155,931,0,0,0,0,0,0,0,0,0,0
26.950000000000156,1062,0,0,0,0,0,0,0,0,0,0
27.000000000000156,988,0,0,0,0,0,0,0,0,0,0
27.050000000000157,1013,0,0,0,0,0,0,0,0,0,0
27.100000000000158,1065,0,0,0,0,0,0,0,0,0,0
27.15000000000016,1048,0,0,0,0,0,0,0,0,0,0
27.20000000000016,1089,0,0,0,0,0,0,0,0,0,0
27.25000000000016,1067,0,0,0,0,0,0,0,0,0,0
27.30000000000016,997,0,0,0,0,0,0,0,0,0,0
27.35000000000016,1033,0,0,0,0,0,0,0,0,0,0
27.400000000000162,962,0,0,0,0,0,0,0,0,0,0
27.450000000000163,993,0,0,0,0,0,0,0,0,0,0
27.500000000000163,1042,0,0,0,0,0,0,0,0,0,0
27.550000000000164,977,0,0,0,0,0,0,0,0,0,0
27.600000000000165,1059,0,0,0,0,0,0,0,0,0,0
27.650000000000166,1060,0,0,0,0,0,0,0,0,0,0
27.700000000000166,1035,0,0,0,0,0,0,0,0,0,0
27.750000000000167,1051,0,0,0,0,0,0,0,0,0,0
27.800000000000168,1038,0,0,0,0,0,0,0,0,0,0
27.85000000000017,1078,0,0,0,0,0,0,0,0,0,0
27.90000000000017,1015,0,0,0,0,0,0,0,0,0,0
27.95000000000017,989,0,0,0,0,0,0,0,0,0,0
28.00000000000017,1014,0,0,0,0,0,0,0,0,0,0
28.05000000000017,1005,0,0,0,0,0,0,0,0,0,0
28.100000000000172,1040,0,0,0,0,0,0,0,0,0,0
28.150000000000173,989,0,0,0,0,0,0,0,0,0,0
28.200000000000173,1023,0,0,0,0,0,0,0,0,0,0
28.250000000000174,1081,0,0,0,0,0,0,0,0,0,0
28.300000000000175,1091,0,0,0,0,0,0,0,0,0,0
28.350000000000176,1012,0,0,0,0,0,0,0,0,0,0
28.400000000000176,1035,0,0,0,0,0,0,0,0,0,0
28.450000000000177,1019,0,0,0,0,0,0,0,0,0,0
28.500000000000178,986,0,0,0,0,0,0,0,0,0,0
28.55000000000018,1010,0,0,0,0,0,0,0,0,0,0
28.60000000000018,1069,0,0,0,0,0,0,0,0,0,0
28.65000000000018,970,0,0,0,0,0,0,0,0,0,0
28.70000000000018,1087,0,0,0,0,0,0,0,0,0,0
28.75000000000018,1031,0,0,0,0,0,0,0,0,0,0
28.800000000000182,1019,0,0,0,0,0,0,0,0,0,0
28.850000000000183,1019,0,0,0,0,0,0,0,0,0,0
28.900000000000183,1042,0,0,0,0,0,0,0,0,0,0
28.950000000000184,985,0,0,0,0,0,0,0,0,0,0
29.000000000000185,1019,0,0,0,0,0,0,0,0,0,0
29.050000000000185,1048,0,0,0,0,0,0,0,0,0,0
29.100000000000186,1026,0,0,0,0,0,0,0,0,0,0
29.150000000000187,1021,0,0,0,0,0,0,0,0,0,0
29.200000000000188,1058,0,0,0,0,0,0,0,0,0,0
29.25000000000019,1030,0,0,0,0,0,0,0,0,0,0
29.30000000000019,1022,0,0,0,0,0,0,0,0,0,0
29.35000000000019,1040,0,0,0,0,0,0,0,0,0,0
29.40000000000019,997,0,0,0,0,0,0,0,0,0,0
29.45000000000019,1066,0,0,0,0,0,0,0,0,0,0
29.500000000000192,1002,0,0,0,0,0,0,0,0,0,0
29.550000000000193,976,0,0,0,0,0,0,0,0,0,0
29.600000000000193,1082,0,0,0,0,0,0,0,0,0,0
29.650000000000194,1073,0,0,0,0,0,0,0,0,0,0
29.700000000000195,990,0,0,0,0,0,0,0,0,0,0
29.750000000000195,1052,0,0,0,0,0,0,0,0,0,0
29.800000000000196,1011,0,0,0,0,0,0,0,0,0,0
29.850000000000197,998,0,0,0,0,0,0,0,0,0,0
29.900000000000198,1035,0,0,0,0,0,0,0,0,0,0
29.9500000000002,956,0,0,0,0,0,0,0,0,0,0
30.0000000000002,1031,0,0,0,0,0,0,0,0,0,0
30.0500000000002,999,0,0,0,0,0,0,0,0,0,0
30.1000000000002,1064,0,0,0,0,0,0,0,0,0,0
30.1500000000002,1077,0,0,0,0,0,0,0,0,0,0
30.200000000000202,991,0,0,0,0,0,0,0,0,0,0
30.250000000000203,1047,0,0,0,0,0,0,0,0,0,0
30.300000000000203,1014,0,0,0,0,0,0,0,0,0,0
30.350000000000204,1016,0,0,0,0,0,0,0,0,0,0
30.400000000000205,1085,0,0,0,0,0,0,0,0,0,0
30.450000000000205,1015,0,0,0,0,0,0,0,0,0,0
30.500000000000206,1042,0,0,0,0,0,0,0,0,0,0
30.550000000000207,1008,0,0,0,0,0,0,0,0,0,0
30.600000000000207,971,0,0,0,0,0,0,0,0,0,0
30.650000000000208,997,0,0,0,0,0,0,0,0,0,0
30.70000000000021,1064,0,0,0,0,0,0,0,0,0,0
30.75000000000021,1034,0,0,0,0,0,0,0,0,0,0
30.80000000000021,1116,0,0,0,0,0,0,0,0,0,0
30.85000000000021,1010,0,0,0,0,0,0,0,0,0,0
30.90000000000021,1005,0,0,0,0,0,0,0,0,0,0
30.950000000000212,1051,0,0,0,0,0,0,0,0,0,0
31.000000000000213,959,0,0,0,0,0,0,0,0,0,0
31.050000000000214,1024,0,0,0,0,0,0,0,0,0,0
31.100000000000215,1026,0,0,0,0,0,0,0,0,0,0
31.150000000000215,1032,0,0,0,0,0,0,0,0,0,0
31.200000000000216,1033,0,0,0,0,0,0,0,0,0,0
31.250000000000217,1045,0,0,0,0,0,0,0,0,0,0
31.300000000000217,932,0,0,0,0,0,0,0,0,0,0
31.350000000000218,1033,0,0,0,0,0,0,0,0,0,0
31.40000000000022,1066,0,0,0,0,0,0,0,0,0,0
31.45000000000022,1013,0,0,0,0,0,0,0,0,0,0
31.50000000000022,1014,0,0,0,0,0,0,0,0,0,0
31.55000000000022,1038,0,0,0,0,0,0,0,0,0,0
31.60000000000022,1053,0,0,0,0,0,0,0,0,0,0
31.650000000000222,1029,0,0,0,0,0,0,0,0,0,0
31.700000000000223,1095,0,0,0,0,0,0,0,0,0,0
31.750000000000224,970,0,0,0,0,0,0,0,0,0,0
31.800000000000225,1040,0,0,0,0,0,0,0,0,0,0
31.850000000000225,1064,0,0,0,0,0,0,0,0,0,0
31.900000000000226,1017,0,0,0,0,0,0,0,0,0,0
31.950000000000227,995,0,0,0,0,0,0,0,0,0,0
32.00000000000023,991,0,0,0,0,0,0,0,0,0,0
32.050000000000225,1055,0,0,0,0,0,0,0,0,0,0
32.10000000000022,1015,0,0,0,0,0,0,0,0,0,0
32.15000000000022,1052,0,0,0,0,0,0,0,0,0,0
32.200000000000216,1014,0,0,0,0,0,0,0,0,0,0
32.25000000000021,1052,0,0,0,0,0,0,0,0,0,0
32.30000000000021,972,0,0,0,0,0,0,0,0,0,0
32.35000000000021,840,0,0,0,0,0,0,0,0,0,0
32.400000000000205,676,0,0,0,0,0,0,0,0,0,0
32.4500000000002,582,0,0,0,0,0,0,0,0,0,0
32.5000000000002,437,0,0,0,0,0,0,0,0,0,0
32.550000000000196,326,0,0,0,0,0,0,0,0,0,0
32.60000000000019,199,0,0,0,0,0,0,0,0,0,0
32.65000000000019,58,0,0,0,0,0,0,0,0,0,0
32.70000000000019,0,0,0,0,0,0,0,0,0,0,0
32.750000000000185,0,0,0,0,0,0,0,0,0,0,0
32.80000000000018,0,0,0,0,0,0,0,0,0,0,0
32.85000000000018,0,0,0,0,0,0,0,0,0,0,0
32.900000000000176,0,0,0,0,0,0,0,0,0,0,0
32.95000000000017,0,0,0,0,0,0,0,0,0,0,0
33.00000000000017,0,0,0,0,0,0,0,0,0,0,0
33.05000000000017,0,0,0,0,0,0,0,0,0,0,0
33.100000000000165,0,0,0,0,0,0,0,0,0,0,0
33.15000000000016,0,0,0,0,0,0,0,0,0,0,0
33.20000000000016,0,0,0,0,0,0,0,0,0,0,0
33.250000000000156,0,0,0,0,0,0,0,0,0,0,0
33.30000000000015,0,0,0,0,0,0,0,0,0,0,0
33.35000000000015,0,0,0,0,0,0,0,0,0,0,0
33.40000000000015,0,0,0,0,0,0,0,0,0,0,0
33.450000000000145,0,0,0,0,0,0,0,0,0,0,0
33.50000000000014,0,0,0,0,0,0,0,0,0,0,0
33.55000000000014,0,0,0,0,0,0,0,0,0,0,0
33.600000000000136,0,0,0,0,0,0,0,0,0,0,0
33.650000000000134,0,0,0,0,0,0,0,0,0,0,0
33.70000000000013,0,0,0,0,0,0,0,0,0,0,0
33.75000000000013,0,0,0,0,0,0,0,0,0,0,0
33.800000000000125,0,0,0,0,0,0,0,0,0,0,0
33.85000000000012,0,0,0,0,0,0,0,0,0,0,0
33.90000000000012,0,0,0,0,0,0,0,0,0,0,0
33.95000000000012,0,0,0,0,0,0,0,0,0,0,0
34.000000000000114,0,0,0,0,0,0,0,0,0,0,0
34.05000000000011,0,0,0,0,0,0,0,0,0,0,0
34.10000000000011,0,0,0,0,0,0,0,0,0,0,0
34.150000000000105,0,0,0,0,0,0,0,0,0,0,0
34.2000000000001,0,0,0,0,0,0,0,0,0,0,0
34.2500000000001,0,0,0,0,0,0,0,0,0,0,0
34.3000000000001,0,0,0,0,0,0,0,0,0,0,0
34.350000000000094,0,0,0,0,0,0,0,0,0,0,0
34.40000000000009,0,0,0,0,0,0,0,0,0,0,0
34.45000000000009,0,0,0,0,0,0,0,0,0,0,0
34.500000000000085,0,0,0,0,0,0,0,0,0,0,0
34.55000000000008,0,0,0,0,0,0,0,0,0,0,0
34.60000000000008,0,0,0,0,0,0,0,0,0,0,0
34.65000000000008,0,0,0,0,0,0,0,0,0,0,0
34.700000000000074,0,0,0,0,0,0,0,0,0,0,0
34.75000000000007,0,0,0,0,0,0,0,0,0,0,0
34.80000000000007,0,0,0,0,0,0,0,0,0,0,0
34.850000000000065,0,0,0,0,0,0,0,0,0,0,0
34.90000000000006,0,0,0,0,0,0,0,0,0,0,0
34.95000000000006,0,0,0,0,0,0,0,0,0,0,0
35.00000000000006,0,0,0,0,0,0,0,0,0,0,0
35.050000000000054,0,0,0,0,0,0,0,0,0,0,0
35.10000000000005,0,0,0,0,0,0,0,0,0,0,0
35.15000000000005,0,0,0,0,0,0,0,0,0,0,0
35.200000000000045,0,0,0,0,0,0,0,0,0,0,0
35.25000000000004,0,0,0,0,0,0,0,0,0,0,0
35.30000000000004,0,0,0,0,0,0,0,0,0,0,0
35.35000000000004,0,0,0,0,0,0,0,0,0,0,0
35.400000000000034,0,0,0,0,0,0,0,0,0,0,0
35.45000000000003,0,0,0,0,0,0,0,0,0,0,0
35.50000000000003,0,0,0,0,0,0,0,0,0,0,0
35.550000000000026,0,0,0,0,0,0,0,0,0,0,0
35.60000000000002,0,0,0,0,0,0,0,0,0,0,0
35.65000000000002,0,0,0,0,0,0,0,0,0,0,0
35.70000000000002,0,0,0,0,0,0,0,0,0,0,0
35.750000000000014,0,0,0,0,0,0,0,0,0,0,0
35.80000000000001,0,0,0,0,0,0,0,0,0,0,0
35.85000000000001,0,0,0,0,0,0,0,0,0,0,0
35.900000000000006,0,0,0,0,0,0,0,0,0,0,0
35.95,0,0,0,0,0,0,0,0,0,0,0
36.0,0,0,0,0,0,0,0,0,0,0,0
36.05,0,0,0,0,0,0,0,0,0,0,0
36.099999999999994,0,0,0,0,0,0,0,0,0,0,0
36.14999999999999,0,0,0,0,0,0,0,0,0,0,0
36.19999999999999,0,0,0,0,0,0,0,0,0,0,0
36.249999999999986,0,0,0,0,0,0,0,0,0,0,0
36.29999999999998,0,0,0,0,0,0,0,0,0,0,0
36.34999999999998,0,0,0,0,0,0,0,0,0,0,0
36.39999999999998,0,0,0,0,0,0,0,0,0,0,0
36.449999999999974,0,0,0,0,0,0,0,0,0,0,0
36.49999999999997,0,0,0,0,0,0,0,0,0,0,0
36.54999999999997,0,0,0,0,0,0,0,0,0,0,0
36.599999999999966,0,0,0,0,0,0,0,0,0,0,0
36.64999999999996,0,0,0,0,0,0,0,0,0,0,0
36.69999999999996,0,0,0,0,0,0,0,0,0,0,0
36.74999999999996,0,0,0,0,0,0,0,0,0,0,0
36.799999999999955,0,0,0,0,0,0,0,0,0,0,0
36.84999999999995,0,0,0,0,0,0,0,0,0,0,0
36.89999999999995,0,0,0,0,0,0,0,0,0,0,0
36.949999999999946,0,0,0,0,0,0,0,0,0,0,0
36.99999999999994,0,0,0,0,0,0,0,0,0,0,0
37.04999999999994,0,0,0,0,0,0,0,0,0,0,0
37.09999999999994,0,0,0,0,0,0,0,0,0,0,0
37.149999999999935,0,0,0,0,0,0,0,0,0,0,0
37.19999999999993,0,0,0,0,0,0,0,0,0,0,0
37.24999999999993,0,0,0,0,0,0,0,0,0,0,0
37.299999999999926,0,0,0,0,0,0,0,0,0,0,0
37.34999999999992,0,0,0,0,0,0,0,0,0,0,0
37.39999999999992,0,0,0,0,0,0,0,0,0,0,0
37.44999999999992,0,0,0,0,0,0,0,0,0,0,0
37.499999999999915,0,0,0,0,0,0,0,0,0,0,0
37.54999999999991,0,0,0,0,0,0,0,0,0,0,0
37.59999999999991,0,0,0,0,0,0,0,0,0,0,0
37.649999999999906,0,0,0,0,0,0,0,0,0,0,0
37.6999999999999,0,0,0,0,0,0,0,0,0,0,0
37.7499999999999,0,0,0,0,0,0,0,0,0,0,0
37.7999999999999,0,0,0,0,0,0,0,0,0,0,0
37.849999999999895,0,0,0,0,0,0,0,0,0,0,0
37.89999999999989,0,0,0,0,0,0,0,0,0,0,0
37.94999999999989,0,0,0,0,0,0,0,0,0,0,0
37.999999999999886,0,0,0,0,0,0,0,0,0,0,0
38.04999999999988,0,0,0,0,0,0,0,0,0,0,0
38.09999999999988,0,0,0,0,0,0,0,0,0,0,0
38.14999999999988,0,0,0,0,0,0,0,0,0,0,0
38.199999999999875,0,0,0,0,0,0,0,0,0,0,0
38.24999999999987,0,0,0,0,0,0,0,0,0,0,0
38.29999999999987,0,0,0,0,0,0,0,0,0,0,0
38.349999999999866,0,0,0,0,0,0,0,0,0,0,0
38.399999999999864,0,0,0,0,0,0,0,0,0,0,0
38.44999999999986,0,0,0,0,0,0,0,0,0,0,0
38.49999999999986,0,0,0,0,0,0,0,0,0,0,0
38.549999999999855,0,0,0,0,0,0,0,0,0,0,0
38.59999999999985,0,0,0,0,0,0,0,0,0,0,0
38.64999999999985,0,0,0,0,0,0,0,0,0,0,0
38.69999999999985,0,0,0,0,0,0,0,0,0,0,0
38.749999999999844,0,0,0,0,0,0,0,0,0,0,0
38.79999999999984,0,0,0,0,0,0,0,0,0,0,0
38.84999999999984,0,0,0,0,0,0,0,0,0,0,0
38.899999999999835,0,0,0,0,0,0,0,0,0,0,0
38.94999999999983,0,0,0,0,0,0,0,0,0,0,0
38.99999999999983,0,0,0,0,0,0,0,0,0,0,0
39.04999999999983,0,0,0,0,0,0,0,0,0,0,0
39.099999999999824,0,0,0,0,0,0,0,0,0,0,0
39.14999999999982,0,0,0,0,0,0,0,0,0,0,0
39.19999999999982,0,0,0,0,0,0,0,0,0,0,0
39.249999999999815,0,0,0,0,0,0,0,0,0,0,0
39.29999999999981,0,0,0,0,0,0,0,0,0,0,0
39.34999999999981,0,0,0,0,0,0,0,0,0,0,0
39.39999999999981,0,0,0,0,0,0,0,0,0,0,0
39.449999999999804,0,0,0,0,0,0,0,0,0,0,0
39.4999999999998,0,0,0,0,0,0,0,0,0,0,0
39.5499999999998,0,0,0,0,0,0,0,0,0,0,0
39.599999999999795,0,0,0,0,0,0,0,0,0,0,0
39.64999999999979,0,0,0,0,0,0,0,0,0,0,0
39.69999999999979,0,0,0,0,0,0,0,0,0,0,0
39.74999999999979,0,0,0,0,0,0,0,0,0,0,0
39.799999999999784,0,0,0,0,0,0,0,0,0,0,0
39.84999999999978,0,0,0,0,0,0,0,0,0,0,0
39.89999999999978,0,0,0,0,0,0,0,0,0,0,0
39.949999999999775,0,0,0,0,0,0,0,0,0,0,0
39.99999999999977,0,0,0,0,0,0,0,0,0,0,0
40.04999999999977,0,0,0,0,0,0,0,0,0,0,0
40.09999999999977,0,0,0,0,0,0,0,0,0,0,0
40.149999999999764,0,0,0,0,0,0,0,0,0,0,0
40.19999999999976,0,0,0,0,0,0,0,0,0,0,0
40.24999999999976,0,0,0,0,0,0,0,0,0,0,0
40.299999999999756,0,0,0,0,0,0,0,0,0,0,0
40.34999999999975,0,0,0,0,0,0,0,0,0,0,0
40.39999999999975,0,0,0,0,0,0,0,0,0,0,0
40.44999999999975,0,0,0,0,0,0,0,0,0,0,0
40.499999999999744,0,0,0,0,0,0,0,0,0,0,0
40.54999999999974,0,0,0,0,0,0,0,0,0,0,0
40.59999999999974,0,0,0,0,0,0,0,0,0,0,0
40.649999999999736,0,0,0,0,0,0,0,0,0,0,0
40.69999999999973,0,0,0,0,0,0,0,0,0,0,0
40.74999999999973,0,0,0,0,0,0,0,0,0,0,0
40.79999999999973,0,0,0,0,0,0,0,0,0,0,0
40.849999999999724,0,0,0,0,0,0,0,0,0,0,0
40.89999999999972,0,0,0,0,0,0,0,0,0,0,0
40.94999999999972,0,0,0,0,0,0,0,0,0,0,0
40.999999999999716,0,0,0,0,0,0,0,0,0,0,0
41.04999999999971,0,0,0,0,0,0,0,0,0,0,0
41.09999999999971,0,0,0,0,0,0,0,0,0,0,0
41.14999999999971,0,0,0,0,0,0,0,0,0,0,0
41.199999999999704,0,0,0,0,0,0,0,0,0,0,0
41.2499999999997,0,0,0,0,0,0,0,0,0,0,0
41.2999999999997,0,0,0,0,0,0,0,0,0,0,0
41.349999999999696,0,0,0,0,0,0,0,0,0,0,0
41.39999999999969,0,0,0,0,0,0,0,0,0,0,0
41.44999999999969,0,0,0,0,0,0,0,0,0,0,0
41.49999999999969,0,0,0,0,0,0,0,0,0,0,0
41.549999999999685,0,0,0,0,0,0,0,0,0,0,0
*****
16,0.05,1000,0.6,1,10,100,0.261843996326,0.0853672733114
16,1000,312,418,349,418,0,0,0,0,0,0
16.05,1056,325,417,329,417,0,0,0,0,0,0
16.1,1016,334,419,364,419,0,0,0,0,0,0
16.150000000000002,1020,292,400,360,400,0,0,0,0,0,0
16.200000000000003,1051,324,438,362,438,0,0,0,0,0,0
16.250000000000004,1045,329,416,329,416,0,0,0,0,0,0
16.300000000000004,1058,337,429,376,429,0,0,0,0,0,0
16.350000000000005,1023,304,389,371,389,0,0,0,0,0,0
16.400000000000006,1021,286,407,355,407,0,0,0,0,0,0
16.450000000000006,1045,282,417,367,417,0,0,0,0,0,0
16.500000000000007,1016,245,376,369,376,0,0,0,0,0,0
16.550000000000008,1040,255,411,380,411,0,0,0,0,0,0
16.60000000000001,955,232,377,344,377,0,0,0,0,0,0
16.65000000000001,1019,236,374,324,374,0,0,0,0,0,0
16.70000000000001,989,232,359,287,359,0,0,0,0,0,0
16.75000000000001,1029,253,362,291,362,0,0,0,0,0,0
16.80000000000001,1018,224,328,257,328,0,0,0,0,0,0
16.850000000000012,1070,213,342,287,342,0,0,0,0,0,0
16.900000000000013,1026,187,344,279,344,0,0,0,0,0,0
16.950000000000014,1055,183,315,281,315,0,0,0,0,0,0
17.000000000000014,1081,162,297,246,297,0,0,0,0,0,0
17.050000000000015,939,133,238,201,238,0,0,0,0,0,0
17.100000000000016,1019,141,269,236,269,0,0,0,0,0,0
17.150000000000016,1053,133,291,234,291,0,0,0,0,0,0
17.200000000000017,1064,131,284,219,284,0,0,0,0,0,0
17.250000000000018,954,110,243,185,243,0,0,0,0,0,0
17.30000000000002,1034,117,253,199,253,0,0,0,0,0,0
17.35000000000002,1080,125,271,191,271,0,0,0,0,0,0
17.40000000000002,1038,90,235,182,235,0,0,0,0,0,0
17.45000000000002,1001,70,198,162,198,0,0,0,0,0,0
17.50000000000002,1026,79,201,172,201,0,0,0,0,0,0
17.550000000000022,1022,65,161,118,161,0,0,0,0,0,0
17.600000000000023,979,44,123,108,123,0,0,0,0,0,0
17.650000000000023,994,43,129,115,129,0,0,0,0,0,0
17.700000000000024,1009,45,111,107,111,0,0,0,0,0,0
17.750000000000025,1056,35,106,83,106,0,0,0,0,0,0
17.800000000000026,1034,41,90,71,90,0,0,0,0,0,0
17.850000000000026,1055,35,91,78,91,0,0,0,0,0,0
17.900000000000027,1022,41,96,76,96,0,0,0,0,0,0
17.950000000000028,1048,27,70,60,70,0,0,0,0,0,0
18.00000000000003,1013,30,73,61,73,0,0,0,0,0,0
18.05000000000003,1030,19,69,55,69,0,0,0,0,0,0
18.10000000000003,992,21,58,52,58,0,0,0,0,0,0
18.15000000000003,1126,22,69,53,69,0,0,0,0,0,0
18.20000000000003,994,13,47,41,47,0,0,0,0,0,0
18.250000000000032,1004,5,30,26,30,0,0,0,0,0,0
18.300000000000033,994,5,24,26,24,0,0,0,0,0,0
18.350000000000033,1008,4,25,33,25,0,0,0,0,0,0
18.400000000000034,947,9,26,24,26,0,0,0,0,0,0
18.450000000000035,1061,2,16,21,16,0,0,0,0,0,0
18.500000000000036,1083,11,29,24,29,0,0,0,0,0,0
18.550000000000036,1013,7,28,23,28,0,0,0,0,0,0
18.600000000000037,997,1,8,11,8,0,0,0,0,0,0
18.650000000000038,1036,4,14,14,14,0,0,0,0,0,0
18.70000000000004,1039,1,9,10,9,0,0,0,0,0,0
18.75000000000004,1000,3,8,8,8,0,0,0,0,0,0
18.80000000000004,1031,3,8,9,8,0,0,0,0,0,0
18.85000000000004,1056,0,2,4,2,0,0,0,0,0,0
18.90000000000004,1005,1,5,3,5,0,0,0,0,0,0
18.950000000000042,1076,0,7,11,7,0,0,0,0,0,0
19.000000000000043,1034,0,6,5,6,0,0,0,0,0,0
19.050000000000043,1025,2,3,3,3,0,0,0,0,0,0
19.100000000000044,993,1,3,3,3,0,0,0,0,0,0
19.150000000000045,1013,1,6,4,6,0,0,0,0,0,0
19.200000000000045,1005,0,3,3,3,0,0,0,0,0,0
19.250000000000046,1017,0,1,1,1,0,0,0,0,0,0
19.300000000000047,999,0,1,1,1,0,0,0,0,0,0
19.350000000000048,992,0,2,2,2,0,0,0,0,0,0
19.40000000000005,1049,1,1,1,1,0,0,0,0,0,0
19.45000000000005,1061,0,0,0,0,0,0,0,0,0,0
19.50000000000005,1031,0,0,0,0,0,0,0,0,0,0
19.55000000000005,1033,0,1,1,1,0,0,0,0,0,0
19.60000000000005,1017,0,0,0,0,0,0,0,0,0,0
19.650000000000052,1058,0,0,0,0,0,0,0,0,0,0
19.700000000000053,990,0,1,1,1,0,0,0,0,0,0
19.750000000000053,1043,0,0,0,0,0,0,0,0,0,0
19.800000000000054,1041,0,0,0,0,0,0,0,0,0,0
19.850000000000055,1061,0,0,0,0,0,0,0,0,0,0
19.900000000000055,1014,0,0,0,0,0,0,0,0,0,0
19.950000000000056,1034,0,0,1,0,0,0,0,0,0,0
20.000000000000057,989,0,0,1,0,0,0,0,0,0,0
20.050000000000058,1006,0,0,0,0,0,0,0,0,0,0
20.10000000000006,1014,0,0,0,0,0,0,0,0,0,0
20.15000000000006,988,0,0,0,0,0,0,0,0,0,0
20.20000000000006,1002,0,0,0,0,0,0,0,0,0,0
20.25000000000006,1018,0,0,0,0,0,0,0,0,0,0
20.30000000000006,1019,0,0,0,0,0,0,0,0,0,0
20.350000000000062,1047,0,0,0,0,0,0,0,0,0,0
20.400000000000063,1037,0,0,0,0,0,0,0,0,0,0
20.450000000000063,1049,0,0,0,0,0,0,0,0,0,0
20.500000000000064,1023,0,0,0,0,0,0,0,0,0,0
20.550000000000065,991,0,0,0,0,0,0,0,0,0,0
20.600000000000065,1041,0,0,0,0,0,0,0,0,0,0
20.650000000000066,1044,0,0,0,0,0,0,0,0,0,0
20.700000000000067,1031,0,0,0,0,0,0,0,0,0,0
20.750000000000068,1052,0,0,0,0,0,0,0,0,0,0
20.800000000000068,996,0,0,0,0,0,0,0,0,0,0
20.85000000000007,1026,0,0,0,0,0,0,0,0,0,0
20.90000000000007,974,0,0,0,0,0,0,0,0,0,0
20.95000000000007,1035,0,0,0,0,0,0,0,0,0,0
21.00000000000007,1046,0,0,0,0,0,0,0,0,0,0
21.05000000000007,1035,0,0,0,0,0,0,0,0,0,0
21.100000000000072,1008,0,0,0,0,0,0,0,0,0,0
21.150000000000073,999,0,0,0,0,0,0,0,0,0,0
21.200000000000074,986,0,0,0,0,0,0,0,0,0,0
21.250000000000075,1042,0,0,0,0,0,0,0,0,0,0
21.300000000000075,1066,0,0,0,0,0,0,0,0,0,0
21.350000000000076,1046,0,0,0,0,0,0,0,0,0,0
21.400000000000077,1016,0,0,0,0,0,0,0,0,0,0
21.450000000000077,983,0,0,0,0,0,0,0,0,0,0
21.500000000000078,1018,0,0,0,0,0,0,0,0,0,0
21.55000000000008,1019,0,0,0,0,0,0,0,0,0,0
21.60000000000008,1021,0,0,0,0,0,0,0,0,0,0
21.65000000000008,1074,0,0,0,0,0,0,0,0,0,0
21.70000000000008,992,0,0,0,0,0,0,0,0,0,0
21.75000000000008,1009,0,0,0,0,0,0,0,0,0,0
21.800000000000082,1058,0,0,0,0,0,0,0,0,0,0
21.850000000000083,1011,0,0,0,0,0,0,0,0,0,0
21.900000000000084,1015,0,0,0,0,0,0,0,0,0,0
21.950000000000085,1057,0,0,0,0,0,0,0,0,0,0
22.000000000000085,981,0,0,0,0,0,0,0,0,0,0
22.050000000000086,1049,0,0,0,0,0,0,0,0,0,0
22.100000000000087,1041,0,0,0,0,0,0,0,0,0,0
22.150000000000087,1031,0,0,0,0,0,0,0,0,0,0
22.200000000000088,1009,0,0,0,0,0,0,0,0,0,0
22.25000000000009,1032,0,0,0,0,0,0,0,0,0,0
22.30000000000009,1028,0,0,0,0,0,0,0,0,0,0
22.35000000000009,971,0,0,0,0,0,0,0,0,0,0
22.40000000000009,1018,0,0,0,0,0,0,0,0,0,0
22.45000000000009,1033,0,0,0,0,0,0,0,0,0,0
22.500000000000092,1029,0,0,0,0,0,0,0,0,0,0
22.550000000000093,1037,0,0,0,0,0,0,0,0,0,0
22.600000000000094,1064,0,0,0,0,0,0,0,0,0,0
22.650000000000095,1019,0,0,0,0,0,0,0,0,0,0
22.700000000000095,1024,0,0,0,0,0,0,0,0,0,0
22.750000000000096,1025,0,0,0,0,0,0,0,0,0,0
22.800000000000097,1046,0,0,0,0,0,0,0,0,0,0
22.850000000000097,990,0,0,0,0,0,0,0,0,0,0
22.900000000000098,1043,0,0,0,0,0,0,0,0,0,0
22.9500000000001,1050,0,0,0,0,0,0,0,0,0,0
23.0000000000001,1014,0,0,0,0,0,0,0,0,0,0
23.0500000000001,1027,0,0,0,0,0,0,0,0,0,0
23.1000000000001,1031,0,0,0,0,0,0,0,0,0,0
23.1500000000001,1027,0,0,0,0,0,0,0,0,0,0
23.200000000000102,987,0,0,0,0,0,0,0,0,0,0
23.250000000000103,1015,0,0,0,0,0,0,0,0,0,0
23.300000000000104,1029,0,0,0,0,0,0,0,0,0,0
23.350000000000104,1048,0,0,0,0,0,0,0,0,0,0
23.400000000000105,974,0,0,0,0,0,0,0,0,0,0
23.450000000000106,1045,0,0,0,0,0,0,0,0,0,0
23.500000000000107,990,0,0,0,0,0,0,0,0,0,0
23.550000000000107,1042,0,0,0,0,0,0,0,0,0,0
23.600000000000108,1043,0,0,0,0,0,0,0,0,0,0
23.65000000000011,1030,0,0,0,0,0,0,0,0,0,0
23.70000000000011,1026,0,0,0,0,0,0,0,0,0,0
23.75000000000011,1071,0,0,0,0,0,0,0,0,0,0
23.80000000000011,1009,0,0,0,0,0,0,0,0,0,0
23.85000000000011,1020,0,0,0,0,0,0,0,0,0,0
23.900000000000112,1024,0,0,0,0,0,0,0,0,0,0
23.950000000000113,960,0,0,0,0,0,0,0,0,0,0
24.000000000000114,1049,0,0,0,0,0,0,0,0,0,0
24.050000000000114,981,0,0,0,0,0,0,0,0,0,0
24.100000000000115,1042,0,0,0,0,0,0,0,0,0,0
24.150000000000116,1012,0,0,0,0,0,0,0,0,0,0
24.200000000000117,1060,0,0,0,0,0,0,0,0,0,0
24.250000000000117,981,0,0,0,0,0,0,0,0,0,0
24.300000000000118,1061,0,0,0,0,0,0,0,0,0,0
24.35000000000012,1039,0,0,0,0,0,0,0,0,0,0
24.40000000000012,1083,0,0,0,0,0,0,0,0,0,0
24.45000000000012,1076,0,0,0,0,0,0,0,0,0,0
24.50000000000012,1039,0,0,0,0,0,0,0,0,0,0
24.55000000000012,1040,0,0,0,0,0,0,0,0,0,0
24.600000000000122,1062,0,0,0,0,0,0,0,0,0,0
24.650000000000123,947,0,0,0,0,0,0,0,0,0,0
24.700000000000124,1042,0,0,0,0,0,0,0,0,0,0
24.750000000000124,993,0,0,0,0,0,0,0,0,0,0
24.800000000000125,993,0,0,0,0,0,0,0,0,0,0
24.850000000000126,990,0,0,0,0,0,0,0,0,0,0
24.900000000000126,948,0,0,0,0,0,0,0,0,0,0
24.950000000000127,1041,0,0,0,0,0,0,0,0,0,0
25.000000000000128,1059,0,0,0,0,0,0,0,0,0,0
25.05000000000013,1009,0,0,0,0,0,0,0,0,0,0
25.10000000000013,1020,0,0,0,0,0,0,0,0,0,0
25.15000000000013,1034,0,0,0,0,0,0,0,0,0,0
25.20000000000013,1059,0,0,0,0,0,0,0,0,0,0
25.25000000000013,1012,0,0,0,0,0,0,0,0,0,0
25.300000000000132,1050,0,0,0,0,0,0,0,0,0,0
25.350000000000133,1098,0,0,0,0,0,0,0,0,0,0
25.400000000000134,1081,0,0,0,0,0,0,0,0,0,0
25.450000000000134,1015,0,0,0,0,0,0,0,0,0,0
25.500000000000135,988,0,0,0,0,0,0,0,0,0,0
25.550000000000136,974,0,0,0,0,0,0,0,0,0,0
25.600000000000136,1056,0,0,0,0,0,0,0,0,0,0
25.650000000000137,962,0,0,0,0,0,0,0,0,0,0
25.700000000000138,1025,0,0,0,0,0,0,0,0,0,0
25.75000000000014,1002,0,0,0,0,0,0,0,0,0,0
25.80000000000014,1016,0,0,0,0,0,0,0,0,0,0
25.85000000000014,964,0,0,0,0,0,0,0,0,0,0
25.90000000000014,1049,0,0,0,0,0,0,0,0,0,0
25.95000000000014,1029,0,0,0,0,0,0,0,0,0,0
26.000000000000142,1075,0,0,0,0,0,0,0,0,0,0
26.050000000000143,1049,0,0,0,0,0,0,0,0,0,0
26.100000000000144,1086,0,0,0,0,0,0,0,0,0,0
26.150000000000144,1056,0,0,0,0,0,0,0,0,0,0
26.200000000000145,978,0,0,0,0,0,0,0,0,0,0
26.250000000000146,1038,0,0,0,0,0,0,0,0,0,0
26.300000000000146,1028,0,0,0,0,0,0,0,0,0,0
26.350000000000147,1035,0,0,0,0,0,0,0,0,0,0
26.400000000000148,1042,0,0,0,0,0,0,0,0,0,0
26.45000000000015,948,0,0,0,0,0,0,0,0,0,0
26.50000000000015,1018,0,0,0,0,0,0,0,0,0,0
26.55000000000015,1003,0,0,0,0,0,0,0,0,0,0
26.60000000000015,1074,0,0,0,0,0,0,0,0,0,0
26.65000000000015,998,0,0,0,0,0,0,0,0,0,0
26.700000000000152,1045,0,0,0,0,0,0,0,0,0,0
26.750000000000153,986,0,0,0,0,0,0,0,0,0,0
26.800000000000153,987,0,0,0,0,0,0,0,0,0,0
26.850000000000154,1114,0,0,0,0,0,0,0,0,0,0
26.900000000000155,1056,0,0,0,0,0,0,0,0,0,0
26.950000000000156,1071,0,0,0,0,0,0,0,0,0,0
27.000000000000156,1019,0,0,0,0,0,0,0,0,0,0
27.050000000000157,1007,0,0,0,0,0,0,0,0,0,0
27.100000000000158,999,0,0,0,0,0,0,0,0,0,0
27.15000000000016,942,0,0,0,0,0,0,0,0,0,0
27.20000000000016,1069,0,0,0,0,0,0,0,0,0,0
27.25000000000016,990,0,0,0,0,0,0,0,0,0,0
27.30000000000016,1011,0,0,0,0,0,0,0,0,0,0
27.35000000000016,1065,0,0,0,0,0,0,0,0,0,0
27.400000000000162,985,0,0,0,0,0,0,0,0,0,0
27.450000000000163,1067,0,0,0,0,0,0,0,0,0,0
27.500000000000163,971,0,0,0,0,0,0,0,0,0,0
27.550000000000164,1038,0,0,0,0,0,0,0,0,0,0
27.600000000000165,1033,0,0,0,0,0,0,0,0,0,0
27.650000000000166,1075,0,0,0,0,0,0,0,0,0,0
27.700000000000166,1083,0,0,0,0,0,0,0,0,0,0
27.750000000000167,1019,0,0,0,0,0,0,0,0,0,0
27.800000000000168,996,0,0,0,0,0,0,0,0,0,0
27.85000000000017,1069,0,0,0,0,0,0,0,0,0,0
27.90000000000017,970,0,0,0,0,0,0,0,0,0,0
27.95000000000017,1005,0,0,0,0,0,0,0,0,0,0
28.00000000000017,1069,0,0,0,0,0,0,0,0,0,0
28.05000000000017,1007,0,0,0,0,0,0,0,0,0,0
28.100000000000172,1024,0,0,0,0,0,0,0,0,0,0
28.150000000000173,958,0,0,0,0,0,0,0,0,0,0
28.200000000000173,995,0,0,0,0,0,0,0,0,0,0
28.250000000000174,1082,0,0,0,0,0,0,0,0,0,0
28.300000000000175,1027,0,0,0,0,0,0,0,0,0,0
28.350000000000176,1025,0,0,0,0,0,0,0,0,0,0
28.400000000000176,1071,0,0,0,0,0,0,0,0,0,0
28.450000000000177,1047,0,0,0,0,0,0,0,0,0,0
28.500000000000178,1025,0,0,0,0,0,0,0,0,0,0
28.55000000000018,1044,0,0,0,0,0,0,0,0,0,0
28.60000000000018,1034,0,0,0,0,0,0,0,0,0,0
28.65000000000018,976,0,0,0,0,0,0,0,0,0,0
28.70000000000018,1019,0,0,0,0,0,0,0,0,0,0
28.75000000000018,1039,0,0,0,0,0,0,0,0,0,0
28.800000000000182,937,0,0,0,0,0,0,0,0,0,0
28.850000000000183,1002,0,0,0,0,0,0,0,0,0,0
28.900000000000183,1081,0,0,0,0,0,0,0,0,0,0
28.950000000000184,1046,0,0,0,0,0,0,0,0,0,0
29.000000000000185,1018,0,0,0,0,0,0,0,0,0,0
29.050000000000185,1040,0,0,0,0,0,0,0,0,0,0
29.100000000000186,1020,0,0,0,0,0,0,0,0,0,0
29.150000000000187,1029,0,0,0,0,0,0,0,0,0,0
29.200000000000188,987,0,0,0,0,0,0,0,0,0,0
29.25000000000019,1018,0,0,0,0,0,0,0,0,0,0
29.30000000000019,1038,0,0,0,0,0,0,0,0,0,0
29.35000000000019,994,0,0,0,0,0,0,0,0,0,0
29.40000000000019,1031,0,0,0,0,0,0,0,0,0,0
29.45000000000019,1060,0,0,0,0,0,0,0,0,0,0
29.500000000000192,1033,0,0,0,0,0,0,0,0,0,0
29.550000000000193,1068,0,0,0,0,0,0,0,0,0,0
29.600000000000193,1008,0,0,0,0,0,0,0,0,0,0
29.650000000000194,1019,0,0,0,0,0,0,0,0,0,0
29.700000000000195,977,0,0,0,0,0,0,0,0,0,0
29.750000000000195,983,0,0,0,0,0,0,0,0,0,0
29.800000000000196,1068,0,0,0,0,0,0,0,0,0,0
29.850000000000197,1008,0,0,0,0,0,0,0,0,0,0
29.900000000000198,1029,0,0,0,0,0,0,0,0,0,0
29.9500000000002,1011,0,0,0,0,0,0,0,0,0,0
30.0000000000002,1094,0,0,0,0,0,0,0,0,0,0
30.0500000000002,1042,0,0,0,0,0,0,0,0,0,0
30.1000000000002,1033,0,0,0,0,0,0,0,0,0,0
30.1500000000002,1000,0,0,0,0,0,0,0,0,0,0
30.200000000000202,960,0,0,0,0,0,0,0,0,0,0
30.250000000000203,996,0,0,0,0,0,0,0,0,0,0
30.300000000000203,1045,0,0,0,0,0,0,0,0,0,0
30.350000000000204,1033,0,0,0,0,0,0,0,0,0,0
30.400000000000205,1054,0,0,0,0,0,0,0,0,0,0
30.450000000000205,1019,0,0,0,0,0,0,0,0,0,0
30.500000000000206,1006,0,0,0,0,0,0,0,0,0,0
30.550000000000207,1052,0,0,0,0,0,0,0,0,0,0
30.600000000000207,1008,0,0,0,0,0,0,0,0,0,0
30.650000000000208,1015,0,0,0,0,0,0,0,0,0,0
30.70000000000021,1021,0,0,0,0,0,0,0,0,0,0
30.75000000000021,1065,0,0,0,0,0,0,0,0,0,0
30.80000000000021,1027,0,0,0,0,0,0,0,0,0,0
30.85000000000021,1019,0,0,0,0,0,0,0,0,0,0
30.90000000000021,995,0,0,0,0,0,0,0,0,0,0
30.950000000000212,1020,0,0,0,0,0,0,0,0,0,0
31.000000000000213,973,0,0,0,0,0,0,0,0,0,0
31.050000000000214,1066,0,0,0,0,0,0,0,0,0,0
31.100000000000215,1034,0,0,0,0,0,0,0,0,0,0
31.150000000000215,1011,0,0,0,0,0,0,0,0,0,0
31.200000000000216,1043,0,0,0,0,0,0,0,0,0,0
31.250000000000217,1010,0,0,0,0,0,0,0,0,0,0
31.300000000000217,1069,0,0,0,0,0,0,0,0,0,0
31.350000000000218,1039,0,0,0,0,0,0,0,0,0,0
31.40000000000022,1021,0,0,0,0,0,0,0,0,0,0
31.45000000000022,1055,0,0,0,0,0,0,0,0,0,0
31.50000000000022,988,0,0,0,0,0,0,0,0,0,0
31.55000000000022,1013,0,0,0,0,0,0,0,0,0,0
31.60000000000022,1019,0,0,0,0,0,0,0,0,0,0
31.650000000000222,984,0,0,0,0,0,0,0,0,0,0
31.700000000000223,1052,0,0,0,0,0,0,0,0,0,0
31.750000000000224,978,0,0,0,0,0,0,0,0,0,0
31.800000000000225,1036,0,0,0,0,0,0,0,0,0,0
31.850000000000225,1046,0,0,0,0,0,0,0,0,0,0
31.900000000000226,1032,0,0,0,0,0,0,0,0,0,0
31.950000000000227,1024,0,0,0,0,0,0,0,0,0,0
32.00000000000023,1036,0,0,0,0,0,0,0,0,0,0
32.050000000000225,1032,0,0,0,0,0,0,0,0,0,0
32.10000000000022,1064,0,0,0,0,0,0,0,0,0,0
32.15000000000022,988,0,0,0,0,0,0,0,0,0,0
32.200000000000216,1001,0,0,0,0,0,0,0,0,0,0
32.25000000000021,994,0,0,0,0,0,0,0,0,0,0
32.30000000000021,1021,0,0,0,0,0,0,0,0,0,0
32.35000000000021,1020,0,0,0,0,0,0,0,0,0,0
32.400000000000205,1047,0,0,0,0,0,0,0,0,0,0
32.4500000000002,1002,0,0,0,0,0,0,0,0,0,0
32.5000000000002,1055,0,0,0,0,0,0,0,0,0,0
32.550000000000196,1011,0,0,0,0,0,0,0,0,0,0
32.60000000000019,941,0,0,0,0,0,0,0,0,0,0
32.65000000000019,854,0,0,0,0,0,0,0,0,0,0
32.70000000000019,680,0,0,0,0,0,0,0,0,0,0
32.750000000000185,570,0,0,0,0,0,0,0,0,0,0
32.80000000000018,487,0,0,0,0,0,0,0,0,0,0
32.85000000000018,320,0,0,0,0,0,0,0,0,0,0
32.900000000000176,199,0,0,0,0,0,0,0,0,0,0
32.95000000000017,77,0,0,0,0,0,0,0,0,0,0
33.00000000000017,0,0,0,0,0,0,0,0,0,0,0
33.05000000000017,0,0,0,0,0,0,0,0,0,0,0
33.100000000000165,0,0,0,0,0,0,0,0,0,0,0
33.15000000000016,0,0,0,0,0,0,0,0,0,0,0
33.20000000000016,0,0,0,0,0,0,0,0,0,0,0
33.250000000000156,0,0,0,0,0,0,0,0,0,0,0
33.30000000000015,0,0,0,0,0,0,0,0,0,0,0
33.35000000000015,0,0,0,0,0,0,0,0,0,0,0
33.40000000000015,0,0,0,0,0,0,0,0,0,0,0
33.450000000000145,0,0,0,0,0,0,0,0,0,0,0
33.50000000000014,0,0,0,0,0,0,0,0,0,0,0
33.55000000000014,0,0,0,0,0,0,0,0,0,0,0
33.600000000000136,0,0,0,0,0,0,0,0,0,0,0
33.650000000000134,0,0,0,0,0,0,0,0,0,0,0
33.70000000000013,0,0,0,0,0,0,0,0,0,0,0
33.75000000000013,0,0,0,0,0,0,0,0,0,0,0
33.800000000000125,0,0,0,0,0,0,0,0,0,0,0
33.85000000000012,0,0,0,0,0,0,0,0,0,0,0
33.90000000000012,0,0,0,0,0,0,0,0,0,0,0
33.95000000000012,0,0,0,0,0,0,0,0,0,0,0
34.000000000000114,0,0,0,0,0,0,0,0,0,0,0
34.05000000000011,0,0,0,0,0,0,0,0,0,0,0
34.10000000000011,0,0,0,0,0,0,0,0,0,0,0
34.150000000000105,0,0,0,0,0,0,0,0,0,0,0
34.2000000000001,0,0,0,0,0,0,0,0,0,0,0
34.2500000000001,0,0,0,0,0,0,0,0,0,0,0
34.3000000000001,0,0,0,0,0,0,0,0,0,0,0
34.350000000000094,0,0,0,0,0,0,0,0,0,0,0
34.40000000000009,0,0,0,0,0,0,0,0,0,0,0
34.45000000000009,0,0,0,0,0,0,0,0,0,0,0
34.500000000000085,0,0,0,0,0,0,0,0,0,0,0
34.55000000000008,0,0,0,0,0,0,0,0,0,0,0
34.60000000000008,0,0,0,0,0,0,0,0,0,0,0
34.65000000000008,0,0,0,0,0,0,0,0,0,0,0
34.700000000000074,0,0,0,0,0,0,0,0,0,0,0
34.75000000000007,0,0,0,0,0,0,0,0,0,0,0
34.80000000000007,0,0,0,0,0,0,0,0,0,0,0
34.850000000000065,0,0,0,0,0,0,0,0,0,0,0
34.90000000000006,0,0,0,0,0,0,0,0,0,0,0
34.95000000000006,0,0,0,0,0,0,0,0,0,0,0
35.00000000000006,0,0,0,0,0,0,0,0,0,0,0
35.050000000000054,0,0,0,0,0,0,0,0,0,0,0
35.10000000000005,0,0,0,0,0,0,0,0,0,0,0
35.15000000000005,0,0,0,0,0,0,0,0,0,0,0
35.200000000000045,0,0,0,0,0,0,0,0,0,0,0
35.25000000000004,0,0,0,0,0,0,0,0,0,0,0
35.30000000000004,0,0,0,0,0,0,0,0,0,0,0
35.35000000000004,0,0,0,0,0,0,0,0,0,0,0
35.400000000000034,0,0,0,0,0,0,0,0,0,0,0
35.45000000000003,0,0,0,0,0,0,0,0,0,0,0
35.50000000000003,0,0,0,0,0,0,0,0,0,0,0
35.550000000000026,0,0,0,0,0,0,0,0,0,0,0
35.60000000000002,0,0,0,0,0,0,0,0,0,0,0
35.65000000000002,0,0,0,0,0,0,0,0,0,0,0
35.70000000000002,0,0,0,0,0,0,0,0,0,0,0
35.750000000000014,0,0,0,0,0,0,0,0,0,0,0
35.80000000000001,0,0,0,0,0,0,0,0,0,0,0
35.85000000000001,0,0,0,0,0,0,0,0,0,0,0
35.900000000000006,0,0,0,0,0,0,0,0,0,0,0
35.95,0,0,0,0,0,0,0,0,0,0,0
36.0,0,0,0,0,0,0,0,0,0,0,0
36.05,0,0,0,0,0,0,0,0,0,0,0
36.099999999999994,0,0,0,0,0,0,0,0,0,0,0
36.14999999999999,0,0,0,0,0,0,0,0,0,0,0
36.19999999999999,0,0,0,0,0,0,0,0,0,0,0
36.249999999999986,0,0,0,0,0,0,0,0,0,0,0
36.29999999999998,0,0,0,0,0,0,0,0,0,0,0
36.34999999999998,0,0,0,0,0,0,0,0,0,0,0
36.39999999999998,0,0,0,0,0,0,0,0,0,0,0
36.449999999999974,0,0,0,0,0,0,0,0,0,0,0
36.49999999999997,0,0,0,0,0,0,0,0,0,0,0
36.54999999999997,0,0,0,0,0,0,0,0,0,0,0
36.599999999999966,0,0,0,0,0,0,0,0,0,0,0
36.64999999999996,0,0,0,0,0,0,0,0,0,0,0
36.69999999999996,0,0,0,0,0,0,0,0,0,0,0
36.74999999999996,0,0,0,0,0,0,0,0,0,0,0
36.799999999999955,0,0,0,0,0,0,0,0,0,0,0
36.84999999999995,0,0,0,0,0,0,0,0,0,0,0
36.89999999999995,0,0,0,0,0,0,0,0,0,0,0
36.949999999999946,0,0,0,0,0,0,0,0,0,0,0
36.99999999999994,0,0,0,0,0,0,0,0,0,0,0
37.04999999999994,0,0,0,0,0,0,0,0,0,0,0
37.09999999999994,0,0,0,0,0,0,0,0,0,0,0
37.149999999999935,0,0,0,0,0,0,0,0,0,0,0
37.19999999999993,0,0,0,0,0,0,0,0,0,0,0
37.24999999999993,0,0,0,0,0,0,0,0,0,0,0
37.299999999999926,0,0,0,0,0,0,0,0,0,0,0
37.34999999999992,0,0,0,0,0,0,0,0,0,0,0
37.39999999999992,0,0,0,0,0,0,0,0,0,0,0
37.44999999999992,0,0,0,0,0,0,0,0,0,0,0
37.499999999999915,0,0,0,0,0,0,0,0,0,0,0
37.54999999999991,0,0,0,0,0,0,0,0,0,0,0
37.59999999999991,0,0,0,0,0,0,0,0,0,0,0
37.649999999999906,0,0,0,0,0,0,0,0,0,0,0
37.6999999999999,0,0,0,0,0,0,0,0,0,0,0
37.7499999999999,0,0,0,0,0,0,0,0,0,0,0
37.7999999999999,0,0,0,0,0,0,0,0,0,0,0
37.849999999999895,0,0,0,0,0,0,0,0,0,0,0
37.89999999999989,0,0,0,0,0,0,0,0,0,0,0
37.94999999999989,0,0,0,0,0,0,0,0,0,0,0
37.999999999999886,0,0,0,0,0,0,0,0,0,0,0
38.04999999999988,0,0,0,0,0,0,0,0,0,0,0
38.09999999999988,0,0,0,0,0,0,0,0,0,0,0
38.14999999999988,0,0,0,0,0,0,0,0,0,0,0
38.199999999999875,0,0,0,0,0,0,0,0,0,0,0
38.24999999999987,0,0,0,0,0,0,0,0,0,0,0
38.29999999999987,0,0,0,0,0,0,0,0,0,0,0
38.349999999999866,0,0,0,0,0,0,0,0,0,0,0
38.399999999999864,0,0,0,0,0,0,0,0,0,0,0
38.44999999999986,0,0,0,0,0,0,0,0,0,0,0
38.49999999999986,0,0,0,0,0,0,0,0,0,0,0
38.549999999999855,0,0,0,0,0,0,0,0,0,0,0
38.59999999999985,0,0,0,0,0,0,0,0,0,0,0
38.64999999999985,0,0,0,0,0,0,0,0,0,0,0
38.69999999999985,0,0,0,0,0,0,0,0,0,0,0
38.749999999999844,0,0,0,0,0,0,0,0,0,0,0
38.79999999999984,0,0,0,0,0,0,0,0,0,0,0
38.84999999999984,0,0,0,0,0,0,0,0,0,0,0
38.899999999999835,0,0,0,0,0,0,0,0,0,0,0
38.94999999999983,0,0,0,0,0,0,0,0,0,0,0
38.99999999999983,0,0,0,0,0,0,0,0,0,0,0
39.04999999999983,0,0,0,0,0,0,0,0,0,0,0
39.099999999999824,0,0,0,0,0,0,0,0,0,0,0
39.14999999999982,0,0,0,0,0,0,0,0,0,0,0
39.19999999999982,0,0,0,0,0,0,0,0,0,0,0
39.249999999999815,0,0,0,0,0,0,0,0,0,0,0
39.29999999999981,0,0,0,0,0,0,0,0,0,0,0
39.34999999999981,0,0,0,0,0,0,0,0,0,0,0
39.39999999999981,0,0,0,0,0,0,0,0,0,0,0
39.449999999999804,0,0,0,0,0,0,0,0,0,0,0
39.4999999999998,0,0,0,0,0,0,0,0,0,0,0
39.5499999999998,0,0,0,0,0,0,0,0,0,0,0
39.599999999999795,0,0,0,0,0,0,0,0,0,0,0
39.64999999999979,0,0,0,0,0,0,0,0,0,0,0
39.69999999999979,0,0,0,0,0,0,0,0,0,0,0
39.74999999999979,0,0,0,0,0,0,0,0,0,0,0
39.799999999999784,0,0,0,0,0,0,0,0,0,0,0
39.84999999999978,0,0,0,0,0,0,0,0,0,0,0
39.89999999999978,0,0,0,0,0,0,0,0,0,0,0
39.949999999999775,0,0,0,0,0,0,0,0,0,0,0
39.99999999999977,0,0,0,0,0,0,0,0,0,0,0
40.04999999999977,0,0,0,0,0,0,0,0,0,0,0
40.09999999999977,0,0,0,0,0,0,0,0,0,0,0
40.149999999999764,0,0,0,0,0,0,0,0,0,0,0
40.19999999999976,0,0,0,0,0,0,0,0,0,0,0
40.24999999999976,0,0,0,0,0,0,0,0,0,0,0
40.299999999999756,0,0,0,0,0,0,0,0,0,0,0
40.34999999999975,0,0,0,0,0,0,0,0,0,0,0
40.39999999999975,0,0,0,0,0,0,0,0,0,0,0
40.44999999999975,0,0,0,0,0,0,0,0,0,0,0
40.499999999999744,0,0,0,0,0,0,0,0,0,0,0
40.54999999999974,0,0,0,0,0,0,0,0,0,0,0
40.59999999999974,0,0,0,0,0,0,0,0,0,0,0
40.649999999999736,0,0,0,0,0,0,0,0,0,0,0
40.69999999999973,0,0,0,0,0,0,0,0,0,0,0
40.74999999999973,0,0,0,0,0,0,0,0,0,0,0
40.79999999999973,0,0,0,0,0,0,0,0,0,0,0
40.849999999999724,0,0,0,0,0,0,0,0,0,0,0
40.89999999999972,0,0,0,0,0,0,0,0,0,0,0
40.94999999999972,0,0,0,0,0,0,0,0,0,0,0
40.999999999999716,0,0,0,0,0,0,0,0,0,0,0
41.04999999999971,0,0,0,0,0,0,0,0,0,0,0
41.09999999999971,0,0,0,0,0,0,0,0,0,0,0
41.14999999999971,0,0,0,0,0,0,0,0,0,0,0
41.199999999999704,0,0,0,0,0,0,0,0,0,0,0
41.2499999999997,0,0,0,0,0,0,0,0,0,0,0
41.2999999999997,0,0,0,0,0,0,0,0,0,0,0
41.349999999999696,0,0,0,0,0,0,0,0,0,0,0
41.39999999999969,0,0,0,0,0,0,0,0,0,0,0
41.44999999999969,0,0,0,0,0,0,0,0,0,0,0
41.49999999999969,0,0,0,0,0,0,0,0,0,0,0
41.549999999999685,0,0,0,0,0,0,0,0,0,0,0
*****
16,0.05,1000,0,1,10,100,0.261843996326,0.0853672733114
16,1000,1000,1000,960,1000,0,0,0,0,0,0
16.05,1012,1012,1012,963,1012,0,0,0,0,0,0
16.1,1026,1026,1026,975,1026,0,0,0,0,0,0
16.150000000000002,954,954,954,914,954,0,0,0,0,0,0
16.200000000000003,1004,1004,1004,963,1004,0,0,0,0,0,0
16.250000000000004,961,961,961,916,961,0,0,0,0,0,0
16.300000000000004,1082,1082,1081,1029,1082,0,0,0,0,0,0
16.350000000000005,1036,1035,1032,990,1035,0,0,0,0,0,0
16.400000000000006,993,989,986,941,992,0,0,0,0,0,0
16.450000000000006,1029,1021,1023,992,1028,0,0,0,0,0,0
16.500000000000007,1005,1002,1001,956,1003,0,0,0,0,0,0
16.550000000000008,1029,1025,1022,977,1029,0,0,0,0,0,0
16.60000000000001,986,975,977,924,982,0,0,0,0,0,0
16.65000000000001,994,984,982,917,990,0,0,0,0,0,0
16.70000000000001,989,971,970,924,982,0,0,0,0,0,0
16.75000000000001,1034,1007,1011,927,1027,0,0,0,0,0,0
16.80000000000001,1014,986,987,904,1002,0,0,0,0,0,0
16.850000000000012,971,933,936,862,950,0,0,0,0,0,0
16.900000000000013,958,921,930,844,943,0,0,0,0,0,0
16.950000000000014,1055,979,993,902,1022,0,0,0,0,0,0
17.000000000000014,974,892,892,814,923,0,0,0,0,0,0
17.050000000000015,1045,954,969,876,996,0,0,0,0,0,0
17.100000000000016,1010,901,906,805,950,0,0,0,0,0,0
17.150000000000016,1011,890,900,794,937,0,0,0,0,0,0
17.200000000000017,998,843,864,759,903,0,0,0,0,0,0
17.250000000000018,962,792,797,715,856,0,0,0,0,0,0
17.30000000000002,1025,823,852,766,890,0,0,0,0,0,0
17.35000000000002,1022,769,792,756,856,0,0,0,0,0,0
17.40000000000002,1011,728,756,685,824,0,0,0,0,0,0
17.45000000000002,958,666,701,631,760,0,0,0,0,0,0
17.50000000000002,1021,674,707,674,771,0,0,0,0,0,0
17.550000000000022,994,650,690,648,749,0,0,0,0,0,0
17.600000000000023,986,624,643,600,722,0,0,0,0,0,0
17.650000000000023,1002,574,615,604,674,0,0,0,0,0,0
17.700000000000024,998,517,558,545,620,0,0,0,0,0,0
17.750000000000025,1029,536,566,571,645,0,0,0,0,0,0
17.800000000000026,1064,497,548,550,630,0,0,0,0,0,0
17.850000000000026,996,415,481,498,544,0,0,0,0,0,0
17.900000000000027,968,383,425,460,497,0,0,0,0,0,0
17.950000000000028,993,386,421,483,485,0,0,0,0,0,0
18.00000000000003,992,333,380,447,451,0,0,0,0,0,0
18.05000000000003,1022,317,332,415,406,0,0,0,0,0,0
18.10000000000003,1050,285,317,390,384,0,0,0,0,0,0
18.15000000000003,1037,277,309,375,367,0,0,0,0,0,0
18.20000000000003,955,229,260,331,313,0,0,0,0,0,0
18.250000000000032,1011,184,227,310,272,0,0,0,0,0,0
18.300000000000033,972,195,219,281,273,0,0,0,0,0,0
18.350000000000033,1047,193,209,283,263,0,0,0,0,0,0
18.400000000000034,990,162,176,261,217,0,0,0,0,0,0
18.450000000000035,972,118,136,227,171,0,0,0,0,0,0
18.500000000000036,1059,135,162,245,211,0,0,0,0,0,0
18.550000000000036,967,94,112,169,140,0,0,0,0,0,0
18.600000000000037,1003,67,82,177,116,0,0,0,0,0,0
18.650000000000038,1006,77,99,156,130,0,0,0,0,0,0
18.70000000000004,939,69,91,146,107,0,0,0,0,0,0
18.75000000000004,1012,78,93,130,114,0,0,0,0,0,0
18.80000000000004,998,38,51,108,69,0,0,0,0,0,0
18.85000000000004,962,49,62,100,71,0,0,0,0,0,0
18.90000000000004,1001,41,46,84,59,0,0,0,0,0,0
18.950000000000042,936,35,39,84,48,0,0,0,0,0,0
19.000000000000043,993,27,32,75,40,0,0,0,0,0,0
19.050000000000043,963,26,32,67,38,0,0,0,0,0,0
19.100000000000044,987,28,31,61,37,0,0,0,0,0,0
19.150000000000045,990,22,26,63,38,0,0,0,0,0,0
19.200000000000045,1085,18,19,59,29,0,0,0,0,0,0
19.250000000000046,1015,12,15,40,17,0,0,0,0,0,0
19.300000000000047,991,16,15,34,22,0,0,0,0,0,0
19.350000000000048,960,6,9,28,15,0,0,0,0,0,0
19.40000000000005,1065,11,8,17,12,0,0,0,0,0,0
19.45000000000005,1049,6,12,31,14,0,0,0,0,0,0
19.50000000000005,1009,5,10,31,12,0,0,0,0,0,0
19.55000000000005,981,4,5,8,6,0,0,0,0,0,0
19.60000000000005,951,6,7,12,7,0,0,0,0,0,0
19.650000000000052,1033,3,3,7,5,0,0,0,0,0,0
19.700000000000053,970,1,2,7,2,0,0,0,0,0,0
19.750000000000053,1007,0,0,7,0,0,0,0,0,0,0
19.800000000000054,1007,1,1,8,1,0,0,0,0,0,0
19.850000000000055,1009,1,1,6,3,0,0,0,0,0,0
19.900000000000055,1006,1,0,3,1,0,0,0,0,0,0
19.950000000000056,993,0,0,2,1,0,0,0,0,0,0
20.000000000000057,968,0,0,0,0,0,0,0,0,0,0
20.050000000000058,997,1,1,5,1,0,0,0,0,0,0
20.10000000000006,979,0,2,1,2,0,0,0,0,0,0
20.15000000000006,1000,1,1,1,1,0,0,0,0,0,0
20.20000000000006,957,0,0,1,0,0,0,0,0,0,0
20.25000000000006,1003,0,1,1,1,0,0,0,0,0,0
20.30000000000006,1060,0,0,1,0,0,0,0,0,0,0
20.350000000000062,960,0,0,0,0,0,0,0,0,0,0
20.400000000000063,996,0,0,1,0,0,0,0,0,0,0
20.450000000000063,1019,0,0,0,0,0,0,0,0,0,0
20.500000000000064,1007,0,0,0,0,0,0,0,0,0,0
20.550000000000065,1042,0,0,0,0,0,0,0,0,0,0
20.600000000000065,972,0,0,0,0,0,0,0,0,0,0
20.650000000000066,998,0,0,1,0,0,0,0,0,0,0
20.700000000000067,1039,0,0,0,0,0,0,0,0,0,0
20.750000000000068,985,0,0,0,0,0,0,0,0,0,0
20.800000000000068,1003,0,0,0,0,0,0,0,0,0,0
20.85000000000007,1038,0,0,0,0,0,0,0,0,0,0
20.90000000000007,955,0,0,0,0,0,0,0,0,0,0
20.95000000000007,981,0,0,0,0,0,0,0,0,0,0
21.00000000000007,940,0,0,0,0,0,0,0,0,0,0
21.05000000000007,1039,0,0,0,0,0,0,0,0,0,0
21.100000000000072,1024,0,0,0,0,0,0,0,0,0,0
21.150000000000073,973,0,0,0,0,0,0,0,0,0,0
21.200000000000074,967,0,0,0,0,0,0,0,0,0,0
21.250000000000075,952,0,0,0,0,0,0,0,0,0,0
21.300000000000075,993,0,0,0,0,0,0,0,0,0,0
21.350000000000076,1001,0,0,0,0,0,0,0,0,0,0
21.400000000000077,1065,0,0,0,0,0,0,0,0,0,0
21.450000000000077,995,0,0,0,0,0,0,0,0,0,0
21.500000000000078,976,0,0,0,0,0,0,0,0,0,0
21.55000000000008,1001,0,0,0,0,0,0,0,0,0,0
21.60000000000008,1039,0,0,0,0,0,0,0,0,0,0
21.65000000000008,982,0,0,0,0,0,0,0,0,0,0
21.70000000000008,1002,0,0,0,0,0,0,0,0,0,0
21.75000000000008,1043,0,0,0,0,0,0,0,0,0,0
21.800000000000082,995,0,0,0,0,0,0,0,0,0,0
21.850000000000083,1000,0,0,0,0,0,0,0,0,0,0
21.900000000000084,1010,0,0,0,0,0,0,0,0,0,0
21.950000000000085,957,0,0,0,0,0,0,0,0,0,0
22.000000000000085,952,0,0,0,0,0,0,0,0,0,0
22.050000000000086,979,0,0,0,0,0,0,0,0,0,0
22.100000000000087,1002,0,0,0,0,0,0,0,0,0,0
22.150000000000087,994,0,0,0,0,0,0,0,0,0,0
22.200000000000088,1028,0,0,0,0,0,0,0,0,0,0
22.25000000000009,933,0,0,0,0,0,0,0,0,0,0
22.30000000000009,1032,0,0,0,0,0,0,0,0,0,0
22.35000000000009,1009,0,0,0,0,0,0,0,0,0,0
22.40000000000009,998,0,0,0,0,0,0,0,0,0,0
22.45000000000009,975,0,0,0,0,0,0,0,0,0,0
22.500000000000092,991,0,0,0,0,0,0,0,0,0,0
22.550000000000093,1065,0,0,0,0,0,0,0,0,0,0
22.600000000000094,1027,0,0,0,0,0,0,0,0,0,0
22.650000000000095,943,0,0,0,0,0,0,0,0,0,0
22.700000000000095,981,0,0,0,0,0,0,0,0,0,0
22.750000000000096,1035,0,0,0,0,0,0,0,0,0,0
22.800000000000097,1060,0,0,0,0,0,0,0,0,0,0
22.850000000000097,919,0,0,0,0,0,0,0,0,0,0
22.900000000000098,1005,0,0,0,0,0,0,0,0,0,0
22.9500000000001,1000,0,0,0,0,0,0,0,0,0,0
23.0000000000001,958,0,0,0,0,0,0,0,0,0,0
23.0500000000001,1036,0,0,0,0,0,0,0,0,0,0
23.1000000000001,1011,0,0,0,0,0,0,0,0,0,0
23.1500000000001,971,0,0,0,0,0,0,0,0,0,0
23.200000000000102,970,0,0,0,0,0,0,0,0,0,0
23.250000000000103,981,0,0,0,0,0,0,0,0,0,0
23.300000000000104,983,0,0,0,0,0,0,0,0,0,0
23.350000000000104,1004,0,0,0,0,0,0,0,0,0,0
23.400000000000105,1059,0,0,0,0,0,0,0,0,0,0
23.450000000000106,1034,0,0,0,0,0,0,0,0,0,0
23.500000000000107,985,0,0,0,0,0,0,0,0,0,0
23.550000000000107,991,0,0,0,0,0,0,0,0,0,0
23.600000000000108,1047,0,0,0,0,0,0,0,0,0,0
23.65000000000011,1021,0,0,0,0,0,0,0,0,0,0
23.70000000000011,955,0,0,0,0,0,0,0,0,0,0
23.75000000000011,1000,0,0,0,0,0,0,0,0,0,0
23.80000000000011,1020,0,0,0,0,0,0,0,0,0,0
23.85000000000011,997,0,0,0,0,0,0,0,0,0,0
23.900000000000112,994,0,0,0,0,0,0,0,0,0,0
23.950000000000113,969,0,0,0,0,0,0,0,0,0,0
24.000000000000114,1009,0,0,0,0,0,0,0,0,0,0
24.050000000000114,1030,0,0,0,0,0,0,0,0,0,0
24.100000000000115,989,0,0,0,0,0,0,0,0,0,0
24.150000000000116,1008,0,0,0,0,0,0,0,0,0,0
24.200000000000117,1030,0,0,0,0,0,0,0,0,0,0
24.250000000000117,962,0,0,0,0,0,0,0,0,0,0
24.300000000000118,973,0,0,0,0,0,0,0,0,0,0
24.35000000000012,951,0,0,0,0,0,0,0,0,0,0
24.40000000000012,973,0,0,0,0,0,0,0,0,0,0
24.45000000000012,998,0,0,0,0,0,0,0,0,0,0
24.50000000000012,1045,0,0,0,0,0,0,0,0,0,0
24.55000000000012,1013,0,0,0,0,0,0,0,0,0,0
24.600000000000122,996,0,0,0,0,0,0,0,0,0,0
24.650000000000123,1035,0,0,0,0,0,0,0,0,0,0
24.700000000000124,976,0,0,0,0,0,0,0,0,0,0
24.750000000000124,1062,0,0,0,0,0,0,0,0,0,0
24.800000000000125,1003,0,0,0,0,0,0,0,0,0,0
24.850000000000126,933,0,0,0,0,0,0,0,0,0,0
24.900000000000126,1019,0,0,0,0,0,0,0,0,0,0
24.950000000000127,989,0,0,0,0,0,0,0,0,0,0
25.000000000000128,992,0,0,0,0,0,0,0,0,0,0
25.05000000000013,985,0,0,0,0,0,0,0,0,0,0
25.10000000000013,1036,0,0,0,0,0,0,0,0,0,0
25.15000000000013,1052,0,0,0,0,0,0,0,0,0,0
25.20000000000013,1036,0,0,0,0,0,0,0,0,0,0
25.25000000000013,997,0,0,0,0,0,0,0,0,0,0
25.300000000000132,977,0,0,0,0,0,0,0,0,0,0
25.350000000000133,953,0,0,0,0,0,0,0,0,0,0
25.400000000000134,958,0,0,0,0,0,0,0,0,0,0
25.450000000000134,964,0,0,0,0,0,0,0,0,0,0
25.500000000000135,1020,0,0,0,0,0,0,0,0,0,0
25.550000000000136,1029,0,0,0,0,0,0,0,0,0,0
25.600000000000136,1090,0,0,0,0,0,0,0,0,0,0
25.650000000000137,1028,0,0,0,0,0,0,0,0,0,0
25.700000000000138,1014,0,0,0,0,0,0,0,0,0,0
25.75000000000014,1022,0,0,0,0,0,0,0,0,0,0
25.80000000000014,997,0,0,0,0,0,0,0,0,0,0
25.85000000000014,969,0,0,0,0,0,0,0,0,0,0
25.90000000000014,962,0,0,0,0,0,0,0,0,0,0
25.95000000000014,996,0,0,0,0,0,0,0,0,0,0
26.000000000000142,1045,0,0,0,0,0,0,0,0,0,0
26.050000000000143,968,0,0,0,0,0,0,0,0,0,0
26.100000000000144,991,0,0,0,0,0,0,0,0,0,0
26.150000000000144,1024,0,0,0,0,0,0,0,0,0,0
26.200000000000145,991,0,0,0,0,0,0,0,0,0,0
26.250000000000146,978,0,0,0,0,0,0,0,0,0,0
26.300000000000146,972,0,0,0,0,0,0,0,0,0,0
26.350000000000147,1056,0,0,0,0,0,0,0,0,0,0
26.400000000000148,1045,0,0,0,0,0,0,0,0,0,0
26.45000000000015,1036,0,0,0,0,0,0,0,0,0,0
26.50000000000015,987,0,0,0,0,0,0,0,0,0,0
26.55000000000015,977,0,0,0,0,0,0,0,0,0,0
26.60000000000015,993,0,0,0,0,0,0,0,0,0,0
26.65000000000015,980,0,0,0,0,0,0,0,0,0,0
26.700000000000152,1010,0,0,0,0,0,0,0,0,0,0
26.750000000000153,1024,0,0,0,0,0,0,0,0,0,0
26.800000000000153,1012,0,0,0,0,0,0,0,0,0,0
26.850000000000154,958,0,0,0,0,0,0,0,0,0,0
26.900000000000155,1024,0,0,0,0,0,0,0,0,0,0
26.950000000000156,990,0,0,0,0,0,0,0,0,0,0
27.000000000000156,933,0,0,0,0,0,0,0,0,0,0
27.050000000000157,991,0,0,0,0,0,0,0,0,0,0
27.100000000000158,1083,0,0,0,0,0,0,0,0,0,0
27.15000000000016,949,0,0,0,0,0,0,0,0,0,0
27.20000000000016,1030,0,0,0,0,0,0,0,0,0,0
27.25000000000016,985,0,0,0,0,0,0,0,0,0,0
27.30000000000016,982,0,0,0,0,0,0,0,0,0,0
27.35000000000016,1009,0,0,0,0,0,0,0,0,0,0
27.400000000000162,953,0,0,0,0,0,0,0,0,0,0
27.450000000000163,1000,0,0,0,0,0,0,0,0,0,0
27.500000000000163,954,0,0,0,0,0,0,0,0,0,0
27.550000000000164,1021,0,0,0,0,0,0,0,0,0,0
27.600000000000165,1071,0,0,0,0,0,0,0,0,0,0
27.650000000000166,986,0,0,0,0,0,0,0,0,0,0
27.700000000000166,979,0,0,0,0,0,0,0,0,0,0
27.750000000000167,1000,0,0,0,0,0,0,0,0,0,0
27.800000000000168,925,0,0,0,0,0,0,0,0,0,0
27.85000000000017,1017,0,0,0,0,0,0,0,0,0,0
27.90000000000017,966,0,0,0,0,0,0,0,0,0,0
27.95000000000017,1017,0,0,0,0,0,0,0,0,0,0
28.00000000000017,1040,0,0,0,0,0,0,0,0,0,0
28.05000000000017,1004,0,0,0,0,0,0,0,0,0,0
28.100000000000172,971,0,0,0,0,0,0,0,0,0,0
28.150000000000173,1013,0,0,0,0,0,0,0,0,0,0
28.200000000000173,1015,0,0,0,0,0,0,0,0,0,0
28.250000000000174,1004,0,0,0,0,0,0,0,0,0,0
28.300000000000175,985,0,0,0,0,0,0,0,0,0,0
28.350000000000176,982,0,0,0,0,0,0,0,0,0,0
28.400000000000176,1048,0,0,0,0,0,0,0,0,0,0
28.450000000000177,1006,0,0,0,0,0,0,0,0,0,0
28.500000000000178,1000,0,0,0,0,0,0,0,0,0,0
28.55000000000018,1022,0,0,0,0,0,0,0,0,0,0
28.60000000000018,1041,0,0,0,0,0,0,0,0,0,0
28.65000000000018,987,0,0,0,0,0,0,0,0,0,0
28.70000000000018,968,0,0,0,0,0,0,0,0,0,0
28.75000000000018,1018,0,0,0,0,0,0,0,0,0,0
28.800000000000182,999,0,0,0,0,0,0,0,0,0,0
28.850000000000183,985,0,0,0,0,0,0,0,0,0,0
28.900000000000183,1043,0,0,0,0,0,0,0,0,0,0
28.950000000000184,1014,0,0,0,0,0,0,0,0,0,0
29.000000000000185,1045,0,0,0,0,0,0,0,0,0,0
29.050000000000185,979,0,0,0,0,0,0,0,0,0,0
29.100000000000186,952,0,0,0,0,0,0,0,0,0,0
29.150000000000187,948,0,0,0,0,0,0,0,0,0,0
29.200000000000188,965,0,0,0,0,0,0,0,0,0,0
29.25000000000019,982,0,0,0,0,0,0,0,0,0,0
29.30000000000019,1035,0,0,0,0,0,0,0,0,0,0
29.35000000000019,1031,0,0,0,0,0,0,0,0,0,0
29.40000000000019,985,0,0,0,0,0,0,0,0,0,0
29.45000000000019,995,0,0,0,0,0,0,0,0,0,0
29.500000000000192,1053,0,0,0,0,0,0,0,0,0,0
29.550000000000193,1044,0,0,0,0,0,0,0,0,0,0
29.600000000000193,1019,0,0,0,0,0,0,0,0,0,0
29.650000000000194,1009,0,0,0,0,0,0,0,0,0,0
29.700000000000195,992,0,0,0,0,0,0,0,0,0,0
29.750000000000195,1027,0,0,0,0,0,0,0,0,0,0
29.800000000000196,1028,0,0,0,0,0,0,0,0,0,0
29.850000000000197,962,0,0,0,0,0,0,0,0,0,0
29.900000000000198,992,0,0,0,0,0,0,0,0,0,0
29.9500000000002,977,0,0,0,0,0,0,0,0,0,0
30.0000000000002,993,0,0,0,0,0,0,0,0,0,0
30.0500000000002,949,0,0,0,0,0,0,0,0,0,0
30.1000000000002,1015,0,0,0,0,0,0,0,0,0,0
30.1500000000002,1025,0,0,0,0,0,0,0,0,0,0
30.200000000000202,989,0,0,0,0,0,0,0,0,0,0
30.250000000000203,1009,0,0,0,0,0,0,0,0,0,0
30.300000000000203,1009,0,0,0,0,0,0,0,0,0,0
30.350000000000204,979,0,0,0,0,0,0,0,0,0,0
30.400000000000205,932,0,0,0,0,0,0,0,0,0,0
30.450000000000205,1052,0,0,0,0,0,0,0,0,0,0
30.500000000000206,999,0,0,0,0,0,0,0,0,0,0
30.550000000000207,1002,0,0,0,0,0,0,0,0,0,0
30.600000000000207,1007,0,0,0,0,0,0,0,0,0,0
30.650000000000208,1017,0,0,0,0,0,0,0,0,0,0
30.70000000000021,1046,0,0,0,0,0,0,0,0,0,0
30.75000000000021,1029,0,0,0,0,0,0,0,0,0,0
30.80000000000021,1003,0,0,0,0,0,0,0,0,0,0
30.85000000000021,957,0,0,0,0,0,0,0,0,0,0
30.90000000000021,946,0,0,0,0,0,0,0,0,0,0
30.950000000000212,999,0,0,0,0,0,0,0,0,0,0
31.000000000000213,1046,0,0,0,0,0,0,0,0,0,0
31.050000000000214,1010,0,0,0,0,0,0,0,0,0,0
31.100000000000215,989,0,0,0,0,0,0,0,0,0,0
31.150000000000215,1014,0,0,0,0,0,0,0,0,0,0
31.200000000000216,1057,0,0,0,0,0,0,0,0,0,0
31.250000000000217,954,0,0,0,0,0,0,0,0,0,0
31.300000000000217,1046,0,0,0,0,0,0,0,0,0,0
31.350000000000218,987,0,0,0,0,0,0,0,0,0,0
31.40000000000022,946,0,0,0,0,0,0,0,0,0,0
31.45000000000022,987,0,0,0,0,0,0,0,0,0,0
31.50000000000022,1032,0,0,0,0,0,0,0,0,0,0
31.55000000000022,1018,0,0,0,0,0,0,0,0,0,0
31.60000000000022,1027,0,0,0,0,0,0,0,0,0,0
31.650000000000222,1025,0,0,0,0,0,0,0,0,0,0
31.700000000000223,993,0,0,0,0,0,0,0,0,0,0
31.750000000000224,1032,0,0,0,0,0,0,0,0,0,0
31.800000000000225,1008,0,0,0,0,0,0,0,0,0,0
31.850000000000225,974,0,0,0,0,0,0,0,0,0,0
31.900000000000226,986,0,0,0,0,0,0,0,0,0,0
31.950000000000227,996,0,0,0,0,0,0,0,0,0,0
32.00000000000023,931,0,0,0,0,0,0,0,0,0,0
32.050000000000225,929,0,0,0,0,0,0,0,0,0,0
32.10000000000022,871,0,0,0,0,0,0,0,0,0,0
32.15000000000022,868,0,0,0,0,0,0,0,0,0,0
32.200000000000216,800,0,0,0,0,0,0,0,0,0,0
32.25000000000021,693,0,0,0,0,0,0,0,0,0,0
32.30000000000021,716,0,0,0,0,0,0,0,0,0,0
32.35000000000021,598,0,0,0,0,0,0,0,0,0,0
32.400000000000205,586,0,0,0,0,0,0,0,0,0,0
32.4500000000002,478,0,0,0,0,0,0,0,0,0,0
32.5000000000002,514,0,0,0,0,0,0,0,0,0,0
32.550000000000196,433,0,0,0,0,0,0,0,0,0,0
32.60000000000019,386,0,0,0,0,0,0,0,0,0,0
32.65000000000019,327,0,0,0,0,0,0,0,0,0,0
32.70000000000019,271,0,0,0,0,0,0,0,0,0,0
32.750000000000185,242,0,0,0,0,0,0,0,0,0,0
32.80000000000018,153,0,0,0,0,0,0,0,0,0,0
32.85000000000018,121,0,0,0,0,0,0,0,0,0,0
32.900000000000176,77,0,0,0,0,0,0,0,0,0,0
32.95000000000017,19,0,0,0,0,0,0,0,0,0,0
33.00000000000017,0,0,0,0,0,0,0,0,0,0,0
33.05000000000017,0,0,0,0,0,0,0,0,0,0,0
33.100000000000165,0,0,0,0,0,0,0,0,0,0,0
33.15000000000016,0,0,0,0,0,0,0,0,0,0,0
33.20000000000016,0,0,0,0,0,0,0,0,0,0,0
33.250000000000156,0,0,0,0,0,0,0,0,0,0,0
33.30000000000015,0,0,0,0,0,0,0,0,0,0,0
33.35000000000015,0,0,0,0,0,0,0,0,0,0,0
33.40000000000015,0,0,0,0,0,0,0,0,0,0,0
33.450000000000145,0,0,0,0,0,0,0,0,0,0,0
33.50000000000014,0,0,0,0,0,0,0,0,0,0,0
33.55000000000014,0,0,0,0,0,0,0,0,0,0,0
33.600000000000136,0,0,0,0,0,0,0,0,0,0,0
33.650000000000134,0,0,0,0,0,0,0,0,0,0,0
33.70000000000013,0,0,0,0,0,0,0,0,0,0,0
33.75000000000013,0,0,0,0,0,0,0,0,0,0,0
33.800000000000125,0,0,0,0,0,0,0,0,0,0,0
33.85000000000012,0,0,0,0,0,0,0,0,0,0,0
33.90000000000012,0,0,0,0,0,0,0,0,0,0,0
33.95000000000012,0,0,0,0,0,0,0,0,0,0,0
34.000000000000114,0,0,0,0,0,0,0,0,0,0,0
34.05000000000011,0,0,0,0,0,0,0,0,0,0,0
34.10000000000011,0,0,0,0,0,0,0,0,0,0,0
34.150000000000105,0,0,0,0,0,0,0,0,0,0,0
34.2000000000001,0,0,0,0,0,0,0,0,0,0,0
34.2500000000001,0,0,0,0,0,0,0,0,0,0,0
34.3000000000001,0,0,0,0,0,0,0,0,0,0,0
34.350000000000094,0,0,0,0,0,0,0,0,0,0,0
34.40000000000009,0,0,0,0,0,0,0,0,0,0,0
34.45000000000009,0,0,0,0,0,0,0,0,0,0,0
34.500000000000085,0,0,0,0,0,0,0,0,0,0,0
34.55000000000008,0,0,0,0,0,0,0,0,0,0,0
34.60000000000008,0,0,0,0,0,0,0,0,0,0,0
34.65000000000008,0,0,0,0,0,0,0,0,0,0,0
34.700000000000074,0,0,0,0,0,0,0,0,0,0,0
34.75000000000007,0,0,0,0,0,0,0,0,0,0,0
34.80000000000007,0,0,0,0,0,0,0,0,0,0,0
34.850000000000065,0,0,0,0,0,0,0,0,0,0,0
34.90000000000006,0,0,0,0,0,0,0,0,0,0,0
34.95000000000006,0,0,0,0,0,0,0,0,0,0,0
35.00000000000006,0,0,0,0,0,0,0,0,0,0,0
35.050000000000054,0,0,0,0,0,0,0,0,0,0,0
35.10000000000005,0,0,0,0,0,0,0,0,0,0,0
35.15000000000005,0,0,0,0,0,0,0,0,0,0,0
35.200000000000045,0,0,0,0,0,0,0,0,0,0,0
35.25000000000004,0,0,0,0,0,0,0,0,0,0,0
35.30000000000004,0,0,0,0,0,0,0,0,0,0,0
35.35000000000004,0,0,0,0,0,0,0,0,0,0,0
35.400000000000034,0,0,0,0,0,0,0,0,0,0,0
35.45000000000003,0,0,0,0,0,0,0,0,0,0,0
35.50000000000003,0,0,0,0,0,0,0,0,0,0,0
35.550000000000026,0,0,0,0,0,0,0,0,0,0,0
35.60000000000002,0,0,0,0,0,0,0,0,0,0,0
35.65000000000002,0,0,0,0,0,0,0,0,0,0,0
35.70000000000002,0,0,0,0,0,0,0,0,0,0,0
35.750000000000014,0,0,0,0,0,0,0,0,0,0,0
35.80000000000001,0,0,0,0,0,0,0,0,0,0,0
35.85000000000001,0,0,0,0,0,0,0,0,0,0,0
35.900000000000006,0,0,0,0,0,0,0,0,0,0,0
35.95,0,0,0,0,0,0,0,0,0,0,0
36.0,0,0,0,0,0,0,0,0,0,0,0
36.05,0,0,0,0,0,0,0,0,0,0,0
36.099999999999994,0,0,0,0,0,0,0,0,0,0,0
36.14999999999999,0,0,0,0,0,0,0,0,0,0,0
36.19999999999999,0,0,0,0,0,0,0,0,0,0,0
36.249999999999986,0,0,0,0,0,0,0,0,0,0,0
36.29999999999998,0,0,0,0,0,0,0,0,0,0,0
36.34999999999998,0,0,0,0,0,0,0,0,0,0,0
36.39999999999998,0,0,0,0,0,0,0,0,0,0,0
36.449999999999974,0,0,0,0,0,0,0,0,0,0,0
36.49999999999997,0,0,0,0,0,0,0,0,0,0,0
36.54999999999997,0,0,0,0,0,0,0,0,0,0,0
36.599999999999966,0,0,0,0,0,0,0,0,0,0,0
36.64999999999996,0,0,0,0,0,0,0,0,0,0,0
36.69999999999996,0,0,0,0,0,0,0,0,0,0,0
36.74999999999996,0,0,0,0,0,0,0,0,0,0,0
36.799999999999955,0,0,0,0,0,0,0,0,0,0,0
36.84999999999995,0,0,0,0,0,0,0,0,0,0,0
36.89999999999995,0,0,0,0,0,0,0,0,0,0,0
36.949999999999946,0,0,0,0,0,0,0,0,0,0,0
36.99999999999994,0,0,0,0,0,0,0,0,0,0,0
37.04999999999994,0,0,0,0,0,0,0,0,0,0,0
37.09999999999994,0,0,0,0,0,0,0,0,0,0,0
37.149999999999935,0,0,0,0,0,0,0,0,0,0,0
37.19999999999993,0,0,0,0,0,0,0,0,0,0,0
37.24999999999993,0,0,0,0,0,0,0,0,0,0,0
37.299999999999926,0,0,0,0,0,0,0,0,0,0,0
37.34999999999992,0,0,0,0,0,0,0,0,0,0,0
37.39999999999992,0,0,0,0,0,0,0,0,0,0,0
37.44999999999992,0,0,0,0,0,0,0,0,0,0,0
37.499999999999915,0,0,0,0,0,0,0,0,0,0,0
37.54999999999991,0,0,0,0,0,0,0,0,0,0,0
37.59999999999991,0,0,0,0,0,0,0,0,0,0,0
37.649999999999906,0,0,0,0,0,0,0,0,0,0,0
37.6999999999999,0,0,0,0,0,0,0,0,0,0,0
37.7499999999999,0,0,0,0,0,0,0,0,0,0,0
37.7999999999999,0,0,0,0,0,0,0,0,0,0,0
37.849999999999895,0,0,0,0,0,0,0,0,0,0,0
37.89999999999989,0,0,0,0,0,0,0,0,0,0,0
37.94999999999989,0,0,0,0,0,0,0,0,0,0,0
37.999999999999886,0,0,0,0,0,0,0,0,0,0,0
38.04999999999988,0,0,0,0,0,0,0,0,0,0,0
38.09999999999988,0,0,0,0,0,0,0,0,0,0,0
38.14999999999988,0,0,0,0,0,0,0,0,0,0,0
38.199999999999875,0,0,0,0,0,0,0,0,0,0,0
38.24999999999987,0,0,0,0,0,0,0,0,0,0,0
38.29999999999987,0,0,0,0,0,0,0,0,0,0,0
38.349999999999866,0,0,0,0,0,0,0,0,0,0,0
38.399999999999864,0,0,0,0,0,0,0,0,0,0,0
38.44999999999986,0,0,0,0,0,0,0,0,0,0,0
38.49999999999986,0,0,0,0,0,0,0,0,0,0,0
38.549999999999855,0,0,0,0,0,0,0,0,0,0,0
38.59999999999985,0,0,0,0,0,0,0,0,0,0,0
38.64999999999985,0,0,0,0,0,0,0,0,0,0,0
38.69999999999985,0,0,0,0,0,0,0,0,0,0,0
38.749999999999844,0,0,0,0,0,0,0,0,0,0,0
38.79999999999984,0,0,0,0,0,0,0,0,0,0,0
38.84999999999984,0,0,0,0,0,0,0,0,0,0,0
38.899999999999835,0,0,0,0,0,0,0,0,0,0,0
38.94999999999983,0,0,0,0,0,0,0,0,0,0,0
38.99999999999983,0,0,0,0,0,0,0,0,0,0,0
39.04999999999983,0,0,0,0,0,0,0,0,0,0,0
39.099999999999824,0,0,0,0,0,0,0,0,0,0,0
39.14999999999982,0,0,0,0,0,0,0,0,0,0,0
39.19999999999982,0,0,0,0,0,0,0,0,0,0,0
39.249999999999815,0,0,0,0,0,0,0,0,0,0,0
39.29999999999981,0,0,0,0,0,0,0,0,0,0,0
39.34999999999981,0,0,0,0,0,0,0,0,0,0,0
39.39999999999981,0,0,0,0,0,0,0,0,0,0,0
39.449999999999804,0,0,0,0,0,0,0,0,0,0,0
39.4999999999998,0,0,0,0,0,0,0,0,0,0,0
39.5499999999998,0,0,0,0,0,0,0,0,0,0,0
39.599999999999795,0,0,0,0,0,0,0,0,0,0,0
39.64999999999979,0,0,0,0,0,0,0,0,0,0,0
39.69999999999979,0,0,0,0,0,0,0,0,0,0,0
39.74999999999979,0,0,0,0,0,0,0,0,0,0,0
39.799999999999784,0,0,0,0,0,0,0,0,0,0,0
39.84999999999978,0,0,0,0,0,0,0,0,0,0,0
39.89999999999978,0,0,0,0,0,0,0,0,0,0,0
39.949999999999775,0,0,0,0,0,0,0,0,0,0,0
39.99999999999977,0,0,0,0,0,0,0,0,0,0,0
40.04999999999977,0,0,0,0,0,0,0,0,0,0,0
40.09999999999977,0,0,0,0,0,0,0,0,0,0,0
40.149999999999764,0,0,0,0,0,0,0,0,0,0,0
40.19999999999976,0,0,0,0,0,0,0,0,0,0,0
40.24999999999976,0,0,0,0,0,0,0,0,0,0,0
40.299999999999756,0,0,0,0,0,0,0,0,0,0,0
40.34999999999975,0,0,0,0,0,0,0,0,0,0,0
40.39999999999975,0,0,0,0,0,0,0,0,0,0,0
40.44999999999975,0,0,0,0,0,0,0,0,0,0,0
40.499999999999744,0,0,0,0,0,0,0,0,0,0,0
40.54999999999974,0,0,0,0,0,0,0,0,0,0,0
40.59999999999974,0,0,0,0,0,0,0,0,0,0,0
40.649999999999736,0,0,0,0,0,0,0,0,0,0,0
40.69999999999973,0,0,0,0,0,0,0,0,0,0,0
40.74999999999973,0,0,0,0,0,0,0,0,0,0,0
40.79999999999973,0,0,0,0,0,0,0,0,0,0,0
40.849999999999724,0,0,0,0,0,0,0,0,0,0,0
40.89999999999972,0,0,0,0,0,0,0,0,0,0,0
40.94999999999972,0,0,0,0,0,0,0,0,0,0,0
40.999999999999716,0,0,0,0,0,0,0,0,0,0,0
41.04999999999971,0,0,0,0,0,0,0,0,0,0,0
41.09999999999971,0,0,0,0,0,0,0,0,0,0,0
41.14999999999971,0,0,0,0,0,0,0,0,0,0,0
41.199999999999704,0,0,0,0,0,0,0,0,0,0,0
41.2499999999997,0,0,0,0,0,0,0,0,0,0,0
41.2999999999997,0,0,0,0,0,0,0,0,0,0,0
41.349999999999696,0,0,0,0,0,0,0,0,0,0,0
41.39999999999969,0,0,0,0,0,0,0,0,0,0,0
41.44999999999969,0,0,0,0,0,0,0,0,0,0,0
41.49999999999969,0,0,0,0,0,0,0,0,0,0,0
41.549999999999685,0,0,0,0,0,0,0,0,0,0,0
