*****
4,0.05,100,0,0.4,10,100,0.261843996326,0.0853672733114
4,100,100,100,100,100,0,0,0,0,0,0
4.05,109,109,108,109,109,0,0,0,0,0,0
4.1,111,111,111,111,111,0,0,0,0,0,0
4.1499999999999995,97,97,97,97,97,0,0,0,0,0,0
4.199999999999999,130,130,129,130,130,0,0,0,0,0,0
4.249999999999999,113,113,111,113,113,0,0,0,0,0,0
4.299999999999999,114,114,111,114,114,0,0,0,0,0,0
4.349999999999999,105,105,104,105,105,0,0,0,0,0,0
4.399999999999999,114,114,109,114,114,0,0,0,0,0,0
4.449999999999998,114,113,103,113,113,0,0,0,0,0,0
4.499999999999998,121,120,110,119,120,0,0,0,0,0,0
4.549999999999998,100,94,79,98,95,0,0,0,0,0,0
4.599999999999998,118,114,103,115,114,0,0,0,0,0,0
4.649999999999998,120,118,88,117,118,0,0,0,0,0,0
4.6999999999999975,107,96,77,101,97,0,0,0,0,0,0
4.749999999999997,123,102,83,112,107,0,0,0,0,0,0
4.799999999999997,128,104,80,112,108,0,0,0,0,0,0
4.849999999999997,105,81,59,95,85,0,0,0,0,0,0
4.899999999999997,119,73,56,98,76,0,0,0,0,0,0
4.949999999999997,113,64,42,81,68,0,0,0,0,0,0
4.9999999999999964,129,58,44,73,63,0,0,0,0,0,0
5.049999999999996,102,35,28,51,38,0,0,0,0,0,0
5.099999999999996,106,28,19,45,31,0,0,0,0,0,0
5.149999999999996,122,27,19,43,29,0,0,0,0,0,0
5.199999999999996,108,20,15,31,23,0,0,0,0,0,0
5.249999999999996,132,13,10,25,16,0,0,0,0,0,0
5.299999999999995,127,13,11,20,14,0,0,0,0,0,0
5.349999999999995,123,8,6,11,9,0,0,0,0,0,0
5.399999999999995,104,4,2,7,4,0,0,0,0,0,0
5.449999999999995,99,1,0,3,1,0,0,0,0,0,0
5.499999999999995,117,0,0,1,0,0,0,0,0,0,0
5.5499999999999945,129,0,0,2,0,0,0,0,0,0,0
5.599999999999994,115,1,1,4,1,0,0,0,0,0,0
5.649999999999994,117,0,0,0,0,0,0,0,0,0,0
5.699999999999994,101,0,0,0,0,0,0,0,0,0,0
5.749999999999994,106,0,0,0,0,0,0,0,0,0,0
5.799999999999994,143,0,0,0,0,0,0,0,0,0,0
5.849999999999993,118,0,0,0,0,0,0,0,0,0,0
5.899999999999993,105,0,0,0,0,0,0,0,0,0,0
5.949999999999993,103,0,0,0,0,0,0,0,0,0,0
5.999999999999993,102,0,0,0,0,0,0,0,0,0,0
6.049999999999993,132,0,0,0,0,0,0,0,0,0,0
6.0999999999999925,113,0,0,0,0,0,0,0,0,0,0
6.149999999999992,122,0,0,0,0,0,0,0,0,0,0
6.199999999999992,107,0,0,0,0,0,0,0,0,0,0
6.249999999999992,114,0,0,0,0,0,0,0,0,0,0
6.299999999999992,112,0,0,0,0,0,0,0,0,0,0
6.349999999999992,122,0,0,0,0,0,0,0,0,0,0
6.3999999999999915,119,0,0,0,0,0,0,0,0,0,0
6.449999999999991,104,0,0,0,0,0,0,0,0,0,0
6.499999999999991,122,0,0,0,0,0,0,0,0,0,0
6.549999999999991,107,0,0,0,0,0,0,0,0,0,0
6.599999999999991,108,0,0,0,0,0,0,0,0,0,0
6.649999999999991,105,0,0,0,0,0,0,0,0,0,0
6.69999999999999,128,0,0,0,0,0,0,0,0,0,0
6.74999999999999,123,0,0,0,0,0,0,0,0,0,0
6.79999999999999,118,0,0,0,0,0,0,0,0,0,0
6.84999999999999,114,0,0,0,0,0,0,0,0,0,0
6.89999999999999,115,0,0,0,0,0,0,0,0,0,0
6.9499999999999895,106,0,0,0,0,0,0,0,0,0,0
6.999999999999989,116,0,0,0,0,0,0,0,0,0,0
7.049999999999989,118,0,0,0,0,0,0,0,0,0,0
7.099999999999989,102,0,0,0,0,0,0,0,0,0,0
7.149999999999989,108,0,0,0,0,0,0,0,0,0,0
7.199999999999989,103,0,0,0,0,0,0,0,0,0,0
7.2499999999999885,114,0,0,0,0,0,0,0,0,0,0
7.299999999999988,119,0,0,0,0,0,0,0,0,0,0
7.349999999999988,102,0,0,0,0,0,0,0,0,0,0
7.399999999999988,132,0,0,0,0,0,0,0,0,0,0
7.449999999999988,111,0,0,0,0,0,0,0,0,0,0
7.499999999999988,93,0,0,0,0,0,0,0,0,0,0
7.549999999999987,91,0,0,0,0,0,0,0,0,0,0
7.599999999999987,113,0,0,0,0,0,0,0,0,0,0
7.649999999999987,116,0,0,0,0,0,0,0,0,0,0
7.699999999999987,110,0,0,0,0,0,0,0,0,0,0
7.749999999999987,130,0,0,0,0,0,0,0,0,0,0
7.7999999999999865,102,0,0,0,0,0,0,0,0,0,0
7.849999999999986,128,0,0,0,0,0,0,0,0,0,0
7.899999999999986,113,0,0,0,0,0,0,0,0,0,0
7.949999999999986,111,0,0,0,0,0,0,0,0,0,0
7.999999999999986,80,0,0,0,0,0,0,0,0,0,0
8.049999999999986,104,0,0,0,0,0,0,0,0,0,0
8.099999999999987,88,0,0,0,0,0,0,0,0,0,0
8.149999999999988,71,0,0,0,0,0,0,0,0,0,0
8.199999999999989,48,0,0,0,0,0,0,0,0,0,0
8.24999999999999,32,0,0,0,0,0,0,0,0,0,0
8.29999999999999,27,0,0,0,0,0,0,0,0,0,0
8.34999999999999,5,0,0,0,0,0,0,0,0,0,0
8.399999999999991,0,0,0,0,0,0,0,0,0,0,0
8.449999999999992,0,0,0,0,0,0,0,0,0,0,0
8.499999999999993,0,0,0,0,0,0,0,0,0,0,0
8.549999999999994,0,0,0,0,0,0,0,0,0,0,0
8.599999999999994,0,0,0,0,0,0,0,0,0,0,0
8.649999999999995,0,0,0,0,0,0,0,0,0,0,0
8.699999999999996,0,0,0,0,0,0,0,0,0,0,0
8.749999999999996,0,0,0,0,0,0,0,0,0,0,0
8.799999999999997,0,0,0,0,0,0,0,0,0,0,0
8.849999999999998,0,0,0,0,0,0,0,0,0,0,0
8.899999999999999,0,0,0,0,0,0,0,0,0,0,0
8.95,0,0,0,0,0,0,0,0,0,0,0
9.0,0,0,0,0,0,0,0,0,0,0,0
9.05,0,0,0,0,0,0,0,0,0,0,0
9.100000000000001,0,0,0,0,0,0,0,0,0,0,0
9.150000000000002,0,0,0,0,0,0,0,0,0,0,0
9.200000000000003,0,0,0,0,0,0,0,0,0,0,0
9.250000000000004,0,0,0,0,0,0,0,0,0,0,0
9.300000000000004,0,0,0,0,0,0,0,0,0,0,0
9.350000000000005,0,0,0,0,0,0,0,0,0,0,0
9.400000000000006,0,0,0,0,0,0,0,0,0,0,0
9.450000000000006,0,0,0,0,0,0,0,0,0,0,0
9.500000000000007,0,0,0,0,0,0,0,0,0,0,0
9.550000000000008,0,0,0,0,0,0,0,0,0,0,0
9.600000000000009,0,0,0,0,0,0,0,0,0,0,0
9.65000000000001,0,0,0,0,0,0,0,0,0,0,0
9.70000000000001,0,0,0,0,0,0,0,0,0,0,0
9.75000000000001,0,0,0,0,0,0,0,0,0,0,0
9.800000000000011,0,0,0,0,0,0,0,0,0,0,0
9.850000000000012,0,0,0,0,0,0,0,0,0,0,0
9.900000000000013,0,0,0,0,0,0,0,0,0,0,0
9.950000000000014,0,0,0,0,0,0,0,0,0,0,0
10.000000000000014,0,0,0,0,0,0,0,0,0,0,0
10.050000000000015,0,0,0,0,0,0,0,0,0,0,0
10.100000000000016,0,0,0,0,0,0,0,0,0,0,0
10.150000000000016,0,0,0,0,0,0,0,0,0,0,0
10.200000000000017,0,0,0,0,0,0,0,0,0,0,0
10.250000000000018,0,0,0,0,0,0,0,0,0,0,0
10.300000000000018,0,0,0,0,0,0,0,0,0,0,0
10.35000000000002,0,0,0,0,0,0,0,0,0,0,0
*****
4,0.05,100,0.3,0.7,10,100,0.261843996326,0.0853672733114
4,100,95,96,91,96,0,0,0,0,0,0
4.05,97,90,94,91,92,0,0,0,0,0,0
4.1,79,76,75,74,75,0,0,0,0,0,0
4.1499999999999995,82,74,77,78,76,0,0,0,0,0,0
4.199999999999999,83,79,82,82,81,0,0,0,0,0,0
4.249999999999999,86,79,82,78,80,0,0,0,0,0,0
4.299999999999999,73,71,72,70,72,0,0,0,0,0,0
4.349999999999999,84,80,79,78,81,0,0,0,0,0,0
4.399999999999999,94,90,89,84,90,0,0,0,0,0,0
4.449999999999998,68,64,64,65,65,0,0,0,0,0,0
4.499999999999998,75,67,70,67,70,0,0,0,0,0,0
4.549999999999998,98,90,89,84,91,0,0,0,0,0,0
4.599999999999998,103,87,88,92,90,0,0,0,0,0,0
4.649999999999998,66,50,48,51,51,0,0,0,0,0,0
4.6999999999999975,80,65,65,65,66,0,0,0,0,0,0
4.749999999999997,77,53,56,57,57,0,0,0,0,0,0
4.799999999999997,78,49,52,53,54,0,0,0,0,0,0
4.849999999999997,92,56,59,64,60,0,0,0,0,0,0
4.899999999999997,96,59,63,68,64,0,0,0,0,0,0
4.949999999999997,74,37,43,47,44,0,0,0,0,0,0
4.9999999999999964,90,46,47,50,51,0,0,0,0,0,0
5.049999999999996,84,43,44,50,45,0,0,0,0,0,0
5.099999999999996,73,25,28,26,28,0,0,0,0,0,0
5.149999999999996,77,25,24,25,26,0,0,0,0,0,0
5.199999999999996,90,22,25,32,29,0,0,0,0,0,0
5.249999999999996,83,21,23,25,24,0,0,0,0,0,0
5.299999999999995,94,13,15,16,15,0,0,0,0,0,0
5.349999999999995,95,15,16,19,16,0,0,0,0,0,0
5.399999999999995,67,9,10,12,10,0,0,0,0,0,0
5.449999999999995,87,4,4,5,4,0,0,0,0,0,0
5.499999999999995,77,5,5,6,6,0,0,0,0,0,0
5.5499999999999945,77,3,3,3,3,0,0,0,0,0,0
5.599999999999994,70,2,3,6,4,0,0,0,0,0,0
5.649999999999994,85,1,1,1,1,0,0,0,0,0,0
5.699999999999994,106,0,0,0,0,0,0,0,0,0,0
5.749999999999994,90,4,5,5,5,0,0,0,0,0,0
5.799999999999994,96,0,0,0,0,0,0,0,0,0,0
5.849999999999993,83,1,2,2,2,0,0,0,0,0,0
5.899999999999993,70,0,0,0,0,0,0,0,0,0,0
5.949999999999993,84,0,0,0,0,0,0,0,0,0,0
5.999999999999993,68,0,0,0,0,0,0,0,0,0,0
6.049999999999993,86,0,0,0,0,0,0,0,0,0,0
6.0999999999999925,91,0,0,0,0,0,0,0,0,0,0
6.149999999999992,83,0,0,0,0,0,0,0,0,0,0
6.199999999999992,73,0,0,0,0,0,0,0,0,0,0
6.249999999999992,96,0,0,0,0,0,0,0,0,0,0
6.299999999999992,98,0,0,0,0,0,0,0,0,0,0
6.349999999999992,78,1,1,1,1,0,0,0,0,0,0
6.3999999999999915,76,0,0,0,0,0,0,0,0,0,0
6.449999999999991,84,0,0,0,0,0,0,0,0,0,0
6.499999999999991,91,0,0,0,0,0,0,0,0,0,0
6.549999999999991,72,0,0,0,0,0,0,0,0,0,0
6.599999999999991,81,0,0,0,0,0,0,0,0,0,0
6.649999999999991,77,0,0,0,0,0,0,0,0,0,0
6.69999999999999,73,0,0,0,0,0,0,0,0,0,0
6.74999999999999,115,0,0,0,0,0,0,0,0,0,0
6.79999999999999,75,0,0,0,0,0,0,0,0,0,0
6.84999999999999,87,0,0,0,0,0,0,0,0,0,0
6.89999999999999,95,0,0,0,0,0,0,0,0,0,0
6.9499999999999895,89,0,0,0,0,0,0,0,0,0,0
6.999999999999989,74,0,0,0,0,0,0,0,0,0,0
7.049999999999989,69,0,0,0,0,0,0,0,0,0,0
7.099999999999989,84,0,0,0,0,0,0,0,0,0,0
7.149999999999989,76,0,0,0,0,0,0,0,0,0,0
7.199999999999989,73,0,0,0,0,0,0,0,0,0,0
7.2499999999999885,80,0,0,0,0,0,0,0,0,0,0
7.299999999999988,86,0,0,0,0,0,0,0,0,0,0
7.349999999999988,82,0,0,0,0,0,0,0,0,0,0
7.399999999999988,106,0,0,0,0,0,0,0,0,0,0
7.449999999999988,80,0,0,0,0,0,0,0,0,0,0
7.499999999999988,78,0,0,0,0,0,0,0,0,0,0
7.549999999999987,84,0,0,0,0,0,0,0,0,0,0
7.599999999999987,94,0,0,0,0,0,0,0,0,0,0
7.649999999999987,72,0,0,0,0,0,0,0,0,0,0
7.699999999999987,66,0,0,0,0,0,0,0,0,0,0
7.749999999999987,90,0,0,0,0,0,0,0,0,0,0
7.7999999999999865,103,0,0,0,0,0,0,0,0,0,0
7.849999999999986,85,0,0,0,0,0,0,0,0,0,0
7.899999999999986,83,0,0,0,0,0,0,0,0,0,0
7.949999999999986,84,0,0,0,0,0,0,0,0,0,0
7.999999999999986,77,0,0,0,0,0,0,0,0,0,0
8.049999999999986,89,0,0,0,0,0,0,0,0,0,0
8.099999999999987,82,0,0,0,0,0,0,0,0,0,0
8.149999999999988,85,0,0,0,0,0,0,0,0,0,0
8.199999999999989,77,0,0,0,0,0,0,0,0,0,0
8.24999999999999,89,0,0,0,0,0,0,0,0,0,0
8.29999999999999,82,0,0,0,0,0,0,0,0,0,0
8.34999999999999,77,0,0,0,0,0,0,0,0,0,0
8.399999999999991,65,0,0,0,0,0,0,0,0,0,0
8.449999999999992,40,0,0,0,0,0,0,0,0,0,0
8.499999999999993,29,0,0,0,0,0,0,0,0,0,0
8.549999999999994,22,0,0,0,0,0,0,0,0,0,0
8.599999999999994,15,0,0,0,0,0,0,0,0,0,0
8.649999999999995,5,0,0,0,0,0,0,0,0,0,0
8.699999999999996,0,0,0,0,0,0,0,0,0,0,0
8.749999999999996,0,0,0,0,0,0,0,0,0,0,0
8.799999999999997,0,0,0,0,0,0,0,0,0,0,0
8.849999999999998,0,0,0,0,0,0,0,0,0,0,0
8.899999999999999,0,0,0,0,0,0,0,0,0,0,0
8.95,0,0,0,0,0,0,0,0,0,0,0
9.0,0,0,0,0,0,0,0,0,0,0,0
9.05,0,0,0,0,0,0,0,0,0,0,0
9.100000000000001,0,0,0,0,0,0,0,0,0,0,0
9.150000000000002,0,0,0,0,0,0,0,0,0,0,0
9.200000000000003,0,0,0,0,0,0,0,0,0,0,0
9.250000000000004,0,0,0,0,0,0,0,0,0,0,0
9.300000000000004,0,0,0,0,0,0,0,0,0,0,0
9.350000000000005,0,0,0,0,0,0,0,0,0,0,0
9.400000000000006,0,0,0,0,0,0,0,0,0,0,0
9.450000000000006,0,0,0,0,0,0,0,0,0,0,0
9.500000000000007,0,0,0,0,0,0,0,0,0,0,0
9.550000000000008,0,0,0,0,0,0,0,0,0,0,0
9.600000000000009,0,0,0,0,0,0,0,0,0,0,0
9.65000000000001,0,0,0,0,0,0,0,0,0,0,0
9.70000000000001,0,0,0,0,0,0,0,0,0,0,0
9.75000000000001,0,0,0,0,0,0,0,0,0,0,0
9.800000000000011,0,0,0,0,0,0,0,0,0,0,0
9.850000000000012,0,0,0,0,0,0,0,0,0,0,0
9.900000000000013,0,0,0,0,0,0,0,0,0,0,0
9.950000000000014,0,0,0,0,0,0,0,0,0,0,0
10.000000000000014,0,0,0,0,0,0,0,0,0,0,0
10.050000000000015,0,0,0,0,0,0,0,0,0,0,0
10.100000000000016,0,0,0,0,0,0,0,0,0,0,0
10.150000000000016,0,0,0,0,0,0,0,0,0,0,0
10.200000000000017,0,0,0,0,0,0,0,0,0,0,0
10.250000000000018,0,0,0,0,0,0,0,0,0,0,0
10.300000000000018,0,0,0,0,0,0,0,0,0,0,0
10.35000000000002,0,0,0,0,0,0,0,0,0,0,0
*****
4,0.05,100,0.6,1,10,100,0.261843996326,0.0853672733114
4,100,0,1,1,1,0,0,0,0,0,0
4.05,80,1,1,2,1,0,0,0,0,0,0
4.1,108,2,3,3,3,0,0,0,0,0,0
4.1499999999999995,86,2,3,3,3,0,0,0,0,0,0
4.199999999999999,97,5,4,4,4,0,0,0,0,0,0
4.249999999999999,67,8,8,9,8,0,0,0,0,0,0
4.299999999999999,50,3,3,2,3,0,0,0,0,0,0
4.349999999999999,58,12,13,10,13,0,0,0,0,0,0
4.399999999999999,62,9,13,12,13,0,0,0,0,0,0
4.449999999999998,60,5,8,7,8,0,0,0,0,0,0
4.499999999999998,66,8,12,16,12,0,0,0,0,0,0
4.549999999999998,79,5,4,5,4,0,0,0,0,0,0
4.599999999999998,90,2,5,9,5,0,0,0,0,0,0
4.649999999999998,81,2,4,2,4,0,0,0,0,0,0
4.6999999999999975,68,1,1,1,1,0,0,0,0,0,0
4.749999999999997,77,0,1,2,1,0,0,0,0,0,0
4.799999999999997,79,1,1,1,1,0,0,0,0,0,0
4.849999999999997,93,0,0,0,0,0,0,0,0,0,0
4.899999999999997,80,0,1,1,1,0,0,0,0,0,0
4.949999999999997,87,0,0,1,0,0,0,0,0,0,0
4.9999999999999964,76,0,0,0,0,0,0,0,0,0,0
5.049999999999996,67,0,0,0,0,0,0,0,0,0,0
5.099999999999996,69,2,3,3,3,0,0,0,0,0,0
5.149999999999996,72,1,1,1,1,0,0,0,0,0,0
5.199999999999996,83,0,0,0,0,0,0,0,0,0,0
5.249999999999996,61,0,0,0,0,0,0,0,0,0,0
5.299999999999995,61,0,1,1,1,0,0,0,0,0,0
5.349999999999995,75,0,0,0,0,0,0,0,0,0,0
5.399999999999995,71,0,0,0,0,0,0,0,0,0,0
5.449999999999995,69,0,0,0,0,0,0,0,0,0,0
5.499999999999995,84,0,0,0,0,0,0,0,0,0,0
5.5499999999999945,93,0,0,0,0,0,0,0,0,0,0
5.599999999999994,73,0,0,0,0,0,0,0,0,0,0
5.649999999999994,89,0,0,0,0,0,0,0,0,0,0
5.699999999999994,68,0,0,0,0,0,0,0,0,0,0
5.749999999999994,73,0,0,0,0,0,0,0,0,0,0
5.799999999999994,75,0,0,0,0,0,0,0,0,0,0
5.849999999999993,73,0,0,0,0,0,0,0,0,0,0
5.899999999999993,69,0,0,0,0,0,0,0,0,0,0
5.949999999999993,66,0,0,0,0,0,0,0,0,0,0
5.999999999999993,76,0,0,0,0,0,0,0,0,0,0
6.049999999999993,71,0,0,0,0,0,0,0,0,0,0
6.0999999999999925,71,0,0,0,0,0,0,0,0,0,0
6.149999999999992,66,0,0,0,0,0,0,0,0,0,0
6.199999999999992,77,0,0,0,0,0,0,0,0,0,0
6.249999999999992,66,0,0,0,0,0,0,0,0,0,0
6.299999999999992,81,0,0,0,0,0,0,0,0,0,0
6.349999999999992,76,0,0,0,0,0,0,0,0,0,0
6.3999999999999915,85,0,0,0,0,0,0,0,0,0,0
6.449999999999991,93,0,0,0,0,0,0,0,0,0,0
6.499999999999991,80,0,0,0,0,0,0,0,0,0,0
6.549999999999991,69,0,0,0,0,0,0,0,0,0,0
6.599999999999991,72,0,0,0,0,0,0,0,0,0,0
6.649999999999991,73,0,0,0,0,0,0,0,0,0,0
6.69999999999999,64,0,0,0,0,0,0,0,0,0,0
6.74999999999999,82,0,0,0,0,0,0,0,0,0,0
6.79999999999999,76,0,0,0,0,0,0,0,0,0,0
6.84999999999999,73,0,0,0,0,0,0,0,0,0,0
6.89999999999999,67,0,0,0,0,0,0,0,0,0,0
6.9499999999999895,71,0,0,0,0,0,0,0,0,0,0
6.999999999999989,72,0,0,0,0,0,0,0,0,0,0
7.049999999999989,65,0,0,0,0,0,0,0,0,0,0
7.099999999999989,85,0,0,0,0,0,0,0,0,0,0
7.149999999999989,87,0,0,0,0,0,0,0,0,0,0
7.199999999999989,72,0,0,0,0,0,0,0,0,0,0
7.2499999999999885,72,0,0,0,0,0,0,0,0,0,0
7.299999999999988,66,0,0,0,0,0,0,0,0,0,0
7.349999999999988,87,0,0,0,0,0,0,0,0,0,0
7.399999999999988,71,0,0,0,0,0,0,0,0,0,0
7.449999999999988,68,0,0,0,0,0,0,0,0,0,0
7.499999999999988,88,0,0,0,0,0,0,0,0,0,0
7.549999999999987,70,0,0,0,0,0,0,0,0,0,0
7.599999999999987,63,0,0,0,0,0,0,0,0,0,0
7.649999999999987,71,0,0,0,0,0,0,0,0,0,0
7.699999999999987,76,0,0,0,0,0,0,0,0,0,0
7.749999999999987,85,0,0,0,0,0,0,0,0,0,0
7.7999999999999865,69,0,0,0,0,0,0,0,0,0,0
7.849999999999986,72,0,0,0,0,0,0,0,0,0,0
7.899999999999986,76,0,0,0,0,0,0,0,0,0,0
7.949999999999986,72,0,0,0,0,0,0,0,0,0,0
7.999999999999986,76,0,0,0,0,0,0,0,0,0,0
8.049999999999986,86,0,0,0,0,0,0,0,0,0,0
8.099999999999987,79,0,0,0,0,0,0,0,0,0,0
8.149999999999988,73,0,0,0,0,0,0,0,0,0,0
8.199999999999989,70,0,0,0,0,0,0,0,0,0,0
8.24999999999999,75,0,0,0,0,0,0,0,0,0,0
8.29999999999999,64,0,0,0,0,0,0,0,0,0,0
8.34999999999999,79,0,0,0,0,0,0,0,0,0,0
8.399999999999991,83,0,0,0,0,0,0,0,0,0,0
8.449999999999992,70,0,0,0,0,0,0,0,0,0,0
8.499999999999993,76,0,0,0,0,0,0,0,0,0,0
8.549999999999994,77,0,0,0,0,0,0,0,0,0,0
8.599999999999994,57,0,0,0,0,0,0,0,0,0,0
8.649999999999995,62,0,0,0,0,0,0,0,0,0,0
8.699999999999996,52,0,0,0,0,0,0,0,0,0,0
8.749999999999996,42,0,0,0,0,0,0,0,0,0,0
8.799999999999997,39,0,0,0,0,0,0,0,0,0,0
8.849999999999998,20,0,0,0,0,0,0,0,0,0,0
8.899999999999999,13,0,0,0,0,0,0,0,0,0,0
8.95,3,0,0,0,0,0,0,0,0,0,0
9.0,0,0,0,0,0,0,0,0,0,0,0
9.05,0,0,0,0,0,0,0,0,0,0,0
9.100000000000001,0,0,0,0,0,0,0,0,0,0,0
9.150000000000002,0,0,0,0,0,0,0,0,0,0,0
9.200000000000003,0,0,0,0,0,0,0,0,0,0,0
9.250000000000004,0,0,0,0,0,0,0,0,0,0,0
9.300000000000004,0,0,0,0,0,0,0,0,0,0,0
9.350000000000005,0,0,0,0,0,0,0,0,0,0,0
9.400000000000006,0,0,0,0,0,0,0,0,0,0,0
9.450000000000006,0,0,0,0,0,0,0,0,0,0,0
9.500000000000007,0,0,0,0,0,0,0,0,0,0,0
9.550000000000008,0,0,0,0,0,0,0,0,0,0,0
9.600000000000009,0,0,0,0,0,0,0,0,0,0,0
9.65000000000001,0,0,0,0,0,0,0,0,0,0,0
9.70000000000001,0,0,0,0,0,0,0,0,0,0,0
9.75000000000001,0,0,0,0,0,0,0,0,0,0,0
9.800000000000011,0,0,0,0,0,0,0,0,0,0,0
9.850000000000012,0,0,0,0,0,0,0,0,0,0,0
9.900000000000013,0,0,0,0,0,0,0,0,0,0,0
9.950000000000014,0,0,0,0,0,0,0,0,0,0,0
10.000000000000014,0,0,0,0,0,0,0,0,0,0,0
10.050000000000015,0,0,0,0,0,0,0,0,0,0,0
10.100000000000016,0,0,0,0,0,0,0,0,0,0,0
10.150000000000016,0,0,0,0,0,0,0,0,0,0,0
10.200000000000017,0,0,0,0,0,0,0,0,0,0,0
10.250000000000018,0,0,0,0,0,0,0,0,0,0,0
10.300000000000018,0,0,0,0,0,0,0,0,0,0,0
10.35000000000002,0,0,0,0,0,0,0,0,0,0,0
*****
4,0.05,100,0,1,10,100,0.261843996326,0.0853672733114
4,100,93,96,84,93,0,0,0,0,0,0
4.05,89,83,83,77,80,0,0,0,0,0,0
4.1,103,88,90,78,90,0,0,0,0,0,0
4.1499999999999995,71,63,63,58,64,0,0,0,0,0,0
4.199999999999999,90,78,75,75,79,0,0,0,0,0,0
4.249999999999999,96,71,74,75,75,0,0,0,0,0,0
4.299999999999999,96,74,73,74,75,0,0,0,0,0,0
4.349999999999999,95,61,66,66,66,0,0,0,0,0,0
4.399999999999999,85,56,57,60,59,0,0,0,0,0,0
4.449999999999998,106,66,63,70,69,0,0,0,0,0,0
4.499999999999998,92,44,47,52,51,0,0,0,0,0,0
4.549999999999998,112,54,53,61,62,0,0,0,0,0,0
4.599999999999998,93,44,52,51,54,0,0,0,0,0,0
4.649999999999998,100,32,33,35,34,0,0,0,0,0,0
4.6999999999999975,93,29,32,34,33,0,0,0,0,0,0
4.749999999999997,101,26,24,35,28,0,0,0,0,0,0
4.799999999999997,93,19,20,30,21,0,0,0,0,0,0
4.849999999999997,86,17,19,22,20,0,0,0,0,0,0
4.899999999999997,98,13,20,24,20,0,0,0,0,0,0
4.949999999999997,88,9,9,12,9,0,0,0,0,0,0
4.9999999999999964,94,4,5,10,7,0,0,0,0,0,0
5.049999999999996,95,4,4,9,5,0,0,0,0,0,0
5.099999999999996,89,4,4,8,5,0,0,0,0,0,0
5.149999999999996,84,2,3,6,4,0,0,0,0,0,0
5.199999999999996,89,3,2,6,4,0,0,0,0,0,0
5.249999999999996,76,2,2,4,2,0,0,0,0,0,0
5.299999999999995,105,2,3,2,3,0,0,0,0,0,0
5.349999999999995,106,1,1,4,2,0,0,0,0,0,0
5.399999999999995,85,1,1,1,1,0,0,0,0,0,0
5.449999999999995,109,0,0,0,0,0,0,0,0,0,0
5.499999999999995,102,0,0,0,0,0,0,0,0,0,0
5.5499999999999945,90,0,0,0,0,0,0,0,0,0,0
5.599999999999994,102,0,0,0,0,0,0,0,0,0,0
5.649999999999994,105,0,0,1,0,0,0,0,0,0,0
5.699999999999994,96,0,0,0,0,0,0,0,0,0,0
5.749999999999994,92,1,1,1,1,0,0,0,0,0,0
5.799999999999994,103,1,1,1,1,0,0,0,0,0,0
5.849999999999993,98,0,0,0,0,0,0,0,0,0,0
5.899999999999993,80,0,0,0,0,0,0,0,0,0,0
5.949999999999993,91,0,0,0,0,0,0,0,0,0,0
5.999999999999993,101,0,0,0,0,0,0,0,0,0,0
6.049999999999993,89,0,0,0,0,0,0,0,0,0,0
6.0999999999999925,93,0,0,0,0,0,0,0,0,0,0
6.149999999999992,82,0,0,0,0,0,0,0,0,0,0
6.199999999999992,101,0,0,0,0,0,0,0,0,0,0
6.249999999999992,93,0,0,0,0,0,0,0,0,0,0
6.299999999999992,88,0,0,0,0,0,0,0,0,0,0
6.349999999999992,85,0,0,0,0,0,0,0,0,0,0
6.3999999999999915,87,0,0,0,0,0,0,0,0,0,0
6.449999999999991,84,0,0,0,0,0,0,0,0,0,0
6.499999999999991,94,0,0,0,0,0,0,0,0,0,0
6.549999999999991,102,0,0,0,0,0,0,0,0,0,0
6.599999999999991,115,0,0,0,0,0,0,0,0,0,0
6.649999999999991,93,0,0,0,0,0,0,0,0,0,0
6.69999999999999,96,0,0,0,0,0,0,0,0,0,0
6.74999999999999,96,0,0,0,0,0,0,0,0,0,0
6.79999999999999,94,0,0,0,0,0,0,0,0,0,0
6.84999999999999,100,0,0,0,0,0,0,0,0,0,0
6.89999999999999,95,0,0,0,0,0,0,0,0,0,0
6.9499999999999895,93,0,0,0,0,0,0,0,0,0,0
6.999999999999989,110,0,0,0,0,0,0,0,0,0,0
7.049999999999989,96,0,0,0,0,0,0,0,0,0,0
7.099999999999989,89,0,0,0,0,0,0,0,0,0,0
7.149999999999989,90,0,0,0,0,0,0,0,0,0,0
7.199999999999989,98,0,0,0,0,0,0,0,0,0,0
7.2499999999999885,90,0,0,0,0,0,0,0,0,0,0
7.299999999999988,88,0,0,0,0,0,0,0,0,0,0
7.349999999999988,84,0,0,0,0,0,0,0,0,0,0
7.399999999999988,95,0,0,0,0,0,0,0,0,0,0
7.449999999999988,96,0,0,0,0,0,0,0,0,0,0
7.499999999999988,95,0,0,0,0,0,0,0,0,0,0
7.549999999999987,86,0,0,0,0,0,0,0,0,0,0
7.599999999999987,102,0,0,0,0,0,0,0,0,0,0
7.649999999999987,98,0,0,0,0,0,0,0,0,0,0
7.699999999999987,87,0,0,0,0,0,0,0,0,0,0
7.749999999999987,91,0,0,0,0,0,0,0,0,0,0
7.7999999999999865,103,0,0,0,0,0,0,0,0,0,0
7.849999999999986,108,0,0,0,0,0,0,0,0,0,0
7.899999999999986,96,0,0,0,0,0,0,0,0,0,0
7.949999999999986,92,0,0,0,0,0,0,0,0,0,0
7.999999999999986,92,0,0,0,0,0,0,0,0,0,0
8.049999999999986,102,0,0,0,0,0,0,0,0,0,0
8.099999999999987,74,0,0,0,0,0,0,0,0,0,0
8.149999999999988,72,0,0,0,0,0,0,0,0,0,0
8.199999999999989,64,0,0,0,0,0,0,0,0,0,0
8.24999999999999,77,0,0,0,0,0,0,0,0,0,0
8.29999999999999,69,0,0,0,0,0,0,0,0,0,0
8.34999999999999,53,0,0,0,0,0,0,0,0,0,0
8.399999999999991,55,0,0,0,0,0,0,0,0,0,0
8.449999999999992,50,0,0,0,0,0,0,0,0,0,0
8.499999999999993,44,0,0,0,0,0,0,0,0,0,0
8.549999999999994,33,0,0,0,0,0,0,0,0,0,0
8.599999999999994,30,0,0,0,0,0,0,0,0,0,0
8.649999999999995,36,0,0,0,0,0,0,0,0,0,0
8.699999999999996,26,0,0,0,0,0,0,0,0,0,0
8.749999999999996,17,0,0,0,0,0,0,0,0,0,0
8.799999999999997,23,0,0,0,0,0,0,0,0,0,0
8.849999999999998,14,0,0,0,0,0,0,0,0,0,0
8.899999999999999,5,0,0,0,0,0,0,0,0,0,0
8.95,2,0,0,0,0,0,0,0,0,0,0
9.0,0,0,0,0,0,0,0,0,0,0,0
9.05,0,0,0,0,0,0,0,0,0,0,0
9.100000000000001,0,0,0,0,0,0,0,0,0,0,0
9.150000000000002,0,0,0,0,0,0,0,0,0,0,0
9.200000000000003,0,0,0,0,0,0,0,0,0,0,0
9.250000000000004,0,0,0,0,0,0,0,0,0,0,0
9.300000000000004,0,0,0,0,0,0,0,0,0,0,0
9.350000000000005,0,0,0,0,0,0,0,0,0,0,0
9.400000000000006,0,0,0,0,0,0,0,0,0,0,0
9.450000000000006,0,0,0,0,0,0,0,0,0,0,0
9.500000000000007,0,0,0,0,0,0,0,0,0,0,0
9.550000000000008,0,0,0,0,0,0,0,0,0,0,0
9.600000000000009,0,0,0,0,0,0,0,0,0,0,0
9.65000000000001,0,0,0,0,0,0,0,0,0,0,0
9.70000000000001,0,0,0,0,0,0,0,0,0,0,0
9.75000000000001,0,0,0,0,0,0,0,0,0,0,0
9.800000000000011,0,0,0,0,0,0,0,0,0,0,0
9.850000000000012,0,0,0,0,0,0,0,0,0,0,0
9.900000000000013,0,0,0,0,0,0,0,0,0,0,0
9.950000000000014,0,0,0,0,0,0,0,0,0,0,0
10.000000000000014,0,0,0,0,0,0,0,0,0,0,0
10.050000000000015,0,0,0,0,0,0,0,0,0,0,0
10.100000000000016,0,0,0,0,0,0,0,0,0,0,0
10.150000000000016,0,0,0,0,0,0,0,0,0,0,0
10.200000000000017,0,0,0,0,0,0,0,0,0,0,0
10.250000000000018,0,0,0,0,0,0,0,0,0,0,0
10.300000000000018,0,0,0,0,0,0,0,0,0,0,0
10.35000000000002,0,0,0,0,0,0,0,0,0,0,0
