*****
4,0.05,1000,0,0.4,10,100,0.261843996326,0.0853672733114
4,1001,1001,1000,1001,1001,0,0,0,0,0,0
4.05,1020,1020,1011,1020,1020,0,0,0,0,0,0
4.1,961,961,957,961,961,0,0,0,0,0,0
4.1499999999999995,964,964,955,964,964,0,0,0,0,0,0
4.199999999999999,1002,1002,987,1002,1002,0,0,0,0,0,0
4.249999999999999,1077,1076,1054,1077,1077,0,0,0,0,0,0
4.299999999999999,1023,1022,1000,1022,1023,0,0,0,0,0,0
4.349999999999999,970,968,923,969,969,0,0,0,0,0,0
4.399999999999999,1007,1002,947,1006,1006,0,0,0,0,0,0
4.449999999999998,998,993,921,995,994,0,0,0,0,0,0
4.499999999999998,977,961,877,970,967,0,0,0,0,0,0
4.549999999999998,1032,1013,880,1024,1023,0,0,0,0,0,0
4.599999999999998,1054,1007,866,1031,1025,0,0,0,0,0,0
4.649999999999998,942,881,733,922,905,0,0,0,0,0,0
4.6999999999999975,985,879,723,942,902,0,0,0,0,0,0
4.749999999999997,1027,859,683,967,891,0,0,0,0,0,0
4.799999999999997,952,745,540,853,777,0,0,0,0,0,0
4.849999999999997,991,722,537,858,754,0,0,0,0,0,0
4.899999999999997,977,597,429,783,652,0,0,0,0,0,0
4.949999999999997,1015,570,425,753,617,0,0,0,0,0,0
4.9999999999999964,1037,469,349,649,506,0,0,0,0,0,0
5.049999999999996,1055,418,309,606,460,0,0,0,0,0,0
5.099999999999996,975,290,211,432,319,0,0,0,0,0,0
5.149999999999996,1013,236,163,376,268,0,0,0,0,0,0
5.199999999999996,1022,167,107,281,192,0,0,0,0,0,0
5.249999999999996,1037,149,101,234,168,0,0,0,0,0,0
5.299999999999995,964,91,61,157,101,0,0,0,0,0,0
5.349999999999995,989,50,31,90,60,0,0,0,0,0,0
5.399999999999995,1004,41,27,73,49,0,0,0,0,0,0
5.449999999999995,998,26,18,51,30,0,0,0,0,0,0
5.499999999999995,1015,16,11,30,23,0,0,0,0,0,0
5.5499999999999945,1011,10,8,22,13,0,0,0,0,0,0
5.599999999999994,1042,8,7,12,8,0,0,0,0,0,0
5.649999999999994,1023,1,1,2,2,0,0,0,0,0,0
5.699999999999994,1027,0,0,0,0,0,0,0,0,0,0
5.749999999999994,1076,0,0,2,1,0,0,0,0,0,0
5.799999999999994,973,0,0,1,0,0,0,0,0,0,0
5.849999999999993,977,0,0,0,0,0,0,0,0,0,0
5.899999999999993,1018,0,0,0,0,0,0,0,0,0,0
5.949999999999993,1010,0,0,0,0,0,0,0,0,0,0
5.999999999999993,1006,0,0,0,0,0,0,0,0,0,0
6.049999999999993,1005,0,0,0,0,0,0,0,0,0,0
6.0999999999999925,995,0,0,0,0,0,0,0,0,0,0
6.149999999999992,996,0,0,0,0,0,0,0,0,0,0
6.199999999999992,968,0,0,0,0,0,0,0,0,0,0
6.249999999999992,971,0,0,0,0,0,0,0,0,0,0
6.299999999999992,1004,0,0,0,0,0,0,0,0,0,0
6.349999999999992,1008,0,0,0,0,0,0,0,0,0,0
6.3999999999999915,991,0,0,0,0,0,0,0,0,0,0
6.449999999999991,1058,0,0,0,0,0,0,0,0,0,0
6.499999999999991,965,0,0,0,0,0,0,0,0,0,0
6.549999999999991,978,0,0,0,0,0,0,0,0,0,0
6.599999999999991,989,0,0,0,0,0,0,0,0,0,0
6.649999999999991,1025,0,0,0,0,0,0,0,0,0,0
6.69999999999999,966,0,0,0,0,0,0,0,0,0,0
6.74999999999999,990,0,0,0,0,0,0,0,0,0,0
6.79999999999999,1013,0,0,0,0,0,0,0,0,0,0
6.84999999999999,1014,0,0,0,0,0,0,0,0,0,0
6.89999999999999,999,0,0,0,0,0,0,0,0,0,0
6.9499999999999895,1039,0,0,0,0,0,0,0,0,0,0
6.999999999999989,1005,0,0,0,0,0,0,0,0,0,0
7.049999999999989,950,0,0,0,0,0,0,0,0,0,0
7.099999999999989,1010,0,0,0,0,0,0,0,0,0,0
7.149999999999989,1006,0,0,0,0,0,0,0,0,0,0
7.199999999999989,992,0,0,0,0,0,0,0,0,0,0
7.2499999999999885,958,0,0,0,0,0,0,0,0,0,0
7.299999999999988,1037,0,0,0,0,0,0,0,0,0,0
7.349999999999988,973,0,0,0,0,0,0,0,0,0,0
7.399999999999988,1031,0,0,0,0,0,0,0,0,0,0
7.449999999999988,951,0,0,0,0,0,0,0,0,0,0
7.499999999999988,1049,0,0,0,0,0,0,0,0,0,0
7.549999999999987,997,0,0,0,0,0,0,0,0,0,0
7.599999999999987,1028,0,0,0,0,0,0,0,0,0,0
7.649999999999987,995,0,0,0,0,0,0,0,0,0,0
7.699999999999987,1026,0,0,0,0,0,0,0,0,0,0
7.749999999999987,964,0,0,0,0,0,0,0,0,0,0
7.7999999999999865,1006,0,0,0,0,0,0,0,0,0,0
7.849999999999986,986,0,0,0,0,0,0,0,0,0,0
7.899999999999986,962,0,0,0,0,0,0,0,0,0,0
7.949999999999986,1050,0,0,0,0,0,0,0,0,0,0
7.999999999999986,903,0,0,0,0,0,0,0,0,0,0
8.049999999999986,821,0,0,0,0,0,0,0,0,0,0
8.099999999999987,662,0,0,0,0,0,0,0,0,0,0
8.149999999999988,606,0,0,0,0,0,0,0,0,0,0
8.199999999999989,427,0,0,0,0,0,0,0,0,0,0
8.24999999999999,317,0,0,0,0,0,0,0,0,0,0
8.29999999999999,192,0,0,0,0,0,0,0,0,0,0
8.34999999999999,74,0,0,0,0,0,0,0,0,0,0
8.399999999999991,0,0,0,0,0,0,0,0,0,0,0
8.449999999999992,0,0,0,0,0,0,0,0,0,0,0
8.499999999999993,0,0,0,0,0,0,0,0,0,0,0
8.549999999999994,0,0,0,0,0,0,0,0,0,0,0
8.599999999999994,0,0,0,0,0,0,0,0,0,0,0
8.649999999999995,0,0,0,0,0,0,0,0,0,0,0
8.699999999999996,0,0,0,0,0,0,0,0,0,0,0
8.749999999999996,0,0,0,0,0,0,0,0,0,0,0
8.799999999999997,0,0,0,0,0,0,0,0,0,0,0
8.849999999999998,0,0,0,0,0,0,0,0,0,0,0
8.899999999999999,0,0,0,0,0,0,0,0,0,0,0
8.95,0,0,0,0,0,0,0,0,0,0,0
9.0,0,0,0,0,0,0,0,0,0,0,0
9.05,0,0,0,0,0,0,0,0,0,0,0
9.100000000000001,0,0,0,0,0,0,0,0,0,0,0
9.150000000000002,0,0,0,0,0,0,0,0,0,0,0
9.200000000000003,0,0,0,0,0,0,0,0,0,0,0
9.250000000000004,0,0,0,0,0,0,0,0,0,0,0
9.300000000000004,0,0,0,0,0,0,0,0,0,0,0
9.350000000000005,0,0,0,0,0,0,0,0,0,0,0
9.400000000000006,0,0,0,0,0,0,0,0,0,0,0
9.450000000000006,0,0,0,0,0,0,0,0,0,0,0
9.500000000000007,0,0,0,0,0,0,0,0,0,0,0
9.550000000000008,0,0,0,0,0,0,0,0,0,0,0
9.600000000000009,0,0,0,0,0,0,0,0,0,0,0
9.65000000000001,0,0,0,0,0,0,0,0,0,0,0
9.70000000000001,0,0,0,0,0,0,0,0,0,0,0
9.75000000000001,0,0,0,0,0,0,0,0,0,0,0
9.800000000000011,0,0,0,0,0,0,0,0,0,0,0
9.850000000000012,0,0,0,0,0,0,0,0,0,0,0
9.900000000000013,0,0,0,0,0,0,0,0,0,0,0
9.950000000000014,0,0,0,0,0,0,0,0,0,0,0
10.000000000000014,0,0,0,0,0,0,0,0,0,0,0
10.050000000000015,0,0,0,0,0,0,0,0,0,0,0
10.100000000000016,0,0,0,0,0,0,0,0,0,0,0
10.150000000000016,0,0,0,0,0,0,0,0,0,0,0
10.200000000000017,0,0,0,0,0,0,0,0,0,0,0
10.250000000000018,0,0,0,0,0,0,0,0,0,0,0
10.300000000000018,0,0,0,0,0,0,0,0,0,0,0
10.35000000000002,0,0,0,0,0,0,0,0,0,0,0
*****
4,0.05,1000,0.3,0.7,10,100,0.261843996326,0.0853672733114
4,1000,948,963,937,958,0,0,0,0,0,0
4.05,1078,1020,1035,1004,1025,0,0,0,0,0,0
4.1,1000,955,974,945,971,0,0,0,0,0,0
4.1499999999999995,1037,992,1004,981,999,0,0,0,0,0,0
4.199999999999999,1000,945,962,936,961,0,0,0,0,0,0
4.249999999999999,1002,952,970,956,973,0,0,0,0,0,0
4.299999999999999,1001,950,958,946,959,0,0,0,0,0,0
4.349999999999999,1006,945,961,935,965,0,0,0,0,0,0
4.399999999999999,1044,961,985,949,986,0,0,0,0,0,0
4.449999999999998,1020,938,956,934,960,0,0,0,0,0,0
4.499999999999998,1040,930,954,945,966,0,0,0,0,0,0
4.549999999999998,1022,897,931,925,943,0,0,0,0,0,0
4.599999999999998,1021,874,897,889,916,0,0,0,0,0,0
4.649999999999998,996,811,846,853,861,0,0,0,0,0,0
4.6999999999999975,1034,798,823,834,848,0,0,0,0,0,0
4.749999999999997,1039,772,813,848,836,0,0,0,0,0,0
4.799999999999997,1031,710,740,758,762,0,0,0,0,0,0
4.849999999999997,1010,656,691,720,715,0,0,0,0,0,0
4.899999999999997,986,574,595,647,631,0,0,0,0,0,0
4.949999999999997,1029,537,578,630,605,0,0,0,0,0,0
4.9999999999999964,1012,485,508,561,542,0,0,0,0,0,0
5.049999999999996,1021,392,421,495,455,0,0,0,0,0,0
5.099999999999996,1051,389,420,452,438,0,0,0,0,0,0
5.149999999999996,995,315,351,387,368,0,0,0,0,0,0
5.199999999999996,1048,289,309,347,325,0,0,0,0,0,0
5.249999999999996,997,218,239,270,254,0,0,0,0,0,0
5.299999999999995,1038,208,219,242,231,0,0,0,0,0,0
5.349999999999995,1078,148,157,185,163,0,0,0,0,0,0
5.399999999999995,991,101,117,146,127,0,0,0,0,0,0
5.449999999999995,1016,80,90,110,95,0,0,0,0,0,0
5.499999999999995,1015,80,83,100,89,0,0,0,0,0,0
5.5499999999999945,994,57,62,70,66,0,0,0,0,0,0
5.599999999999994,1059,42,45,54,49,0,0,0,0,0,0
5.649999999999994,991,35,37,46,41,0,0,0,0,0,0
5.699999999999994,970,16,21,23,21,0,0,0,0,0,0
5.749999999999994,961,14,17,23,18,0,0,0,0,0,0
5.799999999999994,1097,8,9,13,10,0,0,0,0,0,0
5.849999999999993,1004,5,5,6,5,0,0,0,0,0,0
5.899999999999993,1062,2,3,3,3,0,0,0,0,0,0
5.949999999999993,1004,3,3,2,3,0,0,0,0,0,0
5.999999999999993,985,3,3,3,3,0,0,0,0,0,0
6.049999999999993,1012,3,3,3,3,0,0,0,0,0,0
6.0999999999999925,1011,0,0,1,0,0,0,0,0,0,0
6.149999999999992,979,0,0,0,0,0,0,0,0,0,0
6.199999999999992,1030,0,0,0,0,0,0,0,0,0,0
6.249999999999992,1085,0,0,0,0,0,0,0,0,0,0
6.299999999999992,997,0,0,0,0,0,0,0,0,0,0
6.349999999999992,1037,0,0,0,0,0,0,0,0,0,0
6.3999999999999915,984,0,0,0,0,0,0,0,0,0,0
6.449999999999991,1044,0,0,0,0,0,0,0,0,0,0
6.499999999999991,1026,0,0,0,0,0,0,0,0,0,0
6.549999999999991,1015,0,0,0,0,0,0,0,0,0,0
6.599999999999991,1029,0,0,0,0,0,0,0,0,0,0
6.649999999999991,1030,0,0,0,0,0,0,0,0,0,0
6.69999999999999,977,0,0,0,0,0,0,0,0,0,0
6.74999999999999,965,0,0,0,0,0,0,0,0,0,0
6.79999999999999,1038,0,0,0,0,0,0,0,0,0,0
6.84999999999999,1055,0,0,0,0,0,0,0,0,0,0
6.89999999999999,1010,0,0,0,0,0,0,0,0,0,0
6.9499999999999895,1028,0,0,0,0,0,0,0,0,0,0
6.999999999999989,997,0,0,0,0,0,0,0,0,0,0
7.049999999999989,999,0,0,0,0,0,0,0,0,0,0
7.099999999999989,1056,0,0,0,0,0,0,0,0,0,0
7.149999999999989,1005,0,0,0,0,0,0,0,0,0,0
7.199999999999989,1041,0,0,0,0,0,0,0,0,0,0
7.2499999999999885,1032,0,0,0,0,0,0,0,0,0,0
7.299999999999988,986,0,0,0,0,0,0,0,0,0,0
7.349999999999988,981,0,0,0,0,0,0,0,0,0,0
7.399999999999988,1026,0,0,0,0,0,0,0,0,0,0
7.449999999999988,1030,0,0,0,0,0,0,0,0,0,0
7.499999999999988,964,0,0,0,0,0,0,0,0,0,0
7.549999999999987,1047,0,0,0,0,0,0,0,0,0,0
7.599999999999987,986,0,0,0,0,0,0,0,0,0,0
7.649999999999987,1022,0,0,0,0,0,0,0,0,0,0
7.699999999999987,1064,0,0,0,0,0,0,0,0,0,0
7.749999999999987,1025,0,0,0,0,0,0,0,0,0,0
7.7999999999999865,1030,0,0,0,0,0,0,0,0,0,0
7.849999999999986,1025,0,0,0,0,0,0,0,0,0,0
7.899999999999986,988,0,0,0,0,0,0,0,0,0,0
7.949999999999986,1040,0,0,0,0,0,0,0,0,0,0
7.999999999999986,1037,0,0,0,0,0,0,0,0,0,0
8.049999999999986,973,0,0,0,0,0,0,0,0,0,0
8.099999999999987,1043,0,0,0,0,0,0,0,0,0,0
8.149999999999988,990,0,0,0,0,0,0,0,0,0,0
8.199999999999989,1003,0,0,0,0,0,0,0,0,0,0
8.24999999999999,1050,0,0,0,0,0,0,0,0,0,0
8.29999999999999,995,0,0,0,0,0,0,0,0,0,0
8.34999999999999,852,0,0,0,0,0,0,0,0,0,0
8.399999999999991,672,0,0,0,0,0,0,0,0,0,0
8.449999999999992,543,0,0,0,0,0,0,0,0,0,0
8.499999999999993,432,0,0,0,0,0,0,0,0,0,0
8.549999999999994,324,0,0,0,0,0,0,0,0,0,0
8.599999999999994,211,0,0,0,0,0,0,0,0,0,0
8.649999999999995,55,0,0,0,0,0,0,0,0,0,0
8.699999999999996,0,0,0,0,0,0,0,0,0,0,0
8.749999999999996,0,0,0,0,0,0,0,0,0,0,0
8.799999999999997,0,0,0,0,0,0,0,0,0,0,0
8.849999999999998,0,0,0,0,0,0,0,0,0,0,0
8.899999999999999,0,0,0,0,0,0,0,0,0,0,0
8.95,0,0,0,0,0,0,0,0,0,0,0
9.0,0,0,0,0,0,0,0,0,0,0,0
9.05,0,0,0,0,0,0,0,0,0,0,0
9.100000000000001,0,0,0,0,0,0,0,0,0,0,0
9.150000000000002,0,0,0,0,0,0,0,0,0,0,0
9.200000000000003,0,0,0,0,0,0,0,0,0,0,0
9.250000000000004,0,0,0,0,0,0,0,0,0,0,0
9.300000000000004,0,0,0,0,0,0,0,0,0,0,0
9.350000000000005,0,0,0,0,0,0,0,0,0,0,0
9.400000000000006,0,0,0,0,0,0,0,0,0,0,0
9.450000000000006,0,0,0,0,0,0,0,0,0,0,0
9.500000000000007,0,0,0,0,0,0,0,0,0,0,0
9.550000000000008,0,0,0,0,0,0,0,0,0,0,0
9.600000000000009,0,0,0,0,0,0,0,0,0,0,0
9.65000000000001,0,0,0,0,0,0,0,0,0,0,0
9.70000000000001,0,0,0,0,0,0,0,0,0,0,0
9.75000000000001,0,0,0,0,0,0,0,0,0,0,0
9.800000000000011,0,0,0,0,0,0,0,0,0,0,0
9.850000000000012,0,0,0,0,0,0,0,0,0,0,0
9.900000000000013,0,0,0,0,0,0,0,0,0,0,0
9.950000000000014,0,0,0,0,0,0,0,0,0,0,0
10.000000000000014,0,0,0,0,0,0,0,0,0,0,0
10.050000000000015,0,0,0,0,0,0,0,0,0,0,0
10.100000000000016,0,0,0,0,0,0,0,0,0,0,0
10.150000000000016,0,0,0,0,0,0,0,0,0,0,0
10.200000000000017,0,0,0,0,0,0,0,0,0,0,0
10.250000000000018,0,0,0,0,0,0,0,0,0,0,0
10.300000000000018,0,0,0,0,0,0,0,0,0,0,0
10.35000000000002,0,0,0,0,0,0,0,0,0,0,0
*****
4,0.05,1000,0.6,1,10,100,0.261843996326,0.0853672733114
4,1000,6,8,7,8,0,0,0,0,0,0
4.05,1013,13,16,14,16,0,0,0,0,0,0
4.1,935,16,21,25,21,0,0,0,0,0,0
4.1499999999999995,862,18,26,31,26,0,0,0,0,0,0
4.199999999999999,846,32,40,37,40,0,0,0,0,0,0
4.249999999999999,804,44,51,50,51,0,0,0,0,0,0
4.299999999999999,766,71,79,80,79,0,0,0,0,0,0
4.349999999999999,735,104,111,105,111,0,0,0,0,0,0
4.399999999999999,690,94,111,115,111,0,0,0,0,0,0
4.449999999999998,746,98,126,114,126,0,0,0,0,0,0
4.499999999999998,790,66,96,108,96,0,0,0,0,0,0
4.549999999999998,804,45,83,97,83,0,0,0,0,0,0
4.599999999999998,834,21,30,47,30,0,0,0,0,0,0
4.649999999999998,878,6,14,22,14,0,0,0,0,0,0
4.6999999999999975,967,6,10,16,10,0,0,0,0,0,0
4.749999999999997,928,3,6,5,6,0,0,0,0,0,0
4.799999999999997,919,5,7,6,7,0,0,0,0,0,0
4.849999999999997,956,4,8,5,8,0,0,0,0,0,0
4.899999999999997,937,8,13,10,13,0,0,0,0,0,0
4.949999999999997,896,7,8,11,8,0,0,0,0,0,0
4.9999999999999964,880,4,8,8,8,0,0,0,0,0,0
5.049999999999996,856,3,7,8,7,0,0,0,0,0,0
5.099999999999996,781,3,6,6,6,0,0,0,0,0,0
5.149999999999996,832,3,8,7,8,0,0,0,0,0,0
5.199999999999996,765,1,4,5,4,0,0,0,0,0,0
5.249999999999996,792,0,3,3,3,0,0,0,0,0,0
5.299999999999995,761,0,0,0,0,0,0,0,0,0,0
5.349999999999995,806,0,0,0,0,0,0,0,0,0,0
5.399999999999995,836,0,0,0,0,0,0,0,0,0,0
5.449999999999995,860,0,0,1,0,0,0,0,0,0,0
5.499999999999995,861,0,0,0,0,0,0,0,0,0,0
5.5499999999999945,919,0,0,0,0,0,0,0,0,0,0
5.599999999999994,945,0,0,0,0,0,0,0,0,0,0
5.649999999999994,913,0,0,0,0,0,0,0,0,0,0
5.699999999999994,917,0,0,0,0,0,0,0,0,0,0
5.749999999999994,870,0,0,0,0,0,0,0,0,0,0
5.799999999999994,845,0,0,0,0,0,0,0,0,0,0
5.849999999999993,848,0,0,0,0,0,0,0,0,0,0
5.899999999999993,807,0,0,0,0,0,0,0,0,0,0
5.949999999999993,823,0,0,0,0,0,0,0,0,0,0
5.999999999999993,786,0,0,0,0,0,0,0,0,0,0
6.049999999999993,816,0,0,0,0,0,0,0,0,0,0
6.0999999999999925,875,0,0,0,0,0,0,0,0,0,0
6.149999999999992,833,0,0,0,0,0,0,0,0,0,0
6.199999999999992,814,0,0,0,0,0,0,0,0,0,0
6.249999999999992,826,0,0,0,0,0,0,0,0,0,0
6.299999999999992,836,0,0,0,0,0,0,0,0,0,0
6.349999999999992,921,0,0,0,0,0,0,0,0,0,0
6.3999999999999915,898,0,0,0,0,0,0,0,0,0,0
6.449999999999991,887,0,0,0,0,0,0,0,0,0,0
6.499999999999991,860,0,0,0,0,0,0,0,0,0,0
6.549999999999991,878,0,0,0,0,0,0,0,0,0,0
6.599999999999991,850,0,0,0,0,0,0,0,0,0,0
6.649999999999991,859,0,0,0,0,0,0,0,0,0,0
6.69999999999999,851,0,0,0,0,0,0,0,0,0,0
6.74999999999999,841,0,0,0,0,0,0,0,0,0,0
6.79999999999999,834,0,0,0,0,0,0,0,0,0,0
6.84999999999999,774,0,0,0,0,0,0,0,0,0,0
6.89999999999999,838,0,0,0,0,0,0,0,0,0,0
6.9499999999999895,847,0,0,0,0,0,0,0,0,0,0
6.999999999999989,854,0,0,0,0,0,0,0,0,0,0
7.049999999999989,855,0,0,0,0,0,0,0,0,0,0
7.099999999999989,865,0,0,0,0,0,0,0,0,0,0
7.149999999999989,901,0,0,0,0,0,0,0,0,0,0
7.199999999999989,813,0,0,0,0,0,0,0,0,0,0
7.2499999999999885,898,0,0,0,0,0,0,0,0,0,0
7.299999999999988,875,0,0,0,0,0,0,0,0,0,0
7.349999999999988,867,0,0,0,0,0,0,0,0,0,0
7.399999999999988,880,0,0,0,0,0,0,0,0,0,0
7.449999999999988,830,0,0,0,0,0,0,0,0,0,0
7.499999999999988,845,0,0,0,0,0,0,0,0,0,0
7.549999999999987,896,0,0,0,0,0,0,0,0,0,0
7.599999999999987,779,0,0,0,0,0,0,0,0,0,0
7.649999999999987,806,0,0,0,0,0,0,0,0,0,0
7.699999999999987,848,0,0,0,0,0,0,0,0,0,0
7.749999999999987,816,0,0,0,0,0,0,0,0,0,0
7.7999999999999865,879,0,0,0,0,0,0,0,0,0,0
7.849999999999986,867,0,0,0,0,0,0,0,0,0,0
7.899999999999986,851,0,0,0,0,0,0,0,0,0,0
7.949999999999986,853,0,0,0,0,0,0,0,0,0,0
7.999999999999986,860,0,0,0,0,0,0,0,0,0,0
8.049999999999986,884,0,0,0,0,0,0,0,0,0,0
8.099999999999987,859,0,0,0,0,0,0,0,0,0,0
8.149999999999988,855,0,0,0,0,0,0,0,0,0,0
8.199999999999989,840,0,0,0,0,0,0,0,0,0,0
8.24999999999999,891,0,0,0,0,0,0,0,0,0,0
8.29999999999999,866,0,0,0,0,0,0,0,0,0,0
8.34999999999999,867,0,0,0,0,0,0,0,0,0,0
8.399999999999991,837,0,0,0,0,0,0,0,0,0,0
8.449999999999992,819,0,0,0,0,0,0,0,0,0,0
8.499999999999993,824,0,0,0,0,0,0,0,0,0,0
8.549999999999994,858,0,0,0,0,0,0,0,0,0,0
8.599999999999994,814,0,0,0,0,0,0,0,0,0,0
8.649999999999995,671,0,0,0,0,0,0,0,0,0,0
8.699999999999996,562,0,0,0,0,0,0,0,0,0,0
8.749999999999996,491,0,0,0,0,0,0,0,0,0,0
8.799999999999997,349,0,0,0,0,0,0,0,0,0,0
8.849999999999998,287,0,0,0,0,0,0,0,0,0,0
8.899999999999999,161,0,0,0,0,0,0,0,0,0,0
8.95,49,0,0,0,0,0,0,0,0,0,0
9.0,0,0,0,0,0,0,0,0,0,0,0
9.05,0,0,0,0,0,0,0,0,0,0,0
9.100000000000001,0,0,0,0,0,0,0,0,0,0,0
9.150000000000002,0,0,0,0,0,0,0,0,0,0,0
9.200000000000003,0,0,0,0,0,0,0,0,0,0,0
9.250000000000004,0,0,0,0,0,0,0,0,0,0,0
9.300000000000004,0,0,0,0,0,0,0,0,0,0,0
9.350000000000005,0,0,0,0,0,0,0,0,0,0,0
9.400000000000006,0,0,0,0,0,0,0,0,0,0,0
9.450000000000006,0,0,0,0,0,0,0,0,0,0,0
9.500000000000007,0,0,0,0,0,0,0,0,0,0,0
9.550000000000008,0,0,0,0,0,0,0,0,0,0,0
9.600000000000009,0,0,0,0,0,0,0,0,0,0,0
9.65000000000001,0,0,0,0,0,0,0,0,0,0,0
9.70000000000001,0,0,0,0,0,0,0,0,0,0,0
9.75000000000001,0,0,0,0,0,0,0,0,0,0,0
9.800000000000011,0,0,0,0,0,0,0,0,0,0,0
9.850000000000012,0,0,0,0,0,0,0,0,0,0,0
9.900000000000013,0,0,0,0,0,0,0,0,0,0,0
9.950000000000014,0,0,0,0,0,0,0,0,0,0,0
10.000000000000014,0,0,0,0,0,0,0,0,0,0,0
10.050000000000015,0,0,0,0,0,0,0,0,0,0,0
10.100000000000016,0,0,0,0,0,0,0,0,0,0,0
10.150000000000016,0,0,0,0,0,0,0,0,0,0,0
10.200000000000017,0,0,0,0,0,0,0,0,0,0,0
10.250000000000018,0,0,0,0,0,0,0,0,0,0,0
10.300000000000018,0,0,0,0,0,0,0,0,0,0,0
10.35000000000002,0,0,0,0,0,0,0,0,0,0,0
*****
4,0.05,1000,0,1,10,100,0.261843996326,0.0853672733114
4,1000,889,907,843,890,0,0,0,0,0,0
4.05,921,818,843,767,827,0,0,0,0,0,0
4.1,1014,902,920,843,921,0,0,0,0,0,0
4.1499999999999995,1001,865,892,832,882,0,0,0,0,0,0
4.199999999999999,975,800,835,806,828,0,0,0,0,0,0
4.249999999999999,1010,785,830,804,836,0,0,0,0,0,0
4.299999999999999,990,679,742,741,740,0,0,0,0,0,0
4.349999999999999,999,694,745,758,757,0,0,0,0,0,0
4.399999999999999,1034,653,702,723,721,0,0,0,0,0,0
4.449999999999998,976,557,615,648,636,0,0,0,0,0,0
4.499999999999998,929,460,520,567,537,0,0,0,0,0,0
4.549999999999998,1045,463,504,580,536,0,0,0,0,0,0
4.599999999999998,933,360,398,454,417,0,0,0,0,0,0
4.649999999999998,943,310,351,420,383,0,0,0,0,0,0
4.6999999999999975,1023,295,337,394,352,0,0,0,0,0,0
4.749999999999997,1036,262,287,367,307,0,0,0,0,0,0
4.799999999999997,1033,196,229,279,246,0,0,0,0,0,0
4.849999999999997,1037,187,202,253,220,0,0,0,0,0,0
4.899999999999997,991,145,167,237,180,0,0,0,0,0,0
4.949999999999997,1038,98,117,158,128,0,0,0,0,0,0
4.9999999999999964,944,75,89,142,101,0,0,0,0,0,0
5.049999999999996,1047,81,92,127,100,0,0,0,0,0,0
5.099999999999996,1004,46,56,83,62,0,0,0,0,0,0
5.149999999999996,982,49,56,64,58,0,0,0,0,0,0
5.199999999999996,998,31,32,54,35,0,0,0,0,0,0
5.249999999999996,1084,29,31,47,31,0,0,0,0,0,0
5.299999999999995,954,14,19,28,20,0,0,0,0,0,0
5.349999999999995,966,15,18,29,21,0,0,0,0,0,0
5.399999999999995,1014,9,10,18,13,0,0,0,0,0,0
5.449999999999995,946,10,9,17,14,0,0,0,0,0,0
5.499999999999995,953,8,9,12,10,0,0,0,0,0,0
5.5499999999999945,1028,1,3,5,3,0,0,0,0,0,0
5.599999999999994,954,3,2,6,6,0,0,0,0,0,0
5.649999999999994,1021,1,1,5,2,0,0,0,0,0,0
5.699999999999994,1045,2,1,3,2,0,0,0,0,0,0
5.749999999999994,1012,1,0,3,1,0,0,0,0,0,0
5.799999999999994,1017,0,0,0,0,0,0,0,0,0,0
5.849999999999993,952,0,0,0,0,0,0,0,0,0,0
5.899999999999993,1021,0,0,0,0,0,0,0,0,0,0
5.949999999999993,1002,0,0,0,0,0,0,0,0,0,0
5.999999999999993,1025,0,0,0,0,0,0,0,0,0,0
6.049999999999993,1001,1,1,1,1,0,0,0,0,0,0
6.0999999999999925,1012,0,0,0,0,0,0,0,0,0,0
6.149999999999992,983,0,0,0,0,0,0,0,0,0,0
6.199999999999992,941,0,0,0,0,0,0,0,0,0,0
6.249999999999992,970,0,0,0,0,0,0,0,0,0,0
6.299999999999992,958,0,0,0,0,0,0,0,0,0,0
6.349999999999992,1014,0,0,0,0,0,0,0,0,0,0
6.3999999999999915,988,0,0,0,0,0,0,0,0,0,0
6.449999999999991,988,0,0,0,0,0,0,0,0,0,0
6.499999999999991,1008,0,0,0,0,0,0,0,0,0,0
6.549999999999991,1026,0,0,0,0,0,0,0,0,0,0
6.599999999999991,948,0,0,0,0,0,0,0,0,0,0
6.649999999999991,1072,0,0,0,0,0,0,0,0,0,0
6.69999999999999,1005,0,0,0,0,0,0,0,0,0,0
6.74999999999999,1039,0,0,0,0,0,0,0,0,0,0
6.79999999999999,990,0,0,0,0,0,0,0,0,0,0
6.84999999999999,1022,0,0,0,0,0,0,0,0,0,0
6.89999999999999,1031,0,0,0,0,0,0,0,0,0,0
6.9499999999999895,991,0,0,0,0,0,0,0,0,0,0
6.999999999999989,933,0,0,0,0,0,0,0,0,0,0
7.049999999999989,1002,0,0,0,0,0,0,0,0,0,0
7.099999999999989,985,0,0,0,0,0,0,0,0,0,0
7.149999999999989,979,0,0,0,0,0,0,0,0,0,0
7.199999999999989,1019,0,0,0,0,0,0,0,0,0,0
7.2499999999999885,969,0,0,0,0,0,0,0,0,0,0
7.299999999999988,1029,0,0,0,0,0,0,0,0,0,0
7.349999999999988,1000,0,0,0,0,0,0,0,0,0,0
7.399999999999988,985,0,0,0,0,0,0,0,0,0,0
7.449999999999988,965,0,0,0,0,0,0,0,0,0,0
7.499999999999988,1066,0,0,0,0,0,0,0,0,0,0
7.549999999999987,1058,0,0,0,0,0,0,0,0,0,0
7.599999999999987,1015,0,0,0,0,0,0,0,0,0,0
7.649999999999987,973,0,0,0,0,0,0,0,0,0,0
7.699999999999987,987,0,0,0,0,0,0,0,0,0,0
7.749999999999987,942,0,0,0,0,0,0,0,0,0,0
7.7999999999999865,1000,0,0,0,0,0,0,0,0,0,0
7.849999999999986,988,0,0,0,0,0,0,0,0,0,0
7.899999999999986,1008,0,0,0,0,0,0,0,0,0,0
7.949999999999986,976,0,0,0,0,0,0,0,0,0,0
7.999999999999986,972,0,0,0,0,0,0,0,0,0,0
8.049999999999986,906,0,0,0,0,0,0,0,0,0,0
8.099999999999987,893,0,0,0,0,0,0,0,0,0,0
8.149999999999988,839,0,0,0,0,0,0,0,0,0,0
8.199999999999989,782,0,0,0,0,0,0,0,0,0,0
8.24999999999999,723,0,0,0,0,0,0,0,0,0,0
8.29999999999999,674,0,0,0,0,0,0,0,0,0,0
8.34999999999999,616,0,0,0,0,0,0,0,0,0,0
8.399999999999991,569,0,0,0,0,0,0,0,0,0,0
8.449999999999992,490,0,0,0,0,0,0,0,0,0,0
8.499999999999993,456,0,0,0,0,0,0,0,0,0,0
8.549999999999994,425,0,0,0,0,0,0,0,0,0,0
8.599999999999994,360,0,0,0,0,0,0,0,0,0,0
8.649999999999995,312,0,0,0,0,0,0,0,0,0,0
8.699999999999996,290,0,0,0,0,0,0,0,0,0,0
8.749999999999996,240,0,0,0,0,0,0,0,0,0,0
8.799999999999997,181,0,0,0,0,0,0,0,0,0,0
8.849999999999998,142,0,0,0,0,0,0,0,0,0,0
8.899999999999999,78,0,0,0,0,0,0,0,0,0,0
8.95,27,0,0,0,0,0,0,0,0,0,0
9.0,0,0,0,0,0,0,0,0,0,0,0
9.05,0,0,0,0,0,0,0,0,0,0,0
9.100000000000001,0,0,0,0,0,0,0,0,0,0,0
9.150000000000002,0,0,0,0,0,0,0,0,0,0,0
9.200000000000003,0,0,0,0,0,0,0,0,0,0,0
9.250000000000004,0,0,0,0,0,0,0,0,0,0,0
9.300000000000004,0,0,0,0,0,0,0,0,0,0,0
9.350000000000005,0,0,0,0,0,0,0,0,0,0,0
9.400000000000006,0,0,0,0,0,0,0,0,0,0,0
9.450000000000006,0,0,0,0,0,0,0,0,0,0,0
9.500000000000007,0,0,0,0,0,0,0,0,0,0,0
9.550000000000008,0,0,0,0,0,0,0,0,0,0,0
9.600000000000009,0,0,0,0,0,0,0,0,0,0,0
9.65000000000001,0,0,0,0,0,0,0,0,0,0,0
9.70000000000001,0,0,0,0,0,0,0,0,0,0,0
9.75000000000001,0,0,0,0,0,0,0,0,0,0,0
9.800000000000011,0,0,0,0,0,0,0,0,0,0,0
9.850000000000012,0,0,0,0,0,0,0,0,0,0,0
9.900000000000013,0,0,0,0,0,0,0,0,0,0,0
9.950000000000014,0,0,0,0,0,0,0,0,0,0,0
10.000000000000014,0,0,0,0,0,0,0,0,0,0,0
10.050000000000015,0,0,0,0,0,0,0,0,0,0,0
10.100000000000016,0,0,0,0,0,0,0,0,0,0,0
10.150000000000016,0,0,0,0,0,0,0,0,0,0,0
10.200000000000017,0,0,0,0,0,0,0,0,0,0,0
10.250000000000018,0,0,0,0,0,0,0,0,0,0,0
10.300000000000018,0,0,0,0,0,0,0,0,0,0,0
10.35000000000002,0,0,0,0,0,0,0,0,0,0,0
