*****
4,0.05,100,0,0.4,10,100,0.39276599448899996,0.1280509099671
4,100,100,89,100,100,0,0,0,0,0,0
4.05,87,87,80,87,87,0,0,0,0,0,0
4.1,96,96,83,94,96,0,0,0,0,0,0
4.1499999999999995,115,115,91,114,115,0,0,0,0,0,0
4.199999999999999,107,107,81,107,107,0,0,0,0,0,0
4.249999999999999,96,93,70,95,95,0,0,0,0,0,0
4.299999999999999,99,94,70,96,99,0,0,0,0,0,0
4.349999999999999,111,110,78,110,111,0,0,0,0,0,0
4.399999999999999,82,79,47,79,79,0,0,0,0,0,0
4.449999999999998,96,85,58,92,90,0,0,0,0,0,0
4.499999999999998,104,94,60,99,100,0,0,0,0,0,0
4.549999999999998,115,99,54,109,104,0,0,0,0,0,0
4.599999999999998,102,77,42,89,81,0,0,0,0,0,0
4.649999999999998,106,82,47,93,87,0,0,0,0,0,0
4.6999999999999975,100,64,23,75,71,0,0,0,0,0,0
4.749999999999997,101,53,23,75,61,0,0,0,0,0,0
4.799999999999997,111,64,17,77,75,0,0,0,0,0,0
4.849999999999997,100,47,18,66,54,0,0,0,0,0,0
4.899999999999997,94,31,11,45,36,0,0,0,0,0,0
4.949999999999997,90,26,10,41,38,0,0,0,0,0,0
4.9999999999999964,106,31,8,39,35,0,0,0,0,0,0
5.049999999999996,107,13,4,35,16,0,0,0,0,0,0
5.099999999999996,103,11,3,21,14,0,0,0,0,0,0
5.149999999999996,106,8,4,17,15,0,0,0,0,0,0
5.199999999999996,103,1,1,6,3,0,0,0,0,0,0
5.249999999999996,116,3,0,13,7,0,0,0,0,0,0
5.299999999999995,89,5,4,9,6,0,0,0,0,0,0
5.349999999999995,106,1,1,4,2,0,0,0,0,0,0
5.399999999999995,119,2,0,7,2,0,0,0,0,0,0
5.449999999999995,107,1,1,4,1,0,0,0,0,0,0
5.499999999999995,118,0,0,0,0,0,0,0,0,0,0
5.5499999999999945,82,0,0,0,0,0,0,0,0,0,0
5.599999999999994,104,0,0,0,0,0,0,0,0,0,0
5.649999999999994,81,0,0,0,0,0,0,0,0,0,0
5.699999999999994,112,0,0,0,0,0,0,0,0,0,0
5.749999999999994,112,0,0,0,0,0,0,0,0,0,0
5.799999999999994,104,0,0,0,0,0,0,0,0,0,0
5.849999999999993,117,0,0,0,0,0,0,0,0,0,0
5.899999999999993,110,0,0,0,0,0,0,0,0,0,0
5.949999999999993,85,0,0,0,0,0,0,0,0,0,0
5.999999999999993,109,0,0,0,0,0,0,0,0,0,0
6.049999999999993,98,0,0,0,0,0,0,0,0,0,0
6.0999999999999925,97,0,0,0,0,0,0,0,0,0,0
6.149999999999992,108,0,0,0,0,0,0,0,0,0,0
6.199999999999992,101,0,0,0,0,0,0,0,0,0,0
6.249999999999992,112,0,0,0,0,0,0,0,0,0,0
6.299999999999992,116,0,0,0,0,0,0,0,0,0,0
6.349999999999992,110,0,0,0,0,0,0,0,0,0,0
6.3999999999999915,113,0,0,0,0,0,0,0,0,0,0
6.449999999999991,82,0,0,0,0,0,0,0,0,0,0
6.499999999999991,87,0,0,0,0,0,0,0,0,0,0
6.549999999999991,98,0,0,0,0,0,0,0,0,0,0
6.599999999999991,114,0,0,0,0,0,0,0,0,0,0
6.649999999999991,116,0,0,0,0,0,0,0,0,0,0
6.69999999999999,95,0,0,0,0,0,0,0,0,0,0
6.74999999999999,92,0,0,0,0,0,0,0,0,0,0
6.79999999999999,111,0,0,0,0,0,0,0,0,0,0
6.84999999999999,93,0,0,0,0,0,0,0,0,0,0
6.89999999999999,111,0,0,0,0,0,0,0,0,0,0
6.9499999999999895,95,0,0,0,0,0,0,0,0,0,0
6.999999999999989,99,0,0,0,0,0,0,0,0,0,0
7.049999999999989,122,0,0,0,0,0,0,0,0,0,0
7.099999999999989,125,0,0,0,0,0,0,0,0,0,0
7.149999999999989,108,0,0,0,0,0,0,0,0,0,0
7.199999999999989,101,0,0,0,0,0,0,0,0,0,0
7.2499999999999885,103,0,0,0,0,0,0,0,0,0,0
7.299999999999988,112,0,0,0,0,0,0,0,0,0,0
7.349999999999988,90,0,0,0,0,0,0,0,0,0,0
7.399999999999988,96,0,0,0,0,0,0,0,0,0,0
7.449999999999988,102,0,0,0,0,0,0,0,0,0,0
7.499999999999988,121,0,0,0,0,0,0,0,0,0,0
7.549999999999987,110,0,0,0,0,0,0,0,0,0,0
7.599999999999987,117,0,0,0,0,0,0,0,0,0,0
7.649999999999987,98,0,0,0,0,0,0,0,0,0,0
7.699999999999987,99,0,0,0,0,0,0,0,0,0,0
7.749999999999987,109,0,0,0,0,0,0,0,0,0,0
7.7999999999999865,98,0,0,0,0,0,0,0,0,0,0
7.849999999999986,93,0,0,0,0,0,0,0,0,0,0
7.899999999999986,110,0,0,0,0,0,0,0,0,0,0
7.949999999999986,88,0,0,0,0,0,0,0,0,0,0
7.999999999999986,99,0,0,0,0,0,0,0,0,0,0
8.049999999999986,95,0,0,0,0,0,0,0,0,0,0
8.099999999999987,69,0,0,0,0,0,0,0,0,0,0
8.149999999999988,53,0,0,0,0,0,0,0,0,0,0
8.199999999999989,43,0,0,0,0,0,0,0,0,0,0
8.24999999999999,28,0,0,0,0,0,0,0,0,0,0
8.29999999999999,24,0,0,0,0,0,0,0,0,0,0
8.34999999999999,6,0,0,0,0,0,0,0,0,0,0
8.399999999999991,0,0,0,0,0,0,0,0,0,0,0
8.449999999999992,0,0,0,0,0,0,0,0,0,0,0
8.499999999999993,0,0,0,0,0,0,0,0,0,0,0
8.549999999999994,0,0,0,0,0,0,0,0,0,0,0
8.599999999999994,0,0,0,0,0,0,0,0,0,0,0
8.649999999999995,0,0,0,0,0,0,0,0,0,0,0
8.699999999999996,0,0,0,0,0,0,0,0,0,0,0
8.749999999999996,0,0,0,0,0,0,0,0,0,0,0
8.799999999999997,0,0,0,0,0,0,0,0,0,0,0
8.849999999999998,0,0,0,0,0,0,0,0,0,0,0
8.899999999999999,0,0,0,0,0,0,0,0,0,0,0
8.95,0,0,0,0,0,0,0,0,0,0,0
9.0,0,0,0,0,0,0,0,0,0,0,0
9.05,0,0,0,0,0,0,0,0,0,0,0
9.100000000000001,0,0,0,0,0,0,0,0,0,0,0
9.150000000000002,0,0,0,0,0,0,0,0,0,0,0
9.200000000000003,0,0,0,0,0,0,0,0,0,0,0
9.250000000000004,0,0,0,0,0,0,0,0,0,0,0
9.300000000000004,0,0,0,0,0,0,0,0,0,0,0
9.350000000000005,0,0,0,0,0,0,0,0,0,0,0
9.400000000000006,0,0,0,0,0,0,0,0,0,0,0
9.450000000000006,0,0,0,0,0,0,0,0,0,0,0
9.500000000000007,0,0,0,0,0,0,0,0,0,0,0
9.550000000000008,0,0,0,0,0,0,0,0,0,0,0
9.600000000000009,0,0,0,0,0,0,0,0,0,0,0
9.65000000000001,0,0,0,0,0,0,0,0,0,0,0
9.70000000000001,0,0,0,0,0,0,0,0,0,0,0
9.75000000000001,0,0,0,0,0,0,0,0,0,0,0
9.800000000000011,0,0,0,0,0,0,0,0,0,0,0
9.850000000000012,0,0,0,0,0,0,0,0,0,0,0
9.900000000000013,0,0,0,0,0,0,0,0,0,0,0
9.950000000000014,0,0,0,0,0,0,0,0,0,0,0
10.000000000000014,0,0,0,0,0,0,0,0,0,0,0
10.050000000000015,0,0,0,0,0,0,0,0,0,0,0
10.100000000000016,0,0,0,0,0,0,0,0,0,0,0
10.150000000000016,0,0,0,0,0,0,0,0,0,0,0
10.200000000000017,0,0,0,0,0,0,0,0,0,0,0
10.250000000000018,0,0,0,0,0,0,0,0,0,0,0
10.300000000000018,0,0,0,0,0,0,0,0,0,0,0
10.35000000000002,0,0,0,0,0,0,0,0,0,0,0
*****
4,0.05,100,0.3,0.7,10,100,0.39276599448899996,0.1280509099671
4,100,89,94,92,94,0,0,0,0,0,0
4.05,109,97,103,99,100,0,0,0,0,0,0
4.1,91,86,91,85,90,0,0,0,0,0,0
4.1499999999999995,97,86,92,87,91,0,0,0,0,0,0
4.199999999999999,95,91,93,90,93,0,0,0,0,0,0
4.249999999999999,87,80,84,82,83,0,0,0,0,0,0
4.299999999999999,97,87,87,87,88,0,0,0,0,0,0
4.349999999999999,103,88,93,93,93,0,0,0,0,0,0
4.399999999999999,110,97,101,92,103,0,0,0,0,0,0
4.449999999999998,98,76,83,85,85,0,0,0,0,0,0
4.499999999999998,93,80,83,82,86,0,0,0,0,0,0
4.549999999999998,104,79,88,90,89,0,0,0,0,0,0
4.599999999999998,94,72,75,78,79,0,0,0,0,0,0
4.649999999999998,91,67,72,71,73,0,0,0,0,0,0
4.6999999999999975,81,59,63,62,65,0,0,0,0,0,0
4.749999999999997,109,72,75,76,82,0,0,0,0,0,0
4.799999999999997,98,58,64,69,69,0,0,0,0,0,0
4.849999999999997,111,58,55,74,66,0,0,0,0,0,0
4.899999999999997,96,46,51,53,54,0,0,0,0,0,0
4.949999999999997,97,35,43,47,48,0,0,0,0,0,0
4.9999999999999964,99,37,43,49,48,0,0,0,0,0,0
5.049999999999996,111,28,30,38,33,0,0,0,0,0,0
5.099999999999996,104,31,34,38,36,0,0,0,0,0,0
5.149999999999996,88,18,23,28,24,0,0,0,0,0,0
5.199999999999996,102,18,21,25,21,0,0,0,0,0,0
5.249999999999996,90,14,16,18,18,0,0,0,0,0,0
5.299999999999995,92,10,13,15,14,0,0,0,0,0,0
5.349999999999995,93,7,6,12,10,0,0,0,0,0,0
5.399999999999995,93,6,6,11,9,0,0,0,0,0,0
5.449999999999995,110,8,8,9,8,0,0,0,0,0,0
5.499999999999995,106,8,8,11,9,0,0,0,0,0,0
5.5499999999999945,90,1,2,4,2,0,0,0,0,0,0
5.599999999999994,100,4,4,4,4,0,0,0,0,0,0
5.649999999999994,106,5,4,5,5,0,0,0,0,0,0
5.699999999999994,109,1,2,2,2,0,0,0,0,0,0
5.749999999999994,85,1,1,1,1,0,0,0,0,0,0
5.799999999999994,94,0,0,1,0,0,0,0,0,0,0
5.849999999999993,106,0,1,2,1,0,0,0,0,0,0
5.899999999999993,84,0,0,1,0,0,0,0,0,0,0
5.949999999999993,100,0,0,0,0,0,0,0,0,0,0
5.999999999999993,94,0,0,0,0,0,0,0,0,0,0
6.049999999999993,101,0,0,0,0,0,0,0,0,0,0
6.0999999999999925,93,0,0,1,0,0,0,0,0,0,0
6.149999999999992,100,0,0,0,0,0,0,0,0,0,0
6.199999999999992,100,0,0,0,0,0,0,0,0,0,0
6.249999999999992,115,0,0,0,0,0,0,0,0,0,0
6.299999999999992,100,0,0,0,0,0,0,0,0,0,0
6.349999999999992,103,0,0,0,0,0,0,0,0,0,0
6.3999999999999915,88,0,0,0,0,0,0,0,0,0,0
6.449999999999991,83,0,0,0,0,0,0,0,0,0,0
6.499999999999991,106,0,0,0,0,0,0,0,0,0,0
6.549999999999991,86,0,0,0,0,0,0,0,0,0,0
6.599999999999991,105,0,0,0,0,0,0,0,0,0,0
6.649999999999991,112,0,0,0,0,0,0,0,0,0,0
6.69999999999999,91,0,0,0,0,0,0,0,0,0,0
6.74999999999999,104,0,0,0,0,0,0,0,0,0,0
6.79999999999999,102,0,0,0,0,0,0,0,0,0,0
6.84999999999999,114,0,0,0,0,0,0,0,0,0,0
6.89999999999999,90,0,0,0,0,0,0,0,0,0,0
6.9499999999999895,88,0,0,0,0,0,0,0,0,0,0
6.999999999999989,97,0,0,0,0,0,0,0,0,0,0
7.049999999999989,101,0,0,0,0,0,0,0,0,0,0
7.099999999999989,97,0,0,0,0,0,0,0,0,0,0
7.149999999999989,101,0,0,0,0,0,0,0,0,0,0
7.199999999999989,101,0,0,0,0,0,0,0,0,0,0
7.2499999999999885,102,0,0,0,0,0,0,0,0,0,0
7.299999999999988,97,0,0,0,0,0,0,0,0,0,0
7.349999999999988,90,0,0,0,0,0,0,0,0,0,0
7.399999999999988,93,0,0,0,0,0,0,0,0,0,0
7.449999999999988,96,0,0,0,0,0,0,0,0,0,0
7.499999999999988,93,0,0,0,0,0,0,0,0,0,0
7.549999999999987,96,0,0,0,0,0,0,0,0,0,0
7.599999999999987,88,0,0,0,0,0,0,0,0,0,0
7.649999999999987,93,0,0,0,0,0,0,0,0,0,0
7.699999999999987,108,0,0,0,0,0,0,0,0,0,0
7.749999999999987,115,0,0,0,0,0,0,0,0,0,0
7.7999999999999865,104,0,0,0,0,0,0,0,0,0,0
7.849999999999986,97,0,0,0,0,0,0,0,0,0,0
7.899999999999986,97,0,0,0,0,0,0,0,0,0,0
7.949999999999986,80,0,0,0,0,0,0,0,0,0,0
7.999999999999986,95,0,0,0,0,0,0,0,0,0,0
8.049999999999986,97,0,0,0,0,0,0,0,0,0,0
8.099999999999987,84,0,0,0,0,0,0,0,0,0,0
8.149999999999988,111,0,0,0,0,0,0,0,0,0,0
8.199999999999989,95,0,0,0,0,0,0,0,0,0,0
8.24999999999999,115,0,0,0,0,0,0,0,0,0,0
8.29999999999999,91,0,0,0,0,0,0,0,0,0,0
8.34999999999999,72,0,0,0,0,0,0,0,0,0,0
8.399999999999991,73,0,0,0,0,0,0,0,0,0,0
8.449999999999992,51,0,0,0,0,0,0,0,0,0,0
8.499999999999993,53,0,0,0,0,0,0,0,0,0,0
8.549999999999994,28,0,0,0,0,0,0,0,0,0,0
8.599999999999994,14,0,0,0,0,0,0,0,0,0,0
8.649999999999995,3,0,0,0,0,0,0,0,0,0,0
8.699999999999996,0,0,0,0,0,0,0,0,0,0,0
8.749999999999996,0,0,0,0,0,0,0,0,0,0,0
8.799999999999997,0,0,0,0,0,0,0,0,0,0,0
8.849999999999998,0,0,0,0,0,0,0,0,0,0,0
8.899999999999999,0,0,0,0,0,0,0,0,0,0,0
8.95,0,0,0,0,0,0,0,0,0,0,0
9.0,0,0,0,0,0,0,0,0,0,0,0
9.05,0,0,0,0,0,0,0,0,0,0,0
9.100000000000001,0,0,0,0,0,0,0,0,0,0,0
9.150000000000002,0,0,0,0,0,0,0,0,0,0,0
9.200000000000003,0,0,0,0,0,0,0,0,0,0,0
9.250000000000004,0,0,0,0,0,0,0,0,0,0,0
9.300000000000004,0,0,0,0,0,0,0,0,0,0,0
9.350000000000005,0,0,0,0,0,0,0,0,0,0,0
9.400000000000006,0,0,0,0,0,0,0,0,0,0,0
9.450000000000006,0,0,0,0,0,0,0,0,0,0,0
9.500000000000007,0,0,0,0,0,0,0,0,0,0,0
9.550000000000008,0,0,0,0,0,0,0,0,0,0,0
9.600000000000009,0,0,0,0,0,0,0,0,0,0,0
9.65000000000001,0,0,0,0,0,0,0,0,0,0,0
9.70000000000001,0,0,0,0,0,0,0,0,0,0,0
9.75000000000001,0,0,0,0,0,0,0,0,0,0,0
9.800000000000011,0,0,0,0,0,0,0,0,0,0,0
9.850000000000012,0,0,0,0,0,0,0,0,0,0,0
9.900000000000013,0,0,0,0,0,0,0,0,0,0,0
9.950000000000014,0,0,0,0,0,0,0,0,0,0,0
10.000000000000014,0,0,0,0,0,0,0,0,0,0,0
10.050000000000015,0,0,0,0,0,0,0,0,0,0,0
10.100000000000016,0,0,0,0,0,0,0,0,0,0,0
10.150000000000016,0,0,0,0,0,0,0,0,0,0,0
10.200000000000017,0,0,0,0,0,0,0,0,0,0,0
10.250000000000018,0,0,0,0,0,0,0,0,0,0,0
10.300000000000018,0,0,0,0,0,0,0,0,0,0,0
10.35000000000002,0,0,0,0,0,0,0,0,0,0,0
*****
4,0.05,100,0.6,1,10,100,0.39276599448899996,0.1280509099671
4,100,0,0,0,0,0,0,0,0,0,0
4.05,89,0,2,2,2,0,0,0,0,0,0
4.1,91,0,0,0,0,0,0,0,0,0,0
4.1499999999999995,70,3,3,3,3,0,0,0,0,0,0
4.199999999999999,64,4,5,5,5,0,0,0,0,0,0
4.249999999999999,75,3,4,5,4,0,0,0,0,0,0
4.299999999999999,56,4,4,2,4,0,0,0,0,0,0
4.349999999999999,67,10,9,10,9,0,0,0,0,0,0
4.399999999999999,73,14,16,13,16,0,0,0,0,0,0
4.449999999999998,62,16,18,21,18,0,0,0,0,0,0
4.499999999999998,68,10,10,18,10,0,0,0,0,0,0
4.549999999999998,63,11,11,10,11,0,0,0,0,0,0
4.599999999999998,77,9,14,17,14,0,0,0,0,0,0
4.649999999999998,56,2,3,7,3,0,0,0,0,0,0
4.6999999999999975,90,3,4,6,4,0,0,0,0,0,0
4.749999999999997,83,0,2,1,2,0,0,0,0,0,0
4.799999999999997,74,0,0,0,0,0,0,0,0,0,0
4.849999999999997,70,0,0,0,0,0,0,0,0,0,0
4.899999999999997,86,0,1,1,1,0,0,0,0,0,0
4.949999999999997,83,3,3,3,3,0,0,0,0,0,0
4.9999999999999964,78,0,2,1,2,0,0,0,0,0,0
5.049999999999996,80,1,2,2,2,0,0,0,0,0,0
5.099999999999996,61,2,2,2,2,0,0,0,0,0,0
5.149999999999996,75,2,2,2,2,0,0,0,0,0,0
5.199999999999996,55,0,0,1,0,0,0,0,0,0,0
5.249999999999996,73,0,0,0,0,0,0,0,0,0,0
5.299999999999995,60,0,0,0,0,0,0,0,0,0,0
5.349999999999995,69,0,0,0,0,0,0,0,0,0,0
5.399999999999995,68,0,1,1,1,0,0,0,0,0,0
5.449999999999995,79,0,0,0,0,0,0,0,0,0,0
5.499999999999995,83,0,0,0,0,0,0,0,0,0,0
5.5499999999999945,67,0,0,0,0,0,0,0,0,0,0
5.599999999999994,97,0,1,1,1,0,0,0,0,0,0
5.649999999999994,62,0,0,0,0,0,0,0,0,0,0
5.699999999999994,76,0,0,0,0,0,0,0,0,0,0
5.749999999999994,75,0,0,0,0,0,0,0,0,0,0
5.799999999999994,82,0,0,0,0,0,0,0,0,0,0
5.849999999999993,73,0,0,0,0,0,0,0,0,0,0
5.899999999999993,84,0,0,0,0,0,0,0,0,0,0
5.949999999999993,76,0,0,0,0,0,0,0,0,0,0
5.999999999999993,66,0,0,0,0,0,0,0,0,0,0
6.049999999999993,66,0,0,0,0,0,0,0,0,0,0
6.0999999999999925,71,0,0,0,0,0,0,0,0,0,0
6.149999999999992,59,0,0,0,0,0,0,0,0,0,0
6.199999999999992,81,0,0,0,0,0,0,0,0,0,0
6.249999999999992,64,0,0,0,0,0,0,0,0,0,0
6.299999999999992,72,0,0,0,0,0,0,0,0,0,0
6.349999999999992,67,0,0,0,0,0,0,0,0,0,0
6.3999999999999915,70,0,0,0,0,0,0,0,0,0,0
6.449999999999991,76,0,0,0,0,0,0,0,0,0,0
6.499999999999991,78,0,0,0,0,0,0,0,0,0,0
6.549999999999991,71,0,0,0,0,0,0,0,0,0,0
6.599999999999991,97,0,0,0,0,0,0,0,0,0,0
6.649999999999991,80,0,0,0,0,0,0,0,0,0,0
6.69999999999999,71,0,0,0,0,0,0,0,0,0,0
6.74999999999999,74,0,0,0,0,0,0,0,0,0,0
6.79999999999999,61,0,0,0,0,0,0,0,0,0,0
6.84999999999999,68,0,0,0,0,0,0,0,0,0,0
6.89999999999999,66,0,0,0,0,0,0,0,0,0,0
6.9499999999999895,56,0,0,0,0,0,0,0,0,0,0
6.999999999999989,97,0,0,0,0,0,0,0,0,0,0
7.049999999999989,73,0,0,0,0,0,0,0,0,0,0
7.099999999999989,56,0,0,0,0,0,0,0,0,0,0
7.149999999999989,63,0,0,0,0,0,0,0,0,0,0
7.199999999999989,73,0,0,0,0,0,0,0,0,0,0
7.2499999999999885,75,0,0,0,0,0,0,0,0,0,0
7.299999999999988,93,0,0,0,0,0,0,0,0,0,0
7.349999999999988,75,0,0,0,0,0,0,0,0,0,0
7.399999999999988,74,0,0,0,0,0,0,0,0,0,0
7.449999999999988,70,0,0,0,0,0,0,0,0,0,0
7.499999999999988,79,0,0,0,0,0,0,0,0,0,0
7.549999999999987,73,0,0,0,0,0,0,0,0,0,0
7.599999999999987,67,0,0,0,0,0,0,0,0,0,0
7.649999999999987,85,0,0,0,0,0,0,0,0,0,0
7.699999999999987,72,0,0,0,0,0,0,0,0,0,0
7.749999999999987,72,0,0,0,0,0,0,0,0,0,0
7.7999999999999865,70,0,0,0,0,0,0,0,0,0,0
7.849999999999986,70,0,0,0,0,0,0,0,0,0,0
7.899999999999986,75,0,0,0,0,0,0,0,0,0,0
7.949999999999986,64,0,0,0,0,0,0,0,0,0,0
7.999999999999986,74,0,0,0,0,0,0,0,0,0,0
8.049999999999986,81,0,0,0,0,0,0,0,0,0,0
8.099999999999987,81,0,0,0,0,0,0,0,0,0,0
8.149999999999988,83,0,0,0,0,0,0,0,0,0,0
8.199999999999989,63,0,0,0,0,0,0,0,0,0,0
8.24999999999999,70,0,0,0,0,0,0,0,0,0,0
8.29999999999999,80,0,0,0,0,0,0,0,0,0,0
8.34999999999999,66,0,0,0,0,0,0,0,0,0,0
8.399999999999991,70,0,0,0,0,0,0,0,0,0,0
8.449999999999992,76,0,0,0,0,0,0,0,0,0,0
8.499999999999993,80,0,0,0,0,0,0,0,0,0,0
8.549999999999994,66,0,0,0,0,0,0,0,0,0,0
8.599999999999994,72,0,0,0,0,0,0,0,0,0,0
8.649999999999995,60,0,0,0,0,0,0,0,0,0,0
8.699999999999996,45,0,0,0,0,0,0,0,0,0,0
8.749999999999996,28,0,0,0,0,0,0,0,0,0,0
8.799999999999997,29,0,0,0,0,0,0,0,0,0,0
8.849999999999998,21,0,0,0,0,0,0,0,0,0,0
8.899999999999999,16,0,0,0,0,0,0,0,0,0,0
8.95,4,0,0,0,0,0,0,0,0,0,0
9.0,0,0,0,0,0,0,0,0,0,0,0
9.05,0,0,0,0,0,0,0,0,0,0,0
9.100000000000001,0,0,0,0,0,0,0,0,0,0,0
9.150000000000002,0,0,0,0,0,0,0,0,0,0,0
9.200000000000003,0,0,0,0,0,0,0,0,0,0,0
9.250000000000004,0,0,0,0,0,0,0,0,0,0,0
9.300000000000004,0,0,0,0,0,0,0,0,0,0,0
9.350000000000005,0,0,0,0,0,0,0,0,0,0,0
9.400000000000006,0,0,0,0,0,0,0,0,0,0,0
9.450000000000006,0,0,0,0,0,0,0,0,0,0,0
9.500000000000007,0,0,0,0,0,0,0,0,0,0,0
9.550000000000008,0,0,0,0,0,0,0,0,0,0,0
9.600000000000009,0,0,0,0,0,0,0,0,0,0,0
9.65000000000001,0,0,0,0,0,0,0,0,0,0,0
9.70000000000001,0,0,0,0,0,0,0,0,0,0,0
9.75000000000001,0,0,0,0,0,0,0,0,0,0,0
9.800000000000011,0,0,0,0,0,0,0,0,0,0,0
9.850000000000012,0,0,0,0,0,0,0,0,0,0,0
9.900000000000013,0,0,0,0,0,0,0,0,0,0,0
9.950000000000014,0,0,0,0,0,0,0,0,0,0,0
10.000000000000014,0,0,0,0,0,0,0,0,0,0,0
10.050000000000015,0,0,0,0,0,0,0,0,0,0,0
10.100000000000016,0,0,0,0,0,0,0,0,0,0,0
10.150000000000016,0,0,0,0,0,0,0,0,0,0,0
10.200000000000017,0,0,0,0,0,0,0,0,0,0,0
10.250000000000018,0,0,0,0,0,0,0,0,0,0,0
10.300000000000018,0,0,0,0,0,0,0,0,0,0,0
10.35000000000002,0,0,0,0,0,0,0,0,0,0,0
*****
4,0.05,100,0,1,10,100,0.39276599448899996,0.1280509099671
4,100,80,85,78,82,0,0,0,0,0,0
4.05,109,84,94,87,92,0,0,0,0,0,0
4.1,91,68,76,68,74,0,0,0,0,0,0
4.1499999999999995,101,82,85,83,87,0,0,0,0,0,0
4.199999999999999,107,81,89,85,89,0,0,0,0,0,0
4.249999999999999,109,85,87,81,91,0,0,0,0,0,0
4.299999999999999,83,55,62,65,62,0,0,0,0,0,0
4.349999999999999,120,64,75,85,84,0,0,0,0,0,0
4.399999999999999,77,40,49,54,51,0,0,0,0,0,0
4.449999999999998,99,55,60,67,64,0,0,0,0,0,0
4.499999999999998,104,49,54,66,63,0,0,0,0,0,0
4.549999999999998,83,39,40,48,46,0,0,0,0,0,0
4.599999999999998,95,41,45,50,47,0,0,0,0,0,0
4.649999999999998,104,33,36,38,40,0,0,0,0,0,0
4.6999999999999975,100,33,37,51,44,0,0,0,0,0,0
4.749999999999997,106,35,39,47,46,0,0,0,0,0,0
4.799999999999997,80,16,18,27,21,0,0,0,0,0,0
4.849999999999997,83,20,19,26,24,0,0,0,0,0,0
4.899999999999997,105,11,17,29,19,0,0,0,0,0,0
4.949999999999997,107,13,18,23,24,0,0,0,0,0,0
4.9999999999999964,112,12,14,18,16,0,0,0,0,0,0
5.049999999999996,105,11,11,18,14,0,0,0,0,0,0
5.099999999999996,103,6,10,21,14,0,0,0,0,0,0
5.149999999999996,96,7,9,18,12,0,0,0,0,0,0
5.199999999999996,97,4,5,8,6,0,0,0,0,0,0
5.249999999999996,116,4,5,8,6,0,0,0,0,0,0
5.299999999999995,117,3,4,4,5,0,0,0,0,0,0
5.349999999999995,85,0,1,5,2,0,0,0,0,0,0
5.399999999999995,99,1,1,1,1,0,0,0,0,0,0
5.449999999999995,97,4,2,7,5,0,0,0,0,0,0
5.499999999999995,98,0,0,1,1,0,0,0,0,0,0
5.5499999999999945,94,2,2,2,2,0,0,0,0,0,0
5.599999999999994,99,0,0,0,0,0,0,0,0,0,0
5.649999999999994,99,0,0,0,0,0,0,0,0,0,0
5.699999999999994,97,0,1,1,1,0,0,0,0,0,0
5.749999999999994,99,0,1,1,1,0,0,0,0,0,0
5.799999999999994,100,0,0,0,0,0,0,0,0,0,0
5.849999999999993,93,0,0,0,0,0,0,0,0,0,0
5.899999999999993,99,0,0,0,0,0,0,0,0,0,0
5.949999999999993,102,0,0,0,0,0,0,0,0,0,0
5.999999999999993,101,0,1,1,1,0,0,0,0,0,0
6.049999999999993,106,1,1,1,1,0,0,0,0,0,0
6.0999999999999925,92,0,0,0,0,0,0,0,0,0,0
6.149999999999992,93,0,0,0,0,0,0,0,0,0,0
6.199999999999992,94,0,0,0,0,0,0,0,0,0,0
6.249999999999992,100,0,0,0,0,0,0,0,0,0,0
6.299999999999992,93,0,0,0,0,0,0,0,0,0,0
6.349999999999992,99,0,0,0,0,0,0,0,0,0,0
6.3999999999999915,100,0,0,0,0,0,0,0,0,0,0
6.449999999999991,103,0,0,0,0,0,0,0,0,0,0
6.499999999999991,115,0,0,0,0,0,0,0,0,0,0
6.549999999999991,103,0,0,0,0,0,0,0,0,0,0
6.599999999999991,89,0,0,0,0,0,0,0,0,0,0
6.649999999999991,105,0,0,0,0,0,0,0,0,0,0
6.69999999999999,104,0,0,0,0,0,0,0,0,0,0
6.74999999999999,110,0,0,0,0,0,0,0,0,0,0
6.79999999999999,93,0,0,0,0,0,0,0,0,0,0
6.84999999999999,100,0,0,0,0,0,0,0,0,0,0
6.89999999999999,90,0,0,0,0,0,0,0,0,0,0
6.9499999999999895,98,0,0,0,0,0,0,0,0,0,0
6.999999999999989,98,0,0,0,0,0,0,0,0,0,0
7.049999999999989,95,0,0,0,0,0,0,0,0,0,0
7.099999999999989,99,0,0,0,0,0,0,0,0,0,0
7.149999999999989,92,0,0,0,0,0,0,0,0,0,0
7.199999999999989,106,0,0,0,0,0,0,0,0,0,0
7.2499999999999885,106,0,0,0,0,0,0,0,0,0,0
7.299999999999988,101,0,0,0,0,0,0,0,0,0,0
7.349999999999988,101,0,0,0,0,0,0,0,0,0,0
7.399999999999988,106,0,0,0,0,0,0,0,0,0,0
7.449999999999988,91,0,0,0,0,0,0,0,0,0,0
7.499999999999988,102,0,0,0,0,0,0,0,0,0,0
7.549999999999987,104,0,0,0,0,0,0,0,0,0,0
7.599999999999987,99,0,0,0,0,0,0,0,0,0,0
7.649999999999987,106,0,0,0,0,0,0,0,0,0,0
7.699999999999987,97,0,0,0,0,0,0,0,0,0,0
7.749999999999987,118,0,0,0,0,0,0,0,0,0,0
7.7999999999999865,94,0,0,0,0,0,0,0,0,0,0
7.849999999999986,107,0,0,0,0,0,0,0,0,0,0
7.899999999999986,100,0,0,0,0,0,0,0,0,0,0
7.949999999999986,94,0,0,0,0,0,0,0,0,0,0
7.999999999999986,97,0,0,0,0,0,0,0,0,0,0
8.049999999999986,84,0,0,0,0,0,0,0,0,0,0
8.099999999999987,80,0,0,0,0,0,0,0,0,0,0
8.149999999999988,83,0,0,0,0,0,0,0,0,0,0
8.199999999999989,78,0,0,0,0,0,0,0,0,0,0
8.24999999999999,71,0,0,0,0,0,0,0,0,0,0
8.29999999999999,69,0,0,0,0,0,0,0,0,0,0
8.34999999999999,74,0,0,0,0,0,0,0,0,0,0
8.399999999999991,47,0,0,0,0,0,0,0,0,0,0
8.449999999999992,51,0,0,0,0,0,0,0,0,0,0
8.499999999999993,52,0,0,0,0,0,0,0,0,0,0
8.549999999999994,41,0,0,0,0,0,0,0,0,0,0
8.599999999999994,38,0,0,0,0,0,0,0,0,0,0
8.649999999999995,36,0,0,0,0,0,0,0,0,0,0
8.699999999999996,32,0,0,0,0,0,0,0,0,0,0
8.749999999999996,26,0,0,0,0,0,0,0,0,0,0
8.799999999999997,14,0,0,0,0,0,0,0,0,0,0
8.849999999999998,11,0,0,0,0,0,0,0,0,0,0
8.899999999999999,10,0,0,0,0,0,0,0,0,0,0
8.95,0,0,0,0,0,0,0,0,0,0,0
9.0,0,0,0,0,0,0,0,0,0,0,0
9.05,0,0,0,0,0,0,0,0,0,0,0
9.100000000000001,0,0,0,0,0,0,0,0,0,0,0
9.150000000000002,0,0,0,0,0,0,0,0,0,0,0
9.200000000000003,0,0,0,0,0,0,0,0,0,0,0
9.250000000000004,0,0,0,0,0,0,0,0,0,0,0
9.300000000000004,0,0,0,0,0,0,0,0,0,0,0
9.350000000000005,0,0,0,0,0,0,0,0,0,0,0
9.400000000000006,0,0,0,0,0,0,0,0,0,0,0
9.450000000000006,0,0,0,0,0,0,0,0,0,0,0
9.500000000000007,0,0,0,0,0,0,0,0,0,0,0
9.550000000000008,0,0,0,0,0,0,0,0,0,0,0
9.600000000000009,0,0,0,0,0,0,0,0,0,0,0
9.65000000000001,0,0,0,0,0,0,0,0,0,0,0
9.70000000000001,0,0,0,0,0,0,0,0,0,0,0
9.75000000000001,0,0,0,0,0,0,0,0,0,0,0
9.800000000000011,0,0,0,0,0,0,0,0,0,0,0
9.850000000000012,0,0,0,0,0,0,0,0,0,0,0
9.900000000000013,0,0,0,0,0,0,0,0,0,0,0
9.950000000000014,0,0,0,0,0,0,0,0,0,0,0
10.000000000000014,0,0,0,0,0,0,0,0,0,0,0
10.050000000000015,0,0,0,0,0,0,0,0,0,0,0
10.100000000000016,0,0,0,0,0,0,0,0,0,0,0
10.150000000000016,0,0,0,0,0,0,0,0,0,0,0
10.200000000000017,0,0,0,0,0,0,0,0,0,0,0
10.250000000000018,0,0,0,0,0,0,0,0,0,0,0
10.300000000000018,0,0,0,0,0,0,0,0,0,0,0
10.35000000000002,0,0,0,0,0,0,0,0,0,0,0
