*****
4,0.05,1000,0,0.4,10,100,0.261843996326,0.1280509099671
4,1000,1000,969,1000,1000,0,0,0,0,0,0
4.05,1018,1018,967,1017,1018,0,0,0,0,0,0
4.1,968,968,889,968,968,0,0,0,0,0,0
4.1499999999999995,957,955,870,957,957,0,0,0,0,0,0
4.199999999999999,979,974,836,978,978,0,0,0,0,0,0
4.249999999999999,967,958,830,965,960,0,0,0,0,0,0
4.299999999999999,947,908,711,942,923,0,0,0,0,0,0
4.349999999999999,969,929,743,959,950,0,0,0,0,0,0
4.399999999999999,1037,966,757,1030,997,0,0,0,0,0,0
4.449999999999998,987,871,656,970,920,0,0,0,0,0,0
4.499999999999998,962,802,569,928,857,0,0,0,0,0,0
4.549999999999998,1009,810,564,971,875,0,0,0,0,0,0
4.599999999999998,944,673,448,889,747,0,0,0,0,0,0
4.649999999999998,995,619,413,888,722,0,0,0,0,0,0
4.6999999999999975,972,559,336,836,659,0,0,0,0,0,0
4.749999999999997,1037,503,322,826,599,0,0,0,0,0,0
4.799999999999997,979,407,248,698,480,0,0,0,0,0,0
4.849999999999997,949,308,191,573,374,0,0,0,0,0,0
4.899999999999997,954,228,148,519,308,0,0,0,0,0,0
4.949999999999997,1006,182,115,452,246,0,0,0,0,0,0
4.9999999999999964,1022,155,101,405,209,0,0,0,0,0,0
5.049999999999996,963,94,63,244,119,0,0,0,0,0,0
5.099999999999996,1029,73,44,214,111,0,0,0,0,0,0
5.149999999999996,993,47,35,158,73,0,0,0,0,0,0
5.199999999999996,997,24,15,100,41,0,0,0,0,0,0
5.249999999999996,955,16,12,61,24,0,0,0,0,0,0
5.299999999999995,959,5,5,38,8,0,0,0,0,0,0
5.349999999999995,991,9,5,34,10,0,0,0,0,0,0
5.399999999999995,1012,5,3,23,7,0,0,0,0,0,0
5.449999999999995,1047,1,0,10,1,0,0,0,0,0,0
5.499999999999995,957,1,0,6,2,0,0,0,0,0,0
5.5499999999999945,963,1,1,1,1,0,0,0,0,0,0
5.599999999999994,958,1,1,3,3,0,0,0,0,0,0
5.649999999999994,987,0,0,0,0,0,0,0,0,0,0
5.699999999999994,1001,0,0,0,0,0,0,0,0,0,0
5.749999999999994,1001,0,0,0,0,0,0,0,0,0,0
5.799999999999994,963,0,0,0,0,0,0,0,0,0,0
5.849999999999993,964,0,0,0,0,0,0,0,0,0,0
5.899999999999993,1028,0,0,0,0,0,0,0,0,0,0
5.949999999999993,996,0,0,0,0,0,0,0,0,0,0
5.999999999999993,965,0,0,0,0,0,0,0,0,0,0
6.049999999999993,1022,0,0,0,0,0,0,0,0,0,0
6.0999999999999925,999,0,0,0,0,0,0,0,0,0,0
6.149999999999992,993,0,0,0,0,0,0,0,0,0,0
6.199999999999992,1034,0,0,0,0,0,0,0,0,0,0
6.249999999999992,954,0,0,0,0,0,0,0,0,0,0
6.299999999999992,960,0,0,0,0,0,0,0,0,0,0
6.349999999999992,994,0,0,0,0,0,0,0,0,0,0
6.3999999999999915,952,0,0,0,0,0,0,0,0,0,0
6.449999999999991,961,0,0,0,0,0,0,0,0,0,0
6.499999999999991,1007,0,0,0,0,0,0,0,0,0,0
6.549999999999991,951,0,0,0,0,0,0,0,0,0,0
6.599999999999991,992,0,0,0,0,0,0,0,0,0,0
6.649999999999991,979,0,0,0,0,0,0,0,0,0,0
6.69999999999999,981,0,0,0,0,0,0,0,0,0,0
6.74999999999999,995,0,0,0,0,0,0,0,0,0,0
6.79999999999999,1032,0,0,0,0,0,0,0,0,0,0
6.84999999999999,1000,0,0,0,0,0,0,0,0,0,0
6.89999999999999,1014,0,0,0,0,0,0,0,0,0,0
6.9499999999999895,928,0,0,0,0,0,0,0,0,0,0
6.999999999999989,968,0,0,0,0,0,0,0,0,0,0
7.049999999999989,1007,0,0,0,0,0,0,0,0,0,0
7.099999999999989,945,0,0,0,0,0,0,0,0,0,0
7.149999999999989,1009,0,0,0,0,0,0,0,0,0,0
7.199999999999989,1016,0,0,0,0,0,0,0,0,0,0
7.2499999999999885,976,0,0,0,0,0,0,0,0,0,0
7.299999999999988,973,0,0,0,0,0,0,0,0,0,0
7.349999999999988,1075,0,0,0,0,0,0,0,0,0,0
7.399999999999988,996,0,0,0,0,0,0,0,0,0,0
7.449999999999988,1008,0,0,0,0,0,0,0,0,0,0
7.499999999999988,964,0,0,0,0,0,0,0,0,0,0
7.549999999999987,970,0,0,0,0,0,0,0,0,0,0
7.599999999999987,1003,0,0,0,0,0,0,0,0,0,0
7.649999999999987,1016,0,0,0,0,0,0,0,0,0,0
7.699999999999987,962,0,0,0,0,0,0,0,0,0,0
7.749999999999987,965,0,0,0,0,0,0,0,0,0,0
7.7999999999999865,1018,0,0,0,0,0,0,0,0,0,0
7.849999999999986,991,0,0,0,0,0,0,0,0,0,0
7.899999999999986,970,0,0,0,0,0,0,0,0,0,0
7.949999999999986,987,0,0,0,0,0,0,0,0,0,0
7.999999999999986,912,0,0,0,0,0,0,0,0,0,0
8.049999999999986,822,0,0,0,0,0,0,0,0,0,0
8.099999999999987,649,0,0,0,0,0,0,0,0,0,0
8.149999999999988,546,0,0,0,0,0,0,0,0,0,0
8.199999999999989,449,0,0,0,0,0,0,0,0,0,0
8.24999999999999,306,0,0,0,0,0,0,0,0,0,0
8.29999999999999,196,0,0,0,0,0,0,0,0,0,0
8.34999999999999,63,0,0,0,0,0,0,0,0,0,0
8.399999999999991,0,0,0,0,0,0,0,0,0,0,0
8.449999999999992,0,0,0,0,0,0,0,0,0,0,0
8.499999999999993,0,0,0,0,0,0,0,0,0,0,0
8.549999999999994,0,0,0,0,0,0,0,0,0,0,0
8.599999999999994,0,0,0,0,0,0,0,0,0,0,0
8.649999999999995,0,0,0,0,0,0,0,0,0,0,0
8.699999999999996,0,0,0,0,0,0,0,0,0,0,0
8.749999999999996,0,0,0,0,0,0,0,0,0,0,0
8.799999999999997,0,0,0,0,0,0,0,0,0,0,0
8.849999999999998,0,0,0,0,0,0,0,0,0,0,0
8.899999999999999,0,0,0,0,0,0,0,0,0,0,0
8.95,0,0,0,0,0,0,0,0,0,0,0
9.0,0,0,0,0,0,0,0,0,0,0,0
9.05,0,0,0,0,0,0,0,0,0,0,0
9.100000000000001,0,0,0,0,0,0,0,0,0,0,0
9.150000000000002,0,0,0,0,0,0,0,0,0,0,0
9.200000000000003,0,0,0,0,0,0,0,0,0,0,0
9.250000000000004,0,0,0,0,0,0,0,0,0,0,0
9.300000000000004,0,0,0,0,0,0,0,0,0,0,0
9.350000000000005,0,0,0,0,0,0,0,0,0,0,0
9.400000000000006,0,0,0,0,0,0,0,0,0,0,0
9.450000000000006,0,0,0,0,0,0,0,0,0,0,0
9.500000000000007,0,0,0,0,0,0,0,0,0,0,0
9.550000000000008,0,0,0,0,0,0,0,0,0,0,0
9.600000000000009,0,0,0,0,0,0,0,0,0,0,0
9.65000000000001,0,0,0,0,0,0,0,0,0,0,0
9.70000000000001,0,0,0,0,0,0,0,0,0,0,0
9.75000000000001,0,0,0,0,0,0,0,0,0,0,0
9.800000000000011,0,0,0,0,0,0,0,0,0,0,0
9.850000000000012,0,0,0,0,0,0,0,0,0,0,0
9.900000000000013,0,0,0,0,0,0,0,0,0,0,0
9.950000000000014,0,0,0,0,0,0,0,0,0,0,0
10.000000000000014,0,0,0,0,0,0,0,0,0,0,0
10.050000000000015,0,0,0,0,0,0,0,0,0,0,0
10.100000000000016,0,0,0,0,0,0,0,0,0,0,0
10.150000000000016,0,0,0,0,0,0,0,0,0,0,0
10.200000000000017,0,0,0,0,0,0,0,0,0,0,0
10.250000000000018,0,0,0,0,0,0,0,0,0,0,0
10.300000000000018,0,0,0,0,0,0,0,0,0,0,0
10.35000000000002,0,0,0,0,0,0,0,0,0,0,0
*****
4,0.05,1000,0.3,0.7,10,100,0.261843996326,0.1280509099671
4,1000,889,939,912,929,0,0,0,0,0,0
4.05,932,852,881,844,872,0,0,0,0,0,0
4.1,950,854,888,860,887,0,0,0,0,0,0
4.1499999999999995,958,858,902,872,901,0,0,0,0,0,0
4.199999999999999,969,859,902,888,888,0,0,0,0,0,0
4.249999999999999,1036,921,956,958,962,0,0,0,0,0,0
4.299999999999999,967,846,905,883,901,0,0,0,0,0,0
4.349999999999999,924,794,842,829,850,0,0,0,0,0,0
4.399999999999999,971,825,869,881,886,0,0,0,0,0,0
4.449999999999998,939,762,826,821,837,0,0,0,0,0,0
4.499999999999998,937,694,758,787,779,0,0,0,0,0,0
4.549999999999998,1032,733,806,831,834,0,0,0,0,0,0
4.599999999999998,1017,676,760,833,795,0,0,0,0,0,0
4.649999999999998,951,592,658,724,687,0,0,0,0,0,0
4.6999999999999975,928,551,601,689,642,0,0,0,0,0,0
4.749999999999997,967,498,571,674,614,0,0,0,0,0,0
4.799999999999997,1003,475,535,635,571,0,0,0,0,0,0
4.849999999999997,918,419,492,566,525,0,0,0,0,0,0
4.899999999999997,947,342,391,490,415,0,0,0,0,0,0
4.949999999999997,997,321,370,461,405,0,0,0,0,0,0
4.9999999999999964,1022,279,314,428,345,0,0,0,0,0,0
5.049999999999996,945,218,253,335,275,0,0,0,0,0,0
5.099999999999996,953,179,200,273,218,0,0,0,0,0,0
5.149999999999996,1006,156,183,247,198,0,0,0,0,0,0
5.199999999999996,954,112,137,199,154,0,0,0,0,0,0
5.249999999999996,993,100,119,154,128,0,0,0,0,0,0
5.299999999999995,972,85,105,148,114,0,0,0,0,0,0
5.349999999999995,944,51,61,95,65,0,0,0,0,0,0
5.399999999999995,963,42,46,78,54,0,0,0,0,0,0
5.449999999999995,997,38,39,56,45,0,0,0,0,0,0
5.499999999999995,1005,24,31,43,35,0,0,0,0,0,0
5.5499999999999945,966,25,26,38,28,0,0,0,0,0,0
5.599999999999994,965,7,9,17,11,0,0,0,0,0,0
5.649999999999994,964,13,15,21,16,0,0,0,0,0,0
5.699999999999994,915,8,8,14,10,0,0,0,0,0,0
5.749999999999994,966,6,6,7,6,0,0,0,0,0,0
5.799999999999994,999,7,9,11,9,0,0,0,0,0,0
5.849999999999993,1030,4,4,5,4,0,0,0,0,0,0
5.899999999999993,958,0,0,0,0,0,0,0,0,0,0
5.949999999999993,946,0,1,1,1,0,0,0,0,0,0
5.999999999999993,959,0,0,0,0,0,0,0,0,0,0
6.049999999999993,979,0,0,0,0,0,0,0,0,0,0
6.0999999999999925,991,0,0,0,0,0,0,0,0,0,0
6.149999999999992,960,0,0,0,0,0,0,0,0,0,0
6.199999999999992,1005,0,0,0,0,0,0,0,0,0,0
6.249999999999992,954,0,0,0,0,0,0,0,0,0,0
6.299999999999992,953,0,0,0,0,0,0,0,0,0,0
6.349999999999992,980,0,0,0,0,0,0,0,0,0,0
6.3999999999999915,1017,0,0,0,0,0,0,0,0,0,0
6.449999999999991,957,0,0,0,0,0,0,0,0,0,0
6.499999999999991,971,0,0,0,0,0,0,0,0,0,0
6.549999999999991,976,0,0,0,0,0,0,0,0,0,0
6.599999999999991,953,0,0,0,0,0,0,0,0,0,0
6.649999999999991,958,0,0,0,0,0,0,0,0,0,0
6.69999999999999,968,0,0,0,0,0,0,0,0,0,0
6.74999999999999,964,0,0,0,0,0,0,0,0,0,0
6.79999999999999,996,0,0,0,0,0,0,0,0,0,0
6.84999999999999,1014,0,0,0,0,0,0,0,0,0,0
6.89999999999999,946,0,0,0,0,0,0,0,0,0,0
6.9499999999999895,987,0,0,0,0,0,0,0,0,0,0
6.999999999999989,989,0,0,0,0,0,0,0,0,0,0
7.049999999999989,905,0,0,0,0,0,0,0,0,0,0
7.099999999999989,1011,0,0,0,0,0,0,0,0,0,0
7.149999999999989,923,0,0,0,0,0,0,0,0,0,0
7.199999999999989,1024,0,0,0,0,0,0,0,0,0,0
7.2499999999999885,962,0,0,0,0,0,0,0,0,0,0
7.299999999999988,977,0,0,0,0,0,0,0,0,0,0
7.349999999999988,1003,0,0,0,0,0,0,0,0,0,0
7.399999999999988,917,0,0,0,0,0,0,0,0,0,0
7.449999999999988,994,0,0,0,0,0,0,0,0,0,0
7.499999999999988,927,0,0,0,0,0,0,0,0,0,0
7.549999999999987,959,0,0,0,0,0,0,0,0,0,0
7.599999999999987,1030,0,0,0,0,0,0,0,0,0,0
7.649999999999987,981,0,0,0,0,0,0,0,0,0,0
7.699999999999987,969,0,0,0,0,0,0,0,0,0,0
7.749999999999987,990,0,0,0,0,0,0,0,0,0,0
7.7999999999999865,997,0,0,0,0,0,0,0,0,0,0
7.849999999999986,939,0,0,0,0,0,0,0,0,0,0
7.899999999999986,950,0,0,0,0,0,0,0,0,0,0
7.949999999999986,947,0,0,0,0,0,0,0,0,0,0
7.999999999999986,1000,0,0,0,0,0,0,0,0,0,0
8.049999999999986,976,0,0,0,0,0,0,0,0,0,0
8.099999999999987,956,0,0,0,0,0,0,0,0,0,0
8.149999999999988,966,0,0,0,0,0,0,0,0,0,0
8.199999999999989,978,0,0,0,0,0,0,0,0,0,0
8.24999999999999,995,0,0,0,0,0,0,0,0,0,0
8.29999999999999,914,0,0,0,0,0,0,0,0,0,0
8.34999999999999,772,0,0,0,0,0,0,0,0,0,0
8.399999999999991,649,0,0,0,0,0,0,0,0,0,0
8.449999999999992,558,0,0,0,0,0,0,0,0,0,0
8.499999999999993,437,0,0,0,0,0,0,0,0,0,0
8.549999999999994,292,0,0,0,0,0,0,0,0,0,0
8.599999999999994,167,0,0,0,0,0,0,0,0,0,0
8.649999999999995,54,0,0,0,0,0,0,0,0,0,0
8.699999999999996,0,0,0,0,0,0,0,0,0,0,0
8.749999999999996,0,0,0,0,0,0,0,0,0,0,0
8.799999999999997,0,0,0,0,0,0,0,0,0,0,0
8.849999999999998,0,0,0,0,0,0,0,0,0,0,0
8.899999999999999,0,0,0,0,0,0,0,0,0,0,0
8.95,0,0,0,0,0,0,0,0,0,0,0
9.0,0,0,0,0,0,0,0,0,0,0,0
9.05,0,0,0,0,0,0,0,0,0,0,0
9.100000000000001,0,0,0,0,0,0,0,0,0,0,0
9.150000000000002,0,0,0,0,0,0,0,0,0,0,0
9.200000000000003,0,0,0,0,0,0,0,0,0,0,0
9.250000000000004,0,0,0,0,0,0,0,0,0,0,0
9.300000000000004,0,0,0,0,0,0,0,0,0,0,0
9.350000000000005,0,0,0,0,0,0,0,0,0,0,0
9.400000000000006,0,0,0,0,0,0,0,0,0,0,0
9.450000000000006,0,0,0,0,0,0,0,0,0,0,0
9.500000000000007,0,0,0,0,0,0,0,0,0,0,0
9.550000000000008,0,0,0,0,0,0,0,0,0,0,0
9.600000000000009,0,0,0,0,0,0,0,0,0,0,0
9.65000000000001,0,0,0,0,0,0,0,0,0,0,0
9.70000000000001,0,0,0,0,0,0,0,0,0,0,0
9.75000000000001,0,0,0,0,0,0,0,0,0,0,0
9.800000000000011,0,0,0,0,0,0,0,0,0,0,0
9.850000000000012,0,0,0,0,0,0,0,0,0,0,0
9.900000000000013,0,0,0,0,0,0,0,0,0,0,0
9.950000000000014,0,0,0,0,0,0,0,0,0,0,0
10.000000000000014,0,0,0,0,0,0,0,0,0,0,0
10.050000000000015,0,0,0,0,0,0,0,0,0,0,0
10.100000000000016,0,0,0,0,0,0,0,0,0,0,0
10.150000000000016,0,0,0,0,0,0,0,0,0,0,0
10.200000000000017,0,0,0,0,0,0,0,0,0,0,0
10.250000000000018,0,0,0,0,0,0,0,0,0,0,0
10.300000000000018,0,0,0,0,0,0,0,0,0,0,0
10.35000000000002,0,0,0,0,0,0,0,0,0,0,0
*****
4,0.05,1000,0.6,1,10,100,0.261843996326,0.1280509099671
4,1000,9,10,9,10,0,0,0,0,0,0
4.05,1045,12,16,18,16,0,0,0,0,0,0
4.1,1011,10,15,17,15,0,0,0,0,0,0
4.1499999999999995,938,19,25,27,25,0,0,0,0,0,0
4.199999999999999,857,33,47,52,47,0,0,0,0,0,0
4.249999999999999,776,48,58,59,58,0,0,0,0,0,0
4.299999999999999,740,51,63,80,63,0,0,0,0,0,0
4.349999999999999,751,89,106,118,106,0,0,0,0,0,0
4.399999999999999,707,82,99,118,99,0,0,0,0,0,0
4.449999999999998,729,56,90,115,90,0,0,0,0,0,0
4.499999999999998,797,49,70,119,70,0,0,0,0,0,0
4.549999999999998,812,33,66,111,66,0,0,0,0,0,0
4.599999999999998,913,23,31,81,31,0,0,0,0,0,0
4.649999999999998,932,7,21,46,21,0,0,0,0,0,0
4.6999999999999975,887,4,9,16,9,0,0,0,0,0,0
4.749999999999997,999,1,3,10,3,0,0,0,0,0,0
4.799999999999997,997,4,7,7,7,0,0,0,0,0,0
4.849999999999997,1006,6,8,9,8,0,0,0,0,0,0
4.899999999999997,915,3,4,7,4,0,0,0,0,0,0
4.949999999999997,896,4,8,8,8,0,0,0,0,0,0
4.9999999999999964,868,2,9,9,9,0,0,0,0,0,0
5.049999999999996,847,2,5,4,5,0,0,0,0,0,0
5.099999999999996,758,3,7,6,7,0,0,0,0,0,0
5.149999999999996,771,0,2,2,2,0,0,0,0,0,0
5.199999999999996,769,0,3,4,3,0,0,0,0,0,0
5.249999999999996,768,1,2,2,2,0,0,0,0,0,0
5.299999999999995,792,0,1,1,1,0,0,0,0,0,0
5.349999999999995,826,0,1,1,1,0,0,0,0,0,0
5.399999999999995,880,0,0,0,0,0,0,0,0,0,0
5.449999999999995,909,0,0,0,0,0,0,0,0,0,0
5.499999999999995,945,0,0,0,0,0,0,0,0,0,0
5.5499999999999945,934,0,0,0,0,0,0,0,0,0,0
5.599999999999994,976,0,0,0,0,0,0,0,0,0,0
5.649999999999994,927,0,0,0,0,0,0,0,0,0,0
5.699999999999994,935,0,0,0,0,0,0,0,0,0,0
5.749999999999994,922,0,0,0,0,0,0,0,0,0,0
5.799999999999994,813,0,0,0,0,0,0,0,0,0,0
5.849999999999993,825,0,0,0,0,0,0,0,0,0,0
5.899999999999993,761,0,0,0,0,0,0,0,0,0,0
5.949999999999993,864,0,0,0,0,0,0,0,0,0,0
5.999999999999993,806,0,0,0,0,0,0,0,0,0,0
6.049999999999993,818,0,0,0,0,0,0,0,0,0,0
6.0999999999999925,822,0,0,0,0,0,0,0,0,0,0
6.149999999999992,853,0,0,0,0,0,0,0,0,0,0
6.199999999999992,865,0,0,0,0,0,0,0,0,0,0
6.249999999999992,846,0,0,0,0,0,0,0,0,0,0
6.299999999999992,949,0,0,0,0,0,0,0,0,0,0
6.349999999999992,943,0,0,0,0,0,0,0,0,0,0
6.3999999999999915,878,0,0,0,0,0,0,0,0,0,0
6.449999999999991,913,0,0,0,0,0,0,0,0,0,0
6.499999999999991,955,0,0,0,0,0,0,0,0,0,0
6.549999999999991,864,0,0,0,0,0,0,0,0,0,0
6.599999999999991,851,0,0,0,0,0,0,0,0,0,0
6.649999999999991,877,0,0,0,0,0,0,0,0,0,0
6.69999999999999,829,0,0,0,0,0,0,0,0,0,0
6.74999999999999,803,0,0,0,0,0,0,0,0,0,0
6.79999999999999,851,0,0,0,0,0,0,0,0,0,0
6.84999999999999,832,0,0,0,0,0,0,0,0,0,0
6.89999999999999,889,0,0,0,0,0,0,0,0,0,0
6.9499999999999895,852,0,0,0,0,0,0,0,0,0,0
6.999999999999989,834,0,0,0,0,0,0,0,0,0,0
7.049999999999989,876,0,0,0,0,0,0,0,0,0,0
7.099999999999989,880,0,0,0,0,0,0,0,0,0,0
7.149999999999989,891,0,0,0,0,0,0,0,0,0,0
7.199999999999989,878,0,0,0,0,0,0,0,0,0,0
7.2499999999999885,886,0,0,0,0,0,0,0,0,0,0
7.299999999999988,909,0,0,0,0,0,0,0,0,0,0
7.349999999999988,863,0,0,0,0,0,0,0,0,0,0
7.399999999999988,889,0,0,0,0,0,0,0,0,0,0
7.449999999999988,922,0,0,0,0,0,0,0,0,0,0
7.499999999999988,816,0,0,0,0,0,0,0,0,0,0
7.549999999999987,824,0,0,0,0,0,0,0,0,0,0
7.599999999999987,819,0,0,0,0,0,0,0,0,0,0
7.649999999999987,819,0,0,0,0,0,0,0,0,0,0
7.699999999999987,861,0,0,0,0,0,0,0,0,0,0
7.749999999999987,866,0,0,0,0,0,0,0,0,0,0
7.7999999999999865,875,0,0,0,0,0,0,0,0,0,0
7.849999999999986,856,0,0,0,0,0,0,0,0,0,0
7.899999999999986,839,0,0,0,0,0,0,0,0,0,0
7.949999999999986,914,0,0,0,0,0,0,0,0,0,0
7.999999999999986,898,0,0,0,0,0,0,0,0,0,0
8.049999999999986,892,0,0,0,0,0,0,0,0,0,0
8.099999999999987,883,0,0,0,0,0,0,0,0,0,0
8.149999999999988,864,0,0,0,0,0,0,0,0,0,0
8.199999999999989,917,0,0,0,0,0,0,0,0,0,0
8.24999999999999,833,0,0,0,0,0,0,0,0,0,0
8.29999999999999,828,0,0,0,0,0,0,0,0,0,0
8.34999999999999,880,0,0,0,0,0,0,0,0,0,0
8.399999999999991,849,0,0,0,0,0,0,0,0,0,0
8.449999999999992,825,0,0,0,0,0,0,0,0,0,0
8.499999999999993,826,0,0,0,0,0,0,0,0,0,0
8.549999999999994,870,0,0,0,0,0,0,0,0,0,0
8.599999999999994,809,0,0,0,0,0,0,0,0,0,0
8.649999999999995,714,0,0,0,0,0,0,0,0,0,0
8.699999999999996,595,0,0,0,0,0,0,0,0,0,0
8.749999999999996,489,0,0,0,0,0,0,0,0,0,0
8.799999999999997,412,0,0,0,0,0,0,0,0,0,0
8.849999999999998,280,0,0,0,0,0,0,0,0,0,0
8.899999999999999,155,0,0,0,0,0,0,0,0,0,0
8.95,55,0,0,0,0,0,0,0,0,0,0
9.0,0,0,0,0,0,0,0,0,0,0,0
9.05,0,0,0,0,0,0,0,0,0,0,0
9.100000000000001,0,0,0,0,0,0,0,0,0,0,0
9.150000000000002,0,0,0,0,0,0,0,0,0,0,0
9.200000000000003,0,0,0,0,0,0,0,0,0,0,0
9.250000000000004,0,0,0,0,0,0,0,0,0,0,0
9.300000000000004,0,0,0,0,0,0,0,0,0,0,0
9.350000000000005,0,0,0,0,0,0,0,0,0,0,0
9.400000000000006,0,0,0,0,0,0,0,0,0,0,0
9.450000000000006,0,0,0,0,0,0,0,0,0,0,0
9.500000000000007,0,0,0,0,0,0,0,0,0,0,0
9.550000000000008,0,0,0,0,0,0,0,0,0,0,0
9.600000000000009,0,0,0,0,0,0,0,0,0,0,0
9.65000000000001,0,0,0,0,0,0,0,0,0,0,0
9.70000000000001,0,0,0,0,0,0,0,0,0,0,0
9.75000000000001,0,0,0,0,0,0,0,0,0,0,0
9.800000000000011,0,0,0,0,0,0,0,0,0,0,0
9.850000000000012,0,0,0,0,0,0,0,0,0,0,0
9.900000000000013,0,0,0,0,0,0,0,0,0,0,0
9.950000000000014,0,0,0,0,0,0,0,0,0,0,0
10.000000000000014,0,0,0,0,0,0,0,0,0,0,0
10.050000000000015,0,0,0,0,0,0,0,0,0,0,0
10.100000000000016,0,0,0,0,0,0,0,0,0,0,0
10.150000000000016,0,0,0,0,0,0,0,0,0,0,0
10.200000000000017,0,0,0,0,0,0,0,0,0,0,0
10.250000000000018,0,0,0,0,0,0,0,0,0,0,0
10.300000000000018,0,0,0,0,0,0,0,0,0,0,0
10.35000000000002,0,0,0,0,0,0,0,0,0,0,0
*****
4,0.05,1000,0,1,10,100,0.261843996326,0.1280509099671
4,1000,895,926,804,901,0,0,0,0,0,0
4.05,1012,854,907,810,880,0,0,0,0,0,0
4.1,1074,901,936,841,929,0,0,0,0,0,0
4.1499999999999995,1035,799,868,813,868,0,0,0,0,0,0
4.199999999999999,1037,736,807,800,813,0,0,0,0,0,0
4.249999999999999,1018,707,788,784,798,0,0,0,0,0,0
4.299999999999999,1067,676,757,778,776,0,0,0,0,0,0
4.349999999999999,1074,579,684,738,705,0,0,0,0,0,0
4.399999999999999,1069,518,600,697,626,0,0,0,0,0,0
4.449999999999998,987,423,527,606,556,0,0,0,0,0,0
4.499999999999998,967,381,442,545,478,0,0,0,0,0,0
4.549999999999998,1061,332,396,514,426,0,0,0,0,0,0
4.599999999999998,976,246,297,402,339,0,0,0,0,0,0
4.649999999999998,994,222,287,382,311,0,0,0,0,0,0
4.6999999999999975,1027,203,247,333,277,0,0,0,0,0,0
4.749999999999997,1061,145,178,279,206,0,0,0,0,0,0
4.799999999999997,1063,116,153,251,176,0,0,0,0,0,0
4.849999999999997,1064,106,134,219,153,0,0,0,0,0,0
4.899999999999997,1086,82,110,184,125,0,0,0,0,0,0
4.949999999999997,1027,51,72,142,88,0,0,0,0,0,0
4.9999999999999964,1024,44,54,101,60,0,0,0,0,0,0
5.049999999999996,1057,39,54,93,60,0,0,0,0,0,0
5.099999999999996,1012,27,37,61,44,0,0,0,0,0,0
5.149999999999996,1004,16,23,43,24,0,0,0,0,0,0
5.199999999999996,1031,16,23,42,27,0,0,0,0,0,0
5.249999999999996,1070,12,14,34,18,0,0,0,0,0,0
5.299999999999995,994,5,11,22,13,0,0,0,0,0,0
5.349999999999995,1004,3,5,10,5,0,0,0,0,0,0
5.399999999999995,1042,2,4,11,4,0,0,0,0,0,0
5.449999999999995,1022,2,4,8,5,0,0,0,0,0,0
5.499999999999995,1042,2,1,3,2,0,0,0,0,0,0
5.5499999999999945,1020,0,1,2,1,0,0,0,0,0,0
5.599999999999994,1038,0,1,2,1,0,0,0,0,0,0
5.649999999999994,1021,2,2,2,2,0,0,0,0,0,0
5.699999999999994,1122,1,1,1,1,0,0,0,0,0,0
5.749999999999994,1044,0,0,0,0,0,0,0,0,0,0
5.799999999999994,972,0,0,0,0,0,0,0,0,0,0
5.849999999999993,1064,1,1,1,1,0,0,0,0,0,0
5.899999999999993,1011,0,0,0,0,0,0,0,0,0,0
5.949999999999993,1063,1,1,1,1,0,0,0,0,0,0
5.999999999999993,1006,0,0,0,0,0,0,0,0,0,0
6.049999999999993,1015,0,0,0,0,0,0,0,0,0,0
6.0999999999999925,1026,0,0,0,0,0,0,0,0,0,0
6.149999999999992,1088,0,0,0,0,0,0,0,0,0,0
6.199999999999992,1002,0,0,0,0,0,0,0,0,0,0
6.249999999999992,1031,0,0,0,0,0,0,0,0,0,0
6.299999999999992,1097,0,0,0,0,0,0,0,0,0,0
6.349999999999992,1028,0,0,0,0,0,0,0,0,0,0
6.3999999999999915,1022,0,0,0,0,0,0,0,0,0,0
6.449999999999991,1053,0,0,0,0,0,0,0,0,0,0
6.499999999999991,1024,0,0,0,0,0,0,0,0,0,0
6.549999999999991,1032,0,0,0,0,0,0,0,0,0,0
6.599999999999991,1043,0,0,0,0,0,0,0,0,0,0
6.649999999999991,1029,0,0,0,0,0,0,0,0,0,0
6.69999999999999,999,0,0,0,0,0,0,0,0,0,0
6.74999999999999,1012,0,0,0,0,0,0,0,0,0,0
6.79999999999999,1059,0,0,0,0,0,0,0,0,0,0
6.84999999999999,1020,0,0,0,0,0,0,0,0,0,0
6.89999999999999,1018,0,0,0,0,0,0,0,0,0,0
6.9499999999999895,1067,0,0,0,0,0,0,0,0,0,0
6.999999999999989,1028,0,0,0,0,0,0,0,0,0,0
7.049999999999989,1080,0,0,0,0,0,0,0,0,0,0
7.099999999999989,1023,0,0,0,0,0,0,0,0,0,0
7.149999999999989,1066,0,0,0,0,0,0,0,0,0,0
7.199999999999989,992,0,0,0,0,0,0,0,0,0,0
7.2499999999999885,1033,0,0,0,0,0,0,0,0,0,0
7.299999999999988,1058,0,0,0,0,0,0,0,0,0,0
7.349999999999988,1013,0,0,0,0,0,0,0,0,0,0
7.399999999999988,1021,0,0,0,0,0,0,0,0,0,0
7.449999999999988,1058,0,0,0,0,0,0,0,0,0,0
7.499999999999988,1065,0,0,0,0,0,0,0,0,0,0
7.549999999999987,1049,0,0,0,0,0,0,0,0,0,0
7.599999999999987,976,0,0,0,0,0,0,0,0,0,0
7.649999999999987,1064,0,0,0,0,0,0,0,0,0,0
7.699999999999987,984,0,0,0,0,0,0,0,0,0,0
7.749999999999987,1025,0,0,0,0,0,0,0,0,0,0
7.7999999999999865,1006,0,0,0,0,0,0,0,0,0,0
7.849999999999986,1088,0,0,0,0,0,0,0,0,0,0
7.899999999999986,1022,0,0,0,0,0,0,0,0,0,0
7.949999999999986,980,0,0,0,0,0,0,0,0,0,0
7.999999999999986,1023,0,0,0,0,0,0,0,0,0,0
8.049999999999986,962,0,0,0,0,0,0,0,0,0,0
8.099999999999987,902,0,0,0,0,0,0,0,0,0,0
8.149999999999988,841,0,0,0,0,0,0,0,0,0,0
8.199999999999989,837,0,0,0,0,0,0,0,0,0,0
8.24999999999999,729,0,0,0,0,0,0,0,0,0,0
8.29999999999999,715,0,0,0,0,0,0,0,0,0,0
8.34999999999999,649,0,0,0,0,0,0,0,0,0,0
8.399999999999991,644,0,0,0,0,0,0,0,0,0,0
8.449999999999992,536,0,0,0,0,0,0,0,0,0,0
8.499999999999993,460,0,0,0,0,0,0,0,0,0,0
8.549999999999994,442,0,0,0,0,0,0,0,0,0,0
8.599999999999994,348,0,0,0,0,0,0,0,0,0,0
8.649999999999995,345,0,0,0,0,0,0,0,0,0,0
8.699999999999996,259,0,0,0,0,0,0,0,0,0,0
8.749999999999996,224,0,0,0,0,0,0,0,0,0,0
8.799999999999997,187,0,0,0,0,0,0,0,0,0,0
8.849999999999998,127,0,0,0,0,0,0,0,0,0,0
8.899999999999999,83,0,0,0,0,0,0,0,0,0,0
8.95,32,0,0,0,0,0,0,0,0,0,0
9.0,0,0,0,0,0,0,0,0,0,0,0
9.05,0,0,0,0,0,0,0,0,0,0,0
9.100000000000001,0,0,0,0,0,0,0,0,0,0,0
9.150000000000002,0,0,0,0,0,0,0,0,0,0,0
9.200000000000003,0,0,0,0,0,0,0,0,0,0,0
9.250000000000004,0,0,0,0,0,0,0,0,0,0,0
9.300000000000004,0,0,0,0,0,0,0,0,0,0,0
9.350000000000005,0,0,0,0,0,0,0,0,0,0,0
9.400000000000006,0,0,0,0,0,0,0,0,0,0,0
9.450000000000006,0,0,0,0,0,0,0,0,0,0,0
9.500000000000007,0,0,0,0,0,0,0,0,0,0,0
9.550000000000008,0,0,0,0,0,0,0,0,0,0,0
9.600000000000009,0,0,0,0,0,0,0,0,0,0,0
9.65000000000001,0,0,0,0,0,0,0,0,0,0,0
9.70000000000001,0,0,0,0,0,0,0,0,0,0,0
9.75000000000001,0,0,0,0,0,0,0,0,0,0,0
9.800000000000011,0,0,0,0,0,0,0,0,0,0,0
9.850000000000012,0,0,0,0,0,0,0,0,0,0,0
9.900000000000013,0,0,0,0,0,0,0,0,0,0,0
9.950000000000014,0,0,0,0,0,0,0,0,0,0,0
10.000000000000014,0,0,0,0,0,0,0,0,0,0,0
10.050000000000015,0,0,0,0,0,0,0,0,0,0,0
10.100000000000016,0,0,0,0,0,0,0,0,0,0,0
10.150000000000016,0,0,0,0,0,0,0,0,0,0,0
10.200000000000017,0,0,0,0,0,0,0,0,0,0,0
10.250000000000018,0,0,0,0,0,0,0,0,0,0,0
10.300000000000018,0,0,0,0,0,0,0,0,0,0,0
10.35000000000002,0,0,0,0,0,0,0,0,0,0,0
