*****
4,0.05,1000,0,0.4,10,100,0.39276599448899996,0.0853672733114
4,1000,1000,990,1000,1000,0,0,0,0,0,0
4.05,1031,1031,1004,1030,1031,0,0,0,0,0,0
4.1,1053,1053,1027,1051,1053,0,0,0,0,0,0
4.1499999999999995,1009,1009,965,1006,1009,0,0,0,0,0,0
4.199999999999999,988,988,932,986,988,0,0,0,0,0,0
4.249999999999999,1031,1031,966,1029,1031,0,0,0,0,0,0
4.299999999999999,1019,1018,920,1009,1019,0,0,0,0,0,0
4.349999999999999,1042,1039,901,1037,1041,0,0,0,0,0,0
4.399999999999999,1002,996,850,994,999,0,0,0,0,0,0
4.449999999999998,1040,1033,831,1022,1039,0,0,0,0,0,0
4.499999999999998,987,972,764,971,978,0,0,0,0,0,0
4.549999999999998,1035,1011,764,1011,1024,0,0,0,0,0,0
4.599999999999998,1036,985,706,1005,1005,0,0,0,0,0,0
4.649999999999998,1004,933,601,951,952,0,0,0,0,0,0
4.6999999999999975,1047,938,600,977,970,0,0,0,0,0,0
4.749999999999997,970,812,481,881,845,0,0,0,0,0,0
4.799999999999997,1072,843,443,902,889,0,0,0,0,0,0
4.849999999999997,1032,736,406,826,790,0,0,0,0,0,0
4.899999999999997,1020,682,334,770,737,0,0,0,0,0,0
4.949999999999997,1013,623,299,714,663,0,0,0,0,0,0
4.9999999999999964,990,467,201,576,516,0,0,0,0,0,0
5.049999999999996,1006,415,181,516,457,0,0,0,0,0,0
5.099999999999996,1035,407,177,491,440,0,0,0,0,0,0
5.149999999999996,1030,295,97,407,336,0,0,0,0,0,0
5.199999999999996,1016,235,94,309,271,0,0,0,0,0,0
5.249999999999996,1022,201,75,268,221,0,0,0,0,0,0
5.299999999999995,1007,147,61,206,170,0,0,0,0,0,0
5.349999999999995,1053,117,47,163,136,0,0,0,0,0,0
5.399999999999995,1015,78,30,108,85,0,0,0,0,0,0
5.449999999999995,1055,54,14,68,58,0,0,0,0,0,0
5.499999999999995,1020,34,9,49,37,0,0,0,0,0,0
5.5499999999999945,995,27,12,38,32,0,0,0,0,0,0
5.599999999999994,997,14,9,30,20,0,0,0,0,0,0
5.649999999999994,1005,6,3,15,9,0,0,0,0,0,0
5.699999999999994,970,3,2,5,4,0,0,0,0,0,0
5.749999999999994,1064,2,2,6,3,0,0,0,0,0,0
5.799999999999994,990,3,3,4,3,0,0,0,0,0,0
5.849999999999993,1063,0,0,0,0,0,0,0,0,0,0
5.899999999999993,1020,0,0,2,0,0,0,0,0,0,0
5.949999999999993,940,1,1,1,1,0,0,0,0,0,0
5.999999999999993,996,0,0,0,0,0,0,0,0,0,0
6.049999999999993,995,0,0,0,0,0,0,0,0,0,0
6.0999999999999925,995,0,0,0,0,0,0,0,0,0,0
6.149999999999992,1061,0,0,0,0,0,0,0,0,0,0
6.199999999999992,1015,0,0,0,0,0,0,0,0,0,0
6.249999999999992,1022,0,0,0,0,0,0,0,0,0,0
6.299999999999992,1010,0,0,0,0,0,0,0,0,0,0
6.349999999999992,1025,0,0,0,0,0,0,0,0,0,0
6.3999999999999915,1015,0,0,0,0,0,0,0,0,0,0
6.449999999999991,1043,0,0,0,0,0,0,0,0,0,0
6.499999999999991,1099,0,0,0,0,0,0,0,0,0,0
6.549999999999991,1027,0,0,0,0,0,0,0,0,0,0
6.599999999999991,1006,0,0,0,0,0,0,0,0,0,0
6.649999999999991,1015,0,0,0,0,0,0,0,0,0,0
6.69999999999999,1006,0,0,0,0,0,0,0,0,0,0
6.74999999999999,1016,0,0,0,0,0,0,0,0,0,0
6.79999999999999,1033,0,0,0,0,0,0,0,0,0,0
6.84999999999999,1002,0,0,0,0,0,0,0,0,0,0
6.89999999999999,1012,0,0,0,0,0,0,0,0,0,0
6.9499999999999895,1052,0,0,0,0,0,0,0,0,0,0
6.999999999999989,969,0,0,0,0,0,0,0,0,0,0
7.049999999999989,1022,0,0,0,0,0,0,0,0,0,0
7.099999999999989,995,0,0,0,0,0,0,0,0,0,0
7.149999999999989,1025,0,0,0,0,0,0,0,0,0,0
7.199999999999989,1045,0,0,0,0,0,0,0,0,0,0
7.2499999999999885,1043,0,0,0,0,0,0,0,0,0,0
7.299999999999988,1034,0,0,0,0,0,0,0,0,0,0
7.349999999999988,1027,0,0,0,0,0,0,0,0,0,0
7.399999999999988,999,0,0,0,0,0,0,0,0,0,0
7.449999999999988,1062,0,0,0,0,0,0,0,0,0,0
7.499999999999988,983,0,0,0,0,0,0,0,0,0,0
7.549999999999987,1006,0,0,0,0,0,0,0,0,0,0
7.599999999999987,989,0,0,0,0,0,0,0,0,0,0
7.649999999999987,996,0,0,0,0,0,0,0,0,0,0
7.699999999999987,1002,0,0,0,0,0,0,0,0,0,0
7.749999999999987,1042,0,0,0,0,0,0,0,0,0,0
7.7999999999999865,1024,0,0,0,0,0,0,0,0,0,0
7.849999999999986,972,0,0,0,0,0,0,0,0,0,0
7.899999999999986,1048,0,0,0,0,0,0,0,0,0,0
7.949999999999986,1016,0,0,0,0,0,0,0,0,0,0
7.999999999999986,981,0,0,0,0,0,0,0,0,0,0
8.049999999999986,823,0,0,0,0,0,0,0,0,0,0
8.099999999999987,677,0,0,0,0,0,0,0,0,0,0
8.149999999999988,582,0,0,0,0,0,0,0,0,0,0
8.199999999999989,442,0,0,0,0,0,0,0,0,0,0
8.24999999999999,314,0,0,0,0,0,0,0,0,0,0
8.29999999999999,193,0,0,0,0,0,0,0,0,0,0
8.34999999999999,69,0,0,0,0,0,0,0,0,0,0
8.399999999999991,0,0,0,0,0,0,0,0,0,0,0
8.449999999999992,0,0,0,0,0,0,0,0,0,0,0
8.499999999999993,0,0,0,0,0,0,0,0,0,0,0
8.549999999999994,0,0,0,0,0,0,0,0,0,0,0
8.599999999999994,0,0,0,0,0,0,0,0,0,0,0
8.649999999999995,0,0,0,0,0,0,0,0,0,0,0
8.699999999999996,0,0,0,0,0,0,0,0,0,0,0
8.749999999999996,0,0,0,0,0,0,0,0,0,0,0
8.799999999999997,0,0,0,0,0,0,0,0,0,0,0
8.849999999999998,0,0,0,0,0,0,0,0,0,0,0
8.899999999999999,0,0,0,0,0,0,0,0,0,0,0
8.95,0,0,0,0,0,0,0,0,0,0,0
9.0,0,0,0,0,0,0,0,0,0,0,0
9.05,0,0,0,0,0,0,0,0,0,0,0
9.100000000000001,0,0,0,0,0,0,0,0,0,0,0
9.150000000000002,0,0,0,0,0,0,0,0,0,0,0
9.200000000000003,0,0,0,0,0,0,0,0,0,0,0
9.250000000000004,0,0,0,0,0,0,0,0,0,0,0
9.300000000000004,0,0,0,0,0,0,0,0,0,0,0
9.350000000000005,0,0,0,0,0,0,0,0,0,0,0
9.400000000000006,0,0,0,0,0,0,0,0,0,0,0
9.450000000000006,0,0,0,0,0,0,0,0,0,0,0
9.500000000000007,0,0,0,0,0,0,0,0,0,0,0
9.550000000000008,0,0,0,0,0,0,0,0,0,0,0
9.600000000000009,0,0,0,0,0,0,0,0,0,0,0
9.65000000000001,0,0,0,0,0,0,0,0,0,0,0
9.70000000000001,0,0,0,0,0,0,0,0,0,0,0
9.75000000000001,0,0,0,0,0,0,0,0,0,0,0
9.800000000000011,0,0,0,0,0,0,0,0,0,0,0
9.850000000000012,0,0,0,0,0,0,0,0,0,0,0
9.900000000000013,0,0,0,0,0,0,0,0,0,0,0
9.950000000000014,0,0,0,0,0,0,0,0,0,0,0
10.000000000000014,0,0,0,0,0,0,0,0,0,0,0
10.050000000000015,0,0,0,0,0,0,0,0,0,0,0
10.100000000000016,0,0,0,0,0,0,0,0,0,0,0
10.150000000000016,0,0,0,0,0,0,0,0,0,0,0
10.200000000000017,0,0,0,0,0,0,0,0,0,0,0
10.250000000000018,0,0,0,0,0,0,0,0,0,0,0
10.300000000000018,0,0,0,0,0,0,0,0,0,0,0
10.35000000000002,0,0,0,0,0,0,0,0,0,0,0
*****
4,0.05,1000,0.3,0.7,10,100,0.39276599448899996,0.0853672733114
4,1000,937,967,924,955,0,0,0,0,0,0
4.05,994,930,954,936,947,0,0,0,0,0,0
4.1,969,907,934,902,928,0,0,0,0,0,0
4.1499999999999995,968,919,932,910,922,0,0,0,0,0,0
4.199999999999999,988,910,943,912,930,0,0,0,0,0,0
4.249999999999999,988,923,939,914,934,0,0,0,0,0,0
4.299999999999999,1008,942,973,947,968,0,0,0,0,0,0
4.349999999999999,1027,948,970,944,971,0,0,0,0,0,0
4.399999999999999,985,895,926,901,928,0,0,0,0,0,0
4.449999999999998,927,851,869,846,875,0,0,0,0,0,0
4.499999999999998,1056,952,976,957,987,0,0,0,0,0,0
4.549999999999998,959,839,862,845,874,0,0,0,0,0,0
4.599999999999998,968,819,843,840,859,0,0,0,0,0,0
4.649999999999998,976,798,802,811,833,0,0,0,0,0,0
4.6999999999999975,963,790,798,803,829,0,0,0,0,0,0
4.749999999999997,959,691,716,723,744,0,0,0,0,0,0
4.799999999999997,963,686,711,729,739,0,0,0,0,0,0
4.849999999999997,1028,666,685,704,722,0,0,0,0,0,0
4.899999999999997,967,608,628,649,664,0,0,0,0,0,0
4.949999999999997,1007,584,611,653,654,0,0,0,0,0,0
4.9999999999999964,993,528,545,573,588,0,0,0,0,0,0
5.049999999999996,988,462,473,506,511,0,0,0,0,0,0
5.099999999999996,943,417,436,466,471,0,0,0,0,0,0
5.149999999999996,1018,377,382,411,414,0,0,0,0,0,0
5.199999999999996,979,306,314,366,352,0,0,0,0,0,0
5.249999999999996,995,264,279,314,302,0,0,0,0,0,0
5.299999999999995,952,231,230,271,260,0,0,0,0,0,0
5.349999999999995,1029,224,233,248,245,0,0,0,0,0,0
5.399999999999995,967,181,187,205,208,0,0,0,0,0,0
5.449999999999995,1006,146,152,174,167,0,0,0,0,0,0
5.499999999999995,1011,127,128,144,141,0,0,0,0,0,0
5.5499999999999945,938,89,95,104,101,0,0,0,0,0,0
5.599999999999994,953,77,81,83,83,0,0,0,0,0,0
5.649999999999994,1013,50,53,64,58,0,0,0,0,0,0
5.699999999999994,994,38,41,50,48,0,0,0,0,0,0
5.749999999999994,1043,32,31,39,36,0,0,0,0,0,0
5.799999999999994,908,27,29,31,30,0,0,0,0,0,0
5.849999999999993,1025,25,28,34,33,0,0,0,0,0,0
5.899999999999993,1004,15,17,19,18,0,0,0,0,0,0
5.949999999999993,949,11,10,13,13,0,0,0,0,0,0
5.999999999999993,919,9,10,12,10,0,0,0,0,0,0
6.049999999999993,978,4,3,4,4,0,0,0,0,0,0
6.0999999999999925,1035,2,2,2,2,0,0,0,0,0,0
6.149999999999992,1040,2,1,3,3,0,0,0,0,0,0
6.199999999999992,1027,5,5,5,5,0,0,0,0,0,0
6.249999999999992,933,0,0,0,0,0,0,0,0,0,0
6.299999999999992,965,0,0,0,0,0,0,0,0,0,0
6.349999999999992,1003,1,1,1,1,0,0,0,0,0,0
6.3999999999999915,992,0,0,0,0,0,0,0,0,0,0
6.449999999999991,977,0,0,0,0,0,0,0,0,0,0
6.499999999999991,1026,0,0,0,0,0,0,0,0,0,0
6.549999999999991,962,0,0,0,0,0,0,0,0,0,0
6.599999999999991,935,0,0,0,0,0,0,0,0,0,0
6.649999999999991,988,0,0,0,0,0,0,0,0,0,0
6.69999999999999,1011,0,0,0,0,0,0,0,0,0,0
6.74999999999999,1002,0,0,0,0,0,0,0,0,0,0
6.79999999999999,966,0,0,0,0,0,0,0,0,0,0
6.84999999999999,1028,0,0,0,0,0,0,0,0,0,0
6.89999999999999,974,0,0,0,0,0,0,0,0,0,0
6.9499999999999895,985,0,0,0,0,0,0,0,0,0,0
6.999999999999989,961,0,0,0,0,0,0,0,0,0,0
7.049999999999989,1014,0,0,0,0,0,0,0,0,0,0
7.099999999999989,973,0,0,0,0,0,0,0,0,0,0
7.149999999999989,940,0,0,0,0,0,0,0,0,0,0
7.199999999999989,1014,0,0,0,0,0,0,0,0,0,0
7.2499999999999885,963,0,0,0,0,0,0,0,0,0,0
7.299999999999988,960,0,0,0,0,0,0,0,0,0,0
7.349999999999988,1000,0,0,0,0,0,0,0,0,0,0
7.399999999999988,1029,0,0,0,0,0,0,0,0,0,0
7.449999999999988,1031,0,0,0,0,0,0,0,0,0,0
7.499999999999988,986,0,0,0,0,0,0,0,0,0,0
7.549999999999987,1003,0,0,0,0,0,0,0,0,0,0
7.599999999999987,947,0,0,0,0,0,0,0,0,0,0
7.649999999999987,995,0,0,0,0,0,0,0,0,0,0
7.699999999999987,980,0,0,0,0,0,0,0,0,0,0
7.749999999999987,934,0,0,0,0,0,0,0,0,0,0
7.7999999999999865,1009,0,0,0,0,0,0,0,0,0,0
7.849999999999986,1008,0,0,0,0,0,0,0,0,0,0
7.899999999999986,998,0,0,0,0,0,0,0,0,0,0
7.949999999999986,946,0,0,0,0,0,0,0,0,0,0
7.999999999999986,1028,0,0,0,0,0,0,0,0,0,0
8.049999999999986,981,0,0,0,0,0,0,0,0,0,0
8.099999999999987,981,0,0,0,0,0,0,0,0,0,0
8.149999999999988,969,0,0,0,0,0,0,0,0,0,0
8.199999999999989,979,0,0,0,0,0,0,0,0,0,0
8.24999999999999,1032,0,0,0,0,0,0,0,0,0,0
8.29999999999999,886,0,0,0,0,0,0,0,0,0,0
8.34999999999999,804,0,0,0,0,0,0,0,0,0,0
8.399999999999991,651,0,0,0,0,0,0,0,0,0,0
8.449999999999992,560,0,0,0,0,0,0,0,0,0,0
8.499999999999993,458,0,0,0,0,0,0,0,0,0,0
8.549999999999994,296,0,0,0,0,0,0,0,0,0,0
8.599999999999994,178,0,0,0,0,0,0,0,0,0,0
8.649999999999995,58,0,0,0,0,0,0,0,0,0,0
8.699999999999996,0,0,0,0,0,0,0,0,0,0,0
8.749999999999996,0,0,0,0,0,0,0,0,0,0,0
8.799999999999997,0,0,0,0,0,0,0,0,0,0,0
8.849999999999998,0,0,0,0,0,0,0,0,0,0,0
8.899999999999999,0,0,0,0,0,0,0,0,0,0,0
8.95,0,0,0,0,0,0,0,0,0,0,0
9.0,0,0,0,0,0,0,0,0,0,0,0
9.05,0,0,0,0,0,0,0,0,0,0,0
9.100000000000001,0,0,0,0,0,0,0,0,0,0,0
9.150000000000002,0,0,0,0,0,0,0,0,0,0,0
9.200000000000003,0,0,0,0,0,0,0,0,0,0,0
9.250000000000004,0,0,0,0,0,0,0,0,0,0,0
9.300000000000004,0,0,0,0,0,0,0,0,0,0,0
9.350000000000005,0,0,0,0,0,0,0,0,0,0,0
9.400000000000006,0,0,0,0,0,0,0,0,0,0,0
9.450000000000006,0,0,0,0,0,0,0,0,0,0,0
9.500000000000007,0,0,0,0,0,0,0,0,0,0,0
9.550000000000008,0,0,0,0,0,0,0,0,0,0,0
9.600000000000009,0,0,0,0,0,0,0,0,0,0,0
9.65000000000001,0,0,0,0,0,0,0,0,0,0,0
9.70000000000001,0,0,0,0,0,0,0,0,0,0,0
9.75000000000001,0,0,0,0,0,0,0,0,0,0,0
9.800000000000011,0,0,0,0,0,0,0,0,0,0,0
9.850000000000012,0,0,0,0,0,0,0,0,0,0,0
9.900000000000013,0,0,0,0,0,0,0,0,0,0,0
9.950000000000014,0,0,0,0,0,0,0,0,0,0,0
10.000000000000014,0,0,0,0,0,0,0,0,0,0,0
10.050000000000015,0,0,0,0,0,0,0,0,0,0,0
10.100000000000016,0,0,0,0,0,0,0,0,0,0,0
10.150000000000016,0,0,0,0,0,0,0,0,0,0,0
10.200000000000017,0,0,0,0,0,0,0,0,0,0,0
10.250000000000018,0,0,0,0,0,0,0,0,0,0,0
10.300000000000018,0,0,0,0,0,0,0,0,0,0,0
10.35000000000002,0,0,0,0,0,0,0,0,0,0,0
*****
4,0.05,1000,0.6,1,10,100,0.39276599448899996,0.0853672733114
4,1000,10,11,12,11,0,0,0,0,0,0
4.05,948,11,13,14,13,0,0,0,0,0,0
4.1,903,23,29,27,29,0,0,0,0,0,0
4.1499999999999995,856,30,35,32,35,0,0,0,0,0,0
4.199999999999999,807,44,56,56,56,0,0,0,0,0,0
4.249999999999999,711,45,45,47,45,0,0,0,0,0,0
4.299999999999999,668,84,92,90,92,0,0,0,0,0,0
4.349999999999999,681,114,134,131,134,0,0,0,0,0,0
4.399999999999999,674,146,161,149,161,0,0,0,0,0,0
4.449999999999998,672,169,180,172,180,0,0,0,0,0,0
4.499999999999998,713,162,183,178,183,0,0,0,0,0,0
4.549999999999998,710,116,143,135,143,0,0,0,0,0,0
4.599999999999998,786,79,108,104,108,0,0,0,0,0,0
4.649999999999998,839,44,66,69,66,0,0,0,0,0,0
4.6999999999999975,874,36,46,52,46,0,0,0,0,0,0
4.749999999999997,858,19,27,26,27,0,0,0,0,0,0
4.799999999999997,901,7,12,13,12,0,0,0,0,0,0
4.849999999999997,857,15,19,21,19,0,0,0,0,0,0
4.899999999999997,891,17,26,24,26,0,0,0,0,0,0
4.949999999999997,866,13,21,20,21,0,0,0,0,0,0
4.9999999999999964,813,27,33,33,33,0,0,0,0,0,0
5.049999999999996,779,20,31,30,31,0,0,0,0,0,0
5.099999999999996,703,6,12,15,12,0,0,0,0,0,0
5.149999999999996,714,21,33,38,33,0,0,0,0,0,0
5.199999999999996,678,8,14,16,14,0,0,0,0,0,0
5.249999999999996,755,6,12,11,12,0,0,0,0,0,0
5.299999999999995,697,11,16,16,16,0,0,0,0,0,0
5.349999999999995,738,5,10,11,10,0,0,0,0,0,0
5.399999999999995,791,1,3,3,3,0,0,0,0,0,0
5.449999999999995,813,2,2,2,2,0,0,0,0,0,0
5.499999999999995,847,0,0,0,0,0,0,0,0,0,0
5.5499999999999945,866,2,3,4,3,0,0,0,0,0,0
5.599999999999994,812,2,2,1,2,0,0,0,0,0,0
5.649999999999994,849,2,2,2,2,0,0,0,0,0,0
5.699999999999994,812,0,0,0,0,0,0,0,0,0,0
5.749999999999994,818,1,1,1,1,0,0,0,0,0,0
5.799999999999994,785,0,0,0,0,0,0,0,0,0,0
5.849999999999993,833,0,0,0,0,0,0,0,0,0,0
5.899999999999993,785,0,0,0,0,0,0,0,0,0,0
5.949999999999993,753,0,0,0,0,0,0,0,0,0,0
5.999999999999993,701,0,0,0,0,0,0,0,0,0,0
6.049999999999993,687,0,0,0,0,0,0,0,0,0,0
6.0999999999999925,781,0,0,0,0,0,0,0,0,0,0
6.149999999999992,787,0,0,0,0,0,0,0,0,0,0
6.199999999999992,795,0,0,0,0,0,0,0,0,0,0
6.249999999999992,799,0,0,0,0,0,0,0,0,0,0
6.299999999999992,796,0,0,0,0,0,0,0,0,0,0
6.349999999999992,799,0,0,0,0,0,0,0,0,0,0
6.3999999999999915,851,1,1,1,1,0,0,0,0,0,0
6.449999999999991,786,0,0,0,0,0,0,0,0,0,0
6.499999999999991,835,0,0,0,0,0,0,0,0,0,0
6.549999999999991,831,0,0,0,0,0,0,0,0,0,0
6.599999999999991,825,0,0,0,0,0,0,0,0,0,0
6.649999999999991,746,0,0,0,0,0,0,0,0,0,0
6.69999999999999,761,0,0,0,0,0,0,0,0,0,0
6.74999999999999,800,0,0,0,0,0,0,0,0,0,0
6.79999999999999,785,0,0,0,0,0,0,0,0,0,0
6.84999999999999,755,0,0,0,0,0,0,0,0,0,0
6.89999999999999,773,0,0,0,0,0,0,0,0,0,0
6.9499999999999895,752,0,0,0,0,0,0,0,0,0,0
6.999999999999989,803,0,0,0,0,0,0,0,0,0,0
7.049999999999989,796,0,0,0,0,0,0,0,0,0,0
7.099999999999989,761,0,1,1,1,0,0,0,0,0,0
7.149999999999989,809,0,0,0,0,0,0,0,0,0,0
7.199999999999989,819,0,0,0,0,0,0,0,0,0,0
7.2499999999999885,742,0,0,0,0,0,0,0,0,0,0
7.299999999999988,861,0,0,0,0,0,0,0,0,0,0
7.349999999999988,818,0,0,0,0,0,0,0,0,0,0
7.399999999999988,780,0,0,0,0,0,0,0,0,0,0
7.449999999999988,778,0,0,0,0,0,0,0,0,0,0
7.499999999999988,792,0,0,0,0,0,0,0,0,0,0
7.549999999999987,781,0,0,0,0,0,0,0,0,0,0
7.599999999999987,804,0,0,0,0,0,0,0,0,0,0
7.649999999999987,801,0,0,0,0,0,0,0,0,0,0
7.699999999999987,769,0,0,0,0,0,0,0,0,0,0
7.749999999999987,796,0,0,0,0,0,0,0,0,0,0
7.7999999999999865,777,0,0,0,0,0,0,0,0,0,0
7.849999999999986,823,0,0,0,0,0,0,0,0,0,0
7.899999999999986,721,0,0,0,0,0,0,0,0,0,0
7.949999999999986,736,0,0,0,0,0,0,0,0,0,0
7.999999999999986,818,0,0,0,0,0,0,0,0,0,0
8.049999999999986,788,0,0,0,0,0,0,0,0,0,0
8.099999999999987,777,0,0,0,0,0,0,0,0,0,0
8.149999999999988,820,0,0,0,0,0,0,0,0,0,0
8.199999999999989,790,0,0,0,0,0,0,0,0,0,0
8.24999999999999,846,0,0,0,0,0,0,0,0,0,0
8.29999999999999,825,0,0,0,0,0,0,0,0,0,0
8.34999999999999,774,0,0,0,0,0,0,0,0,0,0
8.399999999999991,778,0,0,0,0,0,0,0,0,0,0
8.449999999999992,784,0,0,0,0,0,0,0,0,0,0
8.499999999999993,820,0,0,0,0,0,0,0,0,0,0
8.549999999999994,769,0,0,0,0,0,0,0,0,0,0
8.599999999999994,769,0,0,0,0,0,0,0,0,0,0
8.649999999999995,594,0,0,0,0,0,0,0,0,0,0
8.699999999999996,498,0,0,0,0,0,0,0,0,0,0
8.749999999999996,431,0,0,0,0,0,0,0,0,0,0
8.799999999999997,313,0,0,0,0,0,0,0,0,0,0
8.849999999999998,250,0,0,0,0,0,0,0,0,0,0
8.899999999999999,143,0,0,0,0,0,0,0,0,0,0
8.95,50,0,0,0,0,0,0,0,0,0,0
9.0,0,0,0,0,0,0,0,0,0,0,0
9.05,0,0,0,0,0,0,0,0,0,0,0
9.100000000000001,0,0,0,0,0,0,0,0,0,0,0
9.150000000000002,0,0,0,0,0,0,0,0,0,0,0
9.200000000000003,0,0,0,0,0,0,0,0,0,0,0
9.250000000000004,0,0,0,0,0,0,0,0,0,0,0
9.300000000000004,0,0,0,0,0,0,0,0,0,0,0
9.350000000000005,0,0,0,0,0,0,0,0,0,0,0
9.400000000000006,0,0,0,0,0,0,0,0,0,0,0
9.450000000000006,0,0,0,0,0,0,0,0,0,0,0
9.500000000000007,0,0,0,0,0,0,0,0,0,0,0
9.550000000000008,0,0,0,0,0,0,0,0,0,0,0
9.600000000000009,0,0,0,0,0,0,0,0,0,0,0
9.65000000000001,0,0,0,0,0,0,0,0,0,0,0
9.70000000000001,0,0,0,0,0,0,0,0,0,0,0
9.75000000000001,0,0,0,0,0,0,0,0,0,0,0
9.800000000000011,0,0,0,0,0,0,0,0,0,0,0
9.850000000000012,0,0,0,0,0,0,0,0,0,0,0
9.900000000000013,0,0,0,0,0,0,0,0,0,0,0
9.950000000000014,0,0,0,0,0,0,0,0,0,0,0
10.000000000000014,0,0,0,0,0,0,0,0,0,0,0
10.050000000000015,0,0,0,0,0,0,0,0,0,0,0
10.100000000000016,0,0,0,0,0,0,0,0,0,0,0
10.150000000000016,0,0,0,0,0,0,0,0,0,0,0
10.200000000000017,0,0,0,0,0,0,0,0,0,0,0
10.250000000000018,0,0,0,0,0,0,0,0,0,0,0
10.300000000000018,0,0,0,0,0,0,0,0,0,0,0
10.35000000000002,0,0,0,0,0,0,0,0,0,0,0
*****
4,0.05,1000,0,1,10,100,0.39276599448899996,0.0853672733114
4,1000,879,903,815,887,0,0,0,0,0,0
4.05,995,876,908,827,886,0,0,0,0,0,0
4.1,1040,918,941,889,932,0,0,0,0,0,0
4.1499999999999995,1077,912,942,886,938,0,0,0,0,0,0
4.199999999999999,1063,857,891,860,892,0,0,0,0,0,0
4.249999999999999,1079,849,886,862,887,0,0,0,0,0,0
4.299999999999999,1054,797,834,827,844,0,0,0,0,0,0
4.349999999999999,1064,764,792,818,816,0,0,0,0,0,0
4.399999999999999,1116,728,770,786,789,0,0,0,0,0,0
4.449999999999998,1064,674,688,741,721,0,0,0,0,0,0
4.499999999999998,988,585,605,623,648,0,0,0,0,0,0
4.549999999999998,1036,591,607,650,645,0,0,0,0,0,0
4.599999999999998,1022,525,550,606,591,0,0,0,0,0,0
4.649999999999998,1017,457,487,553,521,0,0,0,0,0,0
4.6999999999999975,1050,428,437,514,490,0,0,0,0,0,0
4.749999999999997,1062,396,407,494,456,0,0,0,0,0,0
4.799999999999997,1058,339,354,394,384,0,0,0,0,0,0
4.849999999999997,1034,293,299,355,334,0,0,0,0,0,0
4.899999999999997,1040,246,246,322,284,0,0,0,0,0,0
4.949999999999997,1070,247,251,315,283,0,0,0,0,0,0
4.9999999999999964,1014,169,182,231,209,0,0,0,0,0,0
5.049999999999996,1047,199,184,250,219,0,0,0,0,0,0
5.099999999999996,1095,154,155,208,182,0,0,0,0,0,0
5.149999999999996,1029,118,116,147,134,0,0,0,0,0,0
5.199999999999996,1055,90,89,135,106,0,0,0,0,0,0
5.249999999999996,1119,97,99,130,110,0,0,0,0,0,0
5.299999999999995,1074,48,52,78,63,0,0,0,0,0,0
5.349999999999995,1129,52,57,81,63,0,0,0,0,0,0
5.399999999999995,965,34,38,59,47,0,0,0,0,0,0
5.449999999999995,1038,32,34,52,43,0,0,0,0,0,0
5.499999999999995,1011,22,22,32,25,0,0,0,0,0,0
5.5499999999999945,1030,19,20,31,26,0,0,0,0,0,0
5.599999999999994,1046,19,18,27,23,0,0,0,0,0,0
5.649999999999994,1048,13,14,17,15,0,0,0,0,0,0
5.699999999999994,1031,10,10,19,15,0,0,0,0,0,0
5.749999999999994,1020,11,9,16,12,0,0,0,0,0,0
5.799999999999994,1142,5,5,9,7,0,0,0,0,0,0
5.849999999999993,1027,3,4,7,6,0,0,0,0,0,0
5.899999999999993,1053,4,2,6,4,0,0,0,0,0,0
5.949999999999993,1014,2,2,3,3,0,0,0,0,0,0
5.999999999999993,1051,1,2,4,2,0,0,0,0,0,0
6.049999999999993,1058,1,1,1,1,0,0,0,0,0,0
6.0999999999999925,1052,0,0,1,0,0,0,0,0,0,0
6.149999999999992,1013,0,0,1,0,0,0,0,0,0,0
6.199999999999992,1059,0,0,0,0,0,0,0,0,0,0
6.249999999999992,1073,2,2,2,2,0,0,0,0,0,0
6.299999999999992,988,0,0,0,0,0,0,0,0,0,0
6.349999999999992,1009,0,0,0,0,0,0,0,0,0,0
6.3999999999999915,1048,0,0,0,0,0,0,0,0,0,0
6.449999999999991,1072,0,0,0,0,0,0,0,0,0,0
6.499999999999991,1022,0,0,0,0,0,0,0,0,0,0
6.549999999999991,1029,0,0,0,0,0,0,0,0,0,0
6.599999999999991,1013,0,0,0,0,0,0,0,0,0,0
6.649999999999991,1053,0,0,0,0,0,0,0,0,0,0
6.69999999999999,1044,0,0,0,0,0,0,0,0,0,0
6.74999999999999,1064,0,0,0,0,0,0,0,0,0,0
6.79999999999999,1047,0,0,0,0,0,0,0,0,0,0
6.84999999999999,1058,0,0,0,0,0,0,0,0,0,0
6.89999999999999,1053,0,0,0,0,0,0,0,0,0,0
6.9499999999999895,1014,0,0,0,0,0,0,0,0,0,0
6.999999999999989,1047,0,0,0,0,0,0,0,0,0,0
7.049999999999989,1076,0,0,0,0,0,0,0,0,0,0
7.099999999999989,978,0,0,0,0,0,0,0,0,0,0
7.149999999999989,1033,0,0,0,0,0,0,0,0,0,0
7.199999999999989,1016,0,0,0,0,0,0,0,0,0,0
7.2499999999999885,1057,0,0,0,0,0,0,0,0,0,0
7.299999999999988,1011,0,0,0,0,0,0,0,0,0,0
7.349999999999988,1084,0,0,0,0,0,0,0,0,0,0
7.399999999999988,1032,0,0,0,0,0,0,0,0,0,0
7.449999999999988,1080,0,0,0,0,0,0,0,0,0,0
7.499999999999988,1043,0,0,0,0,0,0,0,0,0,0
7.549999999999987,1035,0,0,0,0,0,0,0,0,0,0
7.599999999999987,1088,0,0,0,0,0,0,0,0,0,0
7.649999999999987,1038,0,0,0,0,0,0,0,0,0,0
7.699999999999987,1062,0,0,0,0,0,0,0,0,0,0
7.749999999999987,1060,0,0,0,0,0,0,0,0,0,0
7.7999999999999865,1040,0,0,0,0,0,0,0,0,0,0
7.849999999999986,1084,0,0,0,0,0,0,0,0,0,0
7.899999999999986,1039,0,0,0,0,0,0,0,0,0,0
7.949999999999986,1081,0,0,0,0,0,0,0,0,0,0
7.999999999999986,1004,0,0,0,0,0,0,0,0,0,0
8.049999999999986,976,0,0,0,0,0,0,0,0,0,0
8.099999999999987,869,0,0,0,0,0,0,0,0,0,0
8.149999999999988,883,0,0,0,0,0,0,0,0,0,0
8.199999999999989,798,0,0,0,0,0,0,0,0,0,0
8.24999999999999,724,0,0,0,0,0,0,0,0,0,0
8.29999999999999,685,0,0,0,0,0,0,0,0,0,0
8.34999999999999,674,0,0,0,0,0,0,0,0,0,0
8.399999999999991,615,0,0,0,0,0,0,0,0,0,0
8.449999999999992,519,0,0,0,0,0,0,0,0,0,0
8.499999999999993,478,0,0,0,0,0,0,0,0,0,0
8.549999999999994,473,0,0,0,0,0,0,0,0,0,0
8.599999999999994,420,0,0,0,0,0,0,0,0,0,0
8.649999999999995,345,0,0,0,0,0,0,0,0,0,0
8.699999999999996,312,0,0,0,0,0,0,0,0,0,0
8.749999999999996,220,0,0,0,0,0,0,0,0,0,0
8.799999999999997,189,0,0,0,0,0,0,0,0,0,0
8.849999999999998,131,0,0,0,0,0,0,0,0,0,0
8.899999999999999,84,0,0,0,0,0,0,0,0,0,0
8.95,18,0,0,0,0,0,0,0,0,0,0
9.0,0,0,0,0,0,0,0,0,0,0,0
9.05,0,0,0,0,0,0,0,0,0,0,0
9.100000000000001,0,0,0,0,0,0,0,0,0,0,0
9.150000000000002,0,0,0,0,0,0,0,0,0,0,0
9.200000000000003,0,0,0,0,0,0,0,0,0,0,0
9.250000000000004,0,0,0,0,0,0,0,0,0,0,0
9.300000000000004,0,0,0,0,0,0,0,0,0,0,0
9.350000000000005,0,0,0,0,0,0,0,0,0,0,0
9.400000000000006,0,0,0,0,0,0,0,0,0,0,0
9.450000000000006,0,0,0,0,0,0,0,0,0,0,0
9.500000000000007,0,0,0,0,0,0,0,0,0,0,0
9.550000000000008,0,0,0,0,0,0,0,0,0,0,0
9.600000000000009,0,0,0,0,0,0,0,0,0,0,0
9.65000000000001,0,0,0,0,0,0,0,0,0,0,0
9.70000000000001,0,0,0,0,0,0,0,0,0,0,0
9.75000000000001,0,0,0,0,0,0,0,0,0,0,0
9.800000000000011,0,0,0,0,0,0,0,0,0,0,0
9.850000000000012,0,0,0,0,0,0,0,0,0,0,0
9.900000000000013,0,0,0,0,0,0,0,0,0,0,0
9.950000000000014,0,0,0,0,0,0,0,0,0,0,0
10.000000000000014,0,0,0,0,0,0,0,0,0,0,0
10.050000000000015,0,0,0,0,0,0,0,0,0,0,0
10.100000000000016,0,0,0,0,0,0,0,0,0,0,0
10.150000000000016,0,0,0,0,0,0,0,0,0,0,0
10.200000000000017,0,0,0,0,0,0,0,0,0,0,0
10.250000000000018,0,0,0,0,0,0,0,0,0,0,0
10.300000000000018,0,0,0,0,0,0,0,0,0,0,0
10.35000000000002,0,0,0,0,0,0,0,0,0,0,0
