*****
4,0.05,500,0,0.4,10,100,0.261843996326,0.0853672733114
4,500,500,498,500,500,0,0,0,0,0,0
4.05,530,530,529,530,530,0,0,0,0,0,0
4.1,508,508,506,508,508,0,0,0,0,0,0
4.1499999999999995,570,570,568,570,570,0,0,0,0,0,0
4.199999999999999,529,529,520,529,529,0,0,0,0,0,0
4.249999999999999,545,545,533,545,545,0,0,0,0,0,0
4.299999999999999,557,557,535,556,557,0,0,0,0,0,0
4.349999999999999,507,504,489,505,504,0,0,0,0,0,0
4.399999999999999,539,538,506,539,539,0,0,0,0,0,0
4.449999999999998,566,559,520,562,561,0,0,0,0,0,0
4.499999999999998,528,522,478,524,526,0,0,0,0,0,0
4.549999999999998,554,535,474,544,541,0,0,0,0,0,0
4.599999999999998,563,531,461,550,540,0,0,0,0,0,0
4.649999999999998,553,504,423,536,515,0,0,0,0,0,0
4.6999999999999975,562,488,389,530,502,0,0,0,0,0,0
4.749999999999997,555,456,343,515,480,0,0,0,0,0,0
4.799999999999997,531,398,312,477,421,0,0,0,0,0,0
4.849999999999997,528,369,274,450,396,0,0,0,0,0,0
4.899999999999997,537,337,248,436,365,0,0,0,0,0,0
4.949999999999997,543,296,205,379,321,0,0,0,0,0,0
4.9999999999999964,538,248,169,342,270,0,0,0,0,0,0
5.049999999999996,535,197,128,288,216,0,0,0,0,0,0
5.099999999999996,549,152,101,232,170,0,0,0,0,0,0
5.149999999999996,530,123,85,189,131,0,0,0,0,0,0
5.199999999999996,506,73,46,137,88,0,0,0,0,0,0
5.249999999999996,530,63,46,103,69,0,0,0,0,0,0
5.299999999999995,530,48,39,90,52,0,0,0,0,0,0
5.349999999999995,564,20,16,42,21,0,0,0,0,0,0
5.399999999999995,557,26,23,42,30,0,0,0,0,0,0
5.449999999999995,501,13,8,17,16,0,0,0,0,0,0
5.499999999999995,525,7,4,16,10,0,0,0,0,0,0
5.5499999999999945,538,4,2,5,4,0,0,0,0,0,0
5.599999999999994,547,1,1,4,1,0,0,0,0,0,0
5.649999999999994,506,1,1,1,1,0,0,0,0,0,0
5.699999999999994,514,1,0,2,1,0,0,0,0,0,0
5.749999999999994,592,0,0,0,0,0,0,0,0,0,0
5.799999999999994,514,0,0,0,0,0,0,0,0,0,0
5.849999999999993,535,0,0,0,0,0,0,0,0,0,0
5.899999999999993,545,0,0,0,0,0,0,0,0,0,0
5.949999999999993,537,0,0,0,0,0,0,0,0,0,0
5.999999999999993,579,0,0,0,0,0,0,0,0,0,0
6.049999999999993,511,0,0,0,0,0,0,0,0,0,0
6.0999999999999925,532,0,0,0,0,0,0,0,0,0,0
6.149999999999992,516,0,0,0,0,0,0,0,0,0,0
6.199999999999992,555,0,0,0,0,0,0,0,0,0,0
6.249999999999992,543,0,0,0,0,0,0,0,0,0,0
6.299999999999992,566,0,0,0,0,0,0,0,0,0,0
6.349999999999992,507,0,0,0,0,0,0,0,0,0,0
6.3999999999999915,517,0,0,0,0,0,0,0,0,0,0
6.449999999999991,581,0,0,0,0,0,0,0,0,0,0
6.499999999999991,554,0,0,0,0,0,0,0,0,0,0
6.549999999999991,564,0,0,0,0,0,0,0,0,0,0
6.599999999999991,513,0,0,0,0,0,0,0,0,0,0
6.649999999999991,517,0,0,0,0,0,0,0,0,0,0
6.69999999999999,527,0,0,0,0,0,0,0,0,0,0
6.74999999999999,528,0,0,0,0,0,0,0,0,0,0
6.79999999999999,546,0,0,0,0,0,0,0,0,0,0
6.84999999999999,529,0,0,0,0,0,0,0,0,0,0
6.89999999999999,543,0,0,0,0,0,0,0,0,0,0
6.9499999999999895,527,0,0,0,0,0,0,0,0,0,0
6.999999999999989,506,0,0,0,0,0,0,0,0,0,0
7.049999999999989,537,0,0,0,0,0,0,0,0,0,0
7.099999999999989,527,0,0,0,0,0,0,0,0,0,0
7.149999999999989,534,0,0,0,0,0,0,0,0,0,0
7.199999999999989,563,0,0,0,0,0,0,0,0,0,0
7.2499999999999885,534,0,0,0,0,0,0,0,0,0,0
7.299999999999988,520,0,0,0,0,0,0,0,0,0,0
7.349999999999988,585,0,0,0,0,0,0,0,0,0,0
7.399999999999988,533,0,0,0,0,0,0,0,0,0,0
7.449999999999988,529,0,0,0,0,0,0,0,0,0,0
7.499999999999988,534,0,0,0,0,0,0,0,0,0,0
7.549999999999987,527,0,0,0,0,0,0,0,0,0,0
7.599999999999987,557,0,0,0,0,0,0,0,0,0,0
7.649999999999987,534,0,0,0,0,0,0,0,0,0,0
7.699999999999987,565,0,0,0,0,0,0,0,0,0,0
7.749999999999987,532,0,0,0,0,0,0,0,0,0,0
7.7999999999999865,550,0,0,0,0,0,0,0,0,0,0
7.849999999999986,559,0,0,0,0,0,0,0,0,0,0
7.899999999999986,551,0,0,0,0,0,0,0,0,0,0
7.949999999999986,528,0,0,0,0,0,0,0,0,0,0
7.999999999999986,510,0,0,0,0,0,0,0,0,0,0
8.049999999999986,421,0,0,0,0,0,0,0,0,0,0
8.099999999999987,378,0,0,0,0,0,0,0,0,0,0
8.149999999999988,295,0,0,0,0,0,0,0,0,0,0
8.199999999999989,241,0,0,0,0,0,0,0,0,0,0
8.24999999999999,182,0,0,0,0,0,0,0,0,0,0
8.29999999999999,101,0,0,0,0,0,0,0,0,0,0
8.34999999999999,31,0,0,0,0,0,0,0,0,0,0
8.399999999999991,0,0,0,0,0,0,0,0,0,0,0
8.449999999999992,0,0,0,0,0,0,0,0,0,0,0
8.499999999999993,0,0,0,0,0,0,0,0,0,0,0
8.549999999999994,0,0,0,0,0,0,0,0,0,0,0
8.599999999999994,0,0,0,0,0,0,0,0,0,0,0
8.649999999999995,0,0,0,0,0,0,0,0,0,0,0
8.699999999999996,0,0,0,0,0,0,0,0,0,0,0
8.749999999999996,0,0,0,0,0,0,0,0,0,0,0
8.799999999999997,0,0,0,0,0,0,0,0,0,0,0
8.849999999999998,0,0,0,0,0,0,0,0,0,0,0
8.899999999999999,0,0,0,0,0,0,0,0,0,0,0
8.95,0,0,0,0,0,0,0,0,0,0,0
9.0,0,0,0,0,0,0,0,0,0,0,0
9.05,0,0,0,0,0,0,0,0,0,0,0
9.100000000000001,0,0,0,0,0,0,0,0,0,0,0
9.150000000000002,0,0,0,0,0,0,0,0,0,0,0
9.200000000000003,0,0,0,0,0,0,0,0,0,0,0
9.250000000000004,0,0,0,0,0,0,0,0,0,0,0
9.300000000000004,0,0,0,0,0,0,0,0,0,0,0
9.350000000000005,0,0,0,0,0,0,0,0,0,0,0
9.400000000000006,0,0,0,0,0,0,0,0,0,0,0
9.450000000000006,0,0,0,0,0,0,0,0,0,0,0
9.500000000000007,0,0,0,0,0,0,0,0,0,0,0
9.550000000000008,0,0,0,0,0,0,0,0,0,0,0
9.600000000000009,0,0,0,0,0,0,0,0,0,0,0
9.65000000000001,0,0,0,0,0,0,0,0,0,0,0
9.70000000000001,0,0,0,0,0,0,0,0,0,0,0
9.75000000000001,0,0,0,0,0,0,0,0,0,0,0
9.800000000000011,0,0,0,0,0,0,0,0,0,0,0
9.850000000000012,0,0,0,0,0,0,0,0,0,0,0
9.900000000000013,0,0,0,0,0,0,0,0,0,0,0
9.950000000000014,0,0,0,0,0,0,0,0,0,0,0
10.000000000000014,0,0,0,0,0,0,0,0,0,0,0
10.050000000000015,0,0,0,0,0,0,0,0,0,0,0
10.100000000000016,0,0,0,0,0,0,0,0,0,0,0
10.150000000000016,0,0,0,0,0,0,0,0,0,0,0
10.200000000000017,0,0,0,0,0,0,0,0,0,0,0
10.250000000000018,0,0,0,0,0,0,0,0,0,0,0
10.300000000000018,0,0,0,0,0,0,0,0,0,0,0
10.35000000000002,0,0,0,0,0,0,0,0,0,0,0
*****
4,0.05,500,0.3,0.7,10,100,0.261843996326,0.0853672733114
4,500,474,481,476,479,0,0,0,0,0,0
4.05,506,479,483,468,479,0,0,0,0,0,0
4.1,537,511,520,513,518,0,0,0,0,0,0
4.1499999999999995,482,466,470,454,467,0,0,0,0,0,0
4.199999999999999,513,493,495,480,498,0,0,0,0,0,0
4.249999999999999,514,485,498,488,492,0,0,0,0,0,0
4.299999999999999,455,434,445,426,440,0,0,0,0,0,0
4.349999999999999,505,476,489,477,488,0,0,0,0,0,0
4.399999999999999,480,438,449,447,446,0,0,0,0,0,0
4.449999999999998,494,454,468,449,468,0,0,0,0,0,0
4.499999999999998,534,480,493,481,499,0,0,0,0,0,0
4.549999999999998,489,421,435,432,442,0,0,0,0,0,0
4.599999999999998,492,421,430,438,437,0,0,0,0,0,0
4.649999999999998,548,465,480,479,490,0,0,0,0,0,0
4.6999999999999975,472,356,372,376,383,0,0,0,0,0,0
4.749999999999997,500,369,381,382,394,0,0,0,0,0,0
4.799999999999997,477,342,359,376,371,0,0,0,0,0,0
4.849999999999997,516,326,333,373,352,0,0,0,0,0,0
4.899999999999997,514,300,321,342,336,0,0,0,0,0,0
4.949999999999997,496,277,287,301,300,0,0,0,0,0,0
4.9999999999999964,515,240,245,281,262,0,0,0,0,0,0
5.049999999999996,514,206,225,246,238,0,0,0,0,0,0
5.099999999999996,484,184,201,214,207,0,0,0,0,0,0
5.149999999999996,462,132,141,162,154,0,0,0,0,0,0
5.199999999999996,488,134,146,166,155,0,0,0,0,0,0
5.249999999999996,522,127,134,152,140,0,0,0,0,0,0
5.299999999999995,512,91,105,112,108,0,0,0,0,0,0
5.349999999999995,496,77,81,99,89,0,0,0,0,0,0
5.399999999999995,464,62,65,74,71,0,0,0,0,0,0
5.449999999999995,532,46,49,56,50,0,0,0,0,0,0
5.499999999999995,469,25,28,30,29,0,0,0,0,0,0
5.5499999999999945,507,32,39,43,41,0,0,0,0,0,0
5.599999999999994,518,22,25,28,25,0,0,0,0,0,0
5.649999999999994,518,9,8,13,10,0,0,0,0,0,0
5.699999999999994,500,14,15,15,15,0,0,0,0,0,0
5.749999999999994,524,12,13,15,13,0,0,0,0,0,0
5.799999999999994,471,5,6,7,6,0,0,0,0,0,0
5.849999999999993,508,1,2,2,2,0,0,0,0,0,0
5.899999999999993,482,2,2,2,2,0,0,0,0,0,0
5.949999999999993,446,2,2,2,2,0,0,0,0,0,0
5.999999999999993,506,2,2,2,2,0,0,0,0,0,0
6.049999999999993,510,0,0,0,0,0,0,0,0,0,0
6.0999999999999925,545,0,0,0,0,0,0,0,0,0,0
6.149999999999992,502,1,1,1,1,0,0,0,0,0,0
6.199999999999992,507,0,0,0,0,0,0,0,0,0,0
6.249999999999992,476,0,0,0,0,0,0,0,0,0,0
6.299999999999992,512,0,0,0,0,0,0,0,0,0,0
6.349999999999992,498,0,0,0,0,0,0,0,0,0,0
6.3999999999999915,493,0,0,0,0,0,0,0,0,0,0
6.449999999999991,517,0,0,0,0,0,0,0,0,0,0
6.499999999999991,506,0,0,0,0,0,0,0,0,0,0
6.549999999999991,492,0,0,0,0,0,0,0,0,0,0
6.599999999999991,530,0,0,0,0,0,0,0,0,0,0
6.649999999999991,504,0,0,0,0,0,0,0,0,0,0
6.69999999999999,484,0,0,0,0,0,0,0,0,0,0
6.74999999999999,501,0,0,0,0,0,0,0,0,0,0
6.79999999999999,515,0,0,0,0,0,0,0,0,0,0
6.84999999999999,508,0,0,0,0,0,0,0,0,0,0
6.89999999999999,489,0,0,0,0,0,0,0,0,0,0
6.9499999999999895,496,0,0,0,0,0,0,0,0,0,0
6.999999999999989,523,0,0,0,0,0,0,0,0,0,0
7.049999999999989,504,0,0,0,0,0,0,0,0,0,0
7.099999999999989,510,0,0,0,0,0,0,0,0,0,0
7.149999999999989,511,0,0,0,0,0,0,0,0,0,0
7.199999999999989,465,0,0,0,0,0,0,0,0,0,0
7.2499999999999885,518,0,0,0,0,0,0,0,0,0,0
7.299999999999988,507,0,0,0,0,0,0,0,0,0,0
7.349999999999988,527,0,0,0,0,0,0,0,0,0,0
7.399999999999988,464,0,0,0,0,0,0,0,0,0,0
7.449999999999988,516,0,0,0,0,0,0,0,0,0,0
7.499999999999988,489,0,0,0,0,0,0,0,0,0,0
7.549999999999987,466,0,0,0,0,0,0,0,0,0,0
7.599999999999987,490,0,0,0,0,0,0,0,0,0,0
7.649999999999987,551,0,0,0,0,0,0,0,0,0,0
7.699999999999987,515,0,0,0,0,0,0,0,0,0,0
7.749999999999987,508,0,0,0,0,0,0,0,0,0,0
7.7999999999999865,507,0,0,0,0,0,0,0,0,0,0
7.849999999999986,465,0,0,0,0,0,0,0,0,0,0
7.899999999999986,484,0,0,0,0,0,0,0,0,0,0
7.949999999999986,499,0,0,0,0,0,0,0,0,0,0
7.999999999999986,505,0,0,0,0,0,0,0,0,0,0
8.049999999999986,520,0,0,0,0,0,0,0,0,0,0
8.099999999999987,504,0,0,0,0,0,0,0,0,0,0
8.149999999999988,518,0,0,0,0,0,0,0,0,0,0
8.199999999999989,482,0,0,0,0,0,0,0,0,0,0
8.24999999999999,512,0,0,0,0,0,0,0,0,0,0
8.29999999999999,445,0,0,0,0,0,0,0,0,0,0
8.34999999999999,391,0,0,0,0,0,0,0,0,0,0
8.399999999999991,343,0,0,0,0,0,0,0,0,0,0
8.449999999999992,299,0,0,0,0,0,0,0,0,0,0
8.499999999999993,219,0,0,0,0,0,0,0,0,0,0
8.549999999999994,171,0,0,0,0,0,0,0,0,0,0
8.599999999999994,70,0,0,0,0,0,0,0,0,0,0
8.649999999999995,43,0,0,0,0,0,0,0,0,0,0
8.699999999999996,0,0,0,0,0,0,0,0,0,0,0
8.749999999999996,0,0,0,0,0,0,0,0,0,0,0
8.799999999999997,0,0,0,0,0,0,0,0,0,0,0
8.849999999999998,0,0,0,0,0,0,0,0,0,0,0
8.899999999999999,0,0,0,0,0,0,0,0,0,0,0
8.95,0,0,0,0,0,0,0,0,0,0,0
9.0,0,0,0,0,0,0,0,0,0,0,0
9.05,0,0,0,0,0,0,0,0,0,0,0
9.100000000000001,0,0,0,0,0,0,0,0,0,0,0
9.150000000000002,0,0,0,0,0,0,0,0,0,0,0
9.200000000000003,0,0,0,0,0,0,0,0,0,0,0
9.250000000000004,0,0,0,0,0,0,0,0,0,0,0
9.300000000000004,0,0,0,0,0,0,0,0,0,0,0
9.350000000000005,0,0,0,0,0,0,0,0,0,0,0
9.400000000000006,0,0,0,0,0,0,0,0,0,0,0
9.450000000000006,0,0,0,0,0,0,0,0,0,0,0
9.500000000000007,0,0,0,0,0,0,0,0,0,0,0
9.550000000000008,0,0,0,0,0,0,0,0,0,0,0
9.600000000000009,0,0,0,0,0,0,0,0,0,0,0
9.65000000000001,0,0,0,0,0,0,0,0,0,0,0
9.70000000000001,0,0,0,0,0,0,0,0,0,0,0
9.75000000000001,0,0,0,0,0,0,0,0,0,0,0
9.800000000000011,0,0,0,0,0,0,0,0,0,0,0
9.850000000000012,0,0,0,0,0,0,0,0,0,0,0
9.900000000000013,0,0,0,0,0,0,0,0,0,0,0
9.950000000000014,0,0,0,0,0,0,0,0,0,0,0
10.000000000000014,0,0,0,0,0,0,0,0,0,0,0
10.050000000000015,0,0,0,0,0,0,0,0,0,0,0
10.100000000000016,0,0,0,0,0,0,0,0,0,0,0
10.150000000000016,0,0,0,0,0,0,0,0,0,0,0
10.200000000000017,0,0,0,0,0,0,0,0,0,0,0
10.250000000000018,0,0,0,0,0,0,0,0,0,0,0
10.300000000000018,0,0,0,0,0,0,0,0,0,0,0
10.35000000000002,0,0,0,0,0,0,0,0,0,0,0
*****
4,0.05,500,0.6,1,10,100,0.261843996326,0.0853672733114
4,500,3,6,5,6,0,0,0,0,0,0
4.05,543,7,8,10,8,0,0,0,0,0,0
4.1,450,8,8,8,8,0,0,0,0,0,0
4.1499999999999995,437,12,16,14,16,0,0,0,0,0,0
4.199999999999999,412,16,19,18,19,0,0,0,0,0,0
4.249999999999999,397,23,25,25,25,0,0,0,0,0,0
4.299999999999999,366,34,37,32,37,0,0,0,0,0,0
4.349999999999999,351,50,51,46,51,0,0,0,0,0,0
4.399999999999999,363,60,69,68,69,0,0,0,0,0,0
4.449999999999998,395,45,56,52,56,0,0,0,0,0,0
4.499999999999998,391,33,47,50,47,0,0,0,0,0,0
4.549999999999998,386,20,25,26,25,0,0,0,0,0,0
4.599999999999998,434,18,23,30,23,0,0,0,0,0,0
4.649999999999998,445,2,7,16,7,0,0,0,0,0,0
4.6999999999999975,475,2,5,9,5,0,0,0,0,0,0
4.749999999999997,443,0,2,2,2,0,0,0,0,0,0
4.799999999999997,467,2,2,1,2,0,0,0,0,0,0
4.849999999999997,476,1,2,3,2,0,0,0,0,0,0
4.899999999999997,538,4,7,5,7,0,0,0,0,0,0
4.949999999999997,440,1,1,2,1,0,0,0,0,0,0
4.9999999999999964,437,5,6,6,6,0,0,0,0,0,0
5.049999999999996,364,2,5,6,5,0,0,0,0,0,0
5.099999999999996,387,4,6,4,6,0,0,0,0,0,0
5.149999999999996,392,2,3,2,3,0,0,0,0,0,0
5.199999999999996,411,0,0,1,0,0,0,0,0,0,0
5.249999999999996,361,1,1,1,1,0,0,0,0,0,0
5.299999999999995,371,0,0,0,0,0,0,0,0,0,0
5.349999999999995,397,0,0,0,0,0,0,0,0,0,0
5.399999999999995,406,0,0,0,0,0,0,0,0,0,0
5.449999999999995,452,0,0,0,0,0,0,0,0,0,0
5.499999999999995,443,0,0,0,0,0,0,0,0,0,0
5.5499999999999945,465,0,0,0,0,0,0,0,0,0,0
5.599999999999994,474,0,0,0,0,0,0,0,0,0,0
5.649999999999994,488,1,1,1,1,0,0,0,0,0,0
5.699999999999994,474,0,0,0,0,0,0,0,0,0,0
5.749999999999994,422,0,0,0,0,0,0,0,0,0,0
5.799999999999994,431,0,0,0,0,0,0,0,0,0,0
5.849999999999993,402,0,0,0,0,0,0,0,0,0,0
5.899999999999993,412,0,0,0,0,0,0,0,0,0,0
5.949999999999993,419,0,0,0,0,0,0,0,0,0,0
5.999999999999993,401,0,0,0,0,0,0,0,0,0,0
6.049999999999993,374,0,0,0,0,0,0,0,0,0,0
6.0999999999999925,398,0,0,0,0,0,0,0,0,0,0
6.149999999999992,412,0,0,0,0,0,0,0,0,0,0
6.199999999999992,431,0,0,0,0,0,0,0,0,0,0
6.249999999999992,434,0,0,0,0,0,0,0,0,0,0
6.299999999999992,441,0,0,0,0,0,0,0,0,0,0
6.349999999999992,434,0,0,0,0,0,0,0,0,0,0
6.3999999999999915,460,0,0,0,0,0,0,0,0,0,0
6.449999999999991,450,0,0,0,0,0,0,0,0,0,0
6.499999999999991,456,0,0,0,0,0,0,0,0,0,0
6.549999999999991,457,0,0,0,0,0,0,0,0,0,0
6.599999999999991,422,0,0,0,0,0,0,0,0,0,0
6.649999999999991,392,0,0,0,0,0,0,0,0,0,0
6.69999999999999,385,0,0,0,0,0,0,0,0,0,0
6.74999999999999,442,0,0,0,0,0,0,0,0,0,0
6.79999999999999,403,0,0,0,0,0,0,0,0,0,0
6.84999999999999,391,0,0,0,0,0,0,0,0,0,0
6.89999999999999,401,0,0,0,0,0,0,0,0,0,0
6.9499999999999895,383,0,0,0,0,0,0,0,0,0,0
6.999999999999989,440,0,0,0,0,0,0,0,0,0,0
7.049999999999989,481,0,0,0,0,0,0,0,0,0,0
7.099999999999989,431,0,0,0,0,0,0,0,0,0,0
7.149999999999989,438,0,0,0,0,0,0,0,0,0,0
7.199999999999989,435,0,0,0,0,0,0,0,0,0,0
7.2499999999999885,445,0,0,0,0,0,0,0,0,0,0
7.299999999999988,419,0,0,0,0,0,0,0,0,0,0
7.349999999999988,428,0,0,0,0,0,0,0,0,0,0
7.399999999999988,431,0,0,0,0,0,0,0,0,0,0
7.449999999999988,416,0,0,0,0,0,0,0,0,0,0
7.499999999999988,419,0,0,0,0,0,0,0,0,0,0
7.549999999999987,422,0,0,0,0,0,0,0,0,0,0
7.599999999999987,411,0,0,0,0,0,0,0,0,0,0
7.649999999999987,417,0,0,0,0,0,0,0,0,0,0
7.699999999999987,400,0,0,0,0,0,0,0,0,0,0
7.749999999999987,414,0,0,0,0,0,0,0,0,0,0
7.7999999999999865,413,0,0,0,0,0,0,0,0,0,0
7.849999999999986,430,0,0,0,0,0,0,0,0,0,0
7.899999999999986,429,0,0,0,0,0,0,0,0,0,0
7.949999999999986,472,0,0,0,0,0,0,0,0,0,0
7.999999999999986,436,0,0,0,0,0,0,0,0,0,0
8.049999999999986,450,0,0,0,0,0,0,0,0,0,0
8.099999999999987,408,0,0,0,0,0,0,0,0,0,0
8.149999999999988,444,0,0,0,0,0,0,0,0,0,0
8.199999999999989,409,0,0,0,0,0,0,0,0,0,0
8.24999999999999,428,0,0,0,0,0,0,0,0,0,0
8.29999999999999,436,0,0,0,0,0,0,0,0,0,0
8.34999999999999,438,0,0,0,0,0,0,0,0,0,0
8.399999999999991,437,0,0,0,0,0,0,0,0,0,0
8.449999999999992,427,0,0,0,0,0,0,0,0,0,0
8.499999999999993,409,0,0,0,0,0,0,0,0,0,0
8.549999999999994,418,0,0,0,0,0,0,0,0,0,0
8.599999999999994,380,0,0,0,0,0,0,0,0,0,0
8.649999999999995,352,0,0,0,0,0,0,0,0,0,0
8.699999999999996,298,0,0,0,0,0,0,0,0,0,0
8.749999999999996,235,0,0,0,0,0,0,0,0,0,0
8.799999999999997,166,0,0,0,0,0,0,0,0,0,0
8.849999999999998,127,0,0,0,0,0,0,0,0,0,0
8.899999999999999,79,0,0,0,0,0,0,0,0,0,0
8.95,30,0,0,0,0,0,0,0,0,0,0
9.0,0,0,0,0,0,0,0,0,0,0,0
9.05,0,0,0,0,0,0,0,0,0,0,0
9.100000000000001,0,0,0,0,0,0,0,0,0,0,0
9.150000000000002,0,0,0,0,0,0,0,0,0,0,0
9.200000000000003,0,0,0,0,0,0,0,0,0,0,0
9.250000000000004,0,0,0,0,0,0,0,0,0,0,0
9.300000000000004,0,0,0,0,0,0,0,0,0,0,0
9.350000000000005,0,0,0,0,0,0,0,0,0,0,0
9.400000000000006,0,0,0,0,0,0,0,0,0,0,0
9.450000000000006,0,0,0,0,0,0,0,0,0,0,0
9.500000000000007,0,0,0,0,0,0,0,0,0,0,0
9.550000000000008,0,0,0,0,0,0,0,0,0,0,0
9.600000000000009,0,0,0,0,0,0,0,0,0,0,0
9.65000000000001,0,0,0,0,0,0,0,0,0,0,0
9.70000000000001,0,0,0,0,0,0,0,0,0,0,0
9.75000000000001,0,0,0,0,0,0,0,0,0,0,0
9.800000000000011,0,0,0,0,0,0,0,0,0,0,0
9.850000000000012,0,0,0,0,0,0,0,0,0,0,0
9.900000000000013,0,0,0,0,0,0,0,0,0,0,0
9.950000000000014,0,0,0,0,0,0,0,0,0,0,0
10.000000000000014,0,0,0,0,0,0,0,0,0,0,0
10.050000000000015,0,0,0,0,0,0,0,0,0,0,0
10.100000000000016,0,0,0,0,0,0,0,0,0,0,0
10.150000000000016,0,0,0,0,0,0,0,0,0,0,0
10.200000000000017,0,0,0,0,0,0,0,0,0,0,0
10.250000000000018,0,0,0,0,0,0,0,0,0,0,0
10.300000000000018,0,0,0,0,0,0,0,0,0,0,0
10.35000000000002,0,0,0,0,0,0,0,0,0,0,0
*****
4,0.05,500,0,1,10,100,0.261843996326,0.0853672733114
4,500,447,453,412,448,0,0,0,0,0,0
4.05,499,435,445,414,439,0,0,0,0,0,0
4.1,532,470,478,440,477,0,0,0,0,0,0
4.1499999999999995,493,414,434,403,434,0,0,0,0,0,0
4.199999999999999,534,445,461,428,460,0,0,0,0,0,0
4.249999999999999,506,386,405,405,410,0,0,0,0,0,0
4.299999999999999,545,400,425,435,428,0,0,0,0,0,0
4.349999999999999,515,352,382,388,381,0,0,0,0,0,0
4.399999999999999,474,281,303,322,306,0,0,0,0,0,0
4.449999999999998,520,316,330,350,344,0,0,0,0,0,0
4.499999999999998,562,276,301,336,316,0,0,0,0,0,0
4.549999999999998,490,223,242,271,251,0,0,0,0,0,0
4.599999999999998,491,182,210,235,223,0,0,0,0,0,0
4.649999999999998,498,161,181,218,191,0,0,0,0,0,0
4.6999999999999975,542,158,177,215,185,0,0,0,0,0,0
4.749999999999997,494,114,118,160,134,0,0,0,0,0,0
4.799999999999997,515,110,115,141,125,0,0,0,0,0,0
4.849999999999997,554,92,108,136,110,0,0,0,0,0,0
4.899999999999997,481,58,64,84,71,0,0,0,0,0,0
4.949999999999997,482,53,62,72,63,0,0,0,0,0,0
4.9999999999999964,523,46,50,68,55,0,0,0,0,0,0
5.049999999999996,555,44,54,74,57,0,0,0,0,0,0
5.099999999999996,526,22,24,36,25,0,0,0,0,0,0
5.149999999999996,514,21,24,29,24,0,0,0,0,0,0
5.199999999999996,552,16,16,24,18,0,0,0,0,0,0
5.249999999999996,510,10,12,22,12,0,0,0,0,0,0
5.299999999999995,502,13,13,17,14,0,0,0,0,0,0
5.349999999999995,505,8,9,14,12,0,0,0,0,0,0
5.399999999999995,492,6,8,9,9,0,0,0,0,0,0
5.449999999999995,492,6,7,8,7,0,0,0,0,0,0
5.499999999999995,547,1,1,2,1,0,0,0,0,0,0
5.5499999999999945,526,0,0,1,0,0,0,0,0,0,0
5.599999999999994,511,3,2,3,3,0,0,0,0,0,0
5.649999999999994,470,0,0,0,0,0,0,0,0,0,0
5.699999999999994,532,1,2,2,3,0,0,0,0,0,0
5.749999999999994,506,0,0,0,0,0,0,0,0,0,0
5.799999999999994,555,1,1,1,1,0,0,0,0,0,0
5.849999999999993,530,0,0,1,0,0,0,0,0,0,0
5.899999999999993,534,0,0,0,0,0,0,0,0,0,0
5.949999999999993,487,0,0,0,0,0,0,0,0,0,0
5.999999999999993,546,0,0,0,0,0,0,0,0,0,0
6.049999999999993,476,0,0,0,0,0,0,0,0,0,0
6.0999999999999925,460,0,0,0,0,0,0,0,0,0,0
6.149999999999992,538,0,0,0,0,0,0,0,0,0,0
6.199999999999992,527,0,0,0,0,0,0,0,0,0,0
6.249999999999992,538,0,0,0,0,0,0,0,0,0,0
6.299999999999992,506,0,0,0,0,0,0,0,0,0,0
6.349999999999992,530,0,0,0,0,0,0,0,0,0,0
6.3999999999999915,483,0,0,0,0,0,0,0,0,0,0
6.449999999999991,473,0,0,0,0,0,0,0,0,0,0
6.499999999999991,498,0,0,0,0,0,0,0,0,0,0
6.549999999999991,523,0,0,0,0,0,0,0,0,0,0
6.599999999999991,525,0,0,0,0,0,0,0,0,0,0
6.649999999999991,526,0,0,0,0,0,0,0,0,0,0
6.69999999999999,521,0,0,0,0,0,0,0,0,0,0
6.74999999999999,553,0,0,0,0,0,0,0,0,0,0
6.79999999999999,511,0,0,0,0,0,0,0,0,0,0
6.84999999999999,532,0,0,0,0,0,0,0,0,0,0
6.89999999999999,493,0,0,0,0,0,0,0,0,0,0
6.9499999999999895,517,0,0,0,0,0,0,0,0,0,0
6.999999999999989,473,0,0,0,0,0,0,0,0,0,0
7.049999999999989,471,0,0,0,0,0,0,0,0,0,0
7.099999999999989,541,0,0,0,0,0,0,0,0,0,0
7.149999999999989,525,0,0,0,0,0,0,0,0,0,0
7.199999999999989,511,0,0,0,0,0,0,0,0,0,0
7.2499999999999885,488,0,0,0,0,0,0,0,0,0,0
7.299999999999988,504,0,0,0,0,0,0,0,0,0,0
7.349999999999988,512,0,0,0,0,0,0,0,0,0,0
7.399999999999988,517,0,0,0,0,0,0,0,0,0,0
7.449999999999988,520,0,0,0,0,0,0,0,0,0,0
7.499999999999988,525,0,0,0,0,0,0,0,0,0,0
7.549999999999987,522,0,0,0,0,0,0,0,0,0,0
7.599999999999987,516,0,0,0,0,0,0,0,0,0,0
7.649999999999987,537,0,0,0,0,0,0,0,0,0,0
7.699999999999987,526,0,0,0,0,0,0,0,0,0,0
7.749999999999987,489,0,0,0,0,0,0,0,0,0,0
7.7999999999999865,526,0,0,0,0,0,0,0,0,0,0
7.849999999999986,494,0,0,0,0,0,0,0,0,0,0
7.899999999999986,483,0,0,0,0,0,0,0,0,0,0
7.949999999999986,475,0,0,0,0,0,0,0,0,0,0
7.999999999999986,514,0,0,0,0,0,0,0,0,0,0
8.049999999999986,486,0,0,0,0,0,0,0,0,0,0
8.099999999999987,475,0,0,0,0,0,0,0,0,0,0
8.149999999999988,434,0,0,0,0,0,0,0,0,0,0
8.199999999999989,393,0,0,0,0,0,0,0,0,0,0
8.24999999999999,414,0,0,0,0,0,0,0,0,0,0
8.29999999999999,344,0,0,0,0,0,0,0,0,0,0
8.34999999999999,311,0,0,0,0,0,0,0,0,0,0
8.399999999999991,291,0,0,0,0,0,0,0,0,0,0
8.449999999999992,260,0,0,0,0,0,0,0,0,0,0
8.499999999999993,213,0,0,0,0,0,0,0,0,0,0
8.549999999999994,236,0,0,0,0,0,0,0,0,0,0
8.599999999999994,188,0,0,0,0,0,0,0,0,0,0
8.649999999999995,168,0,0,0,0,0,0,0,0,0,0
8.699999999999996,118,0,0,0,0,0,0,0,0,0,0
8.749999999999996,107,0,0,0,0,0,0,0,0,0,0
8.799999999999997,83,0,0,0,0,0,0,0,0,0,0
8.849999999999998,61,0,0,0,0,0,0,0,0,0,0
8.899999999999999,31,0,0,0,0,0,0,0,0,0,0
8.95,7,0,0,0,0,0,0,0,0,0,0
9.0,0,0,0,0,0,0,0,0,0,0,0
9.05,0,0,0,0,0,0,0,0,0,0,0
9.100000000000001,0,0,0,0,0,0,0,0,0,0,0
9.150000000000002,0,0,0,0,0,0,0,0,0,0,0
9.200000000000003,0,0,0,0,0,0,0,0,0,0,0
9.250000000000004,0,0,0,0,0,0,0,0,0,0,0
9.300000000000004,0,0,0,0,0,0,0,0,0,0,0
9.350000000000005,0,0,0,0,0,0,0,0,0,0,0
9.400000000000006,0,0,0,0,0,0,0,0,0,0,0
9.450000000000006,0,0,0,0,0,0,0,0,0,0,0
9.500000000000007,0,0,0,0,0,0,0,0,0,0,0
9.550000000000008,0,0,0,0,0,0,0,0,0,0,0
9.600000000000009,0,0,0,0,0,0,0,0,0,0,0
9.65000000000001,0,0,0,0,0,0,0,0,0,0,0
9.70000000000001,0,0,0,0,0,0,0,0,0,0,0
9.75000000000001,0,0,0,0,0,0,0,0,0,0,0
9.800000000000011,0,0,0,0,0,0,0,0,0,0,0
9.850000000000012,0,0,0,0,0,0,0,0,0,0,0
9.900000000000013,0,0,0,0,0,0,0,0,0,0,0
9.950000000000014,0,0,0,0,0,0,0,0,0,0,0
10.000000000000014,0,0,0,0,0,0,0,0,0,0,0
10.050000000000015,0,0,0,0,0,0,0,0,0,0,0
10.100000000000016,0,0,0,0,0,0,0,0,0,0,0
10.150000000000016,0,0,0,0,0,0,0,0,0,0,0
10.200000000000017,0,0,0,0,0,0,0,0,0,0,0
10.250000000000018,0,0,0,0,0,0,0,0,0,0,0
10.300000000000018,0,0,0,0,0,0,0,0,0,0,0
10.35000000000002,0,0,0,0,0,0,0,0,0,0,0
