*****
8,0.05,1000,0,0.4,10,100,0.261843996326,0.0853672733114
8,1000,1000,999,999,1000,0,0,0,0,0,0
8.05,1012,1012,1011,1012,1012,0,0,0,0,0,0
8.100000000000001,978,978,975,978,978,0,0,0,0,0,0
8.150000000000002,993,993,988,993,993,0,0,0,0,0,0
8.200000000000003,1003,1003,997,1003,1003,0,0,0,0,0,0
8.250000000000004,1004,1004,1001,1002,1004,0,0,0,0,0,0
8.300000000000004,997,997,991,996,997,0,0,0,0,0,0
8.350000000000005,1038,1038,1030,1036,1038,0,0,0,0,0,0
8.400000000000006,992,992,978,991,992,0,0,0,0,0,0
8.450000000000006,1015,1015,1004,1013,1015,0,0,0,0,0,0
8.500000000000007,992,991,973,989,991,0,0,0,0,0,0
8.550000000000008,944,944,932,944,944,0,0,0,0,0,0
8.600000000000009,974,974,956,974,974,0,0,0,0,0,0
8.65000000000001,974,974,943,973,974,0,0,0,0,0,0
8.70000000000001,1037,1036,986,1033,1036,0,0,0,0,0,0
8.75000000000001,1025,1025,975,1021,1025,0,0,0,0,0,0
8.800000000000011,1008,1007,943,1008,1007,0,0,0,0,0,0
8.850000000000012,982,980,897,980,980,0,0,0,0,0,0
8.900000000000013,994,992,906,994,992,0,0,0,0,0,0
8.950000000000014,1014,1008,904,1010,1010,0,0,0,0,0,0
9.000000000000014,1035,1024,915,1032,1028,0,0,0,0,0,0
9.050000000000015,1001,984,844,997,992,0,0,0,0,0,0
9.100000000000016,1011,983,828,1006,995,0,0,0,0,0,0
9.150000000000016,998,973,800,994,981,0,0,0,0,0,0
9.200000000000017,972,938,751,963,948,0,0,0,0,0,0
9.250000000000018,994,941,729,979,953,0,0,0,0,0,0
9.300000000000018,974,903,671,967,922,0,0,0,0,0,0
9.35000000000002,991,891,640,972,928,0,0,0,0,0,0
9.40000000000002,994,878,627,977,908,0,0,0,0,0,0
9.45000000000002,1013,872,571,977,897,0,0,0,0,0,0
9.500000000000021,1027,838,537,983,871,0,0,0,0,0,0
9.550000000000022,1030,787,492,977,839,0,0,0,0,0,0
9.600000000000023,1002,715,428,911,757,0,0,0,0,0,0
9.650000000000023,985,697,395,894,741,0,0,0,0,0,0
9.700000000000024,983,604,345,869,667,0,0,0,0,0,0
9.750000000000025,981,576,320,840,638,0,0,0,0,0,0
9.800000000000026,986,505,279,788,581,0,0,0,0,0,0
9.850000000000026,1029,486,267,798,549,0,0,0,0,0,0
9.900000000000027,972,366,184,673,428,0,0,0,0,0,0
9.950000000000028,1016,350,176,628,390,0,0,0,0,0,0
10.000000000000028,992,304,150,573,339,0,0,0,0,0,0
10.05000000000003,1021,253,115,522,297,0,0,0,0,0,0
10.10000000000003,950,212,97,437,237,0,0,0,0,0,0
10.15000000000003,1039,198,77,416,238,0,0,0,0,0,0
10.200000000000031,1017,150,74,343,183,0,0,0,0,0,0
10.250000000000032,1014,102,46,270,126,0,0,0,0,0,0
10.300000000000033,992,71,34,205,92,0,0,0,0,0,0
10.350000000000033,1042,88,45,202,96,0,0,0,0,0,0
10.400000000000034,1027,46,15,152,63,0,0,0,0,0,0
10.450000000000035,975,34,16,90,39,0,0,0,0,0,0
10.500000000000036,957,18,5,76,29,0,0,0,0,0,0
10.550000000000036,984,17,7,58,19,0,0,0,0,0,0
10.600000000000037,1008,14,7,48,18,0,0,0,0,0,0
10.650000000000038,1031,6,1,29,8,0,0,0,0,0,0
10.700000000000038,989,7,3,28,8,0,0,0,0,0,0
10.750000000000039,1039,5,2,14,5,0,0,0,0,0,0
10.80000000000004,987,1,0,10,2,0,0,0,0,0,0
10.85000000000004,986,0,0,5,0,0,0,0,0,0,0
10.900000000000041,989,0,0,1,0,0,0,0,0,0,0
10.950000000000042,970,0,0,3,0,0,0,0,0,0,0
11.000000000000043,978,0,0,1,0,0,0,0,0,0,0
11.050000000000043,1035,0,0,1,1,0,0,0,0,0,0
11.100000000000044,982,0,0,2,0,0,0,0,0,0,0
11.150000000000045,1011,0,0,0,0,0,0,0,0,0,0
11.200000000000045,1000,0,0,0,0,0,0,0,0,0,0
11.250000000000046,983,0,0,0,0,0,0,0,0,0,0
11.300000000000047,997,0,0,1,0,0,0,0,0,0,0
11.350000000000048,1020,0,0,0,0,0,0,0,0,0,0
11.400000000000048,964,0,0,0,0,0,0,0,0,0,0
11.450000000000049,971,0,0,0,0,0,0,0,0,0,0
11.50000000000005,966,0,0,0,0,0,0,0,0,0,0
11.55000000000005,1058,0,0,0,0,0,0,0,0,0,0
11.600000000000051,1073,0,0,0,0,0,0,0,0,0,0
11.650000000000052,997,0,0,0,0,0,0,0,0,0,0
11.700000000000053,959,0,0,0,0,0,0,0,0,0,0
11.750000000000053,995,0,0,0,0,0,0,0,0,0,0
11.800000000000054,1007,0,0,0,0,0,0,0,0,0,0
11.850000000000055,966,0,0,0,0,0,0,0,0,0,0
11.900000000000055,1022,0,0,0,0,0,0,0,0,0,0
11.950000000000056,1056,0,0,0,0,0,0,0,0,0,0
12.000000000000057,1007,0,0,0,0,0,0,0,0,0,0
12.050000000000058,976,0,0,0,0,0,0,0,0,0,0
12.100000000000058,1018,0,0,0,0,0,0,0,0,0,0
12.150000000000059,954,0,0,0,0,0,0,0,0,0,0
12.20000000000006,1010,0,0,0,0,0,0,0,0,0,0
12.25000000000006,935,0,0,0,0,0,0,0,0,0,0
12.300000000000061,1041,0,0,0,0,0,0,0,0,0,0
12.350000000000062,970,0,0,0,0,0,0,0,0,0,0
12.400000000000063,1056,0,0,0,0,0,0,0,0,0,0
12.450000000000063,992,0,0,0,0,0,0,0,0,0,0
12.500000000000064,1035,0,0,0,0,0,0,0,0,0,0
12.550000000000065,980,0,0,0,0,0,0,0,0,0,0
12.600000000000065,971,0,0,0,0,0,0,0,0,0,0
12.650000000000066,986,0,0,0,0,0,0,0,0,0,0
12.700000000000067,1042,0,0,0,0,0,0,0,0,0,0
12.750000000000068,1007,0,0,0,0,0,0,0,0,0,0
12.800000000000068,1063,0,0,0,0,0,0,0,0,0,0
12.850000000000069,1007,0,0,0,0,0,0,0,0,0,0
12.90000000000007,965,0,0,0,0,0,0,0,0,0,0
12.95000000000007,995,0,0,0,0,0,0,0,0,0,0
13.000000000000071,1015,0,0,0,0,0,0,0,0,0,0
13.050000000000072,963,0,0,0,0,0,0,0,0,0,0
13.100000000000072,1005,0,0,0,0,0,0,0,0,0,0
13.150000000000073,1019,0,0,0,0,0,0,0,0,0,0
13.200000000000074,1035,0,0,0,0,0,0,0,0,0,0
13.250000000000075,1001,0,0,0,0,0,0,0,0,0,0
13.300000000000075,988,0,0,0,0,0,0,0,0,0,0
13.350000000000076,1002,0,0,0,0,0,0,0,0,0,0
13.400000000000077,1022,0,0,0,0,0,0,0,0,0,0
13.450000000000077,957,0,0,0,0,0,0,0,0,0,0
13.500000000000078,1015,0,0,0,0,0,0,0,0,0,0
13.550000000000079,1035,0,0,0,0,0,0,0,0,0,0
13.60000000000008,960,0,0,0,0,0,0,0,0,0,0
13.65000000000008,1015,0,0,0,0,0,0,0,0,0,0
13.700000000000081,1006,0,0,0,0,0,0,0,0,0,0
13.750000000000082,950,0,0,0,0,0,0,0,0,0,0
13.800000000000082,970,0,0,0,0,0,0,0,0,0,0
13.850000000000083,977,0,0,0,0,0,0,0,0,0,0
13.900000000000084,1032,0,0,0,0,0,0,0,0,0,0
13.950000000000085,970,0,0,0,0,0,0,0,0,0,0
14.000000000000085,944,0,0,0,0,0,0,0,0,0,0
14.050000000000086,1037,0,0,0,0,0,0,0,0,0,0
14.100000000000087,1010,0,0,0,0,0,0,0,0,0,0
14.150000000000087,952,0,0,0,0,0,0,0,0,0,0
14.200000000000088,1010,0,0,0,0,0,0,0,0,0,0
14.250000000000089,984,0,0,0,0,0,0,0,0,0,0
14.30000000000009,1014,0,0,0,0,0,0,0,0,0,0
14.35000000000009,1023,0,0,0,0,0,0,0,0,0,0
14.400000000000091,1009,0,0,0,0,0,0,0,0,0,0
14.450000000000092,1013,0,0,0,0,0,0,0,0,0,0
14.500000000000092,983,0,0,0,0,0,0,0,0,0,0
14.550000000000093,1010,0,0,0,0,0,0,0,0,0,0
14.600000000000094,987,0,0,0,0,0,0,0,0,0,0
14.650000000000095,990,0,0,0,0,0,0,0,0,0,0
14.700000000000095,1023,0,0,0,0,0,0,0,0,0,0
14.750000000000096,938,0,0,0,0,0,0,0,0,0,0
14.800000000000097,1009,0,0,0,0,0,0,0,0,0,0
14.850000000000097,964,0,0,0,0,0,0,0,0,0,0
14.900000000000098,1000,0,0,0,0,0,0,0,0,0,0
14.950000000000099,1076,0,0,0,0,0,0,0,0,0,0
15.0000000000001,985,0,0,0,0,0,0,0,0,0,0
15.0500000000001,950,0,0,0,0,0,0,0,0,0,0
15.100000000000101,988,0,0,0,0,0,0,0,0,0,0
15.150000000000102,972,0,0,0,0,0,0,0,0,0,0
15.200000000000102,1040,0,0,0,0,0,0,0,0,0,0
15.250000000000103,1028,0,0,0,0,0,0,0,0,0,0
15.300000000000104,1011,0,0,0,0,0,0,0,0,0,0
15.350000000000104,1021,0,0,0,0,0,0,0,0,0,0
15.400000000000105,1061,0,0,0,0,0,0,0,0,0,0
15.450000000000106,969,0,0,0,0,0,0,0,0,0,0
15.500000000000107,1015,0,0,0,0,0,0,0,0,0,0
15.550000000000107,1023,0,0,0,0,0,0,0,0,0,0
15.600000000000108,1013,0,0,0,0,0,0,0,0,0,0
15.650000000000109,1007,0,0,0,0,0,0,0,0,0,0
15.70000000000011,975,0,0,0,0,0,0,0,0,0,0
15.75000000000011,1052,0,0,0,0,0,0,0,0,0,0
15.80000000000011,953,0,0,0,0,0,0,0,0,0,0
15.850000000000112,1031,0,0,0,0,0,0,0,0,0,0
15.900000000000112,1001,0,0,0,0,0,0,0,0,0,0
15.950000000000113,1004,0,0,0,0,0,0,0,0,0,0
16.000000000000114,917,0,0,0,0,0,0,0,0,0,0
16.050000000000114,787,0,0,0,0,0,0,0,0,0,0
16.100000000000115,698,0,0,0,0,0,0,0,0,0,0
16.150000000000116,543,0,0,0,0,0,0,0,0,0,0
16.200000000000117,448,0,0,0,0,0,0,0,0,0,0
16.250000000000117,347,0,0,0,0,0,0,0,0,0,0
16.300000000000118,211,0,0,0,0,0,0,0,0,0,0
16.35000000000012,60,0,0,0,0,0,0,0,0,0,0
16.40000000000012,0,0,0,0,0,0,0,0,0,0,0
16.45000000000012,0,0,0,0,0,0,0,0,0,0,0
16.50000000000012,0,0,0,0,0,0,0,0,0,0,0
16.55000000000012,0,0,0,0,0,0,0,0,0,0,0
16.600000000000122,0,0,0,0,0,0,0,0,0,0,0
16.650000000000123,0,0,0,0,0,0,0,0,0,0,0
16.700000000000124,0,0,0,0,0,0,0,0,0,0,0
16.750000000000124,0,0,0,0,0,0,0,0,0,0,0
16.800000000000125,0,0,0,0,0,0,0,0,0,0,0
16.850000000000126,0,0,0,0,0,0,0,0,0,0,0
16.900000000000126,0,0,0,0,0,0,0,0,0,0,0
16.950000000000127,0,0,0,0,0,0,0,0,0,0,0
17.000000000000128,0,0,0,0,0,0,0,0,0,0,0
17.05000000000013,0,0,0,0,0,0,0,0,0,0,0
17.10000000000013,0,0,0,0,0,0,0,0,0,0,0
17.15000000000013,0,0,0,0,0,0,0,0,0,0,0
17.20000000000013,0,0,0,0,0,0,0,0,0,0,0
17.25000000000013,0,0,0,0,0,0,0,0,0,0,0
17.300000000000132,0,0,0,0,0,0,0,0,0,0,0
17.350000000000133,0,0,0,0,0,0,0,0,0,0,0
17.400000000000134,0,0,0,0,0,0,0,0,0,0,0
17.450000000000134,0,0,0,0,0,0,0,0,0,0,0
17.500000000000135,0,0,0,0,0,0,0,0,0,0,0
17.550000000000136,0,0,0,0,0,0,0,0,0,0,0
17.600000000000136,0,0,0,0,0,0,0,0,0,0,0
17.650000000000137,0,0,0,0,0,0,0,0,0,0,0
17.700000000000138,0,0,0,0,0,0,0,0,0,0,0
17.75000000000014,0,0,0,0,0,0,0,0,0,0,0
17.80000000000014,0,0,0,0,0,0,0,0,0,0,0
17.85000000000014,0,0,0,0,0,0,0,0,0,0,0
17.90000000000014,0,0,0,0,0,0,0,0,0,0,0
17.95000000000014,0,0,0,0,0,0,0,0,0,0,0
18.000000000000142,0,0,0,0,0,0,0,0,0,0,0
18.050000000000143,0,0,0,0,0,0,0,0,0,0,0
18.100000000000144,0,0,0,0,0,0,0,0,0,0,0
18.150000000000144,0,0,0,0,0,0,0,0,0,0,0
18.200000000000145,0,0,0,0,0,0,0,0,0,0,0
18.250000000000146,0,0,0,0,0,0,0,0,0,0,0
18.300000000000146,0,0,0,0,0,0,0,0,0,0,0
18.350000000000147,0,0,0,0,0,0,0,0,0,0,0
18.400000000000148,0,0,0,0,0,0,0,0,0,0,0
18.45000000000015,0,0,0,0,0,0,0,0,0,0,0
18.50000000000015,0,0,0,0,0,0,0,0,0,0,0
18.55000000000015,0,0,0,0,0,0,0,0,0,0,0
18.60000000000015,0,0,0,0,0,0,0,0,0,0,0
18.65000000000015,0,0,0,0,0,0,0,0,0,0,0
18.700000000000152,0,0,0,0,0,0,0,0,0,0,0
18.750000000000153,0,0,0,0,0,0,0,0,0,0,0
18.800000000000153,0,0,0,0,0,0,0,0,0,0,0
18.850000000000154,0,0,0,0,0,0,0,0,0,0,0
18.900000000000155,0,0,0,0,0,0,0,0,0,0,0
18.950000000000156,0,0,0,0,0,0,0,0,0,0,0
19.000000000000156,0,0,0,0,0,0,0,0,0,0,0
19.050000000000157,0,0,0,0,0,0,0,0,0,0,0
19.100000000000158,0,0,0,0,0,0,0,0,0,0,0
19.15000000000016,0,0,0,0,0,0,0,0,0,0,0
19.20000000000016,0,0,0,0,0,0,0,0,0,0,0
19.25000000000016,0,0,0,0,0,0,0,0,0,0,0
19.30000000000016,0,0,0,0,0,0,0,0,0,0,0
19.35000000000016,0,0,0,0,0,0,0,0,0,0,0
19.400000000000162,0,0,0,0,0,0,0,0,0,0,0
19.450000000000163,0,0,0,0,0,0,0,0,0,0,0
19.500000000000163,0,0,0,0,0,0,0,0,0,0,0
19.550000000000164,0,0,0,0,0,0,0,0,0,0,0
19.600000000000165,0,0,0,0,0,0,0,0,0,0,0
19.650000000000166,0,0,0,0,0,0,0,0,0,0,0
19.700000000000166,0,0,0,0,0,0,0,0,0,0,0
19.750000000000167,0,0,0,0,0,0,0,0,0,0,0
19.800000000000168,0,0,0,0,0,0,0,0,0,0,0
19.85000000000017,0,0,0,0,0,0,0,0,0,0,0
19.90000000000017,0,0,0,0,0,0,0,0,0,0,0
19.95000000000017,0,0,0,0,0,0,0,0,0,0,0
20.00000000000017,0,0,0,0,0,0,0,0,0,0,0
20.05000000000017,0,0,0,0,0,0,0,0,0,0,0
20.100000000000172,0,0,0,0,0,0,0,0,0,0,0
20.150000000000173,0,0,0,0,0,0,0,0,0,0,0
20.200000000000173,0,0,0,0,0,0,0,0,0,0,0
20.250000000000174,0,0,0,0,0,0,0,0,0,0,0
20.300000000000175,0,0,0,0,0,0,0,0,0,0,0
20.350000000000176,0,0,0,0,0,0,0,0,0,0,0
20.400000000000176,0,0,0,0,0,0,0,0,0,0,0
20.450000000000177,0,0,0,0,0,0,0,0,0,0,0
20.500000000000178,0,0,0,0,0,0,0,0,0,0,0
20.55000000000018,0,0,0,0,0,0,0,0,0,0,0
20.60000000000018,0,0,0,0,0,0,0,0,0,0,0
20.65000000000018,0,0,0,0,0,0,0,0,0,0,0
20.70000000000018,0,0,0,0,0,0,0,0,0,0,0
20.75000000000018,0,0,0,0,0,0,0,0,0,0,0
*****
8,0.05,1000,0.3,0.7,10,100,0.261843996326,0.0853672733114
8,1000,999,1000,987,999,0,0,0,0,0,0
8.05,922,922,922,908,922,0,0,0,0,0,0
8.100000000000001,943,943,943,925,942,0,0,0,0,0,0
8.150000000000002,908,908,908,893,908,0,0,0,0,0,0
8.200000000000003,968,967,968,961,968,0,0,0,0,0,0
8.250000000000004,941,941,941,929,941,0,0,0,0,0,0
8.300000000000004,971,970,971,966,971,0,0,0,0,0,0
8.350000000000005,909,909,908,893,908,0,0,0,0,0,0
8.400000000000006,934,933,933,924,934,0,0,0,0,0,0
8.450000000000006,926,926,926,915,926,0,0,0,0,0,0
8.500000000000007,1019,1017,1017,1001,1019,0,0,0,0,0,0
8.550000000000008,893,892,890,874,893,0,0,0,0,0,0
8.600000000000009,924,920,921,904,923,0,0,0,0,0,0
8.65000000000001,953,945,945,930,951,0,0,0,0,0,0
8.70000000000001,908,902,902,881,907,0,0,0,0,0,0
8.75000000000001,943,929,936,923,938,0,0,0,0,0,0
8.800000000000011,957,942,942,928,951,0,0,0,0,0,0
8.850000000000012,980,956,964,937,969,0,0,0,0,0,0
8.900000000000013,896,868,881,857,888,0,0,0,0,0,0
8.950000000000014,951,918,929,906,935,0,0,0,0,0,0
9.000000000000014,873,825,837,817,851,0,0,0,0,0,0
9.050000000000015,939,889,893,882,905,0,0,0,0,0,0
9.100000000000016,1020,957,961,936,982,0,0,0,0,0,0
9.150000000000016,871,797,806,788,827,0,0,0,0,0,0
9.200000000000017,962,853,869,873,895,0,0,0,0,0,0
9.250000000000018,939,826,841,823,865,0,0,0,0,0,0
9.300000000000018,969,812,826,831,857,0,0,0,0,0,0
9.35000000000002,904,715,741,758,770,0,0,0,0,0,0
9.40000000000002,976,780,804,811,832,0,0,0,0,0,0
9.45000000000002,913,691,716,732,745,0,0,0,0,0,0
9.500000000000021,975,707,735,784,775,0,0,0,0,0,0
9.550000000000022,903,634,661,703,695,0,0,0,0,0,0
9.600000000000023,940,610,628,696,669,0,0,0,0,0,0
9.650000000000023,874,554,576,639,615,0,0,0,0,0,0
9.700000000000024,951,550,596,637,631,0,0,0,0,0,0
9.750000000000025,986,537,570,643,610,0,0,0,0,0,0
9.800000000000026,949,466,488,560,528,0,0,0,0,0,0
9.850000000000026,972,470,499,583,538,0,0,0,0,0,0
9.900000000000027,917,369,387,479,424,0,0,0,0,0,0
9.950000000000028,903,332,347,430,388,0,0,0,0,0,0
10.000000000000028,964,328,371,437,399,0,0,0,0,0,0
10.05000000000003,893,266,292,364,327,0,0,0,0,0,0
10.10000000000003,964,267,287,370,316,0,0,0,0,0,0
10.15000000000003,950,249,264,340,294,0,0,0,0,0,0
10.200000000000031,932,194,197,274,224,0,0,0,0,0,0
10.250000000000032,987,188,201,259,226,0,0,0,0,0,0
10.300000000000033,896,153,164,219,186,0,0,0,0,0,0
10.350000000000033,926,126,136,179,153,0,0,0,0,0,0
10.400000000000034,972,94,103,160,120,0,0,0,0,0,0
10.450000000000035,962,105,105,156,124,0,0,0,0,0,0
10.500000000000036,935,77,85,118,95,0,0,0,0,0,0
10.550000000000036,930,69,82,107,89,0,0,0,0,0,0
10.600000000000037,933,56,64,85,72,0,0,0,0,0,0
10.650000000000038,966,49,53,70,62,0,0,0,0,0,0
10.700000000000038,945,42,48,66,53,0,0,0,0,0,0
10.750000000000039,868,32,33,47,37,0,0,0,0,0,0
10.80000000000004,932,23,26,44,33,0,0,0,0,0,0
10.85000000000004,942,18,20,34,22,0,0,0,0,0,0
10.900000000000041,930,16,18,29,21,0,0,0,0,0,0
10.950000000000042,964,10,10,22,12,0,0,0,0,0,0
11.000000000000043,928,6,8,11,9,0,0,0,0,0,0
11.050000000000043,958,4,4,8,4,0,0,0,0,0,0
11.100000000000044,961,1,3,7,3,0,0,0,0,0,0
11.150000000000045,909,8,7,12,8,0,0,0,0,0,0
11.200000000000045,951,2,2,3,2,0,0,0,0,0,0
11.250000000000046,962,1,1,2,1,0,0,0,0,0,0
11.300000000000047,980,1,1,1,1,0,0,0,0,0,0
11.350000000000048,895,2,2,3,3,0,0,0,0,0,0
11.400000000000048,919,3,2,3,3,0,0,0,0,0,0
11.450000000000049,910,1,1,1,1,0,0,0,0,0,0
11.50000000000005,892,2,2,2,2,0,0,0,0,0,0
11.55000000000005,926,0,0,1,0,0,0,0,0,0,0
11.600000000000051,1007,1,0,1,1,0,0,0,0,0,0
11.650000000000052,959,0,0,0,0,0,0,0,0,0,0
11.700000000000053,959,0,0,0,0,0,0,0,0,0,0
11.750000000000053,900,0,0,0,0,0,0,0,0,0,0
11.800000000000054,881,0,0,0,0,0,0,0,0,0,0
11.850000000000055,978,0,0,0,0,0,0,0,0,0,0
11.900000000000055,954,0,0,0,0,0,0,0,0,0,0
11.950000000000056,959,0,0,0,0,0,0,0,0,0,0
12.000000000000057,928,0,0,0,0,0,0,0,0,0,0
12.050000000000058,955,0,0,0,0,0,0,0,0,0,0
12.100000000000058,913,0,0,0,0,0,0,0,0,0,0
12.150000000000059,885,0,0,0,0,0,0,0,0,0,0
12.20000000000006,955,0,0,0,0,0,0,0,0,0,0
12.25000000000006,919,0,0,0,0,0,0,0,0,0,0
12.300000000000061,918,0,0,0,0,0,0,0,0,0,0
12.350000000000062,960,0,0,0,0,0,0,0,0,0,0
12.400000000000063,1003,0,0,0,0,0,0,0,0,0,0
12.450000000000063,928,0,0,0,0,0,0,0,0,0,0
12.500000000000064,945,0,0,0,0,0,0,0,0,0,0
12.550000000000065,906,0,0,0,0,0,0,0,0,0,0
12.600000000000065,943,0,0,0,0,0,0,0,0,0,0
12.650000000000066,912,0,0,0,0,0,0,0,0,0,0
12.700000000000067,978,0,0,0,0,0,0,0,0,0,0
12.750000000000068,922,0,0,0,0,0,0,0,0,0,0
12.800000000000068,955,0,0,0,0,0,0,0,0,0,0
12.850000000000069,919,0,0,0,0,0,0,0,0,0,0
12.90000000000007,931,0,0,0,0,0,0,0,0,0,0
12.95000000000007,949,0,0,0,0,0,0,0,0,0,0
13.000000000000071,937,0,0,0,0,0,0,0,0,0,0
13.050000000000072,914,0,0,0,0,0,0,0,0,0,0
13.100000000000072,972,0,0,0,0,0,0,0,0,0,0
13.150000000000073,1009,0,0,0,0,0,0,0,0,0,0
13.200000000000074,928,0,0,0,0,0,0,0,0,0,0
13.250000000000075,933,0,0,0,0,0,0,0,0,0,0
13.300000000000075,960,0,0,0,0,0,0,0,0,0,0
13.350000000000076,917,0,0,0,0,0,0,0,0,0,0
13.400000000000077,904,0,0,0,0,0,0,0,0,0,0
13.450000000000077,954,0,0,0,0,0,0,0,0,0,0
13.500000000000078,939,0,0,0,0,0,0,0,0,0,0
13.550000000000079,925,0,0,0,0,0,0,0,0,0,0
13.60000000000008,962,0,0,0,0,0,0,0,0,0,0
13.65000000000008,981,0,0,0,0,0,0,0,0,0,0
13.700000000000081,945,0,0,0,0,0,0,0,0,0,0
13.750000000000082,944,0,0,0,0,0,0,0,0,0,0
13.800000000000082,927,0,0,0,0,0,0,0,0,0,0
13.850000000000083,953,0,0,0,0,0,0,0,0,0,0
13.900000000000084,926,0,0,0,0,0,0,0,0,0,0
13.950000000000085,905,0,0,0,0,0,0,0,0,0,0
14.000000000000085,977,0,0,0,0,0,0,0,0,0,0
14.050000000000086,964,0,0,0,0,0,0,0,0,0,0
14.100000000000087,920,0,0,0,0,0,0,0,0,0,0
14.150000000000087,955,0,0,0,0,0,0,0,0,0,0
14.200000000000088,967,0,0,0,0,0,0,0,0,0,0
14.250000000000089,891,0,0,0,0,0,0,0,0,0,0
14.30000000000009,967,0,0,0,0,0,0,0,0,0,0
14.35000000000009,919,0,0,0,0,0,0,0,0,0,0
14.400000000000091,973,0,0,0,0,0,0,0,0,0,0
14.450000000000092,923,0,0,0,0,0,0,0,0,0,0
14.500000000000092,944,0,0,0,0,0,0,0,0,0,0
14.550000000000093,944,0,0,0,0,0,0,0,0,0,0
14.600000000000094,894,0,0,0,0,0,0,0,0,0,0
14.650000000000095,932,0,0,0,0,0,0,0,0,0,0
14.700000000000095,971,0,0,0,0,0,0,0,0,0,0
14.750000000000096,933,0,0,0,0,0,0,0,0,0,0
14.800000000000097,918,0,0,0,0,0,0,0,0,0,0
14.850000000000097,989,0,0,0,0,0,0,0,0,0,0
14.900000000000098,922,0,0,0,0,0,0,0,0,0,0
14.950000000000099,909,0,0,0,0,0,0,0,0,0,0
15.0000000000001,978,0,0,0,0,0,0,0,0,0,0
15.0500000000001,937,0,0,0,0,0,0,0,0,0,0
15.100000000000101,895,0,0,0,0,0,0,0,0,0,0
15.150000000000102,950,0,0,0,0,0,0,0,0,0,0
15.200000000000102,912,0,0,0,0,0,0,0,0,0,0
15.250000000000103,923,0,0,0,0,0,0,0,0,0,0
15.300000000000104,947,0,0,0,0,0,0,0,0,0,0
15.350000000000104,1014,0,0,0,0,0,0,0,0,0,0
15.400000000000105,893,0,0,0,0,0,0,0,0,0,0
15.450000000000106,967,0,0,0,0,0,0,0,0,0,0
15.500000000000107,954,0,0,0,0,0,0,0,0,0,0
15.550000000000107,903,0,0,0,0,0,0,0,0,0,0
15.600000000000108,971,0,0,0,0,0,0,0,0,0,0
15.650000000000109,866,0,0,0,0,0,0,0,0,0,0
15.70000000000011,968,0,0,0,0,0,0,0,0,0,0
15.75000000000011,915,0,0,0,0,0,0,0,0,0,0
15.80000000000011,963,0,0,0,0,0,0,0,0,0,0
15.850000000000112,929,0,0,0,0,0,0,0,0,0,0
15.900000000000112,892,0,0,0,0,0,0,0,0,0,0
15.950000000000113,971,0,0,0,0,0,0,0,0,0,0
16.000000000000114,953,0,0,0,0,0,0,0,0,0,0
16.050000000000114,944,0,0,0,0,0,0,0,0,0,0
16.100000000000115,936,0,0,0,0,0,0,0,0,0,0
16.150000000000116,935,0,0,0,0,0,0,0,0,0,0
16.200000000000117,961,0,0,0,0,0,0,0,0,0,0
16.250000000000117,928,0,0,0,0,0,0,0,0,0,0
16.300000000000118,859,0,0,0,0,0,0,0,0,0,0
16.35000000000012,765,0,0,0,0,0,0,0,0,0,0
16.40000000000012,645,0,0,0,0,0,0,0,0,0,0
16.45000000000012,526,0,0,0,0,0,0,0,0,0,0
16.50000000000012,430,0,0,0,0,0,0,0,0,0,0
16.55000000000012,269,0,0,0,0,0,0,0,0,0,0
16.600000000000122,181,0,0,0,0,0,0,0,0,0,0
16.650000000000123,58,0,0,0,0,0,0,0,0,0,0
16.700000000000124,0,0,0,0,0,0,0,0,0,0,0
16.750000000000124,0,0,0,0,0,0,0,0,0,0,0
16.800000000000125,0,0,0,0,0,0,0,0,0,0,0
16.850000000000126,0,0,0,0,0,0,0,0,0,0,0
16.900000000000126,0,0,0,0,0,0,0,0,0,0,0
16.950000000000127,0,0,0,0,0,0,0,0,0,0,0
17.000000000000128,0,0,0,0,0,0,0,0,0,0,0
17.05000000000013,0,0,0,0,0,0,0,0,0,0,0
17.10000000000013,0,0,0,0,0,0,0,0,0,0,0
17.15000000000013,0,0,0,0,0,0,0,0,0,0,0
17.20000000000013,0,0,0,0,0,0,0,0,0,0,0
17.25000000000013,0,0,0,0,0,0,0,0,0,0,0
17.300000000000132,0,0,0,0,0,0,0,0,0,0,0
17.350000000000133,0,0,0,0,0,0,0,0,0,0,0
17.400000000000134,0,0,0,0,0,0,0,0,0,0,0
17.450000000000134,0,0,0,0,0,0,0,0,0,0,0
17.500000000000135,0,0,0,0,0,0,0,0,0,0,0
17.550000000000136,0,0,0,0,0,0,0,0,0,0,0
17.600000000000136,0,0,0,0,0,0,0,0,0,0,0
17.650000000000137,0,0,0,0,0,0,0,0,0,0,0
17.700000000000138,0,0,0,0,0,0,0,0,0,0,0
17.75000000000014,0,0,0,0,0,0,0,0,0,0,0
17.80000000000014,0,0,0,0,0,0,0,0,0,0,0
17.85000000000014,0,0,0,0,0,0,0,0,0,0,0
17.90000000000014,0,0,0,0,0,0,0,0,0,0,0
17.95000000000014,0,0,0,0,0,0,0,0,0,0,0
18.000000000000142,0,0,0,0,0,0,0,0,0,0,0
18.050000000000143,0,0,0,0,0,0,0,0,0,0,0
18.100000000000144,0,0,0,0,0,0,0,0,0,0,0
18.150000000000144,0,0,0,0,0,0,0,0,0,0,0
18.200000000000145,0,0,0,0,0,0,0,0,0,0,0
18.250000000000146,0,0,0,0,0,0,0,0,0,0,0
18.300000000000146,0,0,0,0,0,0,0,0,0,0,0
18.350000000000147,0,0,0,0,0,0,0,0,0,0,0
18.400000000000148,0,0,0,0,0,0,0,0,0,0,0
18.45000000000015,0,0,0,0,0,0,0,0,0,0,0
18.50000000000015,0,0,0,0,0,0,0,0,0,0,0
18.55000000000015,0,0,0,0,0,0,0,0,0,0,0
18.60000000000015,0,0,0,0,0,0,0,0,0,0,0
18.65000000000015,0,0,0,0,0,0,0,0,0,0,0
18.700000000000152,0,0,0,0,0,0,0,0,0,0,0
18.750000000000153,0,0,0,0,0,0,0,0,0,0,0
18.800000000000153,0,0,0,0,0,0,0,0,0,0,0
18.850000000000154,0,0,0,0,0,0,0,0,0,0,0
18.900000000000155,0,0,0,0,0,0,0,0,0,0,0
18.950000000000156,0,0,0,0,0,0,0,0,0,0,0
19.000000000000156,0,0,0,0,0,0,0,0,0,0,0
19.050000000000157,0,0,0,0,0,0,0,0,0,0,0
19.100000000000158,0,0,0,0,0,0,0,0,0,0,0
19.15000000000016,0,0,0,0,0,0,0,0,0,0,0
19.20000000000016,0,0,0,0,0,0,0,0,0,0,0
19.25000000000016,0,0,0,0,0,0,0,0,0,0,0
19.30000000000016,0,0,0,0,0,0,0,0,0,0,0
19.35000000000016,0,0,0,0,0,0,0,0,0,0,0
19.400000000000162,0,0,0,0,0,0,0,0,0,0,0
19.450000000000163,0,0,0,0,0,0,0,0,0,0,0
19.500000000000163,0,0,0,0,0,0,0,0,0,0,0
19.550000000000164,0,0,0,0,0,0,0,0,0,0,0
19.600000000000165,0,0,0,0,0,0,0,0,0,0,0
19.650000000000166,0,0,0,0,0,0,0,0,0,0,0
19.700000000000166,0,0,0,0,0,0,0,0,0,0,0
19.750000000000167,0,0,0,0,0,0,0,0,0,0,0
19.800000000000168,0,0,0,0,0,0,0,0,0,0,0
19.85000000000017,0,0,0,0,0,0,0,0,0,0,0
19.90000000000017,0,0,0,0,0,0,0,0,0,0,0
19.95000000000017,0,0,0,0,0,0,0,0,0,0,0
20.00000000000017,0,0,0,0,0,0,0,0,0,0,0
20.05000000000017,0,0,0,0,0,0,0,0,0,0,0
20.100000000000172,0,0,0,0,0,0,0,0,0,0,0
20.150000000000173,0,0,0,0,0,0,0,0,0,0,0
20.200000000000173,0,0,0,0,0,0,0,0,0,0,0
20.250000000000174,0,0,0,0,0,0,0,0,0,0,0
20.300000000000175,0,0,0,0,0,0,0,0,0,0,0
20.350000000000176,0,0,0,0,0,0,0,0,0,0,0
20.400000000000176,0,0,0,0,0,0,0,0,0,0,0
20.450000000000177,0,0,0,0,0,0,0,0,0,0,0
20.500000000000178,0,0,0,0,0,0,0,0,0,0,0
20.55000000000018,0,0,0,0,0,0,0,0,0,0,0
20.60000000000018,0,0,0,0,0,0,0,0,0,0,0
20.65000000000018,0,0,0,0,0,0,0,0,0,0,0
20.70000000000018,0,0,0,0,0,0,0,0,0,0,0
20.75000000000018,0,0,0,0,0,0,0,0,0,0,0
*****
8,0.05,1000,0.6,1,10,100,0.261843996326,0.0853672733114
8,1000,171,227,200,227,0,0,0,0,0,0
8.05,1042,156,239,215,239,0,0,0,0,0,0
8.100000000000001,1013,166,232,204,232,0,0,0,0,0,0
8.150000000000002,1017,177,259,235,259,0,0,0,0,0,0
8.200000000000003,1000,148,222,212,222,0,0,0,0,0,0
8.250000000000004,1036,181,253,233,253,0,0,0,0,0,0
8.300000000000004,1020,193,241,242,241,0,0,0,0,0,0
8.350000000000005,950,215,250,261,250,0,0,0,0,0,0
8.400000000000006,906,171,201,217,201,0,0,0,0,0,0
8.450000000000006,981,167,214,241,214,0,0,0,0,0,0
8.500000000000007,991,136,195,244,195,0,0,0,0,0,0
8.550000000000008,966,99,155,193,155,0,0,0,0,0,0
8.600000000000009,998,90,148,182,148,0,0,0,0,0,0
8.65000000000001,1052,100,167,176,167,0,0,0,0,0,0
8.70000000000001,984,74,120,115,120,0,0,0,0,0,0
8.75000000000001,1015,100,149,120,149,0,0,0,0,0,0
8.800000000000011,1026,76,119,104,119,0,0,0,0,0,0
8.850000000000012,1006,75,129,101,129,0,0,0,0,0,0
8.900000000000013,988,67,128,106,128,0,0,0,0,0,0
8.950000000000014,1008,57,107,105,107,0,0,0,0,0,0
9.000000000000014,1030,52,104,99,104,0,0,0,0,0,0
9.050000000000015,1002,32,83,82,83,0,0,0,0,0,0
9.100000000000016,970,30,62,59,62,0,0,0,0,0,0
9.150000000000016,980,31,54,51,54,0,0,0,0,0,0
9.200000000000017,985,16,50,37,50,0,0,0,0,0,0
9.250000000000018,991,16,47,40,47,0,0,0,0,0,0
9.300000000000018,1012,24,47,40,47,0,0,0,0,0,0
9.35000000000002,981,27,48,44,48,0,0,0,0,0,0
9.40000000000002,972,18,32,33,32,0,0,0,0,0,0
9.45000000000002,1031,13,31,30,31,0,0,0,0,0,0
9.500000000000021,1007,9,22,22,22,0,0,0,0,0,0
9.550000000000022,1054,8,20,13,20,0,0,0,0,0,0
9.600000000000023,1010,8,12,10,12,0,0,0,0,0,0
9.650000000000023,944,6,14,16,14,0,0,0,0,0,0
9.700000000000024,1052,5,7,7,7,0,0,0,0,0,0
9.750000000000025,942,4,6,7,6,0,0,0,0,0,0
9.800000000000026,975,2,4,4,4,0,0,0,0,0,0
9.850000000000026,1051,2,6,4,6,0,0,0,0,0,0
9.900000000000027,1009,1,3,3,3,0,0,0,0,0,0
9.950000000000028,1004,2,5,2,5,0,0,0,0,0,0
10.000000000000028,952,1,2,3,2,0,0,0,0,0,0
10.05000000000003,999,0,1,3,1,0,0,0,0,0,0
10.10000000000003,997,0,2,0,2,0,0,0,0,0,0
10.15000000000003,1037,1,2,2,2,0,0,0,0,0,0
10.200000000000031,1004,0,1,1,1,0,0,0,0,0,0
10.250000000000032,945,2,2,1,2,0,0,0,0,0,0
10.300000000000033,1055,1,1,1,1,0,0,0,0,0,0
10.350000000000033,1039,0,1,1,1,0,0,0,0,0,0
10.400000000000034,1011,3,3,3,3,0,0,0,0,0,0
10.450000000000035,979,0,0,0,0,0,0,0,0,0,0
10.500000000000036,1003,0,0,0,0,0,0,0,0,0,0
10.550000000000036,960,0,0,0,0,0,0,0,0,0,0
10.600000000000037,947,0,0,0,0,0,0,0,0,0,0
10.650000000000038,1012,0,0,0,0,0,0,0,0,0,0
10.700000000000038,977,0,0,0,0,0,0,0,0,0,0
10.750000000000039,970,0,0,0,0,0,0,0,0,0,0
10.80000000000004,1014,0,0,0,0,0,0,0,0,0,0
10.85000000000004,1002,0,0,0,0,0,0,0,0,0,0
10.900000000000041,1008,0,0,0,0,0,0,0,0,0,0
10.950000000000042,1050,0,0,0,0,0,0,0,0,0,0
11.000000000000043,1006,0,0,0,0,0,0,0,0,0,0
11.050000000000043,1023,0,0,0,0,0,0,0,0,0,0
11.100000000000044,994,0,0,0,0,0,0,0,0,0,0
11.150000000000045,999,0,0,0,0,0,0,0,0,0,0
11.200000000000045,1016,0,0,0,0,0,0,0,0,0,0
11.250000000000046,1001,0,0,0,0,0,0,0,0,0,0
11.300000000000047,976,0,0,0,0,0,0,0,0,0,0
11.350000000000048,1026,0,0,0,0,0,0,0,0,0,0
11.400000000000048,1006,0,0,0,0,0,0,0,0,0,0
11.450000000000049,944,0,0,0,0,0,0,0,0,0,0
11.50000000000005,971,0,0,0,0,0,0,0,0,0,0
11.55000000000005,1025,0,0,0,0,0,0,0,0,0,0
11.600000000000051,970,0,0,0,0,0,0,0,0,0,0
11.650000000000052,1010,0,0,0,0,0,0,0,0,0,0
11.700000000000053,1026,0,0,0,0,0,0,0,0,0,0
11.750000000000053,1003,0,0,0,0,0,0,0,0,0,0
11.800000000000054,998,0,0,0,0,0,0,0,0,0,0
11.850000000000055,991,0,0,0,0,0,0,0,0,0,0
11.900000000000055,982,0,0,0,0,0,0,0,0,0,0
11.950000000000056,1040,0,0,0,0,0,0,0,0,0,0
12.000000000000057,962,0,0,0,0,0,0,0,0,0,0
12.050000000000058,973,0,0,0,0,0,0,0,0,0,0
12.100000000000058,1047,0,0,0,0,0,0,0,0,0,0
12.150000000000059,999,0,0,0,0,0,0,0,0,0,0
12.20000000000006,997,0,0,0,0,0,0,0,0,0,0
12.25000000000006,983,0,0,0,0,0,0,0,0,0,0
12.300000000000061,975,0,0,0,0,0,0,0,0,0,0
12.350000000000062,1038,0,0,0,0,0,0,0,0,0,0
12.400000000000063,1050,0,0,0,0,0,0,0,0,0,0
12.450000000000063,987,0,0,0,0,0,0,0,0,0,0
12.500000000000064,955,0,0,0,0,0,0,0,0,0,0
12.550000000000065,1026,0,0,0,0,0,0,0,0,0,0
12.600000000000065,947,0,0,0,0,0,0,0,0,0,0
12.650000000000066,1017,0,0,0,0,0,0,0,0,0,0
12.700000000000067,1049,0,0,0,0,0,0,0,0,0,0
12.750000000000068,1007,0,0,0,0,0,0,0,0,0,0
12.800000000000068,964,0,0,0,0,0,0,0,0,0,0
12.850000000000069,956,0,0,0,0,0,0,0,0,0,0
12.90000000000007,1014,0,0,0,0,0,0,0,0,0,0
12.95000000000007,958,0,0,0,0,0,0,0,0,0,0
13.000000000000071,1021,0,0,0,0,0,0,0,0,0,0
13.050000000000072,1004,0,0,0,0,0,0,0,0,0,0
13.100000000000072,1030,0,0,0,0,0,0,0,0,0,0
13.150000000000073,1044,0,0,0,0,0,0,0,0,0,0
13.200000000000074,967,0,0,0,0,0,0,0,0,0,0
13.250000000000075,997,0,0,0,0,0,0,0,0,0,0
13.300000000000075,1017,0,0,0,0,0,0,0,0,0,0
13.350000000000076,1004,0,0,0,0,0,0,0,0,0,0
13.400000000000077,990,0,0,0,0,0,0,0,0,0,0
13.450000000000077,1035,0,0,0,0,0,0,0,0,0,0
13.500000000000078,991,0,0,0,0,0,0,0,0,0,0
13.550000000000079,1015,0,0,0,0,0,0,0,0,0,0
13.60000000000008,973,0,0,0,0,0,0,0,0,0,0
13.65000000000008,1027,0,0,0,0,0,0,0,0,0,0
13.700000000000081,1004,0,0,0,0,0,0,0,0,0,0
13.750000000000082,1000,0,0,0,0,0,0,0,0,0,0
13.800000000000082,977,0,0,0,0,0,0,0,0,0,0
13.850000000000083,989,0,0,0,0,0,0,0,0,0,0
13.900000000000084,958,0,0,0,0,0,0,0,0,0,0
13.950000000000085,1029,0,0,0,0,0,0,0,0,0,0
14.000000000000085,1000,0,0,0,0,0,0,0,0,0,0
14.050000000000086,975,0,0,0,0,0,0,0,0,0,0
14.100000000000087,1039,0,0,0,0,0,0,0,0,0,0
14.150000000000087,1013,0,0,0,0,0,0,0,0,0,0
14.200000000000088,998,0,0,0,0,0,0,0,0,0,0
14.250000000000089,992,0,0,0,0,0,0,0,0,0,0
14.30000000000009,1022,0,0,0,0,0,0,0,0,0,0
14.35000000000009,1053,0,0,0,0,0,0,0,0,0,0
14.400000000000091,991,0,0,0,0,0,0,0,0,0,0
14.450000000000092,1012,0,0,0,0,0,0,0,0,0,0
14.500000000000092,963,0,0,0,0,0,0,0,0,0,0
14.550000000000093,968,0,0,0,0,0,0,0,0,0,0
14.600000000000094,977,0,0,0,0,0,0,0,0,0,0
14.650000000000095,1025,0,0,0,0,0,0,0,0,0,0
14.700000000000095,1015,0,0,0,0,0,0,0,0,0,0
14.750000000000096,975,0,0,0,0,0,0,0,0,0,0
14.800000000000097,1022,0,0,0,0,0,0,0,0,0,0
14.850000000000097,1035,0,0,0,0,0,0,0,0,0,0
14.900000000000098,973,0,0,0,0,0,0,0,0,0,0
14.950000000000099,961,0,0,0,0,0,0,0,0,0,0
15.0000000000001,986,0,0,0,0,0,0,0,0,0,0
15.0500000000001,992,0,0,0,0,0,0,0,0,0,0
15.100000000000101,1067,0,0,0,0,0,0,0,0,0,0
15.150000000000102,1011,0,0,0,0,0,0,0,0,0,0
15.200000000000102,1014,0,0,0,0,0,0,0,0,0,0
15.250000000000103,1008,0,0,0,0,0,0,0,0,0,0
15.300000000000104,984,0,0,0,0,0,0,0,0,0,0
15.350000000000104,1034,0,0,0,0,0,0,0,0,0,0
15.400000000000105,969,0,0,0,0,0,0,0,0,0,0
15.450000000000106,987,0,0,0,0,0,0,0,0,0,0
15.500000000000107,1005,0,0,0,0,0,0,0,0,0,0
15.550000000000107,957,0,0,0,0,0,0,0,0,0,0
15.600000000000108,1034,0,0,0,0,0,0,0,0,0,0
15.650000000000109,948,0,0,0,0,0,0,0,0,0,0
15.70000000000011,1039,0,0,0,0,0,0,0,0,0,0
15.75000000000011,1004,0,0,0,0,0,0,0,0,0,0
15.80000000000011,1006,0,0,0,0,0,0,0,0,0,0
15.850000000000112,979,0,0,0,0,0,0,0,0,0,0
15.900000000000112,1025,0,0,0,0,0,0,0,0,0,0
15.950000000000113,998,0,0,0,0,0,0,0,0,0,0
16.000000000000114,1000,0,0,0,0,0,0,0,0,0,0
16.050000000000114,1012,0,0,0,0,0,0,0,0,0,0
16.100000000000115,945,0,0,0,0,0,0,0,0,0,0
16.150000000000116,992,0,0,0,0,0,0,0,0,0,0
16.200000000000117,1028,0,0,0,0,0,0,0,0,0,0
16.250000000000117,1020,0,0,0,0,0,0,0,0,0,0
16.300000000000118,991,0,0,0,0,0,0,0,0,0,0
16.35000000000012,1062,0,0,0,0,0,0,0,0,0,0
16.40000000000012,1010,0,0,0,0,0,0,0,0,0,0
16.45000000000012,980,0,0,0,0,0,0,0,0,0,0
16.50000000000012,974,0,0,0,0,0,0,0,0,0,0
16.55000000000012,958,0,0,0,0,0,0,0,0,0,0
16.600000000000122,953,0,0,0,0,0,0,0,0,0,0
16.650000000000123,771,0,0,0,0,0,0,0,0,0,0
16.700000000000124,707,0,0,0,0,0,0,0,0,0,0
16.750000000000124,596,0,0,0,0,0,0,0,0,0,0
16.800000000000125,420,0,0,0,0,0,0,0,0,0,0
16.850000000000126,322,0,0,0,0,0,0,0,0,0,0
16.900000000000126,193,0,0,0,0,0,0,0,0,0,0
16.950000000000127,63,0,0,0,0,0,0,0,0,0,0
17.000000000000128,0,0,0,0,0,0,0,0,0,0,0
17.05000000000013,0,0,0,0,0,0,0,0,0,0,0
17.10000000000013,0,0,0,0,0,0,0,0,0,0,0
17.15000000000013,0,0,0,0,0,0,0,0,0,0,0
17.20000000000013,0,0,0,0,0,0,0,0,0,0,0
17.25000000000013,0,0,0,0,0,0,0,0,0,0,0
17.300000000000132,0,0,0,0,0,0,0,0,0,0,0
17.350000000000133,0,0,0,0,0,0,0,0,0,0,0
17.400000000000134,0,0,0,0,0,0,0,0,0,0,0
17.450000000000134,0,0,0,0,0,0,0,0,0,0,0
17.500000000000135,0,0,0,0,0,0,0,0,0,0,0
17.550000000000136,0,0,0,0,0,0,0,0,0,0,0
17.600000000000136,0,0,0,0,0,0,0,0,0,0,0
17.650000000000137,0,0,0,0,0,0,0,0,0,0,0
17.700000000000138,0,0,0,0,0,0,0,0,0,0,0
17.75000000000014,0,0,0,0,0,0,0,0,0,0,0
17.80000000000014,0,0,0,0,0,0,0,0,0,0,0
17.85000000000014,0,0,0,0,0,0,0,0,0,0,0
17.90000000000014,0,0,0,0,0,0,0,0,0,0,0
17.95000000000014,0,0,0,0,0,0,0,0,0,0,0
18.000000000000142,0,0,0,0,0,0,0,0,0,0,0
18.050000000000143,0,0,0,0,0,0,0,0,0,0,0
18.100000000000144,0,0,0,0,0,0,0,0,0,0,0
18.150000000000144,0,0,0,0,0,0,0,0,0,0,0
18.200000000000145,0,0,0,0,0,0,0,0,0,0,0
18.250000000000146,0,0,0,0,0,0,0,0,0,0,0
18.300000000000146,0,0,0,0,0,0,0,0,0,0,0
18.350000000000147,0,0,0,0,0,0,0,0,0,0,0
18.400000000000148,0,0,0,0,0,0,0,0,0,0,0
18.45000000000015,0,0,0,0,0,0,0,0,0,0,0
18.50000000000015,0,0,0,0,0,0,0,0,0,0,0
18.55000000000015,0,0,0,0,0,0,0,0,0,0,0
18.60000000000015,0,0,0,0,0,0,0,0,0,0,0
18.65000000000015,0,0,0,0,0,0,0,0,0,0,0
18.700000000000152,0,0,0,0,0,0,0,0,0,0,0
18.750000000000153,0,0,0,0,0,0,0,0,0,0,0
18.800000000000153,0,0,0,0,0,0,0,0,0,0,0
18.850000000000154,0,0,0,0,0,0,0,0,0,0,0
18.900000000000155,0,0,0,0,0,0,0,0,0,0,0
18.950000000000156,0,0,0,0,0,0,0,0,0,0,0
19.000000000000156,0,0,0,0,0,0,0,0,0,0,0
19.050000000000157,0,0,0,0,0,0,0,0,0,0,0
19.100000000000158,0,0,0,0,0,0,0,0,0,0,0
19.15000000000016,0,0,0,0,0,0,0,0,0,0,0
19.20000000000016,0,0,0,0,0,0,0,0,0,0,0
19.25000000000016,0,0,0,0,0,0,0,0,0,0,0
19.30000000000016,0,0,0,0,0,0,0,0,0,0,0
19.35000000000016,0,0,0,0,0,0,0,0,0,0,0
19.400000000000162,0,0,0,0,0,0,0,0,0,0,0
19.450000000000163,0,0,0,0,0,0,0,0,0,0,0
19.500000000000163,0,0,0,0,0,0,0,0,0,0,0
19.550000000000164,0,0,0,0,0,0,0,0,0,0,0
19.600000000000165,0,0,0,0,0,0,0,0,0,0,0
19.650000000000166,0,0,0,0,0,0,0,0,0,0,0
19.700000000000166,0,0,0,0,0,0,0,0,0,0,0
19.750000000000167,0,0,0,0,0,0,0,0,0,0,0
19.800000000000168,0,0,0,0,0,0,0,0,0,0,0
19.85000000000017,0,0,0,0,0,0,0,0,0,0,0
19.90000000000017,0,0,0,0,0,0,0,0,0,0,0
19.95000000000017,0,0,0,0,0,0,0,0,0,0,0
20.00000000000017,0,0,0,0,0,0,0,0,0,0,0
20.05000000000017,0,0,0,0,0,0,0,0,0,0,0
20.100000000000172,0,0,0,0,0,0,0,0,0,0,0
20.150000000000173,0,0,0,0,0,0,0,0,0,0,0
20.200000000000173,0,0,0,0,0,0,0,0,0,0,0
20.250000000000174,0,0,0,0,0,0,0,0,0,0,0
20.300000000000175,0,0,0,0,0,0,0,0,0,0,0
20.350000000000176,0,0,0,0,0,0,0,0,0,0,0
20.400000000000176,0,0,0,0,0,0,0,0,0,0,0
20.450000000000177,0,0,0,0,0,0,0,0,0,0,0
20.500000000000178,0,0,0,0,0,0,0,0,0,0,0
20.55000000000018,0,0,0,0,0,0,0,0,0,0,0
20.60000000000018,0,0,0,0,0,0,0,0,0,0,0
20.65000000000018,0,0,0,0,0,0,0,0,0,0,0
20.70000000000018,0,0,0,0,0,0,0,0,0,0,0
20.75000000000018,0,0,0,0,0,0,0,0,0,0,0
*****
8,0.05,1000,0,1,10,100,0.261843996326,0.0853672733114
8,1000,989,998,931,993,0,0,0,0,0,0
8.05,1076,1063,1067,994,1064,0,0,0,0,0,0
8.100000000000001,1112,1104,1106,1022,1106,0,0,0,0,0,0
8.150000000000002,1121,1098,1107,1033,1104,0,0,0,0,0,0
8.200000000000003,1077,1055,1059,1013,1063,0,0,0,0,0,0
8.250000000000004,1074,1040,1051,993,1056,0,0,0,0,0,0
8.300000000000004,1148,1106,1117,1053,1124,0,0,0,0,0,0
8.350000000000005,1062,1015,1019,991,1038,0,0,0,0,0,0
8.400000000000006,1044,956,984,964,999,0,0,0,0,0,0
8.450000000000006,1118,1025,1042,1011,1067,0,0,0,0,0,0
8.500000000000007,1075,933,968,960,987,0,0,0,0,0,0
8.550000000000008,1126,950,983,975,1022,0,0,0,0,0,0
8.600000000000009,1117,927,972,948,1004,0,0,0,0,0,0
8.65000000000001,1107,845,900,894,932,0,0,0,0,0,0
8.70000000000001,1045,776,809,810,847,0,0,0,0,0,0
8.75000000000001,1149,793,851,863,889,0,0,0,0,0,0
8.800000000000011,1096,713,764,801,807,0,0,0,0,0,0
8.850000000000012,1057,613,665,704,713,0,0,0,0,0,0
8.900000000000013,1057,563,614,648,657,0,0,0,0,0,0
8.950000000000014,1064,546,573,643,630,0,0,0,0,0,0
9.000000000000014,1116,514,567,639,621,0,0,0,0,0,0
9.050000000000015,1079,470,510,571,550,0,0,0,0,0,0
9.100000000000016,1109,414,459,534,503,0,0,0,0,0,0
9.150000000000016,1079,355,399,512,450,0,0,0,0,0,0
9.200000000000017,1134,342,388,470,437,0,0,0,0,0,0
9.250000000000018,1111,311,352,427,388,0,0,0,0,0,0
9.300000000000018,1218,289,320,385,361,0,0,0,0,0,0
9.35000000000002,1017,220,253,300,283,0,0,0,0,0,0
9.40000000000002,1110,183,215,286,244,0,0,0,0,0,0
9.45000000000002,1088,161,177,241,196,0,0,0,0,0,0
9.500000000000021,1081,115,131,193,152,0,0,0,0,0,0
9.550000000000022,1112,101,142,202,157,0,0,0,0,0,0
9.600000000000023,1151,99,107,163,130,0,0,0,0,0,0
9.650000000000023,1062,75,88,144,103,0,0,0,0,0,0
9.700000000000024,1080,62,72,121,91,0,0,0,0,0,0
9.750000000000025,1144,52,62,106,70,0,0,0,0,0,0
9.800000000000026,1051,45,46,86,52,0,0,0,0,0,0
9.850000000000026,1139,49,58,87,68,0,0,0,0,0,0
9.900000000000027,1084,26,30,50,35,0,0,0,0,0,0
9.950000000000028,1111,21,24,47,33,0,0,0,0,0,0
10.000000000000028,1062,22,26,41,30,0,0,0,0,0,0
10.05000000000003,1095,12,12,27,17,0,0,0,0,0,0
10.10000000000003,1069,10,15,24,18,0,0,0,0,0,0
10.15000000000003,1151,12,17,33,17,0,0,0,0,0,0
10.200000000000031,1099,11,11,21,12,0,0,0,0,0,0
10.250000000000032,1089,7,7,12,9,0,0,0,0,0,0
10.300000000000033,1082,10,12,17,13,0,0,0,0,0,0
10.350000000000033,1096,4,4,9,5,0,0,0,0,0,0
10.400000000000034,1099,1,2,7,3,0,0,0,0,0,0
10.450000000000035,1112,2,2,4,2,0,0,0,0,0,0
10.500000000000036,1127,1,1,6,1,0,0,0,0,0,0
10.550000000000036,1092,3,2,6,3,0,0,0,0,0,0
10.600000000000037,1102,0,0,2,0,0,0,0,0,0,0
10.650000000000038,1078,1,3,5,3,0,0,0,0,0,0
10.700000000000038,1106,0,0,0,0,0,0,0,0,0,0
10.750000000000039,1135,0,0,0,0,0,0,0,0,0,0
10.80000000000004,1066,0,0,1,0,0,0,0,0,0,0
10.85000000000004,1132,0,0,0,0,0,0,0,0,0,0
10.900000000000041,1084,0,0,1,0,0,0,0,0,0,0
10.950000000000042,1078,0,0,0,0,0,0,0,0,0,0
11.000000000000043,1170,0,0,0,0,0,0,0,0,0,0
11.050000000000043,1073,0,0,1,0,0,0,0,0,0,0
11.100000000000044,1104,0,0,0,0,0,0,0,0,0,0
11.150000000000045,1068,0,0,1,0,0,0,0,0,0,0
11.200000000000045,1085,0,0,0,0,0,0,0,0,0,0
11.250000000000046,1097,0,0,0,0,0,0,0,0,0,0
11.300000000000047,1074,0,0,0,0,0,0,0,0,0,0
11.350000000000048,1104,0,0,0,0,0,0,0,0,0,0
11.400000000000048,1086,0,0,0,0,0,0,0,0,0,0
11.450000000000049,1105,0,0,0,0,0,0,0,0,0,0
11.50000000000005,1092,0,0,0,0,0,0,0,0,0,0
11.55000000000005,1097,0,0,0,0,0,0,0,0,0,0
11.600000000000051,1098,0,0,0,0,0,0,0,0,0,0
11.650000000000052,1054,0,0,0,0,0,0,0,0,0,0
11.700000000000053,1109,0,0,0,0,0,0,0,0,0,0
11.750000000000053,1123,0,0,0,0,0,0,0,0,0,0
11.800000000000054,1086,0,0,0,0,0,0,0,0,0,0
11.850000000000055,1126,0,0,0,0,0,0,0,0,0,0
11.900000000000055,1066,0,0,0,0,0,0,0,0,0,0
11.950000000000056,1088,0,0,0,0,0,0,0,0,0,0
12.000000000000057,1124,0,0,0,0,0,0,0,0,0,0
12.050000000000058,1053,0,0,0,0,0,0,0,0,0,0
12.100000000000058,1069,0,0,0,0,0,0,0,0,0,0
12.150000000000059,1104,0,0,0,0,0,0,0,0,0,0
12.20000000000006,1154,0,0,0,0,0,0,0,0,0,0
12.25000000000006,1066,0,0,0,0,0,0,0,0,0,0
12.300000000000061,1091,0,0,0,0,0,0,0,0,0,0
12.350000000000062,1043,0,0,0,0,0,0,0,0,0,0
12.400000000000063,1110,0,0,0,0,0,0,0,0,0,0
12.450000000000063,1128,0,0,0,0,0,0,0,0,0,0
12.500000000000064,1115,0,0,0,0,0,0,0,0,0,0
12.550000000000065,1096,0,0,0,0,0,0,0,0,0,0
12.600000000000065,1044,0,0,0,0,0,0,0,0,0,0
12.650000000000066,1111,0,0,0,0,0,0,0,0,0,0
12.700000000000067,1124,0,0,0,0,0,0,0,0,0,0
12.750000000000068,1008,0,0,0,0,0,0,0,0,0,0
12.800000000000068,1076,0,0,0,0,0,0,0,0,0,0
12.850000000000069,1142,0,0,0,0,0,0,0,0,0,0
12.90000000000007,1027,0,0,0,0,0,0,0,0,0,0
12.95000000000007,1091,0,0,0,0,0,0,0,0,0,0
13.000000000000071,1123,0,0,0,0,0,0,0,0,0,0
13.050000000000072,1055,0,0,0,0,0,0,0,0,0,0
13.100000000000072,1161,0,0,0,0,0,0,0,0,0,0
13.150000000000073,1100,0,0,0,0,0,0,0,0,0,0
13.200000000000074,1094,0,0,0,0,0,0,0,0,0,0
13.250000000000075,1052,0,0,0,0,0,0,0,0,0,0
13.300000000000075,1130,0,0,0,0,0,0,0,0,0,0
13.350000000000076,1099,0,0,0,0,0,0,0,0,0,0
13.400000000000077,1165,0,0,0,0,0,0,0,0,0,0
13.450000000000077,1087,0,0,0,0,0,0,0,0,0,0
13.500000000000078,1186,0,0,0,0,0,0,0,0,0,0
13.550000000000079,1086,0,0,0,0,0,0,0,0,0,0
13.60000000000008,1091,0,0,0,0,0,0,0,0,0,0
13.65000000000008,1085,0,0,0,0,0,0,0,0,0,0
13.700000000000081,1012,0,0,0,0,0,0,0,0,0,0
13.750000000000082,1056,0,0,0,0,0,0,0,0,0,0
13.800000000000082,1075,0,0,0,0,0,0,0,0,0,0
13.850000000000083,1099,0,0,0,0,0,0,0,0,0,0
13.900000000000084,1144,0,0,0,0,0,0,0,0,0,0
13.950000000000085,1091,0,0,0,0,0,0,0,0,0,0
14.000000000000085,1073,0,0,0,0,0,0,0,0,0,0
14.050000000000086,1120,0,0,0,0,0,0,0,0,0,0
14.100000000000087,1077,0,0,0,0,0,0,0,0,0,0
14.150000000000087,1101,0,0,0,0,0,0,0,0,0,0
14.200000000000088,1130,0,0,0,0,0,0,0,0,0,0
14.250000000000089,1117,0,0,0,0,0,0,0,0,0,0
14.30000000000009,1118,0,0,0,0,0,0,0,0,0,0
14.35000000000009,1104,0,0,0,0,0,0,0,0,0,0
14.400000000000091,1040,0,0,0,0,0,0,0,0,0,0
14.450000000000092,1077,0,0,0,0,0,0,0,0,0,0
14.500000000000092,1088,0,0,0,0,0,0,0,0,0,0
14.550000000000093,1102,0,0,0,0,0,0,0,0,0,0
14.600000000000094,1089,0,0,0,0,0,0,0,0,0,0
14.650000000000095,1146,0,0,0,0,0,0,0,0,0,0
14.700000000000095,1093,0,0,0,0,0,0,0,0,0,0
14.750000000000096,1093,0,0,0,0,0,0,0,0,0,0
14.800000000000097,1088,0,0,0,0,0,0,0,0,0,0
14.850000000000097,1150,0,0,0,0,0,0,0,0,0,0
14.900000000000098,1124,0,0,0,0,0,0,0,0,0,0
14.950000000000099,1094,0,0,0,0,0,0,0,0,0,0
15.0000000000001,1115,0,0,0,0,0,0,0,0,0,0
15.0500000000001,1118,0,0,0,0,0,0,0,0,0,0
15.100000000000101,1127,0,0,0,0,0,0,0,0,0,0
15.150000000000102,1083,0,0,0,0,0,0,0,0,0,0
15.200000000000102,1107,0,0,0,0,0,0,0,0,0,0
15.250000000000103,1159,0,0,0,0,0,0,0,0,0,0
15.300000000000104,1102,0,0,0,0,0,0,0,0,0,0
15.350000000000104,1104,0,0,0,0,0,0,0,0,0,0
15.400000000000105,1133,0,0,0,0,0,0,0,0,0,0
15.450000000000106,1069,0,0,0,0,0,0,0,0,0,0
15.500000000000107,1100,0,0,0,0,0,0,0,0,0,0
15.550000000000107,1086,0,0,0,0,0,0,0,0,0,0
15.600000000000108,1020,0,0,0,0,0,0,0,0,0,0
15.650000000000109,1020,0,0,0,0,0,0,0,0,0,0
15.70000000000011,1124,0,0,0,0,0,0,0,0,0,0
15.75000000000011,1192,0,0,0,0,0,0,0,0,0,0
15.80000000000011,1119,0,0,0,0,0,0,0,0,0,0
15.850000000000112,1114,0,0,0,0,0,0,0,0,0,0
15.900000000000112,1076,0,0,0,0,0,0,0,0,0,0
15.950000000000113,1136,0,0,0,0,0,0,0,0,0,0
16.000000000000114,1063,0,0,0,0,0,0,0,0,0,0
16.050000000000114,1027,0,0,0,0,0,0,0,0,0,0
16.100000000000115,985,0,0,0,0,0,0,0,0,0,0
16.150000000000116,913,0,0,0,0,0,0,0,0,0,0
16.200000000000117,828,0,0,0,0,0,0,0,0,0,0
16.250000000000117,746,0,0,0,0,0,0,0,0,0,0
16.300000000000118,770,0,0,0,0,0,0,0,0,0,0
16.35000000000012,715,0,0,0,0,0,0,0,0,0,0
16.40000000000012,632,0,0,0,0,0,0,0,0,0,0
16.45000000000012,590,0,0,0,0,0,0,0,0,0,0
16.50000000000012,528,0,0,0,0,0,0,0,0,0,0
16.55000000000012,450,0,0,0,0,0,0,0,0,0,0
16.600000000000122,394,0,0,0,0,0,0,0,0,0,0
16.650000000000123,345,0,0,0,0,0,0,0,0,0,0
16.700000000000124,285,0,0,0,0,0,0,0,0,0,0
16.750000000000124,289,0,0,0,0,0,0,0,0,0,0
16.800000000000125,190,0,0,0,0,0,0,0,0,0,0
16.850000000000126,156,0,0,0,0,0,0,0,0,0,0
16.900000000000126,73,0,0,0,0,0,0,0,0,0,0
16.950000000000127,22,0,0,0,0,0,0,0,0,0,0
17.000000000000128,0,0,0,0,0,0,0,0,0,0,0
17.05000000000013,0,0,0,0,0,0,0,0,0,0,0
17.10000000000013,0,0,0,0,0,0,0,0,0,0,0
17.15000000000013,0,0,0,0,0,0,0,0,0,0,0
17.20000000000013,0,0,0,0,0,0,0,0,0,0,0
17.25000000000013,0,0,0,0,0,0,0,0,0,0,0
17.300000000000132,0,0,0,0,0,0,0,0,0,0,0
17.350000000000133,0,0,0,0,0,0,0,0,0,0,0
17.400000000000134,0,0,0,0,0,0,0,0,0,0,0
17.450000000000134,0,0,0,0,0,0,0,0,0,0,0
17.500000000000135,0,0,0,0,0,0,0,0,0,0,0
17.550000000000136,0,0,0,0,0,0,0,0,0,0,0
17.600000000000136,0,0,0,0,0,0,0,0,0,0,0
17.650000000000137,0,0,0,0,0,0,0,0,0,0,0
17.700000000000138,0,0,0,0,0,0,0,0,0,0,0
17.75000000000014,0,0,0,0,0,0,0,0,0,0,0
17.80000000000014,0,0,0,0,0,0,0,0,0,0,0
17.85000000000014,0,0,0,0,0,0,0,0,0,0,0
17.90000000000014,0,0,0,0,0,0,0,0,0,0,0
17.95000000000014,0,0,0,0,0,0,0,0,0,0,0
18.000000000000142,0,0,0,0,0,0,0,0,0,0,0
18.050000000000143,0,0,0,0,0,0,0,0,0,0,0
18.100000000000144,0,0,0,0,0,0,0,0,0,0,0
18.150000000000144,0,0,0,0,0,0,0,0,0,0,0
18.200000000000145,0,0,0,0,0,0,0,0,0,0,0
18.250000000000146,0,0,0,0,0,0,0,0,0,0,0
18.300000000000146,0,0,0,0,0,0,0,0,0,0,0
18.350000000000147,0,0,0,0,0,0,0,0,0,0,0
18.400000000000148,0,0,0,0,0,0,0,0,0,0,0
18.45000000000015,0,0,0,0,0,0,0,0,0,0,0
18.50000000000015,0,0,0,0,0,0,0,0,0,0,0
18.55000000000015,0,0,0,0,0,0,0,0,0,0,0
18.60000000000015,0,0,0,0,0,0,0,0,0,0,0
18.65000000000015,0,0,0,0,0,0,0,0,0,0,0
18.700000000000152,0,0,0,0,0,0,0,0,0,0,0
18.750000000000153,0,0,0,0,0,0,0,0,0,0,0
18.800000000000153,0,0,0,0,0,0,0,0,0,0,0
18.850000000000154,0,0,0,0,0,0,0,0,0,0,0
18.900000000000155,0,0,0,0,0,0,0,0,0,0,0
18.950000000000156,0,0,0,0,0,0,0,0,0,0,0
19.000000000000156,0,0,0,0,0,0,0,0,0,0,0
19.050000000000157,0,0,0,0,0,0,0,0,0,0,0
19.100000000000158,0,0,0,0,0,0,0,0,0,0,0
19.15000000000016,0,0,0,0,0,0,0,0,0,0,0
19.20000000000016,0,0,0,0,0,0,0,0,0,0,0
19.25000000000016,0,0,0,0,0,0,0,0,0,0,0
19.30000000000016,0,0,0,0,0,0,0,0,0,0,0
19.35000000000016,0,0,0,0,0,0,0,0,0,0,0
19.400000000000162,0,0,0,0,0,0,0,0,0,0,0
19.450000000000163,0,0,0,0,0,0,0,0,0,0,0
19.500000000000163,0,0,0,0,0,0,0,0,0,0,0
19.550000000000164,0,0,0,0,0,0,0,0,0,0,0
19.600000000000165,0,0,0,0,0,0,0,0,0,0,0
19.650000000000166,0,0,0,0,0,0,0,0,0,0,0
19.700000000000166,0,0,0,0,0,0,0,0,0,0,0
19.750000000000167,0,0,0,0,0,0,0,0,0,0,0
19.800000000000168,0,0,0,0,0,0,0,0,0,0,0
19.85000000000017,0,0,0,0,0,0,0,0,0,0,0
19.90000000000017,0,0,0,0,0,0,0,0,0,0,0
19.95000000000017,0,0,0,0,0,0,0,0,0,0,0
20.00000000000017,0,0,0,0,0,0,0,0,0,0,0
20.05000000000017,0,0,0,0,0,0,0,0,0,0,0
20.100000000000172,0,0,0,0,0,0,0,0,0,0,0
20.150000000000173,0,0,0,0,0,0,0,0,0,0,0
20.200000000000173,0,0,0,0,0,0,0,0,0,0,0
20.250000000000174,0,0,0,0,0,0,0,0,0,0,0
20.300000000000175,0,0,0,0,0,0,0,0,0,0,0
20.350000000000176,0,0,0,0,0,0,0,0,0,0,0
20.400000000000176,0,0,0,0,0,0,0,0,0,0,0
20.450000000000177,0,0,0,0,0,0,0,0,0,0,0
20.500000000000178,0,0,0,0,0,0,0,0,0,0,0
20.55000000000018,0,0,0,0,0,0,0,0,0,0,0
20.60000000000018,0,0,0,0,0,0,0,0,0,0,0
20.65000000000018,0,0,0,0,0,0,0,0,0,0,0
20.70000000000018,0,0,0,0,0,0,0,0,0,0,0
20.75000000000018,0,0,0,0,0,0,0,0,0,0,0
