*****
8,0.05,100,0,0.4,10,100,0.261843996326,0.0853672733114
8,100,100,99,100,100,0,0,0,0,0,0
8.05,136,136,136,136,136,0,0,0,0,0,0
8.100000000000001,112,112,112,112,112,0,0,0,0,0,0
8.150000000000002,146,146,144,146,146,0,0,0,0,0,0
8.200000000000003,127,127,127,127,127,0,0,0,0,0,0
8.250000000000004,120,120,118,119,120,0,0,0,0,0,0
8.300000000000004,139,139,137,139,139,0,0,0,0,0,0
8.350000000000005,141,141,139,141,141,0,0,0,0,0,0
8.400000000000006,104,104,104,104,104,0,0,0,0,0,0
8.450000000000006,130,130,130,130,130,0,0,0,0,0,0
8.500000000000007,136,136,131,136,136,0,0,0,0,0,0
8.550000000000008,135,135,134,135,135,0,0,0,0,0,0
8.600000000000009,130,130,129,130,130,0,0,0,0,0,0
8.65000000000001,134,134,127,134,134,0,0,0,0,0,0
8.70000000000001,117,117,111,117,117,0,0,0,0,0,0
8.75000000000001,145,145,136,145,145,0,0,0,0,0,0
8.800000000000011,129,129,122,129,129,0,0,0,0,0,0
8.850000000000012,133,133,125,133,133,0,0,0,0,0,0
8.900000000000013,140,139,125,139,139,0,0,0,0,0,0
8.950000000000014,125,124,111,125,125,0,0,0,0,0,0
9.000000000000014,104,101,90,103,104,0,0,0,0,0,0
9.050000000000015,129,126,110,128,127,0,0,0,0,0,0
9.100000000000016,136,133,118,135,135,0,0,0,0,0,0
9.150000000000016,116,112,94,114,114,0,0,0,0,0,0
9.200000000000017,128,122,103,127,124,0,0,0,0,0,0
9.250000000000018,113,107,81,112,110,0,0,0,0,0,0
9.300000000000018,130,120,91,130,123,0,0,0,0,0,0
9.35000000000002,116,108,90,115,110,0,0,0,0,0,0
9.40000000000002,121,110,78,119,110,0,0,0,0,0,0
9.45000000000002,138,114,80,133,120,0,0,0,0,0,0
9.500000000000021,136,115,71,131,120,0,0,0,0,0,0
9.550000000000022,128,100,63,119,107,0,0,0,0,0,0
9.600000000000023,120,87,60,113,93,0,0,0,0,0,0
9.650000000000023,126,86,40,114,96,0,0,0,0,0,0
9.700000000000024,130,87,50,110,93,0,0,0,0,0,0
9.750000000000025,128,75,39,108,83,0,0,0,0,0,0
9.800000000000026,134,61,41,105,70,0,0,0,0,0,0
9.850000000000026,121,46,21,83,57,0,0,0,0,0,0
9.900000000000027,110,56,27,86,66,0,0,0,0,0,0
9.950000000000028,129,43,19,78,47,0,0,0,0,0,0
10.000000000000028,126,39,19,71,43,0,0,0,0,0,0
10.05000000000003,118,24,10,62,32,0,0,0,0,0,0
10.10000000000003,139,31,15,69,36,0,0,0,0,0,0
10.15000000000003,140,14,5,53,19,0,0,0,0,0,0
10.200000000000031,119,21,9,35,21,0,0,0,0,0,0
10.250000000000032,133,12,8,35,17,0,0,0,0,0,0
10.300000000000033,131,19,11,42,23,0,0,0,0,0,0
10.350000000000033,112,9,4,20,10,0,0,0,0,0,0
10.400000000000034,130,7,4,16,9,0,0,0,0,0,0
10.450000000000035,128,4,2,8,4,0,0,0,0,0,0
10.500000000000036,124,5,1,10,5,0,0,0,0,0,0
10.550000000000036,125,3,1,6,3,0,0,0,0,0,0
10.600000000000037,128,3,2,13,4,0,0,0,0,0,0
10.650000000000038,121,3,1,6,3,0,0,0,0,0,0
10.700000000000038,133,0,0,1,0,0,0,0,0,0,0
10.750000000000039,117,1,1,3,1,0,0,0,0,0,0
10.80000000000004,142,3,1,3,3,0,0,0,0,0,0
10.85000000000004,127,0,0,1,0,0,0,0,0,0,0
10.900000000000041,154,0,0,0,0,0,0,0,0,0,0
10.950000000000042,122,1,0,0,1,0,0,0,0,0,0
11.000000000000043,123,0,0,0,0,0,0,0,0,0,0
11.050000000000043,118,0,0,0,0,0,0,0,0,0,0
11.100000000000044,128,0,0,0,0,0,0,0,0,0,0
11.150000000000045,132,0,0,0,0,0,0,0,0,0,0
11.200000000000045,126,0,0,0,0,0,0,0,0,0,0
11.250000000000046,132,0,0,0,0,0,0,0,0,0,0
11.300000000000047,132,0,0,0,0,0,0,0,0,0,0
11.350000000000048,125,0,0,0,0,0,0,0,0,0,0
11.400000000000048,141,0,0,0,0,0,0,0,0,0,0
11.450000000000049,134,0,0,0,0,0,0,0,0,0,0
11.50000000000005,119,0,0,0,0,0,0,0,0,0,0
11.55000000000005,140,0,0,0,0,0,0,0,0,0,0
11.600000000000051,111,0,0,0,0,0,0,0,0,0,0
11.650000000000052,111,0,0,0,0,0,0,0,0,0,0
11.700000000000053,119,0,0,0,0,0,0,0,0,0,0
11.750000000000053,132,0,0,0,0,0,0,0,0,0,0
11.800000000000054,141,0,0,0,0,0,0,0,0,0,0
11.850000000000055,132,0,0,0,0,0,0,0,0,0,0
11.900000000000055,137,0,0,0,0,0,0,0,0,0,0
11.950000000000056,117,0,0,0,0,0,0,0,0,0,0
12.000000000000057,127,0,0,0,0,0,0,0,0,0,0
12.050000000000058,117,0,0,0,0,0,0,0,0,0,0
12.100000000000058,120,0,0,0,0,0,0,0,0,0,0
12.150000000000059,141,0,0,0,0,0,0,0,0,0,0
12.20000000000006,136,0,0,0,0,0,0,0,0,0,0
12.25000000000006,122,0,0,0,0,0,0,0,0,0,0
12.300000000000061,116,0,0,0,0,0,0,0,0,0,0
12.350000000000062,112,0,0,0,0,0,0,0,0,0,0
12.400000000000063,142,0,0,0,0,0,0,0,0,0,0
12.450000000000063,134,0,0,0,0,0,0,0,0,0,0
12.500000000000064,141,0,0,0,0,0,0,0,0,0,0
12.550000000000065,137,0,0,0,0,0,0,0,0,0,0
12.600000000000065,121,0,0,0,0,0,0,0,0,0,0
12.650000000000066,112,0,0,0,0,0,0,0,0,0,0
12.700000000000067,116,0,0,0,0,0,0,0,0,0,0
12.750000000000068,131,0,0,0,0,0,0,0,0,0,0
12.800000000000068,133,0,0,0,0,0,0,0,0,0,0
12.850000000000069,123,0,0,0,0,0,0,0,0,0,0
12.90000000000007,130,0,0,0,0,0,0,0,0,0,0
12.95000000000007,122,0,0,0,0,0,0,0,0,0,0
13.000000000000071,117,0,0,0,0,0,0,0,0,0,0
13.050000000000072,128,0,0,0,0,0,0,0,0,0,0
13.100000000000072,122,0,0,0,0,0,0,0,0,0,0
13.150000000000073,132,0,0,0,0,0,0,0,0,0,0
13.200000000000074,139,0,0,0,0,0,0,0,0,0,0
13.250000000000075,129,0,0,0,0,0,0,0,0,0,0
13.300000000000075,114,0,0,0,0,0,0,0,0,0,0
13.350000000000076,125,0,0,0,0,0,0,0,0,0,0
13.400000000000077,106,0,0,0,0,0,0,0,0,0,0
13.450000000000077,141,0,0,0,0,0,0,0,0,0,0
13.500000000000078,141,0,0,0,0,0,0,0,0,0,0
13.550000000000079,135,0,0,0,0,0,0,0,0,0,0
13.60000000000008,126,0,0,0,0,0,0,0,0,0,0
13.65000000000008,131,0,0,0,0,0,0,0,0,0,0
13.700000000000081,124,0,0,0,0,0,0,0,0,0,0
13.750000000000082,115,0,0,0,0,0,0,0,0,0,0
13.800000000000082,114,0,0,0,0,0,0,0,0,0,0
13.850000000000083,126,0,0,0,0,0,0,0,0,0,0
13.900000000000084,130,0,0,0,0,0,0,0,0,0,0
13.950000000000085,125,0,0,0,0,0,0,0,0,0,0
14.000000000000085,119,0,0,0,0,0,0,0,0,0,0
14.050000000000086,129,0,0,0,0,0,0,0,0,0,0
14.100000000000087,109,0,0,0,0,0,0,0,0,0,0
14.150000000000087,107,0,0,0,0,0,0,0,0,0,0
14.200000000000088,128,0,0,0,0,0,0,0,0,0,0
14.250000000000089,136,0,0,0,0,0,0,0,0,0,0
14.30000000000009,113,0,0,0,0,0,0,0,0,0,0
14.35000000000009,124,0,0,0,0,0,0,0,0,0,0
14.400000000000091,125,0,0,0,0,0,0,0,0,0,0
14.450000000000092,128,0,0,0,0,0,0,0,0,0,0
14.500000000000092,131,0,0,0,0,0,0,0,0,0,0
14.550000000000093,140,0,0,0,0,0,0,0,0,0,0
14.600000000000094,119,0,0,0,0,0,0,0,0,0,0
14.650000000000095,142,0,0,0,0,0,0,0,0,0,0
14.700000000000095,131,0,0,0,0,0,0,0,0,0,0
14.750000000000096,129,0,0,0,0,0,0,0,0,0,0
14.800000000000097,112,0,0,0,0,0,0,0,0,0,0
14.850000000000097,134,0,0,0,0,0,0,0,0,0,0
14.900000000000098,121,0,0,0,0,0,0,0,0,0,0
14.950000000000099,131,0,0,0,0,0,0,0,0,0,0
15.0000000000001,146,0,0,0,0,0,0,0,0,0,0
15.0500000000001,130,0,0,0,0,0,0,0,0,0,0
15.100000000000101,131,0,0,0,0,0,0,0,0,0,0
15.150000000000102,141,0,0,0,0,0,0,0,0,0,0
15.200000000000102,122,0,0,0,0,0,0,0,0,0,0
15.250000000000103,107,0,0,0,0,0,0,0,0,0,0
15.300000000000104,114,0,0,0,0,0,0,0,0,0,0
15.350000000000104,142,0,0,0,0,0,0,0,0,0,0
15.400000000000105,122,0,0,0,0,0,0,0,0,0,0
15.450000000000106,124,0,0,0,0,0,0,0,0,0,0
15.500000000000107,112,0,0,0,0,0,0,0,0,0,0
15.550000000000107,148,0,0,0,0,0,0,0,0,0,0
15.600000000000108,117,0,0,0,0,0,0,0,0,0,0
15.650000000000109,118,0,0,0,0,0,0,0,0,0,0
15.70000000000011,139,0,0,0,0,0,0,0,0,0,0
15.75000000000011,124,0,0,0,0,0,0,0,0,0,0
15.80000000000011,118,0,0,0,0,0,0,0,0,0,0
15.850000000000112,127,0,0,0,0,0,0,0,0,0,0
15.900000000000112,134,0,0,0,0,0,0,0,0,0,0
15.950000000000113,120,0,0,0,0,0,0,0,0,0,0
16.000000000000114,98,0,0,0,0,0,0,0,0,0,0
16.050000000000114,114,0,0,0,0,0,0,0,0,0,0
16.100000000000115,89,0,0,0,0,0,0,0,0,0,0
16.150000000000116,79,0,0,0,0,0,0,0,0,0,0
16.200000000000117,67,0,0,0,0,0,0,0,0,0,0
16.250000000000117,30,0,0,0,0,0,0,0,0,0,0
16.300000000000118,24,0,0,0,0,0,0,0,0,0,0
16.35000000000012,7,0,0,0,0,0,0,0,0,0,0
16.40000000000012,0,0,0,0,0,0,0,0,0,0,0
16.45000000000012,0,0,0,0,0,0,0,0,0,0,0
16.50000000000012,0,0,0,0,0,0,0,0,0,0,0
16.55000000000012,0,0,0,0,0,0,0,0,0,0,0
16.600000000000122,0,0,0,0,0,0,0,0,0,0,0
16.650000000000123,0,0,0,0,0,0,0,0,0,0,0
16.700000000000124,0,0,0,0,0,0,0,0,0,0,0
16.750000000000124,0,0,0,0,0,0,0,0,0,0,0
16.800000000000125,0,0,0,0,0,0,0,0,0,0,0
16.850000000000126,0,0,0,0,0,0,0,0,0,0,0
16.900000000000126,0,0,0,0,0,0,0,0,0,0,0
16.950000000000127,0,0,0,0,0,0,0,0,0,0,0
17.000000000000128,0,0,0,0,0,0,0,0,0,0,0
17.05000000000013,0,0,0,0,0,0,0,0,0,0,0
17.10000000000013,0,0,0,0,0,0,0,0,0,0,0
17.15000000000013,0,0,0,0,0,0,0,0,0,0,0
17.20000000000013,0,0,0,0,0,0,0,0,0,0,0
17.25000000000013,0,0,0,0,0,0,0,0,0,0,0
17.300000000000132,0,0,0,0,0,0,0,0,0,0,0
17.350000000000133,0,0,0,0,0,0,0,0,0,0,0
17.400000000000134,0,0,0,0,0,0,0,0,0,0,0
17.450000000000134,0,0,0,0,0,0,0,0,0,0,0
17.500000000000135,0,0,0,0,0,0,0,0,0,0,0
17.550000000000136,0,0,0,0,0,0,0,0,0,0,0
17.600000000000136,0,0,0,0,0,0,0,0,0,0,0
17.650000000000137,0,0,0,0,0,0,0,0,0,0,0
17.700000000000138,0,0,0,0,0,0,0,0,0,0,0
17.75000000000014,0,0,0,0,0,0,0,0,0,0,0
17.80000000000014,0,0,0,0,0,0,0,0,0,0,0
17.85000000000014,0,0,0,0,0,0,0,0,0,0,0
17.90000000000014,0,0,0,0,0,0,0,0,0,0,0
17.95000000000014,0,0,0,0,0,0,0,0,0,0,0
18.000000000000142,0,0,0,0,0,0,0,0,0,0,0
18.050000000000143,0,0,0,0,0,0,0,0,0,0,0
18.100000000000144,0,0,0,0,0,0,0,0,0,0,0
18.150000000000144,0,0,0,0,0,0,0,0,0,0,0
18.200000000000145,0,0,0,0,0,0,0,0,0,0,0
18.250000000000146,0,0,0,0,0,0,0,0,0,0,0
18.300000000000146,0,0,0,0,0,0,0,0,0,0,0
18.350000000000147,0,0,0,0,0,0,0,0,0,0,0
18.400000000000148,0,0,0,0,0,0,0,0,0,0,0
18.45000000000015,0,0,0,0,0,0,0,0,0,0,0
18.50000000000015,0,0,0,0,0,0,0,0,0,0,0
18.55000000000015,0,0,0,0,0,0,0,0,0,0,0
18.60000000000015,0,0,0,0,0,0,0,0,0,0,0
18.65000000000015,0,0,0,0,0,0,0,0,0,0,0
18.700000000000152,0,0,0,0,0,0,0,0,0,0,0
18.750000000000153,0,0,0,0,0,0,0,0,0,0,0
18.800000000000153,0,0,0,0,0,0,0,0,0,0,0
18.850000000000154,0,0,0,0,0,0,0,0,0,0,0
18.900000000000155,0,0,0,0,0,0,0,0,0,0,0
18.950000000000156,0,0,0,0,0,0,0,0,0,0,0
19.000000000000156,0,0,0,0,0,0,0,0,0,0,0
19.050000000000157,0,0,0,0,0,0,0,0,0,0,0
19.100000000000158,0,0,0,0,0,0,0,0,0,0,0
19.15000000000016,0,0,0,0,0,0,0,0,0,0,0
19.20000000000016,0,0,0,0,0,0,0,0,0,0,0
19.25000000000016,0,0,0,0,0,0,0,0,0,0,0
19.30000000000016,0,0,0,0,0,0,0,0,0,0,0
19.35000000000016,0,0,0,0,0,0,0,0,0,0,0
19.400000000000162,0,0,0,0,0,0,0,0,0,0,0
19.450000000000163,0,0,0,0,0,0,0,0,0,0,0
19.500000000000163,0,0,0,0,0,0,0,0,0,0,0
19.550000000000164,0,0,0,0,0,0,0,0,0,0,0
19.600000000000165,0,0,0,0,0,0,0,0,0,0,0
19.650000000000166,0,0,0,0,0,0,0,0,0,0,0
19.700000000000166,0,0,0,0,0,0,0,0,0,0,0
19.750000000000167,0,0,0,0,0,0,0,0,0,0,0
19.800000000000168,0,0,0,0,0,0,0,0,0,0,0
19.85000000000017,0,0,0,0,0,0,0,0,0,0,0
19.90000000000017,0,0,0,0,0,0,0,0,0,0,0
19.95000000000017,0,0,0,0,0,0,0,0,0,0,0
20.00000000000017,0,0,0,0,0,0,0,0,0,0,0
20.05000000000017,0,0,0,0,0,0,0,0,0,0,0
20.100000000000172,0,0,0,0,0,0,0,0,0,0,0
20.150000000000173,0,0,0,0,0,0,0,0,0,0,0
20.200000000000173,0,0,0,0,0,0,0,0,0,0,0
20.250000000000174,0,0,0,0,0,0,0,0,0,0,0
20.300000000000175,0,0,0,0,0,0,0,0,0,0,0
20.350000000000176,0,0,0,0,0,0,0,0,0,0,0
20.400000000000176,0,0,0,0,0,0,0,0,0,0,0
20.450000000000177,0,0,0,0,0,0,0,0,0,0,0
20.500000000000178,0,0,0,0,0,0,0,0,0,0,0
20.55000000000018,0,0,0,0,0,0,0,0,0,0,0
20.60000000000018,0,0,0,0,0,0,0,0,0,0,0
20.65000000000018,0,0,0,0,0,0,0,0,0,0,0
20.70000000000018,0,0,0,0,0,0,0,0,0,0,0
20.75000000000018,0,0,0,0,0,0,0,0,0,0,0
*****
8,0.05,100,0.3,0.7,10,100,0.261843996326,0.0853672733114
8,100,100,100,98,100,0,0,0,0,0,0
8.05,95,95,95,94,95,0,0,0,0,0,0
8.100000000000001,92,92,92,91,92,0,0,0,0,0,0
8.150000000000002,89,89,89,87,89,0,0,0,0,0,0
8.200000000000003,109,109,109,106,109,0,0,0,0,0,0
8.250000000000004,93,93,93,92,93,0,0,0,0,0,0
8.300000000000004,91,91,91,91,91,0,0,0,0,0,0
8.350000000000005,100,100,99,99,100,0,0,0,0,0,0
8.400000000000006,99,99,99,98,99,0,0,0,0,0,0
8.450000000000006,87,87,87,84,87,0,0,0,0,0,0
8.500000000000007,87,87,87,85,87,0,0,0,0,0,0
8.550000000000008,85,85,85,82,85,0,0,0,0,0,0
8.600000000000009,96,95,95,95,95,0,0,0,0,0,0
8.65000000000001,98,97,98,95,98,0,0,0,0,0,0
8.70000000000001,88,88,88,87,88,0,0,0,0,0,0
8.75000000000001,111,110,110,107,111,0,0,0,0,0,0
8.800000000000011,93,91,92,89,92,0,0,0,0,0,0
8.850000000000012,103,101,100,101,101,0,0,0,0,0,0
8.900000000000013,101,99,99,96,100,0,0,0,0,0,0
8.950000000000014,81,73,76,73,77,0,0,0,0,0,0
9.000000000000014,71,71,71,68,71,0,0,0,0,0,0
9.050000000000015,94,86,88,87,88,0,0,0,0,0,0
9.100000000000016,92,88,88,88,89,0,0,0,0,0,0
9.150000000000016,95,85,87,87,88,0,0,0,0,0,0
9.200000000000017,111,100,101,105,103,0,0,0,0,0,0
9.250000000000018,109,96,97,91,99,0,0,0,0,0,0
9.300000000000018,106,92,91,90,93,0,0,0,0,0,0
9.35000000000002,79,65,65,67,69,0,0,0,0,0,0
9.40000000000002,79,63,62,69,70,0,0,0,0,0,0
9.45000000000002,90,73,74,79,77,0,0,0,0,0,0
9.500000000000021,93,66,68,78,70,0,0,0,0,0,0
9.550000000000022,96,66,66,71,71,0,0,0,0,0,0
9.600000000000023,110,71,70,80,78,0,0,0,0,0,0
9.650000000000023,82,58,62,56,64,0,0,0,0,0,0
9.700000000000024,82,47,48,50,52,0,0,0,0,0,0
9.750000000000025,110,58,57,76,66,0,0,0,0,0,0
9.800000000000026,91,39,41,52,47,0,0,0,0,0,0
9.850000000000026,103,59,60,68,63,0,0,0,0,0,0
9.900000000000027,88,30,33,46,36,0,0,0,0,0,0
9.950000000000028,93,26,30,46,31,0,0,0,0,0,0
10.000000000000028,91,33,34,38,35,0,0,0,0,0,0
10.05000000000003,84,22,27,34,28,0,0,0,0,0,0
10.10000000000003,111,33,36,40,39,0,0,0,0,0,0
10.15000000000003,91,20,22,28,27,0,0,0,0,0,0
10.200000000000031,93,25,27,31,28,0,0,0,0,0,0
10.250000000000032,100,14,17,21,18,0,0,0,0,0,0
10.300000000000033,98,19,19,24,21,0,0,0,0,0,0
10.350000000000033,99,12,13,23,17,0,0,0,0,0,0
10.400000000000034,93,12,12,18,13,0,0,0,0,0,0
10.450000000000035,91,10,9,13,11,0,0,0,0,0,0
10.500000000000036,88,4,4,7,5,0,0,0,0,0,0
10.550000000000036,86,6,8,8,8,0,0,0,0,0,0
10.600000000000037,102,6,9,11,10,0,0,0,0,0,0
10.650000000000038,97,7,8,7,8,0,0,0,0,0,0
10.700000000000038,94,0,0,1,0,0,0,0,0,0,0
10.750000000000039,92,6,7,7,7,0,0,0,0,0,0
10.80000000000004,98,2,2,2,2,0,0,0,0,0,0
10.85000000000004,83,1,0,2,1,0,0,0,0,0,0
10.900000000000041,96,3,3,3,3,0,0,0,0,0,0
10.950000000000042,97,0,0,1,0,0,0,0,0,0,0
11.000000000000043,92,1,2,2,2,0,0,0,0,0,0
11.050000000000043,89,0,1,1,1,0,0,0,0,0,0
11.100000000000044,112,0,0,0,0,0,0,0,0,0,0
11.150000000000045,89,0,0,0,0,0,0,0,0,0,0
11.200000000000045,94,1,0,1,1,0,0,0,0,0,0
11.250000000000046,109,0,0,0,0,0,0,0,0,0,0
11.300000000000047,97,0,0,0,0,0,0,0,0,0,0
11.350000000000048,76,0,0,0,0,0,0,0,0,0,0
11.400000000000048,95,1,0,1,1,0,0,0,0,0,0
11.450000000000049,101,1,1,1,1,0,0,0,0,0,0
11.50000000000005,91,0,0,0,0,0,0,0,0,0,0
11.55000000000005,102,0,0,0,0,0,0,0,0,0,0
11.600000000000051,94,0,0,0,0,0,0,0,0,0,0
11.650000000000052,103,0,0,0,0,0,0,0,0,0,0
11.700000000000053,89,0,0,0,0,0,0,0,0,0,0
11.750000000000053,91,0,0,0,0,0,0,0,0,0,0
11.800000000000054,81,0,0,0,0,0,0,0,0,0,0
11.850000000000055,116,0,0,0,0,0,0,0,0,0,0
11.900000000000055,102,0,0,0,0,0,0,0,0,0,0
11.950000000000056,83,0,0,0,0,0,0,0,0,0,0
12.000000000000057,101,0,0,0,0,0,0,0,0,0,0
12.050000000000058,74,0,0,0,0,0,0,0,0,0,0
12.100000000000058,105,0,0,0,0,0,0,0,0,0,0
12.150000000000059,91,0,0,0,0,0,0,0,0,0,0
12.20000000000006,100,0,0,0,0,0,0,0,0,0,0
12.25000000000006,92,0,0,0,0,0,0,0,0,0,0
12.300000000000061,106,0,0,0,0,0,0,0,0,0,0
12.350000000000062,96,0,0,0,0,0,0,0,0,0,0
12.400000000000063,84,0,0,0,0,0,0,0,0,0,0
12.450000000000063,101,0,0,0,0,0,0,0,0,0,0
12.500000000000064,85,0,0,0,0,0,0,0,0,0,0
12.550000000000065,87,0,0,0,0,0,0,0,0,0,0
12.600000000000065,94,0,0,0,0,0,0,0,0,0,0
12.650000000000066,92,0,0,0,0,0,0,0,0,0,0
12.700000000000067,81,0,0,0,0,0,0,0,0,0,0
12.750000000000068,95,0,0,0,0,0,0,0,0,0,0
12.800000000000068,113,0,0,0,0,0,0,0,0,0,0
12.850000000000069,107,0,0,0,0,0,0,0,0,0,0
12.90000000000007,98,0,0,0,0,0,0,0,0,0,0
12.95000000000007,105,0,0,0,0,0,0,0,0,0,0
13.000000000000071,92,0,0,0,0,0,0,0,0,0,0
13.050000000000072,86,0,0,0,0,0,0,0,0,0,0
13.100000000000072,95,0,0,0,0,0,0,0,0,0,0
13.150000000000073,95,0,0,0,0,0,0,0,0,0,0
13.200000000000074,98,0,0,0,0,0,0,0,0,0,0
13.250000000000075,84,0,0,0,0,0,0,0,0,0,0
13.300000000000075,89,0,0,0,0,0,0,0,0,0,0
13.350000000000076,91,0,0,0,0,0,0,0,0,0,0
13.400000000000077,99,0,0,0,0,0,0,0,0,0,0
13.450000000000077,102,0,0,0,0,0,0,0,0,0,0
13.500000000000078,104,0,0,0,0,0,0,0,0,0,0
13.550000000000079,87,0,0,0,0,0,0,0,0,0,0
13.60000000000008,96,0,0,0,0,0,0,0,0,0,0
13.65000000000008,102,0,0,0,0,0,0,0,0,0,0
13.700000000000081,82,0,0,0,0,0,0,0,0,0,0
13.750000000000082,84,0,0,0,0,0,0,0,0,0,0
13.800000000000082,105,0,0,0,0,0,0,0,0,0,0
13.850000000000083,100,0,0,0,0,0,0,0,0,0,0
13.900000000000084,104,0,0,0,0,0,0,0,0,0,0
13.950000000000085,99,0,0,0,0,0,0,0,0,0,0
14.000000000000085,79,0,0,0,0,0,0,0,0,0,0
14.050000000000086,100,0,0,0,0,0,0,0,0,0,0
14.100000000000087,89,0,0,0,0,0,0,0,0,0,0
14.150000000000087,100,0,0,0,0,0,0,0,0,0,0
14.200000000000088,101,0,0,0,0,0,0,0,0,0,0
14.250000000000089,67,0,0,0,0,0,0,0,0,0,0
14.30000000000009,106,0,0,0,0,0,0,0,0,0,0
14.35000000000009,110,0,0,0,0,0,0,0,0,0,0
14.400000000000091,90,0,0,0,0,0,0,0,0,0,0
14.450000000000092,89,0,0,0,0,0,0,0,0,0,0
14.500000000000092,106,0,0,0,0,0,0,0,0,0,0
14.550000000000093,83,0,0,0,0,0,0,0,0,0,0
14.600000000000094,102,0,0,0,0,0,0,0,0,0,0
14.650000000000095,97,0,0,0,0,0,0,0,0,0,0
14.700000000000095,93,0,0,0,0,0,0,0,0,0,0
14.750000000000096,88,0,0,0,0,0,0,0,0,0,0
14.800000000000097,110,0,0,0,0,0,0,0,0,0,0
14.850000000000097,84,0,0,0,0,0,0,0,0,0,0
14.900000000000098,92,0,0,0,0,0,0,0,0,0,0
14.950000000000099,89,0,0,0,0,0,0,0,0,0,0
15.0000000000001,104,0,0,0,0,0,0,0,0,0,0
15.0500000000001,102,0,0,0,0,0,0,0,0,0,0
15.100000000000101,93,0,0,0,0,0,0,0,0,0,0
15.150000000000102,95,0,0,0,0,0,0,0,0,0,0
15.200000000000102,92,0,0,0,0,0,0,0,0,0,0
15.250000000000103,96,0,0,0,0,0,0,0,0,0,0
15.300000000000104,98,0,0,0,0,0,0,0,0,0,0
15.350000000000104,84,0,0,0,0,0,0,0,0,0,0
15.400000000000105,94,0,0,0,0,0,0,0,0,0,0
15.450000000000106,90,0,0,0,0,0,0,0,0,0,0
15.500000000000107,82,0,0,0,0,0,0,0,0,0,0
15.550000000000107,99,0,0,0,0,0,0,0,0,0,0
15.600000000000108,92,0,0,0,0,0,0,0,0,0,0
15.650000000000109,93,0,0,0,0,0,0,0,0,0,0
15.70000000000011,98,0,0,0,0,0,0,0,0,0,0
15.75000000000011,90,0,0,0,0,0,0,0,0,0,0
15.80000000000011,110,0,0,0,0,0,0,0,0,0,0
15.850000000000112,88,0,0,0,0,0,0,0,0,0,0
15.900000000000112,93,0,0,0,0,0,0,0,0,0,0
15.950000000000113,97,0,0,0,0,0,0,0,0,0,0
16.000000000000114,86,0,0,0,0,0,0,0,0,0,0
16.050000000000114,86,0,0,0,0,0,0,0,0,0,0
16.100000000000115,101,0,0,0,0,0,0,0,0,0,0
16.150000000000116,104,0,0,0,0,0,0,0,0,0,0
16.200000000000117,93,0,0,0,0,0,0,0,0,0,0
16.250000000000117,87,0,0,0,0,0,0,0,0,0,0
16.300000000000118,83,0,0,0,0,0,0,0,0,0,0
16.35000000000012,74,0,0,0,0,0,0,0,0,0,0
16.40000000000012,80,0,0,0,0,0,0,0,0,0,0
16.45000000000012,55,0,0,0,0,0,0,0,0,0,0
16.50000000000012,37,0,0,0,0,0,0,0,0,0,0
16.55000000000012,30,0,0,0,0,0,0,0,0,0,0
16.600000000000122,22,0,0,0,0,0,0,0,0,0,0
16.650000000000123,6,0,0,0,0,0,0,0,0,0,0
16.700000000000124,0,0,0,0,0,0,0,0,0,0,0
16.750000000000124,0,0,0,0,0,0,0,0,0,0,0
16.800000000000125,0,0,0,0,0,0,0,0,0,0,0
16.850000000000126,0,0,0,0,0,0,0,0,0,0,0
16.900000000000126,0,0,0,0,0,0,0,0,0,0,0
16.950000000000127,0,0,0,0,0,0,0,0,0,0,0
17.000000000000128,0,0,0,0,0,0,0,0,0,0,0
17.05000000000013,0,0,0,0,0,0,0,0,0,0,0
17.10000000000013,0,0,0,0,0,0,0,0,0,0,0
17.15000000000013,0,0,0,0,0,0,0,0,0,0,0
17.20000000000013,0,0,0,0,0,0,0,0,0,0,0
17.25000000000013,0,0,0,0,0,0,0,0,0,0,0
17.300000000000132,0,0,0,0,0,0,0,0,0,0,0
17.350000000000133,0,0,0,0,0,0,0,0,0,0,0
17.400000000000134,0,0,0,0,0,0,0,0,0,0,0
17.450000000000134,0,0,0,0,0,0,0,0,0,0,0
17.500000000000135,0,0,0,0,0,0,0,0,0,0,0
17.550000000000136,0,0,0,0,0,0,0,0,0,0,0
17.600000000000136,0,0,0,0,0,0,0,0,0,0,0
17.650000000000137,0,0,0,0,0,0,0,0,0,0,0
17.700000000000138,0,0,0,0,0,0,0,0,0,0,0
17.75000000000014,0,0,0,0,0,0,0,0,0,0,0
17.80000000000014,0,0,0,0,0,0,0,0,0,0,0
17.85000000000014,0,0,0,0,0,0,0,0,0,0,0
17.90000000000014,0,0,0,0,0,0,0,0,0,0,0
17.95000000000014,0,0,0,0,0,0,0,0,0,0,0
18.000000000000142,0,0,0,0,0,0,0,0,0,0,0
18.050000000000143,0,0,0,0,0,0,0,0,0,0,0
18.100000000000144,0,0,0,0,0,0,0,0,0,0,0
18.150000000000144,0,0,0,0,0,0,0,0,0,0,0
18.200000000000145,0,0,0,0,0,0,0,0,0,0,0
18.250000000000146,0,0,0,0,0,0,0,0,0,0,0
18.300000000000146,0,0,0,0,0,0,0,0,0,0,0
18.350000000000147,0,0,0,0,0,0,0,0,0,0,0
18.400000000000148,0,0,0,0,0,0,0,0,0,0,0
18.45000000000015,0,0,0,0,0,0,0,0,0,0,0
18.50000000000015,0,0,0,0,0,0,0,0,0,0,0
18.55000000000015,0,0,0,0,0,0,0,0,0,0,0
18.60000000000015,0,0,0,0,0,0,0,0,0,0,0
18.65000000000015,0,0,0,0,0,0,0,0,0,0,0
18.700000000000152,0,0,0,0,0,0,0,0,0,0,0
18.750000000000153,0,0,0,0,0,0,0,0,0,0,0
18.800000000000153,0,0,0,0,0,0,0,0,0,0,0
18.850000000000154,0,0,0,0,0,0,0,0,0,0,0
18.900000000000155,0,0,0,0,0,0,0,0,0,0,0
18.950000000000156,0,0,0,0,0,0,0,0,0,0,0
19.000000000000156,0,0,0,0,0,0,0,0,0,0,0
19.050000000000157,0,0,0,0,0,0,0,0,0,0,0
19.100000000000158,0,0,0,0,0,0,0,0,0,0,0
19.15000000000016,0,0,0,0,0,0,0,0,0,0,0
19.20000000000016,0,0,0,0,0,0,0,0,0,0,0
19.25000000000016,0,0,0,0,0,0,0,0,0,0,0
19.30000000000016,0,0,0,0,0,0,0,0,0,0,0
19.35000000000016,0,0,0,0,0,0,0,0,0,0,0
19.400000000000162,0,0,0,0,0,0,0,0,0,0,0
19.450000000000163,0,0,0,0,0,0,0,0,0,0,0
19.500000000000163,0,0,0,0,0,0,0,0,0,0,0
19.550000000000164,0,0,0,0,0,0,0,0,0,0,0
19.600000000000165,0,0,0,0,0,0,0,0,0,0,0
19.650000000000166,0,0,0,0,0,0,0,0,0,0,0
19.700000000000166,0,0,0,0,0,0,0,0,0,0,0
19.750000000000167,0,0,0,0,0,0,0,0,0,0,0
19.800000000000168,0,0,0,0,0,0,0,0,0,0,0
19.85000000000017,0,0,0,0,0,0,0,0,0,0,0
19.90000000000017,0,0,0,0,0,0,0,0,0,0,0
19.95000000000017,0,0,0,0,0,0,0,0,0,0,0
20.00000000000017,0,0,0,0,0,0,0,0,0,0,0
20.05000000000017,0,0,0,0,0,0,0,0,0,0,0
20.100000000000172,0,0,0,0,0,0,0,0,0,0,0
20.150000000000173,0,0,0,0,0,0,0,0,0,0,0
20.200000000000173,0,0,0,0,0,0,0,0,0,0,0
20.250000000000174,0,0,0,0,0,0,0,0,0,0,0
20.300000000000175,0,0,0,0,0,0,0,0,0,0,0
20.350000000000176,0,0,0,0,0,0,0,0,0,0,0
20.400000000000176,0,0,0,0,0,0,0,0,0,0,0
20.450000000000177,0,0,0,0,0,0,0,0,0,0,0
20.500000000000178,0,0,0,0,0,0,0,0,0,0,0
20.55000000000018,0,0,0,0,0,0,0,0,0,0,0
20.60000000000018,0,0,0,0,0,0,0,0,0,0,0
20.65000000000018,0,0,0,0,0,0,0,0,0,0,0
20.70000000000018,0,0,0,0,0,0,0,0,0,0,0
20.75000000000018,0,0,0,0,0,0,0,0,0,0,0
*****
8,0.05,100,0.6,1,10,100,0.261843996326,0.0853672733114
8,100,21,25,19,25,0,0,0,0,0,0
8.05,128,15,28,26,28,0,0,0,0,0,0
8.100000000000001,103,17,21,21,21,0,0,0,0,0,0
8.150000000000002,109,24,27,19,27,0,0,0,0,0,0
8.200000000000003,115,20,28,26,28,0,0,0,0,0,0
8.250000000000004,105,14,17,24,17,0,0,0,0,0,0
8.300000000000004,89,21,23,25,23,0,0,0,0,0,0
8.350000000000005,109,21,25,21,25,0,0,0,0,0,0
8.400000000000006,102,16,28,39,28,0,0,0,0,0,0
8.450000000000006,82,11,18,19,18,0,0,0,0,0,0
8.500000000000007,87,10,10,14,10,0,0,0,0,0,0
8.550000000000008,108,12,13,19,13,0,0,0,0,0,0
8.600000000000009,89,10,12,19,12,0,0,0,0,0,0
8.65000000000001,108,13,15,15,15,0,0,0,0,0,0
8.70000000000001,91,7,13,16,13,0,0,0,0,0,0
8.75000000000001,88,12,14,12,14,0,0,0,0,0,0
8.800000000000011,96,8,18,11,18,0,0,0,0,0,0
8.850000000000012,109,7,13,11,13,0,0,0,0,0,0
8.900000000000013,111,7,13,11,13,0,0,0,0,0,0
8.950000000000014,116,5,17,20,17,0,0,0,0,0,0
9.000000000000014,111,4,8,5,8,0,0,0,0,0,0
9.050000000000015,107,0,3,4,3,0,0,0,0,0,0
9.100000000000016,100,3,6,10,6,0,0,0,0,0,0
9.150000000000016,101,1,5,5,5,0,0,0,0,0,0
9.200000000000017,92,2,6,2,6,0,0,0,0,0,0
9.250000000000018,103,5,8,4,8,0,0,0,0,0,0
9.300000000000018,97,2,2,2,2,0,0,0,0,0,0
9.35000000000002,98,2,4,3,4,0,0,0,0,0,0
9.40000000000002,88,1,3,2,3,0,0,0,0,0,0
9.45000000000002,89,1,5,3,5,0,0,0,0,0,0
9.500000000000021,111,2,4,4,4,0,0,0,0,0,0
9.550000000000022,89,1,3,3,3,0,0,0,0,0,0
9.600000000000023,96,0,1,1,1,0,0,0,0,0,0
9.650000000000023,101,0,0,0,0,0,0,0,0,0,0
9.700000000000024,112,1,1,1,1,0,0,0,0,0,0
9.750000000000025,94,1,1,0,1,0,0,0,0,0,0
9.800000000000026,111,0,3,3,3,0,0,0,0,0,0
9.850000000000026,116,0,0,1,0,0,0,0,0,0,0
9.900000000000027,97,0,0,0,0,0,0,0,0,0,0
9.950000000000028,116,0,1,0,1,0,0,0,0,0,0
10.000000000000028,92,0,0,0,0,0,0,0,0,0,0
10.05000000000003,93,0,1,1,1,0,0,0,0,0,0
10.10000000000003,98,0,0,0,0,0,0,0,0,0,0
10.15000000000003,112,0,1,0,1,0,0,0,0,0,0
10.200000000000031,110,0,0,0,0,0,0,0,0,0,0
10.250000000000032,85,0,0,0,0,0,0,0,0,0,0
10.300000000000033,90,0,0,0,0,0,0,0,0,0,0
10.350000000000033,91,0,0,0,0,0,0,0,0,0,0
10.400000000000034,110,0,0,0,0,0,0,0,0,0,0
10.450000000000035,83,0,0,0,0,0,0,0,0,0,0
10.500000000000036,100,0,0,0,0,0,0,0,0,0,0
10.550000000000036,108,0,0,0,0,0,0,0,0,0,0
10.600000000000037,97,0,0,0,0,0,0,0,0,0,0
10.650000000000038,104,0,0,0,0,0,0,0,0,0,0
10.700000000000038,120,0,0,0,0,0,0,0,0,0,0
10.750000000000039,103,0,0,0,0,0,0,0,0,0,0
10.80000000000004,114,0,0,0,0,0,0,0,0,0,0
10.85000000000004,91,0,0,0,0,0,0,0,0,0,0
10.900000000000041,87,0,0,0,0,0,0,0,0,0,0
10.950000000000042,99,0,0,0,0,0,0,0,0,0,0
11.000000000000043,107,0,0,0,0,0,0,0,0,0,0
11.050000000000043,88,0,0,0,0,0,0,0,0,0,0
11.100000000000044,100,0,0,0,0,0,0,0,0,0,0
11.150000000000045,108,0,0,0,0,0,0,0,0,0,0
11.200000000000045,99,0,0,0,0,0,0,0,0,0,0
11.250000000000046,104,0,0,0,0,0,0,0,0,0,0
11.300000000000047,104,0,0,0,0,0,0,0,0,0,0
11.350000000000048,72,0,0,0,0,0,0,0,0,0,0
11.400000000000048,108,0,0,0,0,0,0,0,0,0,0
11.450000000000049,102,0,0,0,0,0,0,0,0,0,0
11.50000000000005,118,0,0,0,0,0,0,0,0,0,0
11.55000000000005,95,0,0,0,0,0,0,0,0,0,0
11.600000000000051,127,0,0,0,0,0,0,0,0,0,0
11.650000000000052,107,0,0,0,0,0,0,0,0,0,0
11.700000000000053,95,0,0,0,0,0,0,0,0,0,0
11.750000000000053,91,0,0,0,0,0,0,0,0,0,0
11.800000000000054,87,0,0,0,0,0,0,0,0,0,0
11.850000000000055,94,0,0,0,0,0,0,0,0,0,0
11.900000000000055,92,0,0,0,0,0,0,0,0,0,0
11.950000000000056,111,0,0,0,0,0,0,0,0,0,0
12.000000000000057,92,0,0,0,0,0,0,0,0,0,0
12.050000000000058,90,0,0,0,0,0,0,0,0,0,0
12.100000000000058,110,0,0,0,0,0,0,0,0,0,0
12.150000000000059,117,0,0,0,0,0,0,0,0,0,0
12.20000000000006,98,0,0,0,0,0,0,0,0,0,0
12.25000000000006,107,0,0,0,0,0,0,0,0,0,0
12.300000000000061,88,0,0,0,0,0,0,0,0,0,0
12.350000000000062,89,0,0,0,0,0,0,0,0,0,0
12.400000000000063,111,0,0,0,0,0,0,0,0,0,0
12.450000000000063,107,0,0,0,0,0,0,0,0,0,0
12.500000000000064,102,0,0,0,0,0,0,0,0,0,0
12.550000000000065,102,0,0,0,0,0,0,0,0,0,0
12.600000000000065,102,0,0,0,0,0,0,0,0,0,0
12.650000000000066,84,0,0,0,0,0,0,0,0,0,0
12.700000000000067,90,0,0,0,0,0,0,0,0,0,0
12.750000000000068,104,0,0,0,0,0,0,0,0,0,0
12.800000000000068,117,0,0,0,0,0,0,0,0,0,0
12.850000000000069,111,0,0,0,0,0,0,0,0,0,0
12.90000000000007,75,0,0,0,0,0,0,0,0,0,0
12.95000000000007,103,0,0,0,0,0,0,0,0,0,0
13.000000000000071,102,0,0,0,0,0,0,0,0,0,0
13.050000000000072,93,0,0,0,0,0,0,0,0,0,0
13.100000000000072,106,0,0,0,0,0,0,0,0,0,0
13.150000000000073,89,0,0,0,0,0,0,0,0,0,0
13.200000000000074,115,0,0,0,0,0,0,0,0,0,0
13.250000000000075,108,0,0,0,0,0,0,0,0,0,0
13.300000000000075,118,0,0,0,0,0,0,0,0,0,0
13.350000000000076,94,0,0,0,0,0,0,0,0,0,0
13.400000000000077,107,0,0,0,0,0,0,0,0,0,0
13.450000000000077,92,0,0,0,0,0,0,0,0,0,0
13.500000000000078,104,0,0,0,0,0,0,0,0,0,0
13.550000000000079,96,0,0,0,0,0,0,0,0,0,0
13.60000000000008,88,0,0,0,0,0,0,0,0,0,0
13.65000000000008,92,0,0,0,0,0,0,0,0,0,0
13.700000000000081,94,0,0,0,0,0,0,0,0,0,0
13.750000000000082,97,0,0,0,0,0,0,0,0,0,0
13.800000000000082,109,0,0,0,0,0,0,0,0,0,0
13.850000000000083,98,0,0,0,0,0,0,0,0,0,0
13.900000000000084,98,0,0,0,0,0,0,0,0,0,0
13.950000000000085,116,0,0,0,0,0,0,0,0,0,0
14.000000000000085,91,0,0,0,0,0,0,0,0,0,0
14.050000000000086,121,0,0,0,0,0,0,0,0,0,0
14.100000000000087,88,0,0,0,0,0,0,0,0,0,0
14.150000000000087,103,0,0,0,0,0,0,0,0,0,0
14.200000000000088,101,0,0,0,0,0,0,0,0,0,0
14.250000000000089,117,0,0,0,0,0,0,0,0,0,0
14.30000000000009,96,0,0,0,0,0,0,0,0,0,0
14.35000000000009,96,0,0,0,0,0,0,0,0,0,0
14.400000000000091,97,0,0,0,0,0,0,0,0,0,0
14.450000000000092,79,0,0,0,0,0,0,0,0,0,0
14.500000000000092,101,0,0,0,0,0,0,0,0,0,0
14.550000000000093,107,0,0,0,0,0,0,0,0,0,0
14.600000000000094,109,0,0,0,0,0,0,0,0,0,0
14.650000000000095,92,0,0,0,0,0,0,0,0,0,0
14.700000000000095,103,0,0,0,0,0,0,0,0,0,0
14.750000000000096,101,0,0,0,0,0,0,0,0,0,0
14.800000000000097,99,0,0,0,0,0,0,0,0,0,0
14.850000000000097,114,0,0,0,0,0,0,0,0,0,0
14.900000000000098,107,0,0,0,0,0,0,0,0,0,0
14.950000000000099,110,0,0,0,0,0,0,0,0,0,0
15.0000000000001,105,0,0,0,0,0,0,0,0,0,0
15.0500000000001,84,0,0,0,0,0,0,0,0,0,0
15.100000000000101,98,0,0,0,0,0,0,0,0,0,0
15.150000000000102,91,0,0,0,0,0,0,0,0,0,0
15.200000000000102,100,0,0,0,0,0,0,0,0,0,0
15.250000000000103,96,0,0,0,0,0,0,0,0,0,0
15.300000000000104,103,0,0,0,0,0,0,0,0,0,0
15.350000000000104,82,0,0,0,0,0,0,0,0,0,0
15.400000000000105,109,0,0,0,0,0,0,0,0,0,0
15.450000000000106,105,0,0,0,0,0,0,0,0,0,0
15.500000000000107,95,0,0,0,0,0,0,0,0,0,0
15.550000000000107,108,0,0,0,0,0,0,0,0,0,0
15.600000000000108,98,0,0,0,0,0,0,0,0,0,0
15.650000000000109,98,0,0,0,0,0,0,0,0,0,0
15.70000000000011,101,0,0,0,0,0,0,0,0,0,0
15.75000000000011,116,0,0,0,0,0,0,0,0,0,0
15.80000000000011,99,0,0,0,0,0,0,0,0,0,0
15.850000000000112,115,0,0,0,0,0,0,0,0,0,0
15.900000000000112,101,0,0,0,0,0,0,0,0,0,0
15.950000000000113,119,0,0,0,0,0,0,0,0,0,0
16.000000000000114,83,0,0,0,0,0,0,0,0,0,0
16.050000000000114,105,0,0,0,0,0,0,0,0,0,0
16.100000000000115,76,0,0,0,0,0,0,0,0,0,0
16.150000000000116,93,0,0,0,0,0,0,0,0,0,0
16.200000000000117,92,0,0,0,0,0,0,0,0,0,0
16.250000000000117,86,0,0,0,0,0,0,0,0,0,0
16.300000000000118,99,0,0,0,0,0,0,0,0,0,0
16.35000000000012,111,0,0,0,0,0,0,0,0,0,0
16.40000000000012,92,0,0,0,0,0,0,0,0,0,0
16.45000000000012,123,0,0,0,0,0,0,0,0,0,0
16.50000000000012,105,0,0,0,0,0,0,0,0,0,0
16.55000000000012,116,0,0,0,0,0,0,0,0,0,0
16.600000000000122,99,0,0,0,0,0,0,0,0,0,0
16.650000000000123,94,0,0,0,0,0,0,0,0,0,0
16.700000000000124,79,0,0,0,0,0,0,0,0,0,0
16.750000000000124,53,0,0,0,0,0,0,0,0,0,0
16.800000000000125,42,0,0,0,0,0,0,0,0,0,0
16.850000000000126,30,0,0,0,0,0,0,0,0,0,0
16.900000000000126,23,0,0,0,0,0,0,0,0,0,0
16.950000000000127,5,0,0,0,0,0,0,0,0,0,0
17.000000000000128,0,0,0,0,0,0,0,0,0,0,0
17.05000000000013,0,0,0,0,0,0,0,0,0,0,0
17.10000000000013,0,0,0,0,0,0,0,0,0,0,0
17.15000000000013,0,0,0,0,0,0,0,0,0,0,0
17.20000000000013,0,0,0,0,0,0,0,0,0,0,0
17.25000000000013,0,0,0,0,0,0,0,0,0,0,0
17.300000000000132,0,0,0,0,0,0,0,0,0,0,0
17.350000000000133,0,0,0,0,0,0,0,0,0,0,0
17.400000000000134,0,0,0,0,0,0,0,0,0,0,0
17.450000000000134,0,0,0,0,0,0,0,0,0,0,0
17.500000000000135,0,0,0,0,0,0,0,0,0,0,0
17.550000000000136,0,0,0,0,0,0,0,0,0,0,0
17.600000000000136,0,0,0,0,0,0,0,0,0,0,0
17.650000000000137,0,0,0,0,0,0,0,0,0,0,0
17.700000000000138,0,0,0,0,0,0,0,0,0,0,0
17.75000000000014,0,0,0,0,0,0,0,0,0,0,0
17.80000000000014,0,0,0,0,0,0,0,0,0,0,0
17.85000000000014,0,0,0,0,0,0,0,0,0,0,0
17.90000000000014,0,0,0,0,0,0,0,0,0,0,0
17.95000000000014,0,0,0,0,0,0,0,0,0,0,0
18.000000000000142,0,0,0,0,0,0,0,0,0,0,0
18.050000000000143,0,0,0,0,0,0,0,0,0,0,0
18.100000000000144,0,0,0,0,0,0,0,0,0,0,0
18.150000000000144,0,0,0,0,0,0,0,0,0,0,0
18.200000000000145,0,0,0,0,0,0,0,0,0,0,0
18.250000000000146,0,0,0,0,0,0,0,0,0,0,0
18.300000000000146,0,0,0,0,0,0,0,0,0,0,0
18.350000000000147,0,0,0,0,0,0,0,0,0,0,0
18.400000000000148,0,0,0,0,0,0,0,0,0,0,0
18.45000000000015,0,0,0,0,0,0,0,0,0,0,0
18.50000000000015,0,0,0,0,0,0,0,0,0,0,0
18.55000000000015,0,0,0,0,0,0,0,0,0,0,0
18.60000000000015,0,0,0,0,0,0,0,0,0,0,0
18.65000000000015,0,0,0,0,0,0,0,0,0,0,0
18.700000000000152,0,0,0,0,0,0,0,0,0,0,0
18.750000000000153,0,0,0,0,0,0,0,0,0,0,0
18.800000000000153,0,0,0,0,0,0,0,0,0,0,0
18.850000000000154,0,0,0,0,0,0,0,0,0,0,0
18.900000000000155,0,0,0,0,0,0,0,0,0,0,0
18.950000000000156,0,0,0,0,0,0,0,0,0,0,0
19.000000000000156,0,0,0,0,0,0,0,0,0,0,0
19.050000000000157,0,0,0,0,0,0,0,0,0,0,0
19.100000000000158,0,0,0,0,0,0,0,0,0,0,0
19.15000000000016,0,0,0,0,0,0,0,0,0,0,0
19.20000000000016,0,0,0,0,0,0,0,0,0,0,0
19.25000000000016,0,0,0,0,0,0,0,0,0,0,0
19.30000000000016,0,0,0,0,0,0,0,0,0,0,0
19.35000000000016,0,0,0,0,0,0,0,0,0,0,0
19.400000000000162,0,0,0,0,0,0,0,0,0,0,0
19.450000000000163,0,0,0,0,0,0,0,0,0,0,0
19.500000000000163,0,0,0,0,0,0,0,0,0,0,0
19.550000000000164,0,0,0,0,0,0,0,0,0,0,0
19.600000000000165,0,0,0,0,0,0,0,0,0,0,0
19.650000000000166,0,0,0,0,0,0,0,0,0,0,0
19.700000000000166,0,0,0,0,0,0,0,0,0,0,0
19.750000000000167,0,0,0,0,0,0,0,0,0,0,0
19.800000000000168,0,0,0,0,0,0,0,0,0,0,0
19.85000000000017,0,0,0,0,0,0,0,0,0,0,0
19.90000000000017,0,0,0,0,0,0,0,0,0,0,0
19.95000000000017,0,0,0,0,0,0,0,0,0,0,0
20.00000000000017,0,0,0,0,0,0,0,0,0,0,0
20.05000000000017,0,0,0,0,0,0,0,0,0,0,0
20.100000000000172,0,0,0,0,0,0,0,0,0,0,0
20.150000000000173,0,0,0,0,0,0,0,0,0,0,0
20.200000000000173,0,0,0,0,0,0,0,0,0,0,0
20.250000000000174,0,0,0,0,0,0,0,0,0,0,0
20.300000000000175,0,0,0,0,0,0,0,0,0,0,0
20.350000000000176,0,0,0,0,0,0,0,0,0,0,0
20.400000000000176,0,0,0,0,0,0,0,0,0,0,0
20.450000000000177,0,0,0,0,0,0,0,0,0,0,0
20.500000000000178,0,0,0,0,0,0,0,0,0,0,0
20.55000000000018,0,0,0,0,0,0,0,0,0,0,0
20.60000000000018,0,0,0,0,0,0,0,0,0,0,0
20.65000000000018,0,0,0,0,0,0,0,0,0,0,0
20.70000000000018,0,0,0,0,0,0,0,0,0,0,0
20.75000000000018,0,0,0,0,0,0,0,0,0,0,0
*****
8,0.05,100,0,1,10,100,0.261843996326,0.0853672733114
8,100,100,100,95,100,0,0,0,0,0,0
8.05,110,108,109,106,108,0,0,0,0,0,0
8.100000000000001,107,106,107,97,107,0,0,0,0,0,0
8.150000000000002,94,93,94,91,94,0,0,0,0,0,0
8.200000000000003,120,114,116,108,115,0,0,0,0,0,0
8.250000000000004,101,97,98,96,99,0,0,0,0,0,0
8.300000000000004,112,103,104,99,106,0,0,0,0,0,0
8.350000000000005,94,89,90,86,92,0,0,0,0,0,0
8.400000000000006,109,98,100,102,100,0,0,0,0,0,0
8.450000000000006,100,94,93,90,95,0,0,0,0,0,0
8.500000000000007,96,82,81,80,85,0,0,0,0,0,0
8.550000000000008,103,89,90,88,91,0,0,0,0,0,0
8.600000000000009,116,98,101,103,103,0,0,0,0,0,0
8.65000000000001,85,59,58,66,64,0,0,0,0,0,0
8.70000000000001,106,77,75,83,87,0,0,0,0,0,0
8.75000000000001,110,82,84,80,88,0,0,0,0,0,0
8.800000000000011,107,70,76,83,79,0,0,0,0,0,0
8.850000000000012,126,80,86,86,89,0,0,0,0,0,0
8.900000000000013,94,59,64,69,67,0,0,0,0,0,0
8.950000000000014,89,39,46,55,51,0,0,0,0,0,0
9.000000000000014,91,40,43,55,51,0,0,0,0,0,0
9.050000000000015,111,45,48,64,53,0,0,0,0,0,0
9.100000000000016,95,34,37,46,41,0,0,0,0,0,0
9.150000000000016,110,35,38,44,41,0,0,0,0,0,0
9.200000000000017,102,28,34,41,37,0,0,0,0,0,0
9.250000000000018,102,28,32,43,34,0,0,0,0,0,0
9.300000000000018,89,19,20,23,23,0,0,0,0,0,0
9.35000000000002,94,9,15,25,17,0,0,0,0,0,0
9.40000000000002,92,16,17,25,22,0,0,0,0,0,0
9.45000000000002,107,21,23,32,25,0,0,0,0,0,0
9.500000000000021,116,13,18,24,19,0,0,0,0,0,0
9.550000000000022,97,15,15,19,17,0,0,0,0,0,0
9.600000000000023,124,6,9,15,10,0,0,0,0,0,0
9.650000000000023,110,10,10,19,12,0,0,0,0,0,0
9.700000000000024,117,3,5,12,8,0,0,0,0,0,0
9.750000000000025,126,6,6,11,6,0,0,0,0,0,0
9.800000000000026,117,4,6,12,7,0,0,0,0,0,0
9.850000000000026,98,4,7,12,8,0,0,0,0,0,0
9.900000000000027,97,4,4,6,5,0,0,0,0,0,0
9.950000000000028,93,3,5,7,7,0,0,0,0,0,0
10.000000000000028,102,1,2,3,2,0,0,0,0,0,0
10.05000000000003,113,3,2,5,3,0,0,0,0,0,0
10.10000000000003,114,3,2,4,3,0,0,0,0,0,0
10.15000000000003,87,1,0,2,1,0,0,0,0,0,0
10.200000000000031,87,0,0,0,0,0,0,0,0,0,0
10.250000000000032,101,0,0,0,0,0,0,0,0,0,0
10.300000000000033,102,0,0,1,0,0,0,0,0,0,0
10.350000000000033,96,0,0,1,0,0,0,0,0,0,0
10.400000000000034,96,0,0,2,0,0,0,0,0,0,0
10.450000000000035,106,0,0,1,0,0,0,0,0,0,0
10.500000000000036,103,0,0,0,0,0,0,0,0,0,0
10.550000000000036,118,0,0,0,0,0,0,0,0,0,0
10.600000000000037,103,0,0,0,0,0,0,0,0,0,0
10.650000000000038,102,0,0,0,0,0,0,0,0,0,0
10.700000000000038,121,0,0,0,0,0,0,0,0,0,0
10.750000000000039,123,0,0,0,0,0,0,0,0,0,0
10.80000000000004,97,0,0,0,0,0,0,0,0,0,0
10.85000000000004,82,0,0,0,0,0,0,0,0,0,0
10.900000000000041,98,0,0,0,0,0,0,0,0,0,0
10.950000000000042,94,0,0,0,0,0,0,0,0,0,0
11.000000000000043,91,0,0,0,0,0,0,0,0,0,0
11.050000000000043,117,0,0,0,0,0,0,0,0,0,0
11.100000000000044,94,0,0,0,0,0,0,0,0,0,0
11.150000000000045,112,0,0,0,0,0,0,0,0,0,0
11.200000000000045,95,0,0,0,0,0,0,0,0,0,0
11.250000000000046,85,0,0,0,0,0,0,0,0,0,0
11.300000000000047,107,0,0,0,0,0,0,0,0,0,0
11.350000000000048,104,0,0,0,0,0,0,0,0,0,0
11.400000000000048,112,0,0,0,0,0,0,0,0,0,0
11.450000000000049,112,0,0,0,0,0,0,0,0,0,0
11.50000000000005,100,0,0,0,0,0,0,0,0,0,0
11.55000000000005,100,0,0,0,0,0,0,0,0,0,0
11.600000000000051,103,0,0,0,0,0,0,0,0,0,0
11.650000000000052,103,0,0,0,0,0,0,0,0,0,0
11.700000000000053,110,0,0,0,0,0,0,0,0,0,0
11.750000000000053,110,0,0,0,0,0,0,0,0,0,0
11.800000000000054,106,0,0,0,0,0,0,0,0,0,0
11.850000000000055,100,0,0,0,0,0,0,0,0,0,0
11.900000000000055,96,0,0,0,0,0,0,0,0,0,0
11.950000000000056,106,0,0,0,0,0,0,0,0,0,0
12.000000000000057,102,0,0,0,0,0,0,0,0,0,0
12.050000000000058,104,0,0,0,0,0,0,0,0,0,0
12.100000000000058,97,0,0,0,0,0,0,0,0,0,0
12.150000000000059,103,0,0,0,0,0,0,0,0,0,0
12.20000000000006,115,0,0,0,0,0,0,0,0,0,0
12.25000000000006,97,0,0,0,0,0,0,0,0,0,0
12.300000000000061,117,0,0,0,0,0,0,0,0,0,0
12.350000000000062,111,0,0,0,0,0,0,0,0,0,0
12.400000000000063,106,0,0,0,0,0,0,0,0,0,0
12.450000000000063,107,0,0,0,0,0,0,0,0,0,0
12.500000000000064,102,0,0,0,0,0,0,0,0,0,0
12.550000000000065,107,0,0,0,0,0,0,0,0,0,0
12.600000000000065,101,0,0,0,0,0,0,0,0,0,0
12.650000000000066,99,0,0,0,0,0,0,0,0,0,0
12.700000000000067,84,0,0,0,0,0,0,0,0,0,0
12.750000000000068,112,0,0,0,0,0,0,0,0,0,0
12.800000000000068,108,0,0,0,0,0,0,0,0,0,0
12.850000000000069,109,0,0,0,0,0,0,0,0,0,0
12.90000000000007,83,0,0,0,0,0,0,0,0,0,0
12.95000000000007,98,0,0,0,0,0,0,0,0,0,0
13.000000000000071,115,0,0,0,0,0,0,0,0,0,0
13.050000000000072,106,0,0,0,0,0,0,0,0,0,0
13.100000000000072,112,0,0,0,0,0,0,0,0,0,0
13.150000000000073,121,0,0,0,0,0,0,0,0,0,0
13.200000000000074,92,0,0,0,0,0,0,0,0,0,0
13.250000000000075,106,0,0,0,0,0,0,0,0,0,0
13.300000000000075,104,0,0,0,0,0,0,0,0,0,0
13.350000000000076,90,0,0,0,0,0,0,0,0,0,0
13.400000000000077,116,0,0,0,0,0,0,0,0,0,0
13.450000000000077,113,0,0,0,0,0,0,0,0,0,0
13.500000000000078,96,0,0,0,0,0,0,0,0,0,0
13.550000000000079,109,0,0,0,0,0,0,0,0,0,0
13.60000000000008,111,0,0,0,0,0,0,0,0,0,0
13.65000000000008,109,0,0,0,0,0,0,0,0,0,0
13.700000000000081,107,0,0,0,0,0,0,0,0,0,0
13.750000000000082,111,0,0,0,0,0,0,0,0,0,0
13.800000000000082,122,0,0,0,0,0,0,0,0,0,0
13.850000000000083,93,0,0,0,0,0,0,0,0,0,0
13.900000000000084,106,0,0,0,0,0,0,0,0,0,0
13.950000000000085,106,0,0,0,0,0,0,0,0,0,0
14.000000000000085,120,0,0,0,0,0,0,0,0,0,0
14.050000000000086,110,0,0,0,0,0,0,0,0,0,0
14.100000000000087,113,0,0,0,0,0,0,0,0,0,0
14.150000000000087,100,0,0,0,0,0,0,0,0,0,0
14.200000000000088,109,0,0,0,0,0,0,0,0,0,0
14.250000000000089,107,0,0,0,0,0,0,0,0,0,0
14.30000000000009,117,0,0,0,0,0,0,0,0,0,0
14.35000000000009,108,0,0,0,0,0,0,0,0,0,0
14.400000000000091,92,0,0,0,0,0,0,0,0,0,0
14.450000000000092,99,0,0,0,0,0,0,0,0,0,0
14.500000000000092,111,0,0,0,0,0,0,0,0,0,0
14.550000000000093,108,0,0,0,0,0,0,0,0,0,0
14.600000000000094,106,0,0,0,0,0,0,0,0,0,0
14.650000000000095,101,0,0,0,0,0,0,0,0,0,0
14.700000000000095,96,0,0,0,0,0,0,0,0,0,0
14.750000000000096,98,0,0,0,0,0,0,0,0,0,0
14.800000000000097,102,0,0,0,0,0,0,0,0,0,0
14.850000000000097,98,0,0,0,0,0,0,0,0,0,0
14.900000000000098,119,0,0,0,0,0,0,0,0,0,0
14.950000000000099,119,0,0,0,0,0,0,0,0,0,0
15.0000000000001,101,0,0,0,0,0,0,0,0,0,0
15.0500000000001,102,0,0,0,0,0,0,0,0,0,0
15.100000000000101,107,0,0,0,0,0,0,0,0,0,0
15.150000000000102,109,0,0,0,0,0,0,0,0,0,0
15.200000000000102,103,0,0,0,0,0,0,0,0,0,0
15.250000000000103,100,0,0,0,0,0,0,0,0,0,0
15.300000000000104,116,0,0,0,0,0,0,0,0,0,0
15.350000000000104,96,0,0,0,0,0,0,0,0,0,0
15.400000000000105,99,0,0,0,0,0,0,0,0,0,0
15.450000000000106,95,0,0,0,0,0,0,0,0,0,0
15.500000000000107,93,0,0,0,0,0,0,0,0,0,0
15.550000000000107,120,0,0,0,0,0,0,0,0,0,0
15.600000000000108,96,0,0,0,0,0,0,0,0,0,0
15.650000000000109,104,0,0,0,0,0,0,0,0,0,0
15.70000000000011,106,0,0,0,0,0,0,0,0,0,0
15.75000000000011,111,0,0,0,0,0,0,0,0,0,0
15.80000000000011,104,0,0,0,0,0,0,0,0,0,0
15.850000000000112,88,0,0,0,0,0,0,0,0,0,0
15.900000000000112,96,0,0,0,0,0,0,0,0,0,0
15.950000000000113,109,0,0,0,0,0,0,0,0,0,0
16.000000000000114,99,0,0,0,0,0,0,0,0,0,0
16.050000000000114,99,0,0,0,0,0,0,0,0,0,0
16.100000000000115,88,0,0,0,0,0,0,0,0,0,0
16.150000000000116,91,0,0,0,0,0,0,0,0,0,0
16.200000000000117,91,0,0,0,0,0,0,0,0,0,0
16.250000000000117,82,0,0,0,0,0,0,0,0,0,0
16.300000000000118,73,0,0,0,0,0,0,0,0,0,0
16.35000000000012,69,0,0,0,0,0,0,0,0,0,0
16.40000000000012,58,0,0,0,0,0,0,0,0,0,0
16.45000000000012,51,0,0,0,0,0,0,0,0,0,0
16.50000000000012,42,0,0,0,0,0,0,0,0,0,0
16.55000000000012,37,0,0,0,0,0,0,0,0,0,0
16.600000000000122,48,0,0,0,0,0,0,0,0,0,0
16.650000000000123,38,0,0,0,0,0,0,0,0,0,0
16.700000000000124,31,0,0,0,0,0,0,0,0,0,0
16.750000000000124,21,0,0,0,0,0,0,0,0,0,0
16.800000000000125,10,0,0,0,0,0,0,0,0,0,0
16.850000000000126,13,0,0,0,0,0,0,0,0,0,0
16.900000000000126,6,0,0,0,0,0,0,0,0,0,0
16.950000000000127,3,0,0,0,0,0,0,0,0,0,0
17.000000000000128,0,0,0,0,0,0,0,0,0,0,0
17.05000000000013,0,0,0,0,0,0,0,0,0,0,0
17.10000000000013,0,0,0,0,0,0,0,0,0,0,0
17.15000000000013,0,0,0,0,0,0,0,0,0,0,0
17.20000000000013,0,0,0,0,0,0,0,0,0,0,0
17.25000000000013,0,0,0,0,0,0,0,0,0,0,0
17.300000000000132,0,0,0,0,0,0,0,0,0,0,0
17.350000000000133,0,0,0,0,0,0,0,0,0,0,0
17.400000000000134,0,0,0,0,0,0,0,0,0,0,0
17.450000000000134,0,0,0,0,0,0,0,0,0,0,0
17.500000000000135,0,0,0,0,0,0,0,0,0,0,0
17.550000000000136,0,0,0,0,0,0,0,0,0,0,0
17.600000000000136,0,0,0,0,0,0,0,0,0,0,0
17.650000000000137,0,0,0,0,0,0,0,0,0,0,0
17.700000000000138,0,0,0,0,0,0,0,0,0,0,0
17.75000000000014,0,0,0,0,0,0,0,0,0,0,0
17.80000000000014,0,0,0,0,0,0,0,0,0,0,0
17.85000000000014,0,0,0,0,0,0,0,0,0,0,0
17.90000000000014,0,0,0,0,0,0,0,0,0,0,0
17.95000000000014,0,0,0,0,0,0,0,0,0,0,0
18.000000000000142,0,0,0,0,0,0,0,0,0,0,0
18.050000000000143,0,0,0,0,0,0,0,0,0,0,0
18.100000000000144,0,0,0,0,0,0,0,0,0,0,0
18.150000000000144,0,0,0,0,0,0,0,0,0,0,0
18.200000000000145,0,0,0,0,0,0,0,0,0,0,0
18.250000000000146,0,0,0,0,0,0,0,0,0,0,0
18.300000000000146,0,0,0,0,0,0,0,0,0,0,0
18.350000000000147,0,0,0,0,0,0,0,0,0,0,0
18.400000000000148,0,0,0,0,0,0,0,0,0,0,0
18.45000000000015,0,0,0,0,0,0,0,0,0,0,0
18.50000000000015,0,0,0,0,0,0,0,0,0,0,0
18.55000000000015,0,0,0,0,0,0,0,0,0,0,0
18.60000000000015,0,0,0,0,0,0,0,0,0,0,0
18.65000000000015,0,0,0,0,0,0,0,0,0,0,0
18.700000000000152,0,0,0,0,0,0,0,0,0,0,0
18.750000000000153,0,0,0,0,0,0,0,0,0,0,0
18.800000000000153,0,0,0,0,0,0,0,0,0,0,0
18.850000000000154,0,0,0,0,0,0,0,0,0,0,0
18.900000000000155,0,0,0,0,0,0,0,0,0,0,0
18.950000000000156,0,0,0,0,0,0,0,0,0,0,0
19.000000000000156,0,0,0,0,0,0,0,0,0,0,0
19.050000000000157,0,0,0,0,0,0,0,0,0,0,0
19.100000000000158,0,0,0,0,0,0,0,0,0,0,0
19.15000000000016,0,0,0,0,0,0,0,0,0,0,0
19.20000000000016,0,0,0,0,0,0,0,0,0,0,0
19.25000000000016,0,0,0,0,0,0,0,0,0,0,0
19.30000000000016,0,0,0,0,0,0,0,0,0,0,0
19.35000000000016,0,0,0,0,0,0,0,0,0,0,0
19.400000000000162,0,0,0,0,0,0,0,0,0,0,0
19.450000000000163,0,0,0,0,0,0,0,0,0,0,0
19.500000000000163,0,0,0,0,0,0,0,0,0,0,0
19.550000000000164,0,0,0,0,0,0,0,0,0,0,0
19.600000000000165,0,0,0,0,0,0,0,0,0,0,0
19.650000000000166,0,0,0,0,0,0,0,0,0,0,0
19.700000000000166,0,0,0,0,0,0,0,0,0,0,0
19.750000000000167,0,0,0,0,0,0,0,0,0,0,0
19.800000000000168,0,0,0,0,0,0,0,0,0,0,0
19.85000000000017,0,0,0,0,0,0,0,0,0,0,0
19.90000000000017,0,0,0,0,0,0,0,0,0,0,0
19.95000000000017,0,0,0,0,0,0,0,0,0,0,0
20.00000000000017,0,0,0,0,0,0,0,0,0,0,0
20.05000000000017,0,0,0,0,0,0,0,0,0,0,0
20.100000000000172,0,0,0,0,0,0,0,0,0,0,0
20.150000000000173,0,0,0,0,0,0,0,0,0,0,0
20.200000000000173,0,0,0,0,0,0,0,0,0,0,0
20.250000000000174,0,0,0,0,0,0,0,0,0,0,0
20.300000000000175,0,0,0,0,0,0,0,0,0,0,0
20.350000000000176,0,0,0,0,0,0,0,0,0,0,0
20.400000000000176,0,0,0,0,0,0,0,0,0,0,0
20.450000000000177,0,0,0,0,0,0,0,0,0,0,0
20.500000000000178,0,0,0,0,0,0,0,0,0,0,0
20.55000000000018,0,0,0,0,0,0,0,0,0,0,0
20.60000000000018,0,0,0,0,0,0,0,0,0,0,0
20.65000000000018,0,0,0,0,0,0,0,0,0,0,0
20.70000000000018,0,0,0,0,0,0,0,0,0,0,0
20.75000000000018,0,0,0,0,0,0,0,0,0,0,0
