*****
8,0.05,500,0,0.4,10,100,0.39276599448899996,0.0853672733114
8,500,500,497,500,500,0,0,0,0,0,0
8.05,530,530,527,530,530,0,0,0,0,0,0
8.100000000000001,493,493,490,493,493,0,0,0,0,0,0
8.150000000000002,495,495,491,495,495,0,0,0,0,0,0
8.200000000000003,495,495,484,495,495,0,0,0,0,0,0
8.250000000000004,527,527,518,527,527,0,0,0,0,0,0
8.300000000000004,524,524,515,523,524,0,0,0,0,0,0
8.350000000000005,492,492,471,491,492,0,0,0,0,0,0
8.400000000000006,474,474,456,474,474,0,0,0,0,0,0
8.450000000000006,486,486,459,486,486,0,0,0,0,0,0
8.500000000000007,491,491,474,491,491,0,0,0,0,0,0
8.550000000000008,514,514,474,513,514,0,0,0,0,0,0
8.600000000000009,474,474,435,472,474,0,0,0,0,0,0
8.65000000000001,488,488,431,484,488,0,0,0,0,0,0
8.70000000000001,497,497,445,493,497,0,0,0,0,0,0
8.75000000000001,489,488,419,485,488,0,0,0,0,0,0
8.800000000000011,518,518,424,515,518,0,0,0,0,0,0
8.850000000000012,511,511,414,507,511,0,0,0,0,0,0
8.900000000000013,476,476,389,472,476,0,0,0,0,0,0
8.950000000000014,525,522,397,521,523,0,0,0,0,0,0
9.000000000000014,500,498,364,494,499,0,0,0,0,0,0
9.050000000000015,492,490,336,487,492,0,0,0,0,0,0
9.100000000000016,511,505,336,507,506,0,0,0,0,0,0
9.150000000000016,472,465,314,465,468,0,0,0,0,0,0
9.200000000000017,530,517,332,520,524,0,0,0,0,0,0
9.250000000000018,485,467,283,476,475,0,0,0,0,0,0
9.300000000000018,477,451,263,456,461,0,0,0,0,0,0
9.35000000000002,507,476,240,496,485,0,0,0,0,0,0
9.40000000000002,484,447,213,468,463,0,0,0,0,0,0
9.45000000000002,528,469,223,502,487,0,0,0,0,0,0
9.500000000000021,501,442,215,475,451,0,0,0,0,0,0
9.550000000000022,534,454,183,488,471,0,0,0,0,0,0
9.600000000000023,461,374,160,419,395,0,0,0,0,0,0
9.650000000000023,517,392,154,464,416,0,0,0,0,0,0
9.700000000000024,490,370,113,426,397,0,0,0,0,0,0
9.750000000000025,502,345,109,417,367,0,0,0,0,0,0
9.800000000000026,492,303,95,382,325,0,0,0,0,0,0
9.850000000000026,516,323,83,386,350,0,0,0,0,0,0
9.900000000000027,490,262,60,355,297,0,0,0,0,0,0
9.950000000000028,476,219,47,288,237,0,0,0,0,0,0
10.000000000000028,503,209,41,305,234,0,0,0,0,0,0
10.05000000000003,531,199,35,289,225,0,0,0,0,0,0
10.10000000000003,525,181,32,259,205,0,0,0,0,0,0
10.15000000000003,474,133,19,215,151,0,0,0,0,0,0
10.200000000000031,495,113,15,195,141,0,0,0,0,0,0
10.250000000000032,514,109,13,184,137,0,0,0,0,0,0
10.300000000000033,500,83,17,162,96,0,0,0,0,0,0
10.350000000000033,485,60,9,118,78,0,0,0,0,0,0
10.400000000000034,497,65,9,113,74,0,0,0,0,0,0
10.450000000000035,491,37,3,89,53,0,0,0,0,0,0
10.500000000000036,537,46,10,79,52,0,0,0,0,0,0
10.550000000000036,529,25,2,67,34,0,0,0,0,0,0
10.600000000000037,510,24,3,57,32,0,0,0,0,0,0
10.650000000000038,481,18,4,40,22,0,0,0,0,0,0
10.700000000000038,520,17,2,39,24,0,0,0,0,0,0
10.750000000000039,460,8,2,22,11,0,0,0,0,0,0
10.80000000000004,478,7,0,19,10,0,0,0,0,0,0
10.85000000000004,504,4,1,9,5,0,0,0,0,0,0
10.900000000000041,529,3,0,11,3,0,0,0,0,0,0
10.950000000000042,480,3,0,6,4,0,0,0,0,0,0
11.000000000000043,471,2,0,5,3,0,0,0,0,0,0
11.050000000000043,491,0,0,0,0,0,0,0,0,0,0
11.100000000000044,532,0,0,2,0,0,0,0,0,0,0
11.150000000000045,475,0,0,3,1,0,0,0,0,0,0
11.200000000000045,500,0,0,1,0,0,0,0,0,0,0
11.250000000000046,501,0,0,0,0,0,0,0,0,0,0
11.300000000000047,493,0,0,1,0,0,0,0,0,0,0
11.350000000000048,461,0,0,1,0,0,0,0,0,0,0
11.400000000000048,532,0,0,0,0,0,0,0,0,0,0
11.450000000000049,479,0,0,0,0,0,0,0,0,0,0
11.50000000000005,477,0,0,0,0,0,0,0,0,0,0
11.55000000000005,528,0,0,0,0,0,0,0,0,0,0
11.600000000000051,489,0,0,0,0,0,0,0,0,0,0
11.650000000000052,490,0,0,0,0,0,0,0,0,0,0
11.700000000000053,508,0,0,0,0,0,0,0,0,0,0
11.750000000000053,446,0,0,0,0,0,0,0,0,0,0
11.800000000000054,521,0,0,0,0,0,0,0,0,0,0
11.850000000000055,504,0,0,0,0,0,0,0,0,0,0
11.900000000000055,500,0,0,0,0,0,0,0,0,0,0
11.950000000000056,493,0,0,0,0,0,0,0,0,0,0
12.000000000000057,506,0,0,0,0,0,0,0,0,0,0
12.050000000000058,479,0,0,0,0,0,0,0,0,0,0
12.100000000000058,487,0,0,0,0,0,0,0,0,0,0
12.150000000000059,515,0,0,0,0,0,0,0,0,0,0
12.20000000000006,507,0,0,0,0,0,0,0,0,0,0
12.25000000000006,483,0,0,0,0,0,0,0,0,0,0
12.300000000000061,496,0,0,0,0,0,0,0,0,0,0
12.350000000000062,496,0,0,0,0,0,0,0,0,0,0
12.400000000000063,491,0,0,0,0,0,0,0,0,0,0
12.450000000000063,497,0,0,0,0,0,0,0,0,0,0
12.500000000000064,495,0,0,0,0,0,0,0,0,0,0
12.550000000000065,530,0,0,0,0,0,0,0,0,0,0
12.600000000000065,492,0,0,0,0,0,0,0,0,0,0
12.650000000000066,496,0,0,0,0,0,0,0,0,0,0
12.700000000000067,502,0,0,0,0,0,0,0,0,0,0
12.750000000000068,514,0,0,0,0,0,0,0,0,0,0
12.800000000000068,502,0,0,0,0,0,0,0,0,0,0
12.850000000000069,525,0,0,0,0,0,0,0,0,0,0
12.90000000000007,508,0,0,0,0,0,0,0,0,0,0
12.95000000000007,496,0,0,0,0,0,0,0,0,0,0
13.000000000000071,524,0,0,0,0,0,0,0,0,0,0
13.050000000000072,519,0,0,0,0,0,0,0,0,0,0
13.100000000000072,531,0,0,0,0,0,0,0,0,0,0
13.150000000000073,510,0,0,0,0,0,0,0,0,0,0
13.200000000000074,512,0,0,0,0,0,0,0,0,0,0
13.250000000000075,463,0,0,0,0,0,0,0,0,0,0
13.300000000000075,521,0,0,0,0,0,0,0,0,0,0
13.350000000000076,504,0,0,0,0,0,0,0,0,0,0
13.400000000000077,493,0,0,0,0,0,0,0,0,0,0
13.450000000000077,494,0,0,0,0,0,0,0,0,0,0
13.500000000000078,493,0,0,0,0,0,0,0,0,0,0
13.550000000000079,504,0,0,0,0,0,0,0,0,0,0
13.60000000000008,504,0,0,0,0,0,0,0,0,0,0
13.65000000000008,511,0,0,0,0,0,0,0,0,0,0
13.700000000000081,486,0,0,0,0,0,0,0,0,0,0
13.750000000000082,478,0,0,0,0,0,0,0,0,0,0
13.800000000000082,509,0,0,0,0,0,0,0,0,0,0
13.850000000000083,500,0,0,0,0,0,0,0,0,0,0
13.900000000000084,508,0,0,0,0,0,0,0,0,0,0
13.950000000000085,497,0,0,0,0,0,0,0,0,0,0
14.000000000000085,533,0,0,0,0,0,0,0,0,0,0
14.050000000000086,487,0,0,0,0,0,0,0,0,0,0
14.100000000000087,550,0,0,0,0,0,0,0,0,0,0
14.150000000000087,486,0,0,0,0,0,0,0,0,0,0
14.200000000000088,492,0,0,0,0,0,0,0,0,0,0
14.250000000000089,499,0,0,0,0,0,0,0,0,0,0
14.30000000000009,510,0,0,0,0,0,0,0,0,0,0
14.35000000000009,519,0,0,0,0,0,0,0,0,0,0
14.400000000000091,499,0,0,0,0,0,0,0,0,0,0
14.450000000000092,487,0,0,0,0,0,0,0,0,0,0
14.500000000000092,511,0,0,0,0,0,0,0,0,0,0
14.550000000000093,475,0,0,0,0,0,0,0,0,0,0
14.600000000000094,441,0,0,0,0,0,0,0,0,0,0
14.650000000000095,491,0,0,0,0,0,0,0,0,0,0
14.700000000000095,493,0,0,0,0,0,0,0,0,0,0
14.750000000000096,511,0,0,0,0,0,0,0,0,0,0
14.800000000000097,507,0,0,0,0,0,0,0,0,0,0
14.850000000000097,457,0,0,0,0,0,0,0,0,0,0
14.900000000000098,540,0,0,0,0,0,0,0,0,0,0
14.950000000000099,506,0,0,0,0,0,0,0,0,0,0
15.0000000000001,495,0,0,0,0,0,0,0,0,0,0
15.0500000000001,505,0,0,0,0,0,0,0,0,0,0
15.100000000000101,467,0,0,0,0,0,0,0,0,0,0
15.150000000000102,493,0,0,0,0,0,0,0,0,0,0
15.200000000000102,505,0,0,0,0,0,0,0,0,0,0
15.250000000000103,487,0,0,0,0,0,0,0,0,0,0
15.300000000000104,505,0,0,0,0,0,0,0,0,0,0
15.350000000000104,497,0,0,0,0,0,0,0,0,0,0
15.400000000000105,517,0,0,0,0,0,0,0,0,0,0
15.450000000000106,510,0,0,0,0,0,0,0,0,0,0
15.500000000000107,487,0,0,0,0,0,0,0,0,0,0
15.550000000000107,509,0,0,0,0,0,0,0,0,0,0
15.600000000000108,539,0,0,0,0,0,0,0,0,0,0
15.650000000000109,454,0,0,0,0,0,0,0,0,0,0
15.70000000000011,529,0,0,0,0,0,0,0,0,0,0
15.75000000000011,496,0,0,0,0,0,0,0,0,0,0
15.80000000000011,486,0,0,0,0,0,0,0,0,0,0
15.850000000000112,490,0,0,0,0,0,0,0,0,0,0
15.900000000000112,504,0,0,0,0,0,0,0,0,0,0
15.950000000000113,518,0,0,0,0,0,0,0,0,0,0
16.000000000000114,478,0,0,0,0,0,0,0,0,0,0
16.050000000000114,410,0,0,0,0,0,0,0,0,0,0
16.100000000000115,332,0,0,0,0,0,0,0,0,0,0
16.150000000000116,256,0,0,0,0,0,0,0,0,0,0
16.200000000000117,214,0,0,0,0,0,0,0,0,0,0
16.250000000000117,166,0,0,0,0,0,0,0,0,0,0
16.300000000000118,110,0,0,0,0,0,0,0,0,0,0
16.35000000000012,37,0,0,0,0,0,0,0,0,0,0
16.40000000000012,0,0,0,0,0,0,0,0,0,0,0
16.45000000000012,0,0,0,0,0,0,0,0,0,0,0
16.50000000000012,0,0,0,0,0,0,0,0,0,0,0
16.55000000000012,0,0,0,0,0,0,0,0,0,0,0
16.600000000000122,0,0,0,0,0,0,0,0,0,0,0
16.650000000000123,0,0,0,0,0,0,0,0,0,0,0
16.700000000000124,0,0,0,0,0,0,0,0,0,0,0
16.750000000000124,0,0,0,0,0,0,0,0,0,0,0
16.800000000000125,0,0,0,0,0,0,0,0,0,0,0
16.850000000000126,0,0,0,0,0,0,0,0,0,0,0
16.900000000000126,0,0,0,0,0,0,0,0,0,0,0
16.950000000000127,0,0,0,0,0,0,0,0,0,0,0
17.000000000000128,0,0,0,0,0,0,0,0,0,0,0
17.05000000000013,0,0,0,0,0,0,0,0,0,0,0
17.10000000000013,0,0,0,0,0,0,0,0,0,0,0
17.15000000000013,0,0,0,0,0,0,0,0,0,0,0
17.20000000000013,0,0,0,0,0,0,0,0,0,0,0
17.25000000000013,0,0,0,0,0,0,0,0,0,0,0
17.300000000000132,0,0,0,0,0,0,0,0,0,0,0
17.350000000000133,0,0,0,0,0,0,0,0,0,0,0
17.400000000000134,0,0,0,0,0,0,0,0,0,0,0
17.450000000000134,0,0,0,0,0,0,0,0,0,0,0
17.500000000000135,0,0,0,0,0,0,0,0,0,0,0
17.550000000000136,0,0,0,0,0,0,0,0,0,0,0
17.600000000000136,0,0,0,0,0,0,0,0,0,0,0
17.650000000000137,0,0,0,0,0,0,0,0,0,0,0
17.700000000000138,0,0,0,0,0,0,0,0,0,0,0
17.75000000000014,0,0,0,0,0,0,0,0,0,0,0
17.80000000000014,0,0,0,0,0,0,0,0,0,0,0
17.85000000000014,0,0,0,0,0,0,0,0,0,0,0
17.90000000000014,0,0,0,0,0,0,0,0,0,0,0
17.95000000000014,0,0,0,0,0,0,0,0,0,0,0
18.000000000000142,0,0,0,0,0,0,0,0,0,0,0
18.050000000000143,0,0,0,0,0,0,0,0,0,0,0
18.100000000000144,0,0,0,0,0,0,0,0,0,0,0
18.150000000000144,0,0,0,0,0,0,0,0,0,0,0
18.200000000000145,0,0,0,0,0,0,0,0,0,0,0
18.250000000000146,0,0,0,0,0,0,0,0,0,0,0
18.300000000000146,0,0,0,0,0,0,0,0,0,0,0
18.350000000000147,0,0,0,0,0,0,0,0,0,0,0
18.400000000000148,0,0,0,0,0,0,0,0,0,0,0
18.45000000000015,0,0,0,0,0,0,0,0,0,0,0
18.50000000000015,0,0,0,0,0,0,0,0,0,0,0
18.55000000000015,0,0,0,0,0,0,0,0,0,0,0
18.60000000000015,0,0,0,0,0,0,0,0,0,0,0
18.65000000000015,0,0,0,0,0,0,0,0,0,0,0
18.700000000000152,0,0,0,0,0,0,0,0,0,0,0
18.750000000000153,0,0,0,0,0,0,0,0,0,0,0
18.800000000000153,0,0,0,0,0,0,0,0,0,0,0
18.850000000000154,0,0,0,0,0,0,0,0,0,0,0
18.900000000000155,0,0,0,0,0,0,0,0,0,0,0
18.950000000000156,0,0,0,0,0,0,0,0,0,0,0
19.000000000000156,0,0,0,0,0,0,0,0,0,0,0
19.050000000000157,0,0,0,0,0,0,0,0,0,0,0
19.100000000000158,0,0,0,0,0,0,0,0,0,0,0
19.15000000000016,0,0,0,0,0,0,0,0,0,0,0
19.20000000000016,0,0,0,0,0,0,0,0,0,0,0
19.25000000000016,0,0,0,0,0,0,0,0,0,0,0
19.30000000000016,0,0,0,0,0,0,0,0,0,0,0
19.35000000000016,0,0,0,0,0,0,0,0,0,0,0
19.400000000000162,0,0,0,0,0,0,0,0,0,0,0
19.450000000000163,0,0,0,0,0,0,0,0,0,0,0
19.500000000000163,0,0,0,0,0,0,0,0,0,0,0
19.550000000000164,0,0,0,0,0,0,0,0,0,0,0
19.600000000000165,0,0,0,0,0,0,0,0,0,0,0
19.650000000000166,0,0,0,0,0,0,0,0,0,0,0
19.700000000000166,0,0,0,0,0,0,0,0,0,0,0
19.750000000000167,0,0,0,0,0,0,0,0,0,0,0
19.800000000000168,0,0,0,0,0,0,0,0,0,0,0
19.85000000000017,0,0,0,0,0,0,0,0,0,0,0
19.90000000000017,0,0,0,0,0,0,0,0,0,0,0
19.95000000000017,0,0,0,0,0,0,0,0,0,0,0
20.00000000000017,0,0,0,0,0,0,0,0,0,0,0
20.05000000000017,0,0,0,0,0,0,0,0,0,0,0
20.100000000000172,0,0,0,0,0,0,0,0,0,0,0
20.150000000000173,0,0,0,0,0,0,0,0,0,0,0
20.200000000000173,0,0,0,0,0,0,0,0,0,0,0
20.250000000000174,0,0,0,0,0,0,0,0,0,0,0
20.300000000000175,0,0,0,0,0,0,0,0,0,0,0
20.350000000000176,0,0,0,0,0,0,0,0,0,0,0
20.400000000000176,0,0,0,0,0,0,0,0,0,0,0
20.450000000000177,0,0,0,0,0,0,0,0,0,0,0
20.500000000000178,0,0,0,0,0,0,0,0,0,0,0
20.55000000000018,0,0,0,0,0,0,0,0,0,0,0
20.60000000000018,0,0,0,0,0,0,0,0,0,0,0
20.65000000000018,0,0,0,0,0,0,0,0,0,0,0
20.70000000000018,0,0,0,0,0,0,0,0,0,0,0
20.75000000000018,0,0,0,0,0,0,0,0,0,0,0
*****
8,0.05,500,0.3,0.7,10,100,0.39276599448899996,0.0853672733114
8,500,500,500,494,500,0,0,0,0,0,0
8.05,503,503,503,498,503,0,0,0,0,0,0
8.100000000000001,509,509,509,507,509,0,0,0,0,0,0
8.150000000000002,525,525,525,521,525,0,0,0,0,0,0
8.200000000000003,521,521,521,517,521,0,0,0,0,0,0
8.250000000000004,529,529,529,524,529,0,0,0,0,0,0
8.300000000000004,478,478,478,469,478,0,0,0,0,0,0
8.350000000000005,525,524,522,523,524,0,0,0,0,0,0
8.400000000000006,527,525,525,519,526,0,0,0,0,0,0
8.450000000000006,493,492,493,488,493,0,0,0,0,0,0
8.500000000000007,490,489,490,478,489,0,0,0,0,0,0
8.550000000000008,505,500,501,501,503,0,0,0,0,0,0
8.600000000000009,505,504,505,498,505,0,0,0,0,0,0
8.65000000000001,513,508,509,499,510,0,0,0,0,0,0
8.70000000000001,510,508,507,491,509,0,0,0,0,0,0
8.75000000000001,559,556,555,540,557,0,0,0,0,0,0
8.800000000000011,488,478,480,476,484,0,0,0,0,0,0
8.850000000000012,493,482,484,475,488,0,0,0,0,0,0
8.900000000000013,523,512,517,497,520,0,0,0,0,0,0
8.950000000000014,531,520,524,503,525,0,0,0,0,0,0
9.000000000000014,478,453,455,442,459,0,0,0,0,0,0
9.050000000000015,531,513,511,503,523,0,0,0,0,0,0
9.100000000000016,485,465,462,458,471,0,0,0,0,0,0
9.150000000000016,496,461,464,460,474,0,0,0,0,0,0
9.200000000000017,518,465,473,465,482,0,0,0,0,0,0
9.250000000000018,482,431,432,441,449,0,0,0,0,0,0
9.300000000000018,515,459,458,460,479,0,0,0,0,0,0
9.35000000000002,513,442,440,436,461,0,0,0,0,0,0
9.40000000000002,522,433,439,436,456,0,0,0,0,0,0
9.45000000000002,501,395,407,409,425,0,0,0,0,0,0
9.500000000000021,541,417,423,437,447,0,0,0,0,0,0
9.550000000000022,516,386,394,401,419,0,0,0,0,0,0
9.600000000000023,545,400,404,425,438,0,0,0,0,0,0
9.650000000000023,473,322,325,345,347,0,0,0,0,0,0
9.700000000000024,465,294,304,327,329,0,0,0,0,0,0
9.750000000000025,559,331,349,364,381,0,0,0,0,0,0
9.800000000000026,494,281,286,304,316,0,0,0,0,0,0
9.850000000000026,504,277,277,309,309,0,0,0,0,0,0
9.900000000000027,487,255,254,296,278,0,0,0,0,0,0
9.950000000000028,519,244,253,282,277,0,0,0,0,0,0
10.000000000000028,510,221,223,258,257,0,0,0,0,0,0
10.05000000000003,513,186,194,232,220,0,0,0,0,0,0
10.10000000000003,485,166,174,200,198,0,0,0,0,0,0
10.15000000000003,501,167,173,200,192,0,0,0,0,0,0
10.200000000000031,542,158,159,190,180,0,0,0,0,0,0
10.250000000000032,536,160,159,192,184,0,0,0,0,0,0
10.300000000000033,480,121,130,155,144,0,0,0,0,0,0
10.350000000000033,510,106,113,137,129,0,0,0,0,0,0
10.400000000000034,491,69,78,108,93,0,0,0,0,0,0
10.450000000000035,505,91,95,113,106,0,0,0,0,0,0
10.500000000000036,491,76,75,99,89,0,0,0,0,0,0
10.550000000000036,484,61,61,81,70,0,0,0,0,0,0
10.600000000000037,522,59,62,79,75,0,0,0,0,0,0
10.650000000000038,513,51,53,73,64,0,0,0,0,0,0
10.700000000000038,516,37,43,60,48,0,0,0,0,0,0
10.750000000000039,485,39,42,47,46,0,0,0,0,0,0
10.80000000000004,546,27,29,37,35,0,0,0,0,0,0
10.85000000000004,518,14,16,24,20,0,0,0,0,0,0
10.900000000000041,543,24,25,29,28,0,0,0,0,0,0
10.950000000000042,489,26,25,33,31,0,0,0,0,0,0
11.000000000000043,508,17,15,21,17,0,0,0,0,0,0
11.050000000000043,469,9,8,12,9,0,0,0,0,0,0
11.100000000000044,502,7,7,9,8,0,0,0,0,0,0
11.150000000000045,503,6,6,7,6,0,0,0,0,0,0
11.200000000000045,467,9,9,11,9,0,0,0,0,0,0
11.250000000000046,507,3,1,6,3,0,0,0,0,0,0
11.300000000000047,511,1,1,2,2,0,0,0,0,0,0
11.350000000000048,524,3,3,3,3,0,0,0,0,0,0
11.400000000000048,581,5,6,7,6,0,0,0,0,0,0
11.450000000000049,475,3,2,3,3,0,0,0,0,0,0
11.50000000000005,533,4,4,5,4,0,0,0,0,0,0
11.55000000000005,510,1,0,1,1,0,0,0,0,0,0
11.600000000000051,486,1,1,1,1,0,0,0,0,0,0
11.650000000000052,486,1,2,2,2,0,0,0,0,0,0
11.700000000000053,515,0,0,0,0,0,0,0,0,0,0
11.750000000000053,478,0,0,0,0,0,0,0,0,0,0
11.800000000000054,534,0,0,0,0,0,0,0,0,0,0
11.850000000000055,523,2,2,2,2,0,0,0,0,0,0
11.900000000000055,484,0,0,0,0,0,0,0,0,0,0
11.950000000000056,474,1,1,1,1,0,0,0,0,0,0
12.000000000000057,543,0,0,0,0,0,0,0,0,0,0
12.050000000000058,538,0,0,0,0,0,0,0,0,0,0
12.100000000000058,537,0,0,0,0,0,0,0,0,0,0
12.150000000000059,459,0,0,0,0,0,0,0,0,0,0
12.20000000000006,511,0,0,0,0,0,0,0,0,0,0
12.25000000000006,499,0,0,0,0,0,0,0,0,0,0
12.300000000000061,496,0,0,0,0,0,0,0,0,0,0
12.350000000000062,544,0,0,0,0,0,0,0,0,0,0
12.400000000000063,523,0,0,0,0,0,0,0,0,0,0
12.450000000000063,523,0,0,0,0,0,0,0,0,0,0
12.500000000000064,481,0,0,0,0,0,0,0,0,0,0
12.550000000000065,508,0,0,0,0,0,0,0,0,0,0
12.600000000000065,492,0,0,0,0,0,0,0,0,0,0
12.650000000000066,484,0,0,0,0,0,0,0,0,0,0
12.700000000000067,515,0,0,0,0,0,0,0,0,0,0
12.750000000000068,523,0,0,0,0,0,0,0,0,0,0
12.800000000000068,483,0,0,0,0,0,0,0,0,0,0
12.850000000000069,508,0,0,0,0,0,0,0,0,0,0
12.90000000000007,516,0,0,0,0,0,0,0,0,0,0
12.95000000000007,523,0,0,0,0,0,0,0,0,0,0
13.000000000000071,513,0,0,0,0,0,0,0,0,0,0
13.050000000000072,524,0,0,0,0,0,0,0,0,0,0
13.100000000000072,509,0,0,0,0,0,0,0,0,0,0
13.150000000000073,474,0,0,0,0,0,0,0,0,0,0
13.200000000000074,514,0,0,0,0,0,0,0,0,0,0
13.250000000000075,512,0,0,0,0,0,0,0,0,0,0
13.300000000000075,500,0,0,0,0,0,0,0,0,0,0
13.350000000000076,525,0,0,0,0,0,0,0,0,0,0
13.400000000000077,517,0,0,0,0,0,0,0,0,0,0
13.450000000000077,523,0,0,0,0,0,0,0,0,0,0
13.500000000000078,535,0,0,0,0,0,0,0,0,0,0
13.550000000000079,512,0,0,0,0,0,0,0,0,0,0
13.60000000000008,482,0,0,0,0,0,0,0,0,0,0
13.65000000000008,494,0,0,0,0,0,0,0,0,0,0
13.700000000000081,490,0,0,0,0,0,0,0,0,0,0
13.750000000000082,500,0,0,0,0,0,0,0,0,0,0
13.800000000000082,502,0,0,0,0,0,0,0,0,0,0
13.850000000000083,534,0,0,0,0,0,0,0,0,0,0
13.900000000000084,559,0,0,0,0,0,0,0,0,0,0
13.950000000000085,498,0,0,0,0,0,0,0,0,0,0
14.000000000000085,522,0,0,0,0,0,0,0,0,0,0
14.050000000000086,528,0,0,0,0,0,0,0,0,0,0
14.100000000000087,495,0,0,0,0,0,0,0,0,0,0
14.150000000000087,454,0,0,0,0,0,0,0,0,0,0
14.200000000000088,512,0,0,0,0,0,0,0,0,0,0
14.250000000000089,526,0,0,0,0,0,0,0,0,0,0
14.30000000000009,489,0,0,0,0,0,0,0,0,0,0
14.35000000000009,516,0,0,0,0,0,0,0,0,0,0
14.400000000000091,535,0,0,0,0,0,0,0,0,0,0
14.450000000000092,506,0,0,0,0,0,0,0,0,0,0
14.500000000000092,492,0,0,0,0,0,0,0,0,0,0
14.550000000000093,490,0,0,0,0,0,0,0,0,0,0
14.600000000000094,532,0,0,0,0,0,0,0,0,0,0
14.650000000000095,506,0,0,0,0,0,0,0,0,0,0
14.700000000000095,486,0,0,0,0,0,0,0,0,0,0
14.750000000000096,485,0,0,0,0,0,0,0,0,0,0
14.800000000000097,510,0,0,0,0,0,0,0,0,0,0
14.850000000000097,487,0,0,0,0,0,0,0,0,0,0
14.900000000000098,516,0,0,0,0,0,0,0,0,0,0
14.950000000000099,547,0,0,0,0,0,0,0,0,0,0
15.0000000000001,557,0,0,0,0,0,0,0,0,0,0
15.0500000000001,481,0,0,0,0,0,0,0,0,0,0
15.100000000000101,505,0,0,0,0,0,0,0,0,0,0
15.150000000000102,519,0,0,0,0,0,0,0,0,0,0
15.200000000000102,513,0,0,0,0,0,0,0,0,0,0
15.250000000000103,471,0,0,0,0,0,0,0,0,0,0
15.300000000000104,519,0,0,0,0,0,0,0,0,0,0
15.350000000000104,528,0,0,0,0,0,0,0,0,0,0
15.400000000000105,461,0,0,0,0,0,0,0,0,0,0
15.450000000000106,501,0,0,0,0,0,0,0,0,0,0
15.500000000000107,522,0,0,0,0,0,0,0,0,0,0
15.550000000000107,531,0,0,0,0,0,0,0,0,0,0
15.600000000000108,521,0,0,0,0,0,0,0,0,0,0
15.650000000000109,515,0,0,0,0,0,0,0,0,0,0
15.70000000000011,477,0,0,0,0,0,0,0,0,0,0
15.75000000000011,491,0,0,0,0,0,0,0,0,0,0
15.80000000000011,489,0,0,0,0,0,0,0,0,0,0
15.850000000000112,510,0,0,0,0,0,0,0,0,0,0
15.900000000000112,495,0,0,0,0,0,0,0,0,0,0
15.950000000000113,547,0,0,0,0,0,0,0,0,0,0
16.000000000000114,528,0,0,0,0,0,0,0,0,0,0
16.050000000000114,496,0,0,0,0,0,0,0,0,0,0
16.100000000000115,505,0,0,0,0,0,0,0,0,0,0
16.150000000000116,490,0,0,0,0,0,0,0,0,0,0
16.200000000000117,528,0,0,0,0,0,0,0,0,0,0
16.250000000000117,532,0,0,0,0,0,0,0,0,0,0
16.300000000000118,453,0,0,0,0,0,0,0,0,0,0
16.35000000000012,413,0,0,0,0,0,0,0,0,0,0
16.40000000000012,335,0,0,0,0,0,0,0,0,0,0
16.45000000000012,296,0,0,0,0,0,0,0,0,0,0
16.50000000000012,220,0,0,0,0,0,0,0,0,0,0
16.55000000000012,161,0,0,0,0,0,0,0,0,0,0
16.600000000000122,91,0,0,0,0,0,0,0,0,0,0
16.650000000000123,42,0,0,0,0,0,0,0,0,0,0
16.700000000000124,0,0,0,0,0,0,0,0,0,0,0
16.750000000000124,0,0,0,0,0,0,0,0,0,0,0
16.800000000000125,0,0,0,0,0,0,0,0,0,0,0
16.850000000000126,0,0,0,0,0,0,0,0,0,0,0
16.900000000000126,0,0,0,0,0,0,0,0,0,0,0
16.950000000000127,0,0,0,0,0,0,0,0,0,0,0
17.000000000000128,0,0,0,0,0,0,0,0,0,0,0
17.05000000000013,0,0,0,0,0,0,0,0,0,0,0
17.10000000000013,0,0,0,0,0,0,0,0,0,0,0
17.15000000000013,0,0,0,0,0,0,0,0,0,0,0
17.20000000000013,0,0,0,0,0,0,0,0,0,0,0
17.25000000000013,0,0,0,0,0,0,0,0,0,0,0
17.300000000000132,0,0,0,0,0,0,0,0,0,0,0
17.350000000000133,0,0,0,0,0,0,0,0,0,0,0
17.400000000000134,0,0,0,0,0,0,0,0,0,0,0
17.450000000000134,0,0,0,0,0,0,0,0,0,0,0
17.500000000000135,0,0,0,0,0,0,0,0,0,0,0
17.550000000000136,0,0,0,0,0,0,0,0,0,0,0
17.600000000000136,0,0,0,0,0,0,0,0,0,0,0
17.650000000000137,0,0,0,0,0,0,0,0,0,0,0
17.700000000000138,0,0,0,0,0,0,0,0,0,0,0
17.75000000000014,0,0,0,0,0,0,0,0,0,0,0
17.80000000000014,0,0,0,0,0,0,0,0,0,0,0
17.85000000000014,0,0,0,0,0,0,0,0,0,0,0
17.90000000000014,0,0,0,0,0,0,0,0,0,0,0
17.95000000000014,0,0,0,0,0,0,0,0,0,0,0
18.000000000000142,0,0,0,0,0,0,0,0,0,0,0
18.050000000000143,0,0,0,0,0,0,0,0,0,0,0
18.100000000000144,0,0,0,0,0,0,0,0,0,0,0
18.150000000000144,0,0,0,0,0,0,0,0,0,0,0
18.200000000000145,0,0,0,0,0,0,0,0,0,0,0
18.250000000000146,0,0,0,0,0,0,0,0,0,0,0
18.300000000000146,0,0,0,0,0,0,0,0,0,0,0
18.350000000000147,0,0,0,0,0,0,0,0,0,0,0
18.400000000000148,0,0,0,0,0,0,0,0,0,0,0
18.45000000000015,0,0,0,0,0,0,0,0,0,0,0
18.50000000000015,0,0,0,0,0,0,0,0,0,0,0
18.55000000000015,0,0,0,0,0,0,0,0,0,0,0
18.60000000000015,0,0,0,0,0,0,0,0,0,0,0
18.65000000000015,0,0,0,0,0,0,0,0,0,0,0
18.700000000000152,0,0,0,0,0,0,0,0,0,0,0
18.750000000000153,0,0,0,0,0,0,0,0,0,0,0
18.800000000000153,0,0,0,0,0,0,0,0,0,0,0
18.850000000000154,0,0,0,0,0,0,0,0,0,0,0
18.900000000000155,0,0,0,0,0,0,0,0,0,0,0
18.950000000000156,0,0,0,0,0,0,0,0,0,0,0
19.000000000000156,0,0,0,0,0,0,0,0,0,0,0
19.050000000000157,0,0,0,0,0,0,0,0,0,0,0
19.100000000000158,0,0,0,0,0,0,0,0,0,0,0
19.15000000000016,0,0,0,0,0,0,0,0,0,0,0
19.20000000000016,0,0,0,0,0,0,0,0,0,0,0
19.25000000000016,0,0,0,0,0,0,0,0,0,0,0
19.30000000000016,0,0,0,0,0,0,0,0,0,0,0
19.35000000000016,0,0,0,0,0,0,0,0,0,0,0
19.400000000000162,0,0,0,0,0,0,0,0,0,0,0
19.450000000000163,0,0,0,0,0,0,0,0,0,0,0
19.500000000000163,0,0,0,0,0,0,0,0,0,0,0
19.550000000000164,0,0,0,0,0,0,0,0,0,0,0
19.600000000000165,0,0,0,0,0,0,0,0,0,0,0
19.650000000000166,0,0,0,0,0,0,0,0,0,0,0
19.700000000000166,0,0,0,0,0,0,0,0,0,0,0
19.750000000000167,0,0,0,0,0,0,0,0,0,0,0
19.800000000000168,0,0,0,0,0,0,0,0,0,0,0
19.85000000000017,0,0,0,0,0,0,0,0,0,0,0
19.90000000000017,0,0,0,0,0,0,0,0,0,0,0
19.95000000000017,0,0,0,0,0,0,0,0,0,0,0
20.00000000000017,0,0,0,0,0,0,0,0,0,0,0
20.05000000000017,0,0,0,0,0,0,0,0,0,0,0
20.100000000000172,0,0,0,0,0,0,0,0,0,0,0
20.150000000000173,0,0,0,0,0,0,0,0,0,0,0
20.200000000000173,0,0,0,0,0,0,0,0,0,0,0
20.250000000000174,0,0,0,0,0,0,0,0,0,0,0
20.300000000000175,0,0,0,0,0,0,0,0,0,0,0
20.350000000000176,0,0,0,0,0,0,0,0,0,0,0
20.400000000000176,0,0,0,0,0,0,0,0,0,0,0
20.450000000000177,0,0,0,0,0,0,0,0,0,0,0
20.500000000000178,0,0,0,0,0,0,0,0,0,0,0
20.55000000000018,0,0,0,0,0,0,0,0,0,0,0
20.60000000000018,0,0,0,0,0,0,0,0,0,0,0
20.65000000000018,0,0,0,0,0,0,0,0,0,0,0
20.70000000000018,0,0,0,0,0,0,0,0,0,0,0
20.75000000000018,0,0,0,0,0,0,0,0,0,0,0
*****
8,0.05,500,0.6,1,10,100,0.39276599448899996,0.0853672733114
8,500,107,147,119,147,0,0,0,0,0,0
8.05,500,115,143,108,143,0,0,0,0,0,0
8.100000000000001,510,122,152,128,152,0,0,0,0,0,0
8.150000000000002,511,128,175,157,175,0,0,0,0,0,0
8.200000000000003,484,142,177,165,177,0,0,0,0,0,0
8.250000000000004,509,149,181,165,181,0,0,0,0,0,0
8.300000000000004,502,149,182,168,182,0,0,0,0,0,0
8.350000000000005,479,160,180,173,180,0,0,0,0,0,0
8.400000000000006,470,148,178,175,178,0,0,0,0,0,0
8.450000000000006,502,150,165,171,165,0,0,0,0,0,0
8.500000000000007,519,154,175,174,175,0,0,0,0,0,0
8.550000000000008,518,132,164,163,164,0,0,0,0,0,0
8.600000000000009,486,102,140,171,140,0,0,0,0,0,0
8.65000000000001,532,76,109,114,109,0,0,0,0,0,0
8.70000000000001,472,81,103,106,103,0,0,0,0,0,0
8.75000000000001,501,70,94,84,94,0,0,0,0,0,0
8.800000000000011,513,76,105,85,105,0,0,0,0,0,0
8.850000000000012,461,65,93,75,93,0,0,0,0,0,0
8.900000000000013,510,85,115,90,115,0,0,0,0,0,0
8.950000000000014,459,64,100,90,100,0,0,0,0,0,0
9.000000000000014,521,87,123,104,123,0,0,0,0,0,0
9.050000000000015,479,52,91,83,91,0,0,0,0,0,0
9.100000000000016,545,67,109,97,109,0,0,0,0,0,0
9.150000000000016,472,45,67,61,67,0,0,0,0,0,0
9.200000000000017,515,46,71,63,71,0,0,0,0,0,0
9.250000000000018,493,34,70,69,70,0,0,0,0,0,0
9.300000000000018,487,39,61,54,61,0,0,0,0,0,0
9.35000000000002,526,42,61,60,61,0,0,0,0,0,0
9.40000000000002,494,28,44,34,44,0,0,0,0,0,0
9.45000000000002,526,31,51,48,51,0,0,0,0,0,0
9.500000000000021,484,19,32,27,32,0,0,0,0,0,0
9.550000000000022,476,22,31,29,31,0,0,0,0,0,0
9.600000000000023,530,28,45,38,45,0,0,0,0,0,0
9.650000000000023,487,14,25,20,25,0,0,0,0,0,0
9.700000000000024,503,12,19,17,19,0,0,0,0,0,0
9.750000000000025,494,16,30,29,30,0,0,0,0,0,0
9.800000000000026,494,12,21,18,21,0,0,0,0,0,0
9.850000000000026,501,10,17,18,17,0,0,0,0,0,0
9.900000000000027,457,11,16,13,16,0,0,0,0,0,0
9.950000000000028,496,9,15,14,15,0,0,0,0,0,0
10.000000000000028,497,8,15,12,15,0,0,0,0,0,0
10.05000000000003,514,3,10,10,10,0,0,0,0,0,0
10.10000000000003,511,6,11,11,11,0,0,0,0,0,0
10.15000000000003,514,3,3,2,3,0,0,0,0,0,0
10.200000000000031,484,4,6,4,6,0,0,0,0,0,0
10.250000000000032,514,1,1,1,1,0,0,0,0,0,0
10.300000000000033,502,4,8,8,8,0,0,0,0,0,0
10.350000000000033,539,3,7,4,7,0,0,0,0,0,0
10.400000000000034,475,5,8,7,8,0,0,0,0,0,0
10.450000000000035,502,3,4,4,4,0,0,0,0,0,0
10.500000000000036,502,2,3,3,3,0,0,0,0,0,0
10.550000000000036,477,2,4,4,4,0,0,0,0,0,0
10.600000000000037,502,1,3,3,3,0,0,0,0,0,0
10.650000000000038,455,1,1,1,1,0,0,0,0,0,0
10.700000000000038,495,0,3,3,3,0,0,0,0,0,0
10.750000000000039,527,0,0,0,0,0,0,0,0,0,0
10.80000000000004,477,0,0,0,0,0,0,0,0,0,0
10.85000000000004,508,1,1,1,1,0,0,0,0,0,0
10.900000000000041,506,0,0,0,0,0,0,0,0,0,0
10.950000000000042,468,0,0,0,0,0,0,0,0,0,0
11.000000000000043,524,0,0,0,0,0,0,0,0,0,0
11.050000000000043,509,0,0,0,0,0,0,0,0,0,0
11.100000000000044,467,0,0,0,0,0,0,0,0,0,0
11.150000000000045,528,0,0,0,0,0,0,0,0,0,0
11.200000000000045,501,0,0,0,0,0,0,0,0,0,0
11.250000000000046,521,0,0,0,0,0,0,0,0,0,0
11.300000000000047,505,0,0,0,0,0,0,0,0,0,0
11.350000000000048,487,0,0,0,0,0,0,0,0,0,0
11.400000000000048,489,0,0,0,0,0,0,0,0,0,0
11.450000000000049,483,0,0,0,0,0,0,0,0,0,0
11.50000000000005,499,0,0,0,0,0,0,0,0,0,0
11.55000000000005,503,0,0,0,0,0,0,0,0,0,0
11.600000000000051,481,0,0,0,0,0,0,0,0,0,0
11.650000000000052,488,0,0,0,0,0,0,0,0,0,0
11.700000000000053,517,0,0,0,0,0,0,0,0,0,0
11.750000000000053,541,0,0,0,0,0,0,0,0,0,0
11.800000000000054,498,0,0,0,0,0,0,0,0,0,0
11.850000000000055,472,0,0,0,0,0,0,0,0,0,0
11.900000000000055,555,0,0,0,0,0,0,0,0,0,0
11.950000000000056,477,0,0,0,0,0,0,0,0,0,0
12.000000000000057,480,0,0,0,0,0,0,0,0,0,0
12.050000000000058,487,0,0,0,0,0,0,0,0,0,0
12.100000000000058,501,0,0,0,0,0,0,0,0,0,0
12.150000000000059,490,0,0,0,0,0,0,0,0,0,0
12.20000000000006,483,0,0,0,0,0,0,0,0,0,0
12.25000000000006,504,0,0,0,0,0,0,0,0,0,0
12.300000000000061,468,0,0,0,0,0,0,0,0,0,0
12.350000000000062,509,0,0,0,0,0,0,0,0,0,0
12.400000000000063,539,0,0,0,0,0,0,0,0,0,0
12.450000000000063,491,0,0,0,0,0,0,0,0,0,0
12.500000000000064,503,0,0,0,0,0,0,0,0,0,0
12.550000000000065,482,0,0,0,0,0,0,0,0,0,0
12.600000000000065,520,0,0,0,0,0,0,0,0,0,0
12.650000000000066,521,0,0,0,0,0,0,0,0,0,0
12.700000000000067,490,0,0,0,0,0,0,0,0,0,0
12.750000000000068,509,0,0,0,0,0,0,0,0,0,0
12.800000000000068,499,0,0,0,0,0,0,0,0,0,0
12.850000000000069,487,0,0,0,0,0,0,0,0,0,0
12.90000000000007,482,0,0,0,0,0,0,0,0,0,0
12.95000000000007,514,0,0,0,0,0,0,0,0,0,0
13.000000000000071,507,0,0,0,0,0,0,0,0,0,0
13.050000000000072,515,0,0,0,0,0,0,0,0,0,0
13.100000000000072,494,0,0,0,0,0,0,0,0,0,0
13.150000000000073,476,0,0,0,0,0,0,0,0,0,0
13.200000000000074,504,0,0,0,0,0,0,0,0,0,0
13.250000000000075,493,0,0,0,0,0,0,0,0,0,0
13.300000000000075,491,0,0,0,0,0,0,0,0,0,0
13.350000000000076,516,0,0,0,0,0,0,0,0,0,0
13.400000000000077,533,0,0,0,0,0,0,0,0,0,0
13.450000000000077,472,0,0,0,0,0,0,0,0,0,0
13.500000000000078,503,0,0,0,0,0,0,0,0,0,0
13.550000000000079,495,0,0,0,0,0,0,0,0,0,0
13.60000000000008,509,0,0,0,0,0,0,0,0,0,0
13.65000000000008,519,0,0,0,0,0,0,0,0,0,0
13.700000000000081,508,0,0,0,0,0,0,0,0,0,0
13.750000000000082,489,0,0,0,0,0,0,0,0,0,0
13.800000000000082,494,0,0,0,0,0,0,0,0,0,0
13.850000000000083,488,0,0,0,0,0,0,0,0,0,0
13.900000000000084,469,0,0,0,0,0,0,0,0,0,0
13.950000000000085,514,0,0,0,0,0,0,0,0,0,0
14.000000000000085,545,0,0,0,0,0,0,0,0,0,0
14.050000000000086,448,0,0,0,0,0,0,0,0,0,0
14.100000000000087,520,0,0,0,0,0,0,0,0,0,0
14.150000000000087,491,0,0,0,0,0,0,0,0,0,0
14.200000000000088,499,0,0,0,0,0,0,0,0,0,0
14.250000000000089,489,0,0,0,0,0,0,0,0,0,0
14.30000000000009,501,0,0,0,0,0,0,0,0,0,0
14.35000000000009,499,0,0,0,0,0,0,0,0,0,0
14.400000000000091,515,0,0,0,0,0,0,0,0,0,0
14.450000000000092,481,0,0,0,0,0,0,0,0,0,0
14.500000000000092,476,0,0,0,0,0,0,0,0,0,0
14.550000000000093,495,0,0,0,0,0,0,0,0,0,0
14.600000000000094,527,0,0,0,0,0,0,0,0,0,0
14.650000000000095,519,0,0,0,0,0,0,0,0,0,0
14.700000000000095,514,0,0,0,0,0,0,0,0,0,0
14.750000000000096,457,0,0,0,0,0,0,0,0,0,0
14.800000000000097,494,0,0,0,0,0,0,0,0,0,0
14.850000000000097,507,0,0,0,0,0,0,0,0,0,0
14.900000000000098,506,0,0,0,0,0,0,0,0,0,0
14.950000000000099,487,0,0,0,0,0,0,0,0,0,0
15.0000000000001,481,0,0,0,0,0,0,0,0,0,0
15.0500000000001,496,0,0,0,0,0,0,0,0,0,0
15.100000000000101,478,0,0,0,0,0,0,0,0,0,0
15.150000000000102,489,0,0,0,0,0,0,0,0,0,0
15.200000000000102,531,0,0,0,0,0,0,0,0,0,0
15.250000000000103,511,0,0,0,0,0,0,0,0,0,0
15.300000000000104,468,0,0,0,0,0,0,0,0,0,0
15.350000000000104,562,0,0,0,0,0,0,0,0,0,0
15.400000000000105,499,0,0,0,0,0,0,0,0,0,0
15.450000000000106,458,0,0,0,0,0,0,0,0,0,0
15.500000000000107,499,0,0,0,0,0,0,0,0,0,0
15.550000000000107,489,0,0,0,0,0,0,0,0,0,0
15.600000000000108,531,0,0,0,0,0,0,0,0,0,0
15.650000000000109,527,0,0,0,0,0,0,0,0,0,0
15.70000000000011,483,0,0,0,0,0,0,0,0,0,0
15.75000000000011,436,0,0,0,0,0,0,0,0,0,0
15.80000000000011,514,0,0,0,0,0,0,0,0,0,0
15.850000000000112,513,0,0,0,0,0,0,0,0,0,0
15.900000000000112,485,0,0,0,0,0,0,0,0,0,0
15.950000000000113,505,0,0,0,0,0,0,0,0,0,0
16.000000000000114,492,0,0,0,0,0,0,0,0,0,0
16.050000000000114,537,0,0,0,0,0,0,0,0,0,0
16.100000000000115,505,0,0,0,0,0,0,0,0,0,0
16.150000000000116,470,0,0,0,0,0,0,0,0,0,0
16.200000000000117,521,0,0,0,0,0,0,0,0,0,0
16.250000000000117,526,0,0,0,0,0,0,0,0,0,0
16.300000000000118,508,0,0,0,0,0,0,0,0,0,0
16.35000000000012,478,0,0,0,0,0,0,0,0,0,0
16.40000000000012,491,0,0,0,0,0,0,0,0,0,0
16.45000000000012,487,0,0,0,0,0,0,0,0,0,0
16.50000000000012,486,0,0,0,0,0,0,0,0,0,0
16.55000000000012,502,0,0,0,0,0,0,0,0,0,0
16.600000000000122,475,0,0,0,0,0,0,0,0,0,0
16.650000000000123,404,0,0,0,0,0,0,0,0,0,0
16.700000000000124,310,0,0,0,0,0,0,0,0,0,0
16.750000000000124,310,0,0,0,0,0,0,0,0,0,0
16.800000000000125,226,0,0,0,0,0,0,0,0,0,0
16.850000000000126,134,0,0,0,0,0,0,0,0,0,0
16.900000000000126,95,0,0,0,0,0,0,0,0,0,0
16.950000000000127,30,0,0,0,0,0,0,0,0,0,0
17.000000000000128,0,0,0,0,0,0,0,0,0,0,0
17.05000000000013,0,0,0,0,0,0,0,0,0,0,0
17.10000000000013,0,0,0,0,0,0,0,0,0,0,0
17.15000000000013,0,0,0,0,0,0,0,0,0,0,0
17.20000000000013,0,0,0,0,0,0,0,0,0,0,0
17.25000000000013,0,0,0,0,0,0,0,0,0,0,0
17.300000000000132,0,0,0,0,0,0,0,0,0,0,0
17.350000000000133,0,0,0,0,0,0,0,0,0,0,0
17.400000000000134,0,0,0,0,0,0,0,0,0,0,0
17.450000000000134,0,0,0,0,0,0,0,0,0,0,0
17.500000000000135,0,0,0,0,0,0,0,0,0,0,0
17.550000000000136,0,0,0,0,0,0,0,0,0,0,0
17.600000000000136,0,0,0,0,0,0,0,0,0,0,0
17.650000000000137,0,0,0,0,0,0,0,0,0,0,0
17.700000000000138,0,0,0,0,0,0,0,0,0,0,0
17.75000000000014,0,0,0,0,0,0,0,0,0,0,0
17.80000000000014,0,0,0,0,0,0,0,0,0,0,0
17.85000000000014,0,0,0,0,0,0,0,0,0,0,0
17.90000000000014,0,0,0,0,0,0,0,0,0,0,0
17.95000000000014,0,0,0,0,0,0,0,0,0,0,0
18.000000000000142,0,0,0,0,0,0,0,0,0,0,0
18.050000000000143,0,0,0,0,0,0,0,0,0,0,0
18.100000000000144,0,0,0,0,0,0,0,0,0,0,0
18.150000000000144,0,0,0,0,0,0,0,0,0,0,0
18.200000000000145,0,0,0,0,0,0,0,0,0,0,0
18.250000000000146,0,0,0,0,0,0,0,0,0,0,0
18.300000000000146,0,0,0,0,0,0,0,0,0,0,0
18.350000000000147,0,0,0,0,0,0,0,0,0,0,0
18.400000000000148,0,0,0,0,0,0,0,0,0,0,0
18.45000000000015,0,0,0,0,0,0,0,0,0,0,0
18.50000000000015,0,0,0,0,0,0,0,0,0,0,0
18.55000000000015,0,0,0,0,0,0,0,0,0,0,0
18.60000000000015,0,0,0,0,0,0,0,0,0,0,0
18.65000000000015,0,0,0,0,0,0,0,0,0,0,0
18.700000000000152,0,0,0,0,0,0,0,0,0,0,0
18.750000000000153,0,0,0,0,0,0,0,0,0,0,0
18.800000000000153,0,0,0,0,0,0,0,0,0,0,0
18.850000000000154,0,0,0,0,0,0,0,0,0,0,0
18.900000000000155,0,0,0,0,0,0,0,0,0,0,0
18.950000000000156,0,0,0,0,0,0,0,0,0,0,0
19.000000000000156,0,0,0,0,0,0,0,0,0,0,0
19.050000000000157,0,0,0,0,0,0,0,0,0,0,0
19.100000000000158,0,0,0,0,0,0,0,0,0,0,0
19.15000000000016,0,0,0,0,0,0,0,0,0,0,0
19.20000000000016,0,0,0,0,0,0,0,0,0,0,0
19.25000000000016,0,0,0,0,0,0,0,0,0,0,0
19.30000000000016,0,0,0,0,0,0,0,0,0,0,0
19.35000000000016,0,0,0,0,0,0,0,0,0,0,0
19.400000000000162,0,0,0,0,0,0,0,0,0,0,0
19.450000000000163,0,0,0,0,0,0,0,0,0,0,0
19.500000000000163,0,0,0,0,0,0,0,0,0,0,0
19.550000000000164,0,0,0,0,0,0,0,0,0,0,0
19.600000000000165,0,0,0,0,0,0,0,0,0,0,0
19.650000000000166,0,0,0,0,0,0,0,0,0,0,0
19.700000000000166,0,0,0,0,0,0,0,0,0,0,0
19.750000000000167,0,0,0,0,0,0,0,0,0,0,0
19.800000000000168,0,0,0,0,0,0,0,0,0,0,0
19.85000000000017,0,0,0,0,0,0,0,0,0,0,0
19.90000000000017,0,0,0,0,0,0,0,0,0,0,0
19.95000000000017,0,0,0,0,0,0,0,0,0,0,0
20.00000000000017,0,0,0,0,0,0,0,0,0,0,0
20.05000000000017,0,0,0,0,0,0,0,0,0,0,0
20.100000000000172,0,0,0,0,0,0,0,0,0,0,0
20.150000000000173,0,0,0,0,0,0,0,0,0,0,0
20.200000000000173,0,0,0,0,0,0,0,0,0,0,0
20.250000000000174,0,0,0,0,0,0,0,0,0,0,0
20.300000000000175,0,0,0,0,0,0,0,0,0,0,0
20.350000000000176,0,0,0,0,0,0,0,0,0,0,0
20.400000000000176,0,0,0,0,0,0,0,0,0,0,0
20.450000000000177,0,0,0,0,0,0,0,0,0,0,0
20.500000000000178,0,0,0,0,0,0,0,0,0,0,0
20.55000000000018,0,0,0,0,0,0,0,0,0,0,0
20.60000000000018,0,0,0,0,0,0,0,0,0,0,0
20.65000000000018,0,0,0,0,0,0,0,0,0,0,0
20.70000000000018,0,0,0,0,0,0,0,0,0,0,0
20.75000000000018,0,0,0,0,0,0,0,0,0,0,0
*****
8,0.05,500,0,1,10,100,0.39276599448899996,0.0853672733114
8,500,495,497,469,497,0,0,0,0,0,0
8.05,487,479,482,460,482,0,0,0,0,0,0
8.100000000000001,506,502,503,473,502,0,0,0,0,0,0
8.150000000000002,497,493,495,464,494,0,0,0,0,0,0
8.200000000000003,522,514,517,496,517,0,0,0,0,0,0
8.250000000000004,490,483,485,472,487,0,0,0,0,0,0
8.300000000000004,504,498,495,472,501,0,0,0,0,0,0
8.350000000000005,488,471,476,464,479,0,0,0,0,0,0
8.400000000000006,526,511,509,498,519,0,0,0,0,0,0
8.450000000000006,529,506,504,485,513,0,0,0,0,0,0
8.500000000000007,519,472,468,464,489,0,0,0,0,0,0
8.550000000000008,526,479,475,461,495,0,0,0,0,0,0
8.600000000000009,483,424,416,429,445,0,0,0,0,0,0
8.65000000000001,494,423,431,424,449,0,0,0,0,0,0
8.70000000000001,527,444,445,450,472,0,0,0,0,0,0
8.75000000000001,497,410,417,423,435,0,0,0,0,0,0
8.800000000000011,478,377,376,400,409,0,0,0,0,0,0
8.850000000000012,498,368,370,384,401,0,0,0,0,0,0
8.900000000000013,528,379,371,416,413,0,0,0,0,0,0
8.950000000000014,519,337,340,379,368,0,0,0,0,0,0
9.000000000000014,516,321,334,369,366,0,0,0,0,0,0
9.050000000000015,497,292,300,331,332,0,0,0,0,0,0
9.100000000000016,522,290,298,337,331,0,0,0,0,0,0
9.150000000000016,496,260,257,290,304,0,0,0,0,0,0
9.200000000000017,558,281,282,317,318,0,0,0,0,0,0
9.250000000000018,490,225,203,273,250,0,0,0,0,0,0
9.300000000000018,494,198,198,240,228,0,0,0,0,0,0
9.35000000000002,505,178,191,208,225,0,0,0,0,0,0
9.40000000000002,531,209,215,242,247,0,0,0,0,0,0
9.45000000000002,485,158,144,203,180,0,0,0,0,0,0
9.500000000000021,484,131,139,177,165,0,0,0,0,0,0
9.550000000000022,497,123,124,182,156,0,0,0,0,0,0
9.600000000000023,520,120,116,157,145,0,0,0,0,0,0
9.650000000000023,504,87,91,122,115,0,0,0,0,0,0
9.700000000000024,555,97,92,135,120,0,0,0,0,0,0
9.750000000000025,503,85,91,119,100,0,0,0,0,0,0
9.800000000000026,507,67,69,107,91,0,0,0,0,0,0
9.850000000000026,501,71,75,95,91,0,0,0,0,0,0
9.900000000000027,516,62,50,83,74,0,0,0,0,0,0
9.950000000000028,503,59,59,79,74,0,0,0,0,0,0
10.000000000000028,527,35,31,54,44,0,0,0,0,0,0
10.05000000000003,511,39,37,64,50,0,0,0,0,0,0
10.10000000000003,529,21,25,36,29,0,0,0,0,0,0
10.15000000000003,475,15,15,32,20,0,0,0,0,0,0
10.200000000000031,481,23,21,34,30,0,0,0,0,0,0
10.250000000000032,498,17,14,29,22,0,0,0,0,0,0
10.300000000000033,517,16,18,27,22,0,0,0,0,0,0
10.350000000000033,530,14,11,20,17,0,0,0,0,0,0
10.400000000000034,469,7,6,12,9,0,0,0,0,0,0
10.450000000000035,537,6,5,8,8,0,0,0,0,0,0
10.500000000000036,489,8,8,15,11,0,0,0,0,0,0
10.550000000000036,537,6,3,10,7,0,0,0,0,0,0
10.600000000000037,505,6,4,15,7,0,0,0,0,0,0
10.650000000000038,502,4,3,7,5,0,0,0,0,0,0
10.700000000000038,478,2,1,4,3,0,0,0,0,0,0
10.750000000000039,513,3,3,4,4,0,0,0,0,0,0
10.80000000000004,547,0,0,1,0,0,0,0,0,0,0
10.85000000000004,487,3,2,4,3,0,0,0,0,0,0
10.900000000000041,513,1,1,5,2,0,0,0,0,0,0
10.950000000000042,523,0,0,0,0,0,0,0,0,0,0
11.000000000000043,538,0,0,0,0,0,0,0,0,0,0
11.050000000000043,542,1,1,1,1,0,0,0,0,0,0
11.100000000000044,529,0,0,0,0,0,0,0,0,0,0
11.150000000000045,491,0,1,2,1,0,0,0,0,0,0
11.200000000000045,467,0,0,1,1,0,0,0,0,0,0
11.250000000000046,498,0,0,0,0,0,0,0,0,0,0
11.300000000000047,462,0,0,1,0,0,0,0,0,0,0
11.350000000000048,519,0,0,0,0,0,0,0,0,0,0
11.400000000000048,506,0,0,0,0,0,0,0,0,0,0
11.450000000000049,515,0,0,0,0,0,0,0,0,0,0
11.50000000000005,509,0,0,0,0,0,0,0,0,0,0
11.55000000000005,518,0,0,0,0,0,0,0,0,0,0
11.600000000000051,495,0,0,0,0,0,0,0,0,0,0
11.650000000000052,523,0,0,0,0,0,0,0,0,0,0
11.700000000000053,467,0,0,0,0,0,0,0,0,0,0
11.750000000000053,519,0,0,0,0,0,0,0,0,0,0
11.800000000000054,510,0,0,0,0,0,0,0,0,0,0
11.850000000000055,545,0,0,0,0,0,0,0,0,0,0
11.900000000000055,557,0,0,0,0,0,0,0,0,0,0
11.950000000000056,483,0,0,0,0,0,0,0,0,0,0
12.000000000000057,507,0,0,0,0,0,0,0,0,0,0
12.050000000000058,487,0,0,0,0,0,0,0,0,0,0
12.100000000000058,518,0,0,0,0,0,0,0,0,0,0
12.150000000000059,488,0,0,0,0,0,0,0,0,0,0
12.20000000000006,507,0,0,0,0,0,0,0,0,0,0
12.25000000000006,497,0,0,0,0,0,0,0,0,0,0
12.300000000000061,517,0,0,0,0,0,0,0,0,0,0
12.350000000000062,519,0,0,0,0,0,0,0,0,0,0
12.400000000000063,477,0,0,0,0,0,0,0,0,0,0
12.450000000000063,496,0,0,0,0,0,0,0,0,0,0
12.500000000000064,510,0,0,0,0,0,0,0,0,0,0
12.550000000000065,496,0,0,0,0,0,0,0,0,0,0
12.600000000000065,536,0,0,0,0,0,0,0,0,0,0
12.650000000000066,504,0,0,0,0,0,0,0,0,0,0
12.700000000000067,504,0,0,0,0,0,0,0,0,0,0
12.750000000000068,485,0,0,0,0,0,0,0,0,0,0
12.800000000000068,491,0,0,0,0,0,0,0,0,0,0
12.850000000000069,537,0,0,0,0,0,0,0,0,0,0
12.90000000000007,514,0,0,0,0,0,0,0,0,0,0
12.95000000000007,522,0,0,0,0,0,0,0,0,0,0
13.000000000000071,482,0,0,0,0,0,0,0,0,0,0
13.050000000000072,546,0,0,0,0,0,0,0,0,0,0
13.100000000000072,490,0,0,0,0,0,0,0,0,0,0
13.150000000000073,492,0,0,0,0,0,0,0,0,0,0
13.200000000000074,494,0,0,0,0,0,0,0,0,0,0
13.250000000000075,537,0,0,0,0,0,0,0,0,0,0
13.300000000000075,532,0,0,0,0,0,0,0,0,0,0
13.350000000000076,505,0,0,0,0,0,0,0,0,0,0
13.400000000000077,510,0,0,0,0,0,0,0,0,0,0
13.450000000000077,494,0,0,0,0,0,0,0,0,0,0
13.500000000000078,526,0,0,0,0,0,0,0,0,0,0
13.550000000000079,531,0,0,0,0,0,0,0,0,0,0
13.60000000000008,516,0,0,0,0,0,0,0,0,0,0
13.65000000000008,499,0,0,0,0,0,0,0,0,0,0
13.700000000000081,475,0,0,0,0,0,0,0,0,0,0
13.750000000000082,508,0,0,0,0,0,0,0,0,0,0
13.800000000000082,544,0,0,0,0,0,0,0,0,0,0
13.850000000000083,544,0,0,0,0,0,0,0,0,0,0
13.900000000000084,482,0,0,0,0,0,0,0,0,0,0
13.950000000000085,472,0,0,0,0,0,0,0,0,0,0
14.000000000000085,566,0,0,0,0,0,0,0,0,0,0
14.050000000000086,487,0,0,0,0,0,0,0,0,0,0
14.100000000000087,493,0,0,0,0,0,0,0,0,0,0
14.150000000000087,500,0,0,0,0,0,0,0,0,0,0
14.200000000000088,521,0,0,0,0,0,0,0,0,0,0
14.250000000000089,503,0,0,0,0,0,0,0,0,0,0
14.30000000000009,468,0,0,0,0,0,0,0,0,0,0
14.35000000000009,541,0,0,0,0,0,0,0,0,0,0
14.400000000000091,525,0,0,0,0,0,0,0,0,0,0
14.450000000000092,501,0,0,0,0,0,0,0,0,0,0
14.500000000000092,486,0,0,0,0,0,0,0,0,0,0
14.550000000000093,512,0,0,0,0,0,0,0,0,0,0
14.600000000000094,547,0,0,0,0,0,0,0,0,0,0
14.650000000000095,483,0,0,0,0,0,0,0,0,0,0
14.700000000000095,491,0,0,0,0,0,0,0,0,0,0
14.750000000000096,506,0,0,0,0,0,0,0,0,0,0
14.800000000000097,505,0,0,0,0,0,0,0,0,0,0
14.850000000000097,550,0,0,0,0,0,0,0,0,0,0
14.900000000000098,492,0,0,0,0,0,0,0,0,0,0
14.950000000000099,516,0,0,0,0,0,0,0,0,0,0
15.0000000000001,494,0,0,0,0,0,0,0,0,0,0
15.0500000000001,514,0,0,0,0,0,0,0,0,0,0
15.100000000000101,576,0,0,0,0,0,0,0,0,0,0
15.150000000000102,520,0,0,0,0,0,0,0,0,0,0
15.200000000000102,488,0,0,0,0,0,0,0,0,0,0
15.250000000000103,464,0,0,0,0,0,0,0,0,0,0
15.300000000000104,483,0,0,0,0,0,0,0,0,0,0
15.350000000000104,463,0,0,0,0,0,0,0,0,0,0
15.400000000000105,511,0,0,0,0,0,0,0,0,0,0
15.450000000000106,493,0,0,0,0,0,0,0,0,0,0
15.500000000000107,512,0,0,0,0,0,0,0,0,0,0
15.550000000000107,534,0,0,0,0,0,0,0,0,0,0
15.600000000000108,517,0,0,0,0,0,0,0,0,0,0
15.650000000000109,487,0,0,0,0,0,0,0,0,0,0
15.70000000000011,468,0,0,0,0,0,0,0,0,0,0
15.75000000000011,516,0,0,0,0,0,0,0,0,0,0
15.80000000000011,534,0,0,0,0,0,0,0,0,0,0
15.850000000000112,503,0,0,0,0,0,0,0,0,0,0
15.900000000000112,492,0,0,0,0,0,0,0,0,0,0
15.950000000000113,564,0,0,0,0,0,0,0,0,0,0
16.000000000000114,463,0,0,0,0,0,0,0,0,0,0
16.050000000000114,491,0,0,0,0,0,0,0,0,0,0
16.100000000000115,432,0,0,0,0,0,0,0,0,0,0
16.150000000000116,424,0,0,0,0,0,0,0,0,0,0
16.200000000000117,357,0,0,0,0,0,0,0,0,0,0
16.250000000000117,372,0,0,0,0,0,0,0,0,0,0
16.300000000000118,348,0,0,0,0,0,0,0,0,0,0
16.35000000000012,320,0,0,0,0,0,0,0,0,0,0
16.40000000000012,295,0,0,0,0,0,0,0,0,0,0
16.45000000000012,278,0,0,0,0,0,0,0,0,0,0
16.50000000000012,243,0,0,0,0,0,0,0,0,0,0
16.55000000000012,225,0,0,0,0,0,0,0,0,0,0
16.600000000000122,168,0,0,0,0,0,0,0,0,0,0
16.650000000000123,187,0,0,0,0,0,0,0,0,0,0
16.700000000000124,121,0,0,0,0,0,0,0,0,0,0
16.750000000000124,124,0,0,0,0,0,0,0,0,0,0
16.800000000000125,83,0,0,0,0,0,0,0,0,0,0
16.850000000000126,63,0,0,0,0,0,0,0,0,0,0
16.900000000000126,52,0,0,0,0,0,0,0,0,0,0
16.950000000000127,15,0,0,0,0,0,0,0,0,0,0
17.000000000000128,0,0,0,0,0,0,0,0,0,0,0
17.05000000000013,0,0,0,0,0,0,0,0,0,0,0
17.10000000000013,0,0,0,0,0,0,0,0,0,0,0
17.15000000000013,0,0,0,0,0,0,0,0,0,0,0
17.20000000000013,0,0,0,0,0,0,0,0,0,0,0
17.25000000000013,0,0,0,0,0,0,0,0,0,0,0
17.300000000000132,0,0,0,0,0,0,0,0,0,0,0
17.350000000000133,0,0,0,0,0,0,0,0,0,0,0
17.400000000000134,0,0,0,0,0,0,0,0,0,0,0
17.450000000000134,0,0,0,0,0,0,0,0,0,0,0
17.500000000000135,0,0,0,0,0,0,0,0,0,0,0
17.550000000000136,0,0,0,0,0,0,0,0,0,0,0
17.600000000000136,0,0,0,0,0,0,0,0,0,0,0
17.650000000000137,0,0,0,0,0,0,0,0,0,0,0
17.700000000000138,0,0,0,0,0,0,0,0,0,0,0
17.75000000000014,0,0,0,0,0,0,0,0,0,0,0
17.80000000000014,0,0,0,0,0,0,0,0,0,0,0
17.85000000000014,0,0,0,0,0,0,0,0,0,0,0
17.90000000000014,0,0,0,0,0,0,0,0,0,0,0
17.95000000000014,0,0,0,0,0,0,0,0,0,0,0
18.000000000000142,0,0,0,0,0,0,0,0,0,0,0
18.050000000000143,0,0,0,0,0,0,0,0,0,0,0
18.100000000000144,0,0,0,0,0,0,0,0,0,0,0
18.150000000000144,0,0,0,0,0,0,0,0,0,0,0
18.200000000000145,0,0,0,0,0,0,0,0,0,0,0
18.250000000000146,0,0,0,0,0,0,0,0,0,0,0
18.300000000000146,0,0,0,0,0,0,0,0,0,0,0
18.350000000000147,0,0,0,0,0,0,0,0,0,0,0
18.400000000000148,0,0,0,0,0,0,0,0,0,0,0
18.45000000000015,0,0,0,0,0,0,0,0,0,0,0
18.50000000000015,0,0,0,0,0,0,0,0,0,0,0
18.55000000000015,0,0,0,0,0,0,0,0,0,0,0
18.60000000000015,0,0,0,0,0,0,0,0,0,0,0
18.65000000000015,0,0,0,0,0,0,0,0,0,0,0
18.700000000000152,0,0,0,0,0,0,0,0,0,0,0
18.750000000000153,0,0,0,0,0,0,0,0,0,0,0
18.800000000000153,0,0,0,0,0,0,0,0,0,0,0
18.850000000000154,0,0,0,0,0,0,0,0,0,0,0
18.900000000000155,0,0,0,0,0,0,0,0,0,0,0
18.950000000000156,0,0,0,0,0,0,0,0,0,0,0
19.000000000000156,0,0,0,0,0,0,0,0,0,0,0
19.050000000000157,0,0,0,0,0,0,0,0,0,0,0
19.100000000000158,0,0,0,0,0,0,0,0,0,0,0
19.15000000000016,0,0,0,0,0,0,0,0,0,0,0
19.20000000000016,0,0,0,0,0,0,0,0,0,0,0
19.25000000000016,0,0,0,0,0,0,0,0,0,0,0
19.30000000000016,0,0,0,0,0,0,0,0,0,0,0
19.35000000000016,0,0,0,0,0,0,0,0,0,0,0
19.400000000000162,0,0,0,0,0,0,0,0,0,0,0
19.450000000000163,0,0,0,0,0,0,0,0,0,0,0
19.500000000000163,0,0,0,0,0,0,0,0,0,0,0
19.550000000000164,0,0,0,0,0,0,0,0,0,0,0
19.600000000000165,0,0,0,0,0,0,0,0,0,0,0
19.650000000000166,0,0,0,0,0,0,0,0,0,0,0
19.700000000000166,0,0,0,0,0,0,0,0,0,0,0
19.750000000000167,0,0,0,0,0,0,0,0,0,0,0
19.800000000000168,0,0,0,0,0,0,0,0,0,0,0
19.85000000000017,0,0,0,0,0,0,0,0,0,0,0
19.90000000000017,0,0,0,0,0,0,0,0,0,0,0
19.95000000000017,0,0,0,0,0,0,0,0,0,0,0
20.00000000000017,0,0,0,0,0,0,0,0,0,0,0
20.05000000000017,0,0,0,0,0,0,0,0,0,0,0
20.100000000000172,0,0,0,0,0,0,0,0,0,0,0
20.150000000000173,0,0,0,0,0,0,0,0,0,0,0
20.200000000000173,0,0,0,0,0,0,0,0,0,0,0
20.250000000000174,0,0,0,0,0,0,0,0,0,0,0
20.300000000000175,0,0,0,0,0,0,0,0,0,0,0
20.350000000000176,0,0,0,0,0,0,0,0,0,0,0
20.400000000000176,0,0,0,0,0,0,0,0,0,0,0
20.450000000000177,0,0,0,0,0,0,0,0,0,0,0
20.500000000000178,0,0,0,0,0,0,0,0,0,0,0
20.55000000000018,0,0,0,0,0,0,0,0,0,0,0
20.60000000000018,0,0,0,0,0,0,0,0,0,0,0
20.65000000000018,0,0,0,0,0,0,0,0,0,0,0
20.70000000000018,0,0,0,0,0,0,0,0,0,0,0
20.75000000000018,0,0,0,0,0,0,0,0,0,0,0
