*****
16,0.05,100,0,0.4,10,100,0.261843996326,0.1280509099671
16,100,100,96,100,100,0,0,0,0,0,0
16.05,94,94,83,94,94,0,0,0,0,0,0
16.1,80,80,72,80,80,0,0,0,0,0,0
16.150000000000002,95,95,82,95,95,0,0,0,0,0,0
16.200000000000003,76,76,70,76,76,0,0,0,0,0,0
16.250000000000004,78,78,70,78,78,0,0,0,0,0,0
16.300000000000004,88,88,76,88,88,0,0,0,0,0,0
16.350000000000005,85,85,70,85,85,0,0,0,0,0,0
16.400000000000006,81,81,71,81,81,0,0,0,0,0,0
16.450000000000006,90,90,77,90,90,0,0,0,0,0,0
16.500000000000007,94,94,66,94,94,0,0,0,0,0,0
16.550000000000008,78,78,66,78,78,0,0,0,0,0,0
16.60000000000001,86,86,70,86,86,0,0,0,0,0,0
16.65000000000001,75,75,54,75,75,0,0,0,0,0,0
16.70000000000001,94,94,74,94,94,0,0,0,0,0,0
16.75000000000001,93,93,64,93,93,0,0,0,0,0,0
16.80000000000001,106,106,74,106,106,0,0,0,0,0,0
16.850000000000012,75,75,56,75,75,0,0,0,0,0,0
16.900000000000013,98,98,68,98,98,0,0,0,0,0,0
16.950000000000014,85,85,55,85,85,0,0,0,0,0,0
17.000000000000014,81,80,58,81,80,0,0,0,0,0,0
17.050000000000015,86,85,50,86,86,0,0,0,0,0,0
17.100000000000016,77,77,51,77,77,0,0,0,0,0,0
17.150000000000016,98,96,62,98,96,0,0,0,0,0,0
17.200000000000017,102,102,53,102,102,0,0,0,0,0,0
17.250000000000018,85,81,48,85,83,0,0,0,0,0,0
17.30000000000002,81,80,41,81,81,0,0,0,0,0,0
17.35000000000002,92,88,52,92,91,0,0,0,0,0,0
17.40000000000002,83,81,46,83,82,0,0,0,0,0,0
17.45000000000002,75,71,26,75,73,0,0,0,0,0,0
17.50000000000002,95,93,45,95,95,0,0,0,0,0,0
17.550000000000022,90,88,34,90,90,0,0,0,0,0,0
17.600000000000023,85,77,33,85,81,0,0,0,0,0,0
17.650000000000023,94,88,31,94,91,0,0,0,0,0,0
17.700000000000024,74,60,27,74,69,0,0,0,0,0,0
17.750000000000025,90,78,28,90,84,0,0,0,0,0,0
17.800000000000026,70,56,18,69,62,0,0,0,0,0,0
17.850000000000026,100,85,30,99,95,0,0,0,0,0,0
17.900000000000027,94,75,24,94,84,0,0,0,0,0,0
17.950000000000028,95,71,18,95,77,0,0,0,0,0,0
18.00000000000003,91,68,14,91,78,0,0,0,0,0,0
18.05000000000003,68,44,13,67,51,0,0,0,0,0,0
18.10000000000003,94,61,19,94,73,0,0,0,0,0,0
18.15000000000003,80,53,13,77,62,0,0,0,0,0,0
18.20000000000003,79,52,13,76,62,0,0,0,0,0,0
18.250000000000032,88,51,6,86,61,0,0,0,0,0,0
18.300000000000033,94,49,12,93,62,0,0,0,0,0,0
18.350000000000033,94,45,10,93,57,0,0,0,0,0,0
18.400000000000034,86,41,6,83,46,0,0,0,0,0,0
18.450000000000035,81,44,8,78,58,0,0,0,0,0,0
18.500000000000036,89,37,1,83,47,0,0,0,0,0,0
18.550000000000036,89,27,6,82,42,0,0,0,0,0,0
18.600000000000037,93,37,5,86,45,0,0,0,0,0,0
18.650000000000038,72,29,4,67,36,0,0,0,0,0,0
18.70000000000004,86,19,4,77,32,0,0,0,0,0,0
18.75000000000004,82,17,0,73,25,0,0,0,0,0,0
18.80000000000004,92,25,5,82,30,0,0,0,0,0,0
18.85000000000004,91,24,5,84,31,0,0,0,0,0,0
18.90000000000004,88,17,1,76,26,0,0,0,0,0,0
18.950000000000042,70,11,1,50,17,0,0,0,0,0,0
19.000000000000043,77,12,3,54,15,0,0,0,0,0,0
19.050000000000043,98,7,0,69,17,0,0,0,0,0,0
19.100000000000044,75,8,0,49,12,0,0,0,0,0,0
19.150000000000045,94,10,2,61,12,0,0,0,0,0,0
19.200000000000045,85,12,0,54,15,0,0,0,0,0,0
19.250000000000046,81,7,0,52,9,0,0,0,0,0,0
19.300000000000047,82,3,0,44,4,0,0,0,0,0,0
19.350000000000048,105,4,1,54,6,0,0,0,0,0,0
19.40000000000005,76,2,1,30,9,0,0,0,0,0,0
19.45000000000005,84,2,0,33,6,0,0,0,0,0,0
19.50000000000005,76,1,0,23,2,0,0,0,0,0,0
19.55000000000005,89,0,0,37,2,0,0,0,0,0,0
19.60000000000005,75,1,0,26,2,0,0,0,0,0,0
19.650000000000052,107,0,0,37,3,0,0,0,0,0,0
19.700000000000053,90,0,0,25,3,0,0,0,0,0,0
19.750000000000053,92,0,0,25,1,0,0,0,0,0,0
19.800000000000054,88,0,0,11,0,0,0,0,0,0,0
19.850000000000055,95,0,0,16,0,0,0,0,0,0,0
19.900000000000055,89,0,0,12,1,0,0,0,0,0,0
19.950000000000056,89,0,0,12,0,0,0,0,0,0,0
20.000000000000057,85,0,0,8,0,0,0,0,0,0,0
20.050000000000058,87,0,0,4,0,0,0,0,0,0,0
20.10000000000006,80,0,0,5,0,0,0,0,0,0,0
20.15000000000006,73,0,0,0,0,0,0,0,0,0,0
20.20000000000006,98,0,0,2,0,0,0,0,0,0,0
20.25000000000006,76,0,0,1,0,0,0,0,0,0,0
20.30000000000006,105,0,0,2,0,0,0,0,0,0,0
20.350000000000062,97,0,0,2,0,0,0,0,0,0,0
20.400000000000063,83,0,0,2,0,0,0,0,0,0,0
20.450000000000063,75,0,0,2,0,0,0,0,0,0,0
20.500000000000064,88,0,0,0,0,0,0,0,0,0,0
20.550000000000065,93,0,0,1,0,0,0,0,0,0,0
20.600000000000065,94,0,0,0,0,0,0,0,0,0,0
20.650000000000066,86,0,0,0,0,0,0,0,0,0,0
20.700000000000067,91,0,0,0,0,0,0,0,0,0,0
20.750000000000068,72,0,0,0,0,0,0,0,0,0,0
20.800000000000068,75,0,0,0,0,0,0,0,0,0,0
20.85000000000007,86,0,0,0,0,0,0,0,0,0,0
20.90000000000007,93,0,0,0,0,0,0,0,0,0,0
20.95000000000007,105,0,0,0,0,0,0,0,0,0,0
21.00000000000007,79,0,0,0,0,0,0,0,0,0,0
21.05000000000007,84,0,0,0,0,0,0,0,0,0,0
21.100000000000072,77,0,0,0,0,0,0,0,0,0,0
21.150000000000073,80,0,0,0,0,0,0,0,0,0,0
21.200000000000074,99,0,0,0,0,0,0,0,0,0,0
21.250000000000075,76,0,0,0,0,0,0,0,0,0,0
21.300000000000075,86,0,0,0,0,0,0,0,0,0,0
21.350000000000076,74,0,0,0,0,0,0,0,0,0,0
21.400000000000077,81,0,0,0,0,0,0,0,0,0,0
21.450000000000077,96,0,0,0,0,0,0,0,0,0,0
21.500000000000078,94,0,0,0,0,0,0,0,0,0,0
21.55000000000008,80,0,0,0,0,0,0,0,0,0,0
21.60000000000008,98,0,0,0,0,0,0,0,0,0,0
21.65000000000008,71,0,0,0,0,0,0,0,0,0,0
21.70000000000008,75,0,0,0,0,0,0,0,0,0,0
21.75000000000008,99,0,0,0,0,0,0,0,0,0,0
21.800000000000082,90,0,0,0,0,0,0,0,0,0,0
21.850000000000083,90,0,0,0,0,0,0,0,0,0,0
21.900000000000084,86,0,0,0,0,0,0,0,0,0,0
21.950000000000085,92,0,0,0,0,0,0,0,0,0,0
22.000000000000085,84,0,0,0,0,0,0,0,0,0,0
22.050000000000086,77,0,0,0,0,0,0,0,0,0,0
22.100000000000087,79,0,0,0,0,0,0,0,0,0,0
22.150000000000087,85,0,0,0,0,0,0,0,0,0,0
22.200000000000088,93,0,0,0,0,0,0,0,0,0,0
22.25000000000009,90,0,0,0,0,0,0,0,0,0,0
22.30000000000009,80,0,0,0,0,0,0,0,0,0,0
22.35000000000009,73,0,0,0,0,0,0,0,0,0,0
22.40000000000009,91,0,0,0,0,0,0,0,0,0,0
22.45000000000009,85,0,0,0,0,0,0,0,0,0,0
22.500000000000092,88,0,0,0,0,0,0,0,0,0,0
22.550000000000093,86,0,0,0,0,0,0,0,0,0,0
22.600000000000094,93,0,0,0,0,0,0,0,0,0,0
22.650000000000095,89,0,0,0,0,0,0,0,0,0,0
22.700000000000095,84,0,0,0,0,0,0,0,0,0,0
22.750000000000096,78,0,0,0,0,0,0,0,0,0,0
22.800000000000097,67,0,0,0,0,0,0,0,0,0,0
22.850000000000097,83,0,0,0,0,0,0,0,0,0,0
22.900000000000098,85,0,0,0,0,0,0,0,0,0,0
22.9500000000001,82,0,0,0,0,0,0,0,0,0,0
23.0000000000001,83,0,0,0,0,0,0,0,0,0,0
23.0500000000001,106,0,0,0,0,0,0,0,0,0,0
23.1000000000001,84,0,0,0,0,0,0,0,0,0,0
23.1500000000001,76,0,0,0,0,0,0,0,0,0,0
23.200000000000102,79,0,0,0,0,0,0,0,0,0,0
23.250000000000103,78,0,0,0,0,0,0,0,0,0,0
23.300000000000104,92,0,0,0,0,0,0,0,0,0,0
23.350000000000104,83,0,0,0,0,0,0,0,0,0,0
23.400000000000105,74,0,0,0,0,0,0,0,0,0,0
23.450000000000106,101,0,0,0,0,0,0,0,0,0,0
23.500000000000107,85,0,0,0,0,0,0,0,0,0,0
23.550000000000107,78,0,0,0,0,0,0,0,0,0,0
23.600000000000108,99,0,0,0,0,0,0,0,0,0,0
23.65000000000011,84,0,0,0,0,0,0,0,0,0,0
23.70000000000011,68,0,0,0,0,0,0,0,0,0,0
23.75000000000011,81,0,0,0,0,0,0,0,0,0,0
23.80000000000011,93,0,0,0,0,0,0,0,0,0,0
23.85000000000011,87,0,0,0,0,0,0,0,0,0,0
23.900000000000112,91,0,0,0,0,0,0,0,0,0,0
23.950000000000113,104,0,0,0,0,0,0,0,0,0,0
24.000000000000114,78,0,0,0,0,0,0,0,0,0,0
24.050000000000114,89,0,0,0,0,0,0,0,0,0,0
24.100000000000115,81,0,0,0,0,0,0,0,0,0,0
24.150000000000116,74,0,0,0,0,0,0,0,0,0,0
24.200000000000117,96,0,0,0,0,0,0,0,0,0,0
24.250000000000117,105,0,0,0,0,0,0,0,0,0,0
24.300000000000118,84,0,0,0,0,0,0,0,0,0,0
24.35000000000012,96,0,0,0,0,0,0,0,0,0,0
24.40000000000012,81,0,0,0,0,0,0,0,0,0,0
24.45000000000012,86,0,0,0,0,0,0,0,0,0,0
24.50000000000012,90,0,0,0,0,0,0,0,0,0,0
24.55000000000012,74,0,0,0,0,0,0,0,0,0,0
24.600000000000122,66,0,0,0,0,0,0,0,0,0,0
24.650000000000123,86,0,0,0,0,0,0,0,0,0,0
24.700000000000124,78,0,0,0,0,0,0,0,0,0,0
24.750000000000124,93,0,0,0,0,0,0,0,0,0,0
24.800000000000125,95,0,0,0,0,0,0,0,0,0,0
24.850000000000126,91,0,0,0,0,0,0,0,0,0,0
24.900000000000126,73,0,0,0,0,0,0,0,0,0,0
24.950000000000127,84,0,0,0,0,0,0,0,0,0,0
25.000000000000128,89,0,0,0,0,0,0,0,0,0,0
25.05000000000013,96,0,0,0,0,0,0,0,0,0,0
25.10000000000013,81,0,0,0,0,0,0,0,0,0,0
25.15000000000013,95,0,0,0,0,0,0,0,0,0,0
25.20000000000013,88,0,0,0,0,0,0,0,0,0,0
25.25000000000013,85,0,0,0,0,0,0,0,0,0,0
25.300000000000132,89,0,0,0,0,0,0,0,0,0,0
25.350000000000133,79,0,0,0,0,0,0,0,0,0,0
25.400000000000134,79,0,0,0,0,0,0,0,0,0,0
25.450000000000134,89,0,0,0,0,0,0,0,0,0,0
25.500000000000135,88,0,0,0,0,0,0,0,0,0,0
25.550000000000136,80,0,0,0,0,0,0,0,0,0,0
25.600000000000136,91,0,0,0,0,0,0,0,0,0,0
25.650000000000137,93,0,0,0,0,0,0,0,0,0,0
25.700000000000138,78,0,0,0,0,0,0,0,0,0,0
25.75000000000014,78,0,0,0,0,0,0,0,0,0,0
25.80000000000014,89,0,0,0,0,0,0,0,0,0,0
25.85000000000014,92,0,0,0,0,0,0,0,0,0,0
25.90000000000014,92,0,0,0,0,0,0,0,0,0,0
25.95000000000014,89,0,0,0,0,0,0,0,0,0,0
26.000000000000142,87,0,0,0,0,0,0,0,0,0,0
26.050000000000143,78,0,0,0,0,0,0,0,0,0,0
26.100000000000144,88,0,0,0,0,0,0,0,0,0,0
26.150000000000144,69,0,0,0,0,0,0,0,0,0,0
26.200000000000145,87,0,0,0,0,0,0,0,0,0,0
26.250000000000146,74,0,0,0,0,0,0,0,0,0,0
26.300000000000146,82,0,0,0,0,0,0,0,0,0,0
26.350000000000147,81,0,0,0,0,0,0,0,0,0,0
26.400000000000148,92,0,0,0,0,0,0,0,0,0,0
26.45000000000015,91,0,0,0,0,0,0,0,0,0,0
26.50000000000015,94,0,0,0,0,0,0,0,0,0,0
26.55000000000015,88,0,0,0,0,0,0,0,0,0,0
26.60000000000015,76,0,0,0,0,0,0,0,0,0,0
26.65000000000015,70,0,0,0,0,0,0,0,0,0,0
26.700000000000152,80,0,0,0,0,0,0,0,0,0,0
26.750000000000153,94,0,0,0,0,0,0,0,0,0,0
26.800000000000153,87,0,0,0,0,0,0,0,0,0,0
26.850000000000154,98,0,0,0,0,0,0,0,0,0,0
26.900000000000155,71,0,0,0,0,0,0,0,0,0,0
26.950000000000156,83,0,0,0,0,0,0,0,0,0,0
27.000000000000156,83,0,0,0,0,0,0,0,0,0,0
27.050000000000157,91,0,0,0,0,0,0,0,0,0,0
27.100000000000158,67,0,0,0,0,0,0,0,0,0,0
27.15000000000016,79,0,0,0,0,0,0,0,0,0,0
27.20000000000016,82,0,0,0,0,0,0,0,0,0,0
27.25000000000016,82,0,0,0,0,0,0,0,0,0,0
27.30000000000016,87,0,0,0,0,0,0,0,0,0,0
27.35000000000016,90,0,0,0,0,0,0,0,0,0,0
27.400000000000162,104,0,0,0,0,0,0,0,0,0,0
27.450000000000163,89,0,0,0,0,0,0,0,0,0,0
27.500000000000163,94,0,0,0,0,0,0,0,0,0,0
27.550000000000164,83,0,0,0,0,0,0,0,0,0,0
27.600000000000165,81,0,0,0,0,0,0,0,0,0,0
27.650000000000166,86,0,0,0,0,0,0,0,0,0,0
27.700000000000166,88,0,0,0,0,0,0,0,0,0,0
27.750000000000167,87,0,0,0,0,0,0,0,0,0,0
27.800000000000168,87,0,0,0,0,0,0,0,0,0,0
27.85000000000017,84,0,0,0,0,0,0,0,0,0,0
27.90000000000017,75,0,0,0,0,0,0,0,0,0,0
27.95000000000017,69,0,0,0,0,0,0,0,0,0,0
28.00000000000017,90,0,0,0,0,0,0,0,0,0,0
28.05000000000017,100,0,0,0,0,0,0,0,0,0,0
28.100000000000172,79,0,0,0,0,0,0,0,0,0,0
28.150000000000173,82,0,0,0,0,0,0,0,0,0,0
28.200000000000173,88,0,0,0,0,0,0,0,0,0,0
28.250000000000174,81,0,0,0,0,0,0,0,0,0,0
28.300000000000175,96,0,0,0,0,0,0,0,0,0,0
28.350000000000176,76,0,0,0,0,0,0,0,0,0,0
28.400000000000176,107,0,0,0,0,0,0,0,0,0,0
28.450000000000177,90,0,0,0,0,0,0,0,0,0,0
28.500000000000178,69,0,0,0,0,0,0,0,0,0,0
28.55000000000018,68,0,0,0,0,0,0,0,0,0,0
28.60000000000018,75,0,0,0,0,0,0,0,0,0,0
28.65000000000018,88,0,0,0,0,0,0,0,0,0,0
28.70000000000018,107,0,0,0,0,0,0,0,0,0,0
28.75000000000018,72,0,0,0,0,0,0,0,0,0,0
28.800000000000182,91,0,0,0,0,0,0,0,0,0,0
28.850000000000183,97,0,0,0,0,0,0,0,0,0,0
28.900000000000183,77,0,0,0,0,0,0,0,0,0,0
28.950000000000184,88,0,0,0,0,0,0,0,0,0,0
29.000000000000185,81,0,0,0,0,0,0,0,0,0,0
29.050000000000185,117,0,0,0,0,0,0,0,0,0,0
29.100000000000186,87,0,0,0,0,0,0,0,0,0,0
29.150000000000187,80,0,0,0,0,0,0,0,0,0,0
29.200000000000188,78,0,0,0,0,0,0,0,0,0,0
29.25000000000019,76,0,0,0,0,0,0,0,0,0,0
29.30000000000019,87,0,0,0,0,0,0,0,0,0,0
29.35000000000019,92,0,0,0,0,0,0,0,0,0,0
29.40000000000019,79,0,0,0,0,0,0,0,0,0,0
29.45000000000019,94,0,0,0,0,0,0,0,0,0,0
29.500000000000192,90,0,0,0,0,0,0,0,0,0,0
29.550000000000193,96,0,0,0,0,0,0,0,0,0,0
29.600000000000193,79,0,0,0,0,0,0,0,0,0,0
29.650000000000194,75,0,0,0,0,0,0,0,0,0,0
29.700000000000195,97,0,0,0,0,0,0,0,0,0,0
29.750000000000195,89,0,0,0,0,0,0,0,0,0,0
29.800000000000196,77,0,0,0,0,0,0,0,0,0,0
29.850000000000197,82,0,0,0,0,0,0,0,0,0,0
29.900000000000198,98,0,0,0,0,0,0,0,0,0,0
29.9500000000002,74,0,0,0,0,0,0,0,0,0,0
30.0000000000002,90,0,0,0,0,0,0,0,0,0,0
30.0500000000002,82,0,0,0,0,0,0,0,0,0,0
30.1000000000002,83,0,0,0,0,0,0,0,0,0,0
30.1500000000002,102,0,0,0,0,0,0,0,0,0,0
30.200000000000202,77,0,0,0,0,0,0,0,0,0,0
30.250000000000203,93,0,0,0,0,0,0,0,0,0,0
30.300000000000203,80,0,0,0,0,0,0,0,0,0,0
30.350000000000204,86,0,0,0,0,0,0,0,0,0,0
30.400000000000205,66,0,0,0,0,0,0,0,0,0,0
30.450000000000205,91,0,0,0,0,0,0,0,0,0,0
30.500000000000206,97,0,0,0,0,0,0,0,0,0,0
30.550000000000207,70,0,0,0,0,0,0,0,0,0,0
30.600000000000207,76,0,0,0,0,0,0,0,0,0,0
30.650000000000208,74,0,0,0,0,0,0,0,0,0,0
30.70000000000021,84,0,0,0,0,0,0,0,0,0,0
30.75000000000021,89,0,0,0,0,0,0,0,0,0,0
30.80000000000021,82,0,0,0,0,0,0,0,0,0,0
30.85000000000021,77,0,0,0,0,0,0,0,0,0,0
30.90000000000021,99,0,0,0,0,0,0,0,0,0,0
30.950000000000212,83,0,0,0,0,0,0,0,0,0,0
31.000000000000213,83,0,0,0,0,0,0,0,0,0,0
31.050000000000214,101,0,0,0,0,0,0,0,0,0,0
31.100000000000215,71,0,0,0,0,0,0,0,0,0,0
31.150000000000215,73,0,0,0,0,0,0,0,0,0,0
31.200000000000216,86,0,0,0,0,0,0,0,0,0,0
31.250000000000217,104,0,0,0,0,0,0,0,0,0,0
31.300000000000217,82,0,0,0,0,0,0,0,0,0,0
31.350000000000218,86,0,0,0,0,0,0,0,0,0,0
31.40000000000022,90,0,0,0,0,0,0,0,0,0,0
31.45000000000022,74,0,0,0,0,0,0,0,0,0,0
31.50000000000022,76,0,0,0,0,0,0,0,0,0,0
31.55000000000022,83,0,0,0,0,0,0,0,0,0,0
31.60000000000022,102,0,0,0,0,0,0,0,0,0,0
31.650000000000222,96,0,0,0,0,0,0,0,0,0,0
31.700000000000223,77,0,0,0,0,0,0,0,0,0,0
31.750000000000224,72,0,0,0,0,0,0,0,0,0,0
31.800000000000225,87,0,0,0,0,0,0,0,0,0,0
31.850000000000225,74,0,0,0,0,0,0,0,0,0,0
31.900000000000226,91,0,0,0,0,0,0,0,0,0,0
31.950000000000227,93,0,0,0,0,0,0,0,0,0,0
32.00000000000023,79,0,0,0,0,0,0,0,0,0,0
32.050000000000225,63,0,0,0,0,0,0,0,0,0,0
32.10000000000022,58,0,0,0,0,0,0,0,0,0,0
32.15000000000022,50,0,0,0,0,0,0,0,0,0,0
32.200000000000216,40,0,0,0,0,0,0,0,0,0,0
32.25000000000021,25,0,0,0,0,0,0,0,0,0,0
32.30000000000021,22,0,0,0,0,0,0,0,0,0,0
32.35000000000021,5,0,0,0,0,0,0,0,0,0,0
32.400000000000205,0,0,0,0,0,0,0,0,0,0,0
32.4500000000002,0,0,0,0,0,0,0,0,0,0,0
32.5000000000002,0,0,0,0,0,0,0,0,0,0,0
32.550000000000196,0,0,0,0,0,0,0,0,0,0,0
32.60000000000019,0,0,0,0,0,0,0,0,0,0,0
32.65000000000019,0,0,0,0,0,0,0,0,0,0,0
32.70000000000019,0,0,0,0,0,0,0,0,0,0,0
32.750000000000185,0,0,0,0,0,0,0,0,0,0,0
32.80000000000018,0,0,0,0,0,0,0,0,0,0,0
32.85000000000018,0,0,0,0,0,0,0,0,0,0,0
32.900000000000176,0,0,0,0,0,0,0,0,0,0,0
32.95000000000017,0,0,0,0,0,0,0,0,0,0,0
33.00000000000017,0,0,0,0,0,0,0,0,0,0,0
33.05000000000017,0,0,0,0,0,0,0,0,0,0,0
33.100000000000165,0,0,0,0,0,0,0,0,0,0,0
33.15000000000016,0,0,0,0,0,0,0,0,0,0,0
33.20000000000016,0,0,0,0,0,0,0,0,0,0,0
33.250000000000156,0,0,0,0,0,0,0,0,0,0,0
33.30000000000015,0,0,0,0,0,0,0,0,0,0,0
33.35000000000015,0,0,0,0,0,0,0,0,0,0,0
33.40000000000015,0,0,0,0,0,0,0,0,0,0,0
33.450000000000145,0,0,0,0,0,0,0,0,0,0,0
33.50000000000014,0,0,0,0,0,0,0,0,0,0,0
33.55000000000014,0,0,0,0,0,0,0,0,0,0,0
33.600000000000136,0,0,0,0,0,0,0,0,0,0,0
33.650000000000134,0,0,0,0,0,0,0,0,0,0,0
33.70000000000013,0,0,0,0,0,0,0,0,0,0,0
33.75000000000013,0,0,0,0,0,0,0,0,0,0,0
33.800000000000125,0,0,0,0,0,0,0,0,0,0,0
33.85000000000012,0,0,0,0,0,0,0,0,0,0,0
33.90000000000012,0,0,0,0,0,0,0,0,0,0,0
33.95000000000012,0,0,0,0,0,0,0,0,0,0,0
34.000000000000114,0,0,0,0,0,0,0,0,0,0,0
34.05000000000011,0,0,0,0,0,0,0,0,0,0,0
34.10000000000011,0,0,0,0,0,0,0,0,0,0,0
34.150000000000105,0,0,0,0,0,0,0,0,0,0,0
34.2000000000001,0,0,0,0,0,0,0,0,0,0,0
34.2500000000001,0,0,0,0,0,0,0,0,0,0,0
34.3000000000001,0,0,0,0,0,0,0,0,0,0,0
34.350000000000094,0,0,0,0,0,0,0,0,0,0,0
34.40000000000009,0,0,0,0,0,0,0,0,0,0,0
34.45000000000009,0,0,0,0,0,0,0,0,0,0,0
34.500000000000085,0,0,0,0,0,0,0,0,0,0,0
34.55000000000008,0,0,0,0,0,0,0,0,0,0,0
34.60000000000008,0,0,0,0,0,0,0,0,0,0,0
34.65000000000008,0,0,0,0,0,0,0,0,0,0,0
34.700000000000074,0,0,0,0,0,0,0,0,0,0,0
34.75000000000007,0,0,0,0,0,0,0,0,0,0,0
34.80000000000007,0,0,0,0,0,0,0,0,0,0,0
34.850000000000065,0,0,0,0,0,0,0,0,0,0,0
34.90000000000006,0,0,0,0,0,0,0,0,0,0,0
34.95000000000006,0,0,0,0,0,0,0,0,0,0,0
35.00000000000006,0,0,0,0,0,0,0,0,0,0,0
35.050000000000054,0,0,0,0,0,0,0,0,0,0,0
35.10000000000005,0,0,0,0,0,0,0,0,0,0,0
35.15000000000005,0,0,0,0,0,0,0,0,0,0,0
35.200000000000045,0,0,0,0,0,0,0,0,0,0,0
35.25000000000004,0,0,0,0,0,0,0,0,0,0,0
35.30000000000004,0,0,0,0,0,0,0,0,0,0,0
35.35000000000004,0,0,0,0,0,0,0,0,0,0,0
35.400000000000034,0,0,0,0,0,0,0,0,0,0,0
35.45000000000003,0,0,0,0,0,0,0,0,0,0,0
35.50000000000003,0,0,0,0,0,0,0,0,0,0,0
35.550000000000026,0,0,0,0,0,0,0,0,0,0,0
35.60000000000002,0,0,0,0,0,0,0,0,0,0,0
35.65000000000002,0,0,0,0,0,0,0,0,0,0,0
35.70000000000002,0,0,0,0,0,0,0,0,0,0,0
35.750000000000014,0,0,0,0,0,0,0,0,0,0,0
35.80000000000001,0,0,0,0,0,0,0,0,0,0,0
35.85000000000001,0,0,0,0,0,0,0,0,0,0,0
35.900000000000006,0,0,0,0,0,0,0,0,0,0,0
35.95,0,0,0,0,0,0,0,0,0,0,0
36.0,0,0,0,0,0,0,0,0,0,0,0
36.05,0,0,0,0,0,0,0,0,0,0,0
36.099999999999994,0,0,0,0,0,0,0,0,0,0,0
36.14999999999999,0,0,0,0,0,0,0,0,0,0,0
36.19999999999999,0,0,0,0,0,0,0,0,0,0,0
36.249999999999986,0,0,0,0,0,0,0,0,0,0,0
36.29999999999998,0,0,0,0,0,0,0,0,0,0,0
36.34999999999998,0,0,0,0,0,0,0,0,0,0,0
36.39999999999998,0,0,0,0,0,0,0,0,0,0,0
36.449999999999974,0,0,0,0,0,0,0,0,0,0,0
36.49999999999997,0,0,0,0,0,0,0,0,0,0,0
36.54999999999997,0,0,0,0,0,0,0,0,0,0,0
36.599999999999966,0,0,0,0,0,0,0,0,0,0,0
36.64999999999996,0,0,0,0,0,0,0,0,0,0,0
36.69999999999996,0,0,0,0,0,0,0,0,0,0,0
36.74999999999996,0,0,0,0,0,0,0,0,0,0,0
36.799999999999955,0,0,0,0,0,0,0,0,0,0,0
36.84999999999995,0,0,0,0,0,0,0,0,0,0,0
36.89999999999995,0,0,0,0,0,0,0,0,0,0,0
36.949999999999946,0,0,0,0,0,0,0,0,0,0,0
36.99999999999994,0,0,0,0,0,0,0,0,0,0,0
37.04999999999994,0,0,0,0,0,0,0,0,0,0,0
37.09999999999994,0,0,0,0,0,0,0,0,0,0,0
37.149999999999935,0,0,0,0,0,0,0,0,0,0,0
37.19999999999993,0,0,0,0,0,0,0,0,0,0,0
37.24999999999993,0,0,0,0,0,0,0,0,0,0,0
37.299999999999926,0,0,0,0,0,0,0,0,0,0,0
37.34999999999992,0,0,0,0,0,0,0,0,0,0,0
37.39999999999992,0,0,0,0,0,0,0,0,0,0,0
37.44999999999992,0,0,0,0,0,0,0,0,0,0,0
37.499999999999915,0,0,0,0,0,0,0,0,0,0,0
37.54999999999991,0,0,0,0,0,0,0,0,0,0,0
37.59999999999991,0,0,0,0,0,0,0,0,0,0,0
37.649999999999906,0,0,0,0,0,0,0,0,0,0,0
37.6999999999999,0,0,0,0,0,0,0,0,0,0,0
37.7499999999999,0,0,0,0,0,0,0,0,0,0,0
37.7999999999999,0,0,0,0,0,0,0,0,0,0,0
37.849999999999895,0,0,0,0,0,0,0,0,0,0,0
37.89999999999989,0,0,0,0,0,0,0,0,0,0,0
37.94999999999989,0,0,0,0,0,0,0,0,0,0,0
37.999999999999886,0,0,0,0,0,0,0,0,0,0,0
38.04999999999988,0,0,0,0,0,0,0,0,0,0,0
38.09999999999988,0,0,0,0,0,0,0,0,0,0,0
38.14999999999988,0,0,0,0,0,0,0,0,0,0,0
38.199999999999875,0,0,0,0,0,0,0,0,0,0,0
38.24999999999987,0,0,0,0,0,0,0,0,0,0,0
38.29999999999987,0,0,0,0,0,0,0,0,0,0,0
38.349999999999866,0,0,0,0,0,0,0,0,0,0,0
38.399999999999864,0,0,0,0,0,0,0,0,0,0,0
38.44999999999986,0,0,0,0,0,0,0,0,0,0,0
38.49999999999986,0,0,0,0,0,0,0,0,0,0,0
38.549999999999855,0,0,0,0,0,0,0,0,0,0,0
38.59999999999985,0,0,0,0,0,0,0,0,0,0,0
38.64999999999985,0,0,0,0,0,0,0,0,0,0,0
38.69999999999985,0,0,0,0,0,0,0,0,0,0,0
38.749999999999844,0,0,0,0,0,0,0,0,0,0,0
38.79999999999984,0,0,0,0,0,0,0,0,0,0,0
38.84999999999984,0,0,0,0,0,0,0,0,0,0,0
38.899999999999835,0,0,0,0,0,0,0,0,0,0,0
38.94999999999983,0,0,0,0,0,0,0,0,0,0,0
38.99999999999983,0,0,0,0,0,0,0,0,0,0,0
39.04999999999983,0,0,0,0,0,0,0,0,0,0,0
39.099999999999824,0,0,0,0,0,0,0,0,0,0,0
39.14999999999982,0,0,0,0,0,0,0,0,0,0,0
39.19999999999982,0,0,0,0,0,0,0,0,0,0,0
39.249999999999815,0,0,0,0,0,0,0,0,0,0,0
39.29999999999981,0,0,0,0,0,0,0,0,0,0,0
39.34999999999981,0,0,0,0,0,0,0,0,0,0,0
39.39999999999981,0,0,0,0,0,0,0,0,0,0,0
39.449999999999804,0,0,0,0,0,0,0,0,0,0,0
39.4999999999998,0,0,0,0,0,0,0,0,0,0,0
39.5499999999998,0,0,0,0,0,0,0,0,0,0,0
39.599999999999795,0,0,0,0,0,0,0,0,0,0,0
39.64999999999979,0,0,0,0,0,0,0,0,0,0,0
39.69999999999979,0,0,0,0,0,0,0,0,0,0,0
39.74999999999979,0,0,0,0,0,0,0,0,0,0,0
39.799999999999784,0,0,0,0,0,0,0,0,0,0,0
39.84999999999978,0,0,0,0,0,0,0,0,0,0,0
39.89999999999978,0,0,0,0,0,0,0,0,0,0,0
39.949999999999775,0,0,0,0,0,0,0,0,0,0,0
39.99999999999977,0,0,0,0,0,0,0,0,0,0,0
40.04999999999977,0,0,0,0,0,0,0,0,0,0,0
40.09999999999977,0,0,0,0,0,0,0,0,0,0,0
40.149999999999764,0,0,0,0,0,0,0,0,0,0,0
40.19999999999976,0,0,0,0,0,0,0,0,0,0,0
40.24999999999976,0,0,0,0,0,0,0,0,0,0,0
40.299999999999756,0,0,0,0,0,0,0,0,0,0,0
40.34999999999975,0,0,0,0,0,0,0,0,0,0,0
40.39999999999975,0,0,0,0,0,0,0,0,0,0,0
40.44999999999975,0,0,0,0,0,0,0,0,0,0,0
40.499999999999744,0,0,0,0,0,0,0,0,0,0,0
40.54999999999974,0,0,0,0,0,0,0,0,0,0,0
40.59999999999974,0,0,0,0,0,0,0,0,0,0,0
40.649999999999736,0,0,0,0,0,0,0,0,0,0,0
40.69999999999973,0,0,0,0,0,0,0,0,0,0,0
40.74999999999973,0,0,0,0,0,0,0,0,0,0,0
40.79999999999973,0,0,0,0,0,0,0,0,0,0,0
40.849999999999724,0,0,0,0,0,0,0,0,0,0,0
40.89999999999972,0,0,0,0,0,0,0,0,0,0,0
40.94999999999972,0,0,0,0,0,0,0,0,0,0,0
40.999999999999716,0,0,0,0,0,0,0,0,0,0,0
41.04999999999971,0,0,0,0,0,0,0,0,0,0,0
41.09999999999971,0,0,0,0,0,0,0,0,0,0,0
41.14999999999971,0,0,0,0,0,0,0,0,0,0,0
41.199999999999704,0,0,0,0,0,0,0,0,0,0,0
41.2499999999997,0,0,0,0,0,0,0,0,0,0,0
41.2999999999997,0,0,0,0,0,0,0,0,0,0,0
41.349999999999696,0,0,0,0,0,0,0,0,0,0,0
41.39999999999969,0,0,0,0,0,0,0,0,0,0,0
41.44999999999969,0,0,0,0,0,0,0,0,0,0,0
41.49999999999969,0,0,0,0,0,0,0,0,0,0,0
41.549999999999685,0,0,0,0,0,0,0,0,0,0,0
*****
16,0.05,100,0.3,0.7,10,100,0.261843996326,0.1280509099671
16,100,100,100,100,100,0,0,0,0,0,0
16.05,71,71,71,71,71,0,0,0,0,0,0
16.1,93,92,93,93,93,0,0,0,0,0,0
16.150000000000002,90,90,90,89,90,0,0,0,0,0,0
16.200000000000003,96,96,96,96,96,0,0,0,0,0,0
16.250000000000004,81,81,81,81,81,0,0,0,0,0,0
16.300000000000004,86,86,86,85,86,0,0,0,0,0,0
16.350000000000005,85,85,85,85,85,0,0,0,0,0,0
16.400000000000006,101,101,101,101,101,0,0,0,0,0,0
16.450000000000006,78,78,78,78,78,0,0,0,0,0,0
16.500000000000007,66,66,66,66,66,0,0,0,0,0,0
16.550000000000008,91,91,91,90,91,0,0,0,0,0,0
16.60000000000001,101,100,100,100,101,0,0,0,0,0,0
16.65000000000001,79,79,79,77,79,0,0,0,0,0,0
16.70000000000001,74,73,72,74,74,0,0,0,0,0,0
16.75000000000001,117,116,116,116,117,0,0,0,0,0,0
16.80000000000001,76,76,75,76,76,0,0,0,0,0,0
16.850000000000012,96,96,96,95,96,0,0,0,0,0,0
16.900000000000013,89,88,86,89,88,0,0,0,0,0,0
16.950000000000014,76,74,72,74,74,0,0,0,0,0,0
17.000000000000014,97,95,94,93,96,0,0,0,0,0,0
17.050000000000015,90,87,89,89,90,0,0,0,0,0,0
17.100000000000016,88,81,84,87,87,0,0,0,0,0,0
17.150000000000016,77,74,69,76,75,0,0,0,0,0,0
17.200000000000017,87,83,85,84,87,0,0,0,0,0,0
17.250000000000018,111,108,102,110,109,0,0,0,0,0,0
17.30000000000002,89,83,82,82,84,0,0,0,0,0,0
17.35000000000002,97,87,87,92,91,0,0,0,0,0,0
17.40000000000002,81,74,76,78,80,0,0,0,0,0,0
17.45000000000002,76,69,71,74,75,0,0,0,0,0,0
17.50000000000002,79,74,72,74,77,0,0,0,0,0,0
17.550000000000022,92,74,80,86,85,0,0,0,0,0,0
17.600000000000023,85,62,67,80,74,0,0,0,0,0,0
17.650000000000023,87,68,71,83,76,0,0,0,0,0,0
17.700000000000024,80,67,67,68,72,0,0,0,0,0,0
17.750000000000025,91,76,73,84,82,0,0,0,0,0,0
17.800000000000026,85,68,66,74,72,0,0,0,0,0,0
17.850000000000026,86,61,68,84,77,0,0,0,0,0,0
17.900000000000027,90,63,69,81,75,0,0,0,0,0,0
17.950000000000028,95,63,68,89,71,0,0,0,0,0,0
18.00000000000003,83,52,53,75,65,0,0,0,0,0,0
18.05000000000003,91,63,66,82,75,0,0,0,0,0,0
18.10000000000003,93,54,57,79,67,0,0,0,0,0,0
18.15000000000003,88,55,59,78,68,0,0,0,0,0,0
18.20000000000003,77,48,52,59,59,0,0,0,0,0,0
18.250000000000032,88,50,51,69,61,0,0,0,0,0,0
18.300000000000033,91,43,47,67,54,0,0,0,0,0,0
18.350000000000033,89,36,43,62,50,0,0,0,0,0,0
18.400000000000034,80,38,38,66,47,0,0,0,0,0,0
18.450000000000035,94,48,52,72,64,0,0,0,0,0,0
18.500000000000036,103,42,47,81,58,0,0,0,0,0,0
18.550000000000036,75,29,37,51,44,0,0,0,0,0,0
18.600000000000037,81,34,37,56,45,0,0,0,0,0,0
18.650000000000038,93,31,40,72,47,0,0,0,0,0,0
18.70000000000004,78,32,34,56,41,0,0,0,0,0,0
18.75000000000004,86,28,34,54,42,0,0,0,0,0,0
18.80000000000004,80,28,26,52,36,0,0,0,0,0,0
18.85000000000004,110,28,32,62,35,0,0,0,0,0,0
18.90000000000004,68,10,13,34,23,0,0,0,0,0,0
18.950000000000042,104,22,25,51,35,0,0,0,0,0,0
19.000000000000043,91,23,29,42,36,0,0,0,0,0,0
19.050000000000043,96,12,16,42,20,0,0,0,0,0,0
19.100000000000044,89,19,20,47,32,0,0,0,0,0,0
19.150000000000045,83,15,16,38,23,0,0,0,0,0,0
19.200000000000045,70,15,17,33,20,0,0,0,0,0,0
19.250000000000046,105,11,14,35,17,0,0,0,0,0,0
19.300000000000047,85,9,11,35,16,0,0,0,0,0,0
19.350000000000048,91,8,11,25,15,0,0,0,0,0,0
19.40000000000005,82,8,9,23,14,0,0,0,0,0,0
19.45000000000005,90,11,11,33,14,0,0,0,0,0,0
19.50000000000005,87,4,5,22,7,0,0,0,0,0,0
19.55000000000005,76,8,9,21,11,0,0,0,0,0,0
19.60000000000005,98,6,7,25,10,0,0,0,0,0,0
19.650000000000052,90,8,7,14,9,0,0,0,0,0,0
19.700000000000053,79,3,4,15,6,0,0,0,0,0,0
19.750000000000053,91,2,3,14,5,0,0,0,0,0,0
19.800000000000054,102,2,2,14,3,0,0,0,0,0,0
19.850000000000055,80,2,2,10,3,0,0,0,0,0,0
19.900000000000055,79,6,5,9,6,0,0,0,0,0,0
19.950000000000056,92,2,1,11,4,0,0,0,0,0,0
20.000000000000057,87,0,0,3,0,0,0,0,0,0,0
20.050000000000058,94,4,4,6,4,0,0,0,0,0,0
20.10000000000006,82,2,2,7,2,0,0,0,0,0,0
20.15000000000006,87,0,1,7,2,0,0,0,0,0,0
20.20000000000006,96,0,2,7,3,0,0,0,0,0,0
20.25000000000006,89,3,2,4,3,0,0,0,0,0,0
20.30000000000006,80,0,0,2,0,0,0,0,0,0,0
20.350000000000062,88,1,1,3,1,0,0,0,0,0,0
20.400000000000063,88,0,0,3,1,0,0,0,0,0,0
20.450000000000063,94,0,0,1,0,0,0,0,0,0,0
20.500000000000064,71,0,0,1,1,0,0,0,0,0,0
20.550000000000065,92,0,0,2,0,0,0,0,0,0,0
20.600000000000065,93,0,0,0,0,0,0,0,0,0,0
20.650000000000066,94,0,0,0,0,0,0,0,0,0,0
20.700000000000067,84,0,0,1,0,0,0,0,0,0,0
20.750000000000068,78,0,0,0,0,0,0,0,0,0,0
20.800000000000068,85,0,0,0,0,0,0,0,0,0,0
20.85000000000007,77,0,0,0,0,0,0,0,0,0,0
20.90000000000007,103,0,0,1,0,0,0,0,0,0,0
20.95000000000007,87,0,0,0,0,0,0,0,0,0,0
21.00000000000007,107,0,0,0,0,0,0,0,0,0,0
21.05000000000007,76,0,0,0,0,0,0,0,0,0,0
21.100000000000072,90,0,0,0,0,0,0,0,0,0,0
21.150000000000073,78,0,0,0,0,0,0,0,0,0,0
21.200000000000074,95,0,0,0,0,0,0,0,0,0,0
21.250000000000075,92,0,0,0,0,0,0,0,0,0,0
21.300000000000075,86,0,0,0,0,0,0,0,0,0,0
21.350000000000076,105,0,0,0,0,0,0,0,0,0,0
21.400000000000077,94,0,0,0,0,0,0,0,0,0,0
21.450000000000077,79,0,0,0,0,0,0,0,0,0,0
21.500000000000078,72,0,0,0,0,0,0,0,0,0,0
21.55000000000008,76,0,0,0,0,0,0,0,0,0,0
21.60000000000008,90,0,0,0,0,0,0,0,0,0,0
21.65000000000008,95,0,0,0,0,0,0,0,0,0,0
21.70000000000008,87,0,0,0,0,0,0,0,0,0,0
21.75000000000008,86,0,0,0,0,0,0,0,0,0,0
21.800000000000082,94,0,0,0,0,0,0,0,0,0,0
21.850000000000083,88,0,0,0,0,0,0,0,0,0,0
21.900000000000084,79,0,0,0,0,0,0,0,0,0,0
21.950000000000085,92,0,0,0,0,0,0,0,0,0,0
22.000000000000085,74,0,0,0,0,0,0,0,0,0,0
22.050000000000086,101,0,0,0,0,0,0,0,0,0,0
22.100000000000087,89,0,0,0,0,0,0,0,0,0,0
22.150000000000087,77,0,0,0,0,0,0,0,0,0,0
22.200000000000088,97,0,0,0,0,0,0,0,0,0,0
22.25000000000009,86,0,0,0,0,0,0,0,0,0,0
22.30000000000009,86,0,0,0,0,0,0,0,0,0,0
22.35000000000009,94,0,0,0,0,0,0,0,0,0,0
22.40000000000009,76,0,0,0,0,0,0,0,0,0,0
22.45000000000009,93,0,0,0,0,0,0,0,0,0,0
22.500000000000092,89,0,0,0,0,0,0,0,0,0,0
22.550000000000093,95,0,0,0,0,0,0,0,0,0,0
22.600000000000094,91,0,0,0,0,0,0,0,0,0,0
22.650000000000095,78,0,0,0,0,0,0,0,0,0,0
22.700000000000095,88,0,0,0,0,0,0,0,0,0,0
22.750000000000096,84,0,0,0,0,0,0,0,0,0,0
22.800000000000097,82,0,0,0,0,0,0,0,0,0,0
22.850000000000097,85,0,0,0,0,0,0,0,0,0,0
22.900000000000098,89,0,0,0,0,0,0,0,0,0,0
22.9500000000001,84,0,0,0,0,0,0,0,0,0,0
23.0000000000001,101,0,0,0,0,0,0,0,0,0,0
23.0500000000001,90,0,0,0,0,0,0,0,0,0,0
23.1000000000001,81,0,0,0,0,0,0,0,0,0,0
23.1500000000001,98,0,0,0,0,0,0,0,0,0,0
23.200000000000102,70,0,0,0,0,0,0,0,0,0,0
23.250000000000103,93,0,0,0,0,0,0,0,0,0,0
23.300000000000104,84,0,0,0,0,0,0,0,0,0,0
23.350000000000104,80,0,0,0,0,0,0,0,0,0,0
23.400000000000105,88,0,0,0,0,0,0,0,0,0,0
23.450000000000106,91,0,0,0,0,0,0,0,0,0,0
23.500000000000107,99,0,0,0,0,0,0,0,0,0,0
23.550000000000107,85,0,0,0,0,0,0,0,0,0,0
23.600000000000108,101,0,0,0,0,0,0,0,0,0,0
23.65000000000011,80,0,0,0,0,0,0,0,0,0,0
23.70000000000011,88,0,0,0,0,0,0,0,0,0,0
23.75000000000011,83,0,0,0,0,0,0,0,0,0,0
23.80000000000011,71,0,0,0,0,0,0,0,0,0,0
23.85000000000011,92,0,0,0,0,0,0,0,0,0,0
23.900000000000112,99,0,0,0,0,0,0,0,0,0,0
23.950000000000113,84,0,0,0,0,0,0,0,0,0,0
24.000000000000114,72,0,0,0,0,0,0,0,0,0,0
24.050000000000114,97,0,0,0,0,0,0,0,0,0,0
24.100000000000115,89,0,0,0,0,0,0,0,0,0,0
24.150000000000116,83,0,0,0,0,0,0,0,0,0,0
24.200000000000117,93,0,0,0,0,0,0,0,0,0,0
24.250000000000117,103,0,0,0,0,0,0,0,0,0,0
24.300000000000118,75,0,0,0,0,0,0,0,0,0,0
24.35000000000012,87,0,0,0,0,0,0,0,0,0,0
24.40000000000012,101,0,0,0,0,0,0,0,0,0,0
24.45000000000012,86,0,0,0,0,0,0,0,0,0,0
24.50000000000012,77,0,0,0,0,0,0,0,0,0,0
24.55000000000012,78,0,0,0,0,0,0,0,0,0,0
24.600000000000122,108,0,0,0,0,0,0,0,0,0,0
24.650000000000123,90,0,0,0,0,0,0,0,0,0,0
24.700000000000124,86,0,0,0,0,0,0,0,0,0,0
24.750000000000124,77,0,0,0,0,0,0,0,0,0,0
24.800000000000125,95,0,0,0,0,0,0,0,0,0,0
24.850000000000126,87,0,0,0,0,0,0,0,0,0,0
24.900000000000126,90,0,0,0,0,0,0,0,0,0,0
24.950000000000127,84,0,0,0,0,0,0,0,0,0,0
25.000000000000128,83,0,0,0,0,0,0,0,0,0,0
25.05000000000013,76,0,0,0,0,0,0,0,0,0,0
25.10000000000013,89,0,0,0,0,0,0,0,0,0,0
25.15000000000013,103,0,0,0,0,0,0,0,0,0,0
25.20000000000013,87,0,0,0,0,0,0,0,0,0,0
25.25000000000013,106,0,0,0,0,0,0,0,0,0,0
25.300000000000132,66,0,0,0,0,0,0,0,0,0,0
25.350000000000133,86,0,0,0,0,0,0,0,0,0,0
25.400000000000134,78,0,0,0,0,0,0,0,0,0,0
25.450000000000134,80,0,0,0,0,0,0,0,0,0,0
25.500000000000135,85,0,0,0,0,0,0,0,0,0,0
25.550000000000136,85,0,0,0,0,0,0,0,0,0,0
25.600000000000136,83,0,0,0,0,0,0,0,0,0,0
25.650000000000137,101,0,0,0,0,0,0,0,0,0,0
25.700000000000138,93,0,0,0,0,0,0,0,0,0,0
25.75000000000014,101,0,0,0,0,0,0,0,0,0,0
25.80000000000014,87,0,0,0,0,0,0,0,0,0,0
25.85000000000014,67,0,0,0,0,0,0,0,0,0,0
25.90000000000014,86,0,0,0,0,0,0,0,0,0,0
25.95000000000014,81,0,0,0,0,0,0,0,0,0,0
26.000000000000142,91,0,0,0,0,0,0,0,0,0,0
26.050000000000143,71,0,0,0,0,0,0,0,0,0,0
26.100000000000144,79,0,0,0,0,0,0,0,0,0,0
26.150000000000144,106,0,0,0,0,0,0,0,0,0,0
26.200000000000145,100,0,0,0,0,0,0,0,0,0,0
26.250000000000146,85,0,0,0,0,0,0,0,0,0,0
26.300000000000146,87,0,0,0,0,0,0,0,0,0,0
26.350000000000147,102,0,0,0,0,0,0,0,0,0,0
26.400000000000148,76,0,0,0,0,0,0,0,0,0,0
26.45000000000015,87,0,0,0,0,0,0,0,0,0,0
26.50000000000015,73,0,0,0,0,0,0,0,0,0,0
26.55000000000015,84,0,0,0,0,0,0,0,0,0,0
26.60000000000015,90,0,0,0,0,0,0,0,0,0,0
26.65000000000015,99,0,0,0,0,0,0,0,0,0,0
26.700000000000152,85,0,0,0,0,0,0,0,0,0,0
26.750000000000153,84,0,0,0,0,0,0,0,0,0,0
26.800000000000153,98,0,0,0,0,0,0,0,0,0,0
26.850000000000154,94,0,0,0,0,0,0,0,0,0,0
26.900000000000155,94,0,0,0,0,0,0,0,0,0,0
26.950000000000156,77,0,0,0,0,0,0,0,0,0,0
27.000000000000156,103,0,0,0,0,0,0,0,0,0,0
27.050000000000157,82,0,0,0,0,0,0,0,0,0,0
27.100000000000158,82,0,0,0,0,0,0,0,0,0,0
27.15000000000016,89,0,0,0,0,0,0,0,0,0,0
27.20000000000016,77,0,0,0,0,0,0,0,0,0,0
27.25000000000016,97,0,0,0,0,0,0,0,0,0,0
27.30000000000016,90,0,0,0,0,0,0,0,0,0,0
27.35000000000016,87,0,0,0,0,0,0,0,0,0,0
27.400000000000162,89,0,0,0,0,0,0,0,0,0,0
27.450000000000163,104,0,0,0,0,0,0,0,0,0,0
27.500000000000163,92,0,0,0,0,0,0,0,0,0,0
27.550000000000164,79,0,0,0,0,0,0,0,0,0,0
27.600000000000165,84,0,0,0,0,0,0,0,0,0,0
27.650000000000166,90,0,0,0,0,0,0,0,0,0,0
27.700000000000166,94,0,0,0,0,0,0,0,0,0,0
27.750000000000167,70,0,0,0,0,0,0,0,0,0,0
27.800000000000168,98,0,0,0,0,0,0,0,0,0,0
27.85000000000017,83,0,0,0,0,0,0,0,0,0,0
27.90000000000017,89,0,0,0,0,0,0,0,0,0,0
27.95000000000017,79,0,0,0,0,0,0,0,0,0,0
28.00000000000017,84,0,0,0,0,0,0,0,0,0,0
28.05000000000017,88,0,0,0,0,0,0,0,0,0,0
28.100000000000172,96,0,0,0,0,0,0,0,0,0,0
28.150000000000173,83,0,0,0,0,0,0,0,0,0,0
28.200000000000173,86,0,0,0,0,0,0,0,0,0,0
28.250000000000174,97,0,0,0,0,0,0,0,0,0,0
28.300000000000175,93,0,0,0,0,0,0,0,0,0,0
28.350000000000176,89,0,0,0,0,0,0,0,0,0,0
28.400000000000176,80,0,0,0,0,0,0,0,0,0,0
28.450000000000177,87,0,0,0,0,0,0,0,0,0,0
28.500000000000178,88,0,0,0,0,0,0,0,0,0,0
28.55000000000018,77,0,0,0,0,0,0,0,0,0,0
28.60000000000018,93,0,0,0,0,0,0,0,0,0,0
28.65000000000018,84,0,0,0,0,0,0,0,0,0,0
28.70000000000018,83,0,0,0,0,0,0,0,0,0,0
28.75000000000018,96,0,0,0,0,0,0,0,0,0,0
28.800000000000182,74,0,0,0,0,0,0,0,0,0,0
28.850000000000183,106,0,0,0,0,0,0,0,0,0,0
28.900000000000183,81,0,0,0,0,0,0,0,0,0,0
28.950000000000184,93,0,0,0,0,0,0,0,0,0,0
29.000000000000185,82,0,0,0,0,0,0,0,0,0,0
29.050000000000185,80,0,0,0,0,0,0,0,0,0,0
29.100000000000186,100,0,0,0,0,0,0,0,0,0,0
29.150000000000187,96,0,0,0,0,0,0,0,0,0,0
29.200000000000188,76,0,0,0,0,0,0,0,0,0,0
29.25000000000019,83,0,0,0,0,0,0,0,0,0,0
29.30000000000019,92,0,0,0,0,0,0,0,0,0,0
29.35000000000019,80,0,0,0,0,0,0,0,0,0,0
29.40000000000019,91,0,0,0,0,0,0,0,0,0,0
29.45000000000019,91,0,0,0,0,0,0,0,0,0,0
29.500000000000192,95,0,0,0,0,0,0,0,0,0,0
29.550000000000193,90,0,0,0,0,0,0,0,0,0,0
29.600000000000193,98,0,0,0,0,0,0,0,0,0,0
29.650000000000194,62,0,0,0,0,0,0,0,0,0,0
29.700000000000195,72,0,0,0,0,0,0,0,0,0,0
29.750000000000195,88,0,0,0,0,0,0,0,0,0,0
29.800000000000196,97,0,0,0,0,0,0,0,0,0,0
29.850000000000197,85,0,0,0,0,0,0,0,0,0,0
29.900000000000198,93,0,0,0,0,0,0,0,0,0,0
29.9500000000002,97,0,0,0,0,0,0,0,0,0,0
30.0000000000002,79,0,0,0,0,0,0,0,0,0,0
30.0500000000002,81,0,0,0,0,0,0,0,0,0,0
30.1000000000002,86,0,0,0,0,0,0,0,0,0,0
30.1500000000002,101,0,0,0,0,0,0,0,0,0,0
30.200000000000202,80,0,0,0,0,0,0,0,0,0,0
30.250000000000203,86,0,0,0,0,0,0,0,0,0,0
30.300000000000203,83,0,0,0,0,0,0,0,0,0,0
30.350000000000204,85,0,0,0,0,0,0,0,0,0,0
30.400000000000205,95,0,0,0,0,0,0,0,0,0,0
30.450000000000205,92,0,0,0,0,0,0,0,0,0,0
30.500000000000206,69,0,0,0,0,0,0,0,0,0,0
30.550000000000207,87,0,0,0,0,0,0,0,0,0,0
30.600000000000207,99,0,0,0,0,0,0,0,0,0,0
30.650000000000208,87,0,0,0,0,0,0,0,0,0,0
30.70000000000021,92,0,0,0,0,0,0,0,0,0,0
30.75000000000021,81,0,0,0,0,0,0,0,0,0,0
30.80000000000021,94,0,0,0,0,0,0,0,0,0,0
30.85000000000021,90,0,0,0,0,0,0,0,0,0,0
30.90000000000021,69,0,0,0,0,0,0,0,0,0,0
30.950000000000212,96,0,0,0,0,0,0,0,0,0,0
31.000000000000213,79,0,0,0,0,0,0,0,0,0,0
31.050000000000214,86,0,0,0,0,0,0,0,0,0,0
31.100000000000215,98,0,0,0,0,0,0,0,0,0,0
31.150000000000215,98,0,0,0,0,0,0,0,0,0,0
31.200000000000216,89,0,0,0,0,0,0,0,0,0,0
31.250000000000217,85,0,0,0,0,0,0,0,0,0,0
31.300000000000217,87,0,0,0,0,0,0,0,0,0,0
31.350000000000218,85,0,0,0,0,0,0,0,0,0,0
31.40000000000022,85,0,0,0,0,0,0,0,0,0,0
31.45000000000022,80,0,0,0,0,0,0,0,0,0,0
31.50000000000022,72,0,0,0,0,0,0,0,0,0,0
31.55000000000022,85,0,0,0,0,0,0,0,0,0,0
31.60000000000022,98,0,0,0,0,0,0,0,0,0,0
31.650000000000222,89,0,0,0,0,0,0,0,0,0,0
31.700000000000223,91,0,0,0,0,0,0,0,0,0,0
31.750000000000224,101,0,0,0,0,0,0,0,0,0,0
31.800000000000225,92,0,0,0,0,0,0,0,0,0,0
31.850000000000225,87,0,0,0,0,0,0,0,0,0,0
31.900000000000226,71,0,0,0,0,0,0,0,0,0,0
31.950000000000227,82,0,0,0,0,0,0,0,0,0,0
32.00000000000023,86,0,0,0,0,0,0,0,0,0,0
32.050000000000225,89,0,0,0,0,0,0,0,0,0,0
32.10000000000022,91,0,0,0,0,0,0,0,0,0,0
32.15000000000022,100,0,0,0,0,0,0,0,0,0,0
32.200000000000216,79,0,0,0,0,0,0,0,0,0,0
32.25000000000021,82,0,0,0,0,0,0,0,0,0,0
32.30000000000021,82,0,0,0,0,0,0,0,0,0,0
32.35000000000021,72,0,0,0,0,0,0,0,0,0,0
32.400000000000205,63,0,0,0,0,0,0,0,0,0,0
32.4500000000002,54,0,0,0,0,0,0,0,0,0,0
32.5000000000002,32,0,0,0,0,0,0,0,0,0,0
32.550000000000196,26,0,0,0,0,0,0,0,0,0,0
32.60000000000019,13,0,0,0,0,0,0,0,0,0,0
32.65000000000019,6,0,0,0,0,0,0,0,0,0,0
32.70000000000019,0,0,0,0,0,0,0,0,0,0,0
32.750000000000185,0,0,0,0,0,0,0,0,0,0,0
32.80000000000018,0,0,0,0,0,0,0,0,0,0,0
32.85000000000018,0,0,0,0,0,0,0,0,0,0,0
32.900000000000176,0,0,0,0,0,0,0,0,0,0,0
32.95000000000017,0,0,0,0,0,0,0,0,0,0,0
33.00000000000017,0,0,0,0,0,0,0,0,0,0,0
33.05000000000017,0,0,0,0,0,0,0,0,0,0,0
33.100000000000165,0,0,0,0,0,0,0,0,0,0,0
33.15000000000016,0,0,0,0,0,0,0,0,0,0,0
33.20000000000016,0,0,0,0,0,0,0,0,0,0,0
33.250000000000156,0,0,0,0,0,0,0,0,0,0,0
33.30000000000015,0,0,0,0,0,0,0,0,0,0,0
33.35000000000015,0,0,0,0,0,0,0,0,0,0,0
33.40000000000015,0,0,0,0,0,0,0,0,0,0,0
33.450000000000145,0,0,0,0,0,0,0,0,0,0,0
33.50000000000014,0,0,0,0,0,0,0,0,0,0,0
33.55000000000014,0,0,0,0,0,0,0,0,0,0,0
33.600000000000136,0,0,0,0,0,0,0,0,0,0,0
33.650000000000134,0,0,0,0,0,0,0,0,0,0,0
33.70000000000013,0,0,0,0,0,0,0,0,0,0,0
33.75000000000013,0,0,0,0,0,0,0,0,0,0,0
33.800000000000125,0,0,0,0,0,0,0,0,0,0,0
33.85000000000012,0,0,0,0,0,0,0,0,0,0,0
33.90000000000012,0,0,0,0,0,0,0,0,0,0,0
33.95000000000012,0,0,0,0,0,0,0,0,0,0,0
34.000000000000114,0,0,0,0,0,0,0,0,0,0,0
34.05000000000011,0,0,0,0,0,0,0,0,0,0,0
34.10000000000011,0,0,0,0,0,0,0,0,0,0,0
34.150000000000105,0,0,0,0,0,0,0,0,0,0,0
34.2000000000001,0,0,0,0,0,0,0,0,0,0,0
34.2500000000001,0,0,0,0,0,0,0,0,0,0,0
34.3000000000001,0,0,0,0,0,0,0,0,0,0,0
34.350000000000094,0,0,0,0,0,0,0,0,0,0,0
34.40000000000009,0,0,0,0,0,0,0,0,0,0,0
34.45000000000009,0,0,0,0,0,0,0,0,0,0,0
34.500000000000085,0,0,0,0,0,0,0,0,0,0,0
34.55000000000008,0,0,0,0,0,0,0,0,0,0,0
34.60000000000008,0,0,0,0,0,0,0,0,0,0,0
34.65000000000008,0,0,0,0,0,0,0,0,0,0,0
34.700000000000074,0,0,0,0,0,0,0,0,0,0,0
34.75000000000007,0,0,0,0,0,0,0,0,0,0,0
34.80000000000007,0,0,0,0,0,0,0,0,0,0,0
34.850000000000065,0,0,0,0,0,0,0,0,0,0,0
34.90000000000006,0,0,0,0,0,0,0,0,0,0,0
34.95000000000006,0,0,0,0,0,0,0,0,0,0,0
35.00000000000006,0,0,0,0,0,0,0,0,0,0,0
35.050000000000054,0,0,0,0,0,0,0,0,0,0,0
35.10000000000005,0,0,0,0,0,0,0,0,0,0,0
35.15000000000005,0,0,0,0,0,0,0,0,0,0,0
35.200000000000045,0,0,0,0,0,0,0,0,0,0,0
35.25000000000004,0,0,0,0,0,0,0,0,0,0,0
35.30000000000004,0,0,0,0,0,0,0,0,0,0,0
35.35000000000004,0,0,0,0,0,0,0,0,0,0,0
35.400000000000034,0,0,0,0,0,0,0,0,0,0,0
35.45000000000003,0,0,0,0,0,0,0,0,0,0,0
35.50000000000003,0,0,0,0,0,0,0,0,0,0,0
35.550000000000026,0,0,0,0,0,0,0,0,0,0,0
35.60000000000002,0,0,0,0,0,0,0,0,0,0,0
35.65000000000002,0,0,0,0,0,0,0,0,0,0,0
35.70000000000002,0,0,0,0,0,0,0,0,0,0,0
35.750000000000014,0,0,0,0,0,0,0,0,0,0,0
35.80000000000001,0,0,0,0,0,0,0,0,0,0,0
35.85000000000001,0,0,0,0,0,0,0,0,0,0,0
35.900000000000006,0,0,0,0,0,0,0,0,0,0,0
35.95,0,0,0,0,0,0,0,0,0,0,0
36.0,0,0,0,0,0,0,0,0,0,0,0
36.05,0,0,0,0,0,0,0,0,0,0,0
36.099999999999994,0,0,0,0,0,0,0,0,0,0,0
36.14999999999999,0,0,0,0,0,0,0,0,0,0,0
36.19999999999999,0,0,0,0,0,0,0,0,0,0,0
36.249999999999986,0,0,0,0,0,0,0,0,0,0,0
36.29999999999998,0,0,0,0,0,0,0,0,0,0,0
36.34999999999998,0,0,0,0,0,0,0,0,0,0,0
36.39999999999998,0,0,0,0,0,0,0,0,0,0,0
36.449999999999974,0,0,0,0,0,0,0,0,0,0,0
36.49999999999997,0,0,0,0,0,0,0,0,0,0,0
36.54999999999997,0,0,0,0,0,0,0,0,0,0,0
36.599999999999966,0,0,0,0,0,0,0,0,0,0,0
36.64999999999996,0,0,0,0,0,0,0,0,0,0,0
36.69999999999996,0,0,0,0,0,0,0,0,0,0,0
36.74999999999996,0,0,0,0,0,0,0,0,0,0,0
36.799999999999955,0,0,0,0,0,0,0,0,0,0,0
36.84999999999995,0,0,0,0,0,0,0,0,0,0,0
36.89999999999995,0,0,0,0,0,0,0,0,0,0,0
36.949999999999946,0,0,0,0,0,0,0,0,0,0,0
36.99999999999994,0,0,0,0,0,0,0,0,0,0,0
37.04999999999994,0,0,0,0,0,0,0,0,0,0,0
37.09999999999994,0,0,0,0,0,0,0,0,0,0,0
37.149999999999935,0,0,0,0,0,0,0,0,0,0,0
37.19999999999993,0,0,0,0,0,0,0,0,0,0,0
37.24999999999993,0,0,0,0,0,0,0,0,0,0,0
37.299999999999926,0,0,0,0,0,0,0,0,0,0,0
37.34999999999992,0,0,0,0,0,0,0,0,0,0,0
37.39999999999992,0,0,0,0,0,0,0,0,0,0,0
37.44999999999992,0,0,0,0,0,0,0,0,0,0,0
37.499999999999915,0,0,0,0,0,0,0,0,0,0,0
37.54999999999991,0,0,0,0,0,0,0,0,0,0,0
37.59999999999991,0,0,0,0,0,0,0,0,0,0,0
37.649999999999906,0,0,0,0,0,0,0,0,0,0,0
37.6999999999999,0,0,0,0,0,0,0,0,0,0,0
37.7499999999999,0,0,0,0,0,0,0,0,0,0,0
37.7999999999999,0,0,0,0,0,0,0,0,0,0,0
37.849999999999895,0,0,0,0,0,0,0,0,0,0,0
37.89999999999989,0,0,0,0,0,0,0,0,0,0,0
37.94999999999989,0,0,0,0,0,0,0,0,0,0,0
37.999999999999886,0,0,0,0,0,0,0,0,0,0,0
38.04999999999988,0,0,0,0,0,0,0,0,0,0,0
38.09999999999988,0,0,0,0,0,0,0,0,0,0,0
38.14999999999988,0,0,0,0,0,0,0,0,0,0,0
38.199999999999875,0,0,0,0,0,0,0,0,0,0,0
38.24999999999987,0,0,0,0,0,0,0,0,0,0,0
38.29999999999987,0,0,0,0,0,0,0,0,0,0,0
38.349999999999866,0,0,0,0,0,0,0,0,0,0,0
38.399999999999864,0,0,0,0,0,0,0,0,0,0,0
38.44999999999986,0,0,0,0,0,0,0,0,0,0,0
38.49999999999986,0,0,0,0,0,0,0,0,0,0,0
38.549999999999855,0,0,0,0,0,0,0,0,0,0,0
38.59999999999985,0,0,0,0,0,0,0,0,0,0,0
38.64999999999985,0,0,0,0,0,0,0,0,0,0,0
38.69999999999985,0,0,0,0,0,0,0,0,0,0,0
38.749999999999844,0,0,0,0,0,0,0,0,0,0,0
38.79999999999984,0,0,0,0,0,0,0,0,0,0,0
38.84999999999984,0,0,0,0,0,0,0,0,0,0,0
38.899999999999835,0,0,0,0,0,0,0,0,0,0,0
38.94999999999983,0,0,0,0,0,0,0,0,0,0,0
38.99999999999983,0,0,0,0,0,0,0,0,0,0,0
39.04999999999983,0,0,0,0,0,0,0,0,0,0,0
39.099999999999824,0,0,0,0,0,0,0,0,0,0,0
39.14999999999982,0,0,0,0,0,0,0,0,0,0,0
39.19999999999982,0,0,0,0,0,0,0,0,0,0,0
39.249999999999815,0,0,0,0,0,0,0,0,0,0,0
39.29999999999981,0,0,0,0,0,0,0,0,0,0,0
39.34999999999981,0,0,0,0,0,0,0,0,0,0,0
39.39999999999981,0,0,0,0,0,0,0,0,0,0,0
39.449999999999804,0,0,0,0,0,0,0,0,0,0,0
39.4999999999998,0,0,0,0,0,0,0,0,0,0,0
39.5499999999998,0,0,0,0,0,0,0,0,0,0,0
39.599999999999795,0,0,0,0,0,0,0,0,0,0,0
39.64999999999979,0,0,0,0,0,0,0,0,0,0,0
39.69999999999979,0,0,0,0,0,0,0,0,0,0,0
39.74999999999979,0,0,0,0,0,0,0,0,0,0,0
39.799999999999784,0,0,0,0,0,0,0,0,0,0,0
39.84999999999978,0,0,0,0,0,0,0,0,0,0,0
39.89999999999978,0,0,0,0,0,0,0,0,0,0,0
39.949999999999775,0,0,0,0,0,0,0,0,0,0,0
39.99999999999977,0,0,0,0,0,0,0,0,0,0,0
40.04999999999977,0,0,0,0,0,0,0,0,0,0,0
40.09999999999977,0,0,0,0,0,0,0,0,0,0,0
40.149999999999764,0,0,0,0,0,0,0,0,0,0,0
40.19999999999976,0,0,0,0,0,0,0,0,0,0,0
40.24999999999976,0,0,0,0,0,0,0,0,0,0,0
40.299999999999756,0,0,0,0,0,0,0,0,0,0,0
40.34999999999975,0,0,0,0,0,0,0,0,0,0,0
40.39999999999975,0,0,0,0,0,0,0,0,0,0,0
40.44999999999975,0,0,0,0,0,0,0,0,0,0,0
40.499999999999744,0,0,0,0,0,0,0,0,0,0,0
40.54999999999974,0,0,0,0,0,0,0,0,0,0,0
40.59999999999974,0,0,0,0,0,0,0,0,0,0,0
40.649999999999736,0,0,0,0,0,0,0,0,0,0,0
40.69999999999973,0,0,0,0,0,0,0,0,0,0,0
40.74999999999973,0,0,0,0,0,0,0,0,0,0,0
40.79999999999973,0,0,0,0,0,0,0,0,0,0,0
40.849999999999724,0,0,0,0,0,0,0,0,0,0,0
40.89999999999972,0,0,0,0,0,0,0,0,0,0,0
40.94999999999972,0,0,0,0,0,0,0,0,0,0,0
40.999999999999716,0,0,0,0,0,0,0,0,0,0,0
41.04999999999971,0,0,0,0,0,0,0,0,0,0,0
41.09999999999971,0,0,0,0,0,0,0,0,0,0,0
41.14999999999971,0,0,0,0,0,0,0,0,0,0,0
41.199999999999704,0,0,0,0,0,0,0,0,0,0,0
41.2499999999997,0,0,0,0,0,0,0,0,0,0,0
41.2999999999997,0,0,0,0,0,0,0,0,0,0,0
41.349999999999696,0,0,0,0,0,0,0,0,0,0,0
41.39999999999969,0,0,0,0,0,0,0,0,0,0,0
41.44999999999969,0,0,0,0,0,0,0,0,0,0,0
41.49999999999969,0,0,0,0,0,0,0,0,0,0,0
41.549999999999685,0,0,0,0,0,0,0,0,0,0,0
*****
16,0.05,100,0.6,1,10,100,0.261843996326,0.1280509099671
16,100,24,32,24,32,0,0,0,0,0,0
16.05,108,25,41,30,41,0,0,0,0,0,0
16.1,91,14,27,30,27,0,0,0,0,0,0
16.150000000000002,88,15,25,24,25,0,0,0,0,0,0
16.200000000000003,108,26,37,26,37,0,0,0,0,0,0
16.250000000000004,119,27,50,46,50,0,0,0,0,0,0
16.300000000000004,107,22,20,35,20,0,0,0,0,0,0
16.350000000000005,97,24,34,41,34,0,0,0,0,0,0
16.400000000000006,110,20,36,31,36,0,0,0,0,0,0
16.450000000000006,103,16,32,37,32,0,0,0,0,0,0
16.500000000000007,110,16,29,35,29,0,0,0,0,0,0
16.550000000000008,88,13,25,23,25,0,0,0,0,0,0
16.60000000000001,106,15,27,30,27,0,0,0,0,0,0
16.65000000000001,107,18,33,40,33,0,0,0,0,0,0
16.70000000000001,91,11,21,13,21,0,0,0,0,0,0
16.75000000000001,99,15,34,30,34,0,0,0,0,0,0
16.80000000000001,102,17,33,18,33,0,0,0,0,0,0
16.850000000000012,93,10,30,21,30,0,0,0,0,0,0
16.900000000000013,111,10,23,26,23,0,0,0,0,0,0
16.950000000000014,102,10,25,20,25,0,0,0,0,0,0
17.000000000000014,99,6,23,21,23,0,0,0,0,0,0
17.050000000000015,114,7,24,17,24,0,0,0,0,0,0
17.100000000000016,108,10,28,22,28,0,0,0,0,0,0
17.150000000000016,98,5,17,14,17,0,0,0,0,0,0
17.200000000000017,101,2,13,14,13,0,0,0,0,0,0
17.250000000000018,98,6,18,15,18,0,0,0,0,0,0
17.30000000000002,114,3,22,18,22,0,0,0,0,0,0
17.35000000000002,104,0,14,8,14,0,0,0,0,0,0
17.40000000000002,108,4,13,11,13,0,0,0,0,0,0
17.45000000000002,92,2,19,13,19,0,0,0,0,0,0
17.50000000000002,89,1,8,7,8,0,0,0,0,0,0
17.550000000000022,93,2,10,10,10,0,0,0,0,0,0
17.600000000000023,100,1,10,14,10,0,0,0,0,0,0
17.650000000000023,113,1,8,7,8,0,0,0,0,0,0
17.700000000000024,105,1,5,4,5,0,0,0,0,0,0
17.750000000000025,98,0,5,3,5,0,0,0,0,0,0
17.800000000000026,103,0,6,5,6,0,0,0,0,0,0
17.850000000000026,106,1,12,8,12,0,0,0,0,0,0
17.900000000000027,120,0,4,5,4,0,0,0,0,0,0
17.950000000000028,93,0,1,1,1,0,0,0,0,0,0
18.00000000000003,102,0,8,4,8,0,0,0,0,0,0
18.05000000000003,113,0,4,5,4,0,0,0,0,0,0
18.10000000000003,103,1,4,2,4,0,0,0,0,0,0
18.15000000000003,97,1,4,5,4,0,0,0,0,0,0
18.20000000000003,82,1,3,3,3,0,0,0,0,0,0
18.250000000000032,118,0,3,2,3,0,0,0,0,0,0
18.300000000000033,107,0,2,1,2,0,0,0,0,0,0
18.350000000000033,94,1,1,1,1,0,0,0,0,0,0
18.400000000000034,82,0,0,2,0,0,0,0,0,0,0
18.450000000000035,134,0,1,2,1,0,0,0,0,0,0
18.500000000000036,94,0,1,0,1,0,0,0,0,0,0
18.550000000000036,120,0,1,0,1,0,0,0,0,0,0
18.600000000000037,95,0,0,0,0,0,0,0,0,0,0
18.650000000000038,96,0,0,0,0,0,0,0,0,0,0
18.70000000000004,96,0,0,0,0,0,0,0,0,0,0
18.75000000000004,96,0,0,0,0,0,0,0,0,0,0
18.80000000000004,91,0,0,0,0,0,0,0,0,0,0
18.85000000000004,99,0,0,0,0,0,0,0,0,0,0
18.90000000000004,121,0,0,0,0,0,0,0,0,0,0
18.950000000000042,109,0,0,0,0,0,0,0,0,0,0
19.000000000000043,112,1,2,2,2,0,0,0,0,0,0
19.050000000000043,110,0,0,0,0,0,0,0,0,0,0
19.100000000000044,103,0,0,0,0,0,0,0,0,0,0
19.150000000000045,97,0,0,0,0,0,0,0,0,0,0
19.200000000000045,106,0,0,0,0,0,0,0,0,0,0
19.250000000000046,103,0,0,0,0,0,0,0,0,0,0
19.300000000000047,99,0,0,0,0,0,0,0,0,0,0
19.350000000000048,90,0,0,0,0,0,0,0,0,0,0
19.40000000000005,88,0,0,0,0,0,0,0,0,0,0
19.45000000000005,105,0,0,0,0,0,0,0,0,0,0
19.50000000000005,112,0,0,0,0,0,0,0,0,0,0
19.55000000000005,102,0,0,0,0,0,0,0,0,0,0
19.60000000000005,93,0,0,0,0,0,0,0,0,0,0
19.650000000000052,107,0,0,0,0,0,0,0,0,0,0
19.700000000000053,108,0,0,0,0,0,0,0,0,0,0
19.750000000000053,122,0,0,0,0,0,0,0,0,0,0
19.800000000000054,96,0,0,0,0,0,0,0,0,0,0
19.850000000000055,101,0,0,0,0,0,0,0,0,0,0
19.900000000000055,101,0,0,0,0,0,0,0,0,0,0
19.950000000000056,116,0,0,0,0,0,0,0,0,0,0
20.000000000000057,97,0,0,0,0,0,0,0,0,0,0
20.050000000000058,97,0,0,0,0,0,0,0,0,0,0
20.10000000000006,108,0,0,0,0,0,0,0,0,0,0
20.15000000000006,102,0,0,0,0,0,0,0,0,0,0
20.20000000000006,89,0,0,0,0,0,0,0,0,0,0
20.25000000000006,102,0,0,0,0,0,0,0,0,0,0
20.30000000000006,96,0,0,0,0,0,0,0,0,0,0
20.350000000000062,95,0,0,0,0,0,0,0,0,0,0
20.400000000000063,98,0,0,0,0,0,0,0,0,0,0
20.450000000000063,105,0,0,0,0,0,0,0,0,0,0
20.500000000000064,106,0,0,0,0,0,0,0,0,0,0
20.550000000000065,93,0,0,0,0,0,0,0,0,0,0
20.600000000000065,119,0,0,0,0,0,0,0,0,0,0
20.650000000000066,121,0,0,0,0,0,0,0,0,0,0
20.700000000000067,107,0,0,0,0,0,0,0,0,0,0
20.750000000000068,109,0,0,0,0,0,0,0,0,0,0
20.800000000000068,115,0,0,0,0,0,0,0,0,0,0
20.85000000000007,90,0,0,0,0,0,0,0,0,0,0
20.90000000000007,98,0,0,0,0,0,0,0,0,0,0
20.95000000000007,99,0,0,0,0,0,0,0,0,0,0
21.00000000000007,87,0,0,0,0,0,0,0,0,0,0
21.05000000000007,97,0,0,0,0,0,0,0,0,0,0
21.100000000000072,96,0,0,0,0,0,0,0,0,0,0
21.150000000000073,95,0,0,0,0,0,0,0,0,0,0
21.200000000000074,94,0,0,0,0,0,0,0,0,0,0
21.250000000000075,124,0,0,0,0,0,0,0,0,0,0
21.300000000000075,114,0,0,0,0,0,0,0,0,0,0
21.350000000000076,99,0,0,0,0,0,0,0,0,0,0
21.400000000000077,107,0,0,0,0,0,0,0,0,0,0
21.450000000000077,107,0,0,0,0,0,0,0,0,0,0
21.500000000000078,100,0,0,0,0,0,0,0,0,0,0
21.55000000000008,103,0,0,0,0,0,0,0,0,0,0
21.60000000000008,107,0,0,0,0,0,0,0,0,0,0
21.65000000000008,110,0,0,0,0,0,0,0,0,0,0
21.70000000000008,105,0,0,0,0,0,0,0,0,0,0
21.75000000000008,96,0,0,0,0,0,0,0,0,0,0
21.800000000000082,87,0,0,0,0,0,0,0,0,0,0
21.850000000000083,90,0,0,0,0,0,0,0,0,0,0
21.900000000000084,91,0,0,0,0,0,0,0,0,0,0
21.950000000000085,107,0,0,0,0,0,0,0,0,0,0
22.000000000000085,93,0,0,0,0,0,0,0,0,0,0
22.050000000000086,111,0,0,0,0,0,0,0,0,0,0
22.100000000000087,96,0,0,0,0,0,0,0,0,0,0
22.150000000000087,106,0,0,0,0,0,0,0,0,0,0
22.200000000000088,103,0,0,0,0,0,0,0,0,0,0
22.25000000000009,122,0,0,0,0,0,0,0,0,0,0
22.30000000000009,112,0,0,0,0,0,0,0,0,0,0
22.35000000000009,103,0,0,0,0,0,0,0,0,0,0
22.40000000000009,120,0,0,0,0,0,0,0,0,0,0
22.45000000000009,89,0,0,0,0,0,0,0,0,0,0
22.500000000000092,80,0,0,0,0,0,0,0,0,0,0
22.550000000000093,125,0,0,0,0,0,0,0,0,0,0
22.600000000000094,107,0,0,0,0,0,0,0,0,0,0
22.650000000000095,87,0,0,0,0,0,0,0,0,0,0
22.700000000000095,101,0,0,0,0,0,0,0,0,0,0
22.750000000000096,91,0,0,0,0,0,0,0,0,0,0
22.800000000000097,106,0,0,0,0,0,0,0,0,0,0
22.850000000000097,92,0,0,0,0,0,0,0,0,0,0
22.900000000000098,121,0,0,0,0,0,0,0,0,0,0
22.9500000000001,96,0,0,0,0,0,0,0,0,0,0
23.0000000000001,102,0,0,0,0,0,0,0,0,0,0
23.0500000000001,104,0,0,0,0,0,0,0,0,0,0
23.1000000000001,101,0,0,0,0,0,0,0,0,0,0
23.1500000000001,94,0,0,0,0,0,0,0,0,0,0
23.200000000000102,113,0,0,0,0,0,0,0,0,0,0
23.250000000000103,125,0,0,0,0,0,0,0,0,0,0
23.300000000000104,109,0,0,0,0,0,0,0,0,0,0
23.350000000000104,83,0,0,0,0,0,0,0,0,0,0
23.400000000000105,87,0,0,0,0,0,0,0,0,0,0
23.450000000000106,99,0,0,0,0,0,0,0,0,0,0
23.500000000000107,128,0,0,0,0,0,0,0,0,0,0
23.550000000000107,101,0,0,0,0,0,0,0,0,0,0
23.600000000000108,88,0,0,0,0,0,0,0,0,0,0
23.65000000000011,99,0,0,0,0,0,0,0,0,0,0
23.70000000000011,102,0,0,0,0,0,0,0,0,0,0
23.75000000000011,102,0,0,0,0,0,0,0,0,0,0
23.80000000000011,104,0,0,0,0,0,0,0,0,0,0
23.85000000000011,87,0,0,0,0,0,0,0,0,0,0
23.900000000000112,105,0,0,0,0,0,0,0,0,0,0
23.950000000000113,116,0,0,0,0,0,0,0,0,0,0
24.000000000000114,122,0,0,0,0,0,0,0,0,0,0
24.050000000000114,95,0,0,0,0,0,0,0,0,0,0
24.100000000000115,98,0,0,0,0,0,0,0,0,0,0
24.150000000000116,106,0,0,0,0,0,0,0,0,0,0
24.200000000000117,100,0,0,0,0,0,0,0,0,0,0
24.250000000000117,88,0,0,0,0,0,0,0,0,0,0
24.300000000000118,95,0,0,0,0,0,0,0,0,0,0
24.35000000000012,113,0,0,0,0,0,0,0,0,0,0
24.40000000000012,97,0,0,0,0,0,0,0,0,0,0
24.45000000000012,101,0,0,0,0,0,0,0,0,0,0
24.50000000000012,118,0,0,0,0,0,0,0,0,0,0
24.55000000000012,97,0,0,0,0,0,0,0,0,0,0
24.600000000000122,98,0,0,0,0,0,0,0,0,0,0
24.650000000000123,96,0,0,0,0,0,0,0,0,0,0
24.700000000000124,102,0,0,0,0,0,0,0,0,0,0
24.750000000000124,106,0,0,0,0,0,0,0,0,0,0
24.800000000000125,98,0,0,0,0,0,0,0,0,0,0
24.850000000000126,105,0,0,0,0,0,0,0,0,0,0
24.900000000000126,101,0,0,0,0,0,0,0,0,0,0
24.950000000000127,100,0,0,0,0,0,0,0,0,0,0
25.000000000000128,101,0,0,0,0,0,0,0,0,0,0
25.05000000000013,102,0,0,0,0,0,0,0,0,0,0
25.10000000000013,104,0,0,0,0,0,0,0,0,0,0
25.15000000000013,108,0,0,0,0,0,0,0,0,0,0
25.20000000000013,110,0,0,0,0,0,0,0,0,0,0
25.25000000000013,96,0,0,0,0,0,0,0,0,0,0
25.300000000000132,106,0,0,0,0,0,0,0,0,0,0
25.350000000000133,109,0,0,0,0,0,0,0,0,0,0
25.400000000000134,96,0,0,0,0,0,0,0,0,0,0
25.450000000000134,95,0,0,0,0,0,0,0,0,0,0
25.500000000000135,114,0,0,0,0,0,0,0,0,0,0
25.550000000000136,101,0,0,0,0,0,0,0,0,0,0
25.600000000000136,112,0,0,0,0,0,0,0,0,0,0
25.650000000000137,97,0,0,0,0,0,0,0,0,0,0
25.700000000000138,94,0,0,0,0,0,0,0,0,0,0
25.75000000000014,92,0,0,0,0,0,0,0,0,0,0
25.80000000000014,107,0,0,0,0,0,0,0,0,0,0
25.85000000000014,108,0,0,0,0,0,0,0,0,0,0
25.90000000000014,110,0,0,0,0,0,0,0,0,0,0
25.95000000000014,101,0,0,0,0,0,0,0,0,0,0
26.000000000000142,109,0,0,0,0,0,0,0,0,0,0
26.050000000000143,86,0,0,0,0,0,0,0,0,0,0
26.100000000000144,103,0,0,0,0,0,0,0,0,0,0
26.150000000000144,101,0,0,0,0,0,0,0,0,0,0
26.200000000000145,103,0,0,0,0,0,0,0,0,0,0
26.250000000000146,114,0,0,0,0,0,0,0,0,0,0
26.300000000000146,116,0,0,0,0,0,0,0,0,0,0
26.350000000000147,85,0,0,0,0,0,0,0,0,0,0
26.400000000000148,99,0,0,0,0,0,0,0,0,0,0
26.45000000000015,107,0,0,0,0,0,0,0,0,0,0
26.50000000000015,97,0,0,0,0,0,0,0,0,0,0
26.55000000000015,105,0,0,0,0,0,0,0,0,0,0
26.60000000000015,102,0,0,0,0,0,0,0,0,0,0
26.65000000000015,87,0,0,0,0,0,0,0,0,0,0
26.700000000000152,101,0,0,0,0,0,0,0,0,0,0
26.750000000000153,109,0,0,0,0,0,0,0,0,0,0
26.800000000000153,115,0,0,0,0,0,0,0,0,0,0
26.850000000000154,113,0,0,0,0,0,0,0,0,0,0
26.900000000000155,99,0,0,0,0,0,0,0,0,0,0
26.950000000000156,106,0,0,0,0,0,0,0,0,0,0
27.000000000000156,82,0,0,0,0,0,0,0,0,0,0
27.050000000000157,103,0,0,0,0,0,0,0,0,0,0
27.100000000000158,114,0,0,0,0,0,0,0,0,0,0
27.15000000000016,88,0,0,0,0,0,0,0,0,0,0
27.20000000000016,104,0,0,0,0,0,0,0,0,0,0
27.25000000000016,114,0,0,0,0,0,0,0,0,0,0
27.30000000000016,100,0,0,0,0,0,0,0,0,0,0
27.35000000000016,104,0,0,0,0,0,0,0,0,0,0
27.400000000000162,98,0,0,0,0,0,0,0,0,0,0
27.450000000000163,94,0,0,0,0,0,0,0,0,0,0
27.500000000000163,116,0,0,0,0,0,0,0,0,0,0
27.550000000000164,103,0,0,0,0,0,0,0,0,0,0
27.600000000000165,105,0,0,0,0,0,0,0,0,0,0
27.650000000000166,117,0,0,0,0,0,0,0,0,0,0
27.700000000000166,89,0,0,0,0,0,0,0,0,0,0
27.750000000000167,97,0,0,0,0,0,0,0,0,0,0
27.800000000000168,102,0,0,0,0,0,0,0,0,0,0
27.85000000000017,94,0,0,0,0,0,0,0,0,0,0
27.90000000000017,97,0,0,0,0,0,0,0,0,0,0
27.95000000000017,95,0,0,0,0,0,0,0,0,0,0
28.00000000000017,118,0,0,0,0,0,0,0,0,0,0
28.05000000000017,94,0,0,0,0,0,0,0,0,0,0
28.100000000000172,97,0,0,0,0,0,0,0,0,0,0
28.150000000000173,103,0,0,0,0,0,0,0,0,0,0
28.200000000000173,99,0,0,0,0,0,0,0,0,0,0
28.250000000000174,106,0,0,0,0,0,0,0,0,0,0
28.300000000000175,120,0,0,0,0,0,0,0,0,0,0
28.350000000000176,110,0,0,0,0,0,0,0,0,0,0
28.400000000000176,106,0,0,0,0,0,0,0,0,0,0
28.450000000000177,107,0,0,0,0,0,0,0,0,0,0
28.500000000000178,91,0,0,0,0,0,0,0,0,0,0
28.55000000000018,92,0,0,0,0,0,0,0,0,0,0
28.60000000000018,117,0,0,0,0,0,0,0,0,0,0
28.65000000000018,106,0,0,0,0,0,0,0,0,0,0
28.70000000000018,86,0,0,0,0,0,0,0,0,0,0
28.75000000000018,96,0,0,0,0,0,0,0,0,0,0
28.800000000000182,108,0,0,0,0,0,0,0,0,0,0
28.850000000000183,91,0,0,0,0,0,0,0,0,0,0
28.900000000000183,87,0,0,0,0,0,0,0,0,0,0
28.950000000000184,104,0,0,0,0,0,0,0,0,0,0
29.000000000000185,103,0,0,0,0,0,0,0,0,0,0
29.050000000000185,126,0,0,0,0,0,0,0,0,0,0
29.100000000000186,102,0,0,0,0,0,0,0,0,0,0
29.150000000000187,104,0,0,0,0,0,0,0,0,0,0
29.200000000000188,121,0,0,0,0,0,0,0,0,0,0
29.25000000000019,91,0,0,0,0,0,0,0,0,0,0
29.30000000000019,108,0,0,0,0,0,0,0,0,0,0
29.35000000000019,99,0,0,0,0,0,0,0,0,0,0
29.40000000000019,95,0,0,0,0,0,0,0,0,0,0
29.45000000000019,94,0,0,0,0,0,0,0,0,0,0
29.500000000000192,105,0,0,0,0,0,0,0,0,0,0
29.550000000000193,111,0,0,0,0,0,0,0,0,0,0
29.600000000000193,92,0,0,0,0,0,0,0,0,0,0
29.650000000000194,98,0,0,0,0,0,0,0,0,0,0
29.700000000000195,84,0,0,0,0,0,0,0,0,0,0
29.750000000000195,101,0,0,0,0,0,0,0,0,0,0
29.800000000000196,107,0,0,0,0,0,0,0,0,0,0
29.850000000000197,99,0,0,0,0,0,0,0,0,0,0
29.900000000000198,123,0,0,0,0,0,0,0,0,0,0
29.9500000000002,111,0,0,0,0,0,0,0,0,0,0
30.0000000000002,107,0,0,0,0,0,0,0,0,0,0
30.0500000000002,107,0,0,0,0,0,0,0,0,0,0
30.1000000000002,99,0,0,0,0,0,0,0,0,0,0
30.1500000000002,102,0,0,0,0,0,0,0,0,0,0
30.200000000000202,105,0,0,0,0,0,0,0,0,0,0
30.250000000000203,96,0,0,0,0,0,0,0,0,0,0
30.300000000000203,78,0,0,0,0,0,0,0,0,0,0
30.350000000000204,107,0,0,0,0,0,0,0,0,0,0
30.400000000000205,91,0,0,0,0,0,0,0,0,0,0
30.450000000000205,92,0,0,0,0,0,0,0,0,0,0
30.500000000000206,120,0,0,0,0,0,0,0,0,0,0
30.550000000000207,111,0,0,0,0,0,0,0,0,0,0
30.600000000000207,101,0,0,0,0,0,0,0,0,0,0
30.650000000000208,97,0,0,0,0,0,0,0,0,0,0
30.70000000000021,110,0,0,0,0,0,0,0,0,0,0
30.75000000000021,108,0,0,0,0,0,0,0,0,0,0
30.80000000000021,113,0,0,0,0,0,0,0,0,0,0
30.85000000000021,99,0,0,0,0,0,0,0,0,0,0
30.90000000000021,106,0,0,0,0,0,0,0,0,0,0
30.950000000000212,100,0,0,0,0,0,0,0,0,0,0
31.000000000000213,104,0,0,0,0,0,0,0,0,0,0
31.050000000000214,94,0,0,0,0,0,0,0,0,0,0
31.100000000000215,109,0,0,0,0,0,0,0,0,0,0
31.150000000000215,90,0,0,0,0,0,0,0,0,0,0
31.200000000000216,95,0,0,0,0,0,0,0,0,0,0
31.250000000000217,109,0,0,0,0,0,0,0,0,0,0
31.300000000000217,107,0,0,0,0,0,0,0,0,0,0
31.350000000000218,109,0,0,0,0,0,0,0,0,0,0
31.40000000000022,111,0,0,0,0,0,0,0,0,0,0
31.45000000000022,117,0,0,0,0,0,0,0,0,0,0
31.50000000000022,94,0,0,0,0,0,0,0,0,0,0
31.55000000000022,95,0,0,0,0,0,0,0,0,0,0
31.60000000000022,105,0,0,0,0,0,0,0,0,0,0
31.650000000000222,94,0,0,0,0,0,0,0,0,0,0
31.700000000000223,91,0,0,0,0,0,0,0,0,0,0
31.750000000000224,103,0,0,0,0,0,0,0,0,0,0
31.800000000000225,102,0,0,0,0,0,0,0,0,0,0
31.850000000000225,86,0,0,0,0,0,0,0,0,0,0
31.900000000000226,112,0,0,0,0,0,0,0,0,0,0
31.950000000000227,104,0,0,0,0,0,0,0,0,0,0
32.00000000000023,104,0,0,0,0,0,0,0,0,0,0
32.050000000000225,97,0,0,0,0,0,0,0,0,0,0
32.10000000000022,111,0,0,0,0,0,0,0,0,0,0
32.15000000000022,98,0,0,0,0,0,0,0,0,0,0
32.200000000000216,108,0,0,0,0,0,0,0,0,0,0
32.25000000000021,110,0,0,0,0,0,0,0,0,0,0
32.30000000000021,119,0,0,0,0,0,0,0,0,0,0
32.35000000000021,109,0,0,0,0,0,0,0,0,0,0
32.400000000000205,99,0,0,0,0,0,0,0,0,0,0
32.4500000000002,108,0,0,0,0,0,0,0,0,0,0
32.5000000000002,103,0,0,0,0,0,0,0,0,0,0
32.550000000000196,71,0,0,0,0,0,0,0,0,0,0
32.60000000000019,83,0,0,0,0,0,0,0,0,0,0
32.65000000000019,86,0,0,0,0,0,0,0,0,0,0
32.70000000000019,69,0,0,0,0,0,0,0,0,0,0
32.750000000000185,60,0,0,0,0,0,0,0,0,0,0
32.80000000000018,48,0,0,0,0,0,0,0,0,0,0
32.85000000000018,33,0,0,0,0,0,0,0,0,0,0
32.900000000000176,19,0,0,0,0,0,0,0,0,0,0
32.95000000000017,4,0,0,0,0,0,0,0,0,0,0
33.00000000000017,0,0,0,0,0,0,0,0,0,0,0
33.05000000000017,0,0,0,0,0,0,0,0,0,0,0
33.100000000000165,0,0,0,0,0,0,0,0,0,0,0
33.15000000000016,0,0,0,0,0,0,0,0,0,0,0
33.20000000000016,0,0,0,0,0,0,0,0,0,0,0
33.250000000000156,0,0,0,0,0,0,0,0,0,0,0
33.30000000000015,0,0,0,0,0,0,0,0,0,0,0
33.35000000000015,0,0,0,0,0,0,0,0,0,0,0
33.40000000000015,0,0,0,0,0,0,0,0,0,0,0
33.450000000000145,0,0,0,0,0,0,0,0,0,0,0
33.50000000000014,0,0,0,0,0,0,0,0,0,0,0
33.55000000000014,0,0,0,0,0,0,0,0,0,0,0
33.600000000000136,0,0,0,0,0,0,0,0,0,0,0
33.650000000000134,0,0,0,0,0,0,0,0,0,0,0
33.70000000000013,0,0,0,0,0,0,0,0,0,0,0
33.75000000000013,0,0,0,0,0,0,0,0,0,0,0
33.800000000000125,0,0,0,0,0,0,0,0,0,0,0
33.85000000000012,0,0,0,0,0,0,0,0,0,0,0
33.90000000000012,0,0,0,0,0,0,0,0,0,0,0
33.95000000000012,0,0,0,0,0,0,0,0,0,0,0
34.000000000000114,0,0,0,0,0,0,0,0,0,0,0
34.05000000000011,0,0,0,0,0,0,0,0,0,0,0
34.10000000000011,0,0,0,0,0,0,0,0,0,0,0
34.150000000000105,0,0,0,0,0,0,0,0,0,0,0
34.2000000000001,0,0,0,0,0,0,0,0,0,0,0
34.2500000000001,0,0,0,0,0,0,0,0,0,0,0
34.3000000000001,0,0,0,0,0,0,0,0,0,0,0
34.350000000000094,0,0,0,0,0,0,0,0,0,0,0
34.40000000000009,0,0,0,0,0,0,0,0,0,0,0
34.45000000000009,0,0,0,0,0,0,0,0,0,0,0
34.500000000000085,0,0,0,0,0,0,0,0,0,0,0
34.55000000000008,0,0,0,0,0,0,0,0,0,0,0
34.60000000000008,0,0,0,0,0,0,0,0,0,0,0
34.65000000000008,0,0,0,0,0,0,0,0,0,0,0
34.700000000000074,0,0,0,0,0,0,0,0,0,0,0
34.75000000000007,0,0,0,0,0,0,0,0,0,0,0
34.80000000000007,0,0,0,0,0,0,0,0,0,0,0
34.850000000000065,0,0,0,0,0,0,0,0,0,0,0
34.90000000000006,0,0,0,0,0,0,0,0,0,0,0
34.95000000000006,0,0,0,0,0,0,0,0,0,0,0
35.00000000000006,0,0,0,0,0,0,0,0,0,0,0
35.050000000000054,0,0,0,0,0,0,0,0,0,0,0
35.10000000000005,0,0,0,0,0,0,0,0,0,0,0
35.15000000000005,0,0,0,0,0,0,0,0,0,0,0
35.200000000000045,0,0,0,0,0,0,0,0,0,0,0
35.25000000000004,0,0,0,0,0,0,0,0,0,0,0
35.30000000000004,0,0,0,0,0,0,0,0,0,0,0
35.35000000000004,0,0,0,0,0,0,0,0,0,0,0
35.400000000000034,0,0,0,0,0,0,0,0,0,0,0
35.45000000000003,0,0,0,0,0,0,0,0,0,0,0
35.50000000000003,0,0,0,0,0,0,0,0,0,0,0
35.550000000000026,0,0,0,0,0,0,0,0,0,0,0
35.60000000000002,0,0,0,0,0,0,0,0,0,0,0
35.65000000000002,0,0,0,0,0,0,0,0,0,0,0
35.70000000000002,0,0,0,0,0,0,0,0,0,0,0
35.750000000000014,0,0,0,0,0,0,0,0,0,0,0
35.80000000000001,0,0,0,0,0,0,0,0,0,0,0
35.85000000000001,0,0,0,0,0,0,0,0,0,0,0
35.900000000000006,0,0,0,0,0,0,0,0,0,0,0
35.95,0,0,0,0,0,0,0,0,0,0,0
36.0,0,0,0,0,0,0,0,0,0,0,0
36.05,0,0,0,0,0,0,0,0,0,0,0
36.099999999999994,0,0,0,0,0,0,0,0,0,0,0
36.14999999999999,0,0,0,0,0,0,0,0,0,0,0
36.19999999999999,0,0,0,0,0,0,0,0,0,0,0
36.249999999999986,0,0,0,0,0,0,0,0,0,0,0
36.29999999999998,0,0,0,0,0,0,0,0,0,0,0
36.34999999999998,0,0,0,0,0,0,0,0,0,0,0
36.39999999999998,0,0,0,0,0,0,0,0,0,0,0
36.449999999999974,0,0,0,0,0,0,0,0,0,0,0
36.49999999999997,0,0,0,0,0,0,0,0,0,0,0
36.54999999999997,0,0,0,0,0,0,0,0,0,0,0
36.599999999999966,0,0,0,0,0,0,0,0,0,0,0
36.64999999999996,0,0,0,0,0,0,0,0,0,0,0
36.69999999999996,0,0,0,0,0,0,0,0,0,0,0
36.74999999999996,0,0,0,0,0,0,0,0,0,0,0
36.799999999999955,0,0,0,0,0,0,0,0,0,0,0
36.84999999999995,0,0,0,0,0,0,0,0,0,0,0
36.89999999999995,0,0,0,0,0,0,0,0,0,0,0
36.949999999999946,0,0,0,0,0,0,0,0,0,0,0
36.99999999999994,0,0,0,0,0,0,0,0,0,0,0
37.04999999999994,0,0,0,0,0,0,0,0,0,0,0
37.09999999999994,0,0,0,0,0,0,0,0,0,0,0
37.149999999999935,0,0,0,0,0,0,0,0,0,0,0
37.19999999999993,0,0,0,0,0,0,0,0,0,0,0
37.24999999999993,0,0,0,0,0,0,0,0,0,0,0
37.299999999999926,0,0,0,0,0,0,0,0,0,0,0
37.34999999999992,0,0,0,0,0,0,0,0,0,0,0
37.39999999999992,0,0,0,0,0,0,0,0,0,0,0
37.44999999999992,0,0,0,0,0,0,0,0,0,0,0
37.499999999999915,0,0,0,0,0,0,0,0,0,0,0
37.54999999999991,0,0,0,0,0,0,0,0,0,0,0
37.59999999999991,0,0,0,0,0,0,0,0,0,0,0
37.649999999999906,0,0,0,0,0,0,0,0,0,0,0
37.6999999999999,0,0,0,0,0,0,0,0,0,0,0
37.7499999999999,0,0,0,0,0,0,0,0,0,0,0
37.7999999999999,0,0,0,0,0,0,0,0,0,0,0
37.849999999999895,0,0,0,0,0,0,0,0,0,0,0
37.89999999999989,0,0,0,0,0,0,0,0,0,0,0
37.94999999999989,0,0,0,0,0,0,0,0,0,0,0
37.999999999999886,0,0,0,0,0,0,0,0,0,0,0
38.04999999999988,0,0,0,0,0,0,0,0,0,0,0
38.09999999999988,0,0,0,0,0,0,0,0,0,0,0
38.14999999999988,0,0,0,0,0,0,0,0,0,0,0
38.199999999999875,0,0,0,0,0,0,0,0,0,0,0
38.24999999999987,0,0,0,0,0,0,0,0,0,0,0
38.29999999999987,0,0,0,0,0,0,0,0,0,0,0
38.349999999999866,0,0,0,0,0,0,0,0,0,0,0
38.399999999999864,0,0,0,0,0,0,0,0,0,0,0
38.44999999999986,0,0,0,0,0,0,0,0,0,0,0
38.49999999999986,0,0,0,0,0,0,0,0,0,0,0
38.549999999999855,0,0,0,0,0,0,0,0,0,0,0
38.59999999999985,0,0,0,0,0,0,0,0,0,0,0
38.64999999999985,0,0,0,0,0,0,0,0,0,0,0
38.69999999999985,0,0,0,0,0,0,0,0,0,0,0
38.749999999999844,0,0,0,0,0,0,0,0,0,0,0
38.79999999999984,0,0,0,0,0,0,0,0,0,0,0
38.84999999999984,0,0,0,0,0,0,0,0,0,0,0
38.899999999999835,0,0,0,0,0,0,0,0,0,0,0
38.94999999999983,0,0,0,0,0,0,0,0,0,0,0
38.99999999999983,0,0,0,0,0,0,0,0,0,0,0
39.04999999999983,0,0,0,0,0,0,0,0,0,0,0
39.099999999999824,0,0,0,0,0,0,0,0,0,0,0
39.14999999999982,0,0,0,0,0,0,0,0,0,0,0
39.19999999999982,0,0,0,0,0,0,0,0,0,0,0
39.249999999999815,0,0,0,0,0,0,0,0,0,0,0
39.29999999999981,0,0,0,0,0,0,0,0,0,0,0
39.34999999999981,0,0,0,0,0,0,0,0,0,0,0
39.39999999999981,0,0,0,0,0,0,0,0,0,0,0
39.449999999999804,0,0,0,0,0,0,0,0,0,0,0
39.4999999999998,0,0,0,0,0,0,0,0,0,0,0
39.5499999999998,0,0,0,0,0,0,0,0,0,0,0
39.599999999999795,0,0,0,0,0,0,0,0,0,0,0
39.64999999999979,0,0,0,0,0,0,0,0,0,0,0
39.69999999999979,0,0,0,0,0,0,0,0,0,0,0
39.74999999999979,0,0,0,0,0,0,0,0,0,0,0
39.799999999999784,0,0,0,0,0,0,0,0,0,0,0
39.84999999999978,0,0,0,0,0,0,0,0,0,0,0
39.89999999999978,0,0,0,0,0,0,0,0,0,0,0
39.949999999999775,0,0,0,0,0,0,0,0,0,0,0
39.99999999999977,0,0,0,0,0,0,0,0,0,0,0
40.04999999999977,0,0,0,0,0,0,0,0,0,0,0
40.09999999999977,0,0,0,0,0,0,0,0,0,0,0
40.149999999999764,0,0,0,0,0,0,0,0,0,0,0
40.19999999999976,0,0,0,0,0,0,0,0,0,0,0
40.24999999999976,0,0,0,0,0,0,0,0,0,0,0
40.299999999999756,0,0,0,0,0,0,0,0,0,0,0
40.34999999999975,0,0,0,0,0,0,0,0,0,0,0
40.39999999999975,0,0,0,0,0,0,0,0,0,0,0
40.44999999999975,0,0,0,0,0,0,0,0,0,0,0
40.499999999999744,0,0,0,0,0,0,0,0,0,0,0
40.54999999999974,0,0,0,0,0,0,0,0,0,0,0
40.59999999999974,0,0,0,0,0,0,0,0,0,0,0
40.649999999999736,0,0,0,0,0,0,0,0,0,0,0
40.69999999999973,0,0,0,0,0,0,0,0,0,0,0
40.74999999999973,0,0,0,0,0,0,0,0,0,0,0
40.79999999999973,0,0,0,0,0,0,0,0,0,0,0
40.849999999999724,0,0,0,0,0,0,0,0,0,0,0
40.89999999999972,0,0,0,0,0,0,0,0,0,0,0
40.94999999999972,0,0,0,0,0,0,0,0,0,0,0
40.999999999999716,0,0,0,0,0,0,0,0,0,0,0
41.04999999999971,0,0,0,0,0,0,0,0,0,0,0
41.09999999999971,0,0,0,0,0,0,0,0,0,0,0
41.14999999999971,0,0,0,0,0,0,0,0,0,0,0
41.199999999999704,0,0,0,0,0,0,0,0,0,0,0
41.2499999999997,0,0,0,0,0,0,0,0,0,0,0
41.2999999999997,0,0,0,0,0,0,0,0,0,0,0
41.349999999999696,0,0,0,0,0,0,0,0,0,0,0
41.39999999999969,0,0,0,0,0,0,0,0,0,0,0
41.44999999999969,0,0,0,0,0,0,0,0,0,0,0
41.49999999999969,0,0,0,0,0,0,0,0,0,0,0
41.549999999999685,0,0,0,0,0,0,0,0,0,0,0
*****
16,0.05,100,0,1,10,100,0.261843996326,0.1280509099671
16,100,100,99,90,100,0,0,0,0,0,0
16.05,85,85,85,76,85,0,0,0,0,0,0
16.1,82,82,81,75,82,0,0,0,0,0,0
16.150000000000002,89,89,87,86,89,0,0,0,0,0,0
16.200000000000003,91,90,90,88,91,0,0,0,0,0,0
16.250000000000004,94,91,89,88,93,0,0,0,0,0,0
16.300000000000004,95,94,93,90,95,0,0,0,0,0,0
16.350000000000005,76,75,74,71,76,0,0,0,0,0,0
16.400000000000006,62,61,60,61,61,0,0,0,0,0,0
16.450000000000006,82,79,77,78,82,0,0,0,0,0,0
16.500000000000007,82,81,78,77,82,0,0,0,0,0,0
16.550000000000008,89,85,85,80,89,0,0,0,0,0,0
16.60000000000001,94,81,82,82,89,0,0,0,0,0,0
16.65000000000001,72,62,60,63,69,0,0,0,0,0,0
16.70000000000001,98,86,86,85,93,0,0,0,0,0,0
16.75000000000001,82,73,76,71,79,0,0,0,0,0,0
16.80000000000001,96,80,79,79,87,0,0,0,0,0,0
16.850000000000012,79,61,63,69,69,0,0,0,0,0,0
16.900000000000013,76,53,49,61,63,0,0,0,0,0,0
16.950000000000014,76,60,66,68,68,0,0,0,0,0,0
17.000000000000014,85,49,53,63,63,0,0,0,0,0,0
17.050000000000015,88,54,58,66,72,0,0,0,0,0,0
17.100000000000016,92,50,52,62,65,0,0,0,0,0,0
17.150000000000016,87,43,48,58,59,0,0,0,0,0,0
17.200000000000017,102,57,61,71,70,0,0,0,0,0,0
17.250000000000018,90,44,42,58,58,0,0,0,0,0,0
17.30000000000002,89,36,45,60,55,0,0,0,0,0,0
17.35000000000002,95,38,44,54,53,0,0,0,0,0,0
17.40000000000002,96,38,39,54,51,0,0,0,0,0,0
17.45000000000002,93,24,24,47,42,0,0,0,0,0,0
17.50000000000002,77,26,27,34,38,0,0,0,0,0,0
17.550000000000022,99,32,38,49,46,0,0,0,0,0,0
17.600000000000023,79,15,25,29,30,0,0,0,0,0,0
17.650000000000023,88,29,30,46,40,0,0,0,0,0,0
17.700000000000024,79,16,19,39,25,0,0,0,0,0,0
17.750000000000025,77,9,9,29,13,0,0,0,0,0,0
17.800000000000026,88,21,23,35,29,0,0,0,0,0,0
17.850000000000026,89,9,14,31,25,0,0,0,0,0,0
17.900000000000027,86,20,19,29,29,0,0,0,0,0,0
17.950000000000028,75,9,11,24,14,0,0,0,0,0,0
18.00000000000003,76,6,8,15,11,0,0,0,0,0,0
18.05000000000003,106,8,13,24,18,0,0,0,0,0,0
18.10000000000003,90,7,8,25,12,0,0,0,0,0,0
18.15000000000003,83,8,9,11,11,0,0,0,0,0,0
18.20000000000003,68,4,6,10,6,0,0,0,0,0,0
18.250000000000032,99,6,9,20,13,0,0,0,0,0,0
18.300000000000033,91,4,8,19,11,0,0,0,0,0,0
18.350000000000033,84,4,5,10,8,0,0,0,0,0,0
18.400000000000034,87,3,4,14,4,0,0,0,0,0,0
18.450000000000035,74,2,1,5,3,0,0,0,0,0,0
18.500000000000036,88,0,2,10,4,0,0,0,0,0,0
18.550000000000036,83,2,2,8,3,0,0,0,0,0,0
18.600000000000037,90,0,1,11,2,0,0,0,0,0,0
18.650000000000038,95,3,6,9,7,0,0,0,0,0,0
18.70000000000004,88,0,2,2,3,0,0,0,0,0,0
18.75000000000004,86,1,2,3,2,0,0,0,0,0,0
18.80000000000004,101,0,0,4,2,0,0,0,0,0,0
18.85000000000004,92,0,1,6,1,0,0,0,0,0,0
18.90000000000004,83,0,0,0,0,0,0,0,0,0,0
18.950000000000042,79,0,0,1,0,0,0,0,0,0,0
19.000000000000043,66,0,0,0,0,0,0,0,0,0,0
19.050000000000043,84,0,0,2,0,0,0,0,0,0,0
19.100000000000044,83,0,0,1,0,0,0,0,0,0,0
19.150000000000045,88,0,0,1,1,0,0,0,0,0,0
19.200000000000045,81,0,0,2,0,0,0,0,0,0,0
19.250000000000046,86,0,0,0,0,0,0,0,0,0,0
19.300000000000047,86,0,0,1,0,0,0,0,0,0,0
19.350000000000048,92,0,1,4,1,0,0,0,0,0,0
19.40000000000005,84,0,0,2,0,0,0,0,0,0,0
19.45000000000005,80,0,0,1,0,0,0,0,0,0,0
19.50000000000005,78,0,0,0,0,0,0,0,0,0,0
19.55000000000005,93,0,0,0,0,0,0,0,0,0,0
19.60000000000005,75,0,0,0,0,0,0,0,0,0,0
19.650000000000052,94,0,0,0,0,0,0,0,0,0,0
19.700000000000053,80,0,0,0,0,0,0,0,0,0,0
19.750000000000053,82,0,0,0,0,0,0,0,0,0,0
19.800000000000054,105,0,0,0,0,0,0,0,0,0,0
19.850000000000055,77,0,0,1,0,0,0,0,0,0,0
19.900000000000055,74,0,0,0,0,0,0,0,0,0,0
19.950000000000056,93,0,0,0,0,0,0,0,0,0,0
20.000000000000057,91,0,0,0,0,0,0,0,0,0,0
20.050000000000058,77,0,0,0,0,0,0,0,0,0,0
20.10000000000006,91,0,0,0,0,0,0,0,0,0,0
20.15000000000006,80,0,0,0,0,0,0,0,0,0,0
20.20000000000006,91,0,0,0,0,0,0,0,0,0,0
20.25000000000006,73,0,0,0,0,0,0,0,0,0,0
20.30000000000006,76,0,0,0,0,0,0,0,0,0,0
20.350000000000062,93,0,0,0,0,0,0,0,0,0,0
20.400000000000063,94,0,0,0,0,0,0,0,0,0,0
20.450000000000063,78,0,0,0,0,0,0,0,0,0,0
20.500000000000064,80,0,0,0,0,0,0,0,0,0,0
20.550000000000065,74,0,0,0,0,0,0,0,0,0,0
20.600000000000065,84,0,0,0,0,0,0,0,0,0,0
20.650000000000066,80,0,0,0,0,0,0,0,0,0,0
20.700000000000067,85,0,0,0,0,0,0,0,0,0,0
20.750000000000068,78,0,0,0,0,0,0,0,0,0,0
20.800000000000068,100,0,0,0,0,0,0,0,0,0,0
20.85000000000007,83,0,0,0,0,0,0,0,0,0,0
20.90000000000007,80,0,0,0,0,0,0,0,0,0,0
20.95000000000007,96,0,0,0,0,0,0,0,0,0,0
21.00000000000007,97,0,0,0,0,0,0,0,0,0,0
21.05000000000007,74,0,0,0,0,0,0,0,0,0,0
21.100000000000072,88,0,0,0,0,0,0,0,0,0,0
21.150000000000073,95,0,0,0,0,0,0,0,0,0,0
21.200000000000074,86,0,0,0,0,0,0,0,0,0,0
21.250000000000075,80,0,0,0,0,0,0,0,0,0,0
21.300000000000075,90,0,0,0,0,0,0,0,0,0,0
21.350000000000076,79,0,0,0,0,0,0,0,0,0,0
21.400000000000077,78,0,0,0,0,0,0,0,0,0,0
21.450000000000077,86,0,0,0,0,0,0,0,0,0,0
21.500000000000078,97,0,0,0,0,0,0,0,0,0,0
21.55000000000008,82,0,0,0,0,0,0,0,0,0,0
21.60000000000008,67,0,0,0,0,0,0,0,0,0,0
21.65000000000008,88,0,0,0,0,0,0,0,0,0,0
21.70000000000008,70,0,0,0,0,0,0,0,0,0,0
21.75000000000008,100,0,0,0,0,0,0,0,0,0,0
21.800000000000082,93,0,0,0,0,0,0,0,0,0,0
21.850000000000083,93,0,0,0,0,0,0,0,0,0,0
21.900000000000084,76,0,0,0,0,0,0,0,0,0,0
21.950000000000085,78,0,0,0,0,0,0,0,0,0,0
22.000000000000085,96,0,0,0,0,0,0,0,0,0,0
22.050000000000086,88,0,0,0,0,0,0,0,0,0,0
22.100000000000087,84,0,0,0,0,0,0,0,0,0,0
22.150000000000087,106,0,0,0,0,0,0,0,0,0,0
22.200000000000088,87,0,0,0,0,0,0,0,0,0,0
22.25000000000009,89,0,0,0,0,0,0,0,0,0,0
22.30000000000009,85,0,0,0,0,0,0,0,0,0,0
22.35000000000009,89,0,0,0,0,0,0,0,0,0,0
22.40000000000009,89,0,0,0,0,0,0,0,0,0,0
22.45000000000009,85,0,0,0,0,0,0,0,0,0,0
22.500000000000092,95,0,0,0,0,0,0,0,0,0,0
22.550000000000093,75,0,0,0,0,0,0,0,0,0,0
22.600000000000094,82,0,0,0,0,0,0,0,0,0,0
22.650000000000095,96,0,0,0,0,0,0,0,0,0,0
22.700000000000095,94,0,0,0,0,0,0,0,0,0,0
22.750000000000096,67,0,0,0,0,0,0,0,0,0,0
22.800000000000097,87,0,0,0,0,0,0,0,0,0,0
22.850000000000097,83,0,0,0,0,0,0,0,0,0,0
22.900000000000098,97,0,0,0,0,0,0,0,0,0,0
22.9500000000001,94,0,0,0,0,0,0,0,0,0,0
23.0000000000001,76,0,0,0,0,0,0,0,0,0,0
23.0500000000001,90,0,0,0,0,0,0,0,0,0,0
23.1000000000001,79,0,0,0,0,0,0,0,0,0,0
23.1500000000001,82,0,0,0,0,0,0,0,0,0,0
23.200000000000102,94,0,0,0,0,0,0,0,0,0,0
23.250000000000103,87,0,0,0,0,0,0,0,0,0,0
23.300000000000104,90,0,0,0,0,0,0,0,0,0,0
23.350000000000104,94,0,0,0,0,0,0,0,0,0,0
23.400000000000105,79,0,0,0,0,0,0,0,0,0,0
23.450000000000106,81,0,0,0,0,0,0,0,0,0,0
23.500000000000107,90,0,0,0,0,0,0,0,0,0,0
23.550000000000107,85,0,0,0,0,0,0,0,0,0,0
23.600000000000108,84,0,0,0,0,0,0,0,0,0,0
23.65000000000011,82,0,0,0,0,0,0,0,0,0,0
23.70000000000011,84,0,0,0,0,0,0,0,0,0,0
23.75000000000011,70,0,0,0,0,0,0,0,0,0,0
23.80000000000011,88,0,0,0,0,0,0,0,0,0,0
23.85000000000011,84,0,0,0,0,0,0,0,0,0,0
23.900000000000112,84,0,0,0,0,0,0,0,0,0,0
23.950000000000113,77,0,0,0,0,0,0,0,0,0,0
24.000000000000114,90,0,0,0,0,0,0,0,0,0,0
24.050000000000114,93,0,0,0,0,0,0,0,0,0,0
24.100000000000115,78,0,0,0,0,0,0,0,0,0,0
24.150000000000116,107,0,0,0,0,0,0,0,0,0,0
24.200000000000117,86,0,0,0,0,0,0,0,0,0,0
24.250000000000117,84,0,0,0,0,0,0,0,0,0,0
24.300000000000118,91,0,0,0,0,0,0,0,0,0,0
24.35000000000012,85,0,0,0,0,0,0,0,0,0,0
24.40000000000012,83,0,0,0,0,0,0,0,0,0,0
24.45000000000012,78,0,0,0,0,0,0,0,0,0,0
24.50000000000012,95,0,0,0,0,0,0,0,0,0,0
24.55000000000012,78,0,0,0,0,0,0,0,0,0,0
24.600000000000122,84,0,0,0,0,0,0,0,0,0,0
24.650000000000123,93,0,0,0,0,0,0,0,0,0,0
24.700000000000124,74,0,0,0,0,0,0,0,0,0,0
24.750000000000124,90,0,0,0,0,0,0,0,0,0,0
24.800000000000125,94,0,0,0,0,0,0,0,0,0,0
24.850000000000126,62,0,0,0,0,0,0,0,0,0,0
24.900000000000126,83,0,0,0,0,0,0,0,0,0,0
24.950000000000127,77,0,0,0,0,0,0,0,0,0,0
25.000000000000128,102,0,0,0,0,0,0,0,0,0,0
25.05000000000013,89,0,0,0,0,0,0,0,0,0,0
25.10000000000013,99,0,0,0,0,0,0,0,0,0,0
25.15000000000013,71,0,0,0,0,0,0,0,0,0,0
25.20000000000013,77,0,0,0,0,0,0,0,0,0,0
25.25000000000013,81,0,0,0,0,0,0,0,0,0,0
25.300000000000132,89,0,0,0,0,0,0,0,0,0,0
25.350000000000133,82,0,0,0,0,0,0,0,0,0,0
25.400000000000134,84,0,0,0,0,0,0,0,0,0,0
25.450000000000134,86,0,0,0,0,0,0,0,0,0,0
25.500000000000135,87,0,0,0,0,0,0,0,0,0,0
25.550000000000136,91,0,0,0,0,0,0,0,0,0,0
25.600000000000136,75,0,0,0,0,0,0,0,0,0,0
25.650000000000137,89,0,0,0,0,0,0,0,0,0,0
25.700000000000138,92,0,0,0,0,0,0,0,0,0,0
25.75000000000014,86,0,0,0,0,0,0,0,0,0,0
25.80000000000014,73,0,0,0,0,0,0,0,0,0,0
25.85000000000014,101,0,0,0,0,0,0,0,0,0,0
25.90000000000014,101,0,0,0,0,0,0,0,0,0,0
25.95000000000014,100,0,0,0,0,0,0,0,0,0,0
26.000000000000142,80,0,0,0,0,0,0,0,0,0,0
26.050000000000143,81,0,0,0,0,0,0,0,0,0,0
26.100000000000144,87,0,0,0,0,0,0,0,0,0,0
26.150000000000144,81,0,0,0,0,0,0,0,0,0,0
26.200000000000145,89,0,0,0,0,0,0,0,0,0,0
26.250000000000146,80,0,0,0,0,0,0,0,0,0,0
26.300000000000146,74,0,0,0,0,0,0,0,0,0,0
26.350000000000147,99,0,0,0,0,0,0,0,0,0,0
26.400000000000148,78,0,0,0,0,0,0,0,0,0,0
26.45000000000015,73,0,0,0,0,0,0,0,0,0,0
26.50000000000015,78,0,0,0,0,0,0,0,0,0,0
26.55000000000015,81,0,0,0,0,0,0,0,0,0,0
26.60000000000015,87,0,0,0,0,0,0,0,0,0,0
26.65000000000015,98,0,0,0,0,0,0,0,0,0,0
26.700000000000152,105,0,0,0,0,0,0,0,0,0,0
26.750000000000153,81,0,0,0,0,0,0,0,0,0,0
26.800000000000153,83,0,0,0,0,0,0,0,0,0,0
26.850000000000154,95,0,0,0,0,0,0,0,0,0,0
26.900000000000155,91,0,0,0,0,0,0,0,0,0,0
26.950000000000156,91,0,0,0,0,0,0,0,0,0,0
27.000000000000156,73,0,0,0,0,0,0,0,0,0,0
27.050000000000157,91,0,0,0,0,0,0,0,0,0,0
27.100000000000158,83,0,0,0,0,0,0,0,0,0,0
27.15000000000016,83,0,0,0,0,0,0,0,0,0,0
27.20000000000016,65,0,0,0,0,0,0,0,0,0,0
27.25000000000016,85,0,0,0,0,0,0,0,0,0,0
27.30000000000016,88,0,0,0,0,0,0,0,0,0,0
27.35000000000016,90,0,0,0,0,0,0,0,0,0,0
27.400000000000162,97,0,0,0,0,0,0,0,0,0,0
27.450000000000163,89,0,0,0,0,0,0,0,0,0,0
27.500000000000163,83,0,0,0,0,0,0,0,0,0,0
27.550000000000164,83,0,0,0,0,0,0,0,0,0,0
27.600000000000165,99,0,0,0,0,0,0,0,0,0,0
27.650000000000166,99,0,0,0,0,0,0,0,0,0,0
27.700000000000166,88,0,0,0,0,0,0,0,0,0,0
27.750000000000167,85,0,0,0,0,0,0,0,0,0,0
27.800000000000168,84,0,0,0,0,0,0,0,0,0,0
27.85000000000017,83,0,0,0,0,0,0,0,0,0,0
27.90000000000017,86,0,0,0,0,0,0,0,0,0,0
27.95000000000017,78,0,0,0,0,0,0,0,0,0,0
28.00000000000017,84,0,0,0,0,0,0,0,0,0,0
28.05000000000017,94,0,0,0,0,0,0,0,0,0,0
28.100000000000172,78,0,0,0,0,0,0,0,0,0,0
28.150000000000173,98,0,0,0,0,0,0,0,0,0,0
28.200000000000173,83,0,0,0,0,0,0,0,0,0,0
28.250000000000174,89,0,0,0,0,0,0,0,0,0,0
28.300000000000175,79,0,0,0,0,0,0,0,0,0,0
28.350000000000176,95,0,0,0,0,0,0,0,0,0,0
28.400000000000176,93,0,0,0,0,0,0,0,0,0,0
28.450000000000177,102,0,0,0,0,0,0,0,0,0,0
28.500000000000178,82,0,0,0,0,0,0,0,0,0,0
28.55000000000018,95,0,0,0,0,0,0,0,0,0,0
28.60000000000018,81,0,0,0,0,0,0,0,0,0,0
28.65000000000018,71,0,0,0,0,0,0,0,0,0,0
28.70000000000018,85,0,0,0,0,0,0,0,0,0,0
28.75000000000018,76,0,0,0,0,0,0,0,0,0,0
28.800000000000182,93,0,0,0,0,0,0,0,0,0,0
28.850000000000183,101,0,0,0,0,0,0,0,0,0,0
28.900000000000183,100,0,0,0,0,0,0,0,0,0,0
28.950000000000184,86,0,0,0,0,0,0,0,0,0,0
29.000000000000185,95,0,0,0,0,0,0,0,0,0,0
29.050000000000185,76,0,0,0,0,0,0,0,0,0,0
29.100000000000186,98,0,0,0,0,0,0,0,0,0,0
29.150000000000187,77,0,0,0,0,0,0,0,0,0,0
29.200000000000188,77,0,0,0,0,0,0,0,0,0,0
29.25000000000019,80,0,0,0,0,0,0,0,0,0,0
29.30000000000019,92,0,0,0,0,0,0,0,0,0,0
29.35000000000019,72,0,0,0,0,0,0,0,0,0,0
29.40000000000019,83,0,0,0,0,0,0,0,0,0,0
29.45000000000019,80,0,0,0,0,0,0,0,0,0,0
29.500000000000192,91,0,0,0,0,0,0,0,0,0,0
29.550000000000193,115,0,0,0,0,0,0,0,0,0,0
29.600000000000193,88,0,0,0,0,0,0,0,0,0,0
29.650000000000194,95,0,0,0,0,0,0,0,0,0,0
29.700000000000195,80,0,0,0,0,0,0,0,0,0,0
29.750000000000195,75,0,0,0,0,0,0,0,0,0,0
29.800000000000196,96,0,0,0,0,0,0,0,0,0,0
29.850000000000197,76,0,0,0,0,0,0,0,0,0,0
29.900000000000198,90,0,0,0,0,0,0,0,0,0,0
29.9500000000002,92,0,0,0,0,0,0,0,0,0,0
30.0000000000002,84,0,0,0,0,0,0,0,0,0,0
30.0500000000002,83,0,0,0,0,0,0,0,0,0,0
30.1000000000002,95,0,0,0,0,0,0,0,0,0,0
30.1500000000002,85,0,0,0,0,0,0,0,0,0,0
30.200000000000202,75,0,0,0,0,0,0,0,0,0,0
30.250000000000203,81,0,0,0,0,0,0,0,0,0,0
30.300000000000203,74,0,0,0,0,0,0,0,0,0,0
30.350000000000204,77,0,0,0,0,0,0,0,0,0,0
30.400000000000205,97,0,0,0,0,0,0,0,0,0,0
30.450000000000205,93,0,0,0,0,0,0,0,0,0,0
30.500000000000206,82,0,0,0,0,0,0,0,0,0,0
30.550000000000207,75,0,0,0,0,0,0,0,0,0,0
30.600000000000207,92,0,0,0,0,0,0,0,0,0,0
30.650000000000208,96,0,0,0,0,0,0,0,0,0,0
30.70000000000021,71,0,0,0,0,0,0,0,0,0,0
30.75000000000021,89,0,0,0,0,0,0,0,0,0,0
30.80000000000021,86,0,0,0,0,0,0,0,0,0,0
30.85000000000021,91,0,0,0,0,0,0,0,0,0,0
30.90000000000021,83,0,0,0,0,0,0,0,0,0,0
30.950000000000212,86,0,0,0,0,0,0,0,0,0,0
31.000000000000213,101,0,0,0,0,0,0,0,0,0,0
31.050000000000214,67,0,0,0,0,0,0,0,0,0,0
31.100000000000215,92,0,0,0,0,0,0,0,0,0,0
31.150000000000215,107,0,0,0,0,0,0,0,0,0,0
31.200000000000216,87,0,0,0,0,0,0,0,0,0,0
31.250000000000217,68,0,0,0,0,0,0,0,0,0,0
31.300000000000217,72,0,0,0,0,0,0,0,0,0,0
31.350000000000218,102,0,0,0,0,0,0,0,0,0,0
31.40000000000022,90,0,0,0,0,0,0,0,0,0,0
31.45000000000022,85,0,0,0,0,0,0,0,0,0,0
31.50000000000022,89,0,0,0,0,0,0,0,0,0,0
31.55000000000022,97,0,0,0,0,0,0,0,0,0,0
31.60000000000022,81,0,0,0,0,0,0,0,0,0,0
31.650000000000222,78,0,0,0,0,0,0,0,0,0,0
31.700000000000223,90,0,0,0,0,0,0,0,0,0,0
31.750000000000224,93,0,0,0,0,0,0,0,0,0,0
31.800000000000225,80,0,0,0,0,0,0,0,0,0,0
31.850000000000225,79,0,0,0,0,0,0,0,0,0,0
31.900000000000226,86,0,0,0,0,0,0,0,0,0,0
31.950000000000227,105,0,0,0,0,0,0,0,0,0,0
32.00000000000023,81,0,0,0,0,0,0,0,0,0,0
32.050000000000225,81,0,0,0,0,0,0,0,0,0,0
32.10000000000022,59,0,0,0,0,0,0,0,0,0,0
32.15000000000022,76,0,0,0,0,0,0,0,0,0,0
32.200000000000216,60,0,0,0,0,0,0,0,0,0,0
32.25000000000021,63,0,0,0,0,0,0,0,0,0,0
32.30000000000021,46,0,0,0,0,0,0,0,0,0,0
32.35000000000021,64,0,0,0,0,0,0,0,0,0,0
32.400000000000205,54,0,0,0,0,0,0,0,0,0,0
32.4500000000002,53,0,0,0,0,0,0,0,0,0,0
32.5000000000002,43,0,0,0,0,0,0,0,0,0,0
32.550000000000196,21,0,0,0,0,0,0,0,0,0,0
32.60000000000019,37,0,0,0,0,0,0,0,0,0,0
32.65000000000019,30,0,0,0,0,0,0,0,0,0,0
32.70000000000019,27,0,0,0,0,0,0,0,0,0,0
32.750000000000185,19,0,0,0,0,0,0,0,0,0,0
32.80000000000018,18,0,0,0,0,0,0,0,0,0,0
32.85000000000018,16,0,0,0,0,0,0,0,0,0,0
32.900000000000176,6,0,0,0,0,0,0,0,0,0,0
32.95000000000017,2,0,0,0,0,0,0,0,0,0,0
33.00000000000017,0,0,0,0,0,0,0,0,0,0,0
33.05000000000017,0,0,0,0,0,0,0,0,0,0,0
33.100000000000165,0,0,0,0,0,0,0,0,0,0,0
33.15000000000016,0,0,0,0,0,0,0,0,0,0,0
33.20000000000016,0,0,0,0,0,0,0,0,0,0,0
33.250000000000156,0,0,0,0,0,0,0,0,0,0,0
33.30000000000015,0,0,0,0,0,0,0,0,0,0,0
33.35000000000015,0,0,0,0,0,0,0,0,0,0,0
33.40000000000015,0,0,0,0,0,0,0,0,0,0,0
33.450000000000145,0,0,0,0,0,0,0,0,0,0,0
33.50000000000014,0,0,0,0,0,0,0,0,0,0,0
33.55000000000014,0,0,0,0,0,0,0,0,0,0,0
33.600000000000136,0,0,0,0,0,0,0,0,0,0,0
33.650000000000134,0,0,0,0,0,0,0,0,0,0,0
33.70000000000013,0,0,0,0,0,0,0,0,0,0,0
33.75000000000013,0,0,0,0,0,0,0,0,0,0,0
33.800000000000125,0,0,0,0,0,0,0,0,0,0,0
33.85000000000012,0,0,0,0,0,0,0,0,0,0,0
33.90000000000012,0,0,0,0,0,0,0,0,0,0,0
33.95000000000012,0,0,0,0,0,0,0,0,0,0,0
34.000000000000114,0,0,0,0,0,0,0,0,0,0,0
34.05000000000011,0,0,0,0,0,0,0,0,0,0,0
34.10000000000011,0,0,0,0,0,0,0,0,0,0,0
34.150000000000105,0,0,0,0,0,0,0,0,0,0,0
34.2000000000001,0,0,0,0,0,0,0,0,0,0,0
34.2500000000001,0,0,0,0,0,0,0,0,0,0,0
34.3000000000001,0,0,0,0,0,0,0,0,0,0,0
34.350000000000094,0,0,0,0,0,0,0,0,0,0,0
34.40000000000009,0,0,0,0,0,0,0,0,0,0,0
34.45000000000009,0,0,0,0,0,0,0,0,0,0,0
34.500000000000085,0,0,0,0,0,0,0,0,0,0,0
34.55000000000008,0,0,0,0,0,0,0,0,0,0,0
34.60000000000008,0,0,0,0,0,0,0,0,0,0,0
34.65000000000008,0,0,0,0,0,0,0,0,0,0,0
34.700000000000074,0,0,0,0,0,0,0,0,0,0,0
34.75000000000007,0,0,0,0,0,0,0,0,0,0,0
34.80000000000007,0,0,0,0,0,0,0,0,0,0,0
34.850000000000065,0,0,0,0,0,0,0,0,0,0,0
34.90000000000006,0,0,0,0,0,0,0,0,0,0,0
34.95000000000006,0,0,0,0,0,0,0,0,0,0,0
35.00000000000006,0,0,0,0,0,0,0,0,0,0,0
35.050000000000054,0,0,0,0,0,0,0,0,0,0,0
35.10000000000005,0,0,0,0,0,0,0,0,0,0,0
35.15000000000005,0,0,0,0,0,0,0,0,0,0,0
35.200000000000045,0,0,0,0,0,0,0,0,0,0,0
35.25000000000004,0,0,0,0,0,0,0,0,0,0,0
35.30000000000004,0,0,0,0,0,0,0,0,0,0,0
35.35000000000004,0,0,0,0,0,0,0,0,0,0,0
35.400000000000034,0,0,0,0,0,0,0,0,0,0,0
35.45000000000003,0,0,0,0,0,0,0,0,0,0,0
35.50000000000003,0,0,0,0,0,0,0,0,0,0,0
35.550000000000026,0,0,0,0,0,0,0,0,0,0,0
35.60000000000002,0,0,0,0,0,0,0,0,0,0,0
35.65000000000002,0,0,0,0,0,0,0,0,0,0,0
35.70000000000002,0,0,0,0,0,0,0,0,0,0,0
35.750000000000014,0,0,0,0,0,0,0,0,0,0,0
35.80000000000001,0,0,0,0,0,0,0,0,0,0,0
35.85000000000001,0,0,0,0,0,0,0,0,0,0,0
35.900000000000006,0,0,0,0,0,0,0,0,0,0,0
35.95,0,0,0,0,0,0,0,0,0,0,0
36.0,0,0,0,0,0,0,0,0,0,0,0
36.05,0,0,0,0,0,0,0,0,0,0,0
36.099999999999994,0,0,0,0,0,0,0,0,0,0,0
36.14999999999999,0,0,0,0,0,0,0,0,0,0,0
36.19999999999999,0,0,0,0,0,0,0,0,0,0,0
36.249999999999986,0,0,0,0,0,0,0,0,0,0,0
36.29999999999998,0,0,0,0,0,0,0,0,0,0,0
36.34999999999998,0,0,0,0,0,0,0,0,0,0,0
36.39999999999998,0,0,0,0,0,0,0,0,0,0,0
36.449999999999974,0,0,0,0,0,0,0,0,0,0,0
36.49999999999997,0,0,0,0,0,0,0,0,0,0,0
36.54999999999997,0,0,0,0,0,0,0,0,0,0,0
36.599999999999966,0,0,0,0,0,0,0,0,0,0,0
36.64999999999996,0,0,0,0,0,0,0,0,0,0,0
36.69999999999996,0,0,0,0,0,0,0,0,0,0,0
36.74999999999996,0,0,0,0,0,0,0,0,0,0,0
36.799999999999955,0,0,0,0,0,0,0,0,0,0,0
36.84999999999995,0,0,0,0,0,0,0,0,0,0,0
36.89999999999995,0,0,0,0,0,0,0,0,0,0,0
36.949999999999946,0,0,0,0,0,0,0,0,0,0,0
36.99999999999994,0,0,0,0,0,0,0,0,0,0,0
37.04999999999994,0,0,0,0,0,0,0,0,0,0,0
37.09999999999994,0,0,0,0,0,0,0,0,0,0,0
37.149999999999935,0,0,0,0,0,0,0,0,0,0,0
37.19999999999993,0,0,0,0,0,0,0,0,0,0,0
37.24999999999993,0,0,0,0,0,0,0,0,0,0,0
37.299999999999926,0,0,0,0,0,0,0,0,0,0,0
37.34999999999992,0,0,0,0,0,0,0,0,0,0,0
37.39999999999992,0,0,0,0,0,0,0,0,0,0,0
37.44999999999992,0,0,0,0,0,0,0,0,0,0,0
37.499999999999915,0,0,0,0,0,0,0,0,0,0,0
37.54999999999991,0,0,0,0,0,0,0,0,0,0,0
37.59999999999991,0,0,0,0,0,0,0,0,0,0,0
37.649999999999906,0,0,0,0,0,0,0,0,0,0,0
37.6999999999999,0,0,0,0,0,0,0,0,0,0,0
37.7499999999999,0,0,0,0,0,0,0,0,0,0,0
37.7999999999999,0,0,0,0,0,0,0,0,0,0,0
37.849999999999895,0,0,0,0,0,0,0,0,0,0,0
37.89999999999989,0,0,0,0,0,0,0,0,0,0,0
37.94999999999989,0,0,0,0,0,0,0,0,0,0,0
37.999999999999886,0,0,0,0,0,0,0,0,0,0,0
38.04999999999988,0,0,0,0,0,0,0,0,0,0,0
38.09999999999988,0,0,0,0,0,0,0,0,0,0,0
38.14999999999988,0,0,0,0,0,0,0,0,0,0,0
38.199999999999875,0,0,0,0,0,0,0,0,0,0,0
38.24999999999987,0,0,0,0,0,0,0,0,0,0,0
38.29999999999987,0,0,0,0,0,0,0,0,0,0,0
38.349999999999866,0,0,0,0,0,0,0,0,0,0,0
38.399999999999864,0,0,0,0,0,0,0,0,0,0,0
38.44999999999986,0,0,0,0,0,0,0,0,0,0,0
38.49999999999986,0,0,0,0,0,0,0,0,0,0,0
38.549999999999855,0,0,0,0,0,0,0,0,0,0,0
38.59999999999985,0,0,0,0,0,0,0,0,0,0,0
38.64999999999985,0,0,0,0,0,0,0,0,0,0,0
38.69999999999985,0,0,0,0,0,0,0,0,0,0,0
38.749999999999844,0,0,0,0,0,0,0,0,0,0,0
38.79999999999984,0,0,0,0,0,0,0,0,0,0,0
38.84999999999984,0,0,0,0,0,0,0,0,0,0,0
38.899999999999835,0,0,0,0,0,0,0,0,0,0,0
38.94999999999983,0,0,0,0,0,0,0,0,0,0,0
38.99999999999983,0,0,0,0,0,0,0,0,0,0,0
39.04999999999983,0,0,0,0,0,0,0,0,0,0,0
39.099999999999824,0,0,0,0,0,0,0,0,0,0,0
39.14999999999982,0,0,0,0,0,0,0,0,0,0,0
39.19999999999982,0,0,0,0,0,0,0,0,0,0,0
39.249999999999815,0,0,0,0,0,0,0,0,0,0,0
39.29999999999981,0,0,0,0,0,0,0,0,0,0,0
39.34999999999981,0,0,0,0,0,0,0,0,0,0,0
39.39999999999981,0,0,0,0,0,0,0,0,0,0,0
39.449999999999804,0,0,0,0,0,0,0,0,0,0,0
39.4999999999998,0,0,0,0,0,0,0,0,0,0,0
39.5499999999998,0,0,0,0,0,0,0,0,0,0,0
39.599999999999795,0,0,0,0,0,0,0,0,0,0,0
39.64999999999979,0,0,0,0,0,0,0,0,0,0,0
39.69999999999979,0,0,0,0,0,0,0,0,0,0,0
39.74999999999979,0,0,0,0,0,0,0,0,0,0,0
39.799999999999784,0,0,0,0,0,0,0,0,0,0,0
39.84999999999978,0,0,0,0,0,0,0,0,0,0,0
39.89999999999978,0,0,0,0,0,0,0,0,0,0,0
39.949999999999775,0,0,0,0,0,0,0,0,0,0,0
39.99999999999977,0,0,0,0,0,0,0,0,0,0,0
40.04999999999977,0,0,0,0,0,0,0,0,0,0,0
40.09999999999977,0,0,0,0,0,0,0,0,0,0,0
40.149999999999764,0,0,0,0,0,0,0,0,0,0,0
40.19999999999976,0,0,0,0,0,0,0,0,0,0,0
40.24999999999976,0,0,0,0,0,0,0,0,0,0,0
40.299999999999756,0,0,0,0,0,0,0,0,0,0,0
40.34999999999975,0,0,0,0,0,0,0,0,0,0,0
40.39999999999975,0,0,0,0,0,0,0,0,0,0,0
40.44999999999975,0,0,0,0,0,0,0,0,0,0,0
40.499999999999744,0,0,0,0,0,0,0,0,0,0,0
40.54999999999974,0,0,0,0,0,0,0,0,0,0,0
40.59999999999974,0,0,0,0,0,0,0,0,0,0,0
40.649999999999736,0,0,0,0,0,0,0,0,0,0,0
40.69999999999973,0,0,0,0,0,0,0,0,0,0,0
40.74999999999973,0,0,0,0,0,0,0,0,0,0,0
40.79999999999973,0,0,0,0,0,0,0,0,0,0,0
40.849999999999724,0,0,0,0,0,0,0,0,0,0,0
40.89999999999972,0,0,0,0,0,0,0,0,0,0,0
40.94999999999972,0,0,0,0,0,0,0,0,0,0,0
40.999999999999716,0,0,0,0,0,0,0,0,0,0,0
41.04999999999971,0,0,0,0,0,0,0,0,0,0,0
41.09999999999971,0,0,0,0,0,0,0,0,0,0,0
41.14999999999971,0,0,0,0,0,0,0,0,0,0,0
41.199999999999704,0,0,0,0,0,0,0,0,0,0,0
41.2499999999997,0,0,0,0,0,0,0,0,0,0,0
41.2999999999997,0,0,0,0,0,0,0,0,0,0,0
41.349999999999696,0,0,0,0,0,0,0,0,0,0,0
41.39999999999969,0,0,0,0,0,0,0,0,0,0,0
41.44999999999969,0,0,0,0,0,0,0,0,0,0,0
41.49999999999969,0,0,0,0,0,0,0,0,0,0,0
41.549999999999685,0,0,0,0,0,0,0,0,0,0,0
