*****
16,0.05,1000,0,1,10,100,0.39276599448899996,0.0426836366557
16,1000,1000,1000,981,1000,0,0,0,0,0,0
16.05,1105,1105,1105,1088,1105,0,0,0,0,0,0
16.1,1020,1020,1020,1008,1020,0,0,0,0,0,0
16.150000000000002,1041,1041,1041,1031,1041,0,0,0,0,0,0
16.200000000000003,1049,1049,1049,1034,1049,0,0,0,0,0,0
16.250000000000004,965,965,965,949,965,0,0,0,0,0,0
16.300000000000004,944,944,944,933,944,0,0,0,0,0,0
16.350000000000005,993,993,993,982,993,0,0,0,0,0,0
16.400000000000006,993,993,992,987,993,0,0,0,0,0,0
16.450000000000006,1061,1061,1061,1047,1061,0,0,0,0,0,0
16.500000000000007,1019,1018,1018,1009,1018,0,0,0,0,0,0
16.550000000000008,998,998,998,981,998,0,0,0,0,0,0
16.60000000000001,991,991,991,966,991,0,0,0,0,0,0
16.65000000000001,1023,1023,1023,1007,1023,0,0,0,0,0,0
16.70000000000001,999,999,999,976,999,0,0,0,0,0,0
16.75000000000001,1024,1023,1022,987,1024,0,0,0,0,0,0
16.80000000000001,1041,1041,1040,1005,1041,0,0,0,0,0,0
16.850000000000012,999,998,997,968,998,0,0,0,0,0,0
16.900000000000013,1040,1039,1038,988,1039,0,0,0,0,0,0
16.950000000000014,977,975,975,945,976,0,0,0,0,0,0
17.000000000000014,1014,1012,1009,966,1014,0,0,0,0,0,0
17.050000000000015,974,967,966,921,970,0,0,0,0,0,0
17.100000000000016,1034,1032,1027,999,1032,0,0,0,0,0,0
17.150000000000016,1008,1000,997,944,1001,0,0,0,0,0,0
17.200000000000017,996,988,985,939,990,0,0,0,0,0,0
17.250000000000018,968,963,959,897,964,0,0,0,0,0,0
17.30000000000002,1018,1005,1010,956,1015,0,0,0,0,0,0
17.35000000000002,1004,992,981,921,994,0,0,0,0,0,0
17.40000000000002,1038,1016,1008,950,1026,0,0,0,0,0,0
17.45000000000002,979,966,962,889,971,0,0,0,0,0,0
17.50000000000002,1003,984,973,900,988,0,0,0,0,0,0
17.550000000000022,996,961,954,900,973,0,0,0,0,0,0
17.600000000000023,1063,1031,1009,954,1038,0,0,0,0,0,0
17.650000000000023,977,924,916,839,936,0,0,0,0,0,0
17.700000000000024,987,942,934,863,957,0,0,0,0,0,0
17.750000000000025,1032,977,962,903,995,0,0,0,0,0,0
17.800000000000026,1007,950,919,844,958,0,0,0,0,0,0
17.850000000000026,1028,954,936,885,964,0,0,0,0,0,0
17.900000000000027,1015,924,897,854,949,0,0,0,0,0,0
17.950000000000028,991,904,881,833,920,0,0,0,0,0,0
18.00000000000003,921,833,796,759,849,0,0,0,0,0,0
18.05000000000003,894,801,762,719,814,0,0,0,0,0,0
18.10000000000003,976,873,834,817,892,0,0,0,0,0,0
18.15000000000003,1017,881,853,811,918,0,0,0,0,0,0
18.20000000000003,996,849,805,783,874,0,0,0,0,0,0
18.250000000000032,982,813,785,750,853,0,0,0,0,0,0
18.300000000000033,932,773,746,715,798,0,0,0,0,0,0
18.350000000000033,915,734,700,679,763,0,0,0,0,0,0
18.400000000000034,954,737,697,690,775,0,0,0,0,0,0
18.450000000000035,942,711,692,695,745,0,0,0,0,0,0
18.500000000000036,939,701,654,651,732,0,0,0,0,0,0
18.550000000000036,919,669,640,657,715,0,0,0,0,0,0
18.600000000000037,915,678,628,645,713,0,0,0,0,0,0
18.650000000000038,824,598,554,562,628,0,0,0,0,0,0
18.70000000000004,862,601,561,586,642,0,0,0,0,0,0
18.75000000000004,882,603,564,585,641,0,0,0,0,0,0
18.80000000000004,804,525,491,513,561,0,0,0,0,0,0
18.85000000000004,817,511,460,495,550,0,0,0,0,0,0
18.90000000000004,790,485,436,491,517,0,0,0,0,0,0
18.950000000000042,766,464,433,460,498,0,0,0,0,0,0
19.000000000000043,740,459,419,472,492,0,0,0,0,0,0
19.050000000000043,709,371,341,401,411,0,0,0,0,0,0
19.100000000000044,684,373,339,379,399,0,0,0,0,0,0
19.150000000000045,688,366,314,374,386,0,0,0,0,0,0
19.200000000000045,619,332,301,352,365,0,0,0,0,0,0
19.250000000000046,655,322,295,361,362,0,0,0,0,0,0
19.300000000000047,587,275,246,297,303,0,0,0,0,0,0
19.350000000000048,573,279,246,298,306,0,0,0,0,0,0
19.40000000000005,570,251,238,295,293,0,0,0,0,0,0
19.45000000000005,565,249,226,284,282,0,0,0,0,0,0
19.50000000000005,525,224,205,251,253,0,0,0,0,0,0
19.55000000000005,506,188,165,222,211,0,0,0,0,0,0
19.60000000000005,462,202,173,219,230,0,0,0,0,0,0
19.650000000000052,493,191,175,219,213,0,0,0,0,0,0
19.700000000000053,420,135,124,170,169,0,0,0,0,0,0
19.750000000000053,419,171,148,188,191,0,0,0,0,0,0
19.800000000000054,373,142,123,146,153,0,0,0,0,0,0
19.850000000000055,342,101,98,133,121,0,0,0,0,0,0
19.900000000000055,340,106,95,126,119,0,0,0,0,0,0
19.950000000000056,333,109,98,131,129,0,0,0,0,0,0
20.000000000000057,288,87,76,99,101,0,0,0,0,0,0
20.050000000000058,287,87,70,101,94,0,0,0,0,0,0
20.10000000000006,230,68,60,83,76,0,0,0,0,0,0
20.15000000000006,237,75,60,92,82,0,0,0,0,0,0
20.20000000000006,236,73,65,99,90,0,0,0,0,0,0
20.25000000000006,194,54,44,62,56,0,0,0,0,0,0
20.30000000000006,203,58,51,69,66,0,0,0,0,0,0
20.350000000000062,190,45,42,63,59,0,0,0,0,0,0
20.400000000000063,172,36,31,49,43,0,0,0,0,0,0
20.450000000000063,156,38,36,53,49,0,0,0,0,0,0
20.500000000000064,137,29,25,31,34,0,0,0,0,0,0
20.550000000000065,153,38,34,49,43,0,0,0,0,0,0
20.600000000000065,129,22,17,32,29,0,0,0,0,0,0
20.650000000000066,111,29,20,35,33,0,0,0,0,0,0
20.700000000000067,110,23,21,33,29,0,0,0,0,0,0
20.750000000000068,88,17,13,25,21,0,0,0,0,0,0
20.800000000000068,74,13,14,19,16,0,0,0,0,0,0
20.85000000000007,73,10,4,16,12,0,0,0,0,0,0
20.90000000000007,60,5,6,11,8,0,0,0,0,0,0
20.95000000000007,60,13,9,14,13,0,0,0,0,0,0
21.00000000000007,41,5,5,6,6,0,0,0,0,0,0
21.05000000000007,47,8,7,12,8,0,0,0,0,0,0
21.100000000000072,40,7,7,10,9,0,0,0,0,0,0
21.150000000000073,46,2,2,3,2,0,0,0,0,0,0
21.200000000000074,34,3,2,6,3,0,0,0,0,0,0
21.250000000000075,30,4,3,6,5,0,0,0,0,0,0
21.300000000000075,30,2,2,2,2,0,0,0,0,0,0
21.350000000000076,22,5,5,4,6,0,0,0,0,0,0
21.400000000000077,24,2,2,5,3,0,0,0,0,0,0
21.450000000000077,20,4,3,3,4,0,0,0,0,0,0
21.500000000000078,17,2,1,4,3,0,0,0,0,0,0
21.55000000000008,14,2,1,3,2,0,0,0,0,0,0
21.60000000000008,13,3,2,3,3,0,0,0,0,0,0
21.65000000000008,14,0,0,1,0,0,0,0,0,0,0
21.70000000000008,5,0,0,0,0,0,0,0,0,0,0
21.75000000000008,4,0,0,0,0,0,0,0,0,0,0
21.800000000000082,3,0,0,0,0,0,0,0,0,0,0
21.850000000000083,8,2,0,3,2,0,0,0,0,0,0
21.900000000000084,8,3,3,3,3,0,0,0,0,0,0
21.950000000000085,2,1,1,1,1,0,0,0,0,0,0
22.000000000000085,5,0,0,0,0,0,0,0,0,0,0
22.050000000000086,3,0,0,0,0,0,0,0,0,0,0
22.100000000000087,1,0,0,0,0,0,0,0,0,0,0
22.150000000000087,4,1,1,1,1,0,0,0,0,0,0
22.200000000000088,2,0,0,0,0,0,0,0,0,0,0
22.25000000000009,4,1,1,1,1,0,0,0,0,0,0
22.30000000000009,2,0,0,1,0,0,0,0,0,0,0
22.35000000000009,3,0,0,0,0,0,0,0,0,0,0
22.40000000000009,3,0,0,0,0,0,0,0,0,0,0
22.45000000000009,0,0,0,0,0,0,0,0,0,0,0
22.500000000000092,0,0,0,0,0,0,0,0,0,0,0
22.550000000000093,1,0,0,0,0,0,0,0,0,0,0
22.600000000000094,0,0,0,0,0,0,0,0,0,0,0
22.650000000000095,1,0,0,0,0,0,0,0,0,0,0
22.700000000000095,1,0,0,0,0,0,0,0,0,0,0
22.750000000000096,0,0,0,0,0,0,0,0,0,0,0
22.800000000000097,0,0,0,0,0,0,0,0,0,0,0
22.850000000000097,2,0,0,0,0,0,0,0,0,0,0
22.900000000000098,0,0,0,0,0,0,0,0,0,0,0
22.9500000000001,0,0,0,0,0,0,0,0,0,0,0
23.0000000000001,1,0,0,0,0,0,0,0,0,0,0
23.0500000000001,0,0,0,0,0,0,0,0,0,0,0
23.1000000000001,1,0,0,0,0,0,0,0,0,0,0
23.1500000000001,0,0,0,0,0,0,0,0,0,0,0
23.200000000000102,0,0,0,0,0,0,0,0,0,0,0
23.250000000000103,0,0,0,0,0,0,0,0,0,0,0
23.300000000000104,0,0,0,0,0,0,0,0,0,0,0
23.350000000000104,0,0,0,0,0,0,0,0,0,0,0
23.400000000000105,0,0,0,0,0,0,0,0,0,0,0
23.450000000000106,0,0,0,0,0,0,0,0,0,0,0
23.500000000000107,0,0,0,0,0,0,0,0,0,0,0
23.550000000000107,0,0,0,0,0,0,0,0,0,0,0
23.600000000000108,0,0,0,0,0,0,0,0,0,0,0
23.65000000000011,0,0,0,0,0,0,0,0,0,0,0
23.70000000000011,0,0,0,0,0,0,0,0,0,0,0
23.75000000000011,0,0,0,0,0,0,0,0,0,0,0
23.80000000000011,0,0,0,0,0,0,0,0,0,0,0
23.85000000000011,0,0,0,0,0,0,0,0,0,0,0
23.900000000000112,0,0,0,0,0,0,0,0,0,0,0
23.950000000000113,0,0,0,0,0,0,0,0,0,0,0
24.000000000000114,0,0,0,0,0,0,0,0,0,0,0
24.050000000000114,0,0,0,0,0,0,0,0,0,0,0
24.100000000000115,0,0,0,0,0,0,0,0,0,0,0
24.150000000000116,0,0,0,0,0,0,0,0,0,0,0
24.200000000000117,0,0,0,0,0,0,0,0,0,0,0
24.250000000000117,0,0,0,0,0,0,0,0,0,0,0
24.300000000000118,0,0,0,0,0,0,0,0,0,0,0
24.35000000000012,0,0,0,0,0,0,0,0,0,0,0
24.40000000000012,0,0,0,0,0,0,0,0,0,0,0
24.45000000000012,0,0,0,0,0,0,0,0,0,0,0
24.50000000000012,0,0,0,0,0,0,0,0,0,0,0
24.55000000000012,0,0,0,0,0,0,0,0,0,0,0
24.600000000000122,0,0,0,0,0,0,0,0,0,0,0
24.650000000000123,0,0,0,0,0,0,0,0,0,0,0
24.700000000000124,0,0,0,0,0,0,0,0,0,0,0
24.750000000000124,0,0,0,0,0,0,0,0,0,0,0
24.800000000000125,0,0,0,0,0,0,0,0,0,0,0
24.850000000000126,0,0,0,0,0,0,0,0,0,0,0
24.900000000000126,0,0,0,0,0,0,0,0,0,0,0
24.950000000000127,0,0,0,0,0,0,0,0,0,0,0
25.000000000000128,0,0,0,0,0,0,0,0,0,0,0
25.05000000000013,0,0,0,0,0,0,0,0,0,0,0
25.10000000000013,0,0,0,0,0,0,0,0,0,0,0
25.15000000000013,0,0,0,0,0,0,0,0,0,0,0
25.20000000000013,0,0,0,0,0,0,0,0,0,0,0
25.25000000000013,0,0,0,0,0,0,0,0,0,0,0
25.300000000000132,0,0,0,0,0,0,0,0,0,0,0
25.350000000000133,0,0,0,0,0,0,0,0,0,0,0
25.400000000000134,0,0,0,0,0,0,0,0,0,0,0
25.450000000000134,0,0,0,0,0,0,0,0,0,0,0
25.500000000000135,0,0,0,0,0,0,0,0,0,0,0
25.550000000000136,0,0,0,0,0,0,0,0,0,0,0
25.600000000000136,0,0,0,0,0,0,0,0,0,0,0
25.650000000000137,0,0,0,0,0,0,0,0,0,0,0
25.700000000000138,0,0,0,0,0,0,0,0,0,0,0
25.75000000000014,0,0,0,0,0,0,0,0,0,0,0
25.80000000000014,0,0,0,0,0,0,0,0,0,0,0
25.85000000000014,0,0,0,0,0,0,0,0,0,0,0
25.90000000000014,0,0,0,0,0,0,0,0,0,0,0
25.95000000000014,0,0,0,0,0,0,0,0,0,0,0
26.000000000000142,0,0,0,0,0,0,0,0,0,0,0
26.050000000000143,0,0,0,0,0,0,0,0,0,0,0
26.100000000000144,0,0,0,0,0,0,0,0,0,0,0
26.150000000000144,0,0,0,0,0,0,0,0,0,0,0
26.200000000000145,0,0,0,0,0,0,0,0,0,0,0
26.250000000000146,0,0,0,0,0,0,0,0,0,0,0
26.300000000000146,0,0,0,0,0,0,0,0,0,0,0
26.350000000000147,0,0,0,0,0,0,0,0,0,0,0
26.400000000000148,0,0,0,0,0,0,0,0,0,0,0
26.45000000000015,0,0,0,0,0,0,0,0,0,0,0
26.50000000000015,0,0,0,0,0,0,0,0,0,0,0
26.55000000000015,0,0,0,0,0,0,0,0,0,0,0
26.60000000000015,0,0,0,0,0,0,0,0,0,0,0
26.65000000000015,0,0,0,0,0,0,0,0,0,0,0
26.700000000000152,0,0,0,0,0,0,0,0,0,0,0
26.750000000000153,0,0,0,0,0,0,0,0,0,0,0
26.800000000000153,0,0,0,0,0,0,0,0,0,0,0
26.850000000000154,0,0,0,0,0,0,0,0,0,0,0
26.900000000000155,0,0,0,0,0,0,0,0,0,0,0
26.950000000000156,0,0,0,0,0,0,0,0,0,0,0
27.000000000000156,0,0,0,0,0,0,0,0,0,0,0
27.050000000000157,0,0,0,0,0,0,0,0,0,0,0
27.100000000000158,0,0,0,0,0,0,0,0,0,0,0
27.15000000000016,0,0,0,0,0,0,0,0,0,0,0
27.20000000000016,0,0,0,0,0,0,0,0,0,0,0
27.25000000000016,0,0,0,0,0,0,0,0,0,0,0
27.30000000000016,0,0,0,0,0,0,0,0,0,0,0
27.35000000000016,0,0,0,0,0,0,0,0,0,0,0
27.400000000000162,0,0,0,0,0,0,0,0,0,0,0
27.450000000000163,0,0,0,0,0,0,0,0,0,0,0
27.500000000000163,0,0,0,0,0,0,0,0,0,0,0
27.550000000000164,0,0,0,0,0,0,0,0,0,0,0
27.600000000000165,0,0,0,0,0,0,0,0,0,0,0
27.650000000000166,0,0,0,0,0,0,0,0,0,0,0
27.700000000000166,0,0,0,0,0,0,0,0,0,0,0
27.750000000000167,0,0,0,0,0,0,0,0,0,0,0
27.800000000000168,0,0,0,0,0,0,0,0,0,0,0
27.85000000000017,0,0,0,0,0,0,0,0,0,0,0
27.90000000000017,0,0,0,0,0,0,0,0,0,0,0
27.95000000000017,0,0,0,0,0,0,0,0,0,0,0
*****
16,0.05,1000,0,0.4,10,100,0.39276599448899996,0.0426836366557
16,1000,1000,1000,1000,1000,0,0,0,0,0,0
16.05,946,946,946,946,946,0,0,0,0,0,0
16.1,960,960,960,960,960,0,0,0,0,0,0
16.150000000000002,1010,1010,1010,1010,1010,0,0,0,0,0,0
16.200000000000003,968,968,968,968,968,0,0,0,0,0,0
16.250000000000004,961,961,961,959,961,0,0,0,0,0,0
16.300000000000004,979,979,979,979,979,0,0,0,0,0,0
16.350000000000005,976,976,976,975,976,0,0,0,0,0,0
16.400000000000006,953,953,953,953,953,0,0,0,0,0,0
16.450000000000006,993,993,993,993,993,0,0,0,0,0,0
16.500000000000007,997,997,997,997,997,0,0,0,0,0,0
16.550000000000008,1006,1006,1006,1006,1006,0,0,0,0,0,0
16.60000000000001,991,991,991,990,991,0,0,0,0,0,0
16.65000000000001,980,980,980,979,980,0,0,0,0,0,0
16.70000000000001,979,979,979,978,979,0,0,0,0,0,0
16.75000000000001,967,967,967,966,967,0,0,0,0,0,0
16.80000000000001,990,990,990,989,990,0,0,0,0,0,0
16.850000000000012,982,982,982,982,982,0,0,0,0,0,0
16.900000000000013,977,977,976,975,977,0,0,0,0,0,0
16.950000000000014,958,958,958,957,958,0,0,0,0,0,0
17.000000000000014,982,982,981,981,982,0,0,0,0,0,0
17.050000000000015,979,979,979,979,979,0,0,0,0,0,0
17.100000000000016,949,949,949,949,949,0,0,0,0,0,0
17.150000000000016,966,966,965,961,966,0,0,0,0,0,0
17.200000000000017,1012,1012,1012,1012,1012,0,0,0,0,0,0
17.250000000000018,932,932,932,931,932,0,0,0,0,0,0
17.30000000000002,971,971,971,967,971,0,0,0,0,0,0
17.35000000000002,947,947,947,946,947,0,0,0,0,0,0
17.40000000000002,913,913,912,910,913,0,0,0,0,0,0
17.45000000000002,1024,1024,1023,1023,1024,0,0,0,0,0,0
17.50000000000002,971,971,968,967,971,0,0,0,0,0,0
17.550000000000022,974,974,970,972,974,0,0,0,0,0,0
17.600000000000023,975,975,974,972,975,0,0,0,0,0,0
17.650000000000023,964,964,963,963,964,0,0,0,0,0,0
17.700000000000024,966,966,960,962,966,0,0,0,0,0,0
17.750000000000025,1006,1006,999,1004,1006,0,0,0,0,0,0
17.800000000000026,983,983,974,980,983,0,0,0,0,0,0
17.850000000000026,990,990,987,988,990,0,0,0,0,0,0
17.900000000000027,979,979,971,976,979,0,0,0,0,0,0
17.950000000000028,959,959,949,954,959,0,0,0,0,0,0
18.00000000000003,969,969,960,968,969,0,0,0,0,0,0
18.05000000000003,993,993,984,989,993,0,0,0,0,0,0
18.10000000000003,1010,1010,1002,1006,1010,0,0,0,0,0,0
18.15000000000003,1023,1023,1000,1020,1023,0,0,0,0,0,0
18.20000000000003,974,974,954,968,974,0,0,0,0,0,0
18.250000000000032,995,995,971,994,995,0,0,0,0,0,0
18.300000000000033,941,941,918,937,941,0,0,0,0,0,0
18.350000000000033,981,981,949,979,981,0,0,0,0,0,0
18.400000000000034,979,979,931,975,979,0,0,0,0,0,0
18.450000000000035,991,991,945,985,991,0,0,0,0,0,0
18.500000000000036,992,992,947,986,992,0,0,0,0,0,0
18.550000000000036,942,942,885,937,942,0,0,0,0,0,0
18.600000000000037,916,916,855,911,916,0,0,0,0,0,0
18.650000000000038,971,971,902,963,971,0,0,0,0,0,0
18.70000000000004,1001,1001,922,998,1001,0,0,0,0,0,0
18.75000000000004,1001,1001,905,995,1001,0,0,0,0,0,0
18.80000000000004,983,983,873,977,983,0,0,0,0,0,0
18.85000000000004,965,965,830,963,965,0,0,0,0,0,0
18.90000000000004,998,998,860,994,998,0,0,0,0,0,0
18.950000000000042,947,946,791,938,946,0,0,0,0,0,0
19.000000000000043,993,990,827,983,990,0,0,0,0,0,0
19.050000000000043,993,993,806,987,993,0,0,0,0,0,0
19.100000000000044,998,994,774,993,997,0,0,0,0,0,0
19.150000000000045,987,986,770,982,986,0,0,0,0,0,0
19.200000000000045,957,956,719,951,957,0,0,0,0,0,0
19.250000000000046,949,949,686,940,949,0,0,0,0,0,0
19.300000000000047,957,953,671,952,955,0,0,0,0,0,0
19.350000000000048,1004,998,703,993,1001,0,0,0,0,0,0
19.40000000000005,974,968,628,965,970,0,0,0,0,0,0
19.45000000000005,991,983,604,977,986,0,0,0,0,0,0
19.50000000000005,932,925,578,925,926,0,0,0,0,0,0
19.55000000000005,972,961,577,961,965,0,0,0,0,0,0
19.60000000000005,941,921,488,935,926,0,0,0,0,0,0
19.650000000000052,993,973,510,974,974,0,0,0,0,0,0
19.700000000000053,948,927,461,938,931,0,0,0,0,0,0
19.750000000000053,975,941,427,955,947,0,0,0,0,0,0
19.800000000000054,932,902,429,916,909,0,0,0,0,0,0
19.850000000000055,907,857,388,887,872,0,0,0,0,0,0
19.900000000000055,953,907,382,929,918,0,0,0,0,0,0
19.950000000000056,996,931,337,965,942,0,0,0,0,0,0
20.000000000000057,952,895,319,924,910,0,0,0,0,0,0
20.050000000000058,953,869,297,907,884,0,0,0,0,0,0
20.10000000000006,972,878,291,915,890,0,0,0,0,0,0
20.15000000000006,891,780,252,847,800,0,0,0,0,0,0
20.20000000000006,934,827,233,873,851,0,0,0,0,0,0
20.25000000000006,924,779,226,861,799,0,0,0,0,0,0
20.30000000000006,924,780,194,846,801,0,0,0,0,0,0
20.350000000000062,901,730,169,818,761,0,0,0,0,0,0
20.400000000000063,891,716,156,803,738,0,0,0,0,0,0
20.450000000000063,849,655,150,754,680,0,0,0,0,0,0
20.500000000000064,807,610,129,701,634,0,0,0,0,0,0
20.550000000000065,835,611,112,728,639,0,0,0,0,0,0
20.600000000000065,824,587,112,705,615,0,0,0,0,0,0
20.650000000000066,774,542,87,647,569,0,0,0,0,0,0
20.700000000000067,748,512,72,629,549,0,0,0,0,0,0
20.750000000000068,686,431,63,540,455,0,0,0,0,0,0
20.800000000000068,709,430,59,567,467,0,0,0,0,0,0
20.85000000000007,665,373,41,499,397,0,0,0,0,0,0
20.90000000000007,633,360,49,482,390,0,0,0,0,0,0
20.95000000000007,585,346,41,450,371,0,0,0,0,0,0
21.00000000000007,585,303,27,405,327,0,0,0,0,0,0
21.05000000000007,504,268,30,352,300,0,0,0,0,0,0
21.100000000000072,454,234,20,333,260,0,0,0,0,0,0
21.150000000000073,465,203,17,294,230,0,0,0,0,0,0
21.200000000000074,403,178,25,259,204,0,0,0,0,0,0
21.250000000000075,379,158,15,237,176,0,0,0,0,0,0
21.300000000000075,376,160,15,226,172,0,0,0,0,0,0
21.350000000000076,297,127,6,171,138,0,0,0,0,0,0
21.400000000000077,276,98,8,170,111,0,0,0,0,0,0
21.450000000000077,239,84,5,129,92,0,0,0,0,0,0
21.500000000000078,235,74,4,124,85,0,0,0,0,0,0
21.55000000000008,207,79,6,120,90,0,0,0,0,0,0
21.60000000000008,166,47,3,80,50,0,0,0,0,0,0
21.65000000000008,155,49,3,77,56,0,0,0,0,0,0
21.70000000000008,131,42,2,62,45,0,0,0,0,0,0
21.75000000000008,103,31,1,52,36,0,0,0,0,0,0
21.800000000000082,96,22,0,39,29,0,0,0,0,0,0
21.850000000000083,92,20,4,35,25,0,0,0,0,0,0
21.900000000000084,62,18,1,29,18,0,0,0,0,0,0
21.950000000000085,61,16,0,25,22,0,0,0,0,0,0
22.000000000000085,37,9,1,13,11,0,0,0,0,0,0
22.050000000000086,48,10,1,20,12,0,0,0,0,0,0
22.100000000000087,31,7,1,10,9,0,0,0,0,0,0
22.150000000000087,25,4,0,6,5,0,0,0,0,0,0
22.200000000000088,17,3,0,7,5,0,0,0,0,0,0
22.25000000000009,18,1,0,7,3,0,0,0,0,0,0
22.30000000000009,17,5,0,8,7,0,0,0,0,0,0
22.35000000000009,9,1,0,2,1,0,0,0,0,0,0
22.40000000000009,7,2,0,3,2,0,0,0,0,0,0
22.45000000000009,11,1,0,5,1,0,0,0,0,0,0
22.500000000000092,6,1,0,1,1,0,0,0,0,0,0
22.550000000000093,4,0,0,1,0,0,0,0,0,0,0
22.600000000000094,4,1,0,1,1,0,0,0,0,0,0
22.650000000000095,3,0,0,0,0,0,0,0,0,0,0
22.700000000000095,1,0,0,0,0,0,0,0,0,0,0
22.750000000000096,0,0,0,0,0,0,0,0,0,0,0
22.800000000000097,0,0,0,0,0,0,0,0,0,0,0
22.850000000000097,1,0,0,0,0,0,0,0,0,0,0
22.900000000000098,1,0,0,0,0,0,0,0,0,0,0
22.9500000000001,1,0,0,0,0,0,0,0,0,0,0
23.0000000000001,0,0,0,0,0,0,0,0,0,0,0
23.0500000000001,0,0,0,0,0,0,0,0,0,0,0
23.1000000000001,0,0,0,0,0,0,0,0,0,0,0
23.1500000000001,0,0,0,0,0,0,0,0,0,0,0
23.200000000000102,0,0,0,0,0,0,0,0,0,0,0
23.250000000000103,0,0,0,0,0,0,0,0,0,0,0
23.300000000000104,0,0,0,0,0,0,0,0,0,0,0
23.350000000000104,0,0,0,0,0,0,0,0,0,0,0
23.400000000000105,0,0,0,0,0,0,0,0,0,0,0
23.450000000000106,0,0,0,0,0,0,0,0,0,0,0
23.500000000000107,0,0,0,0,0,0,0,0,0,0,0
23.550000000000107,0,0,0,0,0,0,0,0,0,0,0
23.600000000000108,0,0,0,0,0,0,0,0,0,0,0
23.65000000000011,0,0,0,0,0,0,0,0,0,0,0
23.70000000000011,0,0,0,0,0,0,0,0,0,0,0
23.75000000000011,0,0,0,0,0,0,0,0,0,0,0
23.80000000000011,0,0,0,0,0,0,0,0,0,0,0
23.85000000000011,0,0,0,0,0,0,0,0,0,0,0
23.900000000000112,0,0,0,0,0,0,0,0,0,0,0
23.950000000000113,0,0,0,0,0,0,0,0,0,0,0
24.000000000000114,0,0,0,0,0,0,0,0,0,0,0
24.050000000000114,0,0,0,0,0,0,0,0,0,0,0
24.100000000000115,0,0,0,0,0,0,0,0,0,0,0
24.150000000000116,0,0,0,0,0,0,0,0,0,0,0
24.200000000000117,0,0,0,0,0,0,0,0,0,0,0
24.250000000000117,0,0,0,0,0,0,0,0,0,0,0
24.300000000000118,0,0,0,0,0,0,0,0,0,0,0
24.35000000000012,0,0,0,0,0,0,0,0,0,0,0
24.40000000000012,0,0,0,0,0,0,0,0,0,0,0
24.45000000000012,0,0,0,0,0,0,0,0,0,0,0
24.50000000000012,0,0,0,0,0,0,0,0,0,0,0
24.55000000000012,0,0,0,0,0,0,0,0,0,0,0
24.600000000000122,0,0,0,0,0,0,0,0,0,0,0
24.650000000000123,0,0,0,0,0,0,0,0,0,0,0
24.700000000000124,0,0,0,0,0,0,0,0,0,0,0
24.750000000000124,0,0,0,0,0,0,0,0,0,0,0
24.800000000000125,0,0,0,0,0,0,0,0,0,0,0
24.850000000000126,0,0,0,0,0,0,0,0,0,0,0
24.900000000000126,0,0,0,0,0,0,0,0,0,0,0
24.950000000000127,0,0,0,0,0,0,0,0,0,0,0
25.000000000000128,0,0,0,0,0,0,0,0,0,0,0
25.05000000000013,0,0,0,0,0,0,0,0,0,0,0
25.10000000000013,0,0,0,0,0,0,0,0,0,0,0
25.15000000000013,0,0,0,0,0,0,0,0,0,0,0
25.20000000000013,0,0,0,0,0,0,0,0,0,0,0
25.25000000000013,0,0,0,0,0,0,0,0,0,0,0
25.300000000000132,0,0,0,0,0,0,0,0,0,0,0
25.350000000000133,0,0,0,0,0,0,0,0,0,0,0
25.400000000000134,0,0,0,0,0,0,0,0,0,0,0
25.450000000000134,0,0,0,0,0,0,0,0,0,0,0
25.500000000000135,0,0,0,0,0,0,0,0,0,0,0
25.550000000000136,0,0,0,0,0,0,0,0,0,0,0
25.600000000000136,0,0,0,0,0,0,0,0,0,0,0
25.650000000000137,0,0,0,0,0,0,0,0,0,0,0
25.700000000000138,0,0,0,0,0,0,0,0,0,0,0
25.75000000000014,0,0,0,0,0,0,0,0,0,0,0
25.80000000000014,0,0,0,0,0,0,0,0,0,0,0
25.85000000000014,0,0,0,0,0,0,0,0,0,0,0
25.90000000000014,0,0,0,0,0,0,0,0,0,0,0
25.95000000000014,0,0,0,0,0,0,0,0,0,0,0
26.000000000000142,0,0,0,0,0,0,0,0,0,0,0
26.050000000000143,0,0,0,0,0,0,0,0,0,0,0
26.100000000000144,0,0,0,0,0,0,0,0,0,0,0
26.150000000000144,0,0,0,0,0,0,0,0,0,0,0
26.200000000000145,0,0,0,0,0,0,0,0,0,0,0
26.250000000000146,0,0,0,0,0,0,0,0,0,0,0
26.300000000000146,0,0,0,0,0,0,0,0,0,0,0
26.350000000000147,0,0,0,0,0,0,0,0,0,0,0
26.400000000000148,0,0,0,0,0,0,0,0,0,0,0
26.45000000000015,0,0,0,0,0,0,0,0,0,0,0
26.50000000000015,0,0,0,0,0,0,0,0,0,0,0
26.55000000000015,0,0,0,0,0,0,0,0,0,0,0
26.60000000000015,0,0,0,0,0,0,0,0,0,0,0
26.65000000000015,0,0,0,0,0,0,0,0,0,0,0
26.700000000000152,0,0,0,0,0,0,0,0,0,0,0
26.750000000000153,0,0,0,0,0,0,0,0,0,0,0
26.800000000000153,0,0,0,0,0,0,0,0,0,0,0
26.850000000000154,0,0,0,0,0,0,0,0,0,0,0
26.900000000000155,0,0,0,0,0,0,0,0,0,0,0
26.950000000000156,0,0,0,0,0,0,0,0,0,0,0
27.000000000000156,0,0,0,0,0,0,0,0,0,0,0
27.050000000000157,0,0,0,0,0,0,0,0,0,0,0
27.100000000000158,0,0,0,0,0,0,0,0,0,0,0
27.15000000000016,0,0,0,0,0,0,0,0,0,0,0
27.20000000000016,0,0,0,0,0,0,0,0,0,0,0
27.25000000000016,0,0,0,0,0,0,0,0,0,0,0
27.30000000000016,0,0,0,0,0,0,0,0,0,0,0
27.35000000000016,0,0,0,0,0,0,0,0,0,0,0
27.400000000000162,0,0,0,0,0,0,0,0,0,0,0
27.450000000000163,0,0,0,0,0,0,0,0,0,0,0
27.500000000000163,0,0,0,0,0,0,0,0,0,0,0
27.550000000000164,0,0,0,0,0,0,0,0,0,0,0
27.600000000000165,0,0,0,0,0,0,0,0,0,0,0
27.650000000000166,0,0,0,0,0,0,0,0,0,0,0
27.700000000000166,0,0,0,0,0,0,0,0,0,0,0
27.750000000000167,0,0,0,0,0,0,0,0,0,0,0
27.800000000000168,0,0,0,0,0,0,0,0,0,0,0
27.85000000000017,0,0,0,0,0,0,0,0,0,0,0
27.90000000000017,0,0,0,0,0,0,0,0,0,0,0
27.95000000000017,0,0,0,0,0,0,0,0,0,0,0
*****
16,0.05,1000,0.3,0.7,10,100,0.39276599448899996,0.0426836366557
16,1000,1000,1000,999,1000,0,0,0,0,0,0
16.05,974,974,974,971,974,0,0,0,0,0,0
16.1,977,977,977,973,977,0,0,0,0,0,0
16.150000000000002,1025,1025,1025,1024,1025,0,0,0,0,0,0
16.200000000000003,993,993,993,992,993,0,0,0,0,0,0
16.250000000000004,1019,1019,1019,1018,1019,0,0,0,0,0,0
16.300000000000004,1046,1046,1046,1046,1046,0,0,0,0,0,0
16.350000000000005,1010,1010,1010,1006,1010,0,0,0,0,0,0
16.400000000000006,1039,1039,1039,1036,1039,0,0,0,0,0,0
16.450000000000006,983,983,983,983,983,0,0,0,0,0,0
16.500000000000007,1029,1029,1029,1029,1029,0,0,0,0,0,0
16.550000000000008,1042,1042,1042,1039,1042,0,0,0,0,0,0
16.60000000000001,1037,1037,1037,1032,1037,0,0,0,0,0,0
16.65000000000001,976,976,976,974,976,0,0,0,0,0,0
16.70000000000001,1025,1025,1025,1021,1025,0,0,0,0,0,0
16.75000000000001,1058,1058,1058,1055,1058,0,0,0,0,0,0
16.80000000000001,1007,1007,1007,1006,1007,0,0,0,0,0,0
16.850000000000012,1005,1005,1005,1002,1005,0,0,0,0,0,0
16.900000000000013,1033,1033,1033,1027,1033,0,0,0,0,0,0
16.950000000000014,1013,1013,1013,1007,1013,0,0,0,0,0,0
17.000000000000014,1012,1012,1012,1001,1012,0,0,0,0,0,0
17.050000000000015,1013,1013,1013,1004,1013,0,0,0,0,0,0
17.100000000000016,987,987,987,979,987,0,0,0,0,0,0
17.150000000000016,1048,1048,1048,1035,1048,0,0,0,0,0,0
17.200000000000017,977,977,977,967,977,0,0,0,0,0,0
17.250000000000018,995,995,995,982,995,0,0,0,0,0,0
17.30000000000002,1014,1014,1014,1007,1014,0,0,0,0,0,0
17.35000000000002,1061,1061,1061,1047,1061,0,0,0,0,0,0
17.40000000000002,1043,1043,1043,1033,1043,0,0,0,0,0,0
17.45000000000002,1028,1028,1028,1012,1028,0,0,0,0,0,0
17.50000000000002,1005,1005,1005,987,1005,0,0,0,0,0,0
17.550000000000022,1055,1055,1055,1042,1055,0,0,0,0,0,0
17.600000000000023,993,993,993,980,993,0,0,0,0,0,0
17.650000000000023,1000,1000,1000,978,1000,0,0,0,0,0,0
17.700000000000024,1006,1006,1006,989,1006,0,0,0,0,0,0
17.750000000000025,1087,1087,1087,1065,1087,0,0,0,0,0,0
17.800000000000026,1024,1023,1024,995,1024,0,0,0,0,0,0
17.850000000000026,1003,1003,1003,980,1003,0,0,0,0,0,0
17.900000000000027,1022,1022,1022,1005,1022,0,0,0,0,0,0
17.950000000000028,990,989,989,964,989,0,0,0,0,0,0
18.00000000000003,966,966,966,945,966,0,0,0,0,0,0
18.05000000000003,1015,1015,1015,980,1015,0,0,0,0,0,0
18.10000000000003,1019,1019,1019,993,1019,0,0,0,0,0,0
18.15000000000003,1021,1021,1020,993,1021,0,0,0,0,0,0
18.20000000000003,999,998,998,970,998,0,0,0,0,0,0
18.250000000000032,1045,1043,1044,1013,1044,0,0,0,0,0,0
18.300000000000033,1031,1030,1028,1004,1030,0,0,0,0,0,0
18.350000000000033,1002,1000,998,969,1000,0,0,0,0,0,0
18.400000000000034,1030,1026,1027,984,1028,0,0,0,0,0,0
18.450000000000035,1024,1022,1020,986,1023,0,0,0,0,0,0
18.500000000000036,1015,1013,1013,976,1015,0,0,0,0,0,0
18.550000000000036,1037,1032,1032,994,1035,0,0,0,0,0,0
18.600000000000037,1014,1008,1008,975,1011,0,0,0,0,0,0
18.650000000000038,997,990,987,953,994,0,0,0,0,0,0
18.70000000000004,990,982,981,940,982,0,0,0,0,0,0
18.75000000000004,1007,995,995,963,999,0,0,0,0,0,0
18.80000000000004,1005,997,992,948,998,0,0,0,0,0,0
18.85000000000004,1061,1039,1042,998,1045,0,0,0,0,0,0
18.90000000000004,1017,1003,997,964,1007,0,0,0,0,0,0
18.950000000000042,1020,1000,995,967,1005,0,0,0,0,0,0
19.000000000000043,1046,1030,1022,981,1035,0,0,0,0,0,0
19.050000000000043,983,959,955,919,967,0,0,0,0,0,0
19.100000000000044,1006,978,974,931,987,0,0,0,0,0,0
19.150000000000045,1008,967,955,924,971,0,0,0,0,0,0
19.200000000000045,1064,1016,1014,982,1031,0,0,0,0,0,0
19.250000000000046,930,891,878,847,901,0,0,0,0,0,0
19.300000000000047,1042,980,966,949,994,0,0,0,0,0,0
19.350000000000048,1003,938,932,908,950,0,0,0,0,0,0
19.40000000000005,983,929,920,897,940,0,0,0,0,0,0
19.45000000000005,1011,931,916,913,950,0,0,0,0,0,0
19.50000000000005,1035,952,930,919,969,0,0,0,0,0,0
19.55000000000005,1007,924,902,896,941,0,0,0,0,0,0
19.60000000000005,967,878,863,859,901,0,0,0,0,0,0
19.650000000000052,1015,906,883,888,926,0,0,0,0,0,0
19.700000000000053,936,820,803,793,840,0,0,0,0,0,0
19.750000000000053,968,834,796,817,854,0,0,0,0,0,0
19.800000000000054,966,826,796,803,849,0,0,0,0,0,0
19.850000000000055,1017,853,823,834,881,0,0,0,0,0,0
19.900000000000055,972,810,788,798,839,0,0,0,0,0,0
19.950000000000056,978,813,788,804,836,0,0,0,0,0,0
20.000000000000057,963,771,744,781,803,0,0,0,0,0,0
20.050000000000058,886,705,680,693,728,0,0,0,0,0,0
20.10000000000006,943,719,685,720,748,0,0,0,0,0,0
20.15000000000006,912,714,677,713,733,0,0,0,0,0,0
20.20000000000006,922,680,642,672,707,0,0,0,0,0,0
20.25000000000006,880,651,643,679,697,0,0,0,0,0,0
20.30000000000006,871,634,597,644,665,0,0,0,0,0,0
20.350000000000062,874,614,571,636,644,0,0,0,0,0,0
20.400000000000063,860,571,548,607,608,0,0,0,0,0,0
20.450000000000063,860,564,519,594,609,0,0,0,0,0,0
20.500000000000064,823,534,484,559,567,0,0,0,0,0,0
20.550000000000065,804,527,490,541,556,0,0,0,0,0,0
20.600000000000065,809,493,468,538,529,0,0,0,0,0,0
20.650000000000066,720,408,382,451,445,0,0,0,0,0,0
20.700000000000067,768,429,400,468,471,0,0,0,0,0,0
20.750000000000068,681,387,361,418,417,0,0,0,0,0,0
20.800000000000068,695,371,350,411,409,0,0,0,0,0,0
20.85000000000007,675,343,317,386,375,0,0,0,0,0,0
20.90000000000007,614,330,301,359,354,0,0,0,0,0,0
20.95000000000007,624,319,295,341,342,0,0,0,0,0,0
21.00000000000007,603,268,250,326,296,0,0,0,0,0,0
21.05000000000007,558,237,222,262,263,0,0,0,0,0,0
21.100000000000072,570,249,241,290,276,0,0,0,0,0,0
21.150000000000073,514,219,204,251,238,0,0,0,0,0,0
21.200000000000074,500,199,173,212,216,0,0,0,0,0,0
21.250000000000075,470,194,182,231,217,0,0,0,0,0,0
21.300000000000075,445,167,150,194,189,0,0,0,0,0,0
21.350000000000076,416,141,126,164,158,0,0,0,0,0,0
21.400000000000077,360,143,123,163,159,0,0,0,0,0,0
21.450000000000077,385,145,129,164,161,0,0,0,0,0,0
21.500000000000078,348,118,115,139,131,0,0,0,0,0,0
21.55000000000008,322,125,107,143,140,0,0,0,0,0,0
21.60000000000008,303,99,92,116,111,0,0,0,0,0,0
21.65000000000008,244,72,69,86,80,0,0,0,0,0,0
21.70000000000008,243,84,75,101,95,0,0,0,0,0,0
21.75000000000008,235,67,60,78,73,0,0,0,0,0,0
21.800000000000082,215,60,55,73,72,0,0,0,0,0,0
21.850000000000083,204,48,45,66,60,0,0,0,0,0,0
21.900000000000084,166,44,42,47,45,0,0,0,0,0,0
21.950000000000085,148,31,32,40,34,0,0,0,0,0,0
22.000000000000085,137,35,33,41,41,0,0,0,0,0,0
22.050000000000086,156,34,32,42,42,0,0,0,0,0,0
22.100000000000087,143,28,26,32,32,0,0,0,0,0,0
22.150000000000087,124,32,27,41,37,0,0,0,0,0,0
22.200000000000088,95,19,16,23,19,0,0,0,0,0,0
22.25000000000009,83,13,11,19,16,0,0,0,0,0,0
22.30000000000009,76,18,15,21,19,0,0,0,0,0,0
22.35000000000009,51,7,4,8,8,0,0,0,0,0,0
22.40000000000009,51,9,9,13,9,0,0,0,0,0,0
22.45000000000009,60,14,14,16,15,0,0,0,0,0,0
22.500000000000092,46,6,8,8,9,0,0,0,0,0,0
22.550000000000093,50,4,3,4,4,0,0,0,0,0,0
22.600000000000094,30,5,4,7,7,0,0,0,0,0,0
22.650000000000095,33,6,6,7,8,0,0,0,0,0,0
22.700000000000095,28,3,3,4,3,0,0,0,0,0,0
22.750000000000096,25,7,4,8,7,0,0,0,0,0,0
22.800000000000097,26,5,4,7,5,0,0,0,0,0,0
22.850000000000097,19,3,3,3,3,0,0,0,0,0,0
22.900000000000098,15,0,0,0,0,0,0,0,0,0,0
22.9500000000001,12,1,1,1,1,0,0,0,0,0,0
23.0000000000001,9,2,2,2,2,0,0,0,0,0,0
23.0500000000001,8,1,1,1,1,0,0,0,0,0,0
23.1000000000001,11,0,0,2,0,0,0,0,0,0,0
23.1500000000001,1,0,0,0,0,0,0,0,0,0,0
23.200000000000102,8,1,0,0,1,0,0,0,0,0,0
23.250000000000103,0,0,0,0,0,0,0,0,0,0,0
23.300000000000104,4,2,1,2,2,0,0,0,0,0,0
23.350000000000104,4,0,0,1,0,0,0,0,0,0,0
23.400000000000105,2,1,1,1,1,0,0,0,0,0,0
23.450000000000106,4,0,0,0,0,0,0,0,0,0,0
23.500000000000107,4,0,0,0,0,0,0,0,0,0,0
23.550000000000107,1,0,0,0,0,0,0,0,0,0,0
23.600000000000108,0,0,0,0,0,0,0,0,0,0,0
23.65000000000011,3,1,1,1,1,0,0,0,0,0,0
23.70000000000011,0,0,0,0,0,0,0,0,0,0,0
23.75000000000011,1,0,0,0,0,0,0,0,0,0,0
23.80000000000011,1,0,0,0,0,0,0,0,0,0,0
23.85000000000011,0,0,0,0,0,0,0,0,0,0,0
23.900000000000112,0,0,0,0,0,0,0,0,0,0,0
23.950000000000113,1,0,0,0,0,0,0,0,0,0,0
24.000000000000114,0,0,0,0,0,0,0,0,0,0,0
24.050000000000114,0,0,0,0,0,0,0,0,0,0,0
24.100000000000115,0,0,0,0,0,0,0,0,0,0,0
24.150000000000116,1,1,1,1,1,0,0,0,0,0,0
24.200000000000117,0,0,0,0,0,0,0,0,0,0,0
24.250000000000117,0,0,0,0,0,0,0,0,0,0,0
24.300000000000118,0,0,0,0,0,0,0,0,0,0,0
24.35000000000012,0,0,0,0,0,0,0,0,0,0,0
24.40000000000012,0,0,0,0,0,0,0,0,0,0,0
24.45000000000012,0,0,0,0,0,0,0,0,0,0,0
24.50000000000012,0,0,0,0,0,0,0,0,0,0,0
24.55000000000012,0,0,0,0,0,0,0,0,0,0,0
24.600000000000122,0,0,0,0,0,0,0,0,0,0,0
24.650000000000123,1,0,0,0,0,0,0,0,0,0,0
24.700000000000124,0,0,0,0,0,0,0,0,0,0,0
24.750000000000124,0,0,0,0,0,0,0,0,0,0,0
24.800000000000125,0,0,0,0,0,0,0,0,0,0,0
24.850000000000126,0,0,0,0,0,0,0,0,0,0,0
24.900000000000126,0,0,0,0,0,0,0,0,0,0,0
24.950000000000127,0,0,0,0,0,0,0,0,0,0,0
25.000000000000128,0,0,0,0,0,0,0,0,0,0,0
25.05000000000013,0,0,0,0,0,0,0,0,0,0,0
25.10000000000013,0,0,0,0,0,0,0,0,0,0,0
25.15000000000013,0,0,0,0,0,0,0,0,0,0,0
25.20000000000013,0,0,0,0,0,0,0,0,0,0,0
25.25000000000013,0,0,0,0,0,0,0,0,0,0,0
25.300000000000132,0,0,0,0,0,0,0,0,0,0,0
25.350000000000133,0,0,0,0,0,0,0,0,0,0,0
25.400000000000134,0,0,0,0,0,0,0,0,0,0,0
25.450000000000134,0,0,0,0,0,0,0,0,0,0,0
25.500000000000135,0,0,0,0,0,0,0,0,0,0,0
25.550000000000136,0,0,0,0,0,0,0,0,0,0,0
25.600000000000136,0,0,0,0,0,0,0,0,0,0,0
25.650000000000137,0,0,0,0,0,0,0,0,0,0,0
25.700000000000138,0,0,0,0,0,0,0,0,0,0,0
25.75000000000014,0,0,0,0,0,0,0,0,0,0,0
25.80000000000014,0,0,0,0,0,0,0,0,0,0,0
25.85000000000014,0,0,0,0,0,0,0,0,0,0,0
25.90000000000014,0,0,0,0,0,0,0,0,0,0,0
25.95000000000014,0,0,0,0,0,0,0,0,0,0,0
26.000000000000142,0,0,0,0,0,0,0,0,0,0,0
26.050000000000143,0,0,0,0,0,0,0,0,0,0,0
26.100000000000144,0,0,0,0,0,0,0,0,0,0,0
26.150000000000144,0,0,0,0,0,0,0,0,0,0,0
26.200000000000145,0,0,0,0,0,0,0,0,0,0,0
26.250000000000146,0,0,0,0,0,0,0,0,0,0,0
26.300000000000146,0,0,0,0,0,0,0,0,0,0,0
26.350000000000147,0,0,0,0,0,0,0,0,0,0,0
26.400000000000148,0,0,0,0,0,0,0,0,0,0,0
26.45000000000015,0,0,0,0,0,0,0,0,0,0,0
26.50000000000015,0,0,0,0,0,0,0,0,0,0,0
26.55000000000015,0,0,0,0,0,0,0,0,0,0,0
26.60000000000015,0,0,0,0,0,0,0,0,0,0,0
26.65000000000015,0,0,0,0,0,0,0,0,0,0,0
26.700000000000152,0,0,0,0,0,0,0,0,0,0,0
26.750000000000153,0,0,0,0,0,0,0,0,0,0,0
26.800000000000153,0,0,0,0,0,0,0,0,0,0,0
26.850000000000154,0,0,0,0,0,0,0,0,0,0,0
26.900000000000155,0,0,0,0,0,0,0,0,0,0,0
26.950000000000156,0,0,0,0,0,0,0,0,0,0,0
27.000000000000156,0,0,0,0,0,0,0,0,0,0,0
27.050000000000157,0,0,0,0,0,0,0,0,0,0,0
27.100000000000158,0,0,0,0,0,0,0,0,0,0,0
27.15000000000016,0,0,0,0,0,0,0,0,0,0,0
27.20000000000016,0,0,0,0,0,0,0,0,0,0,0
27.25000000000016,0,0,0,0,0,0,0,0,0,0,0
27.30000000000016,0,0,0,0,0,0,0,0,0,0,0
27.35000000000016,0,0,0,0,0,0,0,0,0,0,0
27.400000000000162,0,0,0,0,0,0,0,0,0,0,0
27.450000000000163,0,0,0,0,0,0,0,0,0,0,0
27.500000000000163,0,0,0,0,0,0,0,0,0,0,0
27.550000000000164,0,0,0,0,0,0,0,0,0,0,0
27.600000000000165,0,0,0,0,0,0,0,0,0,0,0
27.650000000000166,0,0,0,0,0,0,0,0,0,0,0
27.700000000000166,0,0,0,0,0,0,0,0,0,0,0
27.750000000000167,0,0,0,0,0,0,0,0,0,0,0
27.800000000000168,0,0,0,0,0,0,0,0,0,0,0
27.85000000000017,0,0,0,0,0,0,0,0,0,0,0
27.90000000000017,0,0,0,0,0,0,0,0,0,0,0
27.95000000000017,0,0,0,0,0,0,0,0,0,0,0
*****
16,0.05,1000,0.6,1,10,100,0.39276599448899996,0.0426836366557
16,1000,613,661,599,661,0,0,0,0,0,0
16.05,1028,635,680,632,680,0,0,0,0,0,0
16.1,1058,639,692,617,692,0,0,0,0,0,0
16.150000000000002,1005,616,648,587,648,0,0,0,0,0,0
16.200000000000003,993,597,634,568,634,0,0,0,0,0,0
16.250000000000004,1022,595,634,579,634,0,0,0,0,0,0
16.300000000000004,1043,625,669,613,669,0,0,0,0,0,0
16.350000000000005,1063,625,669,629,669,0,0,0,0,0,0
16.400000000000006,1072,636,681,626,681,0,0,0,0,0,0
16.450000000000006,1053,639,693,617,693,0,0,0,0,0,0
16.500000000000007,1046,655,703,637,703,0,0,0,0,0,0
16.550000000000008,1029,649,704,638,704,0,0,0,0,0,0
16.60000000000001,1010,619,675,603,675,0,0,0,0,0,0
16.65000000000001,969,577,657,595,657,0,0,0,0,0,0
16.70000000000001,900,557,612,541,612,0,0,0,0,0,0
16.75000000000001,944,633,683,597,683,0,0,0,0,0,0
16.80000000000001,859,573,633,566,633,0,0,0,0,0,0
16.850000000000012,891,614,674,584,674,0,0,0,0,0,0
16.900000000000013,782,578,623,533,623,0,0,0,0,0,0
16.950000000000014,773,558,623,569,623,0,0,0,0,0,0
17.000000000000014,718,535,582,511,582,0,0,0,0,0,0
17.050000000000015,757,550,599,544,599,0,0,0,0,0,0
17.100000000000016,714,538,605,530,605,0,0,0,0,0,0
17.150000000000016,760,545,602,536,602,0,0,0,0,0,0
17.200000000000017,720,523,580,523,580,0,0,0,0,0,0
17.250000000000018,747,542,598,509,598,0,0,0,0,0,0
17.30000000000002,708,521,575,504,575,0,0,0,0,0,0
17.35000000000002,799,543,629,536,629,0,0,0,0,0,0
17.40000000000002,711,507,560,477,560,0,0,0,0,0,0
17.45000000000002,759,526,592,516,592,0,0,0,0,0,0
17.50000000000002,735,506,582,516,582,0,0,0,0,0,0
17.550000000000022,662,462,526,441,526,0,0,0,0,0,0
17.600000000000023,719,508,556,475,556,0,0,0,0,0,0
17.650000000000023,731,494,569,507,569,0,0,0,0,0,0
17.700000000000024,644,414,481,417,481,0,0,0,0,0,0
17.750000000000025,685,424,494,431,494,0,0,0,0,0,0
17.800000000000026,668,428,493,435,493,0,0,0,0,0,0
17.850000000000026,630,365,431,377,431,0,0,0,0,0,0
17.900000000000027,674,403,473,415,473,0,0,0,0,0,0
17.950000000000028,591,345,415,377,415,0,0,0,0,0,0
18.00000000000003,618,355,420,381,420,0,0,0,0,0,0
18.05000000000003,620,356,420,366,420,0,0,0,0,0,0
18.10000000000003,588,313,394,343,394,0,0,0,0,0,0
18.15000000000003,678,364,437,376,437,0,0,0,0,0,0
18.20000000000003,594,317,375,328,375,0,0,0,0,0,0
18.250000000000032,610,279,351,304,351,0,0,0,0,0,0
18.300000000000033,604,278,354,312,354,0,0,0,0,0,0
18.350000000000033,592,271,329,287,329,0,0,0,0,0,0
18.400000000000034,565,240,306,268,306,0,0,0,0,0,0
18.450000000000035,530,223,283,254,283,0,0,0,0,0,0
18.500000000000036,539,233,282,261,282,0,0,0,0,0,0
18.550000000000036,484,199,250,215,250,0,0,0,0,0,0
18.600000000000037,486,204,247,230,247,0,0,0,0,0,0
18.650000000000038,482,179,227,211,227,0,0,0,0,0,0
18.70000000000004,486,161,208,190,208,0,0,0,0,0,0
18.75000000000004,443,142,189,173,189,0,0,0,0,0,0
18.80000000000004,433,119,169,151,169,0,0,0,0,0,0
18.85000000000004,433,128,163,150,163,0,0,0,0,0,0
18.90000000000004,435,147,185,173,185,0,0,0,0,0,0
18.950000000000042,376,110,150,133,150,0,0,0,0,0,0
19.000000000000043,367,90,119,109,119,0,0,0,0,0,0
19.050000000000043,413,99,138,120,138,0,0,0,0,0,0
19.100000000000044,331,86,110,102,110,0,0,0,0,0,0
19.150000000000045,348,79,113,99,113,0,0,0,0,0,0
19.200000000000045,331,70,96,81,96,0,0,0,0,0,0
19.250000000000046,294,68,91,78,91,0,0,0,0,0,0
19.300000000000047,297,62,81,78,81,0,0,0,0,0,0
19.350000000000048,273,51,75,72,75,0,0,0,0,0,0
19.40000000000005,216,43,53,52,53,0,0,0,0,0,0
19.45000000000005,240,45,59,53,59,0,0,0,0,0,0
19.50000000000005,247,39,55,53,55,0,0,0,0,0,0
19.55000000000005,198,44,52,52,52,0,0,0,0,0,0
19.60000000000005,199,30,42,44,42,0,0,0,0,0,0
19.650000000000052,173,30,38,33,38,0,0,0,0,0,0
19.700000000000053,164,25,37,36,37,0,0,0,0,0,0
19.750000000000053,139,19,21,21,21,0,0,0,0,0,0
19.800000000000054,163,14,27,26,27,0,0,0,0,0,0
19.850000000000055,132,15,19,19,19,0,0,0,0,0,0
19.900000000000055,137,15,22,22,22,0,0,0,0,0,0
19.950000000000056,110,15,21,25,21,0,0,0,0,0,0
20.000000000000057,98,6,14,13,14,0,0,0,0,0,0
20.050000000000058,91,12,17,19,17,0,0,0,0,0,0
20.10000000000006,79,10,14,14,14,0,0,0,0,0,0
20.15000000000006,82,9,13,13,13,0,0,0,0,0,0
20.20000000000006,85,9,13,14,13,0,0,0,0,0,0
20.25000000000006,62,12,17,18,17,0,0,0,0,0,0
20.30000000000006,47,1,6,5,6,0,0,0,0,0,0
20.350000000000062,55,3,7,8,7,0,0,0,0,0,0
20.400000000000063,41,2,4,4,4,0,0,0,0,0,0
20.450000000000063,54,5,5,5,5,0,0,0,0,0,0
20.500000000000064,36,3,4,4,4,0,0,0,0,0,0
20.550000000000065,42,4,6,7,6,0,0,0,0,0,0
20.600000000000065,21,2,2,2,2,0,0,0,0,0,0
20.650000000000066,25,1,2,3,2,0,0,0,0,0,0
20.700000000000067,24,1,1,1,1,0,0,0,0,0,0
20.750000000000068,29,3,5,5,5,0,0,0,0,0,0
20.800000000000068,14,1,1,1,1,0,0,0,0,0,0
20.85000000000007,16,2,2,2,2,0,0,0,0,0,0
20.90000000000007,15,1,1,2,1,0,0,0,0,0,0
20.95000000000007,11,2,2,2,2,0,0,0,0,0,0
21.00000000000007,12,0,2,2,2,0,0,0,0,0,0
21.05000000000007,11,1,2,2,2,0,0,0,0,0,0
21.100000000000072,11,0,0,0,0,0,0,0,0,0,0
21.150000000000073,14,2,2,2,2,0,0,0,0,0,0
21.200000000000074,12,0,0,0,0,0,0,0,0,0,0
21.250000000000075,2,1,1,1,1,0,0,0,0,0,0
21.300000000000075,5,0,0,0,0,0,0,0,0,0,0
21.350000000000076,3,0,0,0,0,0,0,0,0,0,0
21.400000000000077,2,0,0,0,0,0,0,0,0,0,0
21.450000000000077,0,0,0,0,0,0,0,0,0,0,0
21.500000000000078,4,0,1,1,1,0,0,0,0,0,0
21.55000000000008,2,0,0,0,0,0,0,0,0,0,0
21.60000000000008,2,0,0,0,0,0,0,0,0,0,0
21.65000000000008,3,0,0,0,0,0,0,0,0,0,0
21.70000000000008,4,0,0,0,0,0,0,0,0,0,0
21.75000000000008,1,0,0,0,0,0,0,0,0,0,0
21.800000000000082,0,0,0,0,0,0,0,0,0,0,0
21.850000000000083,4,0,1,1,1,0,0,0,0,0,0
21.900000000000084,2,0,0,0,0,0,0,0,0,0,0
21.950000000000085,0,0,0,0,0,0,0,0,0,0,0
22.000000000000085,0,0,0,0,0,0,0,0,0,0,0
22.050000000000086,0,0,0,0,0,0,0,0,0,0,0
22.100000000000087,1,0,0,0,0,0,0,0,0,0,0
22.150000000000087,0,0,0,0,0,0,0,0,0,0,0
22.200000000000088,1,0,0,0,0,0,0,0,0,0,0
22.25000000000009,1,0,0,1,0,0,0,0,0,0,0
22.30000000000009,0,0,0,0,0,0,0,0,0,0,0
22.35000000000009,0,0,0,0,0,0,0,0,0,0,0
22.40000000000009,0,0,0,0,0,0,0,0,0,0,0
22.45000000000009,0,0,0,0,0,0,0,0,0,0,0
22.500000000000092,0,0,0,0,0,0,0,0,0,0,0
22.550000000000093,0,0,0,0,0,0,0,0,0,0,0
22.600000000000094,0,0,0,0,0,0,0,0,0,0,0
22.650000000000095,0,0,0,0,0,0,0,0,0,0,0
22.700000000000095,0,0,0,0,0,0,0,0,0,0,0
22.750000000000096,0,0,0,0,0,0,0,0,0,0,0
22.800000000000097,0,0,0,0,0,0,0,0,0,0,0
22.850000000000097,1,0,0,0,0,0,0,0,0,0,0
22.900000000000098,0,0,0,0,0,0,0,0,0,0,0
22.9500000000001,0,0,0,0,0,0,0,0,0,0,0
23.0000000000001,0,0,0,0,0,0,0,0,0,0,0
23.0500000000001,0,0,0,0,0,0,0,0,0,0,0
23.1000000000001,0,0,0,0,0,0,0,0,0,0,0
23.1500000000001,1,0,0,0,0,0,0,0,0,0,0
23.200000000000102,0,0,0,0,0,0,0,0,0,0,0
23.250000000000103,0,0,0,0,0,0,0,0,0,0,0
23.300000000000104,0,0,0,0,0,0,0,0,0,0,0
23.350000000000104,0,0,0,0,0,0,0,0,0,0,0
23.400000000000105,0,0,0,0,0,0,0,0,0,0,0
23.450000000000106,0,0,0,0,0,0,0,0,0,0,0
23.500000000000107,0,0,0,0,0,0,0,0,0,0,0
23.550000000000107,0,0,0,0,0,0,0,0,0,0,0
23.600000000000108,0,0,0,0,0,0,0,0,0,0,0
23.65000000000011,0,0,0,0,0,0,0,0,0,0,0
23.70000000000011,0,0,0,0,0,0,0,0,0,0,0
23.75000000000011,0,0,0,0,0,0,0,0,0,0,0
23.80000000000011,0,0,0,0,0,0,0,0,0,0,0
23.85000000000011,0,0,0,0,0,0,0,0,0,0,0
23.900000000000112,0,0,0,0,0,0,0,0,0,0,0
23.950000000000113,0,0,0,0,0,0,0,0,0,0,0
24.000000000000114,0,0,0,0,0,0,0,0,0,0,0
24.050000000000114,0,0,0,0,0,0,0,0,0,0,0
24.100000000000115,0,0,0,0,0,0,0,0,0,0,0
24.150000000000116,0,0,0,0,0,0,0,0,0,0,0
24.200000000000117,0,0,0,0,0,0,0,0,0,0,0
24.250000000000117,0,0,0,0,0,0,0,0,0,0,0
24.300000000000118,0,0,0,0,0,0,0,0,0,0,0
24.35000000000012,0,0,0,0,0,0,0,0,0,0,0
24.40000000000012,0,0,0,0,0,0,0,0,0,0,0
24.45000000000012,0,0,0,0,0,0,0,0,0,0,0
24.50000000000012,0,0,0,0,0,0,0,0,0,0,0
24.55000000000012,0,0,0,0,0,0,0,0,0,0,0
24.600000000000122,0,0,0,0,0,0,0,0,0,0,0
24.650000000000123,0,0,0,0,0,0,0,0,0,0,0
24.700000000000124,0,0,0,0,0,0,0,0,0,0,0
24.750000000000124,0,0,0,0,0,0,0,0,0,0,0
24.800000000000125,0,0,0,0,0,0,0,0,0,0,0
24.850000000000126,0,0,0,0,0,0,0,0,0,0,0
24.900000000000126,0,0,0,0,0,0,0,0,0,0,0
24.950000000000127,0,0,0,0,0,0,0,0,0,0,0
25.000000000000128,0,0,0,0,0,0,0,0,0,0,0
25.05000000000013,0,0,0,0,0,0,0,0,0,0,0
25.10000000000013,0,0,0,0,0,0,0,0,0,0,0
25.15000000000013,0,0,0,0,0,0,0,0,0,0,0
25.20000000000013,0,0,0,0,0,0,0,0,0,0,0
25.25000000000013,0,0,0,0,0,0,0,0,0,0,0
25.300000000000132,0,0,0,0,0,0,0,0,0,0,0
25.350000000000133,0,0,0,0,0,0,0,0,0,0,0
25.400000000000134,0,0,0,0,0,0,0,0,0,0,0
25.450000000000134,0,0,0,0,0,0,0,0,0,0,0
25.500000000000135,0,0,0,0,0,0,0,0,0,0,0
25.550000000000136,0,0,0,0,0,0,0,0,0,0,0
25.600000000000136,0,0,0,0,0,0,0,0,0,0,0
25.650000000000137,0,0,0,0,0,0,0,0,0,0,0
25.700000000000138,0,0,0,0,0,0,0,0,0,0,0
25.75000000000014,0,0,0,0,0,0,0,0,0,0,0
25.80000000000014,0,0,0,0,0,0,0,0,0,0,0
25.85000000000014,0,0,0,0,0,0,0,0,0,0,0
25.90000000000014,0,0,0,0,0,0,0,0,0,0,0
25.95000000000014,0,0,0,0,0,0,0,0,0,0,0
26.000000000000142,0,0,0,0,0,0,0,0,0,0,0
26.050000000000143,0,0,0,0,0,0,0,0,0,0,0
26.100000000000144,0,0,0,0,0,0,0,0,0,0,0
26.150000000000144,0,0,0,0,0,0,0,0,0,0,0
26.200000000000145,0,0,0,0,0,0,0,0,0,0,0
26.250000000000146,0,0,0,0,0,0,0,0,0,0,0
26.300000000000146,0,0,0,0,0,0,0,0,0,0,0
26.350000000000147,0,0,0,0,0,0,0,0,0,0,0
26.400000000000148,0,0,0,0,0,0,0,0,0,0,0
26.45000000000015,0,0,0,0,0,0,0,0,0,0,0
26.50000000000015,0,0,0,0,0,0,0,0,0,0,0
26.55000000000015,0,0,0,0,0,0,0,0,0,0,0
26.60000000000015,0,0,0,0,0,0,0,0,0,0,0
26.65000000000015,0,0,0,0,0,0,0,0,0,0,0
26.700000000000152,0,0,0,0,0,0,0,0,0,0,0
26.750000000000153,0,0,0,0,0,0,0,0,0,0,0
26.800000000000153,0,0,0,0,0,0,0,0,0,0,0
26.850000000000154,0,0,0,0,0,0,0,0,0,0,0
26.900000000000155,0,0,0,0,0,0,0,0,0,0,0
26.950000000000156,0,0,0,0,0,0,0,0,0,0,0
27.000000000000156,0,0,0,0,0,0,0,0,0,0,0
27.050000000000157,0,0,0,0,0,0,0,0,0,0,0
27.100000000000158,0,0,0,0,0,0,0,0,0,0,0
27.15000000000016,0,0,0,0,0,0,0,0,0,0,0
27.20000000000016,0,0,0,0,0,0,0,0,0,0,0
27.25000000000016,0,0,0,0,0,0,0,0,0,0,0
27.30000000000016,0,0,0,0,0,0,0,0,0,0,0
27.35000000000016,0,0,0,0,0,0,0,0,0,0,0
27.400000000000162,0,0,0,0,0,0,0,0,0,0,0
27.450000000000163,0,0,0,0,0,0,0,0,0,0,0
27.500000000000163,0,0,0,0,0,0,0,0,0,0,0
27.550000000000164,0,0,0,0,0,0,0,0,0,0,0
27.600000000000165,0,0,0,0,0,0,0,0,0,0,0
27.650000000000166,0,0,0,0,0,0,0,0,0,0,0
27.700000000000166,0,0,0,0,0,0,0,0,0,0,0
27.750000000000167,0,0,0,0,0,0,0,0,0,0,0
27.800000000000168,0,0,0,0,0,0,0,0,0,0,0
27.85000000000017,0,0,0,0,0,0,0,0,0,0,0
27.90000000000017,0,0,0,0,0,0,0,0,0,0,0
27.95000000000017,0,0,0,0,0,0,0,0,0,0,0
