*****
16,0.05,100,0,1,10,100,0.130921998163,0.0426836366557
16,100,100,100,95,100,0,0,0,0,0,0
16.05,102,102,102,100,102,0,0,0,0,0,0
16.1,90,90,90,85,90,0,0,0,0,0,0
16.150000000000002,92,92,92,88,92,0,0,0,0,0,0
16.200000000000003,99,99,99,94,99,0,0,0,0,0,0
16.250000000000004,93,93,93,87,93,0,0,0,0,0,0
16.300000000000004,109,109,109,101,109,0,0,0,0,0,0
16.350000000000005,93,93,93,90,93,0,0,0,0,0,0
16.400000000000006,94,94,94,92,94,0,0,0,0,0,0
16.450000000000006,102,102,102,99,102,0,0,0,0,0,0
16.500000000000007,100,100,100,93,100,0,0,0,0,0,0
16.550000000000008,103,103,103,97,103,0,0,0,0,0,0
16.60000000000001,97,97,97,90,97,0,0,0,0,0,0
16.65000000000001,98,98,98,93,98,0,0,0,0,0,0
16.70000000000001,95,94,95,85,95,0,0,0,0,0,0
16.75000000000001,116,116,116,105,116,0,0,0,0,0,0
16.80000000000001,111,111,111,101,111,0,0,0,0,0,0
16.850000000000012,102,102,102,87,102,0,0,0,0,0,0
16.900000000000013,118,116,117,102,117,0,0,0,0,0,0
16.950000000000014,101,100,100,81,100,0,0,0,0,0,0
17.000000000000014,101,100,101,83,101,0,0,0,0,0,0
17.050000000000015,92,92,92,76,92,0,0,0,0,0,0
17.100000000000016,91,90,91,68,91,0,0,0,0,0,0
17.150000000000016,98,94,97,79,97,0,0,0,0,0,0
17.200000000000017,87,85,86,69,86,0,0,0,0,0,0
17.250000000000018,97,92,94,75,94,0,0,0,0,0,0
17.30000000000002,98,92,93,66,93,0,0,0,0,0,0
17.35000000000002,101,94,95,70,95,0,0,0,0,0,0
17.40000000000002,90,82,84,62,84,0,0,0,0,0,0
17.45000000000002,108,101,102,73,102,0,0,0,0,0,0
17.50000000000002,109,102,103,81,103,0,0,0,0,0,0
17.550000000000022,92,81,84,58,84,0,0,0,0,0,0
17.600000000000023,98,79,85,67,85,0,0,0,0,0,0
17.650000000000023,93,77,80,62,80,0,0,0,0,0,0
17.700000000000024,103,75,80,62,80,0,0,0,0,0,0
17.750000000000025,101,69,75,58,75,0,0,0,0,0,0
17.800000000000026,87,55,60,49,60,0,0,0,0,0,0
17.850000000000026,111,88,91,68,91,0,0,0,0,0,0
17.900000000000027,92,62,68,62,68,0,0,0,0,0,0
17.950000000000028,99,57,63,47,63,0,0,0,0,0,0
18.00000000000003,96,55,61,41,61,0,0,0,0,0,0
18.05000000000003,109,58,63,57,63,0,0,0,0,0,0
18.10000000000003,102,53,60,45,60,0,0,0,0,0,0
18.15000000000003,99,46,49,36,49,0,0,0,0,0,0
18.20000000000003,103,42,50,30,50,0,0,0,0,0,0
18.250000000000032,106,45,47,40,47,0,0,0,0,0,0
18.300000000000033,94,39,44,36,44,0,0,0,0,0,0
18.350000000000033,109,40,43,34,43,0,0,0,0,0,0
18.400000000000034,91,36,39,29,39,0,0,0,0,0,0
18.450000000000035,105,35,36,32,36,0,0,0,0,0,0
18.500000000000036,87,20,21,15,21,0,0,0,0,0,0
18.550000000000036,84,29,31,16,31,0,0,0,0,0,0
18.600000000000037,100,25,27,28,27,0,0,0,0,0,0
18.650000000000038,123,22,29,25,29,0,0,0,0,0,0
18.70000000000004,102,16,21,18,21,0,0,0,0,0,0
18.75000000000004,93,16,18,20,18,0,0,0,0,0,0
18.80000000000004,110,18,18,17,18,0,0,0,0,0,0
18.85000000000004,98,10,10,11,10,0,0,0,0,0,0
18.90000000000004,106,12,12,9,12,0,0,0,0,0,0
18.950000000000042,96,10,13,12,13,0,0,0,0,0,0
19.000000000000043,103,7,10,12,10,0,0,0,0,0,0
19.050000000000043,91,8,8,9,8,0,0,0,0,0,0
19.100000000000044,95,3,4,6,4,0,0,0,0,0,0
19.150000000000045,101,3,3,2,3,0,0,0,0,0,0
19.200000000000045,98,2,2,4,2,0,0,0,0,0,0
19.250000000000046,111,4,5,5,5,0,0,0,0,0,0
19.300000000000047,87,2,2,2,2,0,0,0,0,0,0
19.350000000000048,89,2,4,5,4,0,0,0,0,0,0
19.40000000000005,93,0,0,0,0,0,0,0,0,0,0
19.45000000000005,94,2,2,3,2,0,0,0,0,0,0
19.50000000000005,103,0,0,0,0,0,0,0,0,0,0
19.55000000000005,90,1,1,3,1,0,0,0,0,0,0
19.60000000000005,108,1,1,1,1,0,0,0,0,0,0
19.650000000000052,95,0,0,0,0,0,0,0,0,0,0
19.700000000000053,95,0,0,1,0,0,0,0,0,0,0
19.750000000000053,92,0,0,0,0,0,0,0,0,0,0
19.800000000000054,95,1,1,1,1,0,0,0,0,0,0
19.850000000000055,106,0,0,1,0,0,0,0,0,0,0
19.900000000000055,89,0,1,1,1,0,0,0,0,0,0
19.950000000000056,106,0,0,0,0,0,0,0,0,0,0
20.000000000000057,115,0,0,1,0,0,0,0,0,0,0
20.050000000000058,100,0,0,0,0,0,0,0,0,0,0
20.10000000000006,106,0,0,0,0,0,0,0,0,0,0
20.15000000000006,80,0,0,0,0,0,0,0,0,0,0
20.20000000000006,96,0,0,0,0,0,0,0,0,0,0
20.25000000000006,106,0,0,0,0,0,0,0,0,0,0
20.30000000000006,102,0,0,0,0,0,0,0,0,0,0
20.350000000000062,94,0,0,0,0,0,0,0,0,0,0
20.400000000000063,86,0,0,0,0,0,0,0,0,0,0
20.450000000000063,85,0,0,0,0,0,0,0,0,0,0
20.500000000000064,98,0,0,0,0,0,0,0,0,0,0
20.550000000000065,115,0,0,0,0,0,0,0,0,0,0
20.600000000000065,94,0,0,0,0,0,0,0,0,0,0
20.650000000000066,100,0,0,0,0,0,0,0,0,0,0
20.700000000000067,95,0,0,0,0,0,0,0,0,0,0
20.750000000000068,115,0,0,0,0,0,0,0,0,0,0
20.800000000000068,88,0,0,0,0,0,0,0,0,0,0
20.85000000000007,85,0,0,0,0,0,0,0,0,0,0
20.90000000000007,106,0,0,0,0,0,0,0,0,0,0
20.95000000000007,105,0,0,0,0,0,0,0,0,0,0
21.00000000000007,102,0,0,0,0,0,0,0,0,0,0
21.05000000000007,104,0,0,0,0,0,0,0,0,0,0
21.100000000000072,97,0,0,0,0,0,0,0,0,0,0
21.150000000000073,107,0,0,0,0,0,0,0,0,0,0
21.200000000000074,101,0,0,0,0,0,0,0,0,0,0
21.250000000000075,85,0,0,0,0,0,0,0,0,0,0
21.300000000000075,122,0,0,0,0,0,0,0,0,0,0
21.350000000000076,108,0,0,0,0,0,0,0,0,0,0
21.400000000000077,110,0,0,0,0,0,0,0,0,0,0
21.450000000000077,102,0,0,0,0,0,0,0,0,0,0
21.500000000000078,96,0,0,0,0,0,0,0,0,0,0
21.55000000000008,96,0,0,0,0,0,0,0,0,0,0
21.60000000000008,114,0,0,0,0,0,0,0,0,0,0
21.65000000000008,97,0,0,0,0,0,0,0,0,0,0
21.70000000000008,110,0,0,0,0,0,0,0,0,0,0
21.75000000000008,96,0,0,0,0,0,0,0,0,0,0
21.800000000000082,100,0,0,0,0,0,0,0,0,0,0
21.850000000000083,103,0,0,0,0,0,0,0,0,0,0
21.900000000000084,104,0,0,0,0,0,0,0,0,0,0
21.950000000000085,97,0,0,0,0,0,0,0,0,0,0
22.000000000000085,77,0,0,0,0,0,0,0,0,0,0
22.050000000000086,102,0,0,0,0,0,0,0,0,0,0
22.100000000000087,94,0,0,0,0,0,0,0,0,0,0
22.150000000000087,104,0,0,0,0,0,0,0,0,0,0
22.200000000000088,118,0,0,0,0,0,0,0,0,0,0
22.25000000000009,83,0,0,0,0,0,0,0,0,0,0
22.30000000000009,90,0,0,0,0,0,0,0,0,0,0
22.35000000000009,104,0,0,0,0,0,0,0,0,0,0
22.40000000000009,107,0,0,0,0,0,0,0,0,0,0
22.45000000000009,97,0,0,0,0,0,0,0,0,0,0
22.500000000000092,99,0,0,0,0,0,0,0,0,0,0
22.550000000000093,91,0,0,0,0,0,0,0,0,0,0
22.600000000000094,109,0,0,0,0,0,0,0,0,0,0
22.650000000000095,80,0,0,0,0,0,0,0,0,0,0
22.700000000000095,103,0,0,0,0,0,0,0,0,0,0
22.750000000000096,101,0,0,0,0,0,0,0,0,0,0
22.800000000000097,117,0,0,0,0,0,0,0,0,0,0
22.850000000000097,105,0,0,0,0,0,0,0,0,0,0
22.900000000000098,96,0,0,0,0,0,0,0,0,0,0
22.9500000000001,101,0,0,0,0,0,0,0,0,0,0
23.0000000000001,105,0,0,0,0,0,0,0,0,0,0
23.0500000000001,87,0,0,0,0,0,0,0,0,0,0
23.1000000000001,95,0,0,0,0,0,0,0,0,0,0
23.1500000000001,94,0,0,0,0,0,0,0,0,0,0
23.200000000000102,87,0,0,0,0,0,0,0,0,0,0
23.250000000000103,99,0,0,0,0,0,0,0,0,0,0
23.300000000000104,98,0,0,0,0,0,0,0,0,0,0
23.350000000000104,113,0,0,0,0,0,0,0,0,0,0
23.400000000000105,118,0,0,0,0,0,0,0,0,0,0
23.450000000000106,76,0,0,0,0,0,0,0,0,0,0
23.500000000000107,93,0,0,0,0,0,0,0,0,0,0
23.550000000000107,106,0,0,0,0,0,0,0,0,0,0
23.600000000000108,112,0,0,0,0,0,0,0,0,0,0
23.65000000000011,102,0,0,0,0,0,0,0,0,0,0
23.70000000000011,115,0,0,0,0,0,0,0,0,0,0
23.75000000000011,91,0,0,0,0,0,0,0,0,0,0
23.80000000000011,90,0,0,0,0,0,0,0,0,0,0
23.85000000000011,95,0,0,0,0,0,0,0,0,0,0
23.900000000000112,91,0,0,0,0,0,0,0,0,0,0
23.950000000000113,86,0,0,0,0,0,0,0,0,0,0
24.000000000000114,90,0,0,0,0,0,0,0,0,0,0
24.050000000000114,105,0,0,0,0,0,0,0,0,0,0
24.100000000000115,90,0,0,0,0,0,0,0,0,0,0
24.150000000000116,98,0,0,0,0,0,0,0,0,0,0
24.200000000000117,91,0,0,0,0,0,0,0,0,0,0
24.250000000000117,116,0,0,0,0,0,0,0,0,0,0
24.300000000000118,94,0,0,0,0,0,0,0,0,0,0
24.35000000000012,93,0,0,0,0,0,0,0,0,0,0
24.40000000000012,107,0,0,0,0,0,0,0,0,0,0
24.45000000000012,96,0,0,0,0,0,0,0,0,0,0
24.50000000000012,95,0,0,0,0,0,0,0,0,0,0
24.55000000000012,99,0,0,0,0,0,0,0,0,0,0
24.600000000000122,96,0,0,0,0,0,0,0,0,0,0
24.650000000000123,110,0,0,0,0,0,0,0,0,0,0
24.700000000000124,106,0,0,0,0,0,0,0,0,0,0
24.750000000000124,96,0,0,0,0,0,0,0,0,0,0
24.800000000000125,91,0,0,0,0,0,0,0,0,0,0
24.850000000000126,96,0,0,0,0,0,0,0,0,0,0
24.900000000000126,103,0,0,0,0,0,0,0,0,0,0
24.950000000000127,70,0,0,0,0,0,0,0,0,0,0
25.000000000000128,102,0,0,0,0,0,0,0,0,0,0
25.05000000000013,109,0,0,0,0,0,0,0,0,0,0
25.10000000000013,103,0,0,0,0,0,0,0,0,0,0
25.15000000000013,109,0,0,0,0,0,0,0,0,0,0
25.20000000000013,103,0,0,0,0,0,0,0,0,0,0
25.25000000000013,97,0,0,0,0,0,0,0,0,0,0
25.300000000000132,108,0,0,0,0,0,0,0,0,0,0
25.350000000000133,93,0,0,0,0,0,0,0,0,0,0
25.400000000000134,102,0,0,0,0,0,0,0,0,0,0
25.450000000000134,116,0,0,0,0,0,0,0,0,0,0
25.500000000000135,86,0,0,0,0,0,0,0,0,0,0
25.550000000000136,100,0,0,0,0,0,0,0,0,0,0
25.600000000000136,110,0,0,0,0,0,0,0,0,0,0
25.650000000000137,99,0,0,0,0,0,0,0,0,0,0
25.700000000000138,113,0,0,0,0,0,0,0,0,0,0
25.75000000000014,109,0,0,0,0,0,0,0,0,0,0
25.80000000000014,95,0,0,0,0,0,0,0,0,0,0
25.85000000000014,94,0,0,0,0,0,0,0,0,0,0
25.90000000000014,90,0,0,0,0,0,0,0,0,0,0
25.95000000000014,97,0,0,0,0,0,0,0,0,0,0
26.000000000000142,96,0,0,0,0,0,0,0,0,0,0
26.050000000000143,86,0,0,0,0,0,0,0,0,0,0
26.100000000000144,93,0,0,0,0,0,0,0,0,0,0
26.150000000000144,95,0,0,0,0,0,0,0,0,0,0
26.200000000000145,101,0,0,0,0,0,0,0,0,0,0
26.250000000000146,108,0,0,0,0,0,0,0,0,0,0
26.300000000000146,98,0,0,0,0,0,0,0,0,0,0
26.350000000000147,93,0,0,0,0,0,0,0,0,0,0
26.400000000000148,100,0,0,0,0,0,0,0,0,0,0
26.45000000000015,108,0,0,0,0,0,0,0,0,0,0
26.50000000000015,88,0,0,0,0,0,0,0,0,0,0
26.55000000000015,88,0,0,0,0,0,0,0,0,0,0
26.60000000000015,78,0,0,0,0,0,0,0,0,0,0
26.65000000000015,100,0,0,0,0,0,0,0,0,0,0
26.700000000000152,114,0,0,0,0,0,0,0,0,0,0
26.750000000000153,86,0,0,0,0,0,0,0,0,0,0
26.800000000000153,85,0,0,0,0,0,0,0,0,0,0
26.850000000000154,93,0,0,0,0,0,0,0,0,0,0
26.900000000000155,101,0,0,0,0,0,0,0,0,0,0
26.950000000000156,103,0,0,0,0,0,0,0,0,0,0
27.000000000000156,101,0,0,0,0,0,0,0,0,0,0
27.050000000000157,90,0,0,0,0,0,0,0,0,0,0
27.100000000000158,97,0,0,0,0,0,0,0,0,0,0
27.15000000000016,98,0,0,0,0,0,0,0,0,0,0
27.20000000000016,104,0,0,0,0,0,0,0,0,0,0
27.25000000000016,94,0,0,0,0,0,0,0,0,0,0
27.30000000000016,96,0,0,0,0,0,0,0,0,0,0
27.35000000000016,104,0,0,0,0,0,0,0,0,0,0
27.400000000000162,107,0,0,0,0,0,0,0,0,0,0
27.450000000000163,109,0,0,0,0,0,0,0,0,0,0
27.500000000000163,99,0,0,0,0,0,0,0,0,0,0
27.550000000000164,97,0,0,0,0,0,0,0,0,0,0
27.600000000000165,96,0,0,0,0,0,0,0,0,0,0
27.650000000000166,101,0,0,0,0,0,0,0,0,0,0
27.700000000000166,96,0,0,0,0,0,0,0,0,0,0
27.750000000000167,89,0,0,0,0,0,0,0,0,0,0
27.800000000000168,79,0,0,0,0,0,0,0,0,0,0
27.85000000000017,108,0,0,0,0,0,0,0,0,0,0
27.90000000000017,101,0,0,0,0,0,0,0,0,0,0
27.95000000000017,90,0,0,0,0,0,0,0,0,0,0
28.00000000000017,96,0,0,0,0,0,0,0,0,0,0
28.05000000000017,112,0,0,0,0,0,0,0,0,0,0
28.100000000000172,90,0,0,0,0,0,0,0,0,0,0
28.150000000000173,103,0,0,0,0,0,0,0,0,0,0
28.200000000000173,118,0,0,0,0,0,0,0,0,0,0
28.250000000000174,114,0,0,0,0,0,0,0,0,0,0
28.300000000000175,87,0,0,0,0,0,0,0,0,0,0
28.350000000000176,97,0,0,0,0,0,0,0,0,0,0
28.400000000000176,108,0,0,0,0,0,0,0,0,0,0
28.450000000000177,100,0,0,0,0,0,0,0,0,0,0
28.500000000000178,93,0,0,0,0,0,0,0,0,0,0
28.55000000000018,86,0,0,0,0,0,0,0,0,0,0
28.60000000000018,122,0,0,0,0,0,0,0,0,0,0
28.65000000000018,85,0,0,0,0,0,0,0,0,0,0
28.70000000000018,94,0,0,0,0,0,0,0,0,0,0
28.75000000000018,99,0,0,0,0,0,0,0,0,0,0
28.800000000000182,94,0,0,0,0,0,0,0,0,0,0
28.850000000000183,98,0,0,0,0,0,0,0,0,0,0
28.900000000000183,103,0,0,0,0,0,0,0,0,0,0
28.950000000000184,95,0,0,0,0,0,0,0,0,0,0
29.000000000000185,109,0,0,0,0,0,0,0,0,0,0
29.050000000000185,102,0,0,0,0,0,0,0,0,0,0
29.100000000000186,91,0,0,0,0,0,0,0,0,0,0
29.150000000000187,89,0,0,0,0,0,0,0,0,0,0
29.200000000000188,101,0,0,0,0,0,0,0,0,0,0
29.25000000000019,108,0,0,0,0,0,0,0,0,0,0
29.30000000000019,85,0,0,0,0,0,0,0,0,0,0
29.35000000000019,90,0,0,0,0,0,0,0,0,0,0
29.40000000000019,88,0,0,0,0,0,0,0,0,0,0
29.45000000000019,89,0,0,0,0,0,0,0,0,0,0
29.500000000000192,118,0,0,0,0,0,0,0,0,0,0
29.550000000000193,118,0,0,0,0,0,0,0,0,0,0
29.600000000000193,120,0,0,0,0,0,0,0,0,0,0
29.650000000000194,106,0,0,0,0,0,0,0,0,0,0
29.700000000000195,106,0,0,0,0,0,0,0,0,0,0
29.750000000000195,88,0,0,0,0,0,0,0,0,0,0
29.800000000000196,91,0,0,0,0,0,0,0,0,0,0
29.850000000000197,90,0,0,0,0,0,0,0,0,0,0
29.900000000000198,105,0,0,0,0,0,0,0,0,0,0
29.9500000000002,84,0,0,0,0,0,0,0,0,0,0
30.0000000000002,91,0,0,0,0,0,0,0,0,0,0
30.0500000000002,85,0,0,0,0,0,0,0,0,0,0
30.1000000000002,84,0,0,0,0,0,0,0,0,0,0
30.1500000000002,102,0,0,0,0,0,0,0,0,0,0
30.200000000000202,99,0,0,0,0,0,0,0,0,0,0
30.250000000000203,87,0,0,0,0,0,0,0,0,0,0
30.300000000000203,97,0,0,0,0,0,0,0,0,0,0
30.350000000000204,117,0,0,0,0,0,0,0,0,0,0
30.400000000000205,108,0,0,0,0,0,0,0,0,0,0
30.450000000000205,98,0,0,0,0,0,0,0,0,0,0
30.500000000000206,108,0,0,0,0,0,0,0,0,0,0
30.550000000000207,106,0,0,0,0,0,0,0,0,0,0
30.600000000000207,98,0,0,0,0,0,0,0,0,0,0
30.650000000000208,90,0,0,0,0,0,0,0,0,0,0
30.70000000000021,103,0,0,0,0,0,0,0,0,0,0
30.75000000000021,98,0,0,0,0,0,0,0,0,0,0
30.80000000000021,88,0,0,0,0,0,0,0,0,0,0
30.85000000000021,94,0,0,0,0,0,0,0,0,0,0
30.90000000000021,98,0,0,0,0,0,0,0,0,0,0
30.950000000000212,87,0,0,0,0,0,0,0,0,0,0
31.000000000000213,102,0,0,0,0,0,0,0,0,0,0
31.050000000000214,95,0,0,0,0,0,0,0,0,0,0
31.100000000000215,100,0,0,0,0,0,0,0,0,0,0
31.150000000000215,76,0,0,0,0,0,0,0,0,0,0
31.200000000000216,112,0,0,0,0,0,0,0,0,0,0
31.250000000000217,107,0,0,0,0,0,0,0,0,0,0
31.300000000000217,103,0,0,0,0,0,0,0,0,0,0
31.350000000000218,100,0,0,0,0,0,0,0,0,0,0
31.40000000000022,115,0,0,0,0,0,0,0,0,0,0
31.45000000000022,86,0,0,0,0,0,0,0,0,0,0
31.50000000000022,110,0,0,0,0,0,0,0,0,0,0
31.55000000000022,107,0,0,0,0,0,0,0,0,0,0
31.60000000000022,93,0,0,0,0,0,0,0,0,0,0
31.650000000000222,104,0,0,0,0,0,0,0,0,0,0
31.700000000000223,95,0,0,0,0,0,0,0,0,0,0
31.750000000000224,109,0,0,0,0,0,0,0,0,0,0
31.800000000000225,89,0,0,0,0,0,0,0,0,0,0
31.850000000000225,113,0,0,0,0,0,0,0,0,0,0
31.900000000000226,105,0,0,0,0,0,0,0,0,0,0
31.950000000000227,79,0,0,0,0,0,0,0,0,0,0
32.00000000000023,101,0,0,0,0,0,0,0,0,0,0
32.050000000000225,98,0,0,0,0,0,0,0,0,0,0
32.10000000000022,82,0,0,0,0,0,0,0,0,0,0
32.15000000000022,78,0,0,0,0,0,0,0,0,0,0
32.200000000000216,85,0,0,0,0,0,0,0,0,0,0
32.25000000000021,58,0,0,0,0,0,0,0,0,0,0
32.30000000000021,57,0,0,0,0,0,0,0,0,0,0
32.35000000000021,59,0,0,0,0,0,0,0,0,0,0
32.400000000000205,68,0,0,0,0,0,0,0,0,0,0
32.4500000000002,52,0,0,0,0,0,0,0,0,0,0
32.5000000000002,51,0,0,0,0,0,0,0,0,0,0
32.550000000000196,44,0,0,0,0,0,0,0,0,0,0
32.60000000000019,38,0,0,0,0,0,0,0,0,0,0
32.65000000000019,27,0,0,0,0,0,0,0,0,0,0
32.70000000000019,24,0,0,0,0,0,0,0,0,0,0
32.750000000000185,23,0,0,0,0,0,0,0,0,0,0
32.80000000000018,19,0,0,0,0,0,0,0,0,0,0
32.85000000000018,14,0,0,0,0,0,0,0,0,0,0
32.900000000000176,13,0,0,0,0,0,0,0,0,0,0
32.95000000000017,0,0,0,0,0,0,0,0,0,0,0
33.00000000000017,0,0,0,0,0,0,0,0,0,0,0
33.05000000000017,0,0,0,0,0,0,0,0,0,0,0
33.100000000000165,0,0,0,0,0,0,0,0,0,0,0
33.15000000000016,0,0,0,0,0,0,0,0,0,0,0
33.20000000000016,0,0,0,0,0,0,0,0,0,0,0
33.250000000000156,0,0,0,0,0,0,0,0,0,0,0
33.30000000000015,0,0,0,0,0,0,0,0,0,0,0
33.35000000000015,0,0,0,0,0,0,0,0,0,0,0
33.40000000000015,0,0,0,0,0,0,0,0,0,0,0
33.450000000000145,0,0,0,0,0,0,0,0,0,0,0
33.50000000000014,0,0,0,0,0,0,0,0,0,0,0
33.55000000000014,0,0,0,0,0,0,0,0,0,0,0
33.600000000000136,0,0,0,0,0,0,0,0,0,0,0
33.650000000000134,0,0,0,0,0,0,0,0,0,0,0
33.70000000000013,0,0,0,0,0,0,0,0,0,0,0
33.75000000000013,0,0,0,0,0,0,0,0,0,0,0
33.800000000000125,0,0,0,0,0,0,0,0,0,0,0
33.85000000000012,0,0,0,0,0,0,0,0,0,0,0
33.90000000000012,0,0,0,0,0,0,0,0,0,0,0
33.95000000000012,0,0,0,0,0,0,0,0,0,0,0
34.000000000000114,0,0,0,0,0,0,0,0,0,0,0
34.05000000000011,0,0,0,0,0,0,0,0,0,0,0
34.10000000000011,0,0,0,0,0,0,0,0,0,0,0
34.150000000000105,0,0,0,0,0,0,0,0,0,0,0
34.2000000000001,0,0,0,0,0,0,0,0,0,0,0
34.2500000000001,0,0,0,0,0,0,0,0,0,0,0
34.3000000000001,0,0,0,0,0,0,0,0,0,0,0
34.350000000000094,0,0,0,0,0,0,0,0,0,0,0
34.40000000000009,0,0,0,0,0,0,0,0,0,0,0
34.45000000000009,0,0,0,0,0,0,0,0,0,0,0
34.500000000000085,0,0,0,0,0,0,0,0,0,0,0
34.55000000000008,0,0,0,0,0,0,0,0,0,0,0
34.60000000000008,0,0,0,0,0,0,0,0,0,0,0
34.65000000000008,0,0,0,0,0,0,0,0,0,0,0
34.700000000000074,0,0,0,0,0,0,0,0,0,0,0
34.75000000000007,0,0,0,0,0,0,0,0,0,0,0
34.80000000000007,0,0,0,0,0,0,0,0,0,0,0
34.850000000000065,0,0,0,0,0,0,0,0,0,0,0
34.90000000000006,0,0,0,0,0,0,0,0,0,0,0
34.95000000000006,0,0,0,0,0,0,0,0,0,0,0
35.00000000000006,0,0,0,0,0,0,0,0,0,0,0
35.050000000000054,0,0,0,0,0,0,0,0,0,0,0
35.10000000000005,0,0,0,0,0,0,0,0,0,0,0
35.15000000000005,0,0,0,0,0,0,0,0,0,0,0
35.200000000000045,0,0,0,0,0,0,0,0,0,0,0
35.25000000000004,0,0,0,0,0,0,0,0,0,0,0
35.30000000000004,0,0,0,0,0,0,0,0,0,0,0
35.35000000000004,0,0,0,0,0,0,0,0,0,0,0
35.400000000000034,0,0,0,0,0,0,0,0,0,0,0
35.45000000000003,0,0,0,0,0,0,0,0,0,0,0
35.50000000000003,0,0,0,0,0,0,0,0,0,0,0
35.550000000000026,0,0,0,0,0,0,0,0,0,0,0
35.60000000000002,0,0,0,0,0,0,0,0,0,0,0
35.65000000000002,0,0,0,0,0,0,0,0,0,0,0
35.70000000000002,0,0,0,0,0,0,0,0,0,0,0
35.750000000000014,0,0,0,0,0,0,0,0,0,0,0
35.80000000000001,0,0,0,0,0,0,0,0,0,0,0
35.85000000000001,0,0,0,0,0,0,0,0,0,0,0
35.900000000000006,0,0,0,0,0,0,0,0,0,0,0
35.95,0,0,0,0,0,0,0,0,0,0,0
36.0,0,0,0,0,0,0,0,0,0,0,0
36.05,0,0,0,0,0,0,0,0,0,0,0
36.099999999999994,0,0,0,0,0,0,0,0,0,0,0
36.14999999999999,0,0,0,0,0,0,0,0,0,0,0
36.19999999999999,0,0,0,0,0,0,0,0,0,0,0
36.249999999999986,0,0,0,0,0,0,0,0,0,0,0
36.29999999999998,0,0,0,0,0,0,0,0,0,0,0
36.34999999999998,0,0,0,0,0,0,0,0,0,0,0
36.39999999999998,0,0,0,0,0,0,0,0,0,0,0
36.449999999999974,0,0,0,0,0,0,0,0,0,0,0
36.49999999999997,0,0,0,0,0,0,0,0,0,0,0
36.54999999999997,0,0,0,0,0,0,0,0,0,0,0
36.599999999999966,0,0,0,0,0,0,0,0,0,0,0
36.64999999999996,0,0,0,0,0,0,0,0,0,0,0
36.69999999999996,0,0,0,0,0,0,0,0,0,0,0
36.74999999999996,0,0,0,0,0,0,0,0,0,0,0
36.799999999999955,0,0,0,0,0,0,0,0,0,0,0
36.84999999999995,0,0,0,0,0,0,0,0,0,0,0
36.89999999999995,0,0,0,0,0,0,0,0,0,0,0
36.949999999999946,0,0,0,0,0,0,0,0,0,0,0
36.99999999999994,0,0,0,0,0,0,0,0,0,0,0
37.04999999999994,0,0,0,0,0,0,0,0,0,0,0
37.09999999999994,0,0,0,0,0,0,0,0,0,0,0
37.149999999999935,0,0,0,0,0,0,0,0,0,0,0
37.19999999999993,0,0,0,0,0,0,0,0,0,0,0
37.24999999999993,0,0,0,0,0,0,0,0,0,0,0
37.299999999999926,0,0,0,0,0,0,0,0,0,0,0
37.34999999999992,0,0,0,0,0,0,0,0,0,0,0
37.39999999999992,0,0,0,0,0,0,0,0,0,0,0
37.44999999999992,0,0,0,0,0,0,0,0,0,0,0
37.499999999999915,0,0,0,0,0,0,0,0,0,0,0
37.54999999999991,0,0,0,0,0,0,0,0,0,0,0
37.59999999999991,0,0,0,0,0,0,0,0,0,0,0
37.649999999999906,0,0,0,0,0,0,0,0,0,0,0
37.6999999999999,0,0,0,0,0,0,0,0,0,0,0
37.7499999999999,0,0,0,0,0,0,0,0,0,0,0
37.7999999999999,0,0,0,0,0,0,0,0,0,0,0
37.849999999999895,0,0,0,0,0,0,0,0,0,0,0
37.89999999999989,0,0,0,0,0,0,0,0,0,0,0
37.94999999999989,0,0,0,0,0,0,0,0,0,0,0
37.999999999999886,0,0,0,0,0,0,0,0,0,0,0
38.04999999999988,0,0,0,0,0,0,0,0,0,0,0
38.09999999999988,0,0,0,0,0,0,0,0,0,0,0
38.14999999999988,0,0,0,0,0,0,0,0,0,0,0
38.199999999999875,0,0,0,0,0,0,0,0,0,0,0
38.24999999999987,0,0,0,0,0,0,0,0,0,0,0
38.29999999999987,0,0,0,0,0,0,0,0,0,0,0
38.349999999999866,0,0,0,0,0,0,0,0,0,0,0
38.399999999999864,0,0,0,0,0,0,0,0,0,0,0
38.44999999999986,0,0,0,0,0,0,0,0,0,0,0
38.49999999999986,0,0,0,0,0,0,0,0,0,0,0
38.549999999999855,0,0,0,0,0,0,0,0,0,0,0
38.59999999999985,0,0,0,0,0,0,0,0,0,0,0
38.64999999999985,0,0,0,0,0,0,0,0,0,0,0
38.69999999999985,0,0,0,0,0,0,0,0,0,0,0
38.749999999999844,0,0,0,0,0,0,0,0,0,0,0
38.79999999999984,0,0,0,0,0,0,0,0,0,0,0
38.84999999999984,0,0,0,0,0,0,0,0,0,0,0
38.899999999999835,0,0,0,0,0,0,0,0,0,0,0
38.94999999999983,0,0,0,0,0,0,0,0,0,0,0
38.99999999999983,0,0,0,0,0,0,0,0,0,0,0
39.04999999999983,0,0,0,0,0,0,0,0,0,0,0
39.099999999999824,0,0,0,0,0,0,0,0,0,0,0
39.14999999999982,0,0,0,0,0,0,0,0,0,0,0
39.19999999999982,0,0,0,0,0,0,0,0,0,0,0
39.249999999999815,0,0,0,0,0,0,0,0,0,0,0
39.29999999999981,0,0,0,0,0,0,0,0,0,0,0
39.34999999999981,0,0,0,0,0,0,0,0,0,0,0
39.39999999999981,0,0,0,0,0,0,0,0,0,0,0
39.449999999999804,0,0,0,0,0,0,0,0,0,0,0
39.4999999999998,0,0,0,0,0,0,0,0,0,0,0
39.5499999999998,0,0,0,0,0,0,0,0,0,0,0
39.599999999999795,0,0,0,0,0,0,0,0,0,0,0
39.64999999999979,0,0,0,0,0,0,0,0,0,0,0
39.69999999999979,0,0,0,0,0,0,0,0,0,0,0
39.74999999999979,0,0,0,0,0,0,0,0,0,0,0
39.799999999999784,0,0,0,0,0,0,0,0,0,0,0
39.84999999999978,0,0,0,0,0,0,0,0,0,0,0
39.89999999999978,0,0,0,0,0,0,0,0,0,0,0
39.949999999999775,0,0,0,0,0,0,0,0,0,0,0
39.99999999999977,0,0,0,0,0,0,0,0,0,0,0
40.04999999999977,0,0,0,0,0,0,0,0,0,0,0
40.09999999999977,0,0,0,0,0,0,0,0,0,0,0
40.149999999999764,0,0,0,0,0,0,0,0,0,0,0
40.19999999999976,0,0,0,0,0,0,0,0,0,0,0
40.24999999999976,0,0,0,0,0,0,0,0,0,0,0
40.299999999999756,0,0,0,0,0,0,0,0,0,0,0
40.34999999999975,0,0,0,0,0,0,0,0,0,0,0
40.39999999999975,0,0,0,0,0,0,0,0,0,0,0
40.44999999999975,0,0,0,0,0,0,0,0,0,0,0
40.499999999999744,0,0,0,0,0,0,0,0,0,0,0
40.54999999999974,0,0,0,0,0,0,0,0,0,0,0
40.59999999999974,0,0,0,0,0,0,0,0,0,0,0
40.649999999999736,0,0,0,0,0,0,0,0,0,0,0
40.69999999999973,0,0,0,0,0,0,0,0,0,0,0
40.74999999999973,0,0,0,0,0,0,0,0,0,0,0
40.79999999999973,0,0,0,0,0,0,0,0,0,0,0
40.849999999999724,0,0,0,0,0,0,0,0,0,0,0
40.89999999999972,0,0,0,0,0,0,0,0,0,0,0
40.94999999999972,0,0,0,0,0,0,0,0,0,0,0
40.999999999999716,0,0,0,0,0,0,0,0,0,0,0
41.04999999999971,0,0,0,0,0,0,0,0,0,0,0
41.09999999999971,0,0,0,0,0,0,0,0,0,0,0
41.14999999999971,0,0,0,0,0,0,0,0,0,0,0
41.199999999999704,0,0,0,0,0,0,0,0,0,0,0
41.2499999999997,0,0,0,0,0,0,0,0,0,0,0
41.2999999999997,0,0,0,0,0,0,0,0,0,0,0
41.349999999999696,0,0,0,0,0,0,0,0,0,0,0
41.39999999999969,0,0,0,0,0,0,0,0,0,0,0
41.44999999999969,0,0,0,0,0,0,0,0,0,0,0
41.49999999999969,0,0,0,0,0,0,0,0,0,0,0
41.549999999999685,0,0,0,0,0,0,0,0,0,0,0
*****
16,0.05,100,0,0.4,10,100,0.130921998163,0.0426836366557
16,100,100,100,100,100,0,0,0,0,0,0
16.05,128,128,128,128,128,0,0,0,0,0,0
16.1,83,83,83,83,83,0,0,0,0,0,0
16.150000000000002,114,114,114,114,114,0,0,0,0,0,0
16.200000000000003,106,106,106,106,106,0,0,0,0,0,0
16.250000000000004,101,101,101,101,101,0,0,0,0,0,0
16.300000000000004,100,100,100,100,100,0,0,0,0,0,0
16.350000000000005,106,106,106,106,106,0,0,0,0,0,0
16.400000000000006,98,98,98,98,98,0,0,0,0,0,0
16.450000000000006,101,101,101,101,101,0,0,0,0,0,0
16.500000000000007,100,100,100,100,100,0,0,0,0,0,0
16.550000000000008,99,99,99,99,99,0,0,0,0,0,0
16.60000000000001,113,113,113,113,113,0,0,0,0,0,0
16.65000000000001,93,93,93,93,93,0,0,0,0,0,0
16.70000000000001,113,113,113,113,113,0,0,0,0,0,0
16.75000000000001,92,92,92,92,92,0,0,0,0,0,0
16.80000000000001,109,109,109,109,109,0,0,0,0,0,0
16.850000000000012,103,103,103,103,103,0,0,0,0,0,0
16.900000000000013,112,112,112,112,112,0,0,0,0,0,0
16.950000000000014,97,97,97,97,97,0,0,0,0,0,0
17.000000000000014,100,100,100,100,100,0,0,0,0,0,0
17.050000000000015,88,88,88,88,88,0,0,0,0,0,0
17.100000000000016,107,107,107,107,107,0,0,0,0,0,0
17.150000000000016,98,98,98,98,98,0,0,0,0,0,0
17.200000000000017,98,98,98,98,98,0,0,0,0,0,0
17.250000000000018,113,113,113,113,113,0,0,0,0,0,0
17.30000000000002,109,109,109,109,109,0,0,0,0,0,0
17.35000000000002,96,96,96,96,96,0,0,0,0,0,0
17.40000000000002,88,88,88,88,88,0,0,0,0,0,0
17.45000000000002,104,104,104,104,104,0,0,0,0,0,0
17.50000000000002,99,99,99,99,99,0,0,0,0,0,0
17.550000000000022,119,119,119,119,119,0,0,0,0,0,0
17.600000000000023,95,95,95,95,95,0,0,0,0,0,0
17.650000000000023,98,98,98,98,98,0,0,0,0,0,0
17.700000000000024,94,94,94,94,94,0,0,0,0,0,0
17.750000000000025,107,107,107,107,107,0,0,0,0,0,0
17.800000000000026,96,96,96,96,96,0,0,0,0,0,0
17.850000000000026,106,106,106,106,106,0,0,0,0,0,0
17.900000000000027,103,103,103,103,103,0,0,0,0,0,0
17.950000000000028,98,98,98,98,98,0,0,0,0,0,0
18.00000000000003,109,109,109,109,109,0,0,0,0,0,0
18.05000000000003,103,103,103,103,103,0,0,0,0,0,0
18.10000000000003,104,104,104,104,104,0,0,0,0,0,0
18.15000000000003,104,104,104,104,104,0,0,0,0,0,0
18.20000000000003,103,103,103,103,103,0,0,0,0,0,0
18.250000000000032,106,106,106,106,106,0,0,0,0,0,0
18.300000000000033,105,105,105,105,105,0,0,0,0,0,0
18.350000000000033,97,97,97,97,97,0,0,0,0,0,0
18.400000000000034,90,90,90,90,90,0,0,0,0,0,0
18.450000000000035,112,112,112,112,112,0,0,0,0,0,0
18.500000000000036,95,95,95,95,95,0,0,0,0,0,0
18.550000000000036,95,95,95,95,95,0,0,0,0,0,0
18.600000000000037,87,87,87,87,87,0,0,0,0,0,0
18.650000000000038,130,130,130,130,130,0,0,0,0,0,0
18.70000000000004,93,93,93,93,93,0,0,0,0,0,0
18.75000000000004,97,97,97,97,97,0,0,0,0,0,0
18.80000000000004,118,118,118,118,118,0,0,0,0,0,0
18.85000000000004,100,100,100,100,100,0,0,0,0,0,0
18.90000000000004,98,98,98,98,98,0,0,0,0,0,0
18.950000000000042,92,92,92,92,92,0,0,0,0,0,0
19.000000000000043,100,100,100,100,100,0,0,0,0,0,0
19.050000000000043,106,106,106,106,106,0,0,0,0,0,0
19.100000000000044,87,87,87,87,87,0,0,0,0,0,0
19.150000000000045,115,115,115,115,115,0,0,0,0,0,0
19.200000000000045,108,108,108,108,108,0,0,0,0,0,0
19.250000000000046,100,100,99,100,100,0,0,0,0,0,0
19.300000000000047,88,88,88,88,88,0,0,0,0,0,0
19.350000000000048,106,105,105,106,105,0,0,0,0,0,0
19.40000000000005,90,90,90,90,90,0,0,0,0,0,0
19.45000000000005,118,118,118,118,118,0,0,0,0,0,0
19.50000000000005,95,94,94,95,94,0,0,0,0,0,0
19.55000000000005,81,81,81,81,81,0,0,0,0,0,0
19.60000000000005,123,123,123,123,123,0,0,0,0,0,0
19.650000000000052,100,100,100,100,100,0,0,0,0,0,0
19.700000000000053,99,99,99,99,99,0,0,0,0,0,0
19.750000000000053,88,87,87,88,87,0,0,0,0,0,0
19.800000000000054,103,103,103,103,103,0,0,0,0,0,0
19.850000000000055,111,111,111,111,111,0,0,0,0,0,0
19.900000000000055,105,104,104,105,104,0,0,0,0,0,0
19.950000000000056,101,101,101,101,101,0,0,0,0,0,0
20.000000000000057,93,93,93,93,93,0,0,0,0,0,0
20.050000000000058,97,96,96,96,96,0,0,0,0,0,0
20.10000000000006,90,90,90,87,90,0,0,0,0,0,0
20.15000000000006,104,103,103,104,103,0,0,0,0,0,0
20.20000000000006,113,107,106,113,107,0,0,0,0,0,0
20.25000000000006,117,114,114,116,114,0,0,0,0,0,0
20.30000000000006,93,89,89,90,89,0,0,0,0,0,0
20.350000000000062,107,99,98,105,99,0,0,0,0,0,0
20.400000000000063,107,98,98,106,99,0,0,0,0,0,0
20.450000000000063,101,86,85,98,87,0,0,0,0,0,0
20.500000000000064,99,82,80,96,82,0,0,0,0,0,0
20.550000000000065,126,106,106,123,107,0,0,0,0,0,0
20.600000000000065,111,93,90,107,93,0,0,0,0,0,0
20.650000000000066,94,66,66,92,67,0,0,0,0,0,0
20.700000000000067,99,62,61,92,63,0,0,0,0,0,0
20.750000000000068,110,81,83,105,83,0,0,0,0,0,0
20.800000000000068,109,70,69,99,71,0,0,0,0,0,0
20.85000000000007,105,59,59,96,59,0,0,0,0,0,0
20.90000000000007,103,59,59,87,59,0,0,0,0,0,0
20.95000000000007,122,71,68,102,72,0,0,0,0,0,0
21.00000000000007,92,34,34,67,35,0,0,0,0,0,0
21.05000000000007,90,39,37,58,39,0,0,0,0,0,0
21.100000000000072,110,45,44,64,45,0,0,0,0,0,0
21.150000000000073,106,47,46,69,47,0,0,0,0,0,0
21.200000000000074,106,22,23,51,23,0,0,0,0,0,0
21.250000000000075,98,24,24,38,24,0,0,0,0,0,0
21.300000000000075,109,15,15,39,15,0,0,0,0,0,0
21.350000000000076,96,8,9,23,9,0,0,0,0,0,0
21.400000000000077,104,5,4,30,5,0,0,0,0,0,0
21.450000000000077,100,3,3,16,3,0,0,0,0,0,0
21.500000000000078,101,4,4,14,4,0,0,0,0,0,0
21.55000000000008,110,4,4,14,4,0,0,0,0,0,0
21.60000000000008,107,2,2,8,2,0,0,0,0,0,0
21.65000000000008,104,1,1,9,1,0,0,0,0,0,0
21.70000000000008,100,0,0,5,0,0,0,0,0,0,0
21.75000000000008,103,1,1,2,1,0,0,0,0,0,0
21.800000000000082,111,0,0,1,0,0,0,0,0,0,0
21.850000000000083,104,0,0,0,0,0,0,0,0,0,0
21.900000000000084,127,0,0,1,0,0,0,0,0,0,0
21.950000000000085,99,0,0,0,0,0,0,0,0,0,0
22.000000000000085,117,0,0,0,0,0,0,0,0,0,0
22.050000000000086,102,0,0,0,0,0,0,0,0,0,0
22.100000000000087,111,0,0,0,0,0,0,0,0,0,0
22.150000000000087,89,0,0,0,0,0,0,0,0,0,0
22.200000000000088,87,0,0,0,0,0,0,0,0,0,0
22.25000000000009,116,0,0,0,0,0,0,0,0,0,0
22.30000000000009,115,0,0,0,0,0,0,0,0,0,0
22.35000000000009,95,0,0,0,0,0,0,0,0,0,0
22.40000000000009,126,0,0,0,0,0,0,0,0,0,0
22.45000000000009,97,0,0,0,0,0,0,0,0,0,0
22.500000000000092,120,0,0,0,0,0,0,0,0,0,0
22.550000000000093,95,0,0,0,0,0,0,0,0,0,0
22.600000000000094,84,0,0,0,0,0,0,0,0,0,0
22.650000000000095,120,0,0,0,0,0,0,0,0,0,0
22.700000000000095,117,0,0,0,0,0,0,0,0,0,0
22.750000000000096,92,0,0,0,0,0,0,0,0,0,0
22.800000000000097,107,0,0,0,0,0,0,0,0,0,0
22.850000000000097,97,0,0,0,0,0,0,0,0,0,0
22.900000000000098,91,0,0,0,0,0,0,0,0,0,0
22.9500000000001,91,0,0,0,0,0,0,0,0,0,0
23.0000000000001,101,0,0,0,0,0,0,0,0,0,0
23.0500000000001,102,0,0,0,0,0,0,0,0,0,0
23.1000000000001,121,0,0,0,0,0,0,0,0,0,0
23.1500000000001,108,0,0,0,0,0,0,0,0,0,0
23.200000000000102,107,0,0,0,0,0,0,0,0,0,0
23.250000000000103,97,0,0,0,0,0,0,0,0,0,0
23.300000000000104,92,0,0,0,0,0,0,0,0,0,0
23.350000000000104,105,0,0,0,0,0,0,0,0,0,0
23.400000000000105,103,0,0,0,0,0,0,0,0,0,0
23.450000000000106,111,0,0,0,0,0,0,0,0,0,0
23.500000000000107,100,0,0,0,0,0,0,0,0,0,0
23.550000000000107,113,0,0,0,0,0,0,0,0,0,0
23.600000000000108,118,0,0,0,0,0,0,0,0,0,0
23.65000000000011,98,0,0,0,0,0,0,0,0,0,0
23.70000000000011,103,0,0,0,0,0,0,0,0,0,0
23.75000000000011,95,0,0,0,0,0,0,0,0,0,0
23.80000000000011,103,0,0,0,0,0,0,0,0,0,0
23.85000000000011,104,0,0,0,0,0,0,0,0,0,0
23.900000000000112,99,0,0,0,0,0,0,0,0,0,0
23.950000000000113,111,0,0,0,0,0,0,0,0,0,0
24.000000000000114,98,0,0,0,0,0,0,0,0,0,0
24.050000000000114,104,0,0,0,0,0,0,0,0,0,0
24.100000000000115,99,0,0,0,0,0,0,0,0,0,0
24.150000000000116,104,0,0,0,0,0,0,0,0,0,0
24.200000000000117,99,0,0,0,0,0,0,0,0,0,0
24.250000000000117,95,0,0,0,0,0,0,0,0,0,0
24.300000000000118,89,0,0,0,0,0,0,0,0,0,0
24.35000000000012,99,0,0,0,0,0,0,0,0,0,0
24.40000000000012,102,0,0,0,0,0,0,0,0,0,0
24.45000000000012,115,0,0,0,0,0,0,0,0,0,0
24.50000000000012,111,0,0,0,0,0,0,0,0,0,0
24.55000000000012,102,0,0,0,0,0,0,0,0,0,0
24.600000000000122,87,0,0,0,0,0,0,0,0,0,0
24.650000000000123,109,0,0,0,0,0,0,0,0,0,0
24.700000000000124,110,0,0,0,0,0,0,0,0,0,0
24.750000000000124,112,0,0,0,0,0,0,0,0,0,0
24.800000000000125,105,0,0,0,0,0,0,0,0,0,0
24.850000000000126,120,0,0,0,0,0,0,0,0,0,0
24.900000000000126,106,0,0,0,0,0,0,0,0,0,0
24.950000000000127,90,0,0,0,0,0,0,0,0,0,0
25.000000000000128,102,0,0,0,0,0,0,0,0,0,0
25.05000000000013,90,0,0,0,0,0,0,0,0,0,0
25.10000000000013,115,0,0,0,0,0,0,0,0,0,0
25.15000000000013,102,0,0,0,0,0,0,0,0,0,0
25.20000000000013,104,0,0,0,0,0,0,0,0,0,0
25.25000000000013,119,0,0,0,0,0,0,0,0,0,0
25.300000000000132,95,0,0,0,0,0,0,0,0,0,0
25.350000000000133,113,0,0,0,0,0,0,0,0,0,0
25.400000000000134,109,0,0,0,0,0,0,0,0,0,0
25.450000000000134,108,0,0,0,0,0,0,0,0,0,0
25.500000000000135,106,0,0,0,0,0,0,0,0,0,0
25.550000000000136,101,0,0,0,0,0,0,0,0,0,0
25.600000000000136,100,0,0,0,0,0,0,0,0,0,0
25.650000000000137,92,0,0,0,0,0,0,0,0,0,0
25.700000000000138,85,0,0,0,0,0,0,0,0,0,0
25.75000000000014,122,0,0,0,0,0,0,0,0,0,0
25.80000000000014,121,0,0,0,0,0,0,0,0,0,0
25.85000000000014,92,0,0,0,0,0,0,0,0,0,0
25.90000000000014,75,0,0,0,0,0,0,0,0,0,0
25.95000000000014,108,0,0,0,0,0,0,0,0,0,0
26.000000000000142,112,0,0,0,0,0,0,0,0,0,0
26.050000000000143,109,0,0,0,0,0,0,0,0,0,0
26.100000000000144,117,0,0,0,0,0,0,0,0,0,0
26.150000000000144,95,0,0,0,0,0,0,0,0,0,0
26.200000000000145,112,0,0,0,0,0,0,0,0,0,0
26.250000000000146,83,0,0,0,0,0,0,0,0,0,0
26.300000000000146,96,0,0,0,0,0,0,0,0,0,0
26.350000000000147,100,0,0,0,0,0,0,0,0,0,0
26.400000000000148,94,0,0,0,0,0,0,0,0,0,0
26.45000000000015,108,0,0,0,0,0,0,0,0,0,0
26.50000000000015,114,0,0,0,0,0,0,0,0,0,0
26.55000000000015,103,0,0,0,0,0,0,0,0,0,0
26.60000000000015,112,0,0,0,0,0,0,0,0,0,0
26.65000000000015,99,0,0,0,0,0,0,0,0,0,0
26.700000000000152,102,0,0,0,0,0,0,0,0,0,0
26.750000000000153,108,0,0,0,0,0,0,0,0,0,0
26.800000000000153,109,0,0,0,0,0,0,0,0,0,0
26.850000000000154,109,0,0,0,0,0,0,0,0,0,0
26.900000000000155,116,0,0,0,0,0,0,0,0,0,0
26.950000000000156,89,0,0,0,0,0,0,0,0,0,0
27.000000000000156,104,0,0,0,0,0,0,0,0,0,0
27.050000000000157,118,0,0,0,0,0,0,0,0,0,0
27.100000000000158,88,0,0,0,0,0,0,0,0,0,0
27.15000000000016,105,0,0,0,0,0,0,0,0,0,0
27.20000000000016,110,0,0,0,0,0,0,0,0,0,0
27.25000000000016,93,0,0,0,0,0,0,0,0,0,0
27.30000000000016,105,0,0,0,0,0,0,0,0,0,0
27.35000000000016,100,0,0,0,0,0,0,0,0,0,0
27.400000000000162,86,0,0,0,0,0,0,0,0,0,0
27.450000000000163,108,0,0,0,0,0,0,0,0,0,0
27.500000000000163,111,0,0,0,0,0,0,0,0,0,0
27.550000000000164,115,0,0,0,0,0,0,0,0,0,0
27.600000000000165,85,0,0,0,0,0,0,0,0,0,0
27.650000000000166,94,0,0,0,0,0,0,0,0,0,0
27.700000000000166,101,0,0,0,0,0,0,0,0,0,0
27.750000000000167,99,0,0,0,0,0,0,0,0,0,0
27.800000000000168,111,0,0,0,0,0,0,0,0,0,0
27.85000000000017,117,0,0,0,0,0,0,0,0,0,0
27.90000000000017,100,0,0,0,0,0,0,0,0,0,0
27.95000000000017,105,0,0,0,0,0,0,0,0,0,0
28.00000000000017,98,0,0,0,0,0,0,0,0,0,0
28.05000000000017,108,0,0,0,0,0,0,0,0,0,0
28.100000000000172,112,0,0,0,0,0,0,0,0,0,0
28.150000000000173,98,0,0,0,0,0,0,0,0,0,0
28.200000000000173,108,0,0,0,0,0,0,0,0,0,0
28.250000000000174,105,0,0,0,0,0,0,0,0,0,0
28.300000000000175,103,0,0,0,0,0,0,0,0,0,0
28.350000000000176,106,0,0,0,0,0,0,0,0,0,0
28.400000000000176,101,0,0,0,0,0,0,0,0,0,0
28.450000000000177,103,0,0,0,0,0,0,0,0,0,0
28.500000000000178,109,0,0,0,0,0,0,0,0,0,0
28.55000000000018,95,0,0,0,0,0,0,0,0,0,0
28.60000000000018,119,0,0,0,0,0,0,0,0,0,0
28.65000000000018,105,0,0,0,0,0,0,0,0,0,0
28.70000000000018,107,0,0,0,0,0,0,0,0,0,0
28.75000000000018,110,0,0,0,0,0,0,0,0,0,0
28.800000000000182,89,0,0,0,0,0,0,0,0,0,0
28.850000000000183,116,0,0,0,0,0,0,0,0,0,0
28.900000000000183,93,0,0,0,0,0,0,0,0,0,0
28.950000000000184,105,0,0,0,0,0,0,0,0,0,0
29.000000000000185,108,0,0,0,0,0,0,0,0,0,0
29.050000000000185,90,0,0,0,0,0,0,0,0,0,0
29.100000000000186,96,0,0,0,0,0,0,0,0,0,0
29.150000000000187,111,0,0,0,0,0,0,0,0,0,0
29.200000000000188,99,0,0,0,0,0,0,0,0,0,0
29.25000000000019,101,0,0,0,0,0,0,0,0,0,0
29.30000000000019,98,0,0,0,0,0,0,0,0,0,0
29.35000000000019,111,0,0,0,0,0,0,0,0,0,0
29.40000000000019,95,0,0,0,0,0,0,0,0,0,0
29.45000000000019,101,0,0,0,0,0,0,0,0,0,0
29.500000000000192,106,0,0,0,0,0,0,0,0,0,0
29.550000000000193,108,0,0,0,0,0,0,0,0,0,0
29.600000000000193,100,0,0,0,0,0,0,0,0,0,0
29.650000000000194,104,0,0,0,0,0,0,0,0,0,0
29.700000000000195,108,0,0,0,0,0,0,0,0,0,0
29.750000000000195,102,0,0,0,0,0,0,0,0,0,0
29.800000000000196,103,0,0,0,0,0,0,0,0,0,0
29.850000000000197,97,0,0,0,0,0,0,0,0,0,0
29.900000000000198,96,0,0,0,0,0,0,0,0,0,0
29.9500000000002,99,0,0,0,0,0,0,0,0,0,0
30.0000000000002,95,0,0,0,0,0,0,0,0,0,0
30.0500000000002,97,0,0,0,0,0,0,0,0,0,0
30.1000000000002,97,0,0,0,0,0,0,0,0,0,0
30.1500000000002,106,0,0,0,0,0,0,0,0,0,0
30.200000000000202,85,0,0,0,0,0,0,0,0,0,0
30.250000000000203,112,0,0,0,0,0,0,0,0,0,0
30.300000000000203,103,0,0,0,0,0,0,0,0,0,0
30.350000000000204,111,0,0,0,0,0,0,0,0,0,0
30.400000000000205,121,0,0,0,0,0,0,0,0,0,0
30.450000000000205,106,0,0,0,0,0,0,0,0,0,0
30.500000000000206,98,0,0,0,0,0,0,0,0,0,0
30.550000000000207,109,0,0,0,0,0,0,0,0,0,0
30.600000000000207,108,0,0,0,0,0,0,0,0,0,0
30.650000000000208,101,0,0,0,0,0,0,0,0,0,0
30.70000000000021,110,0,0,0,0,0,0,0,0,0,0
30.75000000000021,101,0,0,0,0,0,0,0,0,0,0
30.80000000000021,97,0,0,0,0,0,0,0,0,0,0
30.85000000000021,98,0,0,0,0,0,0,0,0,0,0
30.90000000000021,105,0,0,0,0,0,0,0,0,0,0
30.950000000000212,80,0,0,0,0,0,0,0,0,0,0
31.000000000000213,102,0,0,0,0,0,0,0,0,0,0
31.050000000000214,99,0,0,0,0,0,0,0,0,0,0
31.100000000000215,121,0,0,0,0,0,0,0,0,0,0
31.150000000000215,113,0,0,0,0,0,0,0,0,0,0
31.200000000000216,99,0,0,0,0,0,0,0,0,0,0
31.250000000000217,108,0,0,0,0,0,0,0,0,0,0
31.300000000000217,101,0,0,0,0,0,0,0,0,0,0
31.350000000000218,111,0,0,0,0,0,0,0,0,0,0
31.40000000000022,98,0,0,0,0,0,0,0,0,0,0
31.45000000000022,94,0,0,0,0,0,0,0,0,0,0
31.50000000000022,93,0,0,0,0,0,0,0,0,0,0
31.55000000000022,103,0,0,0,0,0,0,0,0,0,0
31.60000000000022,95,0,0,0,0,0,0,0,0,0,0
31.650000000000222,106,0,0,0,0,0,0,0,0,0,0
31.700000000000223,99,0,0,0,0,0,0,0,0,0,0
31.750000000000224,107,0,0,0,0,0,0,0,0,0,0
31.800000000000225,104,0,0,0,0,0,0,0,0,0,0
31.850000000000225,101,0,0,0,0,0,0,0,0,0,0
31.900000000000226,102,0,0,0,0,0,0,0,0,0,0
31.950000000000227,103,0,0,0,0,0,0,0,0,0,0
32.00000000000023,101,0,0,0,0,0,0,0,0,0,0
32.050000000000225,80,0,0,0,0,0,0,0,0,0,0
32.10000000000022,70,0,0,0,0,0,0,0,0,0,0
32.15000000000022,66,0,0,0,0,0,0,0,0,0,0
32.200000000000216,43,0,0,0,0,0,0,0,0,0,0
32.25000000000021,29,0,0,0,0,0,0,0,0,0,0
32.30000000000021,20,0,0,0,0,0,0,0,0,0,0
32.35000000000021,4,0,0,0,0,0,0,0,0,0,0
32.400000000000205,0,0,0,0,0,0,0,0,0,0,0
32.4500000000002,0,0,0,0,0,0,0,0,0,0,0
32.5000000000002,0,0,0,0,0,0,0,0,0,0,0
32.550000000000196,0,0,0,0,0,0,0,0,0,0,0
32.60000000000019,0,0,0,0,0,0,0,0,0,0,0
32.65000000000019,0,0,0,0,0,0,0,0,0,0,0
32.70000000000019,0,0,0,0,0,0,0,0,0,0,0
32.750000000000185,0,0,0,0,0,0,0,0,0,0,0
32.80000000000018,0,0,0,0,0,0,0,0,0,0,0
32.85000000000018,0,0,0,0,0,0,0,0,0,0,0
32.900000000000176,0,0,0,0,0,0,0,0,0,0,0
32.95000000000017,0,0,0,0,0,0,0,0,0,0,0
33.00000000000017,0,0,0,0,0,0,0,0,0,0,0
33.05000000000017,0,0,0,0,0,0,0,0,0,0,0
33.100000000000165,0,0,0,0,0,0,0,0,0,0,0
33.15000000000016,0,0,0,0,0,0,0,0,0,0,0
33.20000000000016,0,0,0,0,0,0,0,0,0,0,0
33.250000000000156,0,0,0,0,0,0,0,0,0,0,0
33.30000000000015,0,0,0,0,0,0,0,0,0,0,0
33.35000000000015,0,0,0,0,0,0,0,0,0,0,0
33.40000000000015,0,0,0,0,0,0,0,0,0,0,0
33.450000000000145,0,0,0,0,0,0,0,0,0,0,0
33.50000000000014,0,0,0,0,0,0,0,0,0,0,0
33.55000000000014,0,0,0,0,0,0,0,0,0,0,0
33.600000000000136,0,0,0,0,0,0,0,0,0,0,0
33.650000000000134,0,0,0,0,0,0,0,0,0,0,0
33.70000000000013,0,0,0,0,0,0,0,0,0,0,0
33.75000000000013,0,0,0,0,0,0,0,0,0,0,0
33.800000000000125,0,0,0,0,0,0,0,0,0,0,0
33.85000000000012,0,0,0,0,0,0,0,0,0,0,0
33.90000000000012,0,0,0,0,0,0,0,0,0,0,0
33.95000000000012,0,0,0,0,0,0,0,0,0,0,0
34.000000000000114,0,0,0,0,0,0,0,0,0,0,0
34.05000000000011,0,0,0,0,0,0,0,0,0,0,0
34.10000000000011,0,0,0,0,0,0,0,0,0,0,0
34.150000000000105,0,0,0,0,0,0,0,0,0,0,0
34.2000000000001,0,0,0,0,0,0,0,0,0,0,0
34.2500000000001,0,0,0,0,0,0,0,0,0,0,0
34.3000000000001,0,0,0,0,0,0,0,0,0,0,0
34.350000000000094,0,0,0,0,0,0,0,0,0,0,0
34.40000000000009,0,0,0,0,0,0,0,0,0,0,0
34.45000000000009,0,0,0,0,0,0,0,0,0,0,0
34.500000000000085,0,0,0,0,0,0,0,0,0,0,0
34.55000000000008,0,0,0,0,0,0,0,0,0,0,0
34.60000000000008,0,0,0,0,0,0,0,0,0,0,0
34.65000000000008,0,0,0,0,0,0,0,0,0,0,0
34.700000000000074,0,0,0,0,0,0,0,0,0,0,0
34.75000000000007,0,0,0,0,0,0,0,0,0,0,0
34.80000000000007,0,0,0,0,0,0,0,0,0,0,0
34.850000000000065,0,0,0,0,0,0,0,0,0,0,0
34.90000000000006,0,0,0,0,0,0,0,0,0,0,0
34.95000000000006,0,0,0,0,0,0,0,0,0,0,0
35.00000000000006,0,0,0,0,0,0,0,0,0,0,0
35.050000000000054,0,0,0,0,0,0,0,0,0,0,0
35.10000000000005,0,0,0,0,0,0,0,0,0,0,0
35.15000000000005,0,0,0,0,0,0,0,0,0,0,0
35.200000000000045,0,0,0,0,0,0,0,0,0,0,0
35.25000000000004,0,0,0,0,0,0,0,0,0,0,0
35.30000000000004,0,0,0,0,0,0,0,0,0,0,0
35.35000000000004,0,0,0,0,0,0,0,0,0,0,0
35.400000000000034,0,0,0,0,0,0,0,0,0,0,0
35.45000000000003,0,0,0,0,0,0,0,0,0,0,0
35.50000000000003,0,0,0,0,0,0,0,0,0,0,0
35.550000000000026,0,0,0,0,0,0,0,0,0,0,0
35.60000000000002,0,0,0,0,0,0,0,0,0,0,0
35.65000000000002,0,0,0,0,0,0,0,0,0,0,0
35.70000000000002,0,0,0,0,0,0,0,0,0,0,0
35.750000000000014,0,0,0,0,0,0,0,0,0,0,0
35.80000000000001,0,0,0,0,0,0,0,0,0,0,0
35.85000000000001,0,0,0,0,0,0,0,0,0,0,0
35.900000000000006,0,0,0,0,0,0,0,0,0,0,0
35.95,0,0,0,0,0,0,0,0,0,0,0
36.0,0,0,0,0,0,0,0,0,0,0,0
36.05,0,0,0,0,0,0,0,0,0,0,0
36.099999999999994,0,0,0,0,0,0,0,0,0,0,0
36.14999999999999,0,0,0,0,0,0,0,0,0,0,0
36.19999999999999,0,0,0,0,0,0,0,0,0,0,0
36.249999999999986,0,0,0,0,0,0,0,0,0,0,0
36.29999999999998,0,0,0,0,0,0,0,0,0,0,0
36.34999999999998,0,0,0,0,0,0,0,0,0,0,0
36.39999999999998,0,0,0,0,0,0,0,0,0,0,0
36.449999999999974,0,0,0,0,0,0,0,0,0,0,0
36.49999999999997,0,0,0,0,0,0,0,0,0,0,0
36.54999999999997,0,0,0,0,0,0,0,0,0,0,0
36.599999999999966,0,0,0,0,0,0,0,0,0,0,0
36.64999999999996,0,0,0,0,0,0,0,0,0,0,0
36.69999999999996,0,0,0,0,0,0,0,0,0,0,0
36.74999999999996,0,0,0,0,0,0,0,0,0,0,0
36.799999999999955,0,0,0,0,0,0,0,0,0,0,0
36.84999999999995,0,0,0,0,0,0,0,0,0,0,0
36.89999999999995,0,0,0,0,0,0,0,0,0,0,0
36.949999999999946,0,0,0,0,0,0,0,0,0,0,0
36.99999999999994,0,0,0,0,0,0,0,0,0,0,0
37.04999999999994,0,0,0,0,0,0,0,0,0,0,0
37.09999999999994,0,0,0,0,0,0,0,0,0,0,0
37.149999999999935,0,0,0,0,0,0,0,0,0,0,0
37.19999999999993,0,0,0,0,0,0,0,0,0,0,0
37.24999999999993,0,0,0,0,0,0,0,0,0,0,0
37.299999999999926,0,0,0,0,0,0,0,0,0,0,0
37.34999999999992,0,0,0,0,0,0,0,0,0,0,0
37.39999999999992,0,0,0,0,0,0,0,0,0,0,0
37.44999999999992,0,0,0,0,0,0,0,0,0,0,0
37.499999999999915,0,0,0,0,0,0,0,0,0,0,0
37.54999999999991,0,0,0,0,0,0,0,0,0,0,0
37.59999999999991,0,0,0,0,0,0,0,0,0,0,0
37.649999999999906,0,0,0,0,0,0,0,0,0,0,0
37.6999999999999,0,0,0,0,0,0,0,0,0,0,0
37.7499999999999,0,0,0,0,0,0,0,0,0,0,0
37.7999999999999,0,0,0,0,0,0,0,0,0,0,0
37.849999999999895,0,0,0,0,0,0,0,0,0,0,0
37.89999999999989,0,0,0,0,0,0,0,0,0,0,0
37.94999999999989,0,0,0,0,0,0,0,0,0,0,0
37.999999999999886,0,0,0,0,0,0,0,0,0,0,0
38.04999999999988,0,0,0,0,0,0,0,0,0,0,0
38.09999999999988,0,0,0,0,0,0,0,0,0,0,0
38.14999999999988,0,0,0,0,0,0,0,0,0,0,0
38.199999999999875,0,0,0,0,0,0,0,0,0,0,0
38.24999999999987,0,0,0,0,0,0,0,0,0,0,0
38.29999999999987,0,0,0,0,0,0,0,0,0,0,0
38.349999999999866,0,0,0,0,0,0,0,0,0,0,0
38.399999999999864,0,0,0,0,0,0,0,0,0,0,0
38.44999999999986,0,0,0,0,0,0,0,0,0,0,0
38.49999999999986,0,0,0,0,0,0,0,0,0,0,0
38.549999999999855,0,0,0,0,0,0,0,0,0,0,0
38.59999999999985,0,0,0,0,0,0,0,0,0,0,0
38.64999999999985,0,0,0,0,0,0,0,0,0,0,0
38.69999999999985,0,0,0,0,0,0,0,0,0,0,0
38.749999999999844,0,0,0,0,0,0,0,0,0,0,0
38.79999999999984,0,0,0,0,0,0,0,0,0,0,0
38.84999999999984,0,0,0,0,0,0,0,0,0,0,0
38.899999999999835,0,0,0,0,0,0,0,0,0,0,0
38.94999999999983,0,0,0,0,0,0,0,0,0,0,0
38.99999999999983,0,0,0,0,0,0,0,0,0,0,0
39.04999999999983,0,0,0,0,0,0,0,0,0,0,0
39.099999999999824,0,0,0,0,0,0,0,0,0,0,0
39.14999999999982,0,0,0,0,0,0,0,0,0,0,0
39.19999999999982,0,0,0,0,0,0,0,0,0,0,0
39.249999999999815,0,0,0,0,0,0,0,0,0,0,0
39.29999999999981,0,0,0,0,0,0,0,0,0,0,0
39.34999999999981,0,0,0,0,0,0,0,0,0,0,0
39.39999999999981,0,0,0,0,0,0,0,0,0,0,0
39.449999999999804,0,0,0,0,0,0,0,0,0,0,0
39.4999999999998,0,0,0,0,0,0,0,0,0,0,0
39.5499999999998,0,0,0,0,0,0,0,0,0,0,0
39.599999999999795,0,0,0,0,0,0,0,0,0,0,0
39.64999999999979,0,0,0,0,0,0,0,0,0,0,0
39.69999999999979,0,0,0,0,0,0,0,0,0,0,0
39.74999999999979,0,0,0,0,0,0,0,0,0,0,0
39.799999999999784,0,0,0,0,0,0,0,0,0,0,0
39.84999999999978,0,0,0,0,0,0,0,0,0,0,0
39.89999999999978,0,0,0,0,0,0,0,0,0,0,0
39.949999999999775,0,0,0,0,0,0,0,0,0,0,0
39.99999999999977,0,0,0,0,0,0,0,0,0,0,0
40.04999999999977,0,0,0,0,0,0,0,0,0,0,0
40.09999999999977,0,0,0,0,0,0,0,0,0,0,0
40.149999999999764,0,0,0,0,0,0,0,0,0,0,0
40.19999999999976,0,0,0,0,0,0,0,0,0,0,0
40.24999999999976,0,0,0,0,0,0,0,0,0,0,0
40.299999999999756,0,0,0,0,0,0,0,0,0,0,0
40.34999999999975,0,0,0,0,0,0,0,0,0,0,0
40.39999999999975,0,0,0,0,0,0,0,0,0,0,0
40.44999999999975,0,0,0,0,0,0,0,0,0,0,0
40.499999999999744,0,0,0,0,0,0,0,0,0,0,0
40.54999999999974,0,0,0,0,0,0,0,0,0,0,0
40.59999999999974,0,0,0,0,0,0,0,0,0,0,0
40.649999999999736,0,0,0,0,0,0,0,0,0,0,0
40.69999999999973,0,0,0,0,0,0,0,0,0,0,0
40.74999999999973,0,0,0,0,0,0,0,0,0,0,0
40.79999999999973,0,0,0,0,0,0,0,0,0,0,0
40.849999999999724,0,0,0,0,0,0,0,0,0,0,0
40.89999999999972,0,0,0,0,0,0,0,0,0,0,0
40.94999999999972,0,0,0,0,0,0,0,0,0,0,0
40.999999999999716,0,0,0,0,0,0,0,0,0,0,0
41.04999999999971,0,0,0,0,0,0,0,0,0,0,0
41.09999999999971,0,0,0,0,0,0,0,0,0,0,0
41.14999999999971,0,0,0,0,0,0,0,0,0,0,0
41.199999999999704,0,0,0,0,0,0,0,0,0,0,0
41.2499999999997,0,0,0,0,0,0,0,0,0,0,0
41.2999999999997,0,0,0,0,0,0,0,0,0,0,0
41.349999999999696,0,0,0,0,0,0,0,0,0,0,0
41.39999999999969,0,0,0,0,0,0,0,0,0,0,0
41.44999999999969,0,0,0,0,0,0,0,0,0,0,0
41.49999999999969,0,0,0,0,0,0,0,0,0,0,0
41.549999999999685,0,0,0,0,0,0,0,0,0,0,0
*****
16,0.05,100,0.3,0.7,10,100,0.130921998163,0.0426836366557
16,100,100,100,100,100,0,0,0,0,0,0
16.05,98,98,98,97,98,0,0,0,0,0,0
16.1,100,100,100,100,100,0,0,0,0,0,0
16.150000000000002,84,84,84,84,84,0,0,0,0,0,0
16.200000000000003,100,100,100,100,100,0,0,0,0,0,0
16.250000000000004,104,104,104,103,104,0,0,0,0,0,0
16.300000000000004,125,125,125,125,125,0,0,0,0,0,0
16.350000000000005,93,93,93,93,93,0,0,0,0,0,0
16.400000000000006,91,91,91,91,91,0,0,0,0,0,0
16.450000000000006,118,118,118,118,118,0,0,0,0,0,0
16.500000000000007,89,89,89,88,89,0,0,0,0,0,0
16.550000000000008,97,97,97,97,97,0,0,0,0,0,0
16.60000000000001,107,107,107,107,107,0,0,0,0,0,0
16.65000000000001,93,93,93,93,93,0,0,0,0,0,0
16.70000000000001,98,98,98,98,98,0,0,0,0,0,0
16.75000000000001,97,97,97,97,97,0,0,0,0,0,0
16.80000000000001,118,118,118,117,118,0,0,0,0,0,0
16.850000000000012,108,108,108,107,108,0,0,0,0,0,0
16.900000000000013,107,107,107,107,107,0,0,0,0,0,0
16.950000000000014,104,104,104,104,104,0,0,0,0,0,0
17.000000000000014,100,100,100,100,100,0,0,0,0,0,0
17.050000000000015,85,85,85,85,85,0,0,0,0,0,0
17.100000000000016,99,99,99,99,99,0,0,0,0,0,0
17.150000000000016,103,103,103,102,103,0,0,0,0,0,0
17.200000000000017,93,93,93,92,93,0,0,0,0,0,0
17.250000000000018,99,99,99,99,99,0,0,0,0,0,0
17.30000000000002,113,113,113,113,113,0,0,0,0,0,0
17.35000000000002,98,98,98,96,98,0,0,0,0,0,0
17.40000000000002,107,107,107,105,107,0,0,0,0,0,0
17.45000000000002,100,100,100,97,100,0,0,0,0,0,0
17.50000000000002,105,105,105,103,105,0,0,0,0,0,0
17.550000000000022,104,104,104,102,104,0,0,0,0,0,0
17.600000000000023,90,90,90,90,90,0,0,0,0,0,0
17.650000000000023,94,94,94,90,94,0,0,0,0,0,0
17.700000000000024,89,89,89,87,89,0,0,0,0,0,0
17.750000000000025,90,90,90,90,90,0,0,0,0,0,0
17.800000000000026,106,106,106,104,106,0,0,0,0,0,0
17.850000000000026,106,106,106,103,106,0,0,0,0,0,0
17.900000000000027,95,95,95,93,95,0,0,0,0,0,0
17.950000000000028,101,101,101,100,101,0,0,0,0,0,0
18.00000000000003,124,124,124,123,124,0,0,0,0,0,0
18.05000000000003,98,98,98,92,98,0,0,0,0,0,0
18.10000000000003,107,107,107,103,107,0,0,0,0,0,0
18.15000000000003,92,92,92,91,92,0,0,0,0,0,0
18.20000000000003,93,93,93,91,93,0,0,0,0,0,0
18.250000000000032,84,84,84,81,84,0,0,0,0,0,0
18.300000000000033,101,101,101,95,101,0,0,0,0,0,0
18.350000000000033,101,101,101,99,101,0,0,0,0,0,0
18.400000000000034,99,99,99,94,99,0,0,0,0,0,0
18.450000000000035,96,96,96,89,96,0,0,0,0,0,0
18.500000000000036,118,118,118,117,118,0,0,0,0,0,0
18.550000000000036,113,112,112,107,112,0,0,0,0,0,0
18.600000000000037,96,96,96,93,96,0,0,0,0,0,0
18.650000000000038,101,99,100,97,100,0,0,0,0,0,0
18.70000000000004,104,104,104,99,104,0,0,0,0,0,0
18.75000000000004,84,84,84,80,84,0,0,0,0,0,0
18.80000000000004,95,94,94,90,94,0,0,0,0,0,0
18.85000000000004,104,104,104,96,104,0,0,0,0,0,0
18.90000000000004,95,95,95,87,95,0,0,0,0,0,0
18.950000000000042,112,112,112,109,112,0,0,0,0,0,0
19.000000000000043,92,90,90,85,90,0,0,0,0,0,0
19.050000000000043,83,82,82,77,82,0,0,0,0,0,0
19.100000000000044,118,115,115,110,115,0,0,0,0,0,0
19.150000000000045,110,107,108,103,108,0,0,0,0,0,0
19.200000000000045,80,78,79,74,79,0,0,0,0,0,0
19.250000000000046,100,99,99,87,99,0,0,0,0,0,0
19.300000000000047,100,95,96,83,96,0,0,0,0,0,0
19.350000000000048,114,109,109,104,109,0,0,0,0,0,0
19.40000000000005,96,92,92,90,92,0,0,0,0,0,0
19.45000000000005,104,99,99,95,99,0,0,0,0,0,0
19.50000000000005,101,95,97,94,97,0,0,0,0,0,0
19.55000000000005,95,90,93,83,93,0,0,0,0,0,0
19.60000000000005,106,98,99,94,99,0,0,0,0,0,0
19.650000000000052,106,100,100,91,100,0,0,0,0,0,0
19.700000000000053,110,97,100,92,100,0,0,0,0,0,0
19.750000000000053,85,77,78,69,78,0,0,0,0,0,0
19.800000000000054,101,91,91,91,91,0,0,0,0,0,0
19.850000000000055,89,80,81,76,81,0,0,0,0,0,0
19.900000000000055,99,86,87,81,87,0,0,0,0,0,0
19.950000000000056,124,101,104,95,104,0,0,0,0,0,0
20.000000000000057,109,93,93,88,93,0,0,0,0,0,0
20.050000000000058,83,65,65,62,65,0,0,0,0,0,0
20.10000000000006,115,102,104,85,104,0,0,0,0,0,0
20.15000000000006,110,76,78,73,78,0,0,0,0,0,0
20.20000000000006,74,55,55,49,56,0,0,0,0,0,0
20.25000000000006,107,75,79,85,79,0,0,0,0,0,0
20.30000000000006,105,77,77,66,78,0,0,0,0,0,0
20.350000000000062,84,55,57,54,57,0,0,0,0,0,0
20.400000000000063,103,64,66,61,67,0,0,0,0,0,0
20.450000000000063,106,58,61,71,61,0,0,0,0,0,0
20.500000000000064,93,42,44,43,44,0,0,0,0,0,0
20.550000000000065,122,59,63,61,63,0,0,0,0,0,0
20.600000000000065,103,57,59,53,59,0,0,0,0,0,0
20.650000000000066,104,41,44,52,44,0,0,0,0,0,0
20.700000000000067,95,32,35,42,35,0,0,0,0,0,0
20.750000000000068,101,43,45,44,45,0,0,0,0,0,0
20.800000000000068,87,34,36,38,36,0,0,0,0,0,0
20.85000000000007,101,31,35,40,35,0,0,0,0,0,0
20.90000000000007,97,24,29,33,29,0,0,0,0,0,0
20.95000000000007,107,29,30,32,30,0,0,0,0,0,0
21.00000000000007,92,25,28,26,28,0,0,0,0,0,0
21.05000000000007,98,18,20,26,20,0,0,0,0,0,0
21.100000000000072,110,17,19,21,19,0,0,0,0,0,0
21.150000000000073,106,15,18,27,18,0,0,0,0,0,0
21.200000000000074,106,19,20,25,20,0,0,0,0,0,0
21.250000000000075,102,18,18,14,18,0,0,0,0,0,0
21.300000000000075,104,16,17,17,17,0,0,0,0,0,0
21.350000000000076,86,11,11,14,11,0,0,0,0,0,0
21.400000000000077,100,16,17,16,17,0,0,0,0,0,0
21.450000000000077,90,9,10,9,10,0,0,0,0,0,0
21.500000000000078,96,7,7,10,7,0,0,0,0,0,0
21.55000000000008,118,5,5,10,5,0,0,0,0,0,0
21.60000000000008,119,5,5,6,5,0,0,0,0,0,0
21.65000000000008,103,5,5,4,5,0,0,0,0,0,0
21.70000000000008,81,2,2,4,2,0,0,0,0,0,0
21.75000000000008,94,2,2,2,2,0,0,0,0,0,0
21.800000000000082,85,4,4,7,4,0,0,0,0,0,0
21.850000000000083,108,2,2,2,2,0,0,0,0,0,0
21.900000000000084,112,3,3,3,3,0,0,0,0,0,0
21.950000000000085,108,1,1,1,1,0,0,0,0,0,0
22.000000000000085,82,2,2,2,2,0,0,0,0,0,0
22.050000000000086,97,0,0,1,0,0,0,0,0,0,0
22.100000000000087,102,3,3,3,3,0,0,0,0,0,0
22.150000000000087,104,0,0,0,0,0,0,0,0,0,0
22.200000000000088,113,0,0,0,0,0,0,0,0,0,0
22.25000000000009,118,0,0,0,0,0,0,0,0,0,0
22.30000000000009,87,0,0,0,0,0,0,0,0,0,0
22.35000000000009,95,0,0,0,0,0,0,0,0,0,0
22.40000000000009,98,1,1,1,1,0,0,0,0,0,0
22.45000000000009,121,0,0,0,0,0,0,0,0,0,0
22.500000000000092,94,0,0,0,0,0,0,0,0,0,0
22.550000000000093,94,0,0,0,0,0,0,0,0,0,0
22.600000000000094,90,0,0,0,0,0,0,0,0,0,0
22.650000000000095,111,0,0,0,0,0,0,0,0,0,0
22.700000000000095,110,0,0,0,0,0,0,0,0,0,0
22.750000000000096,99,0,0,0,0,0,0,0,0,0,0
22.800000000000097,104,0,0,0,0,0,0,0,0,0,0
22.850000000000097,95,0,0,0,0,0,0,0,0,0,0
22.900000000000098,95,0,0,0,0,0,0,0,0,0,0
22.9500000000001,105,0,0,0,0,0,0,0,0,0,0
23.0000000000001,121,0,0,0,0,0,0,0,0,0,0
23.0500000000001,89,0,0,0,0,0,0,0,0,0,0
23.1000000000001,96,0,0,0,0,0,0,0,0,0,0
23.1500000000001,104,0,0,0,0,0,0,0,0,0,0
23.200000000000102,99,0,0,0,0,0,0,0,0,0,0
23.250000000000103,91,0,0,0,0,0,0,0,0,0,0
23.300000000000104,111,0,0,0,0,0,0,0,0,0,0
23.350000000000104,111,0,0,0,0,0,0,0,0,0,0
23.400000000000105,105,0,0,0,0,0,0,0,0,0,0
23.450000000000106,97,0,0,0,0,0,0,0,0,0,0
23.500000000000107,96,0,0,0,0,0,0,0,0,0,0
23.550000000000107,97,0,0,0,0,0,0,0,0,0,0
23.600000000000108,82,0,0,0,0,0,0,0,0,0,0
23.65000000000011,108,0,0,0,0,0,0,0,0,0,0
23.70000000000011,108,0,0,0,0,0,0,0,0,0,0
23.75000000000011,105,0,0,0,0,0,0,0,0,0,0
23.80000000000011,102,0,0,0,0,0,0,0,0,0,0
23.85000000000011,113,0,0,0,0,0,0,0,0,0,0
23.900000000000112,106,0,0,0,0,0,0,0,0,0,0
23.950000000000113,100,0,0,0,0,0,0,0,0,0,0
24.000000000000114,97,0,0,0,0,0,0,0,0,0,0
24.050000000000114,97,0,0,0,0,0,0,0,0,0,0
24.100000000000115,96,0,0,0,0,0,0,0,0,0,0
24.150000000000116,124,0,0,0,0,0,0,0,0,0,0
24.200000000000117,100,0,0,0,0,0,0,0,0,0,0
24.250000000000117,103,0,0,0,0,0,0,0,0,0,0
24.300000000000118,90,0,0,0,0,0,0,0,0,0,0
24.35000000000012,96,0,0,0,0,0,0,0,0,0,0
24.40000000000012,106,0,0,0,0,0,0,0,0,0,0
24.45000000000012,99,0,0,0,0,0,0,0,0,0,0
24.50000000000012,98,0,0,0,0,0,0,0,0,0,0
24.55000000000012,97,0,0,0,0,0,0,0,0,0,0
24.600000000000122,96,0,0,0,0,0,0,0,0,0,0
24.650000000000123,91,0,0,0,0,0,0,0,0,0,0
24.700000000000124,107,0,0,0,0,0,0,0,0,0,0
24.750000000000124,97,0,0,0,0,0,0,0,0,0,0
24.800000000000125,102,0,0,0,0,0,0,0,0,0,0
24.850000000000126,95,0,0,0,0,0,0,0,0,0,0
24.900000000000126,120,0,0,0,0,0,0,0,0,0,0
24.950000000000127,103,0,0,0,0,0,0,0,0,0,0
25.000000000000128,107,0,0,0,0,0,0,0,0,0,0
25.05000000000013,104,0,0,0,0,0,0,0,0,0,0
25.10000000000013,79,0,0,0,0,0,0,0,0,0,0
25.15000000000013,97,0,0,0,0,0,0,0,0,0,0
25.20000000000013,79,0,0,0,0,0,0,0,0,0,0
25.25000000000013,104,0,0,0,0,0,0,0,0,0,0
25.300000000000132,88,0,0,0,0,0,0,0,0,0,0
25.350000000000133,111,0,0,0,0,0,0,0,0,0,0
25.400000000000134,111,0,0,0,0,0,0,0,0,0,0
25.450000000000134,103,0,0,0,0,0,0,0,0,0,0
25.500000000000135,98,0,0,0,0,0,0,0,0,0,0
25.550000000000136,98,0,0,0,0,0,0,0,0,0,0
25.600000000000136,102,0,0,0,0,0,0,0,0,0,0
25.650000000000137,96,0,0,0,0,0,0,0,0,0,0
25.700000000000138,104,0,0,0,0,0,0,0,0,0,0
25.75000000000014,102,0,0,0,0,0,0,0,0,0,0
25.80000000000014,100,0,0,0,0,0,0,0,0,0,0
25.85000000000014,105,0,0,0,0,0,0,0,0,0,0
25.90000000000014,113,0,0,0,0,0,0,0,0,0,0
25.95000000000014,97,0,0,0,0,0,0,0,0,0,0
26.000000000000142,91,0,0,0,0,0,0,0,0,0,0
26.050000000000143,93,0,0,0,0,0,0,0,0,0,0
26.100000000000144,108,0,0,0,0,0,0,0,0,0,0
26.150000000000144,97,0,0,0,0,0,0,0,0,0,0
26.200000000000145,116,0,0,0,0,0,0,0,0,0,0
26.250000000000146,110,0,0,0,0,0,0,0,0,0,0
26.300000000000146,76,0,0,0,0,0,0,0,0,0,0
26.350000000000147,88,0,0,0,0,0,0,0,0,0,0
26.400000000000148,118,0,0,0,0,0,0,0,0,0,0
26.45000000000015,108,0,0,0,0,0,0,0,0,0,0
26.50000000000015,99,0,0,0,0,0,0,0,0,0,0
26.55000000000015,109,0,0,0,0,0,0,0,0,0,0
26.60000000000015,100,0,0,0,0,0,0,0,0,0,0
26.65000000000015,98,0,0,0,0,0,0,0,0,0,0
26.700000000000152,108,0,0,0,0,0,0,0,0,0,0
26.750000000000153,102,0,0,0,0,0,0,0,0,0,0
26.800000000000153,89,0,0,0,0,0,0,0,0,0,0
26.850000000000154,108,0,0,0,0,0,0,0,0,0,0
26.900000000000155,93,0,0,0,0,0,0,0,0,0,0
26.950000000000156,85,0,0,0,0,0,0,0,0,0,0
27.000000000000156,112,0,0,0,0,0,0,0,0,0,0
27.050000000000157,106,0,0,0,0,0,0,0,0,0,0
27.100000000000158,117,0,0,0,0,0,0,0,0,0,0
27.15000000000016,86,0,0,0,0,0,0,0,0,0,0
27.20000000000016,101,0,0,0,0,0,0,0,0,0,0
27.25000000000016,106,0,0,0,0,0,0,0,0,0,0
27.30000000000016,101,0,0,0,0,0,0,0,0,0,0
27.35000000000016,76,0,0,0,0,0,0,0,0,0,0
27.400000000000162,103,0,0,0,0,0,0,0,0,0,0
27.450000000000163,94,0,0,0,0,0,0,0,0,0,0
27.500000000000163,121,0,0,0,0,0,0,0,0,0,0
27.550000000000164,90,0,0,0,0,0,0,0,0,0,0
27.600000000000165,99,0,0,0,0,0,0,0,0,0,0
27.650000000000166,103,0,0,0,0,0,0,0,0,0,0
27.700000000000166,103,0,0,0,0,0,0,0,0,0,0
27.750000000000167,108,0,0,0,0,0,0,0,0,0,0
27.800000000000168,90,0,0,0,0,0,0,0,0,0,0
27.85000000000017,94,0,0,0,0,0,0,0,0,0,0
27.90000000000017,110,0,0,0,0,0,0,0,0,0,0
27.95000000000017,100,0,0,0,0,0,0,0,0,0,0
28.00000000000017,89,0,0,0,0,0,0,0,0,0,0
28.05000000000017,106,0,0,0,0,0,0,0,0,0,0
28.100000000000172,122,0,0,0,0,0,0,0,0,0,0
28.150000000000173,101,0,0,0,0,0,0,0,0,0,0
28.200000000000173,91,0,0,0,0,0,0,0,0,0,0
28.250000000000174,97,0,0,0,0,0,0,0,0,0,0
28.300000000000175,96,0,0,0,0,0,0,0,0,0,0
28.350000000000176,111,0,0,0,0,0,0,0,0,0,0
28.400000000000176,114,0,0,0,0,0,0,0,0,0,0
28.450000000000177,106,0,0,0,0,0,0,0,0,0,0
28.500000000000178,83,0,0,0,0,0,0,0,0,0,0
28.55000000000018,104,0,0,0,0,0,0,0,0,0,0
28.60000000000018,99,0,0,0,0,0,0,0,0,0,0
28.65000000000018,109,0,0,0,0,0,0,0,0,0,0
28.70000000000018,105,0,0,0,0,0,0,0,0,0,0
28.75000000000018,99,0,0,0,0,0,0,0,0,0,0
28.800000000000182,90,0,0,0,0,0,0,0,0,0,0
28.850000000000183,101,0,0,0,0,0,0,0,0,0,0
28.900000000000183,98,0,0,0,0,0,0,0,0,0,0
28.950000000000184,88,0,0,0,0,0,0,0,0,0,0
29.000000000000185,114,0,0,0,0,0,0,0,0,0,0
29.050000000000185,95,0,0,0,0,0,0,0,0,0,0
29.100000000000186,121,0,0,0,0,0,0,0,0,0,0
29.150000000000187,95,0,0,0,0,0,0,0,0,0,0
29.200000000000188,95,0,0,0,0,0,0,0,0,0,0
29.25000000000019,105,0,0,0,0,0,0,0,0,0,0
29.30000000000019,97,0,0,0,0,0,0,0,0,0,0
29.35000000000019,92,0,0,0,0,0,0,0,0,0,0
29.40000000000019,111,0,0,0,0,0,0,0,0,0,0
29.45000000000019,96,0,0,0,0,0,0,0,0,0,0
29.500000000000192,105,0,0,0,0,0,0,0,0,0,0
29.550000000000193,130,0,0,0,0,0,0,0,0,0,0
29.600000000000193,95,0,0,0,0,0,0,0,0,0,0
29.650000000000194,85,0,0,0,0,0,0,0,0,0,0
29.700000000000195,95,0,0,0,0,0,0,0,0,0,0
29.750000000000195,103,0,0,0,0,0,0,0,0,0,0
29.800000000000196,101,0,0,0,0,0,0,0,0,0,0
29.850000000000197,97,0,0,0,0,0,0,0,0,0,0
29.900000000000198,106,0,0,0,0,0,0,0,0,0,0
29.9500000000002,105,0,0,0,0,0,0,0,0,0,0
30.0000000000002,92,0,0,0,0,0,0,0,0,0,0
30.0500000000002,113,0,0,0,0,0,0,0,0,0,0
30.1000000000002,111,0,0,0,0,0,0,0,0,0,0
30.1500000000002,124,0,0,0,0,0,0,0,0,0,0
30.200000000000202,100,0,0,0,0,0,0,0,0,0,0
30.250000000000203,89,0,0,0,0,0,0,0,0,0,0
30.300000000000203,91,0,0,0,0,0,0,0,0,0,0
30.350000000000204,85,0,0,0,0,0,0,0,0,0,0
30.400000000000205,111,0,0,0,0,0,0,0,0,0,0
30.450000000000205,104,0,0,0,0,0,0,0,0,0,0
30.500000000000206,90,0,0,0,0,0,0,0,0,0,0
30.550000000000207,96,0,0,0,0,0,0,0,0,0,0
30.600000000000207,108,0,0,0,0,0,0,0,0,0,0
30.650000000000208,117,0,0,0,0,0,0,0,0,0,0
30.70000000000021,101,0,0,0,0,0,0,0,0,0,0
30.75000000000021,112,0,0,0,0,0,0,0,0,0,0
30.80000000000021,81,0,0,0,0,0,0,0,0,0,0
30.85000000000021,106,0,0,0,0,0,0,0,0,0,0
30.90000000000021,95,0,0,0,0,0,0,0,0,0,0
30.950000000000212,98,0,0,0,0,0,0,0,0,0,0
31.000000000000213,103,0,0,0,0,0,0,0,0,0,0
31.050000000000214,98,0,0,0,0,0,0,0,0,0,0
31.100000000000215,117,0,0,0,0,0,0,0,0,0,0
31.150000000000215,96,0,0,0,0,0,0,0,0,0,0
31.200000000000216,95,0,0,0,0,0,0,0,0,0,0
31.250000000000217,100,0,0,0,0,0,0,0,0,0,0
31.300000000000217,98,0,0,0,0,0,0,0,0,0,0
31.350000000000218,106,0,0,0,0,0,0,0,0,0,0
31.40000000000022,112,0,0,0,0,0,0,0,0,0,0
31.45000000000022,89,0,0,0,0,0,0,0,0,0,0
31.50000000000022,100,0,0,0,0,0,0,0,0,0,0
31.55000000000022,101,0,0,0,0,0,0,0,0,0,0
31.60000000000022,105,0,0,0,0,0,0,0,0,0,0
31.650000000000222,101,0,0,0,0,0,0,0,0,0,0
31.700000000000223,108,0,0,0,0,0,0,0,0,0,0
31.750000000000224,89,0,0,0,0,0,0,0,0,0,0
31.800000000000225,99,0,0,0,0,0,0,0,0,0,0
31.850000000000225,95,0,0,0,0,0,0,0,0,0,0
31.900000000000226,95,0,0,0,0,0,0,0,0,0,0
31.950000000000227,96,0,0,0,0,0,0,0,0,0,0
32.00000000000023,118,0,0,0,0,0,0,0,0,0,0
32.050000000000225,101,0,0,0,0,0,0,0,0,0,0
32.10000000000022,106,0,0,0,0,0,0,0,0,0,0
32.15000000000022,98,0,0,0,0,0,0,0,0,0,0
32.200000000000216,113,0,0,0,0,0,0,0,0,0,0
32.25000000000021,100,0,0,0,0,0,0,0,0,0,0
32.30000000000021,88,0,0,0,0,0,0,0,0,0,0
32.35000000000021,80,0,0,0,0,0,0,0,0,0,0
32.400000000000205,58,0,0,0,0,0,0,0,0,0,0
32.4500000000002,52,0,0,0,0,0,0,0,0,0,0
32.5000000000002,43,0,0,0,0,0,0,0,0,0,0
32.550000000000196,34,0,0,0,0,0,0,0,0,0,0
32.60000000000019,13,0,0,0,0,0,0,0,0,0,0
32.65000000000019,5,0,0,0,0,0,0,0,0,0,0
32.70000000000019,0,0,0,0,0,0,0,0,0,0,0
32.750000000000185,0,0,0,0,0,0,0,0,0,0,0
32.80000000000018,0,0,0,0,0,0,0,0,0,0,0
32.85000000000018,0,0,0,0,0,0,0,0,0,0,0
32.900000000000176,0,0,0,0,0,0,0,0,0,0,0
32.95000000000017,0,0,0,0,0,0,0,0,0,0,0
33.00000000000017,0,0,0,0,0,0,0,0,0,0,0
33.05000000000017,0,0,0,0,0,0,0,0,0,0,0
33.100000000000165,0,0,0,0,0,0,0,0,0,0,0
33.15000000000016,0,0,0,0,0,0,0,0,0,0,0
33.20000000000016,0,0,0,0,0,0,0,0,0,0,0
33.250000000000156,0,0,0,0,0,0,0,0,0,0,0
33.30000000000015,0,0,0,0,0,0,0,0,0,0,0
33.35000000000015,0,0,0,0,0,0,0,0,0,0,0
33.40000000000015,0,0,0,0,0,0,0,0,0,0,0
33.450000000000145,0,0,0,0,0,0,0,0,0,0,0
33.50000000000014,0,0,0,0,0,0,0,0,0,0,0
33.55000000000014,0,0,0,0,0,0,0,0,0,0,0
33.600000000000136,0,0,0,0,0,0,0,0,0,0,0
33.650000000000134,0,0,0,0,0,0,0,0,0,0,0
33.70000000000013,0,0,0,0,0,0,0,0,0,0,0
33.75000000000013,0,0,0,0,0,0,0,0,0,0,0
33.800000000000125,0,0,0,0,0,0,0,0,0,0,0
33.85000000000012,0,0,0,0,0,0,0,0,0,0,0
33.90000000000012,0,0,0,0,0,0,0,0,0,0,0
33.95000000000012,0,0,0,0,0,0,0,0,0,0,0
34.000000000000114,0,0,0,0,0,0,0,0,0,0,0
34.05000000000011,0,0,0,0,0,0,0,0,0,0,0
34.10000000000011,0,0,0,0,0,0,0,0,0,0,0
34.150000000000105,0,0,0,0,0,0,0,0,0,0,0
34.2000000000001,0,0,0,0,0,0,0,0,0,0,0
34.2500000000001,0,0,0,0,0,0,0,0,0,0,0
34.3000000000001,0,0,0,0,0,0,0,0,0,0,0
34.350000000000094,0,0,0,0,0,0,0,0,0,0,0
34.40000000000009,0,0,0,0,0,0,0,0,0,0,0
34.45000000000009,0,0,0,0,0,0,0,0,0,0,0
34.500000000000085,0,0,0,0,0,0,0,0,0,0,0
34.55000000000008,0,0,0,0,0,0,0,0,0,0,0
34.60000000000008,0,0,0,0,0,0,0,0,0,0,0
34.65000000000008,0,0,0,0,0,0,0,0,0,0,0
34.700000000000074,0,0,0,0,0,0,0,0,0,0,0
34.75000000000007,0,0,0,0,0,0,0,0,0,0,0
34.80000000000007,0,0,0,0,0,0,0,0,0,0,0
34.850000000000065,0,0,0,0,0,0,0,0,0,0,0
34.90000000000006,0,0,0,0,0,0,0,0,0,0,0
34.95000000000006,0,0,0,0,0,0,0,0,0,0,0
35.00000000000006,0,0,0,0,0,0,0,0,0,0,0
35.050000000000054,0,0,0,0,0,0,0,0,0,0,0
35.10000000000005,0,0,0,0,0,0,0,0,0,0,0
35.15000000000005,0,0,0,0,0,0,0,0,0,0,0
35.200000000000045,0,0,0,0,0,0,0,0,0,0,0
35.25000000000004,0,0,0,0,0,0,0,0,0,0,0
35.30000000000004,0,0,0,0,0,0,0,0,0,0,0
35.35000000000004,0,0,0,0,0,0,0,0,0,0,0
35.400000000000034,0,0,0,0,0,0,0,0,0,0,0
35.45000000000003,0,0,0,0,0,0,0,0,0,0,0
35.50000000000003,0,0,0,0,0,0,0,0,0,0,0
35.550000000000026,0,0,0,0,0,0,0,0,0,0,0
35.60000000000002,0,0,0,0,0,0,0,0,0,0,0
35.65000000000002,0,0,0,0,0,0,0,0,0,0,0
35.70000000000002,0,0,0,0,0,0,0,0,0,0,0
35.750000000000014,0,0,0,0,0,0,0,0,0,0,0
35.80000000000001,0,0,0,0,0,0,0,0,0,0,0
35.85000000000001,0,0,0,0,0,0,0,0,0,0,0
35.900000000000006,0,0,0,0,0,0,0,0,0,0,0
35.95,0,0,0,0,0,0,0,0,0,0,0
36.0,0,0,0,0,0,0,0,0,0,0,0
36.05,0,0,0,0,0,0,0,0,0,0,0
36.099999999999994,0,0,0,0,0,0,0,0,0,0,0
36.14999999999999,0,0,0,0,0,0,0,0,0,0,0
36.19999999999999,0,0,0,0,0,0,0,0,0,0,0
36.249999999999986,0,0,0,0,0,0,0,0,0,0,0
36.29999999999998,0,0,0,0,0,0,0,0,0,0,0
36.34999999999998,0,0,0,0,0,0,0,0,0,0,0
36.39999999999998,0,0,0,0,0,0,0,0,0,0,0
36.449999999999974,0,0,0,0,0,0,0,0,0,0,0
36.49999999999997,0,0,0,0,0,0,0,0,0,0,0
36.54999999999997,0,0,0,0,0,0,0,0,0,0,0
36.599999999999966,0,0,0,0,0,0,0,0,0,0,0
36.64999999999996,0,0,0,0,0,0,0,0,0,0,0
36.69999999999996,0,0,0,0,0,0,0,0,0,0,0
36.74999999999996,0,0,0,0,0,0,0,0,0,0,0
36.799999999999955,0,0,0,0,0,0,0,0,0,0,0
36.84999999999995,0,0,0,0,0,0,0,0,0,0,0
36.89999999999995,0,0,0,0,0,0,0,0,0,0,0
36.949999999999946,0,0,0,0,0,0,0,0,0,0,0
36.99999999999994,0,0,0,0,0,0,0,0,0,0,0
37.04999999999994,0,0,0,0,0,0,0,0,0,0,0
37.09999999999994,0,0,0,0,0,0,0,0,0,0,0
37.149999999999935,0,0,0,0,0,0,0,0,0,0,0
37.19999999999993,0,0,0,0,0,0,0,0,0,0,0
37.24999999999993,0,0,0,0,0,0,0,0,0,0,0
37.299999999999926,0,0,0,0,0,0,0,0,0,0,0
37.34999999999992,0,0,0,0,0,0,0,0,0,0,0
37.39999999999992,0,0,0,0,0,0,0,0,0,0,0
37.44999999999992,0,0,0,0,0,0,0,0,0,0,0
37.499999999999915,0,0,0,0,0,0,0,0,0,0,0
37.54999999999991,0,0,0,0,0,0,0,0,0,0,0
37.59999999999991,0,0,0,0,0,0,0,0,0,0,0
37.649999999999906,0,0,0,0,0,0,0,0,0,0,0
37.6999999999999,0,0,0,0,0,0,0,0,0,0,0
37.7499999999999,0,0,0,0,0,0,0,0,0,0,0
37.7999999999999,0,0,0,0,0,0,0,0,0,0,0
37.849999999999895,0,0,0,0,0,0,0,0,0,0,0
37.89999999999989,0,0,0,0,0,0,0,0,0,0,0
37.94999999999989,0,0,0,0,0,0,0,0,0,0,0
37.999999999999886,0,0,0,0,0,0,0,0,0,0,0
38.04999999999988,0,0,0,0,0,0,0,0,0,0,0
38.09999999999988,0,0,0,0,0,0,0,0,0,0,0
38.14999999999988,0,0,0,0,0,0,0,0,0,0,0
38.199999999999875,0,0,0,0,0,0,0,0,0,0,0
38.24999999999987,0,0,0,0,0,0,0,0,0,0,0
38.29999999999987,0,0,0,0,0,0,0,0,0,0,0
38.349999999999866,0,0,0,0,0,0,0,0,0,0,0
38.399999999999864,0,0,0,0,0,0,0,0,0,0,0
38.44999999999986,0,0,0,0,0,0,0,0,0,0,0
38.49999999999986,0,0,0,0,0,0,0,0,0,0,0
38.549999999999855,0,0,0,0,0,0,0,0,0,0,0
38.59999999999985,0,0,0,0,0,0,0,0,0,0,0
38.64999999999985,0,0,0,0,0,0,0,0,0,0,0
38.69999999999985,0,0,0,0,0,0,0,0,0,0,0
38.749999999999844,0,0,0,0,0,0,0,0,0,0,0
38.79999999999984,0,0,0,0,0,0,0,0,0,0,0
38.84999999999984,0,0,0,0,0,0,0,0,0,0,0
38.899999999999835,0,0,0,0,0,0,0,0,0,0,0
38.94999999999983,0,0,0,0,0,0,0,0,0,0,0
38.99999999999983,0,0,0,0,0,0,0,0,0,0,0
39.04999999999983,0,0,0,0,0,0,0,0,0,0,0
39.099999999999824,0,0,0,0,0,0,0,0,0,0,0
39.14999999999982,0,0,0,0,0,0,0,0,0,0,0
39.19999999999982,0,0,0,0,0,0,0,0,0,0,0
39.249999999999815,0,0,0,0,0,0,0,0,0,0,0
39.29999999999981,0,0,0,0,0,0,0,0,0,0,0
39.34999999999981,0,0,0,0,0,0,0,0,0,0,0
39.39999999999981,0,0,0,0,0,0,0,0,0,0,0
39.449999999999804,0,0,0,0,0,0,0,0,0,0,0
39.4999999999998,0,0,0,0,0,0,0,0,0,0,0
39.5499999999998,0,0,0,0,0,0,0,0,0,0,0
39.599999999999795,0,0,0,0,0,0,0,0,0,0,0
39.64999999999979,0,0,0,0,0,0,0,0,0,0,0
39.69999999999979,0,0,0,0,0,0,0,0,0,0,0
39.74999999999979,0,0,0,0,0,0,0,0,0,0,0
39.799999999999784,0,0,0,0,0,0,0,0,0,0,0
39.84999999999978,0,0,0,0,0,0,0,0,0,0,0
39.89999999999978,0,0,0,0,0,0,0,0,0,0,0
39.949999999999775,0,0,0,0,0,0,0,0,0,0,0
39.99999999999977,0,0,0,0,0,0,0,0,0,0,0
40.04999999999977,0,0,0,0,0,0,0,0,0,0,0
40.09999999999977,0,0,0,0,0,0,0,0,0,0,0
40.149999999999764,0,0,0,0,0,0,0,0,0,0,0
40.19999999999976,0,0,0,0,0,0,0,0,0,0,0
40.24999999999976,0,0,0,0,0,0,0,0,0,0,0
40.299999999999756,0,0,0,0,0,0,0,0,0,0,0
40.34999999999975,0,0,0,0,0,0,0,0,0,0,0
40.39999999999975,0,0,0,0,0,0,0,0,0,0,0
40.44999999999975,0,0,0,0,0,0,0,0,0,0,0
40.499999999999744,0,0,0,0,0,0,0,0,0,0,0
40.54999999999974,0,0,0,0,0,0,0,0,0,0,0
40.59999999999974,0,0,0,0,0,0,0,0,0,0,0
40.649999999999736,0,0,0,0,0,0,0,0,0,0,0
40.69999999999973,0,0,0,0,0,0,0,0,0,0,0
40.74999999999973,0,0,0,0,0,0,0,0,0,0,0
40.79999999999973,0,0,0,0,0,0,0,0,0,0,0
40.849999999999724,0,0,0,0,0,0,0,0,0,0,0
40.89999999999972,0,0,0,0,0,0,0,0,0,0,0
40.94999999999972,0,0,0,0,0,0,0,0,0,0,0
40.999999999999716,0,0,0,0,0,0,0,0,0,0,0
41.04999999999971,0,0,0,0,0,0,0,0,0,0,0
41.09999999999971,0,0,0,0,0,0,0,0,0,0,0
41.14999999999971,0,0,0,0,0,0,0,0,0,0,0
41.199999999999704,0,0,0,0,0,0,0,0,0,0,0
41.2499999999997,0,0,0,0,0,0,0,0,0,0,0
41.2999999999997,0,0,0,0,0,0,0,0,0,0,0
41.349999999999696,0,0,0,0,0,0,0,0,0,0,0
41.39999999999969,0,0,0,0,0,0,0,0,0,0,0
41.44999999999969,0,0,0,0,0,0,0,0,0,0,0
41.49999999999969,0,0,0,0,0,0,0,0,0,0,0
41.549999999999685,0,0,0,0,0,0,0,0,0,0,0
*****
16,0.05,100,0.6,1,10,100,0.130921998163,0.0426836366557
16,100,24,24,21,24,0,0,0,0,0,0
16.05,95,25,27,16,27,0,0,0,0,0,0
16.1,119,27,41,34,41,0,0,0,0,0,0
16.150000000000002,100,29,35,29,35,0,0,0,0,0,0
16.200000000000003,106,20,32,30,32,0,0,0,0,0,0
16.250000000000004,133,29,46,42,46,0,0,0,0,0,0
16.300000000000004,110,27,27,24,27,0,0,0,0,0,0
16.350000000000005,100,27,26,23,26,0,0,0,0,0,0
16.400000000000006,96,22,25,28,25,0,0,0,0,0,0
16.450000000000006,106,18,26,27,26,0,0,0,0,0,0
16.500000000000007,105,20,26,25,26,0,0,0,0,0,0
16.550000000000008,96,19,24,21,24,0,0,0,0,0,0
16.60000000000001,112,17,28,22,28,0,0,0,0,0,0
16.65000000000001,105,15,22,21,22,0,0,0,0,0,0
16.70000000000001,107,18,24,19,24,0,0,0,0,0,0
16.75000000000001,97,9,19,15,19,0,0,0,0,0,0
16.80000000000001,106,15,21,17,21,0,0,0,0,0,0
16.850000000000012,97,11,18,15,18,0,0,0,0,0,0
16.900000000000013,96,4,16,16,16,0,0,0,0,0,0
16.950000000000014,99,11,18,16,18,0,0,0,0,0,0
17.000000000000014,115,9,14,15,14,0,0,0,0,0,0
17.050000000000015,105,17,24,18,24,0,0,0,0,0,0
17.100000000000016,112,6,17,15,17,0,0,0,0,0,0
17.150000000000016,110,8,13,10,13,0,0,0,0,0,0
17.200000000000017,99,6,15,6,15,0,0,0,0,0,0
17.250000000000018,117,9,17,13,17,0,0,0,0,0,0
17.30000000000002,90,3,5,6,5,0,0,0,0,0,0
17.35000000000002,107,6,9,8,9,0,0,0,0,0,0
17.40000000000002,115,7,11,10,11,0,0,0,0,0,0
17.45000000000002,112,3,3,4,3,0,0,0,0,0,0
17.50000000000002,107,3,5,4,5,0,0,0,0,0,0
17.550000000000022,115,2,4,1,4,0,0,0,0,0,0
17.600000000000023,76,1,4,4,4,0,0,0,0,0,0
17.650000000000023,97,1,2,3,2,0,0,0,0,0,0
17.700000000000024,107,0,0,1,0,0,0,0,0,0,0
17.750000000000025,105,1,4,4,4,0,0,0,0,0,0
17.800000000000026,105,1,2,1,2,0,0,0,0,0,0
17.850000000000026,129,1,4,2,4,0,0,0,0,0,0
17.900000000000027,97,0,1,1,1,0,0,0,0,0,0
17.950000000000028,110,0,1,1,1,0,0,0,0,0,0
18.00000000000003,92,0,1,1,1,0,0,0,0,0,0
18.05000000000003,114,1,4,2,4,0,0,0,0,0,0
18.10000000000003,103,0,0,0,0,0,0,0,0,0,0
18.15000000000003,106,1,1,1,1,0,0,0,0,0,0
18.20000000000003,109,1,2,2,2,0,0,0,0,0,0
18.250000000000032,109,0,0,0,0,0,0,0,0,0,0
18.300000000000033,114,0,0,0,0,0,0,0,0,0,0
18.350000000000033,92,0,0,0,0,0,0,0,0,0,0
18.400000000000034,92,1,1,1,1,0,0,0,0,0,0
18.450000000000035,112,0,0,0,0,0,0,0,0,0,0
18.500000000000036,107,0,0,0,0,0,0,0,0,0,0
18.550000000000036,87,0,0,0,0,0,0,0,0,0,0
18.600000000000037,112,0,0,0,0,0,0,0,0,0,0
18.650000000000038,114,0,0,0,0,0,0,0,0,0,0
18.70000000000004,114,0,0,0,0,0,0,0,0,0,0
18.75000000000004,98,0,0,0,0,0,0,0,0,0,0
18.80000000000004,109,0,0,0,0,0,0,0,0,0,0
18.85000000000004,107,0,0,0,0,0,0,0,0,0,0
18.90000000000004,92,0,0,0,0,0,0,0,0,0,0
18.950000000000042,112,0,0,0,0,0,0,0,0,0,0
19.000000000000043,105,0,0,0,0,0,0,0,0,0,0
19.050000000000043,103,0,0,0,0,0,0,0,0,0,0
19.100000000000044,97,0,0,0,0,0,0,0,0,0,0
19.150000000000045,113,0,0,0,0,0,0,0,0,0,0
19.200000000000045,108,0,0,0,0,0,0,0,0,0,0
19.250000000000046,103,0,0,0,0,0,0,0,0,0,0
19.300000000000047,110,0,0,0,0,0,0,0,0,0,0
19.350000000000048,107,0,0,0,0,0,0,0,0,0,0
19.40000000000005,103,0,0,0,0,0,0,0,0,0,0
19.45000000000005,88,0,0,0,0,0,0,0,0,0,0
19.50000000000005,110,0,0,0,0,0,0,0,0,0,0
19.55000000000005,98,0,0,0,0,0,0,0,0,0,0
19.60000000000005,116,0,0,0,0,0,0,0,0,0,0
19.650000000000052,108,0,0,0,0,0,0,0,0,0,0
19.700000000000053,109,0,0,0,0,0,0,0,0,0,0
19.750000000000053,102,0,0,0,0,0,0,0,0,0,0
19.800000000000054,108,0,0,0,0,0,0,0,0,0,0
19.850000000000055,119,0,0,0,0,0,0,0,0,0,0
19.900000000000055,116,0,0,0,0,0,0,0,0,0,0
19.950000000000056,87,0,0,0,0,0,0,0,0,0,0
20.000000000000057,94,0,0,0,0,0,0,0,0,0,0
20.050000000000058,93,0,0,0,0,0,0,0,0,0,0
20.10000000000006,112,0,0,0,0,0,0,0,0,0,0
20.15000000000006,100,0,0,0,0,0,0,0,0,0,0
20.20000000000006,123,0,0,0,0,0,0,0,0,0,0
20.25000000000006,100,0,0,0,0,0,0,0,0,0,0
20.30000000000006,92,0,0,0,0,0,0,0,0,0,0
20.350000000000062,116,0,0,0,0,0,0,0,0,0,0
20.400000000000063,117,0,0,0,0,0,0,0,0,0,0
20.450000000000063,102,0,0,0,0,0,0,0,0,0,0
20.500000000000064,100,0,0,0,0,0,0,0,0,0,0
20.550000000000065,117,0,0,0,0,0,0,0,0,0,0
20.600000000000065,97,0,0,0,0,0,0,0,0,0,0
20.650000000000066,105,0,0,0,0,0,0,0,0,0,0
20.700000000000067,108,0,0,0,0,0,0,0,0,0,0
20.750000000000068,98,0,0,0,0,0,0,0,0,0,0
20.800000000000068,114,0,0,0,0,0,0,0,0,0,0
20.85000000000007,102,0,0,0,0,0,0,0,0,0,0
20.90000000000007,92,0,0,0,0,0,0,0,0,0,0
20.95000000000007,112,0,0,0,0,0,0,0,0,0,0
21.00000000000007,115,0,0,0,0,0,0,0,0,0,0
21.05000000000007,104,0,0,0,0,0,0,0,0,0,0
21.100000000000072,104,0,0,0,0,0,0,0,0,0,0
21.150000000000073,113,0,0,0,0,0,0,0,0,0,0
21.200000000000074,101,0,0,0,0,0,0,0,0,0,0
21.250000000000075,92,0,0,0,0,0,0,0,0,0,0
21.300000000000075,101,0,0,0,0,0,0,0,0,0,0
21.350000000000076,104,0,0,0,0,0,0,0,0,0,0
21.400000000000077,102,0,0,0,0,0,0,0,0,0,0
21.450000000000077,101,0,0,0,0,0,0,0,0,0,0
21.500000000000078,106,0,0,0,0,0,0,0,0,0,0
21.55000000000008,99,0,0,0,0,0,0,0,0,0,0
21.60000000000008,117,0,0,0,0,0,0,0,0,0,0
21.65000000000008,112,0,0,0,0,0,0,0,0,0,0
21.70000000000008,122,0,0,0,0,0,0,0,0,0,0
21.75000000000008,102,0,0,0,0,0,0,0,0,0,0
21.800000000000082,94,0,0,0,0,0,0,0,0,0,0
21.850000000000083,99,0,0,0,0,0,0,0,0,0,0
21.900000000000084,110,0,0,0,0,0,0,0,0,0,0
21.950000000000085,107,0,0,0,0,0,0,0,0,0,0
22.000000000000085,107,0,0,0,0,0,0,0,0,0,0
22.050000000000086,95,0,0,0,0,0,0,0,0,0,0
22.100000000000087,106,0,0,0,0,0,0,0,0,0,0
22.150000000000087,112,0,0,0,0,0,0,0,0,0,0
22.200000000000088,108,0,0,0,0,0,0,0,0,0,0
22.25000000000009,88,0,0,0,0,0,0,0,0,0,0
22.30000000000009,116,0,0,0,0,0,0,0,0,0,0
22.35000000000009,106,0,0,0,0,0,0,0,0,0,0
22.40000000000009,104,0,0,0,0,0,0,0,0,0,0
22.45000000000009,108,0,0,0,0,0,0,0,0,0,0
22.500000000000092,95,0,0,0,0,0,0,0,0,0,0
22.550000000000093,104,0,0,0,0,0,0,0,0,0,0
22.600000000000094,108,0,0,0,0,0,0,0,0,0,0
22.650000000000095,97,0,0,0,0,0,0,0,0,0,0
22.700000000000095,84,0,0,0,0,0,0,0,0,0,0
22.750000000000096,111,0,0,0,0,0,0,0,0,0,0
22.800000000000097,114,0,0,0,0,0,0,0,0,0,0
22.850000000000097,119,0,0,0,0,0,0,0,0,0,0
22.900000000000098,107,0,0,0,0,0,0,0,0,0,0
22.9500000000001,101,0,0,0,0,0,0,0,0,0,0
23.0000000000001,118,0,0,0,0,0,0,0,0,0,0
23.0500000000001,94,0,0,0,0,0,0,0,0,0,0
23.1000000000001,98,0,0,0,0,0,0,0,0,0,0
23.1500000000001,104,0,0,0,0,0,0,0,0,0,0
23.200000000000102,101,0,0,0,0,0,0,0,0,0,0
23.250000000000103,104,0,0,0,0,0,0,0,0,0,0
23.300000000000104,111,0,0,0,0,0,0,0,0,0,0
23.350000000000104,108,0,0,0,0,0,0,0,0,0,0
23.400000000000105,97,0,0,0,0,0,0,0,0,0,0
23.450000000000106,106,0,0,0,0,0,0,0,0,0,0
23.500000000000107,113,0,0,0,0,0,0,0,0,0,0
23.550000000000107,95,0,0,0,0,0,0,0,0,0,0
23.600000000000108,132,0,0,0,0,0,0,0,0,0,0
23.65000000000011,103,0,0,0,0,0,0,0,0,0,0
23.70000000000011,81,0,0,0,0,0,0,0,0,0,0
23.75000000000011,114,0,0,0,0,0,0,0,0,0,0
23.80000000000011,106,0,0,0,0,0,0,0,0,0,0
23.85000000000011,102,0,0,0,0,0,0,0,0,0,0
23.900000000000112,102,0,0,0,0,0,0,0,0,0,0
23.950000000000113,107,0,0,0,0,0,0,0,0,0,0
24.000000000000114,105,0,0,0,0,0,0,0,0,0,0
24.050000000000114,110,0,0,0,0,0,0,0,0,0,0
24.100000000000115,101,0,0,0,0,0,0,0,0,0,0
24.150000000000116,105,0,0,0,0,0,0,0,0,0,0
24.200000000000117,87,0,0,0,0,0,0,0,0,0,0
24.250000000000117,99,0,0,0,0,0,0,0,0,0,0
24.300000000000118,111,0,0,0,0,0,0,0,0,0,0
24.35000000000012,108,0,0,0,0,0,0,0,0,0,0
24.40000000000012,119,0,0,0,0,0,0,0,0,0,0
24.45000000000012,114,0,0,0,0,0,0,0,0,0,0
24.50000000000012,104,0,0,0,0,0,0,0,0,0,0
24.55000000000012,102,0,0,0,0,0,0,0,0,0,0
24.600000000000122,96,0,0,0,0,0,0,0,0,0,0
24.650000000000123,95,0,0,0,0,0,0,0,0,0,0
24.700000000000124,125,0,0,0,0,0,0,0,0,0,0
24.750000000000124,100,0,0,0,0,0,0,0,0,0,0
24.800000000000125,112,0,0,0,0,0,0,0,0,0,0
24.850000000000126,105,0,0,0,0,0,0,0,0,0,0
24.900000000000126,95,0,0,0,0,0,0,0,0,0,0
24.950000000000127,108,0,0,0,0,0,0,0,0,0,0
25.000000000000128,86,0,0,0,0,0,0,0,0,0,0
25.05000000000013,95,0,0,0,0,0,0,0,0,0,0
25.10000000000013,125,0,0,0,0,0,0,0,0,0,0
25.15000000000013,117,0,0,0,0,0,0,0,0,0,0
25.20000000000013,102,0,0,0,0,0,0,0,0,0,0
25.25000000000013,106,0,0,0,0,0,0,0,0,0,0
25.300000000000132,97,0,0,0,0,0,0,0,0,0,0
25.350000000000133,117,0,0,0,0,0,0,0,0,0,0
25.400000000000134,111,0,0,0,0,0,0,0,0,0,0
25.450000000000134,94,0,0,0,0,0,0,0,0,0,0
25.500000000000135,91,0,0,0,0,0,0,0,0,0,0
25.550000000000136,112,0,0,0,0,0,0,0,0,0,0
25.600000000000136,102,0,0,0,0,0,0,0,0,0,0
25.650000000000137,100,0,0,0,0,0,0,0,0,0,0
25.700000000000138,95,0,0,0,0,0,0,0,0,0,0
25.75000000000014,115,0,0,0,0,0,0,0,0,0,0
25.80000000000014,115,0,0,0,0,0,0,0,0,0,0
25.85000000000014,109,0,0,0,0,0,0,0,0,0,0
25.90000000000014,101,0,0,0,0,0,0,0,0,0,0
25.95000000000014,82,0,0,0,0,0,0,0,0,0,0
26.000000000000142,123,0,0,0,0,0,0,0,0,0,0
26.050000000000143,101,0,0,0,0,0,0,0,0,0,0
26.100000000000144,100,0,0,0,0,0,0,0,0,0,0
26.150000000000144,107,0,0,0,0,0,0,0,0,0,0
26.200000000000145,107,0,0,0,0,0,0,0,0,0,0
26.250000000000146,115,0,0,0,0,0,0,0,0,0,0
26.300000000000146,110,0,0,0,0,0,0,0,0,0,0
26.350000000000147,84,0,0,0,0,0,0,0,0,0,0
26.400000000000148,104,0,0,0,0,0,0,0,0,0,0
26.45000000000015,109,0,0,0,0,0,0,0,0,0,0
26.50000000000015,104,0,0,0,0,0,0,0,0,0,0
26.55000000000015,97,0,0,0,0,0,0,0,0,0,0
26.60000000000015,102,0,0,0,0,0,0,0,0,0,0
26.65000000000015,111,0,0,0,0,0,0,0,0,0,0
26.700000000000152,117,0,0,0,0,0,0,0,0,0,0
26.750000000000153,107,0,0,0,0,0,0,0,0,0,0
26.800000000000153,100,0,0,0,0,0,0,0,0,0,0
26.850000000000154,107,0,0,0,0,0,0,0,0,0,0
26.900000000000155,103,0,0,0,0,0,0,0,0,0,0
26.950000000000156,99,0,0,0,0,0,0,0,0,0,0
27.000000000000156,96,0,0,0,0,0,0,0,0,0,0
27.050000000000157,121,0,0,0,0,0,0,0,0,0,0
27.100000000000158,101,0,0,0,0,0,0,0,0,0,0
27.15000000000016,106,0,0,0,0,0,0,0,0,0,0
27.20000000000016,104,0,0,0,0,0,0,0,0,0,0
27.25000000000016,97,0,0,0,0,0,0,0,0,0,0
27.30000000000016,93,0,0,0,0,0,0,0,0,0,0
27.35000000000016,123,0,0,0,0,0,0,0,0,0,0
27.400000000000162,99,0,0,0,0,0,0,0,0,0,0
27.450000000000163,116,0,0,0,0,0,0,0,0,0,0
27.500000000000163,114,0,0,0,0,0,0,0,0,0,0
27.550000000000164,96,0,0,0,0,0,0,0,0,0,0
27.600000000000165,103,0,0,0,0,0,0,0,0,0,0
27.650000000000166,110,0,0,0,0,0,0,0,0,0,0
27.700000000000166,110,0,0,0,0,0,0,0,0,0,0
27.750000000000167,100,0,0,0,0,0,0,0,0,0,0
27.800000000000168,100,0,0,0,0,0,0,0,0,0,0
27.85000000000017,111,0,0,0,0,0,0,0,0,0,0
27.90000000000017,115,0,0,0,0,0,0,0,0,0,0
27.95000000000017,105,0,0,0,0,0,0,0,0,0,0
28.00000000000017,96,0,0,0,0,0,0,0,0,0,0
28.05000000000017,102,0,0,0,0,0,0,0,0,0,0
28.100000000000172,95,0,0,0,0,0,0,0,0,0,0
28.150000000000173,95,0,0,0,0,0,0,0,0,0,0
28.200000000000173,114,0,0,0,0,0,0,0,0,0,0
28.250000000000174,95,0,0,0,0,0,0,0,0,0,0
28.300000000000175,111,0,0,0,0,0,0,0,0,0,0
28.350000000000176,103,0,0,0,0,0,0,0,0,0,0
28.400000000000176,115,0,0,0,0,0,0,0,0,0,0
28.450000000000177,127,0,0,0,0,0,0,0,0,0,0
28.500000000000178,92,0,0,0,0,0,0,0,0,0,0
28.55000000000018,107,0,0,0,0,0,0,0,0,0,0
28.60000000000018,92,0,0,0,0,0,0,0,0,0,0
28.65000000000018,104,0,0,0,0,0,0,0,0,0,0
28.70000000000018,106,0,0,0,0,0,0,0,0,0,0
28.75000000000018,101,0,0,0,0,0,0,0,0,0,0
28.800000000000182,120,0,0,0,0,0,0,0,0,0,0
28.850000000000183,115,0,0,0,0,0,0,0,0,0,0
28.900000000000183,106,0,0,0,0,0,0,0,0,0,0
28.950000000000184,104,0,0,0,0,0,0,0,0,0,0
29.000000000000185,99,0,0,0,0,0,0,0,0,0,0
29.050000000000185,108,0,0,0,0,0,0,0,0,0,0
29.100000000000186,112,0,0,0,0,0,0,0,0,0,0
29.150000000000187,100,0,0,0,0,0,0,0,0,0,0
29.200000000000188,101,0,0,0,0,0,0,0,0,0,0
29.25000000000019,101,0,0,0,0,0,0,0,0,0,0
29.30000000000019,117,0,0,0,0,0,0,0,0,0,0
29.35000000000019,81,0,0,0,0,0,0,0,0,0,0
29.40000000000019,96,0,0,0,0,0,0,0,0,0,0
29.45000000000019,113,0,0,0,0,0,0,0,0,0,0
29.500000000000192,107,0,0,0,0,0,0,0,0,0,0
29.550000000000193,109,0,0,0,0,0,0,0,0,0,0
29.600000000000193,90,0,0,0,0,0,0,0,0,0,0
29.650000000000194,104,0,0,0,0,0,0,0,0,0,0
29.700000000000195,109,0,0,0,0,0,0,0,0,0,0
29.750000000000195,111,0,0,0,0,0,0,0,0,0,0
29.800000000000196,106,0,0,0,0,0,0,0,0,0,0
29.850000000000197,108,0,0,0,0,0,0,0,0,0,0
29.900000000000198,126,0,0,0,0,0,0,0,0,0,0
29.9500000000002,105,0,0,0,0,0,0,0,0,0,0
30.0000000000002,107,0,0,0,0,0,0,0,0,0,0
30.0500000000002,92,0,0,0,0,0,0,0,0,0,0
30.1000000000002,109,0,0,0,0,0,0,0,0,0,0
30.1500000000002,94,0,0,0,0,0,0,0,0,0,0
30.200000000000202,113,0,0,0,0,0,0,0,0,0,0
30.250000000000203,98,0,0,0,0,0,0,0,0,0,0
30.300000000000203,114,0,0,0,0,0,0,0,0,0,0
30.350000000000204,92,0,0,0,0,0,0,0,0,0,0
30.400000000000205,113,0,0,0,0,0,0,0,0,0,0
30.450000000000205,103,0,0,0,0,0,0,0,0,0,0
30.500000000000206,116,0,0,0,0,0,0,0,0,0,0
30.550000000000207,99,0,0,0,0,0,0,0,0,0,0
30.600000000000207,110,0,0,0,0,0,0,0,0,0,0
30.650000000000208,105,0,0,0,0,0,0,0,0,0,0
30.70000000000021,97,0,0,0,0,0,0,0,0,0,0
30.75000000000021,93,0,0,0,0,0,0,0,0,0,0
30.80000000000021,114,0,0,0,0,0,0,0,0,0,0
30.85000000000021,98,0,0,0,0,0,0,0,0,0,0
30.90000000000021,115,0,0,0,0,0,0,0,0,0,0
30.950000000000212,112,0,0,0,0,0,0,0,0,0,0
31.000000000000213,115,0,0,0,0,0,0,0,0,0,0
31.050000000000214,95,0,0,0,0,0,0,0,0,0,0
31.100000000000215,120,0,0,0,0,0,0,0,0,0,0
31.150000000000215,92,0,0,0,0,0,0,0,0,0,0
31.200000000000216,101,0,0,0,0,0,0,0,0,0,0
31.250000000000217,104,0,0,0,0,0,0,0,0,0,0
31.300000000000217,99,0,0,0,0,0,0,0,0,0,0
31.350000000000218,107,0,0,0,0,0,0,0,0,0,0
31.40000000000022,105,0,0,0,0,0,0,0,0,0,0
31.45000000000022,111,0,0,0,0,0,0,0,0,0,0
31.50000000000022,102,0,0,0,0,0,0,0,0,0,0
31.55000000000022,103,0,0,0,0,0,0,0,0,0,0
31.60000000000022,107,0,0,0,0,0,0,0,0,0,0
31.650000000000222,126,0,0,0,0,0,0,0,0,0,0
31.700000000000223,95,0,0,0,0,0,0,0,0,0,0
31.750000000000224,104,0,0,0,0,0,0,0,0,0,0
31.800000000000225,98,0,0,0,0,0,0,0,0,0,0
31.850000000000225,105,0,0,0,0,0,0,0,0,0,0
31.900000000000226,119,0,0,0,0,0,0,0,0,0,0
31.950000000000227,100,0,0,0,0,0,0,0,0,0,0
32.00000000000023,104,0,0,0,0,0,0,0,0,0,0
32.050000000000225,110,0,0,0,0,0,0,0,0,0,0
32.10000000000022,102,0,0,0,0,0,0,0,0,0,0
32.15000000000022,88,0,0,0,0,0,0,0,0,0,0
32.200000000000216,96,0,0,0,0,0,0,0,0,0,0
32.25000000000021,88,0,0,0,0,0,0,0,0,0,0
32.30000000000021,104,0,0,0,0,0,0,0,0,0,0
32.35000000000021,119,0,0,0,0,0,0,0,0,0,0
32.400000000000205,114,0,0,0,0,0,0,0,0,0,0
32.4500000000002,118,0,0,0,0,0,0,0,0,0,0
32.5000000000002,116,0,0,0,0,0,0,0,0,0,0
32.550000000000196,115,0,0,0,0,0,0,0,0,0,0
32.60000000000019,95,0,0,0,0,0,0,0,0,0,0
32.65000000000019,91,0,0,0,0,0,0,0,0,0,0
32.70000000000019,65,0,0,0,0,0,0,0,0,0,0
32.750000000000185,63,0,0,0,0,0,0,0,0,0,0
32.80000000000018,44,0,0,0,0,0,0,0,0,0,0
32.85000000000018,30,0,0,0,0,0,0,0,0,0,0
32.900000000000176,13,0,0,0,0,0,0,0,0,0,0
32.95000000000017,7,0,0,0,0,0,0,0,0,0,0
33.00000000000017,0,0,0,0,0,0,0,0,0,0,0
33.05000000000017,0,0,0,0,0,0,0,0,0,0,0
33.100000000000165,0,0,0,0,0,0,0,0,0,0,0
33.15000000000016,0,0,0,0,0,0,0,0,0,0,0
33.20000000000016,0,0,0,0,0,0,0,0,0,0,0
33.250000000000156,0,0,0,0,0,0,0,0,0,0,0
33.30000000000015,0,0,0,0,0,0,0,0,0,0,0
33.35000000000015,0,0,0,0,0,0,0,0,0,0,0
33.40000000000015,0,0,0,0,0,0,0,0,0,0,0
33.450000000000145,0,0,0,0,0,0,0,0,0,0,0
33.50000000000014,0,0,0,0,0,0,0,0,0,0,0
33.55000000000014,0,0,0,0,0,0,0,0,0,0,0
33.600000000000136,0,0,0,0,0,0,0,0,0,0,0
33.650000000000134,0,0,0,0,0,0,0,0,0,0,0
33.70000000000013,0,0,0,0,0,0,0,0,0,0,0
33.75000000000013,0,0,0,0,0,0,0,0,0,0,0
33.800000000000125,0,0,0,0,0,0,0,0,0,0,0
33.85000000000012,0,0,0,0,0,0,0,0,0,0,0
33.90000000000012,0,0,0,0,0,0,0,0,0,0,0
33.95000000000012,0,0,0,0,0,0,0,0,0,0,0
34.000000000000114,0,0,0,0,0,0,0,0,0,0,0
34.05000000000011,0,0,0,0,0,0,0,0,0,0,0
34.10000000000011,0,0,0,0,0,0,0,0,0,0,0
34.150000000000105,0,0,0,0,0,0,0,0,0,0,0
34.2000000000001,0,0,0,0,0,0,0,0,0,0,0
34.2500000000001,0,0,0,0,0,0,0,0,0,0,0
34.3000000000001,0,0,0,0,0,0,0,0,0,0,0
34.350000000000094,0,0,0,0,0,0,0,0,0,0,0
34.40000000000009,0,0,0,0,0,0,0,0,0,0,0
34.45000000000009,0,0,0,0,0,0,0,0,0,0,0
34.500000000000085,0,0,0,0,0,0,0,0,0,0,0
34.55000000000008,0,0,0,0,0,0,0,0,0,0,0
34.60000000000008,0,0,0,0,0,0,0,0,0,0,0
34.65000000000008,0,0,0,0,0,0,0,0,0,0,0
34.700000000000074,0,0,0,0,0,0,0,0,0,0,0
34.75000000000007,0,0,0,0,0,0,0,0,0,0,0
34.80000000000007,0,0,0,0,0,0,0,0,0,0,0
34.850000000000065,0,0,0,0,0,0,0,0,0,0,0
34.90000000000006,0,0,0,0,0,0,0,0,0,0,0
34.95000000000006,0,0,0,0,0,0,0,0,0,0,0
35.00000000000006,0,0,0,0,0,0,0,0,0,0,0
35.050000000000054,0,0,0,0,0,0,0,0,0,0,0
35.10000000000005,0,0,0,0,0,0,0,0,0,0,0
35.15000000000005,0,0,0,0,0,0,0,0,0,0,0
35.200000000000045,0,0,0,0,0,0,0,0,0,0,0
35.25000000000004,0,0,0,0,0,0,0,0,0,0,0
35.30000000000004,0,0,0,0,0,0,0,0,0,0,0
35.35000000000004,0,0,0,0,0,0,0,0,0,0,0
35.400000000000034,0,0,0,0,0,0,0,0,0,0,0
35.45000000000003,0,0,0,0,0,0,0,0,0,0,0
35.50000000000003,0,0,0,0,0,0,0,0,0,0,0
35.550000000000026,0,0,0,0,0,0,0,0,0,0,0
35.60000000000002,0,0,0,0,0,0,0,0,0,0,0
35.65000000000002,0,0,0,0,0,0,0,0,0,0,0
35.70000000000002,0,0,0,0,0,0,0,0,0,0,0
35.750000000000014,0,0,0,0,0,0,0,0,0,0,0
35.80000000000001,0,0,0,0,0,0,0,0,0,0,0
35.85000000000001,0,0,0,0,0,0,0,0,0,0,0
35.900000000000006,0,0,0,0,0,0,0,0,0,0,0
35.95,0,0,0,0,0,0,0,0,0,0,0
36.0,0,0,0,0,0,0,0,0,0,0,0
36.05,0,0,0,0,0,0,0,0,0,0,0
36.099999999999994,0,0,0,0,0,0,0,0,0,0,0
36.14999999999999,0,0,0,0,0,0,0,0,0,0,0
36.19999999999999,0,0,0,0,0,0,0,0,0,0,0
36.249999999999986,0,0,0,0,0,0,0,0,0,0,0
36.29999999999998,0,0,0,0,0,0,0,0,0,0,0
36.34999999999998,0,0,0,0,0,0,0,0,0,0,0
36.39999999999998,0,0,0,0,0,0,0,0,0,0,0
36.449999999999974,0,0,0,0,0,0,0,0,0,0,0
36.49999999999997,0,0,0,0,0,0,0,0,0,0,0
36.54999999999997,0,0,0,0,0,0,0,0,0,0,0
36.599999999999966,0,0,0,0,0,0,0,0,0,0,0
36.64999999999996,0,0,0,0,0,0,0,0,0,0,0
36.69999999999996,0,0,0,0,0,0,0,0,0,0,0
36.74999999999996,0,0,0,0,0,0,0,0,0,0,0
36.799999999999955,0,0,0,0,0,0,0,0,0,0,0
36.84999999999995,0,0,0,0,0,0,0,0,0,0,0
36.89999999999995,0,0,0,0,0,0,0,0,0,0,0
36.949999999999946,0,0,0,0,0,0,0,0,0,0,0
36.99999999999994,0,0,0,0,0,0,0,0,0,0,0
37.04999999999994,0,0,0,0,0,0,0,0,0,0,0
37.09999999999994,0,0,0,0,0,0,0,0,0,0,0
37.149999999999935,0,0,0,0,0,0,0,0,0,0,0
37.19999999999993,0,0,0,0,0,0,0,0,0,0,0
37.24999999999993,0,0,0,0,0,0,0,0,0,0,0
37.299999999999926,0,0,0,0,0,0,0,0,0,0,0
37.34999999999992,0,0,0,0,0,0,0,0,0,0,0
37.39999999999992,0,0,0,0,0,0,0,0,0,0,0
37.44999999999992,0,0,0,0,0,0,0,0,0,0,0
37.499999999999915,0,0,0,0,0,0,0,0,0,0,0
37.54999999999991,0,0,0,0,0,0,0,0,0,0,0
37.59999999999991,0,0,0,0,0,0,0,0,0,0,0
37.649999999999906,0,0,0,0,0,0,0,0,0,0,0
37.6999999999999,0,0,0,0,0,0,0,0,0,0,0
37.7499999999999,0,0,0,0,0,0,0,0,0,0,0
37.7999999999999,0,0,0,0,0,0,0,0,0,0,0
37.849999999999895,0,0,0,0,0,0,0,0,0,0,0
37.89999999999989,0,0,0,0,0,0,0,0,0,0,0
37.94999999999989,0,0,0,0,0,0,0,0,0,0,0
37.999999999999886,0,0,0,0,0,0,0,0,0,0,0
38.04999999999988,0,0,0,0,0,0,0,0,0,0,0
38.09999999999988,0,0,0,0,0,0,0,0,0,0,0
38.14999999999988,0,0,0,0,0,0,0,0,0,0,0
38.199999999999875,0,0,0,0,0,0,0,0,0,0,0
38.24999999999987,0,0,0,0,0,0,0,0,0,0,0
38.29999999999987,0,0,0,0,0,0,0,0,0,0,0
38.349999999999866,0,0,0,0,0,0,0,0,0,0,0
38.399999999999864,0,0,0,0,0,0,0,0,0,0,0
38.44999999999986,0,0,0,0,0,0,0,0,0,0,0
38.49999999999986,0,0,0,0,0,0,0,0,0,0,0
38.549999999999855,0,0,0,0,0,0,0,0,0,0,0
38.59999999999985,0,0,0,0,0,0,0,0,0,0,0
38.64999999999985,0,0,0,0,0,0,0,0,0,0,0
38.69999999999985,0,0,0,0,0,0,0,0,0,0,0
38.749999999999844,0,0,0,0,0,0,0,0,0,0,0
38.79999999999984,0,0,0,0,0,0,0,0,0,0,0
38.84999999999984,0,0,0,0,0,0,0,0,0,0,0
38.899999999999835,0,0,0,0,0,0,0,0,0,0,0
38.94999999999983,0,0,0,0,0,0,0,0,0,0,0
38.99999999999983,0,0,0,0,0,0,0,0,0,0,0
39.04999999999983,0,0,0,0,0,0,0,0,0,0,0
39.099999999999824,0,0,0,0,0,0,0,0,0,0,0
39.14999999999982,0,0,0,0,0,0,0,0,0,0,0
39.19999999999982,0,0,0,0,0,0,0,0,0,0,0
39.249999999999815,0,0,0,0,0,0,0,0,0,0,0
39.29999999999981,0,0,0,0,0,0,0,0,0,0,0
39.34999999999981,0,0,0,0,0,0,0,0,0,0,0
39.39999999999981,0,0,0,0,0,0,0,0,0,0,0
39.449999999999804,0,0,0,0,0,0,0,0,0,0,0
39.4999999999998,0,0,0,0,0,0,0,0,0,0,0
39.5499999999998,0,0,0,0,0,0,0,0,0,0,0
39.599999999999795,0,0,0,0,0,0,0,0,0,0,0
39.64999999999979,0,0,0,0,0,0,0,0,0,0,0
39.69999999999979,0,0,0,0,0,0,0,0,0,0,0
39.74999999999979,0,0,0,0,0,0,0,0,0,0,0
39.799999999999784,0,0,0,0,0,0,0,0,0,0,0
39.84999999999978,0,0,0,0,0,0,0,0,0,0,0
39.89999999999978,0,0,0,0,0,0,0,0,0,0,0
39.949999999999775,0,0,0,0,0,0,0,0,0,0,0
39.99999999999977,0,0,0,0,0,0,0,0,0,0,0
40.04999999999977,0,0,0,0,0,0,0,0,0,0,0
40.09999999999977,0,0,0,0,0,0,0,0,0,0,0
40.149999999999764,0,0,0,0,0,0,0,0,0,0,0
40.19999999999976,0,0,0,0,0,0,0,0,0,0,0
40.24999999999976,0,0,0,0,0,0,0,0,0,0,0
40.299999999999756,0,0,0,0,0,0,0,0,0,0,0
40.34999999999975,0,0,0,0,0,0,0,0,0,0,0
40.39999999999975,0,0,0,0,0,0,0,0,0,0,0
40.44999999999975,0,0,0,0,0,0,0,0,0,0,0
40.499999999999744,0,0,0,0,0,0,0,0,0,0,0
40.54999999999974,0,0,0,0,0,0,0,0,0,0,0
40.59999999999974,0,0,0,0,0,0,0,0,0,0,0
40.649999999999736,0,0,0,0,0,0,0,0,0,0,0
40.69999999999973,0,0,0,0,0,0,0,0,0,0,0
40.74999999999973,0,0,0,0,0,0,0,0,0,0,0
40.79999999999973,0,0,0,0,0,0,0,0,0,0,0
40.849999999999724,0,0,0,0,0,0,0,0,0,0,0
40.89999999999972,0,0,0,0,0,0,0,0,0,0,0
40.94999999999972,0,0,0,0,0,0,0,0,0,0,0
40.999999999999716,0,0,0,0,0,0,0,0,0,0,0
41.04999999999971,0,0,0,0,0,0,0,0,0,0,0
41.09999999999971,0,0,0,0,0,0,0,0,0,0,0
41.14999999999971,0,0,0,0,0,0,0,0,0,0,0
41.199999999999704,0,0,0,0,0,0,0,0,0,0,0
41.2499999999997,0,0,0,0,0,0,0,0,0,0,0
41.2999999999997,0,0,0,0,0,0,0,0,0,0,0
41.349999999999696,0,0,0,0,0,0,0,0,0,0,0
41.39999999999969,0,0,0,0,0,0,0,0,0,0,0
41.44999999999969,0,0,0,0,0,0,0,0,0,0,0
41.49999999999969,0,0,0,0,0,0,0,0,0,0,0
41.549999999999685,0,0,0,0,0,0,0,0,0,0,0
