*****
16,0.05,1000,0,0.4,10,100,0.39276599448899996,0.0853672733114
16,1000,1000,998,1000,1000,0,0,0,0,0,0
16.05,1073,1073,1071,1073,1073,0,0,0,0,0,0
16.1,988,988,985,988,988,0,0,0,0,0,0
16.150000000000002,1062,1062,1060,1062,1062,0,0,0,0,0,0
16.200000000000003,966,966,956,966,966,0,0,0,0,0,0
16.250000000000004,1037,1037,1031,1037,1037,0,0,0,0,0,0
16.300000000000004,1024,1024,1016,1024,1024,0,0,0,0,0,0
16.350000000000005,1034,1034,1026,1034,1034,0,0,0,0,0,0
16.400000000000006,1072,1072,1062,1072,1072,0,0,0,0,0,0
16.450000000000006,963,963,950,963,963,0,0,0,0,0,0
16.500000000000007,1004,1004,990,1003,1004,0,0,0,0,0,0
16.550000000000008,1034,1034,1019,1034,1034,0,0,0,0,0,0
16.60000000000001,1046,1046,1033,1046,1046,0,0,0,0,0,0
16.65000000000001,1069,1069,1057,1069,1069,0,0,0,0,0,0
16.70000000000001,991,991,967,989,991,0,0,0,0,0,0
16.75000000000001,1055,1055,1023,1055,1055,0,0,0,0,0,0
16.80000000000001,1002,1002,966,1000,1002,0,0,0,0,0,0
16.850000000000012,1010,1010,977,1007,1010,0,0,0,0,0,0
16.900000000000013,1049,1049,1009,1045,1049,0,0,0,0,0,0
16.950000000000014,1028,1028,987,1025,1028,0,0,0,0,0,0
17.000000000000014,1011,1011,962,1007,1011,0,0,0,0,0,0
17.050000000000015,984,984,920,981,984,0,0,0,0,0,0
17.100000000000016,1016,1016,943,1015,1016,0,0,0,0,0,0
17.150000000000016,1054,1054,979,1048,1054,0,0,0,0,0,0
17.200000000000017,986,986,910,985,986,0,0,0,0,0,0
17.250000000000018,964,964,865,960,964,0,0,0,0,0,0
17.30000000000002,1047,1047,946,1044,1047,0,0,0,0,0,0
17.35000000000002,1020,1020,896,1016,1020,0,0,0,0,0,0
17.40000000000002,1018,1018,897,1015,1018,0,0,0,0,0,0
17.45000000000002,1053,1053,904,1043,1053,0,0,0,0,0,0
17.50000000000002,1003,1003,847,996,1003,0,0,0,0,0,0
17.550000000000022,1040,1040,853,1037,1040,0,0,0,0,0,0
17.600000000000023,1023,1023,838,1021,1023,0,0,0,0,0,0
17.650000000000023,1004,1003,820,998,1003,0,0,0,0,0,0
17.700000000000024,1006,1006,758,999,1006,0,0,0,0,0,0
17.750000000000025,1032,1032,794,1026,1032,0,0,0,0,0,0
17.800000000000026,1000,1000,717,993,1000,0,0,0,0,0,0
17.850000000000026,1060,1059,762,1053,1059,0,0,0,0,0,0
17.900000000000027,1032,1032,737,1024,1032,0,0,0,0,0,0
17.950000000000028,1004,1003,674,991,1003,0,0,0,0,0,0
18.00000000000003,963,962,626,953,962,0,0,0,0,0,0
18.05000000000003,1027,1025,644,1015,1026,0,0,0,0,0,0
18.10000000000003,1045,1039,614,1037,1042,0,0,0,0,0,0
18.15000000000003,1059,1058,622,1048,1058,0,0,0,0,0,0
18.20000000000003,978,971,542,971,974,0,0,0,0,0,0
18.250000000000032,1039,1033,560,1031,1035,0,0,0,0,0,0
18.300000000000033,1020,1013,524,1009,1017,0,0,0,0,0,0
18.350000000000033,956,949,478,947,951,0,0,0,0,0,0
18.400000000000034,1082,1067,525,1066,1073,0,0,0,0,0,0
18.450000000000035,1027,1018,460,1012,1022,0,0,0,0,0,0
18.500000000000036,1015,996,411,1000,1007,0,0,0,0,0,0
18.550000000000036,1021,1003,398,1006,1010,0,0,0,0,0,0
18.600000000000037,953,930,353,939,941,0,0,0,0,0,0
18.650000000000038,1026,990,340,1009,1006,0,0,0,0,0,0
18.70000000000004,1037,986,329,1019,1001,0,0,0,0,0,0
18.75000000000004,1029,963,336,1013,985,0,0,0,0,0,0
18.80000000000004,1087,1027,316,1066,1048,0,0,0,0,0,0
18.85000000000004,1000,912,258,977,939,0,0,0,0,0,0
18.90000000000004,981,899,220,949,924,0,0,0,0,0,0
18.950000000000042,1026,910,207,995,953,0,0,0,0,0,0
19.000000000000043,980,873,193,951,912,0,0,0,0,0,0
19.050000000000043,1024,896,181,985,929,0,0,0,0,0,0
19.100000000000044,990,818,160,955,863,0,0,0,0,0,0
19.150000000000045,1060,845,155,1005,905,0,0,0,0,0,0
19.200000000000045,973,749,141,925,805,0,0,0,0,0,0
19.250000000000046,1020,766,129,951,827,0,0,0,0,0,0
19.300000000000047,1051,750,107,970,829,0,0,0,0,0,0
19.350000000000048,1070,746,87,974,819,0,0,0,0,0,0
19.40000000000005,991,668,82,889,734,0,0,0,0,0,0
19.45000000000005,1030,651,92,893,722,0,0,0,0,0,0
19.50000000000005,1051,619,66,911,691,0,0,0,0,0,0
19.55000000000005,1023,577,63,857,652,0,0,0,0,0,0
19.60000000000005,1033,534,54,829,618,0,0,0,0,0,0
19.650000000000052,1005,501,57,789,580,0,0,0,0,0,0
19.700000000000053,1015,477,33,767,557,0,0,0,0,0,0
19.750000000000053,1046,452,35,739,532,0,0,0,0,0,0
19.800000000000054,1062,408,29,730,491,0,0,0,0,0,0
19.850000000000055,995,346,21,656,419,0,0,0,0,0,0
19.900000000000055,955,310,27,615,388,0,0,0,0,0,0
19.950000000000056,1079,314,14,612,384,0,0,0,0,0,0
20.000000000000057,992,258,18,554,321,0,0,0,0,0,0
20.050000000000058,1037,254,15,533,313,0,0,0,0,0,0
20.10000000000006,1012,215,13,486,262,0,0,0,0,0,0
20.15000000000006,1024,187,10,443,250,0,0,0,0,0,0
20.20000000000006,1012,149,6,411,197,0,0,0,0,0,0
20.25000000000006,1049,146,7,394,176,0,0,0,0,0,0
20.30000000000006,1029,135,7,349,173,0,0,0,0,0,0
20.350000000000062,1038,137,3,305,171,0,0,0,0,0,0
20.400000000000063,1018,106,5,264,128,0,0,0,0,0,0
20.450000000000063,1025,93,2,257,116,0,0,0,0,0,0
20.500000000000064,980,65,1,186,79,0,0,0,0,0,0
20.550000000000065,1015,58,3,177,77,0,0,0,0,0,0
20.600000000000065,969,52,0,153,63,0,0,0,0,0,0
20.650000000000066,1050,39,1,162,57,0,0,0,0,0,0
20.700000000000067,1010,40,1,127,51,0,0,0,0,0,0
20.750000000000068,1053,39,0,122,46,0,0,0,0,0,0
20.800000000000068,1008,23,0,95,32,0,0,0,0,0,0
20.85000000000007,1037,17,0,65,22,0,0,0,0,0,0
20.90000000000007,1008,13,0,60,18,0,0,0,0,0,0
20.95000000000007,978,14,2,55,17,0,0,0,0,0,0
21.00000000000007,1073,8,0,42,15,0,0,0,0,0,0
21.05000000000007,1031,5,0,25,8,0,0,0,0,0,0
21.100000000000072,1003,5,0,32,7,0,0,0,0,0,0
21.150000000000073,1051,6,0,18,9,0,0,0,0,0,0
21.200000000000074,1025,4,0,19,7,0,0,0,0,0,0
21.250000000000075,1003,2,0,11,3,0,0,0,0,0,0
21.300000000000075,1021,3,0,8,3,0,0,0,0,0,0
21.350000000000076,1004,1,0,11,2,0,0,0,0,0,0
21.400000000000077,1002,2,0,11,2,0,0,0,0,0,0
21.450000000000077,1022,0,0,4,0,0,0,0,0,0,0
21.500000000000078,992,1,0,4,1,0,0,0,0,0,0
21.55000000000008,1110,0,0,4,0,0,0,0,0,0,0
21.60000000000008,1000,0,0,2,0,0,0,0,0,0,0
21.65000000000008,993,2,0,3,3,0,0,0,0,0,0
21.70000000000008,998,0,0,2,0,0,0,0,0,0,0
21.75000000000008,1099,0,0,1,0,0,0,0,0,0,0
21.800000000000082,1002,0,0,0,0,0,0,0,0,0,0
21.850000000000083,1049,0,0,0,0,0,0,0,0,0,0
21.900000000000084,1019,0,0,3,0,0,0,0,0,0,0
21.950000000000085,1009,0,0,0,0,0,0,0,0,0,0
22.000000000000085,1017,0,0,0,0,0,0,0,0,0,0
22.050000000000086,1031,0,0,0,0,0,0,0,0,0,0
22.100000000000087,1042,0,0,0,0,0,0,0,0,0,0
22.150000000000087,1002,0,0,0,0,0,0,0,0,0,0
22.200000000000088,1016,0,0,0,0,0,0,0,0,0,0
22.25000000000009,1032,0,0,0,0,0,0,0,0,0,0
22.30000000000009,996,0,0,0,0,0,0,0,0,0,0
22.35000000000009,993,0,0,0,0,0,0,0,0,0,0
22.40000000000009,999,0,0,0,0,0,0,0,0,0,0
22.45000000000009,1048,0,0,0,0,0,0,0,0,0,0
22.500000000000092,1036,0,0,0,0,0,0,0,0,0,0
22.550000000000093,978,0,0,0,0,0,0,0,0,0,0
22.600000000000094,1037,0,0,0,0,0,0,0,0,0,0
22.650000000000095,1063,0,0,0,0,0,0,0,0,0,0
22.700000000000095,1009,0,0,0,0,0,0,0,0,0,0
22.750000000000096,1006,0,0,0,0,0,0,0,0,0,0
22.800000000000097,956,0,0,0,0,0,0,0,0,0,0
22.850000000000097,1030,0,0,0,0,0,0,0,0,0,0
22.900000000000098,1025,0,0,0,0,0,0,0,0,0,0
22.9500000000001,979,0,0,0,0,0,0,0,0,0,0
23.0000000000001,1013,0,0,0,0,0,0,0,0,0,0
23.0500000000001,1033,0,0,0,0,0,0,0,0,0,0
23.1000000000001,1044,0,0,0,0,0,0,0,0,0,0
23.1500000000001,1025,0,0,0,0,0,0,0,0,0,0
23.200000000000102,992,0,0,0,0,0,0,0,0,0,0
23.250000000000103,1073,0,0,0,0,0,0,0,0,0,0
23.300000000000104,1047,0,0,0,0,0,0,0,0,0,0
23.350000000000104,1002,0,0,0,0,0,0,0,0,0,0
23.400000000000105,1010,0,0,0,0,0,0,0,0,0,0
23.450000000000106,1056,0,0,0,0,0,0,0,0,0,0
23.500000000000107,1025,0,0,0,0,0,0,0,0,0,0
23.550000000000107,1053,0,0,0,0,0,0,0,0,0,0
23.600000000000108,1032,0,0,0,0,0,0,0,0,0,0
23.65000000000011,1051,0,0,0,0,0,0,0,0,0,0
23.70000000000011,1021,0,0,0,0,0,0,0,0,0,0
23.75000000000011,964,0,0,0,0,0,0,0,0,0,0
23.80000000000011,1036,0,0,0,0,0,0,0,0,0,0
23.85000000000011,987,0,0,0,0,0,0,0,0,0,0
23.900000000000112,1075,0,0,0,0,0,0,0,0,0,0
23.950000000000113,1027,0,0,0,0,0,0,0,0,0,0
24.000000000000114,1024,0,0,0,0,0,0,0,0,0,0
24.050000000000114,1014,0,0,0,0,0,0,0,0,0,0
24.100000000000115,1038,0,0,0,0,0,0,0,0,0,0
24.150000000000116,993,0,0,0,0,0,0,0,0,0,0
24.200000000000117,1032,0,0,0,0,0,0,0,0,0,0
24.250000000000117,1054,0,0,0,0,0,0,0,0,0,0
24.300000000000118,1049,0,0,0,0,0,0,0,0,0,0
24.35000000000012,1023,0,0,0,0,0,0,0,0,0,0
24.40000000000012,963,0,0,0,0,0,0,0,0,0,0
24.45000000000012,1003,0,0,0,0,0,0,0,0,0,0
24.50000000000012,1002,0,0,0,0,0,0,0,0,0,0
24.55000000000012,997,0,0,0,0,0,0,0,0,0,0
24.600000000000122,998,0,0,0,0,0,0,0,0,0,0
24.650000000000123,1029,0,0,0,0,0,0,0,0,0,0
24.700000000000124,1056,0,0,0,0,0,0,0,0,0,0
24.750000000000124,985,0,0,0,0,0,0,0,0,0,0
24.800000000000125,1043,0,0,0,0,0,0,0,0,0,0
24.850000000000126,995,0,0,0,0,0,0,0,0,0,0
24.900000000000126,997,0,0,0,0,0,0,0,0,0,0
24.950000000000127,1028,0,0,0,0,0,0,0,0,0,0
25.000000000000128,1008,0,0,0,0,0,0,0,0,0,0
25.05000000000013,1029,0,0,0,0,0,0,0,0,0,0
25.10000000000013,1007,0,0,0,0,0,0,0,0,0,0
25.15000000000013,1041,0,0,0,0,0,0,0,0,0,0
25.20000000000013,999,0,0,0,0,0,0,0,0,0,0
25.25000000000013,1038,0,0,0,0,0,0,0,0,0,0
25.300000000000132,965,0,0,0,0,0,0,0,0,0,0
25.350000000000133,1069,0,0,0,0,0,0,0,0,0,0
25.400000000000134,999,0,0,0,0,0,0,0,0,0,0
25.450000000000134,977,0,0,0,0,0,0,0,0,0,0
25.500000000000135,1060,0,0,0,0,0,0,0,0,0,0
25.550000000000136,1068,0,0,0,0,0,0,0,0,0,0
25.600000000000136,1008,0,0,0,0,0,0,0,0,0,0
25.650000000000137,1022,0,0,0,0,0,0,0,0,0,0
25.700000000000138,1019,0,0,0,0,0,0,0,0,0,0
25.75000000000014,1056,0,0,0,0,0,0,0,0,0,0
25.80000000000014,994,0,0,0,0,0,0,0,0,0,0
25.85000000000014,1037,0,0,0,0,0,0,0,0,0,0
25.90000000000014,1029,0,0,0,0,0,0,0,0,0,0
25.95000000000014,1053,0,0,0,0,0,0,0,0,0,0
26.000000000000142,1022,0,0,0,0,0,0,0,0,0,0
26.050000000000143,1057,0,0,0,0,0,0,0,0,0,0
26.100000000000144,1007,0,0,0,0,0,0,0,0,0,0
26.150000000000144,994,0,0,0,0,0,0,0,0,0,0
26.200000000000145,1041,0,0,0,0,0,0,0,0,0,0
26.250000000000146,1048,0,0,0,0,0,0,0,0,0,0
26.300000000000146,1043,0,0,0,0,0,0,0,0,0,0
26.350000000000147,1070,0,0,0,0,0,0,0,0,0,0
26.400000000000148,989,0,0,0,0,0,0,0,0,0,0
26.45000000000015,1028,0,0,0,0,0,0,0,0,0,0
26.50000000000015,1064,0,0,0,0,0,0,0,0,0,0
26.55000000000015,1029,0,0,0,0,0,0,0,0,0,0
26.60000000000015,1047,0,0,0,0,0,0,0,0,0,0
26.65000000000015,1045,0,0,0,0,0,0,0,0,0,0
26.700000000000152,965,0,0,0,0,0,0,0,0,0,0
26.750000000000153,1017,0,0,0,0,0,0,0,0,0,0
26.800000000000153,1064,0,0,0,0,0,0,0,0,0,0
26.850000000000154,1042,0,0,0,0,0,0,0,0,0,0
26.900000000000155,1061,0,0,0,0,0,0,0,0,0,0
26.950000000000156,996,0,0,0,0,0,0,0,0,0,0
27.000000000000156,1040,0,0,0,0,0,0,0,0,0,0
27.050000000000157,1027,0,0,0,0,0,0,0,0,0,0
27.100000000000158,985,0,0,0,0,0,0,0,0,0,0
27.15000000000016,987,0,0,0,0,0,0,0,0,0,0
27.20000000000016,998,0,0,0,0,0,0,0,0,0,0
27.25000000000016,987,0,0,0,0,0,0,0,0,0,0
27.30000000000016,1067,0,0,0,0,0,0,0,0,0,0
27.35000000000016,1036,0,0,0,0,0,0,0,0,0,0
27.400000000000162,1013,0,0,0,0,0,0,0,0,0,0
27.450000000000163,1029,0,0,0,0,0,0,0,0,0,0
27.500000000000163,988,0,0,0,0,0,0,0,0,0,0
27.550000000000164,1028,0,0,0,0,0,0,0,0,0,0
27.600000000000165,1016,0,0,0,0,0,0,0,0,0,0
27.650000000000166,1006,0,0,0,0,0,0,0,0,0,0
27.700000000000166,965,0,0,0,0,0,0,0,0,0,0
27.750000000000167,1077,0,0,0,0,0,0,0,0,0,0
27.800000000000168,1009,0,0,0,0,0,0,0,0,0,0
27.85000000000017,996,0,0,0,0,0,0,0,0,0,0
27.90000000000017,1010,0,0,0,0,0,0,0,0,0,0
27.95000000000017,1019,0,0,0,0,0,0,0,0,0,0
28.00000000000017,1024,0,0,0,0,0,0,0,0,0,0
28.05000000000017,1049,0,0,0,0,0,0,0,0,0,0
28.100000000000172,1060,0,0,0,0,0,0,0,0,0,0
28.150000000000173,1064,0,0,0,0,0,0,0,0,0,0
28.200000000000173,988,0,0,0,0,0,0,0,0,0,0
28.250000000000174,1031,0,0,0,0,0,0,0,0,0,0
28.300000000000175,1035,0,0,0,0,0,0,0,0,0,0
28.350000000000176,1021,0,0,0,0,0,0,0,0,0,0
28.400000000000176,1021,0,0,0,0,0,0,0,0,0,0
28.450000000000177,994,0,0,0,0,0,0,0,0,0,0
28.500000000000178,973,0,0,0,0,0,0,0,0,0,0
28.55000000000018,1068,0,0,0,0,0,0,0,0,0,0
28.60000000000018,1055,0,0,0,0,0,0,0,0,0,0
28.65000000000018,977,0,0,0,0,0,0,0,0,0,0
28.70000000000018,1027,0,0,0,0,0,0,0,0,0,0
28.75000000000018,1054,0,0,0,0,0,0,0,0,0,0
28.800000000000182,1020,0,0,0,0,0,0,0,0,0,0
28.850000000000183,1046,0,0,0,0,0,0,0,0,0,0
28.900000000000183,976,0,0,0,0,0,0,0,0,0,0
28.950000000000184,998,0,0,0,0,0,0,0,0,0,0
29.000000000000185,1017,0,0,0,0,0,0,0,0,0,0
29.050000000000185,1051,0,0,0,0,0,0,0,0,0,0
29.100000000000186,1043,0,0,0,0,0,0,0,0,0,0
29.150000000000187,1024,0,0,0,0,0,0,0,0,0,0
29.200000000000188,1080,0,0,0,0,0,0,0,0,0,0
29.25000000000019,997,0,0,0,0,0,0,0,0,0,0
29.30000000000019,1052,0,0,0,0,0,0,0,0,0,0
29.35000000000019,1035,0,0,0,0,0,0,0,0,0,0
29.40000000000019,1009,0,0,0,0,0,0,0,0,0,0
29.45000000000019,1048,0,0,0,0,0,0,0,0,0,0
29.500000000000192,983,0,0,0,0,0,0,0,0,0,0
29.550000000000193,1045,0,0,0,0,0,0,0,0,0,0
29.600000000000193,1070,0,0,0,0,0,0,0,0,0,0
29.650000000000194,958,0,0,0,0,0,0,0,0,0,0
29.700000000000195,1010,0,0,0,0,0,0,0,0,0,0
29.750000000000195,1022,0,0,0,0,0,0,0,0,0,0
29.800000000000196,1064,0,0,0,0,0,0,0,0,0,0
29.850000000000197,1024,0,0,0,0,0,0,0,0,0,0
29.900000000000198,1061,0,0,0,0,0,0,0,0,0,0
29.9500000000002,968,0,0,0,0,0,0,0,0,0,0
30.0000000000002,1034,0,0,0,0,0,0,0,0,0,0
30.0500000000002,976,0,0,0,0,0,0,0,0,0,0
30.1000000000002,1057,0,0,0,0,0,0,0,0,0,0
30.1500000000002,1027,0,0,0,0,0,0,0,0,0,0
30.200000000000202,1022,0,0,0,0,0,0,0,0,0,0
30.250000000000203,1050,0,0,0,0,0,0,0,0,0,0
30.300000000000203,991,0,0,0,0,0,0,0,0,0,0
30.350000000000204,1040,0,0,0,0,0,0,0,0,0,0
30.400000000000205,1016,0,0,0,0,0,0,0,0,0,0
30.450000000000205,1012,0,0,0,0,0,0,0,0,0,0
30.500000000000206,997,0,0,0,0,0,0,0,0,0,0
30.550000000000207,996,0,0,0,0,0,0,0,0,0,0
30.600000000000207,978,0,0,0,0,0,0,0,0,0,0
30.650000000000208,1085,0,0,0,0,0,0,0,0,0,0
30.70000000000021,1017,0,0,0,0,0,0,0,0,0,0
30.75000000000021,1047,0,0,0,0,0,0,0,0,0,0
30.80000000000021,1035,0,0,0,0,0,0,0,0,0,0
30.85000000000021,1048,0,0,0,0,0,0,0,0,0,0
30.90000000000021,1072,0,0,0,0,0,0,0,0,0,0
30.950000000000212,1052,0,0,0,0,0,0,0,0,0,0
31.000000000000213,963,0,0,0,0,0,0,0,0,0,0
31.050000000000214,1028,0,0,0,0,0,0,0,0,0,0
31.100000000000215,1051,0,0,0,0,0,0,0,0,0,0
31.150000000000215,1042,0,0,0,0,0,0,0,0,0,0
31.200000000000216,1022,0,0,0,0,0,0,0,0,0,0
31.250000000000217,1052,0,0,0,0,0,0,0,0,0,0
31.300000000000217,1040,0,0,0,0,0,0,0,0,0,0
31.350000000000218,1032,0,0,0,0,0,0,0,0,0,0
31.40000000000022,1009,0,0,0,0,0,0,0,0,0,0
31.45000000000022,1020,0,0,0,0,0,0,0,0,0,0
31.50000000000022,1016,0,0,0,0,0,0,0,0,0,0
31.55000000000022,994,0,0,0,0,0,0,0,0,0,0
31.60000000000022,1087,0,0,0,0,0,0,0,0,0,0
31.650000000000222,1065,0,0,0,0,0,0,0,0,0,0
31.700000000000223,998,0,0,0,0,0,0,0,0,0,0
31.750000000000224,1016,0,0,0,0,0,0,0,0,0,0
31.800000000000225,1025,0,0,0,0,0,0,0,0,0,0
31.850000000000225,1010,0,0,0,0,0,0,0,0,0,0
31.900000000000226,1031,0,0,0,0,0,0,0,0,0,0
31.950000000000227,1060,0,0,0,0,0,0,0,0,0,0
32.00000000000023,939,0,0,0,0,0,0,0,0,0,0
32.050000000000225,801,0,0,0,0,0,0,0,0,0,0
32.10000000000022,687,0,0,0,0,0,0,0,0,0,0
32.15000000000022,603,0,0,0,0,0,0,0,0,0,0
32.200000000000216,468,0,0,0,0,0,0,0,0,0,0
32.25000000000021,333,0,0,0,0,0,0,0,0,0,0
32.30000000000021,190,0,0,0,0,0,0,0,0,0,0
32.35000000000021,72,0,0,0,0,0,0,0,0,0,0
32.400000000000205,0,0,0,0,0,0,0,0,0,0,0
32.4500000000002,0,0,0,0,0,0,0,0,0,0,0
32.5000000000002,0,0,0,0,0,0,0,0,0,0,0
32.550000000000196,0,0,0,0,0,0,0,0,0,0,0
32.60000000000019,0,0,0,0,0,0,0,0,0,0,0
32.65000000000019,0,0,0,0,0,0,0,0,0,0,0
32.70000000000019,0,0,0,0,0,0,0,0,0,0,0
32.750000000000185,0,0,0,0,0,0,0,0,0,0,0
32.80000000000018,0,0,0,0,0,0,0,0,0,0,0
32.85000000000018,0,0,0,0,0,0,0,0,0,0,0
32.900000000000176,0,0,0,0,0,0,0,0,0,0,0
32.95000000000017,0,0,0,0,0,0,0,0,0,0,0
33.00000000000017,0,0,0,0,0,0,0,0,0,0,0
33.05000000000017,0,0,0,0,0,0,0,0,0,0,0
33.100000000000165,0,0,0,0,0,0,0,0,0,0,0
33.15000000000016,0,0,0,0,0,0,0,0,0,0,0
33.20000000000016,0,0,0,0,0,0,0,0,0,0,0
33.250000000000156,0,0,0,0,0,0,0,0,0,0,0
33.30000000000015,0,0,0,0,0,0,0,0,0,0,0
33.35000000000015,0,0,0,0,0,0,0,0,0,0,0
33.40000000000015,0,0,0,0,0,0,0,0,0,0,0
33.450000000000145,0,0,0,0,0,0,0,0,0,0,0
33.50000000000014,0,0,0,0,0,0,0,0,0,0,0
33.55000000000014,0,0,0,0,0,0,0,0,0,0,0
33.600000000000136,0,0,0,0,0,0,0,0,0,0,0
33.650000000000134,0,0,0,0,0,0,0,0,0,0,0
33.70000000000013,0,0,0,0,0,0,0,0,0,0,0
33.75000000000013,0,0,0,0,0,0,0,0,0,0,0
33.800000000000125,0,0,0,0,0,0,0,0,0,0,0
33.85000000000012,0,0,0,0,0,0,0,0,0,0,0
33.90000000000012,0,0,0,0,0,0,0,0,0,0,0
33.95000000000012,0,0,0,0,0,0,0,0,0,0,0
34.000000000000114,0,0,0,0,0,0,0,0,0,0,0
34.05000000000011,0,0,0,0,0,0,0,0,0,0,0
34.10000000000011,0,0,0,0,0,0,0,0,0,0,0
34.150000000000105,0,0,0,0,0,0,0,0,0,0,0
34.2000000000001,0,0,0,0,0,0,0,0,0,0,0
34.2500000000001,0,0,0,0,0,0,0,0,0,0,0
34.3000000000001,0,0,0,0,0,0,0,0,0,0,0
34.350000000000094,0,0,0,0,0,0,0,0,0,0,0
34.40000000000009,0,0,0,0,0,0,0,0,0,0,0
34.45000000000009,0,0,0,0,0,0,0,0,0,0,0
34.500000000000085,0,0,0,0,0,0,0,0,0,0,0
34.55000000000008,0,0,0,0,0,0,0,0,0,0,0
34.60000000000008,0,0,0,0,0,0,0,0,0,0,0
34.65000000000008,0,0,0,0,0,0,0,0,0,0,0
34.700000000000074,0,0,0,0,0,0,0,0,0,0,0
34.75000000000007,0,0,0,0,0,0,0,0,0,0,0
34.80000000000007,0,0,0,0,0,0,0,0,0,0,0
34.850000000000065,0,0,0,0,0,0,0,0,0,0,0
34.90000000000006,0,0,0,0,0,0,0,0,0,0,0
34.95000000000006,0,0,0,0,0,0,0,0,0,0,0
35.00000000000006,0,0,0,0,0,0,0,0,0,0,0
35.050000000000054,0,0,0,0,0,0,0,0,0,0,0
35.10000000000005,0,0,0,0,0,0,0,0,0,0,0
35.15000000000005,0,0,0,0,0,0,0,0,0,0,0
35.200000000000045,0,0,0,0,0,0,0,0,0,0,0
35.25000000000004,0,0,0,0,0,0,0,0,0,0,0
35.30000000000004,0,0,0,0,0,0,0,0,0,0,0
35.35000000000004,0,0,0,0,0,0,0,0,0,0,0
35.400000000000034,0,0,0,0,0,0,0,0,0,0,0
35.45000000000003,0,0,0,0,0,0,0,0,0,0,0
35.50000000000003,0,0,0,0,0,0,0,0,0,0,0
35.550000000000026,0,0,0,0,0,0,0,0,0,0,0
35.60000000000002,0,0,0,0,0,0,0,0,0,0,0
35.65000000000002,0,0,0,0,0,0,0,0,0,0,0
35.70000000000002,0,0,0,0,0,0,0,0,0,0,0
35.750000000000014,0,0,0,0,0,0,0,0,0,0,0
35.80000000000001,0,0,0,0,0,0,0,0,0,0,0
35.85000000000001,0,0,0,0,0,0,0,0,0,0,0
35.900000000000006,0,0,0,0,0,0,0,0,0,0,0
35.95,0,0,0,0,0,0,0,0,0,0,0
36.0,0,0,0,0,0,0,0,0,0,0,0
36.05,0,0,0,0,0,0,0,0,0,0,0
36.099999999999994,0,0,0,0,0,0,0,0,0,0,0
36.14999999999999,0,0,0,0,0,0,0,0,0,0,0
36.19999999999999,0,0,0,0,0,0,0,0,0,0,0
36.249999999999986,0,0,0,0,0,0,0,0,0,0,0
36.29999999999998,0,0,0,0,0,0,0,0,0,0,0
36.34999999999998,0,0,0,0,0,0,0,0,0,0,0
36.39999999999998,0,0,0,0,0,0,0,0,0,0,0
36.449999999999974,0,0,0,0,0,0,0,0,0,0,0
36.49999999999997,0,0,0,0,0,0,0,0,0,0,0
36.54999999999997,0,0,0,0,0,0,0,0,0,0,0
36.599999999999966,0,0,0,0,0,0,0,0,0,0,0
36.64999999999996,0,0,0,0,0,0,0,0,0,0,0
36.69999999999996,0,0,0,0,0,0,0,0,0,0,0
36.74999999999996,0,0,0,0,0,0,0,0,0,0,0
36.799999999999955,0,0,0,0,0,0,0,0,0,0,0
36.84999999999995,0,0,0,0,0,0,0,0,0,0,0
36.89999999999995,0,0,0,0,0,0,0,0,0,0,0
36.949999999999946,0,0,0,0,0,0,0,0,0,0,0
36.99999999999994,0,0,0,0,0,0,0,0,0,0,0
37.04999999999994,0,0,0,0,0,0,0,0,0,0,0
37.09999999999994,0,0,0,0,0,0,0,0,0,0,0
37.149999999999935,0,0,0,0,0,0,0,0,0,0,0
37.19999999999993,0,0,0,0,0,0,0,0,0,0,0
37.24999999999993,0,0,0,0,0,0,0,0,0,0,0
37.299999999999926,0,0,0,0,0,0,0,0,0,0,0
37.34999999999992,0,0,0,0,0,0,0,0,0,0,0
37.39999999999992,0,0,0,0,0,0,0,0,0,0,0
37.44999999999992,0,0,0,0,0,0,0,0,0,0,0
37.499999999999915,0,0,0,0,0,0,0,0,0,0,0
37.54999999999991,0,0,0,0,0,0,0,0,0,0,0
37.59999999999991,0,0,0,0,0,0,0,0,0,0,0
37.649999999999906,0,0,0,0,0,0,0,0,0,0,0
37.6999999999999,0,0,0,0,0,0,0,0,0,0,0
37.7499999999999,0,0,0,0,0,0,0,0,0,0,0
37.7999999999999,0,0,0,0,0,0,0,0,0,0,0
37.849999999999895,0,0,0,0,0,0,0,0,0,0,0
37.89999999999989,0,0,0,0,0,0,0,0,0,0,0
37.94999999999989,0,0,0,0,0,0,0,0,0,0,0
37.999999999999886,0,0,0,0,0,0,0,0,0,0,0
38.04999999999988,0,0,0,0,0,0,0,0,0,0,0
38.09999999999988,0,0,0,0,0,0,0,0,0,0,0
38.14999999999988,0,0,0,0,0,0,0,0,0,0,0
38.199999999999875,0,0,0,0,0,0,0,0,0,0,0
38.24999999999987,0,0,0,0,0,0,0,0,0,0,0
38.29999999999987,0,0,0,0,0,0,0,0,0,0,0
38.349999999999866,0,0,0,0,0,0,0,0,0,0,0
38.399999999999864,0,0,0,0,0,0,0,0,0,0,0
38.44999999999986,0,0,0,0,0,0,0,0,0,0,0
38.49999999999986,0,0,0,0,0,0,0,0,0,0,0
38.549999999999855,0,0,0,0,0,0,0,0,0,0,0
38.59999999999985,0,0,0,0,0,0,0,0,0,0,0
38.64999999999985,0,0,0,0,0,0,0,0,0,0,0
38.69999999999985,0,0,0,0,0,0,0,0,0,0,0
38.749999999999844,0,0,0,0,0,0,0,0,0,0,0
38.79999999999984,0,0,0,0,0,0,0,0,0,0,0
38.84999999999984,0,0,0,0,0,0,0,0,0,0,0
38.899999999999835,0,0,0,0,0,0,0,0,0,0,0
38.94999999999983,0,0,0,0,0,0,0,0,0,0,0
38.99999999999983,0,0,0,0,0,0,0,0,0,0,0
39.04999999999983,0,0,0,0,0,0,0,0,0,0,0
39.099999999999824,0,0,0,0,0,0,0,0,0,0,0
39.14999999999982,0,0,0,0,0,0,0,0,0,0,0
39.19999999999982,0,0,0,0,0,0,0,0,0,0,0
39.249999999999815,0,0,0,0,0,0,0,0,0,0,0
39.29999999999981,0,0,0,0,0,0,0,0,0,0,0
39.34999999999981,0,0,0,0,0,0,0,0,0,0,0
39.39999999999981,0,0,0,0,0,0,0,0,0,0,0
39.449999999999804,0,0,0,0,0,0,0,0,0,0,0
39.4999999999998,0,0,0,0,0,0,0,0,0,0,0
39.5499999999998,0,0,0,0,0,0,0,0,0,0,0
39.599999999999795,0,0,0,0,0,0,0,0,0,0,0
39.64999999999979,0,0,0,0,0,0,0,0,0,0,0
39.69999999999979,0,0,0,0,0,0,0,0,0,0,0
39.74999999999979,0,0,0,0,0,0,0,0,0,0,0
39.799999999999784,0,0,0,0,0,0,0,0,0,0,0
39.84999999999978,0,0,0,0,0,0,0,0,0,0,0
39.89999999999978,0,0,0,0,0,0,0,0,0,0,0
39.949999999999775,0,0,0,0,0,0,0,0,0,0,0
39.99999999999977,0,0,0,0,0,0,0,0,0,0,0
40.04999999999977,0,0,0,0,0,0,0,0,0,0,0
40.09999999999977,0,0,0,0,0,0,0,0,0,0,0
40.149999999999764,0,0,0,0,0,0,0,0,0,0,0
40.19999999999976,0,0,0,0,0,0,0,0,0,0,0
40.24999999999976,0,0,0,0,0,0,0,0,0,0,0
40.299999999999756,0,0,0,0,0,0,0,0,0,0,0
40.34999999999975,0,0,0,0,0,0,0,0,0,0,0
40.39999999999975,0,0,0,0,0,0,0,0,0,0,0
40.44999999999975,0,0,0,0,0,0,0,0,0,0,0
40.499999999999744,0,0,0,0,0,0,0,0,0,0,0
40.54999999999974,0,0,0,0,0,0,0,0,0,0,0
40.59999999999974,0,0,0,0,0,0,0,0,0,0,0
40.649999999999736,0,0,0,0,0,0,0,0,0,0,0
40.69999999999973,0,0,0,0,0,0,0,0,0,0,0
40.74999999999973,0,0,0,0,0,0,0,0,0,0,0
40.79999999999973,0,0,0,0,0,0,0,0,0,0,0
40.849999999999724,0,0,0,0,0,0,0,0,0,0,0
40.89999999999972,0,0,0,0,0,0,0,0,0,0,0
40.94999999999972,0,0,0,0,0,0,0,0,0,0,0
40.999999999999716,0,0,0,0,0,0,0,0,0,0,0
41.04999999999971,0,0,0,0,0,0,0,0,0,0,0
41.09999999999971,0,0,0,0,0,0,0,0,0,0,0
41.14999999999971,0,0,0,0,0,0,0,0,0,0,0
41.199999999999704,0,0,0,0,0,0,0,0,0,0,0
41.2499999999997,0,0,0,0,0,0,0,0,0,0,0
41.2999999999997,0,0,0,0,0,0,0,0,0,0,0
41.349999999999696,0,0,0,0,0,0,0,0,0,0,0
41.39999999999969,0,0,0,0,0,0,0,0,0,0,0
41.44999999999969,0,0,0,0,0,0,0,0,0,0,0
41.49999999999969,0,0,0,0,0,0,0,0,0,0,0
41.549999999999685,0,0,0,0,0,0,0,0,0,0,0
*****
16,0.05,1000,0.3,0.7,10,100,0.39276599448899996,0.0853672733114
16,1000,1000,1000,997,1000,0,0,0,0,0,0
16.05,996,996,996,996,996,0,0,0,0,0,0
16.1,1014,1014,1014,1011,1014,0,0,0,0,0,0
16.150000000000002,1031,1031,1031,1026,1031,0,0,0,0,0,0
16.200000000000003,1012,1012,1012,1008,1012,0,0,0,0,0,0
16.250000000000004,1046,1046,1046,1042,1046,0,0,0,0,0,0
16.300000000000004,986,986,986,980,986,0,0,0,0,0,0
16.350000000000005,1011,1011,1011,1010,1011,0,0,0,0,0,0
16.400000000000006,1010,1010,1010,1008,1010,0,0,0,0,0,0
16.450000000000006,1002,1002,1002,995,1002,0,0,0,0,0,0
16.500000000000007,1034,1034,1034,1029,1034,0,0,0,0,0,0
16.550000000000008,970,970,970,965,970,0,0,0,0,0,0
16.60000000000001,1024,1024,1024,1019,1024,0,0,0,0,0,0
16.65000000000001,1062,1062,1062,1053,1062,0,0,0,0,0,0
16.70000000000001,1025,1025,1025,1017,1025,0,0,0,0,0,0
16.75000000000001,1028,1028,1028,1023,1028,0,0,0,0,0,0
16.80000000000001,960,960,960,951,960,0,0,0,0,0,0
16.850000000000012,997,997,997,988,997,0,0,0,0,0,0
16.900000000000013,981,981,981,971,981,0,0,0,0,0,0
16.950000000000014,1063,1063,1063,1049,1063,0,0,0,0,0,0
17.000000000000014,1021,1021,1021,1003,1021,0,0,0,0,0,0
17.050000000000015,1017,1017,1017,1000,1017,0,0,0,0,0,0
17.100000000000016,1055,1055,1055,1031,1055,0,0,0,0,0,0
17.150000000000016,966,966,966,952,966,0,0,0,0,0,0
17.200000000000017,1033,1032,1033,1016,1033,0,0,0,0,0,0
17.250000000000018,1021,1020,1020,997,1021,0,0,0,0,0,0
17.30000000000002,1051,1050,1049,1024,1050,0,0,0,0,0,0
17.35000000000002,933,932,931,908,932,0,0,0,0,0,0
17.40000000000002,994,990,993,966,994,0,0,0,0,0,0
17.45000000000002,1043,1042,1042,1020,1043,0,0,0,0,0,0
17.50000000000002,1005,1002,1002,977,1002,0,0,0,0,0,0
17.550000000000022,1032,1030,1023,1000,1030,0,0,0,0,0,0
17.600000000000023,1042,1039,1036,1007,1040,0,0,0,0,0,0
17.650000000000023,1006,1003,1003,963,1005,0,0,0,0,0,0
17.700000000000024,995,991,993,959,994,0,0,0,0,0,0
17.750000000000025,1021,1017,1018,972,1019,0,0,0,0,0,0
17.800000000000026,986,979,976,948,983,0,0,0,0,0,0
17.850000000000026,1008,997,1003,971,1007,0,0,0,0,0,0
17.900000000000027,1009,997,997,959,1005,0,0,0,0,0,0
17.950000000000028,1056,1036,1043,1005,1048,0,0,0,0,0,0
18.00000000000003,946,933,932,900,939,0,0,0,0,0,0
18.05000000000003,1020,1000,998,963,1009,0,0,0,0,0,0
18.10000000000003,1000,975,982,935,993,0,0,0,0,0,0
18.15000000000003,1045,1019,1010,962,1031,0,0,0,0,0,0
18.20000000000003,1000,979,974,946,994,0,0,0,0,0,0
18.250000000000032,993,958,954,910,971,0,0,0,0,0,0
18.300000000000033,1021,972,980,955,997,0,0,0,0,0,0
18.350000000000033,997,946,934,921,974,0,0,0,0,0,0
18.400000000000034,1037,969,976,963,1003,0,0,0,0,0,0
18.450000000000035,1025,958,949,913,990,0,0,0,0,0,0
18.500000000000036,1008,941,935,904,963,0,0,0,0,0,0
18.550000000000036,1024,935,934,915,979,0,0,0,0,0,0
18.600000000000037,1024,916,905,916,951,0,0,0,0,0,0
18.650000000000038,1014,914,907,896,951,0,0,0,0,0,0
18.70000000000004,996,865,867,883,912,0,0,0,0,0,0
18.75000000000004,1020,877,893,882,936,0,0,0,0,0,0
18.80000000000004,964,818,819,838,860,0,0,0,0,0,0
18.85000000000004,1027,839,843,868,908,0,0,0,0,0,0
18.90000000000004,1012,825,818,849,886,0,0,0,0,0,0
18.950000000000042,1017,788,801,848,864,0,0,0,0,0,0
19.000000000000043,1078,869,854,887,926,0,0,0,0,0,0
19.050000000000043,1033,786,804,814,860,0,0,0,0,0,0
19.100000000000044,958,688,698,750,762,0,0,0,0,0,0
19.150000000000045,977,686,687,745,764,0,0,0,0,0,0
19.200000000000045,994,714,700,774,778,0,0,0,0,0,0
19.250000000000046,1036,684,707,776,778,0,0,0,0,0,0
19.300000000000047,1005,648,655,738,740,0,0,0,0,0,0
19.350000000000048,1062,658,674,771,746,0,0,0,0,0,0
19.40000000000005,1038,666,664,711,739,0,0,0,0,0,0
19.45000000000005,1064,564,570,702,657,0,0,0,0,0,0
19.50000000000005,1010,573,576,678,652,0,0,0,0,0,0
19.55000000000005,926,464,482,592,549,0,0,0,0,0,0
19.60000000000005,1030,508,504,606,590,0,0,0,0,0,0
19.650000000000052,1011,468,485,598,561,0,0,0,0,0,0
19.700000000000053,1019,459,469,581,549,0,0,0,0,0,0
19.750000000000053,940,431,419,529,510,0,0,0,0,0,0
19.800000000000054,1030,400,402,505,466,0,0,0,0,0,0
19.850000000000055,983,379,385,498,458,0,0,0,0,0,0
19.900000000000055,1091,378,382,492,463,0,0,0,0,0,0
19.950000000000056,1000,366,369,465,439,0,0,0,0,0,0
20.000000000000057,995,315,318,417,378,0,0,0,0,0,0
20.050000000000058,1040,285,294,405,353,0,0,0,0,0,0
20.10000000000006,1070,278,280,400,350,0,0,0,0,0,0
20.15000000000006,965,224,232,331,285,0,0,0,0,0,0
20.20000000000006,992,236,234,340,292,0,0,0,0,0,0
20.25000000000006,1009,223,233,349,299,0,0,0,0,0,0
20.30000000000006,1047,200,196,314,259,0,0,0,0,0,0
20.350000000000062,1030,171,174,274,223,0,0,0,0,0,0
20.400000000000063,980,157,166,246,209,0,0,0,0,0,0
20.450000000000063,992,145,155,221,193,0,0,0,0,0,0
20.500000000000064,1008,128,132,223,169,0,0,0,0,0,0
20.550000000000065,1074,128,133,201,164,0,0,0,0,0,0
20.600000000000065,1051,107,100,177,135,0,0,0,0,0,0
20.650000000000066,972,79,80,148,108,0,0,0,0,0,0
20.700000000000067,996,89,97,152,118,0,0,0,0,0,0
20.750000000000068,1008,74,75,131,97,0,0,0,0,0,0
20.800000000000068,1016,82,73,122,98,0,0,0,0,0,0
20.85000000000007,1015,64,65,107,81,0,0,0,0,0,0
20.90000000000007,1020,57,60,104,77,0,0,0,0,0,0
20.95000000000007,1029,47,47,81,55,0,0,0,0,0,0
21.00000000000007,971,38,44,79,54,0,0,0,0,0,0
21.05000000000007,1003,32,34,61,42,0,0,0,0,0,0
21.100000000000072,981,29,28,59,47,0,0,0,0,0,0
21.150000000000073,1118,30,33,68,42,0,0,0,0,0,0
21.200000000000074,1008,31,28,55,40,0,0,0,0,0,0
21.250000000000075,990,22,18,43,25,0,0,0,0,0,0
21.300000000000075,1025,15,11,32,20,0,0,0,0,0,0
21.350000000000076,985,17,19,30,25,0,0,0,0,0,0
21.400000000000077,976,16,18,30,24,0,0,0,0,0,0
21.450000000000077,1032,16,19,29,21,0,0,0,0,0,0
21.500000000000078,1058,12,11,24,17,0,0,0,0,0,0
21.55000000000008,1025,8,8,15,13,0,0,0,0,0,0
21.60000000000008,1010,4,5,13,6,0,0,0,0,0,0
21.65000000000008,989,3,5,9,7,0,0,0,0,0,0
21.70000000000008,986,8,5,12,8,0,0,0,0,0,0
21.75000000000008,1006,2,2,13,5,0,0,0,0,0,0
21.800000000000082,1034,4,2,9,6,0,0,0,0,0,0
21.850000000000083,1006,1,1,4,1,0,0,0,0,0,0
21.900000000000084,997,1,4,10,4,0,0,0,0,0,0
21.950000000000085,1018,3,2,6,4,0,0,0,0,0,0
22.000000000000085,1051,3,3,4,3,0,0,0,0,0,0
22.050000000000086,961,1,1,4,1,0,0,0,0,0,0
22.100000000000087,1013,2,2,5,2,0,0,0,0,0,0
22.150000000000087,1043,1,1,1,1,0,0,0,0,0,0
22.200000000000088,1030,0,0,1,0,0,0,0,0,0,0
22.25000000000009,977,0,0,1,0,0,0,0,0,0,0
22.30000000000009,1036,0,0,0,0,0,0,0,0,0,0
22.35000000000009,983,0,0,1,0,0,0,0,0,0,0
22.40000000000009,1046,0,0,0,0,0,0,0,0,0,0
22.45000000000009,997,0,1,2,1,0,0,0,0,0,0
22.500000000000092,1048,0,0,0,0,0,0,0,0,0,0
22.550000000000093,1018,0,0,1,0,0,0,0,0,0,0
22.600000000000094,1038,1,1,1,1,0,0,0,0,0,0
22.650000000000095,1010,0,0,0,0,0,0,0,0,0,0
22.700000000000095,1044,1,1,0,1,0,0,0,0,0,0
22.750000000000096,1011,0,1,2,1,0,0,0,0,0,0
22.800000000000097,963,0,0,0,0,0,0,0,0,0,0
22.850000000000097,1042,0,0,0,0,0,0,0,0,0,0
22.900000000000098,987,0,0,0,0,0,0,0,0,0,0
22.9500000000001,1061,0,0,0,0,0,0,0,0,0,0
23.0000000000001,1011,0,0,0,0,0,0,0,0,0,0
23.0500000000001,963,0,0,0,0,0,0,0,0,0,0
23.1000000000001,1056,0,0,0,0,0,0,0,0,0,0
23.1500000000001,987,0,0,0,0,0,0,0,0,0,0
23.200000000000102,1007,0,0,0,0,0,0,0,0,0,0
23.250000000000103,984,0,0,0,0,0,0,0,0,0,0
23.300000000000104,1043,0,0,0,0,0,0,0,0,0,0
23.350000000000104,1057,0,0,0,0,0,0,0,0,0,0
23.400000000000105,1002,0,0,0,0,0,0,0,0,0,0
23.450000000000106,992,0,0,0,0,0,0,0,0,0,0
23.500000000000107,1061,0,0,0,0,0,0,0,0,0,0
23.550000000000107,1026,0,0,0,0,0,0,0,0,0,0
23.600000000000108,947,0,0,0,0,0,0,0,0,0,0
23.65000000000011,1001,0,0,0,0,0,0,0,0,0,0
23.70000000000011,1009,0,0,0,0,0,0,0,0,0,0
23.75000000000011,989,0,0,0,0,0,0,0,0,0,0
23.80000000000011,1006,0,0,0,0,0,0,0,0,0,0
23.85000000000011,972,0,0,0,0,0,0,0,0,0,0
23.900000000000112,1038,0,0,0,0,0,0,0,0,0,0
23.950000000000113,1087,0,0,0,0,0,0,0,0,0,0
24.000000000000114,1048,0,0,0,0,0,0,0,0,0,0
24.050000000000114,990,0,0,0,0,0,0,0,0,0,0
24.100000000000115,1025,0,0,0,0,0,0,0,0,0,0
24.150000000000116,990,0,0,0,0,0,0,0,0,0,0
24.200000000000117,956,0,0,0,0,0,0,0,0,0,0
24.250000000000117,1015,0,0,0,0,0,0,0,0,0,0
24.300000000000118,1044,0,0,0,0,0,0,0,0,0,0
24.35000000000012,995,0,0,0,0,0,0,0,0,0,0
24.40000000000012,1044,0,0,0,0,0,0,0,0,0,0
24.45000000000012,1023,0,0,0,0,0,0,0,0,0,0
24.50000000000012,1025,0,0,0,0,0,0,0,0,0,0
24.55000000000012,984,0,0,0,0,0,0,0,0,0,0
24.600000000000122,1031,0,0,0,0,0,0,0,0,0,0
24.650000000000123,994,0,0,0,0,0,0,0,0,0,0
24.700000000000124,1034,0,0,0,0,0,0,0,0,0,0
24.750000000000124,1000,0,0,0,0,0,0,0,0,0,0
24.800000000000125,978,0,0,0,0,0,0,0,0,0,0
24.850000000000126,976,0,0,0,0,0,0,0,0,0,0
24.900000000000126,1071,0,0,0,0,0,0,0,0,0,0
24.950000000000127,1032,0,0,0,0,0,0,0,0,0,0
25.000000000000128,1021,0,0,0,0,0,0,0,0,0,0
25.05000000000013,957,0,0,0,0,0,0,0,0,0,0
25.10000000000013,1008,0,0,0,0,0,0,0,0,0,0
25.15000000000013,991,0,0,0,0,0,0,0,0,0,0
25.20000000000013,1081,0,0,0,0,0,0,0,0,0,0
25.25000000000013,1046,0,0,0,0,0,0,0,0,0,0
25.300000000000132,1005,0,0,0,0,0,0,0,0,0,0
25.350000000000133,1044,0,0,0,0,0,0,0,0,0,0
25.400000000000134,950,0,0,0,0,0,0,0,0,0,0
25.450000000000134,954,0,0,0,0,0,0,0,0,0,0
25.500000000000135,943,0,0,0,0,0,0,0,0,0,0
25.550000000000136,1039,0,0,0,0,0,0,0,0,0,0
25.600000000000136,1040,0,0,0,0,0,0,0,0,0,0
25.650000000000137,1029,0,0,0,0,0,0,0,0,0,0
25.700000000000138,999,0,0,0,0,0,0,0,0,0,0
25.75000000000014,1092,0,0,0,0,0,0,0,0,0,0
25.80000000000014,986,0,0,0,0,0,0,0,0,0,0
25.85000000000014,1032,0,0,0,0,0,0,0,0,0,0
25.90000000000014,986,0,0,0,0,0,0,0,0,0,0
25.95000000000014,1016,0,0,0,0,0,0,0,0,0,0
26.000000000000142,988,0,0,0,0,0,0,0,0,0,0
26.050000000000143,1030,0,0,0,0,0,0,0,0,0,0
26.100000000000144,1020,0,0,0,0,0,0,0,0,0,0
26.150000000000144,990,0,0,0,0,0,0,0,0,0,0
26.200000000000145,1051,0,0,0,0,0,0,0,0,0,0
26.250000000000146,990,0,0,0,0,0,0,0,0,0,0
26.300000000000146,1005,0,0,0,0,0,0,0,0,0,0
26.350000000000147,977,0,0,0,0,0,0,0,0,0,0
26.400000000000148,1032,0,0,0,0,0,0,0,0,0,0
26.45000000000015,989,0,0,0,0,0,0,0,0,0,0
26.50000000000015,1029,0,0,0,0,0,0,0,0,0,0
26.55000000000015,1023,0,0,0,0,0,0,0,0,0,0
26.60000000000015,982,0,0,0,0,0,0,0,0,0,0
26.65000000000015,997,0,0,0,0,0,0,0,0,0,0
26.700000000000152,1031,0,0,0,0,0,0,0,0,0,0
26.750000000000153,1035,0,0,0,0,0,0,0,0,0,0
26.800000000000153,1033,0,0,0,0,0,0,0,0,0,0
26.850000000000154,1037,0,0,0,0,0,0,0,0,0,0
26.900000000000155,993,0,0,0,0,0,0,0,0,0,0
26.950000000000156,1037,0,0,0,0,0,0,0,0,0,0
27.000000000000156,1010,0,0,0,0,0,0,0,0,0,0
27.050000000000157,981,0,0,0,0,0,0,0,0,0,0
27.100000000000158,1024,0,0,0,0,0,0,0,0,0,0
27.15000000000016,1032,0,0,0,0,0,0,0,0,0,0
27.20000000000016,1016,0,0,0,0,0,0,0,0,0,0
27.25000000000016,969,0,0,0,0,0,0,0,0,0,0
27.30000000000016,1044,0,0,0,0,0,0,0,0,0,0
27.35000000000016,1005,0,0,0,0,0,0,0,0,0,0
27.400000000000162,993,0,0,0,0,0,0,0,0,0,0
27.450000000000163,1051,0,0,0,0,0,0,0,0,0,0
27.500000000000163,1005,0,0,0,0,0,0,0,0,0,0
27.550000000000164,1010,0,0,0,0,0,0,0,0,0,0
27.600000000000165,983,0,0,0,0,0,0,0,0,0,0
27.650000000000166,1008,0,0,0,0,0,0,0,0,0,0
27.700000000000166,1047,0,0,0,0,0,0,0,0,0,0
27.750000000000167,999,0,0,0,0,0,0,0,0,0,0
27.800000000000168,1001,0,0,0,0,0,0,0,0,0,0
27.85000000000017,992,0,0,0,0,0,0,0,0,0,0
27.90000000000017,1045,0,0,0,0,0,0,0,0,0,0
27.95000000000017,990,0,0,0,0,0,0,0,0,0,0
28.00000000000017,1027,0,0,0,0,0,0,0,0,0,0
28.05000000000017,1017,0,0,0,0,0,0,0,0,0,0
28.100000000000172,1024,0,0,0,0,0,0,0,0,0,0
28.150000000000173,1015,0,0,0,0,0,0,0,0,0,0
28.200000000000173,969,0,0,0,0,0,0,0,0,0,0
28.250000000000174,1029,0,0,0,0,0,0,0,0,0,0
28.300000000000175,1030,0,0,0,0,0,0,0,0,0,0
28.350000000000176,1064,0,0,0,0,0,0,0,0,0,0
28.400000000000176,1007,0,0,0,0,0,0,0,0,0,0
28.450000000000177,993,0,0,0,0,0,0,0,0,0,0
28.500000000000178,982,0,0,0,0,0,0,0,0,0,0
28.55000000000018,940,0,0,0,0,0,0,0,0,0,0
28.60000000000018,1057,0,0,0,0,0,0,0,0,0,0
28.65000000000018,1031,0,0,0,0,0,0,0,0,0,0
28.70000000000018,1029,0,0,0,0,0,0,0,0,0,0
28.75000000000018,995,0,0,0,0,0,0,0,0,0,0
28.800000000000182,1046,0,0,0,0,0,0,0,0,0,0
28.850000000000183,991,0,0,0,0,0,0,0,0,0,0
28.900000000000183,1012,0,0,0,0,0,0,0,0,0,0
28.950000000000184,1008,0,0,0,0,0,0,0,0,0,0
29.000000000000185,1039,0,0,0,0,0,0,0,0,0,0
29.050000000000185,1051,0,0,0,0,0,0,0,0,0,0
29.100000000000186,1011,0,0,0,0,0,0,0,0,0,0
29.150000000000187,976,0,0,0,0,0,0,0,0,0,0
29.200000000000188,1036,0,0,0,0,0,0,0,0,0,0
29.25000000000019,1024,0,0,0,0,0,0,0,0,0,0
29.30000000000019,976,0,0,0,0,0,0,0,0,0,0
29.35000000000019,990,0,0,0,0,0,0,0,0,0,0
29.40000000000019,1004,0,0,0,0,0,0,0,0,0,0
29.45000000000019,978,0,0,0,0,0,0,0,0,0,0
29.500000000000192,1032,0,0,0,0,0,0,0,0,0,0
29.550000000000193,1081,0,0,0,0,0,0,0,0,0,0
29.600000000000193,1045,0,0,0,0,0,0,0,0,0,0
29.650000000000194,955,0,0,0,0,0,0,0,0,0,0
29.700000000000195,995,0,0,0,0,0,0,0,0,0,0
29.750000000000195,1101,0,0,0,0,0,0,0,0,0,0
29.800000000000196,954,0,0,0,0,0,0,0,0,0,0
29.850000000000197,1008,0,0,0,0,0,0,0,0,0,0
29.900000000000198,1025,0,0,0,0,0,0,0,0,0,0
29.9500000000002,973,0,0,0,0,0,0,0,0,0,0
30.0000000000002,1025,0,0,0,0,0,0,0,0,0,0
30.0500000000002,991,0,0,0,0,0,0,0,0,0,0
30.1000000000002,1043,0,0,0,0,0,0,0,0,0,0
30.1500000000002,1030,0,0,0,0,0,0,0,0,0,0
30.200000000000202,1029,0,0,0,0,0,0,0,0,0,0
30.250000000000203,1040,0,0,0,0,0,0,0,0,0,0
30.300000000000203,966,0,0,0,0,0,0,0,0,0,0
30.350000000000204,1020,0,0,0,0,0,0,0,0,0,0
30.400000000000205,1021,0,0,0,0,0,0,0,0,0,0
30.450000000000205,1024,0,0,0,0,0,0,0,0,0,0
30.500000000000206,1012,0,0,0,0,0,0,0,0,0,0
30.550000000000207,1025,0,0,0,0,0,0,0,0,0,0
30.600000000000207,975,0,0,0,0,0,0,0,0,0,0
30.650000000000208,1026,0,0,0,0,0,0,0,0,0,0
30.70000000000021,1049,0,0,0,0,0,0,0,0,0,0
30.75000000000021,1018,0,0,0,0,0,0,0,0,0,0
30.80000000000021,1039,0,0,0,0,0,0,0,0,0,0
30.85000000000021,982,0,0,0,0,0,0,0,0,0,0
30.90000000000021,1005,0,0,0,0,0,0,0,0,0,0
30.950000000000212,1005,0,0,0,0,0,0,0,0,0,0
31.000000000000213,998,0,0,0,0,0,0,0,0,0,0
31.050000000000214,998,0,0,0,0,0,0,0,0,0,0
31.100000000000215,1013,0,0,0,0,0,0,0,0,0,0
31.150000000000215,1078,0,0,0,0,0,0,0,0,0,0
31.200000000000216,949,0,0,0,0,0,0,0,0,0,0
31.250000000000217,1028,0,0,0,0,0,0,0,0,0,0
31.300000000000217,1023,0,0,0,0,0,0,0,0,0,0
31.350000000000218,1040,0,0,0,0,0,0,0,0,0,0
31.40000000000022,1038,0,0,0,0,0,0,0,0,0,0
31.45000000000022,1041,0,0,0,0,0,0,0,0,0,0
31.50000000000022,983,0,0,0,0,0,0,0,0,0,0
31.55000000000022,962,0,0,0,0,0,0,0,0,0,0
31.60000000000022,1035,0,0,0,0,0,0,0,0,0,0
31.650000000000222,1021,0,0,0,0,0,0,0,0,0,0
31.700000000000223,1008,0,0,0,0,0,0,0,0,0,0
31.750000000000224,962,0,0,0,0,0,0,0,0,0,0
31.800000000000225,1057,0,0,0,0,0,0,0,0,0,0
31.850000000000225,1001,0,0,0,0,0,0,0,0,0,0
31.900000000000226,1039,0,0,0,0,0,0,0,0,0,0
31.950000000000227,1015,0,0,0,0,0,0,0,0,0,0
32.00000000000023,1016,0,0,0,0,0,0,0,0,0,0
32.050000000000225,1016,0,0,0,0,0,0,0,0,0,0
32.10000000000022,981,0,0,0,0,0,0,0,0,0,0
32.15000000000022,992,0,0,0,0,0,0,0,0,0,0
32.200000000000216,1013,0,0,0,0,0,0,0,0,0,0
32.25000000000021,999,0,0,0,0,0,0,0,0,0,0
32.30000000000021,926,0,0,0,0,0,0,0,0,0,0
32.35000000000021,788,0,0,0,0,0,0,0,0,0,0
32.400000000000205,745,0,0,0,0,0,0,0,0,0,0
32.4500000000002,604,0,0,0,0,0,0,0,0,0,0
32.5000000000002,457,0,0,0,0,0,0,0,0,0,0
32.550000000000196,334,0,0,0,0,0,0,0,0,0,0
32.60000000000019,181,0,0,0,0,0,0,0,0,0,0
32.65000000000019,79,0,0,0,0,0,0,0,0,0,0
32.70000000000019,0,0,0,0,0,0,0,0,0,0,0
32.750000000000185,0,0,0,0,0,0,0,0,0,0,0
32.80000000000018,0,0,0,0,0,0,0,0,0,0,0
32.85000000000018,0,0,0,0,0,0,0,0,0,0,0
32.900000000000176,0,0,0,0,0,0,0,0,0,0,0
32.95000000000017,0,0,0,0,0,0,0,0,0,0,0
33.00000000000017,0,0,0,0,0,0,0,0,0,0,0
33.05000000000017,0,0,0,0,0,0,0,0,0,0,0
33.100000000000165,0,0,0,0,0,0,0,0,0,0,0
33.15000000000016,0,0,0,0,0,0,0,0,0,0,0
33.20000000000016,0,0,0,0,0,0,0,0,0,0,0
33.250000000000156,0,0,0,0,0,0,0,0,0,0,0
33.30000000000015,0,0,0,0,0,0,0,0,0,0,0
33.35000000000015,0,0,0,0,0,0,0,0,0,0,0
33.40000000000015,0,0,0,0,0,0,0,0,0,0,0
33.450000000000145,0,0,0,0,0,0,0,0,0,0,0
33.50000000000014,0,0,0,0,0,0,0,0,0,0,0
33.55000000000014,0,0,0,0,0,0,0,0,0,0,0
33.600000000000136,0,0,0,0,0,0,0,0,0,0,0
33.650000000000134,0,0,0,0,0,0,0,0,0,0,0
33.70000000000013,0,0,0,0,0,0,0,0,0,0,0
33.75000000000013,0,0,0,0,0,0,0,0,0,0,0
33.800000000000125,0,0,0,0,0,0,0,0,0,0,0
33.85000000000012,0,0,0,0,0,0,0,0,0,0,0
33.90000000000012,0,0,0,0,0,0,0,0,0,0,0
33.95000000000012,0,0,0,0,0,0,0,0,0,0,0
34.000000000000114,0,0,0,0,0,0,0,0,0,0,0
34.05000000000011,0,0,0,0,0,0,0,0,0,0,0
34.10000000000011,0,0,0,0,0,0,0,0,0,0,0
34.150000000000105,0,0,0,0,0,0,0,0,0,0,0
34.2000000000001,0,0,0,0,0,0,0,0,0,0,0
34.2500000000001,0,0,0,0,0,0,0,0,0,0,0
34.3000000000001,0,0,0,0,0,0,0,0,0,0,0
34.350000000000094,0,0,0,0,0,0,0,0,0,0,0
34.40000000000009,0,0,0,0,0,0,0,0,0,0,0
34.45000000000009,0,0,0,0,0,0,0,0,0,0,0
34.500000000000085,0,0,0,0,0,0,0,0,0,0,0
34.55000000000008,0,0,0,0,0,0,0,0,0,0,0
34.60000000000008,0,0,0,0,0,0,0,0,0,0,0
34.65000000000008,0,0,0,0,0,0,0,0,0,0,0
34.700000000000074,0,0,0,0,0,0,0,0,0,0,0
34.75000000000007,0,0,0,0,0,0,0,0,0,0,0
34.80000000000007,0,0,0,0,0,0,0,0,0,0,0
34.850000000000065,0,0,0,0,0,0,0,0,0,0,0
34.90000000000006,0,0,0,0,0,0,0,0,0,0,0
34.95000000000006,0,0,0,0,0,0,0,0,0,0,0
35.00000000000006,0,0,0,0,0,0,0,0,0,0,0
35.050000000000054,0,0,0,0,0,0,0,0,0,0,0
35.10000000000005,0,0,0,0,0,0,0,0,0,0,0
35.15000000000005,0,0,0,0,0,0,0,0,0,0,0
35.200000000000045,0,0,0,0,0,0,0,0,0,0,0
35.25000000000004,0,0,0,0,0,0,0,0,0,0,0
35.30000000000004,0,0,0,0,0,0,0,0,0,0,0
35.35000000000004,0,0,0,0,0,0,0,0,0,0,0
35.400000000000034,0,0,0,0,0,0,0,0,0,0,0
35.45000000000003,0,0,0,0,0,0,0,0,0,0,0
35.50000000000003,0,0,0,0,0,0,0,0,0,0,0
35.550000000000026,0,0,0,0,0,0,0,0,0,0,0
35.60000000000002,0,0,0,0,0,0,0,0,0,0,0
35.65000000000002,0,0,0,0,0,0,0,0,0,0,0
35.70000000000002,0,0,0,0,0,0,0,0,0,0,0
35.750000000000014,0,0,0,0,0,0,0,0,0,0,0
35.80000000000001,0,0,0,0,0,0,0,0,0,0,0
35.85000000000001,0,0,0,0,0,0,0,0,0,0,0
35.900000000000006,0,0,0,0,0,0,0,0,0,0,0
35.95,0,0,0,0,0,0,0,0,0,0,0
36.0,0,0,0,0,0,0,0,0,0,0,0
36.05,0,0,0,0,0,0,0,0,0,0,0
36.099999999999994,0,0,0,0,0,0,0,0,0,0,0
36.14999999999999,0,0,0,0,0,0,0,0,0,0,0
36.19999999999999,0,0,0,0,0,0,0,0,0,0,0
36.249999999999986,0,0,0,0,0,0,0,0,0,0,0
36.29999999999998,0,0,0,0,0,0,0,0,0,0,0
36.34999999999998,0,0,0,0,0,0,0,0,0,0,0
36.39999999999998,0,0,0,0,0,0,0,0,0,0,0
36.449999999999974,0,0,0,0,0,0,0,0,0,0,0
36.49999999999997,0,0,0,0,0,0,0,0,0,0,0
36.54999999999997,0,0,0,0,0,0,0,0,0,0,0
36.599999999999966,0,0,0,0,0,0,0,0,0,0,0
36.64999999999996,0,0,0,0,0,0,0,0,0,0,0
36.69999999999996,0,0,0,0,0,0,0,0,0,0,0
36.74999999999996,0,0,0,0,0,0,0,0,0,0,0
36.799999999999955,0,0,0,0,0,0,0,0,0,0,0
36.84999999999995,0,0,0,0,0,0,0,0,0,0,0
36.89999999999995,0,0,0,0,0,0,0,0,0,0,0
36.949999999999946,0,0,0,0,0,0,0,0,0,0,0
36.99999999999994,0,0,0,0,0,0,0,0,0,0,0
37.04999999999994,0,0,0,0,0,0,0,0,0,0,0
37.09999999999994,0,0,0,0,0,0,0,0,0,0,0
37.149999999999935,0,0,0,0,0,0,0,0,0,0,0
37.19999999999993,0,0,0,0,0,0,0,0,0,0,0
37.24999999999993,0,0,0,0,0,0,0,0,0,0,0
37.299999999999926,0,0,0,0,0,0,0,0,0,0,0
37.34999999999992,0,0,0,0,0,0,0,0,0,0,0
37.39999999999992,0,0,0,0,0,0,0,0,0,0,0
37.44999999999992,0,0,0,0,0,0,0,0,0,0,0
37.499999999999915,0,0,0,0,0,0,0,0,0,0,0
37.54999999999991,0,0,0,0,0,0,0,0,0,0,0
37.59999999999991,0,0,0,0,0,0,0,0,0,0,0
37.649999999999906,0,0,0,0,0,0,0,0,0,0,0
37.6999999999999,0,0,0,0,0,0,0,0,0,0,0
37.7499999999999,0,0,0,0,0,0,0,0,0,0,0
37.7999999999999,0,0,0,0,0,0,0,0,0,0,0
37.849999999999895,0,0,0,0,0,0,0,0,0,0,0
37.89999999999989,0,0,0,0,0,0,0,0,0,0,0
37.94999999999989,0,0,0,0,0,0,0,0,0,0,0
37.999999999999886,0,0,0,0,0,0,0,0,0,0,0
38.04999999999988,0,0,0,0,0,0,0,0,0,0,0
38.09999999999988,0,0,0,0,0,0,0,0,0,0,0
38.14999999999988,0,0,0,0,0,0,0,0,0,0,0
38.199999999999875,0,0,0,0,0,0,0,0,0,0,0
38.24999999999987,0,0,0,0,0,0,0,0,0,0,0
38.29999999999987,0,0,0,0,0,0,0,0,0,0,0
38.349999999999866,0,0,0,0,0,0,0,0,0,0,0
38.399999999999864,0,0,0,0,0,0,0,0,0,0,0
38.44999999999986,0,0,0,0,0,0,0,0,0,0,0
38.49999999999986,0,0,0,0,0,0,0,0,0,0,0
38.549999999999855,0,0,0,0,0,0,0,0,0,0,0
38.59999999999985,0,0,0,0,0,0,0,0,0,0,0
38.64999999999985,0,0,0,0,0,0,0,0,0,0,0
38.69999999999985,0,0,0,0,0,0,0,0,0,0,0
38.749999999999844,0,0,0,0,0,0,0,0,0,0,0
38.79999999999984,0,0,0,0,0,0,0,0,0,0,0
38.84999999999984,0,0,0,0,0,0,0,0,0,0,0
38.899999999999835,0,0,0,0,0,0,0,0,0,0,0
38.94999999999983,0,0,0,0,0,0,0,0,0,0,0
38.99999999999983,0,0,0,0,0,0,0,0,0,0,0
39.04999999999983,0,0,0,0,0,0,0,0,0,0,0
39.099999999999824,0,0,0,0,0,0,0,0,0,0,0
39.14999999999982,0,0,0,0,0,0,0,0,0,0,0
39.19999999999982,0,0,0,0,0,0,0,0,0,0,0
39.249999999999815,0,0,0,0,0,0,0,0,0,0,0
39.29999999999981,0,0,0,0,0,0,0,0,0,0,0
39.34999999999981,0,0,0,0,0,0,0,0,0,0,0
39.39999999999981,0,0,0,0,0,0,0,0,0,0,0
39.449999999999804,0,0,0,0,0,0,0,0,0,0,0
39.4999999999998,0,0,0,0,0,0,0,0,0,0,0
39.5499999999998,0,0,0,0,0,0,0,0,0,0,0
39.599999999999795,0,0,0,0,0,0,0,0,0,0,0
39.64999999999979,0,0,0,0,0,0,0,0,0,0,0
39.69999999999979,0,0,0,0,0,0,0,0,0,0,0
39.74999999999979,0,0,0,0,0,0,0,0,0,0,0
39.799999999999784,0,0,0,0,0,0,0,0,0,0,0
39.84999999999978,0,0,0,0,0,0,0,0,0,0,0
39.89999999999978,0,0,0,0,0,0,0,0,0,0,0
39.949999999999775,0,0,0,0,0,0,0,0,0,0,0
39.99999999999977,0,0,0,0,0,0,0,0,0,0,0
40.04999999999977,0,0,0,0,0,0,0,0,0,0,0
40.09999999999977,0,0,0,0,0,0,0,0,0,0,0
40.149999999999764,0,0,0,0,0,0,0,0,0,0,0
40.19999999999976,0,0,0,0,0,0,0,0,0,0,0
40.24999999999976,0,0,0,0,0,0,0,0,0,0,0
40.299999999999756,0,0,0,0,0,0,0,0,0,0,0
40.34999999999975,0,0,0,0,0,0,0,0,0,0,0
40.39999999999975,0,0,0,0,0,0,0,0,0,0,0
40.44999999999975,0,0,0,0,0,0,0,0,0,0,0
40.499999999999744,0,0,0,0,0,0,0,0,0,0,0
40.54999999999974,0,0,0,0,0,0,0,0,0,0,0
40.59999999999974,0,0,0,0,0,0,0,0,0,0,0
40.649999999999736,0,0,0,0,0,0,0,0,0,0,0
40.69999999999973,0,0,0,0,0,0,0,0,0,0,0
40.74999999999973,0,0,0,0,0,0,0,0,0,0,0
40.79999999999973,0,0,0,0,0,0,0,0,0,0,0
40.849999999999724,0,0,0,0,0,0,0,0,0,0,0
40.89999999999972,0,0,0,0,0,0,0,0,0,0,0
40.94999999999972,0,0,0,0,0,0,0,0,0,0,0
40.999999999999716,0,0,0,0,0,0,0,0,0,0,0
41.04999999999971,0,0,0,0,0,0,0,0,0,0,0
41.09999999999971,0,0,0,0,0,0,0,0,0,0,0
41.14999999999971,0,0,0,0,0,0,0,0,0,0,0
41.199999999999704,0,0,0,0,0,0,0,0,0,0,0
41.2499999999997,0,0,0,0,0,0,0,0,0,0,0
41.2999999999997,0,0,0,0,0,0,0,0,0,0,0
41.349999999999696,0,0,0,0,0,0,0,0,0,0,0
41.39999999999969,0,0,0,0,0,0,0,0,0,0,0
41.44999999999969,0,0,0,0,0,0,0,0,0,0,0
41.49999999999969,0,0,0,0,0,0,0,0,0,0,0
41.549999999999685,0,0,0,0,0,0,0,0,0,0,0
*****
16,0.05,1000,0.6,1,10,100,0.39276599448899996,0.0853672733114
16,1000,451,580,446,580,0,0,0,0,0,0
16.05,997,500,596,490,596,0,0,0,0,0,0
16.1,989,471,565,486,565,0,0,0,0,0,0
16.150000000000002,1042,488,593,497,593,0,0,0,0,0,0
16.200000000000003,1012,474,563,502,563,0,0,0,0,0,0
16.250000000000004,1047,510,591,526,591,0,0,0,0,0,0
16.300000000000004,990,472,560,470,560,0,0,0,0,0,0
16.350000000000005,1029,499,580,516,580,0,0,0,0,0,0
16.400000000000006,988,472,550,489,550,0,0,0,0,0,0
16.450000000000006,930,453,527,455,527,0,0,0,0,0,0
16.500000000000007,1016,468,578,494,578,0,0,0,0,0,0
16.550000000000008,975,481,574,477,574,0,0,0,0,0,0
16.60000000000001,1095,502,628,533,628,0,0,0,0,0,0
16.65000000000001,961,418,535,454,535,0,0,0,0,0,0
16.70000000000001,1001,423,555,449,555,0,0,0,0,0,0
16.75000000000001,974,420,525,434,525,0,0,0,0,0,0
16.80000000000001,1030,448,540,436,540,0,0,0,0,0,0
16.850000000000012,994,428,535,427,535,0,0,0,0,0,0
16.900000000000013,1029,415,541,429,541,0,0,0,0,0,0
16.950000000000014,985,406,531,417,531,0,0,0,0,0,0
17.000000000000014,993,383,483,387,483,0,0,0,0,0,0
17.050000000000015,985,409,544,440,544,0,0,0,0,0,0
17.100000000000016,1016,366,519,422,519,0,0,0,0,0,0
17.150000000000016,1019,340,463,385,463,0,0,0,0,0,0
17.200000000000017,1063,364,517,430,517,0,0,0,0,0,0
17.250000000000018,967,319,441,367,441,0,0,0,0,0,0
17.30000000000002,1024,333,471,368,471,0,0,0,0,0,0
17.35000000000002,1004,334,456,359,456,0,0,0,0,0,0
17.40000000000002,988,310,445,355,445,0,0,0,0,0,0
17.45000000000002,993,303,450,332,450,0,0,0,0,0,0
17.50000000000002,1032,286,451,348,451,0,0,0,0,0,0
17.550000000000022,949,271,395,323,395,0,0,0,0,0,0
17.600000000000023,997,257,400,299,400,0,0,0,0,0,0
17.650000000000023,1035,248,383,309,383,0,0,0,0,0,0
17.700000000000024,1014,240,353,267,353,0,0,0,0,0,0
17.750000000000025,1023,220,358,299,358,0,0,0,0,0,0
17.800000000000026,1025,217,332,257,332,0,0,0,0,0,0
17.850000000000026,1029,181,313,254,313,0,0,0,0,0,0
17.900000000000027,1011,176,310,251,310,0,0,0,0,0,0
17.950000000000028,958,180,302,239,302,0,0,0,0,0,0
18.00000000000003,985,157,270,218,270,0,0,0,0,0,0
18.05000000000003,984,161,248,210,248,0,0,0,0,0,0
18.10000000000003,987,125,239,218,239,0,0,0,0,0,0
18.15000000000003,1023,146,249,207,249,0,0,0,0,0,0
18.20000000000003,947,129,221,166,221,0,0,0,0,0,0
18.250000000000032,1054,119,226,195,226,0,0,0,0,0,0
18.300000000000033,1011,106,185,161,185,0,0,0,0,0,0
18.350000000000033,1046,109,190,167,190,0,0,0,0,0,0
18.400000000000034,993,104,172,152,172,0,0,0,0,0,0
18.450000000000035,1000,72,149,131,149,0,0,0,0,0,0
18.500000000000036,1011,77,147,119,147,0,0,0,0,0,0
18.550000000000036,1023,71,124,111,124,0,0,0,0,0,0
18.600000000000037,1025,64,128,117,128,0,0,0,0,0,0
18.650000000000038,977,66,112,98,112,0,0,0,0,0,0
18.70000000000004,973,52,103,95,103,0,0,0,0,0,0
18.75000000000004,1013,36,77,64,77,0,0,0,0,0,0
18.80000000000004,997,29,71,70,71,0,0,0,0,0,0
18.85000000000004,1006,36,78,64,78,0,0,0,0,0,0
18.90000000000004,1021,40,83,83,83,0,0,0,0,0,0
18.950000000000042,1024,37,69,63,69,0,0,0,0,0,0
19.000000000000043,944,30,51,48,51,0,0,0,0,0,0
19.050000000000043,998,38,72,74,72,0,0,0,0,0,0
19.100000000000044,1027,26,52,50,52,0,0,0,0,0,0
19.150000000000045,1035,16,42,41,42,0,0,0,0,0,0
19.200000000000045,1010,13,31,28,31,0,0,0,0,0,0
19.250000000000046,1040,13,35,28,35,0,0,0,0,0,0
19.300000000000047,963,8,20,21,20,0,0,0,0,0,0
19.350000000000048,998,13,24,28,24,0,0,0,0,0,0
19.40000000000005,1006,13,23,17,23,0,0,0,0,0,0
19.45000000000005,992,10,23,21,23,0,0,0,0,0,0
19.50000000000005,1006,4,16,16,16,0,0,0,0,0,0
19.55000000000005,1014,8,12,13,12,0,0,0,0,0,0
19.60000000000005,1001,4,8,9,8,0,0,0,0,0,0
19.650000000000052,1052,4,13,14,13,0,0,0,0,0,0
19.700000000000053,988,6,11,9,11,0,0,0,0,0,0
19.750000000000053,964,8,16,15,16,0,0,0,0,0,0
19.800000000000054,1051,5,10,7,10,0,0,0,0,0,0
19.850000000000055,966,2,6,6,6,0,0,0,0,0,0
19.900000000000055,986,3,6,7,6,0,0,0,0,0,0
19.950000000000056,992,1,2,3,2,0,0,0,0,0,0
20.000000000000057,1038,1,5,6,5,0,0,0,0,0,0
20.050000000000058,1026,0,2,2,2,0,0,0,0,0,0
20.10000000000006,1031,1,2,2,2,0,0,0,0,0,0
20.15000000000006,982,2,2,3,2,0,0,0,0,0,0
20.20000000000006,1007,0,1,0,1,0,0,0,0,0,0
20.25000000000006,977,0,2,1,2,0,0,0,0,0,0
20.30000000000006,1008,1,2,2,2,0,0,0,0,0,0
20.350000000000062,1004,1,3,3,3,0,0,0,0,0,0
20.400000000000063,1015,0,0,0,0,0,0,0,0,0,0
20.450000000000063,993,0,0,0,0,0,0,0,0,0,0
20.500000000000064,1025,1,3,2,3,0,0,0,0,0,0
20.550000000000065,1015,0,0,1,0,0,0,0,0,0,0
20.600000000000065,1012,0,0,0,0,0,0,0,0,0,0
20.650000000000066,968,0,0,1,0,0,0,0,0,0,0
20.700000000000067,1024,0,0,0,0,0,0,0,0,0,0
20.750000000000068,1040,1,1,1,1,0,0,0,0,0,0
20.800000000000068,1032,0,0,0,0,0,0,0,0,0,0
20.85000000000007,955,0,0,0,0,0,0,0,0,0,0
20.90000000000007,990,0,0,1,0,0,0,0,0,0,0
20.95000000000007,977,0,0,0,0,0,0,0,0,0,0
21.00000000000007,1000,0,0,0,0,0,0,0,0,0,0
21.05000000000007,1015,0,0,0,0,0,0,0,0,0,0
21.100000000000072,1010,0,0,0,0,0,0,0,0,0,0
21.150000000000073,991,0,0,0,0,0,0,0,0,0,0
21.200000000000074,988,0,0,0,0,0,0,0,0,0,0
21.250000000000075,993,0,1,1,1,0,0,0,0,0,0
21.300000000000075,1023,0,0,0,0,0,0,0,0,0,0
21.350000000000076,977,0,0,0,0,0,0,0,0,0,0
21.400000000000077,1037,0,0,0,0,0,0,0,0,0,0
21.450000000000077,1012,0,0,0,0,0,0,0,0,0,0
21.500000000000078,1040,0,0,0,0,0,0,0,0,0,0
21.55000000000008,980,0,0,0,0,0,0,0,0,0,0
21.60000000000008,1045,0,0,0,0,0,0,0,0,0,0
21.65000000000008,1063,0,0,0,0,0,0,0,0,0,0
21.70000000000008,989,0,0,0,0,0,0,0,0,0,0
21.75000000000008,941,0,0,0,0,0,0,0,0,0,0
21.800000000000082,1024,0,0,0,0,0,0,0,0,0,0
21.850000000000083,975,0,0,0,0,0,0,0,0,0,0
21.900000000000084,1005,0,0,0,0,0,0,0,0,0,0
21.950000000000085,995,0,0,0,0,0,0,0,0,0,0
22.000000000000085,1024,0,0,0,0,0,0,0,0,0,0
22.050000000000086,1030,0,0,0,0,0,0,0,0,0,0
22.100000000000087,990,0,0,0,0,0,0,0,0,0,0
22.150000000000087,978,0,0,0,0,0,0,0,0,0,0
22.200000000000088,1030,0,0,0,0,0,0,0,0,0,0
22.25000000000009,1006,0,0,0,0,0,0,0,0,0,0
22.30000000000009,966,0,0,0,0,0,0,0,0,0,0
22.35000000000009,1012,0,0,0,0,0,0,0,0,0,0
22.40000000000009,1024,0,0,0,0,0,0,0,0,0,0
22.45000000000009,993,0,0,0,0,0,0,0,0,0,0
22.500000000000092,955,0,0,0,0,0,0,0,0,0,0
22.550000000000093,1036,0,0,0,0,0,0,0,0,0,0
22.600000000000094,981,0,0,0,0,0,0,0,0,0,0
22.650000000000095,974,0,0,0,0,0,0,0,0,0,0
22.700000000000095,1048,0,0,0,0,0,0,0,0,0,0
22.750000000000096,949,0,0,0,0,0,0,0,0,0,0
22.800000000000097,1029,0,0,0,0,0,0,0,0,0,0
22.850000000000097,1022,0,0,0,0,0,0,0,0,0,0
22.900000000000098,1027,0,0,0,0,0,0,0,0,0,0
22.9500000000001,1012,0,0,0,0,0,0,0,0,0,0
23.0000000000001,999,0,0,0,0,0,0,0,0,0,0
23.0500000000001,971,0,0,0,0,0,0,0,0,0,0
23.1000000000001,1030,0,0,0,0,0,0,0,0,0,0
23.1500000000001,1029,0,0,0,0,0,0,0,0,0,0
23.200000000000102,1026,0,0,0,0,0,0,0,0,0,0
23.250000000000103,983,0,0,0,0,0,0,0,0,0,0
23.300000000000104,996,0,0,0,0,0,0,0,0,0,0
23.350000000000104,974,0,0,0,0,0,0,0,0,0,0
23.400000000000105,974,0,0,0,0,0,0,0,0,0,0
23.450000000000106,995,0,0,0,0,0,0,0,0,0,0
23.500000000000107,1019,0,0,0,0,0,0,0,0,0,0
23.550000000000107,1063,0,0,0,0,0,0,0,0,0,0
23.600000000000108,976,0,0,0,0,0,0,0,0,0,0
23.65000000000011,1008,0,0,0,0,0,0,0,0,0,0
23.70000000000011,1010,0,0,0,0,0,0,0,0,0,0
23.75000000000011,1023,0,0,0,0,0,0,0,0,0,0
23.80000000000011,979,0,0,0,0,0,0,0,0,0,0
23.85000000000011,975,0,0,0,0,0,0,0,0,0,0
23.900000000000112,989,0,0,0,0,0,0,0,0,0,0
23.950000000000113,976,0,0,0,0,0,0,0,0,0,0
24.000000000000114,1033,0,0,0,0,0,0,0,0,0,0
24.050000000000114,1027,0,0,0,0,0,0,0,0,0,0
24.100000000000115,1021,0,0,0,0,0,0,0,0,0,0
24.150000000000116,1043,0,0,0,0,0,0,0,0,0,0
24.200000000000117,1050,0,0,0,0,0,0,0,0,0,0
24.250000000000117,951,0,0,0,0,0,0,0,0,0,0
24.300000000000118,1011,0,0,0,0,0,0,0,0,0,0
24.35000000000012,1009,0,0,0,0,0,0,0,0,0,0
24.40000000000012,1012,0,0,0,0,0,0,0,0,0,0
24.45000000000012,954,0,0,0,0,0,0,0,0,0,0
24.50000000000012,948,0,0,0,0,0,0,0,0,0,0
24.55000000000012,1011,0,0,0,0,0,0,0,0,0,0
24.600000000000122,1046,0,0,0,0,0,0,0,0,0,0
24.650000000000123,967,0,0,0,0,0,0,0,0,0,0
24.700000000000124,1048,0,0,0,0,0,0,0,0,0,0
24.750000000000124,977,0,0,0,0,0,0,0,0,0,0
24.800000000000125,980,0,0,0,0,0,0,0,0,0,0
24.850000000000126,964,0,0,0,0,0,0,0,0,0,0
24.900000000000126,1020,0,0,0,0,0,0,0,0,0,0
24.950000000000127,1018,0,0,0,0,0,0,0,0,0,0
25.000000000000128,1062,0,0,0,0,0,0,0,0,0,0
25.05000000000013,995,0,0,0,0,0,0,0,0,0,0
25.10000000000013,980,0,0,0,0,0,0,0,0,0,0
25.15000000000013,999,0,0,0,0,0,0,0,0,0,0
25.20000000000013,1024,0,0,0,0,0,0,0,0,0,0
25.25000000000013,956,0,0,0,0,0,0,0,0,0,0
25.300000000000132,1005,0,0,0,0,0,0,0,0,0,0
25.350000000000133,1000,0,0,0,0,0,0,0,0,0,0
25.400000000000134,1040,0,0,0,0,0,0,0,0,0,0
25.450000000000134,964,0,0,0,0,0,0,0,0,0,0
25.500000000000135,978,0,0,0,0,0,0,0,0,0,0
25.550000000000136,1005,0,0,0,0,0,0,0,0,0,0
25.600000000000136,1028,0,0,0,0,0,0,0,0,0,0
25.650000000000137,1020,0,0,0,0,0,0,0,0,0,0
25.700000000000138,1024,0,0,0,0,0,0,0,0,0,0
25.75000000000014,1028,0,0,0,0,0,0,0,0,0,0
25.80000000000014,1014,0,0,0,0,0,0,0,0,0,0
25.85000000000014,1032,0,0,0,0,0,0,0,0,0,0
25.90000000000014,981,0,0,0,0,0,0,0,0,0,0
25.95000000000014,965,0,0,0,0,0,0,0,0,0,0
26.000000000000142,999,0,0,0,0,0,0,0,0,0,0
26.050000000000143,988,0,0,0,0,0,0,0,0,0,0
26.100000000000144,990,0,0,0,0,0,0,0,0,0,0
26.150000000000144,961,0,0,0,0,0,0,0,0,0,0
26.200000000000145,974,0,0,0,0,0,0,0,0,0,0
26.250000000000146,1022,0,0,0,0,0,0,0,0,0,0
26.300000000000146,1017,0,0,0,0,0,0,0,0,0,0
26.350000000000147,1080,0,0,0,0,0,0,0,0,0,0
26.400000000000148,1012,0,0,0,0,0,0,0,0,0,0
26.45000000000015,1002,0,0,0,0,0,0,0,0,0,0
26.50000000000015,1032,0,0,0,0,0,0,0,0,0,0
26.55000000000015,1000,0,0,0,0,0,0,0,0,0,0
26.60000000000015,1022,0,0,0,0,0,0,0,0,0,0
26.65000000000015,1006,0,0,0,0,0,0,0,0,0,0
26.700000000000152,967,0,0,0,0,0,0,0,0,0,0
26.750000000000153,961,0,0,0,0,0,0,0,0,0,0
26.800000000000153,1001,0,0,0,0,0,0,0,0,0,0
26.850000000000154,1050,0,0,0,0,0,0,0,0,0,0
26.900000000000155,1000,0,0,0,0,0,0,0,0,0,0
26.950000000000156,908,0,0,0,0,0,0,0,0,0,0
27.000000000000156,994,0,0,0,0,0,0,0,0,0,0
27.050000000000157,943,0,0,0,0,0,0,0,0,0,0
27.100000000000158,1053,0,0,0,0,0,0,0,0,0,0
27.15000000000016,991,0,0,0,0,0,0,0,0,0,0
27.20000000000016,1024,0,0,0,0,0,0,0,0,0,0
27.25000000000016,1076,0,0,0,0,0,0,0,0,0,0
27.30000000000016,1015,0,0,0,0,0,0,0,0,0,0
27.35000000000016,1009,0,0,0,0,0,0,0,0,0,0
27.400000000000162,1029,0,0,0,0,0,0,0,0,0,0
27.450000000000163,982,0,0,0,0,0,0,0,0,0,0
27.500000000000163,983,0,0,0,0,0,0,0,0,0,0
27.550000000000164,1023,0,0,0,0,0,0,0,0,0,0
27.600000000000165,991,0,0,0,0,0,0,0,0,0,0
27.650000000000166,943,0,0,0,0,0,0,0,0,0,0
27.700000000000166,995,0,0,0,0,0,0,0,0,0,0
27.750000000000167,1029,0,0,0,0,0,0,0,0,0,0
27.800000000000168,990,0,0,0,0,0,0,0,0,0,0
27.85000000000017,1035,0,0,0,0,0,0,0,0,0,0
27.90000000000017,986,0,0,0,0,0,0,0,0,0,0
27.95000000000017,1005,0,0,0,0,0,0,0,0,0,0
28.00000000000017,972,0,0,0,0,0,0,0,0,0,0
28.05000000000017,1002,0,0,0,0,0,0,0,0,0,0
28.100000000000172,1028,0,0,0,0,0,0,0,0,0,0
28.150000000000173,981,0,0,0,0,0,0,0,0,0,0
28.200000000000173,1021,0,0,0,0,0,0,0,0,0,0
28.250000000000174,1079,0,0,0,0,0,0,0,0,0,0
28.300000000000175,988,0,0,0,0,0,0,0,0,0,0
28.350000000000176,1000,0,0,0,0,0,0,0,0,0,0
28.400000000000176,1028,0,0,0,0,0,0,0,0,0,0
28.450000000000177,999,0,0,0,0,0,0,0,0,0,0
28.500000000000178,1012,0,0,0,0,0,0,0,0,0,0
28.55000000000018,1018,0,0,0,0,0,0,0,0,0,0
28.60000000000018,960,0,0,0,0,0,0,0,0,0,0
28.65000000000018,1013,0,0,0,0,0,0,0,0,0,0
28.70000000000018,974,0,0,0,0,0,0,0,0,0,0
28.75000000000018,1044,0,0,0,0,0,0,0,0,0,0
28.800000000000182,1008,0,0,0,0,0,0,0,0,0,0
28.850000000000183,956,0,0,0,0,0,0,0,0,0,0
28.900000000000183,1022,0,0,0,0,0,0,0,0,0,0
28.950000000000184,1040,0,0,0,0,0,0,0,0,0,0
29.000000000000185,968,0,0,0,0,0,0,0,0,0,0
29.050000000000185,975,0,0,0,0,0,0,0,0,0,0
29.100000000000186,1001,0,0,0,0,0,0,0,0,0,0
29.150000000000187,1012,0,0,0,0,0,0,0,0,0,0
29.200000000000188,1000,0,0,0,0,0,0,0,0,0,0
29.25000000000019,997,0,0,0,0,0,0,0,0,0,0
29.30000000000019,1042,0,0,0,0,0,0,0,0,0,0
29.35000000000019,1041,0,0,0,0,0,0,0,0,0,0
29.40000000000019,1047,0,0,0,0,0,0,0,0,0,0
29.45000000000019,1019,0,0,0,0,0,0,0,0,0,0
29.500000000000192,971,0,0,0,0,0,0,0,0,0,0
29.550000000000193,1021,0,0,0,0,0,0,0,0,0,0
29.600000000000193,1035,0,0,0,0,0,0,0,0,0,0
29.650000000000194,970,0,0,0,0,0,0,0,0,0,0
29.700000000000195,966,0,0,0,0,0,0,0,0,0,0
29.750000000000195,974,0,0,0,0,0,0,0,0,0,0
29.800000000000196,997,0,0,0,0,0,0,0,0,0,0
29.850000000000197,980,0,0,0,0,0,0,0,0,0,0
29.900000000000198,992,0,0,0,0,0,0,0,0,0,0
29.9500000000002,1026,0,0,0,0,0,0,0,0,0,0
30.0000000000002,1017,0,0,0,0,0,0,0,0,0,0
30.0500000000002,1035,0,0,0,0,0,0,0,0,0,0
30.1000000000002,1046,0,0,0,0,0,0,0,0,0,0
30.1500000000002,944,0,0,0,0,0,0,0,0,0,0
30.200000000000202,1013,0,0,0,0,0,0,0,0,0,0
30.250000000000203,1049,0,0,0,0,0,0,0,0,0,0
30.300000000000203,1034,0,0,0,0,0,0,0,0,0,0
30.350000000000204,959,0,0,0,0,0,0,0,0,0,0
30.400000000000205,983,0,0,0,0,0,0,0,0,0,0
30.450000000000205,1002,0,0,0,0,0,0,0,0,0,0
30.500000000000206,1084,0,0,0,0,0,0,0,0,0,0
30.550000000000207,983,0,0,0,0,0,0,0,0,0,0
30.600000000000207,925,0,0,0,0,0,0,0,0,0,0
30.650000000000208,989,0,0,0,0,0,0,0,0,0,0
30.70000000000021,997,0,0,0,0,0,0,0,0,0,0
30.75000000000021,1032,0,0,0,0,0,0,0,0,0,0
30.80000000000021,1020,0,0,0,0,0,0,0,0,0,0
30.85000000000021,997,0,0,0,0,0,0,0,0,0,0
30.90000000000021,1057,0,0,0,0,0,0,0,0,0,0
30.950000000000212,1018,0,0,0,0,0,0,0,0,0,0
31.000000000000213,1026,0,0,0,0,0,0,0,0,0,0
31.050000000000214,957,0,0,0,0,0,0,0,0,0,0
31.100000000000215,1008,0,0,0,0,0,0,0,0,0,0
31.150000000000215,1028,0,0,0,0,0,0,0,0,0,0
31.200000000000216,964,0,0,0,0,0,0,0,0,0,0
31.250000000000217,991,0,0,0,0,0,0,0,0,0,0
31.300000000000217,1004,0,0,0,0,0,0,0,0,0,0
31.350000000000218,966,0,0,0,0,0,0,0,0,0,0
31.40000000000022,1026,0,0,0,0,0,0,0,0,0,0
31.45000000000022,1003,0,0,0,0,0,0,0,0,0,0
31.50000000000022,1008,0,0,0,0,0,0,0,0,0,0
31.55000000000022,1027,0,0,0,0,0,0,0,0,0,0
31.60000000000022,965,0,0,0,0,0,0,0,0,0,0
31.650000000000222,1064,0,0,0,0,0,0,0,0,0,0
31.700000000000223,1025,0,0,0,0,0,0,0,0,0,0
31.750000000000224,1043,0,0,0,0,0,0,0,0,0,0
31.800000000000225,994,0,0,0,0,0,0,0,0,0,0
31.850000000000225,990,0,0,0,0,0,0,0,0,0,0
31.900000000000226,994,0,0,0,0,0,0,0,0,0,0
31.950000000000227,965,0,0,0,0,0,0,0,0,0,0
32.00000000000023,964,0,0,0,0,0,0,0,0,0,0
32.050000000000225,1003,0,0,0,0,0,0,0,0,0,0
32.10000000000022,1001,0,0,0,0,0,0,0,0,0,0
32.15000000000022,1000,0,0,0,0,0,0,0,0,0,0
32.200000000000216,973,0,0,0,0,0,0,0,0,0,0
32.25000000000021,999,0,0,0,0,0,0,0,0,0,0
32.30000000000021,1017,0,0,0,0,0,0,0,0,0,0
32.35000000000021,1043,0,0,0,0,0,0,0,0,0,0
32.400000000000205,1045,0,0,0,0,0,0,0,0,0,0
32.4500000000002,994,0,0,0,0,0,0,0,0,0,0
32.5000000000002,1051,0,0,0,0,0,0,0,0,0,0
32.550000000000196,990,0,0,0,0,0,0,0,0,0,0
32.60000000000019,937,0,0,0,0,0,0,0,0,0,0
32.65000000000019,820,0,0,0,0,0,0,0,0,0,0
32.70000000000019,703,0,0,0,0,0,0,0,0,0,0
32.750000000000185,583,0,0,0,0,0,0,0,0,0,0
32.80000000000018,412,0,0,0,0,0,0,0,0,0,0
32.85000000000018,307,0,0,0,0,0,0,0,0,0,0
32.900000000000176,178,0,0,0,0,0,0,0,0,0,0
32.95000000000017,53,0,0,0,0,0,0,0,0,0,0
33.00000000000017,0,0,0,0,0,0,0,0,0,0,0
33.05000000000017,0,0,0,0,0,0,0,0,0,0,0
33.100000000000165,0,0,0,0,0,0,0,0,0,0,0
33.15000000000016,0,0,0,0,0,0,0,0,0,0,0
33.20000000000016,0,0,0,0,0,0,0,0,0,0,0
33.250000000000156,0,0,0,0,0,0,0,0,0,0,0
33.30000000000015,0,0,0,0,0,0,0,0,0,0,0
33.35000000000015,0,0,0,0,0,0,0,0,0,0,0
33.40000000000015,0,0,0,0,0,0,0,0,0,0,0
33.450000000000145,0,0,0,0,0,0,0,0,0,0,0
33.50000000000014,0,0,0,0,0,0,0,0,0,0,0
33.55000000000014,0,0,0,0,0,0,0,0,0,0,0
33.600000000000136,0,0,0,0,0,0,0,0,0,0,0
33.650000000000134,0,0,0,0,0,0,0,0,0,0,0
33.70000000000013,0,0,0,0,0,0,0,0,0,0,0
33.75000000000013,0,0,0,0,0,0,0,0,0,0,0
33.800000000000125,0,0,0,0,0,0,0,0,0,0,0
33.85000000000012,0,0,0,0,0,0,0,0,0,0,0
33.90000000000012,0,0,0,0,0,0,0,0,0,0,0
33.95000000000012,0,0,0,0,0,0,0,0,0,0,0
34.000000000000114,0,0,0,0,0,0,0,0,0,0,0
34.05000000000011,0,0,0,0,0,0,0,0,0,0,0
34.10000000000011,0,0,0,0,0,0,0,0,0,0,0
34.150000000000105,0,0,0,0,0,0,0,0,0,0,0
34.2000000000001,0,0,0,0,0,0,0,0,0,0,0
34.2500000000001,0,0,0,0,0,0,0,0,0,0,0
34.3000000000001,0,0,0,0,0,0,0,0,0,0,0
34.350000000000094,0,0,0,0,0,0,0,0,0,0,0
34.40000000000009,0,0,0,0,0,0,0,0,0,0,0
34.45000000000009,0,0,0,0,0,0,0,0,0,0,0
34.500000000000085,0,0,0,0,0,0,0,0,0,0,0
34.55000000000008,0,0,0,0,0,0,0,0,0,0,0
34.60000000000008,0,0,0,0,0,0,0,0,0,0,0
34.65000000000008,0,0,0,0,0,0,0,0,0,0,0
34.700000000000074,0,0,0,0,0,0,0,0,0,0,0
34.75000000000007,0,0,0,0,0,0,0,0,0,0,0
34.80000000000007,0,0,0,0,0,0,0,0,0,0,0
34.850000000000065,0,0,0,0,0,0,0,0,0,0,0
34.90000000000006,0,0,0,0,0,0,0,0,0,0,0
34.95000000000006,0,0,0,0,0,0,0,0,0,0,0
35.00000000000006,0,0,0,0,0,0,0,0,0,0,0
35.050000000000054,0,0,0,0,0,0,0,0,0,0,0
35.10000000000005,0,0,0,0,0,0,0,0,0,0,0
35.15000000000005,0,0,0,0,0,0,0,0,0,0,0
35.200000000000045,0,0,0,0,0,0,0,0,0,0,0
35.25000000000004,0,0,0,0,0,0,0,0,0,0,0
35.30000000000004,0,0,0,0,0,0,0,0,0,0,0
35.35000000000004,0,0,0,0,0,0,0,0,0,0,0
35.400000000000034,0,0,0,0,0,0,0,0,0,0,0
35.45000000000003,0,0,0,0,0,0,0,0,0,0,0
35.50000000000003,0,0,0,0,0,0,0,0,0,0,0
35.550000000000026,0,0,0,0,0,0,0,0,0,0,0
35.60000000000002,0,0,0,0,0,0,0,0,0,0,0
35.65000000000002,0,0,0,0,0,0,0,0,0,0,0
35.70000000000002,0,0,0,0,0,0,0,0,0,0,0
35.750000000000014,0,0,0,0,0,0,0,0,0,0,0
35.80000000000001,0,0,0,0,0,0,0,0,0,0,0
35.85000000000001,0,0,0,0,0,0,0,0,0,0,0
35.900000000000006,0,0,0,0,0,0,0,0,0,0,0
35.95,0,0,0,0,0,0,0,0,0,0,0
36.0,0,0,0,0,0,0,0,0,0,0,0
36.05,0,0,0,0,0,0,0,0,0,0,0
36.099999999999994,0,0,0,0,0,0,0,0,0,0,0
36.14999999999999,0,0,0,0,0,0,0,0,0,0,0
36.19999999999999,0,0,0,0,0,0,0,0,0,0,0
36.249999999999986,0,0,0,0,0,0,0,0,0,0,0
36.29999999999998,0,0,0,0,0,0,0,0,0,0,0
36.34999999999998,0,0,0,0,0,0,0,0,0,0,0
36.39999999999998,0,0,0,0,0,0,0,0,0,0,0
36.449999999999974,0,0,0,0,0,0,0,0,0,0,0
36.49999999999997,0,0,0,0,0,0,0,0,0,0,0
36.54999999999997,0,0,0,0,0,0,0,0,0,0,0
36.599999999999966,0,0,0,0,0,0,0,0,0,0,0
36.64999999999996,0,0,0,0,0,0,0,0,0,0,0
36.69999999999996,0,0,0,0,0,0,0,0,0,0,0
36.74999999999996,0,0,0,0,0,0,0,0,0,0,0
36.799999999999955,0,0,0,0,0,0,0,0,0,0,0
36.84999999999995,0,0,0,0,0,0,0,0,0,0,0
36.89999999999995,0,0,0,0,0,0,0,0,0,0,0
36.949999999999946,0,0,0,0,0,0,0,0,0,0,0
36.99999999999994,0,0,0,0,0,0,0,0,0,0,0
37.04999999999994,0,0,0,0,0,0,0,0,0,0,0
37.09999999999994,0,0,0,0,0,0,0,0,0,0,0
37.149999999999935,0,0,0,0,0,0,0,0,0,0,0
37.19999999999993,0,0,0,0,0,0,0,0,0,0,0
37.24999999999993,0,0,0,0,0,0,0,0,0,0,0
37.299999999999926,0,0,0,0,0,0,0,0,0,0,0
37.34999999999992,0,0,0,0,0,0,0,0,0,0,0
37.39999999999992,0,0,0,0,0,0,0,0,0,0,0
37.44999999999992,0,0,0,0,0,0,0,0,0,0,0
37.499999999999915,0,0,0,0,0,0,0,0,0,0,0
37.54999999999991,0,0,0,0,0,0,0,0,0,0,0
37.59999999999991,0,0,0,0,0,0,0,0,0,0,0
37.649999999999906,0,0,0,0,0,0,0,0,0,0,0
37.6999999999999,0,0,0,0,0,0,0,0,0,0,0
37.7499999999999,0,0,0,0,0,0,0,0,0,0,0
37.7999999999999,0,0,0,0,0,0,0,0,0,0,0
37.849999999999895,0,0,0,0,0,0,0,0,0,0,0
37.89999999999989,0,0,0,0,0,0,0,0,0,0,0
37.94999999999989,0,0,0,0,0,0,0,0,0,0,0
37.999999999999886,0,0,0,0,0,0,0,0,0,0,0
38.04999999999988,0,0,0,0,0,0,0,0,0,0,0
38.09999999999988,0,0,0,0,0,0,0,0,0,0,0
38.14999999999988,0,0,0,0,0,0,0,0,0,0,0
38.199999999999875,0,0,0,0,0,0,0,0,0,0,0
38.24999999999987,0,0,0,0,0,0,0,0,0,0,0
38.29999999999987,0,0,0,0,0,0,0,0,0,0,0
38.349999999999866,0,0,0,0,0,0,0,0,0,0,0
38.399999999999864,0,0,0,0,0,0,0,0,0,0,0
38.44999999999986,0,0,0,0,0,0,0,0,0,0,0
38.49999999999986,0,0,0,0,0,0,0,0,0,0,0
38.549999999999855,0,0,0,0,0,0,0,0,0,0,0
38.59999999999985,0,0,0,0,0,0,0,0,0,0,0
38.64999999999985,0,0,0,0,0,0,0,0,0,0,0
38.69999999999985,0,0,0,0,0,0,0,0,0,0,0
38.749999999999844,0,0,0,0,0,0,0,0,0,0,0
38.79999999999984,0,0,0,0,0,0,0,0,0,0,0
38.84999999999984,0,0,0,0,0,0,0,0,0,0,0
38.899999999999835,0,0,0,0,0,0,0,0,0,0,0
38.94999999999983,0,0,0,0,0,0,0,0,0,0,0
38.99999999999983,0,0,0,0,0,0,0,0,0,0,0
39.04999999999983,0,0,0,0,0,0,0,0,0,0,0
39.099999999999824,0,0,0,0,0,0,0,0,0,0,0
39.14999999999982,0,0,0,0,0,0,0,0,0,0,0
39.19999999999982,0,0,0,0,0,0,0,0,0,0,0
39.249999999999815,0,0,0,0,0,0,0,0,0,0,0
39.29999999999981,0,0,0,0,0,0,0,0,0,0,0
39.34999999999981,0,0,0,0,0,0,0,0,0,0,0
39.39999999999981,0,0,0,0,0,0,0,0,0,0,0
39.449999999999804,0,0,0,0,0,0,0,0,0,0,0
39.4999999999998,0,0,0,0,0,0,0,0,0,0,0
39.5499999999998,0,0,0,0,0,0,0,0,0,0,0
39.599999999999795,0,0,0,0,0,0,0,0,0,0,0
39.64999999999979,0,0,0,0,0,0,0,0,0,0,0
39.69999999999979,0,0,0,0,0,0,0,0,0,0,0
39.74999999999979,0,0,0,0,0,0,0,0,0,0,0
39.799999999999784,0,0,0,0,0,0,0,0,0,0,0
39.84999999999978,0,0,0,0,0,0,0,0,0,0,0
39.89999999999978,0,0,0,0,0,0,0,0,0,0,0
39.949999999999775,0,0,0,0,0,0,0,0,0,0,0
39.99999999999977,0,0,0,0,0,0,0,0,0,0,0
40.04999999999977,0,0,0,0,0,0,0,0,0,0,0
40.09999999999977,0,0,0,0,0,0,0,0,0,0,0
40.149999999999764,0,0,0,0,0,0,0,0,0,0,0
40.19999999999976,0,0,0,0,0,0,0,0,0,0,0
40.24999999999976,0,0,0,0,0,0,0,0,0,0,0
40.299999999999756,0,0,0,0,0,0,0,0,0,0,0
40.34999999999975,0,0,0,0,0,0,0,0,0,0,0
40.39999999999975,0,0,0,0,0,0,0,0,0,0,0
40.44999999999975,0,0,0,0,0,0,0,0,0,0,0
40.499999999999744,0,0,0,0,0,0,0,0,0,0,0
40.54999999999974,0,0,0,0,0,0,0,0,0,0,0
40.59999999999974,0,0,0,0,0,0,0,0,0,0,0
40.649999999999736,0,0,0,0,0,0,0,0,0,0,0
40.69999999999973,0,0,0,0,0,0,0,0,0,0,0
40.74999999999973,0,0,0,0,0,0,0,0,0,0,0
40.79999999999973,0,0,0,0,0,0,0,0,0,0,0
40.849999999999724,0,0,0,0,0,0,0,0,0,0,0
40.89999999999972,0,0,0,0,0,0,0,0,0,0,0
40.94999999999972,0,0,0,0,0,0,0,0,0,0,0
40.999999999999716,0,0,0,0,0,0,0,0,0,0,0
41.04999999999971,0,0,0,0,0,0,0,0,0,0,0
41.09999999999971,0,0,0,0,0,0,0,0,0,0,0
41.14999999999971,0,0,0,0,0,0,0,0,0,0,0
41.199999999999704,0,0,0,0,0,0,0,0,0,0,0
41.2499999999997,0,0,0,0,0,0,0,0,0,0,0
41.2999999999997,0,0,0,0,0,0,0,0,0,0,0
41.349999999999696,0,0,0,0,0,0,0,0,0,0,0
41.39999999999969,0,0,0,0,0,0,0,0,0,0,0
41.44999999999969,0,0,0,0,0,0,0,0,0,0,0
41.49999999999969,0,0,0,0,0,0,0,0,0,0,0
41.549999999999685,0,0,0,0,0,0,0,0,0,0,0
*****
16,0.05,1000,0,1,10,100,0.39276599448899996,0.0853672733114
16,1000,1000,1000,978,1000,0,0,0,0,0,0
16.05,974,974,974,945,974,0,0,0,0,0,0
16.1,1019,1019,1019,988,1019,0,0,0,0,0,0
16.150000000000002,973,973,973,935,973,0,0,0,0,0,0
16.200000000000003,1000,1000,1000,970,1000,0,0,0,0,0,0
16.250000000000004,950,950,950,922,950,0,0,0,0,0,0
16.300000000000004,977,977,977,944,977,0,0,0,0,0,0
16.350000000000005,991,991,991,958,991,0,0,0,0,0,0
16.400000000000006,944,943,940,916,944,0,0,0,0,0,0
16.450000000000006,943,943,938,916,943,0,0,0,0,0,0
16.500000000000007,964,962,959,938,963,0,0,0,0,0,0
16.550000000000008,940,939,934,919,939,0,0,0,0,0,0
16.60000000000001,976,975,974,939,976,0,0,0,0,0,0
16.65000000000001,875,868,868,835,870,0,0,0,0,0,0
16.70000000000001,996,991,985,955,994,0,0,0,0,0,0
16.75000000000001,984,969,964,937,974,0,0,0,0,0,0
16.80000000000001,999,986,976,935,995,0,0,0,0,0,0
16.850000000000012,989,974,968,941,984,0,0,0,0,0,0
16.900000000000013,961,947,936,908,952,0,0,0,0,0,0
16.950000000000014,942,913,903,851,929,0,0,0,0,0,0
17.000000000000014,977,951,944,894,967,0,0,0,0,0,0
17.050000000000015,946,925,921,879,936,0,0,0,0,0,0
17.100000000000016,1010,966,952,919,984,0,0,0,0,0,0
17.150000000000016,950,884,879,844,925,0,0,0,0,0,0
17.200000000000017,967,896,883,844,929,0,0,0,0,0,0
17.250000000000018,947,886,871,827,911,0,0,0,0,0,0
17.30000000000002,957,896,876,807,927,0,0,0,0,0,0
17.35000000000002,1028,909,894,852,960,0,0,0,0,0,0
17.40000000000002,982,873,844,815,917,0,0,0,0,0,0
17.45000000000002,941,801,797,770,861,0,0,0,0,0,0
17.50000000000002,964,802,796,761,868,0,0,0,0,0,0
17.550000000000022,981,836,805,794,880,0,0,0,0,0,0
17.600000000000023,908,731,716,715,796,0,0,0,0,0,0
17.650000000000023,925,721,693,702,784,0,0,0,0,0,0
17.700000000000024,980,773,733,740,833,0,0,0,0,0,0
17.750000000000025,974,716,691,681,784,0,0,0,0,0,0
17.800000000000026,959,672,672,676,767,0,0,0,0,0,0
17.850000000000026,1004,693,664,704,769,0,0,0,0,0,0
17.900000000000027,997,699,648,702,763,0,0,0,0,0,0
17.950000000000028,943,599,566,626,683,0,0,0,0,0,0
18.00000000000003,1038,649,637,686,739,0,0,0,0,0,0
18.05000000000003,963,550,518,614,632,0,0,0,0,0,0
18.10000000000003,1036,580,562,624,676,0,0,0,0,0,0
18.15000000000003,954,498,471,547,578,0,0,0,0,0,0
18.20000000000003,899,461,463,515,544,0,0,0,0,0,0
18.250000000000032,954,459,436,549,553,0,0,0,0,0,0
18.300000000000033,933,407,396,487,488,0,0,0,0,0,0
18.350000000000033,949,401,383,461,482,0,0,0,0,0,0
18.400000000000034,944,381,345,421,463,0,0,0,0,0,0
18.450000000000035,925,350,315,423,418,0,0,0,0,0,0
18.500000000000036,980,341,315,435,419,0,0,0,0,0,0
18.550000000000036,974,292,273,381,361,0,0,0,0,0,0
18.600000000000037,1016,305,280,393,384,0,0,0,0,0,0
18.650000000000038,928,245,248,326,322,0,0,0,0,0,0
18.70000000000004,972,256,239,346,319,0,0,0,0,0,0
18.75000000000004,944,204,191,291,282,0,0,0,0,0,0
18.80000000000004,945,196,182,272,254,0,0,0,0,0,0
18.85000000000004,970,181,172,251,240,0,0,0,0,0,0
18.90000000000004,951,170,169,253,231,0,0,0,0,0,0
18.950000000000042,967,161,140,251,216,0,0,0,0,0,0
19.000000000000043,974,138,129,225,193,0,0,0,0,0,0
19.050000000000043,967,140,135,220,181,0,0,0,0,0,0
19.100000000000044,946,109,96,189,156,0,0,0,0,0,0
19.150000000000045,997,90,95,170,127,0,0,0,0,0,0
19.200000000000045,948,95,90,167,133,0,0,0,0,0,0
19.250000000000046,934,71,65,139,106,0,0,0,0,0,0
19.300000000000047,965,66,65,130,93,0,0,0,0,0,0
19.350000000000048,999,63,59,116,90,0,0,0,0,0,0
19.40000000000005,992,53,51,110,78,0,0,0,0,0,0
19.45000000000005,912,51,49,101,73,0,0,0,0,0,0
19.50000000000005,976,55,46,88,72,0,0,0,0,0,0
19.55000000000005,951,42,36,92,59,0,0,0,0,0,0
19.60000000000005,908,35,36,77,50,0,0,0,0,0,0
19.650000000000052,945,31,21,60,43,0,0,0,0,0,0
19.700000000000053,945,23,23,53,35,0,0,0,0,0,0
19.750000000000053,1024,28,23,56,37,0,0,0,0,0,0
19.800000000000054,966,22,23,52,31,0,0,0,0,0,0
19.850000000000055,992,15,12,45,24,0,0,0,0,0,0
19.900000000000055,927,13,13,30,22,0,0,0,0,0,0
19.950000000000056,993,20,19,45,31,0,0,0,0,0,0
20.000000000000057,942,10,12,27,16,0,0,0,0,0,0
20.050000000000058,1002,10,5,28,15,0,0,0,0,0,0
20.10000000000006,944,14,15,27,18,0,0,0,0,0,0
20.15000000000006,992,6,6,17,12,0,0,0,0,0,0
20.20000000000006,957,5,4,14,8,0,0,0,0,0,0
20.25000000000006,966,2,1,7,3,0,0,0,0,0,0
20.30000000000006,961,7,5,14,8,0,0,0,0,0,0
20.350000000000062,952,5,4,10,6,0,0,0,0,0,0
20.400000000000063,989,2,2,10,2,0,0,0,0,0,0
20.450000000000063,971,1,0,4,2,0,0,0,0,0,0
20.500000000000064,941,2,0,7,6,0,0,0,0,0,0
20.550000000000065,941,3,1,4,4,0,0,0,0,0,0
20.600000000000065,957,7,5,9,7,0,0,0,0,0,0
20.650000000000066,946,1,1,3,1,0,0,0,0,0,0
20.700000000000067,941,2,1,7,4,0,0,0,0,0,0
20.750000000000068,1035,1,1,5,2,0,0,0,0,0,0
20.800000000000068,940,1,1,4,1,0,0,0,0,0,0
20.85000000000007,938,0,0,0,0,0,0,0,0,0,0
20.90000000000007,991,4,4,5,4,0,0,0,0,0,0
20.95000000000007,976,1,1,1,1,0,0,0,0,0,0
21.00000000000007,1004,0,0,0,0,0,0,0,0,0,0
21.05000000000007,1010,0,0,2,1,0,0,0,0,0,0
21.100000000000072,932,0,1,1,1,0,0,0,0,0,0
21.150000000000073,931,1,1,1,1,0,0,0,0,0,0
21.200000000000074,987,0,0,0,0,0,0,0,0,0,0
21.250000000000075,990,0,0,0,0,0,0,0,0,0,0
21.300000000000075,980,0,0,1,0,0,0,0,0,0,0
21.350000000000076,957,0,0,0,0,0,0,0,0,0,0
21.400000000000077,934,0,0,0,0,0,0,0,0,0,0
21.450000000000077,958,0,0,0,0,0,0,0,0,0,0
21.500000000000078,1001,0,0,0,0,0,0,0,0,0,0
21.55000000000008,1016,0,0,0,0,0,0,0,0,0,0
21.60000000000008,921,0,0,0,0,0,0,0,0,0,0
21.65000000000008,1003,0,0,0,0,0,0,0,0,0,0
21.70000000000008,937,2,2,2,2,0,0,0,0,0,0
21.75000000000008,986,0,0,0,0,0,0,0,0,0,0
21.800000000000082,945,0,0,0,0,0,0,0,0,0,0
21.850000000000083,946,0,0,0,0,0,0,0,0,0,0
21.900000000000084,1022,0,0,0,0,0,0,0,0,0,0
21.950000000000085,955,0,0,0,0,0,0,0,0,0,0
22.000000000000085,985,0,0,0,0,0,0,0,0,0,0
22.050000000000086,977,0,0,0,0,0,0,0,0,0,0
22.100000000000087,942,0,0,0,0,0,0,0,0,0,0
22.150000000000087,1009,0,0,0,0,0,0,0,0,0,0
22.200000000000088,982,0,0,0,0,0,0,0,0,0,0
22.25000000000009,1013,0,0,0,0,0,0,0,0,0,0
22.30000000000009,935,0,0,0,0,0,0,0,0,0,0
22.35000000000009,994,0,0,0,0,0,0,0,0,0,0
22.40000000000009,954,0,0,0,0,0,0,0,0,0,0
22.45000000000009,940,0,0,0,0,0,0,0,0,0,0
22.500000000000092,959,0,0,0,0,0,0,0,0,0,0
22.550000000000093,949,0,0,0,0,0,0,0,0,0,0
22.600000000000094,974,0,0,0,0,0,0,0,0,0,0
22.650000000000095,946,0,0,0,0,0,0,0,0,0,0
22.700000000000095,936,0,0,0,0,0,0,0,0,0,0
22.750000000000096,953,0,0,0,0,0,0,0,0,0,0
22.800000000000097,992,0,0,0,0,0,0,0,0,0,0
22.850000000000097,974,0,0,0,0,0,0,0,0,0,0
22.900000000000098,1023,0,0,0,0,0,0,0,0,0,0
22.9500000000001,1019,0,0,0,0,0,0,0,0,0,0
23.0000000000001,925,0,0,0,0,0,0,0,0,0,0
23.0500000000001,960,0,0,0,0,0,0,0,0,0,0
23.1000000000001,942,0,0,0,0,0,0,0,0,0,0
23.1500000000001,930,0,0,0,0,0,0,0,0,0,0
23.200000000000102,978,0,0,0,0,0,0,0,0,0,0
23.250000000000103,929,0,0,0,0,0,0,0,0,0,0
23.300000000000104,981,0,0,0,0,0,0,0,0,0,0
23.350000000000104,986,0,0,0,0,0,0,0,0,0,0
23.400000000000105,992,0,0,0,0,0,0,0,0,0,0
23.450000000000106,938,0,0,0,0,0,0,0,0,0,0
23.500000000000107,981,0,0,0,0,0,0,0,0,0,0
23.550000000000107,943,0,0,0,0,0,0,0,0,0,0
23.600000000000108,953,0,0,0,0,0,0,0,0,0,0
23.65000000000011,938,0,0,0,0,0,0,0,0,0,0
23.70000000000011,956,0,0,0,0,0,0,0,0,0,0
23.75000000000011,963,0,0,0,0,0,0,0,0,0,0
23.80000000000011,990,0,0,0,0,0,0,0,0,0,0
23.85000000000011,997,0,0,0,0,0,0,0,0,0,0
23.900000000000112,952,0,0,0,0,0,0,0,0,0,0
23.950000000000113,919,0,0,0,0,0,0,0,0,0,0
24.000000000000114,914,0,0,0,0,0,0,0,0,0,0
24.050000000000114,959,0,0,0,0,0,0,0,0,0,0
24.100000000000115,1033,0,0,0,0,0,0,0,0,0,0
24.150000000000116,977,0,0,0,0,0,0,0,0,0,0
24.200000000000117,965,0,0,0,0,0,0,0,0,0,0
24.250000000000117,962,0,0,0,0,0,0,0,0,0,0
24.300000000000118,970,0,0,0,0,0,0,0,0,0,0
24.35000000000012,992,0,0,0,0,0,0,0,0,0,0
24.40000000000012,970,0,0,0,0,0,0,0,0,0,0
24.45000000000012,907,0,0,0,0,0,0,0,0,0,0
24.50000000000012,944,0,0,0,0,0,0,0,0,0,0
24.55000000000012,909,0,0,0,0,0,0,0,0,0,0
24.600000000000122,966,0,0,0,0,0,0,0,0,0,0
24.650000000000123,985,0,0,0,0,0,0,0,0,0,0
24.700000000000124,997,0,0,0,0,0,0,0,0,0,0
24.750000000000124,978,0,0,0,0,0,0,0,0,0,0
24.800000000000125,988,0,0,0,0,0,0,0,0,0,0
24.850000000000126,923,0,0,0,0,0,0,0,0,0,0
24.900000000000126,1019,0,0,0,0,0,0,0,0,0,0
24.950000000000127,1039,0,0,0,0,0,0,0,0,0,0
25.000000000000128,944,0,0,0,0,0,0,0,0,0,0
25.05000000000013,969,0,0,0,0,0,0,0,0,0,0
25.10000000000013,939,0,0,0,0,0,0,0,0,0,0
25.15000000000013,992,0,0,0,0,0,0,0,0,0,0
25.20000000000013,984,0,0,0,0,0,0,0,0,0,0
25.25000000000013,981,0,0,0,0,0,0,0,0,0,0
25.300000000000132,955,0,0,0,0,0,0,0,0,0,0
25.350000000000133,963,0,0,0,0,0,0,0,0,0,0
25.400000000000134,944,0,0,0,0,0,0,0,0,0,0
25.450000000000134,941,0,0,0,0,0,0,0,0,0,0
25.500000000000135,978,0,0,0,0,0,0,0,0,0,0
25.550000000000136,983,0,0,0,0,0,0,0,0,0,0
25.600000000000136,980,0,0,0,0,0,0,0,0,0,0
25.650000000000137,961,0,0,0,0,0,0,0,0,0,0
25.700000000000138,925,0,0,0,0,0,0,0,0,0,0
25.75000000000014,974,0,0,0,0,0,0,0,0,0,0
25.80000000000014,960,0,0,0,0,0,0,0,0,0,0
25.85000000000014,983,0,0,0,0,0,0,0,0,0,0
25.90000000000014,979,0,0,0,0,0,0,0,0,0,0
25.95000000000014,947,0,0,0,0,0,0,0,0,0,0
26.000000000000142,951,0,0,0,0,0,0,0,0,0,0
26.050000000000143,918,0,0,0,0,0,0,0,0,0,0
26.100000000000144,989,0,0,0,0,0,0,0,0,0,0
26.150000000000144,941,0,0,0,0,0,0,0,0,0,0
26.200000000000145,945,0,0,0,0,0,0,0,0,0,0
26.250000000000146,911,0,0,0,0,0,0,0,0,0,0
26.300000000000146,962,0,0,0,0,0,0,0,0,0,0
26.350000000000147,1029,0,0,0,0,0,0,0,0,0,0
26.400000000000148,980,0,0,0,0,0,0,0,0,0,0
26.45000000000015,955,0,0,0,0,0,0,0,0,0,0
26.50000000000015,929,0,0,0,0,0,0,0,0,0,0
26.55000000000015,959,0,0,0,0,0,0,0,0,0,0
26.60000000000015,971,0,0,0,0,0,0,0,0,0,0
26.65000000000015,1020,0,0,0,0,0,0,0,0,0,0
26.700000000000152,986,0,0,0,0,0,0,0,0,0,0
26.750000000000153,981,0,0,0,0,0,0,0,0,0,0
26.800000000000153,981,0,0,0,0,0,0,0,0,0,0
26.850000000000154,1010,0,0,0,0,0,0,0,0,0,0
26.900000000000155,999,0,0,0,0,0,0,0,0,0,0
26.950000000000156,906,0,0,0,0,0,0,0,0,0,0
27.000000000000156,984,0,0,0,0,0,0,0,0,0,0
27.050000000000157,912,0,0,0,0,0,0,0,0,0,0
27.100000000000158,1040,0,0,0,0,0,0,0,0,0,0
27.15000000000016,941,0,0,0,0,0,0,0,0,0,0
27.20000000000016,978,0,0,0,0,0,0,0,0,0,0
27.25000000000016,967,0,0,0,0,0,0,0,0,0,0
27.30000000000016,948,0,0,0,0,0,0,0,0,0,0
27.35000000000016,887,0,0,0,0,0,0,0,0,0,0
27.400000000000162,994,0,0,0,0,0,0,0,0,0,0
27.450000000000163,1030,0,0,0,0,0,0,0,0,0,0
27.500000000000163,973,0,0,0,0,0,0,0,0,0,0
27.550000000000164,974,0,0,0,0,0,0,0,0,0,0
27.600000000000165,920,0,0,0,0,0,0,0,0,0,0
27.650000000000166,957,0,0,0,0,0,0,0,0,0,0
27.700000000000166,950,0,0,0,0,0,0,0,0,0,0
27.750000000000167,1007,0,0,0,0,0,0,0,0,0,0
27.800000000000168,943,0,0,0,0,0,0,0,0,0,0
27.85000000000017,953,0,0,0,0,0,0,0,0,0,0
27.90000000000017,963,0,0,0,0,0,0,0,0,0,0
27.95000000000017,929,0,0,0,0,0,0,0,0,0,0
28.00000000000017,983,0,0,0,0,0,0,0,0,0,0
28.05000000000017,945,0,0,0,0,0,0,0,0,0,0
28.100000000000172,1002,0,0,0,0,0,0,0,0,0,0
28.150000000000173,969,0,0,0,0,0,0,0,0,0,0
28.200000000000173,954,0,0,0,0,0,0,0,0,0,0
28.250000000000174,995,0,0,0,0,0,0,0,0,0,0
28.300000000000175,920,0,0,0,0,0,0,0,0,0,0
28.350000000000176,954,0,0,0,0,0,0,0,0,0,0
28.400000000000176,1008,0,0,0,0,0,0,0,0,0,0
28.450000000000177,986,0,0,0,0,0,0,0,0,0,0
28.500000000000178,954,0,0,0,0,0,0,0,0,0,0
28.55000000000018,944,0,0,0,0,0,0,0,0,0,0
28.60000000000018,1008,0,0,0,0,0,0,0,0,0,0
28.65000000000018,964,0,0,0,0,0,0,0,0,0,0
28.70000000000018,957,0,0,0,0,0,0,0,0,0,0
28.75000000000018,957,0,0,0,0,0,0,0,0,0,0
28.800000000000182,911,0,0,0,0,0,0,0,0,0,0
28.850000000000183,964,0,0,0,0,0,0,0,0,0,0
28.900000000000183,983,0,0,0,0,0,0,0,0,0,0
28.950000000000184,978,0,0,0,0,0,0,0,0,0,0
29.000000000000185,963,0,0,0,0,0,0,0,0,0,0
29.050000000000185,919,0,0,0,0,0,0,0,0,0,0
29.100000000000186,915,0,0,0,0,0,0,0,0,0,0
29.150000000000187,1005,0,0,0,0,0,0,0,0,0,0
29.200000000000188,948,0,0,0,0,0,0,0,0,0,0
29.25000000000019,953,0,0,0,0,0,0,0,0,0,0
29.30000000000019,1000,0,0,0,0,0,0,0,0,0,0
29.35000000000019,994,0,0,0,0,0,0,0,0,0,0
29.40000000000019,970,0,0,0,0,0,0,0,0,0,0
29.45000000000019,930,0,0,0,0,0,0,0,0,0,0
29.500000000000192,950,0,0,0,0,0,0,0,0,0,0
29.550000000000193,1004,0,0,0,0,0,0,0,0,0,0
29.600000000000193,974,0,0,0,0,0,0,0,0,0,0
29.650000000000194,1004,0,0,0,0,0,0,0,0,0,0
29.700000000000195,962,0,0,0,0,0,0,0,0,0,0
29.750000000000195,970,0,0,0,0,0,0,0,0,0,0
29.800000000000196,903,0,0,0,0,0,0,0,0,0,0
29.850000000000197,954,0,0,0,0,0,0,0,0,0,0
29.900000000000198,968,0,0,0,0,0,0,0,0,0,0
29.9500000000002,949,0,0,0,0,0,0,0,0,0,0
30.0000000000002,973,0,0,0,0,0,0,0,0,0,0
30.0500000000002,973,0,0,0,0,0,0,0,0,0,0
30.1000000000002,941,0,0,0,0,0,0,0,0,0,0
30.1500000000002,983,0,0,0,0,0,0,0,0,0,0
30.200000000000202,1006,0,0,0,0,0,0,0,0,0,0
30.250000000000203,986,0,0,0,0,0,0,0,0,0,0
30.300000000000203,925,0,0,0,0,0,0,0,0,0,0
30.350000000000204,978,0,0,0,0,0,0,0,0,0,0
30.400000000000205,972,0,0,0,0,0,0,0,0,0,0
30.450000000000205,975,0,0,0,0,0,0,0,0,0,0
30.500000000000206,952,0,0,0,0,0,0,0,0,0,0
30.550000000000207,936,0,0,0,0,0,0,0,0,0,0
30.600000000000207,965,0,0,0,0,0,0,0,0,0,0
30.650000000000208,1022,0,0,0,0,0,0,0,0,0,0
30.70000000000021,932,0,0,0,0,0,0,0,0,0,0
30.75000000000021,976,0,0,0,0,0,0,0,0,0,0
30.80000000000021,986,0,0,0,0,0,0,0,0,0,0
30.85000000000021,974,0,0,0,0,0,0,0,0,0,0
30.90000000000021,989,0,0,0,0,0,0,0,0,0,0
30.950000000000212,938,0,0,0,0,0,0,0,0,0,0
31.000000000000213,971,0,0,0,0,0,0,0,0,0,0
31.050000000000214,1023,0,0,0,0,0,0,0,0,0,0
31.100000000000215,943,0,0,0,0,0,0,0,0,0,0
31.150000000000215,955,0,0,0,0,0,0,0,0,0,0
31.200000000000216,977,0,0,0,0,0,0,0,0,0,0
31.250000000000217,906,0,0,0,0,0,0,0,0,0,0
31.300000000000217,961,0,0,0,0,0,0,0,0,0,0
31.350000000000218,953,0,0,0,0,0,0,0,0,0,0
31.40000000000022,979,0,0,0,0,0,0,0,0,0,0
31.45000000000022,1006,0,0,0,0,0,0,0,0,0,0
31.50000000000022,1022,0,0,0,0,0,0,0,0,0,0
31.55000000000022,947,0,0,0,0,0,0,0,0,0,0
31.60000000000022,930,0,0,0,0,0,0,0,0,0,0
31.650000000000222,944,0,0,0,0,0,0,0,0,0,0
31.700000000000223,974,0,0,0,0,0,0,0,0,0,0
31.750000000000224,942,0,0,0,0,0,0,0,0,0,0
31.800000000000225,1037,0,0,0,0,0,0,0,0,0,0
31.850000000000225,960,0,0,0,0,0,0,0,0,0,0
31.900000000000226,964,0,0,0,0,0,0,0,0,0,0
31.950000000000227,1000,0,0,0,0,0,0,0,0,0,0
32.00000000000023,960,0,0,0,0,0,0,0,0,0,0
32.050000000000225,918,0,0,0,0,0,0,0,0,0,0
32.10000000000022,850,0,0,0,0,0,0,0,0,0,0
32.15000000000022,792,0,0,0,0,0,0,0,0,0,0
32.200000000000216,738,0,0,0,0,0,0,0,0,0,0
32.25000000000021,690,0,0,0,0,0,0,0,0,0,0
32.30000000000021,672,0,0,0,0,0,0,0,0,0,0
32.35000000000021,571,0,0,0,0,0,0,0,0,0,0
32.400000000000205,530,0,0,0,0,0,0,0,0,0,0
32.4500000000002,506,0,0,0,0,0,0,0,0,0,0
32.5000000000002,466,0,0,0,0,0,0,0,0,0,0
32.550000000000196,420,0,0,0,0,0,0,0,0,0,0
32.60000000000019,371,0,0,0,0,0,0,0,0,0,0
32.65000000000019,312,0,0,0,0,0,0,0,0,0,0
32.70000000000019,259,0,0,0,0,0,0,0,0,0,0
32.750000000000185,221,0,0,0,0,0,0,0,0,0,0
32.80000000000018,166,0,0,0,0,0,0,0,0,0,0
32.85000000000018,112,0,0,0,0,0,0,0,0,0,0
32.900000000000176,78,0,0,0,0,0,0,0,0,0,0
32.95000000000017,18,0,0,0,0,0,0,0,0,0,0
33.00000000000017,0,0,0,0,0,0,0,0,0,0,0
33.05000000000017,0,0,0,0,0,0,0,0,0,0,0
33.100000000000165,0,0,0,0,0,0,0,0,0,0,0
33.15000000000016,0,0,0,0,0,0,0,0,0,0,0
33.20000000000016,0,0,0,0,0,0,0,0,0,0,0
33.250000000000156,0,0,0,0,0,0,0,0,0,0,0
33.30000000000015,0,0,0,0,0,0,0,0,0,0,0
33.35000000000015,0,0,0,0,0,0,0,0,0,0,0
33.40000000000015,0,0,0,0,0,0,0,0,0,0,0
33.450000000000145,0,0,0,0,0,0,0,0,0,0,0
33.50000000000014,0,0,0,0,0,0,0,0,0,0,0
33.55000000000014,0,0,0,0,0,0,0,0,0,0,0
33.600000000000136,0,0,0,0,0,0,0,0,0,0,0
33.650000000000134,0,0,0,0,0,0,0,0,0,0,0
33.70000000000013,0,0,0,0,0,0,0,0,0,0,0
33.75000000000013,0,0,0,0,0,0,0,0,0,0,0
33.800000000000125,0,0,0,0,0,0,0,0,0,0,0
33.85000000000012,0,0,0,0,0,0,0,0,0,0,0
33.90000000000012,0,0,0,0,0,0,0,0,0,0,0
33.95000000000012,0,0,0,0,0,0,0,0,0,0,0
34.000000000000114,0,0,0,0,0,0,0,0,0,0,0
34.05000000000011,0,0,0,0,0,0,0,0,0,0,0
34.10000000000011,0,0,0,0,0,0,0,0,0,0,0
34.150000000000105,0,0,0,0,0,0,0,0,0,0,0
34.2000000000001,0,0,0,0,0,0,0,0,0,0,0
34.2500000000001,0,0,0,0,0,0,0,0,0,0,0
34.3000000000001,0,0,0,0,0,0,0,0,0,0,0
34.350000000000094,0,0,0,0,0,0,0,0,0,0,0
34.40000000000009,0,0,0,0,0,0,0,0,0,0,0
34.45000000000009,0,0,0,0,0,0,0,0,0,0,0
34.500000000000085,0,0,0,0,0,0,0,0,0,0,0
34.55000000000008,0,0,0,0,0,0,0,0,0,0,0
34.60000000000008,0,0,0,0,0,0,0,0,0,0,0
34.65000000000008,0,0,0,0,0,0,0,0,0,0,0
34.700000000000074,0,0,0,0,0,0,0,0,0,0,0
34.75000000000007,0,0,0,0,0,0,0,0,0,0,0
34.80000000000007,0,0,0,0,0,0,0,0,0,0,0
34.850000000000065,0,0,0,0,0,0,0,0,0,0,0
34.90000000000006,0,0,0,0,0,0,0,0,0,0,0
34.95000000000006,0,0,0,0,0,0,0,0,0,0,0
35.00000000000006,0,0,0,0,0,0,0,0,0,0,0
35.050000000000054,0,0,0,0,0,0,0,0,0,0,0
35.10000000000005,0,0,0,0,0,0,0,0,0,0,0
35.15000000000005,0,0,0,0,0,0,0,0,0,0,0
35.200000000000045,0,0,0,0,0,0,0,0,0,0,0
35.25000000000004,0,0,0,0,0,0,0,0,0,0,0
35.30000000000004,0,0,0,0,0,0,0,0,0,0,0
35.35000000000004,0,0,0,0,0,0,0,0,0,0,0
35.400000000000034,0,0,0,0,0,0,0,0,0,0,0
35.45000000000003,0,0,0,0,0,0,0,0,0,0,0
35.50000000000003,0,0,0,0,0,0,0,0,0,0,0
35.550000000000026,0,0,0,0,0,0,0,0,0,0,0
35.60000000000002,0,0,0,0,0,0,0,0,0,0,0
35.65000000000002,0,0,0,0,0,0,0,0,0,0,0
35.70000000000002,0,0,0,0,0,0,0,0,0,0,0
35.750000000000014,0,0,0,0,0,0,0,0,0,0,0
35.80000000000001,0,0,0,0,0,0,0,0,0,0,0
35.85000000000001,0,0,0,0,0,0,0,0,0,0,0
35.900000000000006,0,0,0,0,0,0,0,0,0,0,0
35.95,0,0,0,0,0,0,0,0,0,0,0
36.0,0,0,0,0,0,0,0,0,0,0,0
36.05,0,0,0,0,0,0,0,0,0,0,0
36.099999999999994,0,0,0,0,0,0,0,0,0,0,0
36.14999999999999,0,0,0,0,0,0,0,0,0,0,0
36.19999999999999,0,0,0,0,0,0,0,0,0,0,0
36.249999999999986,0,0,0,0,0,0,0,0,0,0,0
36.29999999999998,0,0,0,0,0,0,0,0,0,0,0
36.34999999999998,0,0,0,0,0,0,0,0,0,0,0
36.39999999999998,0,0,0,0,0,0,0,0,0,0,0
36.449999999999974,0,0,0,0,0,0,0,0,0,0,0
36.49999999999997,0,0,0,0,0,0,0,0,0,0,0
36.54999999999997,0,0,0,0,0,0,0,0,0,0,0
36.599999999999966,0,0,0,0,0,0,0,0,0,0,0
36.64999999999996,0,0,0,0,0,0,0,0,0,0,0
36.69999999999996,0,0,0,0,0,0,0,0,0,0,0
36.74999999999996,0,0,0,0,0,0,0,0,0,0,0
36.799999999999955,0,0,0,0,0,0,0,0,0,0,0
36.84999999999995,0,0,0,0,0,0,0,0,0,0,0
36.89999999999995,0,0,0,0,0,0,0,0,0,0,0
36.949999999999946,0,0,0,0,0,0,0,0,0,0,0
36.99999999999994,0,0,0,0,0,0,0,0,0,0,0
37.04999999999994,0,0,0,0,0,0,0,0,0,0,0
37.09999999999994,0,0,0,0,0,0,0,0,0,0,0
37.149999999999935,0,0,0,0,0,0,0,0,0,0,0
37.19999999999993,0,0,0,0,0,0,0,0,0,0,0
37.24999999999993,0,0,0,0,0,0,0,0,0,0,0
37.299999999999926,0,0,0,0,0,0,0,0,0,0,0
37.34999999999992,0,0,0,0,0,0,0,0,0,0,0
37.39999999999992,0,0,0,0,0,0,0,0,0,0,0
37.44999999999992,0,0,0,0,0,0,0,0,0,0,0
37.499999999999915,0,0,0,0,0,0,0,0,0,0,0
37.54999999999991,0,0,0,0,0,0,0,0,0,0,0
37.59999999999991,0,0,0,0,0,0,0,0,0,0,0
37.649999999999906,0,0,0,0,0,0,0,0,0,0,0
37.6999999999999,0,0,0,0,0,0,0,0,0,0,0
37.7499999999999,0,0,0,0,0,0,0,0,0,0,0
37.7999999999999,0,0,0,0,0,0,0,0,0,0,0
37.849999999999895,0,0,0,0,0,0,0,0,0,0,0
37.89999999999989,0,0,0,0,0,0,0,0,0,0,0
37.94999999999989,0,0,0,0,0,0,0,0,0,0,0
37.999999999999886,0,0,0,0,0,0,0,0,0,0,0
38.04999999999988,0,0,0,0,0,0,0,0,0,0,0
38.09999999999988,0,0,0,0,0,0,0,0,0,0,0
38.14999999999988,0,0,0,0,0,0,0,0,0,0,0
38.199999999999875,0,0,0,0,0,0,0,0,0,0,0
38.24999999999987,0,0,0,0,0,0,0,0,0,0,0
38.29999999999987,0,0,0,0,0,0,0,0,0,0,0
38.349999999999866,0,0,0,0,0,0,0,0,0,0,0
38.399999999999864,0,0,0,0,0,0,0,0,0,0,0
38.44999999999986,0,0,0,0,0,0,0,0,0,0,0
38.49999999999986,0,0,0,0,0,0,0,0,0,0,0
38.549999999999855,0,0,0,0,0,0,0,0,0,0,0
38.59999999999985,0,0,0,0,0,0,0,0,0,0,0
38.64999999999985,0,0,0,0,0,0,0,0,0,0,0
38.69999999999985,0,0,0,0,0,0,0,0,0,0,0
38.749999999999844,0,0,0,0,0,0,0,0,0,0,0
38.79999999999984,0,0,0,0,0,0,0,0,0,0,0
38.84999999999984,0,0,0,0,0,0,0,0,0,0,0
38.899999999999835,0,0,0,0,0,0,0,0,0,0,0
38.94999999999983,0,0,0,0,0,0,0,0,0,0,0
38.99999999999983,0,0,0,0,0,0,0,0,0,0,0
39.04999999999983,0,0,0,0,0,0,0,0,0,0,0
39.099999999999824,0,0,0,0,0,0,0,0,0,0,0
39.14999999999982,0,0,0,0,0,0,0,0,0,0,0
39.19999999999982,0,0,0,0,0,0,0,0,0,0,0
39.249999999999815,0,0,0,0,0,0,0,0,0,0,0
39.29999999999981,0,0,0,0,0,0,0,0,0,0,0
39.34999999999981,0,0,0,0,0,0,0,0,0,0,0
39.39999999999981,0,0,0,0,0,0,0,0,0,0,0
39.449999999999804,0,0,0,0,0,0,0,0,0,0,0
39.4999999999998,0,0,0,0,0,0,0,0,0,0,0
39.5499999999998,0,0,0,0,0,0,0,0,0,0,0
39.599999999999795,0,0,0,0,0,0,0,0,0,0,0
39.64999999999979,0,0,0,0,0,0,0,0,0,0,0
39.69999999999979,0,0,0,0,0,0,0,0,0,0,0
39.74999999999979,0,0,0,0,0,0,0,0,0,0,0
39.799999999999784,0,0,0,0,0,0,0,0,0,0,0
39.84999999999978,0,0,0,0,0,0,0,0,0,0,0
39.89999999999978,0,0,0,0,0,0,0,0,0,0,0
39.949999999999775,0,0,0,0,0,0,0,0,0,0,0
39.99999999999977,0,0,0,0,0,0,0,0,0,0,0
40.04999999999977,0,0,0,0,0,0,0,0,0,0,0
40.09999999999977,0,0,0,0,0,0,0,0,0,0,0
40.149999999999764,0,0,0,0,0,0,0,0,0,0,0
40.19999999999976,0,0,0,0,0,0,0,0,0,0,0
40.24999999999976,0,0,0,0,0,0,0,0,0,0,0
40.299999999999756,0,0,0,0,0,0,0,0,0,0,0
40.34999999999975,0,0,0,0,0,0,0,0,0,0,0
40.39999999999975,0,0,0,0,0,0,0,0,0,0,0
40.44999999999975,0,0,0,0,0,0,0,0,0,0,0
40.499999999999744,0,0,0,0,0,0,0,0,0,0,0
40.54999999999974,0,0,0,0,0,0,0,0,0,0,0
40.59999999999974,0,0,0,0,0,0,0,0,0,0,0
40.649999999999736,0,0,0,0,0,0,0,0,0,0,0
40.69999999999973,0,0,0,0,0,0,0,0,0,0,0
40.74999999999973,0,0,0,0,0,0,0,0,0,0,0
40.79999999999973,0,0,0,0,0,0,0,0,0,0,0
40.849999999999724,0,0,0,0,0,0,0,0,0,0,0
40.89999999999972,0,0,0,0,0,0,0,0,0,0,0
40.94999999999972,0,0,0,0,0,0,0,0,0,0,0
40.999999999999716,0,0,0,0,0,0,0,0,0,0,0
41.04999999999971,0,0,0,0,0,0,0,0,0,0,0
41.09999999999971,0,0,0,0,0,0,0,0,0,0,0
41.14999999999971,0,0,0,0,0,0,0,0,0,0,0
41.199999999999704,0,0,0,0,0,0,0,0,0,0,0
41.2499999999997,0,0,0,0,0,0,0,0,0,0,0
41.2999999999997,0,0,0,0,0,0,0,0,0,0,0
41.349999999999696,0,0,0,0,0,0,0,0,0,0,0
41.39999999999969,0,0,0,0,0,0,0,0,0,0,0
41.44999999999969,0,0,0,0,0,0,0,0,0,0,0
41.49999999999969,0,0,0,0,0,0,0,0,0,0,0
41.549999999999685,0,0,0,0,0,0,0,0,0,0,0
