*****
16,0.05,100,0,1,10,100,0.261843996326,0.0853672733114
16,100,100,100,94,100,0,0,0,0,0,0
16.05,95,95,95,88,95,0,0,0,0,0,0
16.1,96,96,96,92,96,0,0,0,0,0,0
16.150000000000002,103,103,103,100,103,0,0,0,0,0,0
16.200000000000003,94,94,94,92,94,0,0,0,0,0,0
16.250000000000004,103,103,103,97,103,0,0,0,0,0,0
16.300000000000004,109,109,108,107,109,0,0,0,0,0,0
16.350000000000005,102,102,102,94,102,0,0,0,0,0,0
16.400000000000006,112,112,111,104,112,0,0,0,0,0,0
16.450000000000006,117,117,116,107,117,0,0,0,0,0,0
16.500000000000007,101,101,101,97,101,0,0,0,0,0,0
16.550000000000008,106,106,104,102,106,0,0,0,0,0,0
16.60000000000001,104,104,103,99,104,0,0,0,0,0,0
16.65000000000001,122,122,122,110,122,0,0,0,0,0,0
16.70000000000001,113,111,109,106,112,0,0,0,0,0,0
16.75000000000001,108,108,107,94,108,0,0,0,0,0,0
16.80000000000001,117,108,107,107,111,0,0,0,0,0,0
16.850000000000012,104,99,100,95,102,0,0,0,0,0,0
16.900000000000013,113,106,107,96,110,0,0,0,0,0,0
16.950000000000014,95,87,90,75,91,0,0,0,0,0,0
17.000000000000014,101,93,95,90,96,0,0,0,0,0,0
17.050000000000015,113,104,103,98,107,0,0,0,0,0,0
17.100000000000016,109,95,96,92,103,0,0,0,0,0,0
17.150000000000016,109,93,100,96,103,0,0,0,0,0,0
17.200000000000017,105,85,86,81,91,0,0,0,0,0,0
17.250000000000018,103,85,89,80,91,0,0,0,0,0,0
17.30000000000002,93,75,75,65,79,0,0,0,0,0,0
17.35000000000002,123,100,102,95,111,0,0,0,0,0,0
17.40000000000002,117,83,88,85,94,0,0,0,0,0,0
17.45000000000002,88,65,73,62,77,0,0,0,0,0,0
17.50000000000002,101,70,72,63,74,0,0,0,0,0,0
17.550000000000022,108,57,63,73,70,0,0,0,0,0,0
17.600000000000023,103,50,63,64,69,0,0,0,0,0,0
17.650000000000023,114,68,75,73,79,0,0,0,0,0,0
17.700000000000024,119,64,65,67,75,0,0,0,0,0,0
17.750000000000025,120,67,72,70,84,0,0,0,0,0,0
17.800000000000026,105,43,47,57,57,0,0,0,0,0,0
17.850000000000026,89,32,38,46,43,0,0,0,0,0,0
17.900000000000027,110,46,53,53,60,0,0,0,0,0,0
17.950000000000028,90,35,40,37,47,0,0,0,0,0,0
18.00000000000003,112,32,43,49,47,0,0,0,0,0,0
18.05000000000003,116,30,36,50,43,0,0,0,0,0,0
18.10000000000003,99,35,31,41,43,0,0,0,0,0,0
18.15000000000003,108,27,28,32,32,0,0,0,0,0,0
18.20000000000003,105,25,27,41,33,0,0,0,0,0,0
18.250000000000032,102,13,17,27,25,0,0,0,0,0,0
18.300000000000033,116,17,24,34,26,0,0,0,0,0,0
18.350000000000033,95,12,19,26,20,0,0,0,0,0,0
18.400000000000034,99,18,18,36,24,0,0,0,0,0,0
18.450000000000035,104,9,9,25,12,0,0,0,0,0,0
18.500000000000036,119,16,16,27,19,0,0,0,0,0,0
18.550000000000036,101,11,13,18,17,0,0,0,0,0,0
18.600000000000037,107,11,12,16,15,0,0,0,0,0,0
18.650000000000038,104,12,10,18,13,0,0,0,0,0,0
18.70000000000004,98,4,7,16,7,0,0,0,0,0,0
18.75000000000004,110,11,12,16,13,0,0,0,0,0,0
18.80000000000004,94,4,6,12,11,0,0,0,0,0,0
18.85000000000004,97,2,3,9,3,0,0,0,0,0,0
18.90000000000004,102,3,4,9,4,0,0,0,0,0,0
18.950000000000042,88,5,4,9,8,0,0,0,0,0,0
19.000000000000043,131,3,4,8,7,0,0,0,0,0,0
19.050000000000043,99,2,1,7,3,0,0,0,0,0,0
19.100000000000044,105,6,6,5,7,0,0,0,0,0,0
19.150000000000045,112,4,3,4,5,0,0,0,0,0,0
19.200000000000045,103,3,3,4,5,0,0,0,0,0,0
19.250000000000046,107,2,2,6,3,0,0,0,0,0,0
19.300000000000047,113,2,2,3,3,0,0,0,0,0,0
19.350000000000048,113,1,3,5,3,0,0,0,0,0,0
19.40000000000005,105,1,1,3,1,0,0,0,0,0,0
19.45000000000005,98,0,1,2,1,0,0,0,0,0,0
19.50000000000005,94,3,3,3,3,0,0,0,0,0,0
19.55000000000005,91,0,0,1,0,0,0,0,0,0,0
19.60000000000005,93,0,0,0,0,0,0,0,0,0,0
19.650000000000052,106,0,1,1,1,0,0,0,0,0,0
19.700000000000053,103,1,1,2,1,0,0,0,0,0,0
19.750000000000053,105,0,1,1,1,0,0,0,0,0,0
19.800000000000054,96,0,0,0,0,0,0,0,0,0,0
19.850000000000055,105,0,1,1,1,0,0,0,0,0,0
19.900000000000055,115,0,0,1,0,0,0,0,0,0,0
19.950000000000056,100,0,0,0,0,0,0,0,0,0,0
20.000000000000057,119,0,0,0,0,0,0,0,0,0,0
20.050000000000058,122,0,0,1,1,0,0,0,0,0,0
20.10000000000006,102,0,0,0,0,0,0,0,0,0,0
20.15000000000006,110,0,0,0,0,0,0,0,0,0,0
20.20000000000006,117,0,0,1,0,0,0,0,0,0,0
20.25000000000006,106,0,0,0,0,0,0,0,0,0,0
20.30000000000006,102,0,0,0,0,0,0,0,0,0,0
20.350000000000062,101,0,0,0,0,0,0,0,0,0,0
20.400000000000063,99,0,0,0,0,0,0,0,0,0,0
20.450000000000063,102,0,0,0,0,0,0,0,0,0,0
20.500000000000064,87,0,0,0,0,0,0,0,0,0,0
20.550000000000065,113,0,0,1,0,0,0,0,0,0,0
20.600000000000065,104,0,0,0,0,0,0,0,0,0,0
20.650000000000066,96,0,0,0,0,0,0,0,0,0,0
20.700000000000067,118,0,0,0,0,0,0,0,0,0,0
20.750000000000068,110,0,0,0,0,0,0,0,0,0,0
20.800000000000068,107,0,0,0,0,0,0,0,0,0,0
20.85000000000007,100,0,0,0,0,0,0,0,0,0,0
20.90000000000007,102,0,0,0,0,0,0,0,0,0,0
20.95000000000007,106,0,0,0,0,0,0,0,0,0,0
21.00000000000007,118,0,0,0,0,0,0,0,0,0,0
21.05000000000007,120,0,0,0,0,0,0,0,0,0,0
21.100000000000072,108,0,0,0,0,0,0,0,0,0,0
21.150000000000073,110,0,0,0,0,0,0,0,0,0,0
21.200000000000074,110,0,0,0,0,0,0,0,0,0,0
21.250000000000075,100,0,0,0,0,0,0,0,0,0,0
21.300000000000075,106,0,0,0,0,0,0,0,0,0,0
21.350000000000076,116,0,0,0,0,0,0,0,0,0,0
21.400000000000077,106,0,0,0,0,0,0,0,0,0,0
21.450000000000077,102,0,0,0,0,0,0,0,0,0,0
21.500000000000078,95,0,0,0,0,0,0,0,0,0,0
21.55000000000008,97,0,0,0,0,0,0,0,0,0,0
21.60000000000008,99,0,0,0,0,0,0,0,0,0,0
21.65000000000008,111,0,0,0,0,0,0,0,0,0,0
21.70000000000008,108,0,0,0,0,0,0,0,0,0,0
21.75000000000008,107,0,0,0,0,0,0,0,0,0,0
21.800000000000082,97,0,0,0,0,0,0,0,0,0,0
21.850000000000083,108,0,0,0,0,0,0,0,0,0,0
21.900000000000084,123,0,0,0,0,0,0,0,0,0,0
21.950000000000085,113,0,0,0,0,0,0,0,0,0,0
22.000000000000085,95,0,0,0,0,0,0,0,0,0,0
22.050000000000086,121,0,0,0,0,0,0,0,0,0,0
22.100000000000087,110,0,0,0,0,0,0,0,0,0,0
22.150000000000087,104,0,0,0,0,0,0,0,0,0,0
22.200000000000088,117,0,0,0,0,0,0,0,0,0,0
22.25000000000009,106,0,0,0,0,0,0,0,0,0,0
22.30000000000009,122,0,0,0,0,0,0,0,0,0,0
22.35000000000009,114,0,0,0,0,0,0,0,0,0,0
22.40000000000009,126,0,0,0,0,0,0,0,0,0,0
22.45000000000009,93,0,0,0,0,0,0,0,0,0,0
22.500000000000092,107,0,0,0,0,0,0,0,0,0,0
22.550000000000093,77,0,0,0,0,0,0,0,0,0,0
22.600000000000094,111,0,0,0,0,0,0,0,0,0,0
22.650000000000095,113,0,0,0,0,0,0,0,0,0,0
22.700000000000095,114,0,0,0,0,0,0,0,0,0,0
22.750000000000096,111,0,0,0,0,0,0,0,0,0,0
22.800000000000097,94,0,0,0,0,0,0,0,0,0,0
22.850000000000097,95,0,0,0,0,0,0,0,0,0,0
22.900000000000098,110,0,0,0,0,0,0,0,0,0,0
22.9500000000001,111,0,0,0,0,0,0,0,0,0,0
23.0000000000001,116,0,0,0,0,0,0,0,0,0,0
23.0500000000001,98,0,0,0,0,0,0,0,0,0,0
23.1000000000001,109,0,0,0,0,0,0,0,0,0,0
23.1500000000001,106,0,0,0,0,0,0,0,0,0,0
23.200000000000102,115,0,0,0,0,0,0,0,0,0,0
23.250000000000103,98,0,0,0,0,0,0,0,0,0,0
23.300000000000104,115,0,0,0,0,0,0,0,0,0,0
23.350000000000104,102,0,0,0,0,0,0,0,0,0,0
23.400000000000105,100,0,0,0,0,0,0,0,0,0,0
23.450000000000106,109,0,0,0,0,0,0,0,0,0,0
23.500000000000107,100,0,0,0,0,0,0,0,0,0,0
23.550000000000107,91,0,0,0,0,0,0,0,0,0,0
23.600000000000108,106,0,0,0,0,0,0,0,0,0,0
23.65000000000011,119,0,0,0,0,0,0,0,0,0,0
23.70000000000011,127,0,0,0,0,0,0,0,0,0,0
23.75000000000011,102,0,0,0,0,0,0,0,0,0,0
23.80000000000011,107,0,0,0,0,0,0,0,0,0,0
23.85000000000011,104,0,0,0,0,0,0,0,0,0,0
23.900000000000112,120,0,0,0,0,0,0,0,0,0,0
23.950000000000113,117,0,0,0,0,0,0,0,0,0,0
24.000000000000114,101,0,0,0,0,0,0,0,0,0,0
24.050000000000114,105,0,0,0,0,0,0,0,0,0,0
24.100000000000115,107,0,0,0,0,0,0,0,0,0,0
24.150000000000116,116,0,0,0,0,0,0,0,0,0,0
24.200000000000117,87,0,0,0,0,0,0,0,0,0,0
24.250000000000117,115,0,0,0,0,0,0,0,0,0,0
24.300000000000118,109,0,0,0,0,0,0,0,0,0,0
24.35000000000012,100,0,0,0,0,0,0,0,0,0,0
24.40000000000012,143,0,0,0,0,0,0,0,0,0,0
24.45000000000012,117,0,0,0,0,0,0,0,0,0,0
24.50000000000012,115,0,0,0,0,0,0,0,0,0,0
24.55000000000012,98,0,0,0,0,0,0,0,0,0,0
24.600000000000122,98,0,0,0,0,0,0,0,0,0,0
24.650000000000123,93,0,0,0,0,0,0,0,0,0,0
24.700000000000124,83,0,0,0,0,0,0,0,0,0,0
24.750000000000124,107,0,0,0,0,0,0,0,0,0,0
24.800000000000125,101,0,0,0,0,0,0,0,0,0,0
24.850000000000126,107,0,0,0,0,0,0,0,0,0,0
24.900000000000126,115,0,0,0,0,0,0,0,0,0,0
24.950000000000127,105,0,0,0,0,0,0,0,0,0,0
25.000000000000128,98,0,0,0,0,0,0,0,0,0,0
25.05000000000013,104,0,0,0,0,0,0,0,0,0,0
25.10000000000013,128,0,0,0,0,0,0,0,0,0,0
25.15000000000013,116,0,0,0,0,0,0,0,0,0,0
25.20000000000013,117,0,0,0,0,0,0,0,0,0,0
25.25000000000013,102,0,0,0,0,0,0,0,0,0,0
25.300000000000132,122,0,0,0,0,0,0,0,0,0,0
25.350000000000133,106,0,0,0,0,0,0,0,0,0,0
25.400000000000134,106,0,0,0,0,0,0,0,0,0,0
25.450000000000134,102,0,0,0,0,0,0,0,0,0,0
25.500000000000135,107,0,0,0,0,0,0,0,0,0,0
25.550000000000136,101,0,0,0,0,0,0,0,0,0,0
25.600000000000136,101,0,0,0,0,0,0,0,0,0,0
25.650000000000137,87,0,0,0,0,0,0,0,0,0,0
25.700000000000138,101,0,0,0,0,0,0,0,0,0,0
25.75000000000014,107,0,0,0,0,0,0,0,0,0,0
25.80000000000014,106,0,0,0,0,0,0,0,0,0,0
25.85000000000014,121,0,0,0,0,0,0,0,0,0,0
25.90000000000014,115,0,0,0,0,0,0,0,0,0,0
25.95000000000014,105,0,0,0,0,0,0,0,0,0,0
26.000000000000142,98,0,0,0,0,0,0,0,0,0,0
26.050000000000143,110,0,0,0,0,0,0,0,0,0,0
26.100000000000144,115,0,0,0,0,0,0,0,0,0,0
26.150000000000144,85,0,0,0,0,0,0,0,0,0,0
26.200000000000145,131,0,0,0,0,0,0,0,0,0,0
26.250000000000146,119,0,0,0,0,0,0,0,0,0,0
26.300000000000146,115,0,0,0,0,0,0,0,0,0,0
26.350000000000147,108,0,0,0,0,0,0,0,0,0,0
26.400000000000148,116,0,0,0,0,0,0,0,0,0,0
26.45000000000015,104,0,0,0,0,0,0,0,0,0,0
26.50000000000015,111,0,0,0,0,0,0,0,0,0,0
26.55000000000015,117,0,0,0,0,0,0,0,0,0,0
26.60000000000015,108,0,0,0,0,0,0,0,0,0,0
26.65000000000015,98,0,0,0,0,0,0,0,0,0,0
26.700000000000152,115,0,0,0,0,0,0,0,0,0,0
26.750000000000153,129,0,0,0,0,0,0,0,0,0,0
26.800000000000153,96,0,0,0,0,0,0,0,0,0,0
26.850000000000154,110,0,0,0,0,0,0,0,0,0,0
26.900000000000155,114,0,0,0,0,0,0,0,0,0,0
26.950000000000156,97,0,0,0,0,0,0,0,0,0,0
27.000000000000156,98,0,0,0,0,0,0,0,0,0,0
27.050000000000157,114,0,0,0,0,0,0,0,0,0,0
27.100000000000158,108,0,0,0,0,0,0,0,0,0,0
27.15000000000016,87,0,0,0,0,0,0,0,0,0,0
27.20000000000016,102,0,0,0,0,0,0,0,0,0,0
27.25000000000016,109,0,0,0,0,0,0,0,0,0,0
27.30000000000016,100,0,0,0,0,0,0,0,0,0,0
27.35000000000016,107,0,0,0,0,0,0,0,0,0,0
27.400000000000162,106,0,0,0,0,0,0,0,0,0,0
27.450000000000163,98,0,0,0,0,0,0,0,0,0,0
27.500000000000163,101,0,0,0,0,0,0,0,0,0,0
27.550000000000164,95,0,0,0,0,0,0,0,0,0,0
27.600000000000165,107,0,0,0,0,0,0,0,0,0,0
27.650000000000166,105,0,0,0,0,0,0,0,0,0,0
27.700000000000166,104,0,0,0,0,0,0,0,0,0,0
27.750000000000167,107,0,0,0,0,0,0,0,0,0,0
27.800000000000168,103,0,0,0,0,0,0,0,0,0,0
27.85000000000017,105,0,0,0,0,0,0,0,0,0,0
27.90000000000017,107,0,0,0,0,0,0,0,0,0,0
27.95000000000017,109,0,0,0,0,0,0,0,0,0,0
28.00000000000017,103,0,0,0,0,0,0,0,0,0,0
28.05000000000017,111,0,0,0,0,0,0,0,0,0,0
28.100000000000172,122,0,0,0,0,0,0,0,0,0,0
28.150000000000173,104,0,0,0,0,0,0,0,0,0,0
28.200000000000173,97,0,0,0,0,0,0,0,0,0,0
28.250000000000174,107,0,0,0,0,0,0,0,0,0,0
28.300000000000175,108,0,0,0,0,0,0,0,0,0,0
28.350000000000176,106,0,0,0,0,0,0,0,0,0,0
28.400000000000176,88,0,0,0,0,0,0,0,0,0,0
28.450000000000177,108,0,0,0,0,0,0,0,0,0,0
28.500000000000178,112,0,0,0,0,0,0,0,0,0,0
28.55000000000018,123,0,0,0,0,0,0,0,0,0,0
28.60000000000018,98,0,0,0,0,0,0,0,0,0,0
28.65000000000018,90,0,0,0,0,0,0,0,0,0,0
28.70000000000018,118,0,0,0,0,0,0,0,0,0,0
28.75000000000018,110,0,0,0,0,0,0,0,0,0,0
28.800000000000182,108,0,0,0,0,0,0,0,0,0,0
28.850000000000183,105,0,0,0,0,0,0,0,0,0,0
28.900000000000183,105,0,0,0,0,0,0,0,0,0,0
28.950000000000184,119,0,0,0,0,0,0,0,0,0,0
29.000000000000185,104,0,0,0,0,0,0,0,0,0,0
29.050000000000185,97,0,0,0,0,0,0,0,0,0,0
29.100000000000186,99,0,0,0,0,0,0,0,0,0,0
29.150000000000187,111,0,0,0,0,0,0,0,0,0,0
29.200000000000188,95,0,0,0,0,0,0,0,0,0,0
29.25000000000019,96,0,0,0,0,0,0,0,0,0,0
29.30000000000019,116,0,0,0,0,0,0,0,0,0,0
29.35000000000019,109,0,0,0,0,0,0,0,0,0,0
29.40000000000019,120,0,0,0,0,0,0,0,0,0,0
29.45000000000019,114,0,0,0,0,0,0,0,0,0,0
29.500000000000192,93,0,0,0,0,0,0,0,0,0,0
29.550000000000193,101,0,0,0,0,0,0,0,0,0,0
29.600000000000193,119,0,0,0,0,0,0,0,0,0,0
29.650000000000194,120,0,0,0,0,0,0,0,0,0,0
29.700000000000195,121,0,0,0,0,0,0,0,0,0,0
29.750000000000195,96,0,0,0,0,0,0,0,0,0,0
29.800000000000196,102,0,0,0,0,0,0,0,0,0,0
29.850000000000197,95,0,0,0,0,0,0,0,0,0,0
29.900000000000198,120,0,0,0,0,0,0,0,0,0,0
29.9500000000002,110,0,0,0,0,0,0,0,0,0,0
30.0000000000002,103,0,0,0,0,0,0,0,0,0,0
30.0500000000002,95,0,0,0,0,0,0,0,0,0,0
30.1000000000002,120,0,0,0,0,0,0,0,0,0,0
30.1500000000002,109,0,0,0,0,0,0,0,0,0,0
30.200000000000202,105,0,0,0,0,0,0,0,0,0,0
30.250000000000203,117,0,0,0,0,0,0,0,0,0,0
30.300000000000203,113,0,0,0,0,0,0,0,0,0,0
30.350000000000204,101,0,0,0,0,0,0,0,0,0,0
30.400000000000205,98,0,0,0,0,0,0,0,0,0,0
30.450000000000205,111,0,0,0,0,0,0,0,0,0,0
30.500000000000206,116,0,0,0,0,0,0,0,0,0,0
30.550000000000207,98,0,0,0,0,0,0,0,0,0,0
30.600000000000207,93,0,0,0,0,0,0,0,0,0,0
30.650000000000208,109,0,0,0,0,0,0,0,0,0,0
30.70000000000021,103,0,0,0,0,0,0,0,0,0,0
30.75000000000021,102,0,0,0,0,0,0,0,0,0,0
30.80000000000021,119,0,0,0,0,0,0,0,0,0,0
30.85000000000021,100,0,0,0,0,0,0,0,0,0,0
30.90000000000021,100,0,0,0,0,0,0,0,0,0,0
30.950000000000212,104,0,0,0,0,0,0,0,0,0,0
31.000000000000213,124,0,0,0,0,0,0,0,0,0,0
31.050000000000214,103,0,0,0,0,0,0,0,0,0,0
31.100000000000215,100,0,0,0,0,0,0,0,0,0,0
31.150000000000215,108,0,0,0,0,0,0,0,0,0,0
31.200000000000216,108,0,0,0,0,0,0,0,0,0,0
31.250000000000217,115,0,0,0,0,0,0,0,0,0,0
31.300000000000217,116,0,0,0,0,0,0,0,0,0,0
31.350000000000218,111,0,0,0,0,0,0,0,0,0,0
31.40000000000022,98,0,0,0,0,0,0,0,0,0,0
31.45000000000022,109,0,0,0,0,0,0,0,0,0,0
31.50000000000022,97,0,0,0,0,0,0,0,0,0,0
31.55000000000022,101,0,0,0,0,0,0,0,0,0,0
31.60000000000022,125,0,0,0,0,0,0,0,0,0,0
31.650000000000222,104,0,0,0,0,0,0,0,0,0,0
31.700000000000223,97,0,0,0,0,0,0,0,0,0,0
31.750000000000224,104,0,0,0,0,0,0,0,0,0,0
31.800000000000225,107,0,0,0,0,0,0,0,0,0,0
31.850000000000225,108,0,0,0,0,0,0,0,0,0,0
31.900000000000226,109,0,0,0,0,0,0,0,0,0,0
31.950000000000227,99,0,0,0,0,0,0,0,0,0,0
32.00000000000023,98,0,0,0,0,0,0,0,0,0,0
32.050000000000225,103,0,0,0,0,0,0,0,0,0,0
32.10000000000022,81,0,0,0,0,0,0,0,0,0,0
32.15000000000022,98,0,0,0,0,0,0,0,0,0,0
32.200000000000216,75,0,0,0,0,0,0,0,0,0,0
32.25000000000021,68,0,0,0,0,0,0,0,0,0,0
32.30000000000021,90,0,0,0,0,0,0,0,0,0,0
32.35000000000021,63,0,0,0,0,0,0,0,0,0,0
32.400000000000205,58,0,0,0,0,0,0,0,0,0,0
32.4500000000002,57,0,0,0,0,0,0,0,0,0,0
32.5000000000002,53,0,0,0,0,0,0,0,0,0,0
32.550000000000196,66,0,0,0,0,0,0,0,0,0,0
32.60000000000019,37,0,0,0,0,0,0,0,0,0,0
32.65000000000019,26,0,0,0,0,0,0,0,0,0,0
32.70000000000019,27,0,0,0,0,0,0,0,0,0,0
32.750000000000185,22,0,0,0,0,0,0,0,0,0,0
32.80000000000018,18,0,0,0,0,0,0,0,0,0,0
32.85000000000018,13,0,0,0,0,0,0,0,0,0,0
32.900000000000176,5,0,0,0,0,0,0,0,0,0,0
32.95000000000017,3,0,0,0,0,0,0,0,0,0,0
33.00000000000017,0,0,0,0,0,0,0,0,0,0,0
33.05000000000017,0,0,0,0,0,0,0,0,0,0,0
33.100000000000165,0,0,0,0,0,0,0,0,0,0,0
33.15000000000016,0,0,0,0,0,0,0,0,0,0,0
33.20000000000016,0,0,0,0,0,0,0,0,0,0,0
33.250000000000156,0,0,0,0,0,0,0,0,0,0,0
33.30000000000015,0,0,0,0,0,0,0,0,0,0,0
33.35000000000015,0,0,0,0,0,0,0,0,0,0,0
33.40000000000015,0,0,0,0,0,0,0,0,0,0,0
33.450000000000145,0,0,0,0,0,0,0,0,0,0,0
33.50000000000014,0,0,0,0,0,0,0,0,0,0,0
33.55000000000014,0,0,0,0,0,0,0,0,0,0,0
33.600000000000136,0,0,0,0,0,0,0,0,0,0,0
33.650000000000134,0,0,0,0,0,0,0,0,0,0,0
33.70000000000013,0,0,0,0,0,0,0,0,0,0,0
33.75000000000013,0,0,0,0,0,0,0,0,0,0,0
33.800000000000125,0,0,0,0,0,0,0,0,0,0,0
33.85000000000012,0,0,0,0,0,0,0,0,0,0,0
33.90000000000012,0,0,0,0,0,0,0,0,0,0,0
33.95000000000012,0,0,0,0,0,0,0,0,0,0,0
34.000000000000114,0,0,0,0,0,0,0,0,0,0,0
34.05000000000011,0,0,0,0,0,0,0,0,0,0,0
34.10000000000011,0,0,0,0,0,0,0,0,0,0,0
34.150000000000105,0,0,0,0,0,0,0,0,0,0,0
34.2000000000001,0,0,0,0,0,0,0,0,0,0,0
34.2500000000001,0,0,0,0,0,0,0,0,0,0,0
34.3000000000001,0,0,0,0,0,0,0,0,0,0,0
34.350000000000094,0,0,0,0,0,0,0,0,0,0,0
34.40000000000009,0,0,0,0,0,0,0,0,0,0,0
34.45000000000009,0,0,0,0,0,0,0,0,0,0,0
34.500000000000085,0,0,0,0,0,0,0,0,0,0,0
34.55000000000008,0,0,0,0,0,0,0,0,0,0,0
34.60000000000008,0,0,0,0,0,0,0,0,0,0,0
34.65000000000008,0,0,0,0,0,0,0,0,0,0,0
34.700000000000074,0,0,0,0,0,0,0,0,0,0,0
34.75000000000007,0,0,0,0,0,0,0,0,0,0,0
34.80000000000007,0,0,0,0,0,0,0,0,0,0,0
34.850000000000065,0,0,0,0,0,0,0,0,0,0,0
34.90000000000006,0,0,0,0,0,0,0,0,0,0,0
34.95000000000006,0,0,0,0,0,0,0,0,0,0,0
35.00000000000006,0,0,0,0,0,0,0,0,0,0,0
35.050000000000054,0,0,0,0,0,0,0,0,0,0,0
35.10000000000005,0,0,0,0,0,0,0,0,0,0,0
35.15000000000005,0,0,0,0,0,0,0,0,0,0,0
35.200000000000045,0,0,0,0,0,0,0,0,0,0,0
35.25000000000004,0,0,0,0,0,0,0,0,0,0,0
35.30000000000004,0,0,0,0,0,0,0,0,0,0,0
35.35000000000004,0,0,0,0,0,0,0,0,0,0,0
35.400000000000034,0,0,0,0,0,0,0,0,0,0,0
35.45000000000003,0,0,0,0,0,0,0,0,0,0,0
35.50000000000003,0,0,0,0,0,0,0,0,0,0,0
35.550000000000026,0,0,0,0,0,0,0,0,0,0,0
35.60000000000002,0,0,0,0,0,0,0,0,0,0,0
35.65000000000002,0,0,0,0,0,0,0,0,0,0,0
35.70000000000002,0,0,0,0,0,0,0,0,0,0,0
35.750000000000014,0,0,0,0,0,0,0,0,0,0,0
35.80000000000001,0,0,0,0,0,0,0,0,0,0,0
35.85000000000001,0,0,0,0,0,0,0,0,0,0,0
35.900000000000006,0,0,0,0,0,0,0,0,0,0,0
35.95,0,0,0,0,0,0,0,0,0,0,0
36.0,0,0,0,0,0,0,0,0,0,0,0
36.05,0,0,0,0,0,0,0,0,0,0,0
36.099999999999994,0,0,0,0,0,0,0,0,0,0,0
36.14999999999999,0,0,0,0,0,0,0,0,0,0,0
36.19999999999999,0,0,0,0,0,0,0,0,0,0,0
36.249999999999986,0,0,0,0,0,0,0,0,0,0,0
36.29999999999998,0,0,0,0,0,0,0,0,0,0,0
36.34999999999998,0,0,0,0,0,0,0,0,0,0,0
36.39999999999998,0,0,0,0,0,0,0,0,0,0,0
36.449999999999974,0,0,0,0,0,0,0,0,0,0,0
36.49999999999997,0,0,0,0,0,0,0,0,0,0,0
36.54999999999997,0,0,0,0,0,0,0,0,0,0,0
36.599999999999966,0,0,0,0,0,0,0,0,0,0,0
36.64999999999996,0,0,0,0,0,0,0,0,0,0,0
36.69999999999996,0,0,0,0,0,0,0,0,0,0,0
36.74999999999996,0,0,0,0,0,0,0,0,0,0,0
36.799999999999955,0,0,0,0,0,0,0,0,0,0,0
36.84999999999995,0,0,0,0,0,0,0,0,0,0,0
36.89999999999995,0,0,0,0,0,0,0,0,0,0,0
36.949999999999946,0,0,0,0,0,0,0,0,0,0,0
36.99999999999994,0,0,0,0,0,0,0,0,0,0,0
37.04999999999994,0,0,0,0,0,0,0,0,0,0,0
37.09999999999994,0,0,0,0,0,0,0,0,0,0,0
37.149999999999935,0,0,0,0,0,0,0,0,0,0,0
37.19999999999993,0,0,0,0,0,0,0,0,0,0,0
37.24999999999993,0,0,0,0,0,0,0,0,0,0,0
37.299999999999926,0,0,0,0,0,0,0,0,0,0,0
37.34999999999992,0,0,0,0,0,0,0,0,0,0,0
37.39999999999992,0,0,0,0,0,0,0,0,0,0,0
37.44999999999992,0,0,0,0,0,0,0,0,0,0,0
37.499999999999915,0,0,0,0,0,0,0,0,0,0,0
37.54999999999991,0,0,0,0,0,0,0,0,0,0,0
37.59999999999991,0,0,0,0,0,0,0,0,0,0,0
37.649999999999906,0,0,0,0,0,0,0,0,0,0,0
37.6999999999999,0,0,0,0,0,0,0,0,0,0,0
37.7499999999999,0,0,0,0,0,0,0,0,0,0,0
37.7999999999999,0,0,0,0,0,0,0,0,0,0,0
37.849999999999895,0,0,0,0,0,0,0,0,0,0,0
37.89999999999989,0,0,0,0,0,0,0,0,0,0,0
37.94999999999989,0,0,0,0,0,0,0,0,0,0,0
37.999999999999886,0,0,0,0,0,0,0,0,0,0,0
38.04999999999988,0,0,0,0,0,0,0,0,0,0,0
38.09999999999988,0,0,0,0,0,0,0,0,0,0,0
38.14999999999988,0,0,0,0,0,0,0,0,0,0,0
38.199999999999875,0,0,0,0,0,0,0,0,0,0,0
38.24999999999987,0,0,0,0,0,0,0,0,0,0,0
38.29999999999987,0,0,0,0,0,0,0,0,0,0,0
38.349999999999866,0,0,0,0,0,0,0,0,0,0,0
38.399999999999864,0,0,0,0,0,0,0,0,0,0,0
38.44999999999986,0,0,0,0,0,0,0,0,0,0,0
38.49999999999986,0,0,0,0,0,0,0,0,0,0,0
38.549999999999855,0,0,0,0,0,0,0,0,0,0,0
38.59999999999985,0,0,0,0,0,0,0,0,0,0,0
38.64999999999985,0,0,0,0,0,0,0,0,0,0,0
38.69999999999985,0,0,0,0,0,0,0,0,0,0,0
38.749999999999844,0,0,0,0,0,0,0,0,0,0,0
38.79999999999984,0,0,0,0,0,0,0,0,0,0,0
38.84999999999984,0,0,0,0,0,0,0,0,0,0,0
38.899999999999835,0,0,0,0,0,0,0,0,0,0,0
38.94999999999983,0,0,0,0,0,0,0,0,0,0,0
38.99999999999983,0,0,0,0,0,0,0,0,0,0,0
39.04999999999983,0,0,0,0,0,0,0,0,0,0,0
39.099999999999824,0,0,0,0,0,0,0,0,0,0,0
39.14999999999982,0,0,0,0,0,0,0,0,0,0,0
39.19999999999982,0,0,0,0,0,0,0,0,0,0,0
39.249999999999815,0,0,0,0,0,0,0,0,0,0,0
39.29999999999981,0,0,0,0,0,0,0,0,0,0,0
39.34999999999981,0,0,0,0,0,0,0,0,0,0,0
39.39999999999981,0,0,0,0,0,0,0,0,0,0,0
39.449999999999804,0,0,0,0,0,0,0,0,0,0,0
39.4999999999998,0,0,0,0,0,0,0,0,0,0,0
39.5499999999998,0,0,0,0,0,0,0,0,0,0,0
39.599999999999795,0,0,0,0,0,0,0,0,0,0,0
39.64999999999979,0,0,0,0,0,0,0,0,0,0,0
39.69999999999979,0,0,0,0,0,0,0,0,0,0,0
39.74999999999979,0,0,0,0,0,0,0,0,0,0,0
39.799999999999784,0,0,0,0,0,0,0,0,0,0,0
39.84999999999978,0,0,0,0,0,0,0,0,0,0,0
39.89999999999978,0,0,0,0,0,0,0,0,0,0,0
39.949999999999775,0,0,0,0,0,0,0,0,0,0,0
39.99999999999977,0,0,0,0,0,0,0,0,0,0,0
40.04999999999977,0,0,0,0,0,0,0,0,0,0,0
40.09999999999977,0,0,0,0,0,0,0,0,0,0,0
40.149999999999764,0,0,0,0,0,0,0,0,0,0,0
40.19999999999976,0,0,0,0,0,0,0,0,0,0,0
40.24999999999976,0,0,0,0,0,0,0,0,0,0,0
40.299999999999756,0,0,0,0,0,0,0,0,0,0,0
40.34999999999975,0,0,0,0,0,0,0,0,0,0,0
40.39999999999975,0,0,0,0,0,0,0,0,0,0,0
40.44999999999975,0,0,0,0,0,0,0,0,0,0,0
40.499999999999744,0,0,0,0,0,0,0,0,0,0,0
40.54999999999974,0,0,0,0,0,0,0,0,0,0,0
40.59999999999974,0,0,0,0,0,0,0,0,0,0,0
40.649999999999736,0,0,0,0,0,0,0,0,0,0,0
40.69999999999973,0,0,0,0,0,0,0,0,0,0,0
40.74999999999973,0,0,0,0,0,0,0,0,0,0,0
40.79999999999973,0,0,0,0,0,0,0,0,0,0,0
40.849999999999724,0,0,0,0,0,0,0,0,0,0,0
40.89999999999972,0,0,0,0,0,0,0,0,0,0,0
40.94999999999972,0,0,0,0,0,0,0,0,0,0,0
40.999999999999716,0,0,0,0,0,0,0,0,0,0,0
41.04999999999971,0,0,0,0,0,0,0,0,0,0,0
41.09999999999971,0,0,0,0,0,0,0,0,0,0,0
41.14999999999971,0,0,0,0,0,0,0,0,0,0,0
41.199999999999704,0,0,0,0,0,0,0,0,0,0,0
41.2499999999997,0,0,0,0,0,0,0,0,0,0,0
41.2999999999997,0,0,0,0,0,0,0,0,0,0,0
41.349999999999696,0,0,0,0,0,0,0,0,0,0,0
41.39999999999969,0,0,0,0,0,0,0,0,0,0,0
41.44999999999969,0,0,0,0,0,0,0,0,0,0,0
41.49999999999969,0,0,0,0,0,0,0,0,0,0,0
41.549999999999685,0,0,0,0,0,0,0,0,0,0,0
*****
16,0.05,100,0,0.4,10,100,0.261843996326,0.0853672733114
16,100,100,100,100,100,0,0,0,0,0,0
16.05,90,90,90,90,90,0,0,0,0,0,0
16.1,100,100,100,100,100,0,0,0,0,0,0
16.150000000000002,107,107,107,107,107,0,0,0,0,0,0
16.200000000000003,97,97,97,97,97,0,0,0,0,0,0
16.250000000000004,89,89,89,89,89,0,0,0,0,0,0
16.300000000000004,122,122,122,122,122,0,0,0,0,0,0
16.350000000000005,112,112,112,112,112,0,0,0,0,0,0
16.400000000000006,98,98,97,98,98,0,0,0,0,0,0
16.450000000000006,97,97,97,97,97,0,0,0,0,0,0
16.500000000000007,89,89,89,89,89,0,0,0,0,0,0
16.550000000000008,92,92,91,92,92,0,0,0,0,0,0
16.60000000000001,102,102,100,102,102,0,0,0,0,0,0
16.65000000000001,110,110,110,110,110,0,0,0,0,0,0
16.70000000000001,99,99,99,99,99,0,0,0,0,0,0
16.75000000000001,103,103,102,103,103,0,0,0,0,0,0
16.80000000000001,96,96,96,96,96,0,0,0,0,0,0
16.850000000000012,106,106,104,106,106,0,0,0,0,0,0
16.900000000000013,97,97,96,97,97,0,0,0,0,0,0
16.950000000000014,97,97,97,97,97,0,0,0,0,0,0
17.000000000000014,108,108,106,108,108,0,0,0,0,0,0
17.050000000000015,104,104,103,104,104,0,0,0,0,0,0
17.100000000000016,98,98,97,98,98,0,0,0,0,0,0
17.150000000000016,94,94,91,94,94,0,0,0,0,0,0
17.200000000000017,88,88,84,88,88,0,0,0,0,0,0
17.250000000000018,109,109,104,109,109,0,0,0,0,0,0
17.30000000000002,92,92,88,92,92,0,0,0,0,0,0
17.35000000000002,91,91,91,91,91,0,0,0,0,0,0
17.40000000000002,84,84,82,84,84,0,0,0,0,0,0
17.45000000000002,100,100,94,100,100,0,0,0,0,0,0
17.50000000000002,98,98,90,98,98,0,0,0,0,0,0
17.550000000000022,105,105,96,105,105,0,0,0,0,0,0
17.600000000000023,97,97,93,97,97,0,0,0,0,0,0
17.650000000000023,104,104,97,104,104,0,0,0,0,0,0
17.700000000000024,106,106,100,106,106,0,0,0,0,0,0
17.750000000000025,75,75,70,75,75,0,0,0,0,0,0
17.800000000000026,97,97,86,97,97,0,0,0,0,0,0
17.850000000000026,103,103,92,103,103,0,0,0,0,0,0
17.900000000000027,101,100,93,101,100,0,0,0,0,0,0
17.950000000000028,101,100,89,101,100,0,0,0,0,0,0
18.00000000000003,94,94,76,94,94,0,0,0,0,0,0
18.05000000000003,99,98,82,99,98,0,0,0,0,0,0
18.10000000000003,97,96,80,97,96,0,0,0,0,0,0
18.15000000000003,98,98,77,98,98,0,0,0,0,0,0
18.20000000000003,96,94,78,96,94,0,0,0,0,0,0
18.250000000000032,112,111,80,112,111,0,0,0,0,0,0
18.300000000000033,90,89,69,89,89,0,0,0,0,0,0
18.350000000000033,108,102,81,108,102,0,0,0,0,0,0
18.400000000000034,97,95,64,97,95,0,0,0,0,0,0
18.450000000000035,95,90,53,95,91,0,0,0,0,0,0
18.500000000000036,91,88,64,90,88,0,0,0,0,0,0
18.550000000000036,91,87,59,90,89,0,0,0,0,0,0
18.600000000000037,118,107,60,117,109,0,0,0,0,0,0
18.650000000000038,98,91,63,98,92,0,0,0,0,0,0
18.70000000000004,109,101,69,108,101,0,0,0,0,0,0
18.75000000000004,99,87,50,99,91,0,0,0,0,0,0
18.80000000000004,94,83,50,94,86,0,0,0,0,0,0
18.85000000000004,98,82,45,96,87,0,0,0,0,0,0
18.90000000000004,117,98,53,113,101,0,0,0,0,0,0
18.950000000000042,95,74,41,94,82,0,0,0,0,0,0
19.000000000000043,91,76,47,89,81,0,0,0,0,0,0
19.050000000000043,81,56,29,78,61,0,0,0,0,0,0
19.100000000000044,111,78,46,106,84,0,0,0,0,0,0
19.150000000000045,99,70,24,90,77,0,0,0,0,0,0
19.200000000000045,113,78,38,108,80,0,0,0,0,0,0
19.250000000000046,97,65,23,91,67,0,0,0,0,0,0
19.300000000000047,111,57,20,95,62,0,0,0,0,0,0
19.350000000000048,88,48,16,82,53,0,0,0,0,0,0
19.40000000000005,94,57,19,87,62,0,0,0,0,0,0
19.45000000000005,90,54,23,78,55,0,0,0,0,0,0
19.50000000000005,117,57,15,100,62,0,0,0,0,0,0
19.55000000000005,81,34,14,65,37,0,0,0,0,0,0
19.60000000000005,81,33,11,69,36,0,0,0,0,0,0
19.650000000000052,97,29,8,70,33,0,0,0,0,0,0
19.700000000000053,115,38,9,91,42,0,0,0,0,0,0
19.750000000000053,76,27,6,54,29,0,0,0,0,0,0
19.800000000000054,105,35,12,71,38,0,0,0,0,0,0
19.850000000000055,104,30,10,68,34,0,0,0,0,0,0
19.900000000000055,90,23,3,58,25,0,0,0,0,0,0
19.950000000000056,99,13,2,56,19,0,0,0,0,0,0
20.000000000000057,97,11,5,51,17,0,0,0,0,0,0
20.050000000000058,116,18,4,54,20,0,0,0,0,0,0
20.10000000000006,88,9,1,35,11,0,0,0,0,0,0
20.15000000000006,95,11,1,32,12,0,0,0,0,0,0
20.20000000000006,108,10,1,37,11,0,0,0,0,0,0
20.25000000000006,79,9,3,30,10,0,0,0,0,0,0
20.30000000000006,101,6,1,24,9,0,0,0,0,0,0
20.350000000000062,118,4,2,30,6,0,0,0,0,0,0
20.400000000000063,109,3,0,23,3,0,0,0,0,0,0
20.450000000000063,98,3,0,14,3,0,0,0,0,0,0
20.500000000000064,84,3,1,12,6,0,0,0,0,0,0
20.550000000000065,102,3,0,10,3,0,0,0,0,0,0
20.600000000000065,108,1,0,13,2,0,0,0,0,0,0
20.650000000000066,102,0,0,5,0,0,0,0,0,0,0
20.700000000000067,106,0,0,2,0,0,0,0,0,0,0
20.750000000000068,103,1,0,5,1,0,0,0,0,0,0
20.800000000000068,88,1,0,5,1,0,0,0,0,0,0
20.85000000000007,97,0,0,4,0,0,0,0,0,0,0
20.90000000000007,93,0,0,3,0,0,0,0,0,0,0
20.95000000000007,106,0,0,1,0,0,0,0,0,0,0
21.00000000000007,103,0,0,2,0,0,0,0,0,0,0
21.05000000000007,108,0,0,0,0,0,0,0,0,0,0
21.100000000000072,89,0,0,1,0,0,0,0,0,0,0
21.150000000000073,89,0,0,1,0,0,0,0,0,0,0
21.200000000000074,94,0,0,0,0,0,0,0,0,0,0
21.250000000000075,104,0,0,0,0,0,0,0,0,0,0
21.300000000000075,98,0,0,0,0,0,0,0,0,0,0
21.350000000000076,97,0,0,0,0,0,0,0,0,0,0
21.400000000000077,121,0,0,0,0,0,0,0,0,0,0
21.450000000000077,99,0,0,0,0,0,0,0,0,0,0
21.500000000000078,91,0,0,0,0,0,0,0,0,0,0
21.55000000000008,101,0,0,0,0,0,0,0,0,0,0
21.60000000000008,99,0,0,0,0,0,0,0,0,0,0
21.65000000000008,110,0,0,0,0,0,0,0,0,0,0
21.70000000000008,87,0,0,0,0,0,0,0,0,0,0
21.75000000000008,113,0,0,0,0,0,0,0,0,0,0
21.800000000000082,98,0,0,0,0,0,0,0,0,0,0
21.850000000000083,88,0,0,0,0,0,0,0,0,0,0
21.900000000000084,102,0,0,0,0,0,0,0,0,0,0
21.950000000000085,112,0,0,0,0,0,0,0,0,0,0
22.000000000000085,101,0,0,0,0,0,0,0,0,0,0
22.050000000000086,98,0,0,0,0,0,0,0,0,0,0
22.100000000000087,101,0,0,0,0,0,0,0,0,0,0
22.150000000000087,110,0,0,0,0,0,0,0,0,0,0
22.200000000000088,98,0,0,0,0,0,0,0,0,0,0
22.25000000000009,100,0,0,0,0,0,0,0,0,0,0
22.30000000000009,99,0,0,0,0,0,0,0,0,0,0
22.35000000000009,98,0,0,0,0,0,0,0,0,0,0
22.40000000000009,93,0,0,0,0,0,0,0,0,0,0
22.45000000000009,108,0,0,0,0,0,0,0,0,0,0
22.500000000000092,104,0,0,0,0,0,0,0,0,0,0
22.550000000000093,109,0,0,0,0,0,0,0,0,0,0
22.600000000000094,93,0,0,0,0,0,0,0,0,0,0
22.650000000000095,102,0,0,0,0,0,0,0,0,0,0
22.700000000000095,94,0,0,0,0,0,0,0,0,0,0
22.750000000000096,96,0,0,0,0,0,0,0,0,0,0
22.800000000000097,105,0,0,0,0,0,0,0,0,0,0
22.850000000000097,111,0,0,0,0,0,0,0,0,0,0
22.900000000000098,101,0,0,0,0,0,0,0,0,0,0
22.9500000000001,111,0,0,0,0,0,0,0,0,0,0
23.0000000000001,105,0,0,0,0,0,0,0,0,0,0
23.0500000000001,79,0,0,0,0,0,0,0,0,0,0
23.1000000000001,96,0,0,0,0,0,0,0,0,0,0
23.1500000000001,89,0,0,0,0,0,0,0,0,0,0
23.200000000000102,100,0,0,0,0,0,0,0,0,0,0
23.250000000000103,110,0,0,0,0,0,0,0,0,0,0
23.300000000000104,96,0,0,0,0,0,0,0,0,0,0
23.350000000000104,116,0,0,0,0,0,0,0,0,0,0
23.400000000000105,93,0,0,0,0,0,0,0,0,0,0
23.450000000000106,96,0,0,0,0,0,0,0,0,0,0
23.500000000000107,106,0,0,0,0,0,0,0,0,0,0
23.550000000000107,94,0,0,0,0,0,0,0,0,0,0
23.600000000000108,94,0,0,0,0,0,0,0,0,0,0
23.65000000000011,102,0,0,0,0,0,0,0,0,0,0
23.70000000000011,87,0,0,0,0,0,0,0,0,0,0
23.75000000000011,98,0,0,0,0,0,0,0,0,0,0
23.80000000000011,104,0,0,0,0,0,0,0,0,0,0
23.85000000000011,104,0,0,0,0,0,0,0,0,0,0
23.900000000000112,89,0,0,0,0,0,0,0,0,0,0
23.950000000000113,103,0,0,0,0,0,0,0,0,0,0
24.000000000000114,101,0,0,0,0,0,0,0,0,0,0
24.050000000000114,99,0,0,0,0,0,0,0,0,0,0
24.100000000000115,82,0,0,0,0,0,0,0,0,0,0
24.150000000000116,89,0,0,0,0,0,0,0,0,0,0
24.200000000000117,104,0,0,0,0,0,0,0,0,0,0
24.250000000000117,107,0,0,0,0,0,0,0,0,0,0
24.300000000000118,103,0,0,0,0,0,0,0,0,0,0
24.35000000000012,96,0,0,0,0,0,0,0,0,0,0
24.40000000000012,114,0,0,0,0,0,0,0,0,0,0
24.45000000000012,98,0,0,0,0,0,0,0,0,0,0
24.50000000000012,81,0,0,0,0,0,0,0,0,0,0
24.55000000000012,107,0,0,0,0,0,0,0,0,0,0
24.600000000000122,91,0,0,0,0,0,0,0,0,0,0
24.650000000000123,95,0,0,0,0,0,0,0,0,0,0
24.700000000000124,106,0,0,0,0,0,0,0,0,0,0
24.750000000000124,83,0,0,0,0,0,0,0,0,0,0
24.800000000000125,112,0,0,0,0,0,0,0,0,0,0
24.850000000000126,82,0,0,0,0,0,0,0,0,0,0
24.900000000000126,102,0,0,0,0,0,0,0,0,0,0
24.950000000000127,108,0,0,0,0,0,0,0,0,0,0
25.000000000000128,83,0,0,0,0,0,0,0,0,0,0
25.05000000000013,114,0,0,0,0,0,0,0,0,0,0
25.10000000000013,101,0,0,0,0,0,0,0,0,0,0
25.15000000000013,87,0,0,0,0,0,0,0,0,0,0
25.20000000000013,104,0,0,0,0,0,0,0,0,0,0
25.25000000000013,111,0,0,0,0,0,0,0,0,0,0
25.300000000000132,98,0,0,0,0,0,0,0,0,0,0
25.350000000000133,91,0,0,0,0,0,0,0,0,0,0
25.400000000000134,84,0,0,0,0,0,0,0,0,0,0
25.450000000000134,90,0,0,0,0,0,0,0,0,0,0
25.500000000000135,100,0,0,0,0,0,0,0,0,0,0
25.550000000000136,99,0,0,0,0,0,0,0,0,0,0
25.600000000000136,122,0,0,0,0,0,0,0,0,0,0
25.650000000000137,93,0,0,0,0,0,0,0,0,0,0
25.700000000000138,88,0,0,0,0,0,0,0,0,0,0
25.75000000000014,114,0,0,0,0,0,0,0,0,0,0
25.80000000000014,118,0,0,0,0,0,0,0,0,0,0
25.85000000000014,86,0,0,0,0,0,0,0,0,0,0
25.90000000000014,97,0,0,0,0,0,0,0,0,0,0
25.95000000000014,90,0,0,0,0,0,0,0,0,0,0
26.000000000000142,90,0,0,0,0,0,0,0,0,0,0
26.050000000000143,113,0,0,0,0,0,0,0,0,0,0
26.100000000000144,110,0,0,0,0,0,0,0,0,0,0
26.150000000000144,94,0,0,0,0,0,0,0,0,0,0
26.200000000000145,98,0,0,0,0,0,0,0,0,0,0
26.250000000000146,77,0,0,0,0,0,0,0,0,0,0
26.300000000000146,100,0,0,0,0,0,0,0,0,0,0
26.350000000000147,122,0,0,0,0,0,0,0,0,0,0
26.400000000000148,102,0,0,0,0,0,0,0,0,0,0
26.45000000000015,98,0,0,0,0,0,0,0,0,0,0
26.50000000000015,82,0,0,0,0,0,0,0,0,0,0
26.55000000000015,90,0,0,0,0,0,0,0,0,0,0
26.60000000000015,87,0,0,0,0,0,0,0,0,0,0
26.65000000000015,108,0,0,0,0,0,0,0,0,0,0
26.700000000000152,119,0,0,0,0,0,0,0,0,0,0
26.750000000000153,112,0,0,0,0,0,0,0,0,0,0
26.800000000000153,106,0,0,0,0,0,0,0,0,0,0
26.850000000000154,76,0,0,0,0,0,0,0,0,0,0
26.900000000000155,105,0,0,0,0,0,0,0,0,0,0
26.950000000000156,106,0,0,0,0,0,0,0,0,0,0
27.000000000000156,106,0,0,0,0,0,0,0,0,0,0
27.050000000000157,103,0,0,0,0,0,0,0,0,0,0
27.100000000000158,109,0,0,0,0,0,0,0,0,0,0
27.15000000000016,119,0,0,0,0,0,0,0,0,0,0
27.20000000000016,91,0,0,0,0,0,0,0,0,0,0
27.25000000000016,95,0,0,0,0,0,0,0,0,0,0
27.30000000000016,92,0,0,0,0,0,0,0,0,0,0
27.35000000000016,87,0,0,0,0,0,0,0,0,0,0
27.400000000000162,102,0,0,0,0,0,0,0,0,0,0
27.450000000000163,94,0,0,0,0,0,0,0,0,0,0
27.500000000000163,98,0,0,0,0,0,0,0,0,0,0
27.550000000000164,82,0,0,0,0,0,0,0,0,0,0
27.600000000000165,97,0,0,0,0,0,0,0,0,0,0
27.650000000000166,91,0,0,0,0,0,0,0,0,0,0
27.700000000000166,97,0,0,0,0,0,0,0,0,0,0
27.750000000000167,90,0,0,0,0,0,0,0,0,0,0
27.800000000000168,101,0,0,0,0,0,0,0,0,0,0
27.85000000000017,106,0,0,0,0,0,0,0,0,0,0
27.90000000000017,106,0,0,0,0,0,0,0,0,0,0
27.95000000000017,110,0,0,0,0,0,0,0,0,0,0
28.00000000000017,94,0,0,0,0,0,0,0,0,0,0
28.05000000000017,88,0,0,0,0,0,0,0,0,0,0
28.100000000000172,113,0,0,0,0,0,0,0,0,0,0
28.150000000000173,108,0,0,0,0,0,0,0,0,0,0
28.200000000000173,95,0,0,0,0,0,0,0,0,0,0
28.250000000000174,86,0,0,0,0,0,0,0,0,0,0
28.300000000000175,89,0,0,0,0,0,0,0,0,0,0
28.350000000000176,95,0,0,0,0,0,0,0,0,0,0
28.400000000000176,105,0,0,0,0,0,0,0,0,0,0
28.450000000000177,105,0,0,0,0,0,0,0,0,0,0
28.500000000000178,87,0,0,0,0,0,0,0,0,0,0
28.55000000000018,99,0,0,0,0,0,0,0,0,0,0
28.60000000000018,104,0,0,0,0,0,0,0,0,0,0
28.65000000000018,83,0,0,0,0,0,0,0,0,0,0
28.70000000000018,94,0,0,0,0,0,0,0,0,0,0
28.75000000000018,115,0,0,0,0,0,0,0,0,0,0
28.800000000000182,108,0,0,0,0,0,0,0,0,0,0
28.850000000000183,90,0,0,0,0,0,0,0,0,0,0
28.900000000000183,88,0,0,0,0,0,0,0,0,0,0
28.950000000000184,106,0,0,0,0,0,0,0,0,0,0
29.000000000000185,96,0,0,0,0,0,0,0,0,0,0
29.050000000000185,89,0,0,0,0,0,0,0,0,0,0
29.100000000000186,97,0,0,0,0,0,0,0,0,0,0
29.150000000000187,107,0,0,0,0,0,0,0,0,0,0
29.200000000000188,83,0,0,0,0,0,0,0,0,0,0
29.25000000000019,101,0,0,0,0,0,0,0,0,0,0
29.30000000000019,115,0,0,0,0,0,0,0,0,0,0
29.35000000000019,100,0,0,0,0,0,0,0,0,0,0
29.40000000000019,105,0,0,0,0,0,0,0,0,0,0
29.45000000000019,92,0,0,0,0,0,0,0,0,0,0
29.500000000000192,107,0,0,0,0,0,0,0,0,0,0
29.550000000000193,89,0,0,0,0,0,0,0,0,0,0
29.600000000000193,113,0,0,0,0,0,0,0,0,0,0
29.650000000000194,110,0,0,0,0,0,0,0,0,0,0
29.700000000000195,86,0,0,0,0,0,0,0,0,0,0
29.750000000000195,121,0,0,0,0,0,0,0,0,0,0
29.800000000000196,100,0,0,0,0,0,0,0,0,0,0
29.850000000000197,92,0,0,0,0,0,0,0,0,0,0
29.900000000000198,96,0,0,0,0,0,0,0,0,0,0
29.9500000000002,93,0,0,0,0,0,0,0,0,0,0
30.0000000000002,84,0,0,0,0,0,0,0,0,0,0
30.0500000000002,115,0,0,0,0,0,0,0,0,0,0
30.1000000000002,88,0,0,0,0,0,0,0,0,0,0
30.1500000000002,96,0,0,0,0,0,0,0,0,0,0
30.200000000000202,97,0,0,0,0,0,0,0,0,0,0
30.250000000000203,92,0,0,0,0,0,0,0,0,0,0
30.300000000000203,109,0,0,0,0,0,0,0,0,0,0
30.350000000000204,98,0,0,0,0,0,0,0,0,0,0
30.400000000000205,91,0,0,0,0,0,0,0,0,0,0
30.450000000000205,89,0,0,0,0,0,0,0,0,0,0
30.500000000000206,102,0,0,0,0,0,0,0,0,0,0
30.550000000000207,116,0,0,0,0,0,0,0,0,0,0
30.600000000000207,98,0,0,0,0,0,0,0,0,0,0
30.650000000000208,121,0,0,0,0,0,0,0,0,0,0
30.70000000000021,95,0,0,0,0,0,0,0,0,0,0
30.75000000000021,92,0,0,0,0,0,0,0,0,0,0
30.80000000000021,96,0,0,0,0,0,0,0,0,0,0
30.85000000000021,112,0,0,0,0,0,0,0,0,0,0
30.90000000000021,95,0,0,0,0,0,0,0,0,0,0
30.950000000000212,95,0,0,0,0,0,0,0,0,0,0
31.000000000000213,108,0,0,0,0,0,0,0,0,0,0
31.050000000000214,93,0,0,0,0,0,0,0,0,0,0
31.100000000000215,94,0,0,0,0,0,0,0,0,0,0
31.150000000000215,109,0,0,0,0,0,0,0,0,0,0
31.200000000000216,95,0,0,0,0,0,0,0,0,0,0
31.250000000000217,100,0,0,0,0,0,0,0,0,0,0
31.300000000000217,95,0,0,0,0,0,0,0,0,0,0
31.350000000000218,107,0,0,0,0,0,0,0,0,0,0
31.40000000000022,98,0,0,0,0,0,0,0,0,0,0
31.45000000000022,90,0,0,0,0,0,0,0,0,0,0
31.50000000000022,86,0,0,0,0,0,0,0,0,0,0
31.55000000000022,121,0,0,0,0,0,0,0,0,0,0
31.60000000000022,85,0,0,0,0,0,0,0,0,0,0
31.650000000000222,106,0,0,0,0,0,0,0,0,0,0
31.700000000000223,109,0,0,0,0,0,0,0,0,0,0
31.750000000000224,113,0,0,0,0,0,0,0,0,0,0
31.800000000000225,99,0,0,0,0,0,0,0,0,0,0
31.850000000000225,108,0,0,0,0,0,0,0,0,0,0
31.900000000000226,95,0,0,0,0,0,0,0,0,0,0
31.950000000000227,81,0,0,0,0,0,0,0,0,0,0
32.00000000000023,93,0,0,0,0,0,0,0,0,0,0
32.050000000000225,77,0,0,0,0,0,0,0,0,0,0
32.10000000000022,69,0,0,0,0,0,0,0,0,0,0
32.15000000000022,74,0,0,0,0,0,0,0,0,0,0
32.200000000000216,32,0,0,0,0,0,0,0,0,0,0
32.25000000000021,31,0,0,0,0,0,0,0,0,0,0
32.30000000000021,14,0,0,0,0,0,0,0,0,0,0
32.35000000000021,6,0,0,0,0,0,0,0,0,0,0
32.400000000000205,0,0,0,0,0,0,0,0,0,0,0
32.4500000000002,0,0,0,0,0,0,0,0,0,0,0
32.5000000000002,0,0,0,0,0,0,0,0,0,0,0
32.550000000000196,0,0,0,0,0,0,0,0,0,0,0
32.60000000000019,0,0,0,0,0,0,0,0,0,0,0
32.65000000000019,0,0,0,0,0,0,0,0,0,0,0
32.70000000000019,0,0,0,0,0,0,0,0,0,0,0
32.750000000000185,0,0,0,0,0,0,0,0,0,0,0
32.80000000000018,0,0,0,0,0,0,0,0,0,0,0
32.85000000000018,0,0,0,0,0,0,0,0,0,0,0
32.900000000000176,0,0,0,0,0,0,0,0,0,0,0
32.95000000000017,0,0,0,0,0,0,0,0,0,0,0
33.00000000000017,0,0,0,0,0,0,0,0,0,0,0
33.05000000000017,0,0,0,0,0,0,0,0,0,0,0
33.100000000000165,0,0,0,0,0,0,0,0,0,0,0
33.15000000000016,0,0,0,0,0,0,0,0,0,0,0
33.20000000000016,0,0,0,0,0,0,0,0,0,0,0
33.250000000000156,0,0,0,0,0,0,0,0,0,0,0
33.30000000000015,0,0,0,0,0,0,0,0,0,0,0
33.35000000000015,0,0,0,0,0,0,0,0,0,0,0
33.40000000000015,0,0,0,0,0,0,0,0,0,0,0
33.450000000000145,0,0,0,0,0,0,0,0,0,0,0
33.50000000000014,0,0,0,0,0,0,0,0,0,0,0
33.55000000000014,0,0,0,0,0,0,0,0,0,0,0
33.600000000000136,0,0,0,0,0,0,0,0,0,0,0
33.650000000000134,0,0,0,0,0,0,0,0,0,0,0
33.70000000000013,0,0,0,0,0,0,0,0,0,0,0
33.75000000000013,0,0,0,0,0,0,0,0,0,0,0
33.800000000000125,0,0,0,0,0,0,0,0,0,0,0
33.85000000000012,0,0,0,0,0,0,0,0,0,0,0
33.90000000000012,0,0,0,0,0,0,0,0,0,0,0
33.95000000000012,0,0,0,0,0,0,0,0,0,0,0
34.000000000000114,0,0,0,0,0,0,0,0,0,0,0
34.05000000000011,0,0,0,0,0,0,0,0,0,0,0
34.10000000000011,0,0,0,0,0,0,0,0,0,0,0
34.150000000000105,0,0,0,0,0,0,0,0,0,0,0
34.2000000000001,0,0,0,0,0,0,0,0,0,0,0
34.2500000000001,0,0,0,0,0,0,0,0,0,0,0
34.3000000000001,0,0,0,0,0,0,0,0,0,0,0
34.350000000000094,0,0,0,0,0,0,0,0,0,0,0
34.40000000000009,0,0,0,0,0,0,0,0,0,0,0
34.45000000000009,0,0,0,0,0,0,0,0,0,0,0
34.500000000000085,0,0,0,0,0,0,0,0,0,0,0
34.55000000000008,0,0,0,0,0,0,0,0,0,0,0
34.60000000000008,0,0,0,0,0,0,0,0,0,0,0
34.65000000000008,0,0,0,0,0,0,0,0,0,0,0
34.700000000000074,0,0,0,0,0,0,0,0,0,0,0
34.75000000000007,0,0,0,0,0,0,0,0,0,0,0
34.80000000000007,0,0,0,0,0,0,0,0,0,0,0
34.850000000000065,0,0,0,0,0,0,0,0,0,0,0
34.90000000000006,0,0,0,0,0,0,0,0,0,0,0
34.95000000000006,0,0,0,0,0,0,0,0,0,0,0
35.00000000000006,0,0,0,0,0,0,0,0,0,0,0
35.050000000000054,0,0,0,0,0,0,0,0,0,0,0
35.10000000000005,0,0,0,0,0,0,0,0,0,0,0
35.15000000000005,0,0,0,0,0,0,0,0,0,0,0
35.200000000000045,0,0,0,0,0,0,0,0,0,0,0
35.25000000000004,0,0,0,0,0,0,0,0,0,0,0
35.30000000000004,0,0,0,0,0,0,0,0,0,0,0
35.35000000000004,0,0,0,0,0,0,0,0,0,0,0
35.400000000000034,0,0,0,0,0,0,0,0,0,0,0
35.45000000000003,0,0,0,0,0,0,0,0,0,0,0
35.50000000000003,0,0,0,0,0,0,0,0,0,0,0
35.550000000000026,0,0,0,0,0,0,0,0,0,0,0
35.60000000000002,0,0,0,0,0,0,0,0,0,0,0
35.65000000000002,0,0,0,0,0,0,0,0,0,0,0
35.70000000000002,0,0,0,0,0,0,0,0,0,0,0
35.750000000000014,0,0,0,0,0,0,0,0,0,0,0
35.80000000000001,0,0,0,0,0,0,0,0,0,0,0
35.85000000000001,0,0,0,0,0,0,0,0,0,0,0
35.900000000000006,0,0,0,0,0,0,0,0,0,0,0
35.95,0,0,0,0,0,0,0,0,0,0,0
36.0,0,0,0,0,0,0,0,0,0,0,0
36.05,0,0,0,0,0,0,0,0,0,0,0
36.099999999999994,0,0,0,0,0,0,0,0,0,0,0
36.14999999999999,0,0,0,0,0,0,0,0,0,0,0
36.19999999999999,0,0,0,0,0,0,0,0,0,0,0
36.249999999999986,0,0,0,0,0,0,0,0,0,0,0
36.29999999999998,0,0,0,0,0,0,0,0,0,0,0
36.34999999999998,0,0,0,0,0,0,0,0,0,0,0
36.39999999999998,0,0,0,0,0,0,0,0,0,0,0
36.449999999999974,0,0,0,0,0,0,0,0,0,0,0
36.49999999999997,0,0,0,0,0,0,0,0,0,0,0
36.54999999999997,0,0,0,0,0,0,0,0,0,0,0
36.599999999999966,0,0,0,0,0,0,0,0,0,0,0
36.64999999999996,0,0,0,0,0,0,0,0,0,0,0
36.69999999999996,0,0,0,0,0,0,0,0,0,0,0
36.74999999999996,0,0,0,0,0,0,0,0,0,0,0
36.799999999999955,0,0,0,0,0,0,0,0,0,0,0
36.84999999999995,0,0,0,0,0,0,0,0,0,0,0
36.89999999999995,0,0,0,0,0,0,0,0,0,0,0
36.949999999999946,0,0,0,0,0,0,0,0,0,0,0
36.99999999999994,0,0,0,0,0,0,0,0,0,0,0
37.04999999999994,0,0,0,0,0,0,0,0,0,0,0
37.09999999999994,0,0,0,0,0,0,0,0,0,0,0
37.149999999999935,0,0,0,0,0,0,0,0,0,0,0
37.19999999999993,0,0,0,0,0,0,0,0,0,0,0
37.24999999999993,0,0,0,0,0,0,0,0,0,0,0
37.299999999999926,0,0,0,0,0,0,0,0,0,0,0
37.34999999999992,0,0,0,0,0,0,0,0,0,0,0
37.39999999999992,0,0,0,0,0,0,0,0,0,0,0
37.44999999999992,0,0,0,0,0,0,0,0,0,0,0
37.499999999999915,0,0,0,0,0,0,0,0,0,0,0
37.54999999999991,0,0,0,0,0,0,0,0,0,0,0
37.59999999999991,0,0,0,0,0,0,0,0,0,0,0
37.649999999999906,0,0,0,0,0,0,0,0,0,0,0
37.6999999999999,0,0,0,0,0,0,0,0,0,0,0
37.7499999999999,0,0,0,0,0,0,0,0,0,0,0
37.7999999999999,0,0,0,0,0,0,0,0,0,0,0
37.849999999999895,0,0,0,0,0,0,0,0,0,0,0
37.89999999999989,0,0,0,0,0,0,0,0,0,0,0
37.94999999999989,0,0,0,0,0,0,0,0,0,0,0
37.999999999999886,0,0,0,0,0,0,0,0,0,0,0
38.04999999999988,0,0,0,0,0,0,0,0,0,0,0
38.09999999999988,0,0,0,0,0,0,0,0,0,0,0
38.14999999999988,0,0,0,0,0,0,0,0,0,0,0
38.199999999999875,0,0,0,0,0,0,0,0,0,0,0
38.24999999999987,0,0,0,0,0,0,0,0,0,0,0
38.29999999999987,0,0,0,0,0,0,0,0,0,0,0
38.349999999999866,0,0,0,0,0,0,0,0,0,0,0
38.399999999999864,0,0,0,0,0,0,0,0,0,0,0
38.44999999999986,0,0,0,0,0,0,0,0,0,0,0
38.49999999999986,0,0,0,0,0,0,0,0,0,0,0
38.549999999999855,0,0,0,0,0,0,0,0,0,0,0
38.59999999999985,0,0,0,0,0,0,0,0,0,0,0
38.64999999999985,0,0,0,0,0,0,0,0,0,0,0
38.69999999999985,0,0,0,0,0,0,0,0,0,0,0
38.749999999999844,0,0,0,0,0,0,0,0,0,0,0
38.79999999999984,0,0,0,0,0,0,0,0,0,0,0
38.84999999999984,0,0,0,0,0,0,0,0,0,0,0
38.899999999999835,0,0,0,0,0,0,0,0,0,0,0
38.94999999999983,0,0,0,0,0,0,0,0,0,0,0
38.99999999999983,0,0,0,0,0,0,0,0,0,0,0
39.04999999999983,0,0,0,0,0,0,0,0,0,0,0
39.099999999999824,0,0,0,0,0,0,0,0,0,0,0
39.14999999999982,0,0,0,0,0,0,0,0,0,0,0
39.19999999999982,0,0,0,0,0,0,0,0,0,0,0
39.249999999999815,0,0,0,0,0,0,0,0,0,0,0
39.29999999999981,0,0,0,0,0,0,0,0,0,0,0
39.34999999999981,0,0,0,0,0,0,0,0,0,0,0
39.39999999999981,0,0,0,0,0,0,0,0,0,0,0
39.449999999999804,0,0,0,0,0,0,0,0,0,0,0
39.4999999999998,0,0,0,0,0,0,0,0,0,0,0
39.5499999999998,0,0,0,0,0,0,0,0,0,0,0
39.599999999999795,0,0,0,0,0,0,0,0,0,0,0
39.64999999999979,0,0,0,0,0,0,0,0,0,0,0
39.69999999999979,0,0,0,0,0,0,0,0,0,0,0
39.74999999999979,0,0,0,0,0,0,0,0,0,0,0
39.799999999999784,0,0,0,0,0,0,0,0,0,0,0
39.84999999999978,0,0,0,0,0,0,0,0,0,0,0
39.89999999999978,0,0,0,0,0,0,0,0,0,0,0
39.949999999999775,0,0,0,0,0,0,0,0,0,0,0
39.99999999999977,0,0,0,0,0,0,0,0,0,0,0
40.04999999999977,0,0,0,0,0,0,0,0,0,0,0
40.09999999999977,0,0,0,0,0,0,0,0,0,0,0
40.149999999999764,0,0,0,0,0,0,0,0,0,0,0
40.19999999999976,0,0,0,0,0,0,0,0,0,0,0
40.24999999999976,0,0,0,0,0,0,0,0,0,0,0
40.299999999999756,0,0,0,0,0,0,0,0,0,0,0
40.34999999999975,0,0,0,0,0,0,0,0,0,0,0
40.39999999999975,0,0,0,0,0,0,0,0,0,0,0
40.44999999999975,0,0,0,0,0,0,0,0,0,0,0
40.499999999999744,0,0,0,0,0,0,0,0,0,0,0
40.54999999999974,0,0,0,0,0,0,0,0,0,0,0
40.59999999999974,0,0,0,0,0,0,0,0,0,0,0
40.649999999999736,0,0,0,0,0,0,0,0,0,0,0
40.69999999999973,0,0,0,0,0,0,0,0,0,0,0
40.74999999999973,0,0,0,0,0,0,0,0,0,0,0
40.79999999999973,0,0,0,0,0,0,0,0,0,0,0
40.849999999999724,0,0,0,0,0,0,0,0,0,0,0
40.89999999999972,0,0,0,0,0,0,0,0,0,0,0
40.94999999999972,0,0,0,0,0,0,0,0,0,0,0
40.999999999999716,0,0,0,0,0,0,0,0,0,0,0
41.04999999999971,0,0,0,0,0,0,0,0,0,0,0
41.09999999999971,0,0,0,0,0,0,0,0,0,0,0
41.14999999999971,0,0,0,0,0,0,0,0,0,0,0
41.199999999999704,0,0,0,0,0,0,0,0,0,0,0
41.2499999999997,0,0,0,0,0,0,0,0,0,0,0
41.2999999999997,0,0,0,0,0,0,0,0,0,0,0
41.349999999999696,0,0,0,0,0,0,0,0,0,0,0
41.39999999999969,0,0,0,0,0,0,0,0,0,0,0
41.44999999999969,0,0,0,0,0,0,0,0,0,0,0
41.49999999999969,0,0,0,0,0,0,0,0,0,0,0
41.549999999999685,0,0,0,0,0,0,0,0,0,0,0
*****
16,0.05,100,0.3,0.7,10,100,0.261843996326,0.0853672733114
16,100,100,100,99,100,0,0,0,0,0,0
16.05,97,97,97,97,97,0,0,0,0,0,0
16.1,115,115,115,114,115,0,0,0,0,0,0
16.150000000000002,101,101,101,101,101,0,0,0,0,0,0
16.200000000000003,92,92,92,92,92,0,0,0,0,0,0
16.250000000000004,95,95,95,95,95,0,0,0,0,0,0
16.300000000000004,124,124,124,124,124,0,0,0,0,0,0
16.350000000000005,114,114,114,113,114,0,0,0,0,0,0
16.400000000000006,110,110,110,110,110,0,0,0,0,0,0
16.450000000000006,118,118,118,116,118,0,0,0,0,0,0
16.500000000000007,114,114,114,114,114,0,0,0,0,0,0
16.550000000000008,102,102,102,100,102,0,0,0,0,0,0
16.60000000000001,93,93,93,92,93,0,0,0,0,0,0
16.65000000000001,110,110,110,110,110,0,0,0,0,0,0
16.70000000000001,106,106,106,106,106,0,0,0,0,0,0
16.75000000000001,113,113,113,113,113,0,0,0,0,0,0
16.80000000000001,104,104,104,103,104,0,0,0,0,0,0
16.850000000000012,98,98,98,97,98,0,0,0,0,0,0
16.900000000000013,109,109,109,107,109,0,0,0,0,0,0
16.950000000000014,121,121,121,120,121,0,0,0,0,0,0
17.000000000000014,102,102,102,101,102,0,0,0,0,0,0
17.050000000000015,103,103,103,100,103,0,0,0,0,0,0
17.100000000000016,108,107,107,105,107,0,0,0,0,0,0
17.150000000000016,99,99,99,98,99,0,0,0,0,0,0
17.200000000000017,98,98,97,93,98,0,0,0,0,0,0
17.250000000000018,114,114,114,110,114,0,0,0,0,0,0
17.30000000000002,100,100,100,97,100,0,0,0,0,0,0
17.35000000000002,115,115,114,115,115,0,0,0,0,0,0
17.40000000000002,107,107,107,104,107,0,0,0,0,0,0
17.45000000000002,118,118,118,114,118,0,0,0,0,0,0
17.50000000000002,113,113,113,111,113,0,0,0,0,0,0
17.550000000000022,94,92,91,93,93,0,0,0,0,0,0
17.600000000000023,98,97,98,93,98,0,0,0,0,0,0
17.650000000000023,98,95,95,93,97,0,0,0,0,0,0
17.700000000000024,105,104,104,102,104,0,0,0,0,0,0
17.750000000000025,103,103,103,97,103,0,0,0,0,0,0
17.800000000000026,112,108,109,107,111,0,0,0,0,0,0
17.850000000000026,119,117,117,110,119,0,0,0,0,0,0
17.900000000000027,105,101,104,101,105,0,0,0,0,0,0
17.950000000000028,114,113,112,109,113,0,0,0,0,0,0
18.00000000000003,88,86,86,81,86,0,0,0,0,0,0
18.05000000000003,109,103,105,101,106,0,0,0,0,0,0
18.10000000000003,98,93,93,90,95,0,0,0,0,0,0
18.15000000000003,107,98,99,98,102,0,0,0,0,0,0
18.20000000000003,98,89,91,96,94,0,0,0,0,0,0
18.250000000000032,117,110,109,105,112,0,0,0,0,0,0
18.300000000000033,103,93,94,90,97,0,0,0,0,0,0
18.350000000000033,112,102,104,104,108,0,0,0,0,0,0
18.400000000000034,101,89,89,93,95,0,0,0,0,0,0
18.450000000000035,108,98,100,96,106,0,0,0,0,0,0
18.500000000000036,113,104,103,101,108,0,0,0,0,0,0
18.550000000000036,110,92,92,99,97,0,0,0,0,0,0
18.600000000000037,102,84,85,94,90,0,0,0,0,0,0
18.650000000000038,91,75,75,75,80,0,0,0,0,0,0
18.70000000000004,103,79,81,86,86,0,0,0,0,0,0
18.75000000000004,124,100,96,103,108,0,0,0,0,0,0
18.80000000000004,91,68,66,77,72,0,0,0,0,0,0
18.85000000000004,104,83,83,87,92,0,0,0,0,0,0
18.90000000000004,109,74,78,92,87,0,0,0,0,0,0
18.950000000000042,88,60,66,70,68,0,0,0,0,0,0
19.000000000000043,124,79,81,102,91,0,0,0,0,0,0
19.050000000000043,107,64,66,79,74,0,0,0,0,0,0
19.100000000000044,96,46,50,69,52,0,0,0,0,0,0
19.150000000000045,106,62,61,69,69,0,0,0,0,0,0
19.200000000000045,105,52,54,73,66,0,0,0,0,0,0
19.250000000000046,114,56,64,82,69,0,0,0,0,0,0
19.300000000000047,101,41,47,67,55,0,0,0,0,0,0
19.350000000000048,101,51,56,64,65,0,0,0,0,0,0
19.40000000000005,109,51,52,67,62,0,0,0,0,0,0
19.45000000000005,113,44,57,70,59,0,0,0,0,0,0
19.50000000000005,91,36,33,56,44,0,0,0,0,0,0
19.55000000000005,127,55,59,78,67,0,0,0,0,0,0
19.60000000000005,99,32,40,52,40,0,0,0,0,0,0
19.650000000000052,121,33,36,59,41,0,0,0,0,0,0
19.700000000000053,107,31,34,56,38,0,0,0,0,0,0
19.750000000000053,95,20,21,34,26,0,0,0,0,0,0
19.800000000000054,95,19,20,34,25,0,0,0,0,0,0
19.850000000000055,101,23,26,41,31,0,0,0,0,0,0
19.900000000000055,94,19,22,35,26,0,0,0,0,0,0
19.950000000000056,109,28,28,34,33,0,0,0,0,0,0
20.000000000000057,117,20,22,40,27,0,0,0,0,0,0
20.050000000000058,112,20,22,39,23,0,0,0,0,0,0
20.10000000000006,101,14,12,26,19,0,0,0,0,0,0
20.15000000000006,99,15,15,24,18,0,0,0,0,0,0
20.20000000000006,92,13,14,21,17,0,0,0,0,0,0
20.25000000000006,112,7,6,15,7,0,0,0,0,0,0
20.30000000000006,124,16,15,24,21,0,0,0,0,0,0
20.350000000000062,97,13,13,21,15,0,0,0,0,0,0
20.400000000000063,109,8,9,18,10,0,0,0,0,0,0
20.450000000000063,115,11,10,14,12,0,0,0,0,0,0
20.500000000000064,92,8,10,11,10,0,0,0,0,0,0
20.550000000000065,98,6,8,16,9,0,0,0,0,0,0
20.600000000000065,119,7,4,8,7,0,0,0,0,0,0
20.650000000000066,105,8,7,10,8,0,0,0,0,0,0
20.700000000000067,102,2,3,6,4,0,0,0,0,0,0
20.750000000000068,107,3,2,6,3,0,0,0,0,0,0
20.800000000000068,109,8,7,10,9,0,0,0,0,0,0
20.85000000000007,96,1,1,2,1,0,0,0,0,0,0
20.90000000000007,98,1,1,2,1,0,0,0,0,0,0
20.95000000000007,132,2,3,5,3,0,0,0,0,0,0
21.00000000000007,98,1,1,3,1,0,0,0,0,0,0
21.05000000000007,104,2,2,1,2,0,0,0,0,0,0
21.100000000000072,98,2,2,3,2,0,0,0,0,0,0
21.150000000000073,106,1,2,1,2,0,0,0,0,0,0
21.200000000000074,105,1,1,1,1,0,0,0,0,0,0
21.250000000000075,108,1,1,1,1,0,0,0,0,0,0
21.300000000000075,116,1,1,1,1,0,0,0,0,0,0
21.350000000000076,85,1,1,2,1,0,0,0,0,0,0
21.400000000000077,125,0,0,1,0,0,0,0,0,0,0
21.450000000000077,104,1,1,4,1,0,0,0,0,0,0
21.500000000000078,99,1,0,1,1,0,0,0,0,0,0
21.55000000000008,106,0,0,0,0,0,0,0,0,0,0
21.60000000000008,102,0,0,0,0,0,0,0,0,0,0
21.65000000000008,106,0,0,1,0,0,0,0,0,0,0
21.70000000000008,99,1,1,1,1,0,0,0,0,0,0
21.75000000000008,106,0,0,0,0,0,0,0,0,0,0
21.800000000000082,101,0,0,0,0,0,0,0,0,0,0
21.850000000000083,113,0,0,0,0,0,0,0,0,0,0
21.900000000000084,107,0,0,0,0,0,0,0,0,0,0
21.950000000000085,110,0,0,0,0,0,0,0,0,0,0
22.000000000000085,93,0,0,0,0,0,0,0,0,0,0
22.050000000000086,118,0,0,0,0,0,0,0,0,0,0
22.100000000000087,100,0,0,0,0,0,0,0,0,0,0
22.150000000000087,121,0,0,0,0,0,0,0,0,0,0
22.200000000000088,94,0,0,0,0,0,0,0,0,0,0
22.25000000000009,109,0,0,0,0,0,0,0,0,0,0
22.30000000000009,103,0,0,0,0,0,0,0,0,0,0
22.35000000000009,101,0,0,0,0,0,0,0,0,0,0
22.40000000000009,116,0,0,0,0,0,0,0,0,0,0
22.45000000000009,98,0,0,0,0,0,0,0,0,0,0
22.500000000000092,108,0,0,0,0,0,0,0,0,0,0
22.550000000000093,120,0,0,0,0,0,0,0,0,0,0
22.600000000000094,99,0,0,0,0,0,0,0,0,0,0
22.650000000000095,103,0,0,0,0,0,0,0,0,0,0
22.700000000000095,112,0,0,0,0,0,0,0,0,0,0
22.750000000000096,102,0,0,0,0,0,0,0,0,0,0
22.800000000000097,113,0,0,0,0,0,0,0,0,0,0
22.850000000000097,93,0,0,0,0,0,0,0,0,0,0
22.900000000000098,106,0,0,0,0,0,0,0,0,0,0
22.9500000000001,86,0,0,0,0,0,0,0,0,0,0
23.0000000000001,113,0,0,0,0,0,0,0,0,0,0
23.0500000000001,96,0,0,0,0,0,0,0,0,0,0
23.1000000000001,113,0,0,0,0,0,0,0,0,0,0
23.1500000000001,116,0,0,0,0,0,0,0,0,0,0
23.200000000000102,123,0,0,0,0,0,0,0,0,0,0
23.250000000000103,108,0,0,0,0,0,0,0,0,0,0
23.300000000000104,109,0,0,0,0,0,0,0,0,0,0
23.350000000000104,97,0,0,0,0,0,0,0,0,0,0
23.400000000000105,95,0,0,0,0,0,0,0,0,0,0
23.450000000000106,109,0,0,0,0,0,0,0,0,0,0
23.500000000000107,84,0,0,0,0,0,0,0,0,0,0
23.550000000000107,104,0,0,0,0,0,0,0,0,0,0
23.600000000000108,98,0,0,0,0,0,0,0,0,0,0
23.65000000000011,123,0,0,0,0,0,0,0,0,0,0
23.70000000000011,128,0,0,0,0,0,0,0,0,0,0
23.75000000000011,105,0,0,0,0,0,0,0,0,0,0
23.80000000000011,99,0,0,0,0,0,0,0,0,0,0
23.85000000000011,91,0,0,0,0,0,0,0,0,0,0
23.900000000000112,108,0,0,0,0,0,0,0,0,0,0
23.950000000000113,98,0,0,0,0,0,0,0,0,0,0
24.000000000000114,114,0,0,0,0,0,0,0,0,0,0
24.050000000000114,117,0,0,0,0,0,0,0,0,0,0
24.100000000000115,100,0,0,0,0,0,0,0,0,0,0
24.150000000000116,89,0,0,0,0,0,0,0,0,0,0
24.200000000000117,114,0,0,0,0,0,0,0,0,0,0
24.250000000000117,98,0,0,0,0,0,0,0,0,0,0
24.300000000000118,113,0,0,0,0,0,0,0,0,0,0
24.35000000000012,100,0,0,0,0,0,0,0,0,0,0
24.40000000000012,120,0,0,0,0,0,0,0,0,0,0
24.45000000000012,110,0,0,0,0,0,0,0,0,0,0
24.50000000000012,107,0,0,0,0,0,0,0,0,0,0
24.55000000000012,95,0,0,0,0,0,0,0,0,0,0
24.600000000000122,117,0,0,0,0,0,0,0,0,0,0
24.650000000000123,105,0,0,0,0,0,0,0,0,0,0
24.700000000000124,106,0,0,0,0,0,0,0,0,0,0
24.750000000000124,117,0,0,0,0,0,0,0,0,0,0
24.800000000000125,104,0,0,0,0,0,0,0,0,0,0
24.850000000000126,106,0,0,0,0,0,0,0,0,0,0
24.900000000000126,97,0,0,0,0,0,0,0,0,0,0
24.950000000000127,103,0,0,0,0,0,0,0,0,0,0
25.000000000000128,111,0,0,0,0,0,0,0,0,0,0
25.05000000000013,96,0,0,0,0,0,0,0,0,0,0
25.10000000000013,111,0,0,0,0,0,0,0,0,0,0
25.15000000000013,110,0,0,0,0,0,0,0,0,0,0
25.20000000000013,125,0,0,0,0,0,0,0,0,0,0
25.25000000000013,106,0,0,0,0,0,0,0,0,0,0
25.300000000000132,98,0,0,0,0,0,0,0,0,0,0
25.350000000000133,98,0,0,0,0,0,0,0,0,0,0
25.400000000000134,102,0,0,0,0,0,0,0,0,0,0
25.450000000000134,114,0,0,0,0,0,0,0,0,0,0
25.500000000000135,102,0,0,0,0,0,0,0,0,0,0
25.550000000000136,105,0,0,0,0,0,0,0,0,0,0
25.600000000000136,95,0,0,0,0,0,0,0,0,0,0
25.650000000000137,105,0,0,0,0,0,0,0,0,0,0
25.700000000000138,105,0,0,0,0,0,0,0,0,0,0
25.75000000000014,113,0,0,0,0,0,0,0,0,0,0
25.80000000000014,123,0,0,0,0,0,0,0,0,0,0
25.85000000000014,108,0,0,0,0,0,0,0,0,0,0
25.90000000000014,87,0,0,0,0,0,0,0,0,0,0
25.95000000000014,100,0,0,0,0,0,0,0,0,0,0
26.000000000000142,110,0,0,0,0,0,0,0,0,0,0
26.050000000000143,118,0,0,0,0,0,0,0,0,0,0
26.100000000000144,106,0,0,0,0,0,0,0,0,0,0
26.150000000000144,110,0,0,0,0,0,0,0,0,0,0
26.200000000000145,113,0,0,0,0,0,0,0,0,0,0
26.250000000000146,104,0,0,0,0,0,0,0,0,0,0
26.300000000000146,96,0,0,0,0,0,0,0,0,0,0
26.350000000000147,98,0,0,0,0,0,0,0,0,0,0
26.400000000000148,118,0,0,0,0,0,0,0,0,0,0
26.45000000000015,116,0,0,0,0,0,0,0,0,0,0
26.50000000000015,102,0,0,0,0,0,0,0,0,0,0
26.55000000000015,97,0,0,0,0,0,0,0,0,0,0
26.60000000000015,92,0,0,0,0,0,0,0,0,0,0
26.65000000000015,98,0,0,0,0,0,0,0,0,0,0
26.700000000000152,110,0,0,0,0,0,0,0,0,0,0
26.750000000000153,127,0,0,0,0,0,0,0,0,0,0
26.800000000000153,121,0,0,0,0,0,0,0,0,0,0
26.850000000000154,93,0,0,0,0,0,0,0,0,0,0
26.900000000000155,90,0,0,0,0,0,0,0,0,0,0
26.950000000000156,113,0,0,0,0,0,0,0,0,0,0
27.000000000000156,102,0,0,0,0,0,0,0,0,0,0
27.050000000000157,97,0,0,0,0,0,0,0,0,0,0
27.100000000000158,103,0,0,0,0,0,0,0,0,0,0
27.15000000000016,108,0,0,0,0,0,0,0,0,0,0
27.20000000000016,101,0,0,0,0,0,0,0,0,0,0
27.25000000000016,112,0,0,0,0,0,0,0,0,0,0
27.30000000000016,114,0,0,0,0,0,0,0,0,0,0
27.35000000000016,106,0,0,0,0,0,0,0,0,0,0
27.400000000000162,104,0,0,0,0,0,0,0,0,0,0
27.450000000000163,111,0,0,0,0,0,0,0,0,0,0
27.500000000000163,100,0,0,0,0,0,0,0,0,0,0
27.550000000000164,124,0,0,0,0,0,0,0,0,0,0
27.600000000000165,87,0,0,0,0,0,0,0,0,0,0
27.650000000000166,109,0,0,0,0,0,0,0,0,0,0
27.700000000000166,95,0,0,0,0,0,0,0,0,0,0
27.750000000000167,116,0,0,0,0,0,0,0,0,0,0
27.800000000000168,103,0,0,0,0,0,0,0,0,0,0
27.85000000000017,103,0,0,0,0,0,0,0,0,0,0
27.90000000000017,110,0,0,0,0,0,0,0,0,0,0
27.95000000000017,105,0,0,0,0,0,0,0,0,0,0
28.00000000000017,98,0,0,0,0,0,0,0,0,0,0
28.05000000000017,123,0,0,0,0,0,0,0,0,0,0
28.100000000000172,102,0,0,0,0,0,0,0,0,0,0
28.150000000000173,100,0,0,0,0,0,0,0,0,0,0
28.200000000000173,120,0,0,0,0,0,0,0,0,0,0
28.250000000000174,99,0,0,0,0,0,0,0,0,0,0
28.300000000000175,91,0,0,0,0,0,0,0,0,0,0
28.350000000000176,108,0,0,0,0,0,0,0,0,0,0
28.400000000000176,98,0,0,0,0,0,0,0,0,0,0
28.450000000000177,123,0,0,0,0,0,0,0,0,0,0
28.500000000000178,94,0,0,0,0,0,0,0,0,0,0
28.55000000000018,112,0,0,0,0,0,0,0,0,0,0
28.60000000000018,107,0,0,0,0,0,0,0,0,0,0
28.65000000000018,107,0,0,0,0,0,0,0,0,0,0
28.70000000000018,101,0,0,0,0,0,0,0,0,0,0
28.75000000000018,113,0,0,0,0,0,0,0,0,0,0
28.800000000000182,99,0,0,0,0,0,0,0,0,0,0
28.850000000000183,104,0,0,0,0,0,0,0,0,0,0
28.900000000000183,87,0,0,0,0,0,0,0,0,0,0
28.950000000000184,114,0,0,0,0,0,0,0,0,0,0
29.000000000000185,136,0,0,0,0,0,0,0,0,0,0
29.050000000000185,107,0,0,0,0,0,0,0,0,0,0
29.100000000000186,112,0,0,0,0,0,0,0,0,0,0
29.150000000000187,109,0,0,0,0,0,0,0,0,0,0
29.200000000000188,80,0,0,0,0,0,0,0,0,0,0
29.25000000000019,96,0,0,0,0,0,0,0,0,0,0
29.30000000000019,98,0,0,0,0,0,0,0,0,0,0
29.35000000000019,104,0,0,0,0,0,0,0,0,0,0
29.40000000000019,117,0,0,0,0,0,0,0,0,0,0
29.45000000000019,109,0,0,0,0,0,0,0,0,0,0
29.500000000000192,112,0,0,0,0,0,0,0,0,0,0
29.550000000000193,101,0,0,0,0,0,0,0,0,0,0
29.600000000000193,122,0,0,0,0,0,0,0,0,0,0
29.650000000000194,113,0,0,0,0,0,0,0,0,0,0
29.700000000000195,95,0,0,0,0,0,0,0,0,0,0
29.750000000000195,107,0,0,0,0,0,0,0,0,0,0
29.800000000000196,92,0,0,0,0,0,0,0,0,0,0
29.850000000000197,107,0,0,0,0,0,0,0,0,0,0
29.900000000000198,112,0,0,0,0,0,0,0,0,0,0
29.9500000000002,101,0,0,0,0,0,0,0,0,0,0
30.0000000000002,118,0,0,0,0,0,0,0,0,0,0
30.0500000000002,100,0,0,0,0,0,0,0,0,0,0
30.1000000000002,95,0,0,0,0,0,0,0,0,0,0
30.1500000000002,95,0,0,0,0,0,0,0,0,0,0
30.200000000000202,115,0,0,0,0,0,0,0,0,0,0
30.250000000000203,110,0,0,0,0,0,0,0,0,0,0
30.300000000000203,101,0,0,0,0,0,0,0,0,0,0
30.350000000000204,108,0,0,0,0,0,0,0,0,0,0
30.400000000000205,100,0,0,0,0,0,0,0,0,0,0
30.450000000000205,104,0,0,0,0,0,0,0,0,0,0
30.500000000000206,120,0,0,0,0,0,0,0,0,0,0
30.550000000000207,112,0,0,0,0,0,0,0,0,0,0
30.600000000000207,110,0,0,0,0,0,0,0,0,0,0
30.650000000000208,87,0,0,0,0,0,0,0,0,0,0
30.70000000000021,122,0,0,0,0,0,0,0,0,0,0
30.75000000000021,99,0,0,0,0,0,0,0,0,0,0
30.80000000000021,119,0,0,0,0,0,0,0,0,0,0
30.85000000000021,90,0,0,0,0,0,0,0,0,0,0
30.90000000000021,128,0,0,0,0,0,0,0,0,0,0
30.950000000000212,98,0,0,0,0,0,0,0,0,0,0
31.000000000000213,110,0,0,0,0,0,0,0,0,0,0
31.050000000000214,88,0,0,0,0,0,0,0,0,0,0
31.100000000000215,95,0,0,0,0,0,0,0,0,0,0
31.150000000000215,97,0,0,0,0,0,0,0,0,0,0
31.200000000000216,121,0,0,0,0,0,0,0,0,0,0
31.250000000000217,112,0,0,0,0,0,0,0,0,0,0
31.300000000000217,104,0,0,0,0,0,0,0,0,0,0
31.350000000000218,96,0,0,0,0,0,0,0,0,0,0
31.40000000000022,100,0,0,0,0,0,0,0,0,0,0
31.45000000000022,110,0,0,0,0,0,0,0,0,0,0
31.50000000000022,116,0,0,0,0,0,0,0,0,0,0
31.55000000000022,116,0,0,0,0,0,0,0,0,0,0
31.60000000000022,115,0,0,0,0,0,0,0,0,0,0
31.650000000000222,91,0,0,0,0,0,0,0,0,0,0
31.700000000000223,85,0,0,0,0,0,0,0,0,0,0
31.750000000000224,98,0,0,0,0,0,0,0,0,0,0
31.800000000000225,120,0,0,0,0,0,0,0,0,0,0
31.850000000000225,105,0,0,0,0,0,0,0,0,0,0
31.900000000000226,119,0,0,0,0,0,0,0,0,0,0
31.950000000000227,114,0,0,0,0,0,0,0,0,0,0
32.00000000000023,96,0,0,0,0,0,0,0,0,0,0
32.050000000000225,109,0,0,0,0,0,0,0,0,0,0
32.10000000000022,105,0,0,0,0,0,0,0,0,0,0
32.15000000000022,94,0,0,0,0,0,0,0,0,0,0
32.200000000000216,99,0,0,0,0,0,0,0,0,0,0
32.25000000000021,107,0,0,0,0,0,0,0,0,0,0
32.30000000000021,100,0,0,0,0,0,0,0,0,0,0
32.35000000000021,93,0,0,0,0,0,0,0,0,0,0
32.400000000000205,80,0,0,0,0,0,0,0,0,0,0
32.4500000000002,69,0,0,0,0,0,0,0,0,0,0
32.5000000000002,48,0,0,0,0,0,0,0,0,0,0
32.550000000000196,30,0,0,0,0,0,0,0,0,0,0
32.60000000000019,19,0,0,0,0,0,0,0,0,0,0
32.65000000000019,9,0,0,0,0,0,0,0,0,0,0
32.70000000000019,0,0,0,0,0,0,0,0,0,0,0
32.750000000000185,0,0,0,0,0,0,0,0,0,0,0
32.80000000000018,0,0,0,0,0,0,0,0,0,0,0
32.85000000000018,0,0,0,0,0,0,0,0,0,0,0
32.900000000000176,0,0,0,0,0,0,0,0,0,0,0
32.95000000000017,0,0,0,0,0,0,0,0,0,0,0
33.00000000000017,0,0,0,0,0,0,0,0,0,0,0
33.05000000000017,0,0,0,0,0,0,0,0,0,0,0
33.100000000000165,0,0,0,0,0,0,0,0,0,0,0
33.15000000000016,0,0,0,0,0,0,0,0,0,0,0
33.20000000000016,0,0,0,0,0,0,0,0,0,0,0
33.250000000000156,0,0,0,0,0,0,0,0,0,0,0
33.30000000000015,0,0,0,0,0,0,0,0,0,0,0
33.35000000000015,0,0,0,0,0,0,0,0,0,0,0
33.40000000000015,0,0,0,0,0,0,0,0,0,0,0
33.450000000000145,0,0,0,0,0,0,0,0,0,0,0
33.50000000000014,0,0,0,0,0,0,0,0,0,0,0
33.55000000000014,0,0,0,0,0,0,0,0,0,0,0
33.600000000000136,0,0,0,0,0,0,0,0,0,0,0
33.650000000000134,0,0,0,0,0,0,0,0,0,0,0
33.70000000000013,0,0,0,0,0,0,0,0,0,0,0
33.75000000000013,0,0,0,0,0,0,0,0,0,0,0
33.800000000000125,0,0,0,0,0,0,0,0,0,0,0
33.85000000000012,0,0,0,0,0,0,0,0,0,0,0
33.90000000000012,0,0,0,0,0,0,0,0,0,0,0
33.95000000000012,0,0,0,0,0,0,0,0,0,0,0
34.000000000000114,0,0,0,0,0,0,0,0,0,0,0
34.05000000000011,0,0,0,0,0,0,0,0,0,0,0
34.10000000000011,0,0,0,0,0,0,0,0,0,0,0
34.150000000000105,0,0,0,0,0,0,0,0,0,0,0
34.2000000000001,0,0,0,0,0,0,0,0,0,0,0
34.2500000000001,0,0,0,0,0,0,0,0,0,0,0
34.3000000000001,0,0,0,0,0,0,0,0,0,0,0
34.350000000000094,0,0,0,0,0,0,0,0,0,0,0
34.40000000000009,0,0,0,0,0,0,0,0,0,0,0
34.45000000000009,0,0,0,0,0,0,0,0,0,0,0
34.500000000000085,0,0,0,0,0,0,0,0,0,0,0
34.55000000000008,0,0,0,0,0,0,0,0,0,0,0
34.60000000000008,0,0,0,0,0,0,0,0,0,0,0
34.65000000000008,0,0,0,0,0,0,0,0,0,0,0
34.700000000000074,0,0,0,0,0,0,0,0,0,0,0
34.75000000000007,0,0,0,0,0,0,0,0,0,0,0
34.80000000000007,0,0,0,0,0,0,0,0,0,0,0
34.850000000000065,0,0,0,0,0,0,0,0,0,0,0
34.90000000000006,0,0,0,0,0,0,0,0,0,0,0
34.95000000000006,0,0,0,0,0,0,0,0,0,0,0
35.00000000000006,0,0,0,0,0,0,0,0,0,0,0
35.050000000000054,0,0,0,0,0,0,0,0,0,0,0
35.10000000000005,0,0,0,0,0,0,0,0,0,0,0
35.15000000000005,0,0,0,0,0,0,0,0,0,0,0
35.200000000000045,0,0,0,0,0,0,0,0,0,0,0
35.25000000000004,0,0,0,0,0,0,0,0,0,0,0
35.30000000000004,0,0,0,0,0,0,0,0,0,0,0
35.35000000000004,0,0,0,0,0,0,0,0,0,0,0
35.400000000000034,0,0,0,0,0,0,0,0,0,0,0
35.45000000000003,0,0,0,0,0,0,0,0,0,0,0
35.50000000000003,0,0,0,0,0,0,0,0,0,0,0
35.550000000000026,0,0,0,0,0,0,0,0,0,0,0
35.60000000000002,0,0,0,0,0,0,0,0,0,0,0
35.65000000000002,0,0,0,0,0,0,0,0,0,0,0
35.70000000000002,0,0,0,0,0,0,0,0,0,0,0
35.750000000000014,0,0,0,0,0,0,0,0,0,0,0
35.80000000000001,0,0,0,0,0,0,0,0,0,0,0
35.85000000000001,0,0,0,0,0,0,0,0,0,0,0
35.900000000000006,0,0,0,0,0,0,0,0,0,0,0
35.95,0,0,0,0,0,0,0,0,0,0,0
36.0,0,0,0,0,0,0,0,0,0,0,0
36.05,0,0,0,0,0,0,0,0,0,0,0
36.099999999999994,0,0,0,0,0,0,0,0,0,0,0
36.14999999999999,0,0,0,0,0,0,0,0,0,0,0
36.19999999999999,0,0,0,0,0,0,0,0,0,0,0
36.249999999999986,0,0,0,0,0,0,0,0,0,0,0
36.29999999999998,0,0,0,0,0,0,0,0,0,0,0
36.34999999999998,0,0,0,0,0,0,0,0,0,0,0
36.39999999999998,0,0,0,0,0,0,0,0,0,0,0
36.449999999999974,0,0,0,0,0,0,0,0,0,0,0
36.49999999999997,0,0,0,0,0,0,0,0,0,0,0
36.54999999999997,0,0,0,0,0,0,0,0,0,0,0
36.599999999999966,0,0,0,0,0,0,0,0,0,0,0
36.64999999999996,0,0,0,0,0,0,0,0,0,0,0
36.69999999999996,0,0,0,0,0,0,0,0,0,0,0
36.74999999999996,0,0,0,0,0,0,0,0,0,0,0
36.799999999999955,0,0,0,0,0,0,0,0,0,0,0
36.84999999999995,0,0,0,0,0,0,0,0,0,0,0
36.89999999999995,0,0,0,0,0,0,0,0,0,0,0
36.949999999999946,0,0,0,0,0,0,0,0,0,0,0
36.99999999999994,0,0,0,0,0,0,0,0,0,0,0
37.04999999999994,0,0,0,0,0,0,0,0,0,0,0
37.09999999999994,0,0,0,0,0,0,0,0,0,0,0
37.149999999999935,0,0,0,0,0,0,0,0,0,0,0
37.19999999999993,0,0,0,0,0,0,0,0,0,0,0
37.24999999999993,0,0,0,0,0,0,0,0,0,0,0
37.299999999999926,0,0,0,0,0,0,0,0,0,0,0
37.34999999999992,0,0,0,0,0,0,0,0,0,0,0
37.39999999999992,0,0,0,0,0,0,0,0,0,0,0
37.44999999999992,0,0,0,0,0,0,0,0,0,0,0
37.499999999999915,0,0,0,0,0,0,0,0,0,0,0
37.54999999999991,0,0,0,0,0,0,0,0,0,0,0
37.59999999999991,0,0,0,0,0,0,0,0,0,0,0
37.649999999999906,0,0,0,0,0,0,0,0,0,0,0
37.6999999999999,0,0,0,0,0,0,0,0,0,0,0
37.7499999999999,0,0,0,0,0,0,0,0,0,0,0
37.7999999999999,0,0,0,0,0,0,0,0,0,0,0
37.849999999999895,0,0,0,0,0,0,0,0,0,0,0
37.89999999999989,0,0,0,0,0,0,0,0,0,0,0
37.94999999999989,0,0,0,0,0,0,0,0,0,0,0
37.999999999999886,0,0,0,0,0,0,0,0,0,0,0
38.04999999999988,0,0,0,0,0,0,0,0,0,0,0
38.09999999999988,0,0,0,0,0,0,0,0,0,0,0
38.14999999999988,0,0,0,0,0,0,0,0,0,0,0
38.199999999999875,0,0,0,0,0,0,0,0,0,0,0
38.24999999999987,0,0,0,0,0,0,0,0,0,0,0
38.29999999999987,0,0,0,0,0,0,0,0,0,0,0
38.349999999999866,0,0,0,0,0,0,0,0,0,0,0
38.399999999999864,0,0,0,0,0,0,0,0,0,0,0
38.44999999999986,0,0,0,0,0,0,0,0,0,0,0
38.49999999999986,0,0,0,0,0,0,0,0,0,0,0
38.549999999999855,0,0,0,0,0,0,0,0,0,0,0
38.59999999999985,0,0,0,0,0,0,0,0,0,0,0
38.64999999999985,0,0,0,0,0,0,0,0,0,0,0
38.69999999999985,0,0,0,0,0,0,0,0,0,0,0
38.749999999999844,0,0,0,0,0,0,0,0,0,0,0
38.79999999999984,0,0,0,0,0,0,0,0,0,0,0
38.84999999999984,0,0,0,0,0,0,0,0,0,0,0
38.899999999999835,0,0,0,0,0,0,0,0,0,0,0
38.94999999999983,0,0,0,0,0,0,0,0,0,0,0
38.99999999999983,0,0,0,0,0,0,0,0,0,0,0
39.04999999999983,0,0,0,0,0,0,0,0,0,0,0
39.099999999999824,0,0,0,0,0,0,0,0,0,0,0
39.14999999999982,0,0,0,0,0,0,0,0,0,0,0
39.19999999999982,0,0,0,0,0,0,0,0,0,0,0
39.249999999999815,0,0,0,0,0,0,0,0,0,0,0
39.29999999999981,0,0,0,0,0,0,0,0,0,0,0
39.34999999999981,0,0,0,0,0,0,0,0,0,0,0
39.39999999999981,0,0,0,0,0,0,0,0,0,0,0
39.449999999999804,0,0,0,0,0,0,0,0,0,0,0
39.4999999999998,0,0,0,0,0,0,0,0,0,0,0
39.5499999999998,0,0,0,0,0,0,0,0,0,0,0
39.599999999999795,0,0,0,0,0,0,0,0,0,0,0
39.64999999999979,0,0,0,0,0,0,0,0,0,0,0
39.69999999999979,0,0,0,0,0,0,0,0,0,0,0
39.74999999999979,0,0,0,0,0,0,0,0,0,0,0
39.799999999999784,0,0,0,0,0,0,0,0,0,0,0
39.84999999999978,0,0,0,0,0,0,0,0,0,0,0
39.89999999999978,0,0,0,0,0,0,0,0,0,0,0
39.949999999999775,0,0,0,0,0,0,0,0,0,0,0
39.99999999999977,0,0,0,0,0,0,0,0,0,0,0
40.04999999999977,0,0,0,0,0,0,0,0,0,0,0
40.09999999999977,0,0,0,0,0,0,0,0,0,0,0
40.149999999999764,0,0,0,0,0,0,0,0,0,0,0
40.19999999999976,0,0,0,0,0,0,0,0,0,0,0
40.24999999999976,0,0,0,0,0,0,0,0,0,0,0
40.299999999999756,0,0,0,0,0,0,0,0,0,0,0
40.34999999999975,0,0,0,0,0,0,0,0,0,0,0
40.39999999999975,0,0,0,0,0,0,0,0,0,0,0
40.44999999999975,0,0,0,0,0,0,0,0,0,0,0
40.499999999999744,0,0,0,0,0,0,0,0,0,0,0
40.54999999999974,0,0,0,0,0,0,0,0,0,0,0
40.59999999999974,0,0,0,0,0,0,0,0,0,0,0
40.649999999999736,0,0,0,0,0,0,0,0,0,0,0
40.69999999999973,0,0,0,0,0,0,0,0,0,0,0
40.74999999999973,0,0,0,0,0,0,0,0,0,0,0
40.79999999999973,0,0,0,0,0,0,0,0,0,0,0
40.849999999999724,0,0,0,0,0,0,0,0,0,0,0
40.89999999999972,0,0,0,0,0,0,0,0,0,0,0
40.94999999999972,0,0,0,0,0,0,0,0,0,0,0
40.999999999999716,0,0,0,0,0,0,0,0,0,0,0
41.04999999999971,0,0,0,0,0,0,0,0,0,0,0
41.09999999999971,0,0,0,0,0,0,0,0,0,0,0
41.14999999999971,0,0,0,0,0,0,0,0,0,0,0
41.199999999999704,0,0,0,0,0,0,0,0,0,0,0
41.2499999999997,0,0,0,0,0,0,0,0,0,0,0
41.2999999999997,0,0,0,0,0,0,0,0,0,0,0
41.349999999999696,0,0,0,0,0,0,0,0,0,0,0
41.39999999999969,0,0,0,0,0,0,0,0,0,0,0
41.44999999999969,0,0,0,0,0,0,0,0,0,0,0
41.49999999999969,0,0,0,0,0,0,0,0,0,0,0
41.549999999999685,0,0,0,0,0,0,0,0,0,0,0
*****
16,0.05,100,0.6,1,10,100,0.261843996326,0.0853672733114
16,100,25,39,31,39,0,0,0,0,0,0
16.05,122,43,54,36,54,0,0,0,0,0,0
16.1,107,35,45,31,45,0,0,0,0,0,0
16.150000000000002,110,33,48,46,48,0,0,0,0,0,0
16.200000000000003,121,34,50,33,50,0,0,0,0,0,0
16.250000000000004,107,34,43,48,43,0,0,0,0,0,0
16.300000000000004,105,39,40,32,40,0,0,0,0,0,0
16.350000000000005,114,31,40,41,40,0,0,0,0,0,0
16.400000000000006,129,42,46,39,46,0,0,0,0,0,0
16.450000000000006,124,35,48,46,48,0,0,0,0,0,0
16.500000000000007,105,26,42,40,42,0,0,0,0,0,0
16.550000000000008,125,35,50,45,50,0,0,0,0,0,0
16.60000000000001,92,24,35,35,35,0,0,0,0,0,0
16.65000000000001,118,29,38,30,38,0,0,0,0,0,0
16.70000000000001,103,23,42,29,42,0,0,0,0,0,0
16.75000000000001,98,24,26,22,26,0,0,0,0,0,0
16.80000000000001,106,17,28,25,28,0,0,0,0,0,0
16.850000000000012,113,18,33,28,33,0,0,0,0,0,0
16.900000000000013,130,29,46,36,46,0,0,0,0,0,0
16.950000000000014,115,19,36,31,36,0,0,0,0,0,0
17.000000000000014,113,13,35,26,35,0,0,0,0,0,0
17.050000000000015,135,16,29,27,29,0,0,0,0,0,0
17.100000000000016,107,19,28,23,28,0,0,0,0,0,0
17.150000000000016,115,15,26,24,26,0,0,0,0,0,0
17.200000000000017,98,13,25,21,25,0,0,0,0,0,0
17.250000000000018,116,16,31,27,31,0,0,0,0,0,0
17.30000000000002,105,17,23,17,23,0,0,0,0,0,0
17.35000000000002,110,13,22,15,22,0,0,0,0,0,0
17.40000000000002,97,7,18,11,18,0,0,0,0,0,0
17.45000000000002,102,9,19,15,19,0,0,0,0,0,0
17.50000000000002,123,10,19,24,19,0,0,0,0,0,0
17.550000000000022,119,4,12,14,12,0,0,0,0,0,0
17.600000000000023,120,7,18,10,18,0,0,0,0,0,0
17.650000000000023,108,3,9,8,9,0,0,0,0,0,0
17.700000000000024,131,4,15,13,15,0,0,0,0,0,0
17.750000000000025,124,5,9,9,9,0,0,0,0,0,0
17.800000000000026,110,4,7,3,7,0,0,0,0,0,0
17.850000000000026,114,2,10,5,10,0,0,0,0,0,0
17.900000000000027,110,3,8,7,8,0,0,0,0,0,0
17.950000000000028,100,1,13,9,13,0,0,0,0,0,0
18.00000000000003,117,4,10,6,10,0,0,0,0,0,0
18.05000000000003,96,1,5,3,5,0,0,0,0,0,0
18.10000000000003,114,2,4,5,4,0,0,0,0,0,0
18.15000000000003,118,6,10,9,10,0,0,0,0,0,0
18.20000000000003,104,0,3,4,3,0,0,0,0,0,0
18.250000000000032,114,2,8,6,8,0,0,0,0,0,0
18.300000000000033,92,0,1,2,1,0,0,0,0,0,0
18.350000000000033,104,0,4,4,4,0,0,0,0,0,0
18.400000000000034,119,1,2,2,2,0,0,0,0,0,0
18.450000000000035,122,1,2,2,2,0,0,0,0,0,0
18.500000000000036,129,2,4,3,4,0,0,0,0,0,0
18.550000000000036,108,0,0,0,0,0,0,0,0,0,0
18.600000000000037,130,1,1,1,1,0,0,0,0,0,0
18.650000000000038,118,0,0,0,0,0,0,0,0,0,0
18.70000000000004,108,0,2,2,2,0,0,0,0,0,0
18.75000000000004,122,0,1,1,1,0,0,0,0,0,0
18.80000000000004,102,0,0,0,0,0,0,0,0,0,0
18.85000000000004,105,0,1,1,1,0,0,0,0,0,0
18.90000000000004,112,0,0,0,0,0,0,0,0,0,0
18.950000000000042,122,2,3,2,3,0,0,0,0,0,0
19.000000000000043,98,0,0,0,0,0,0,0,0,0,0
19.050000000000043,114,0,0,0,0,0,0,0,0,0,0
19.100000000000044,115,0,0,0,0,0,0,0,0,0,0
19.150000000000045,122,0,0,1,0,0,0,0,0,0,0
19.200000000000045,95,0,0,0,0,0,0,0,0,0,0
19.250000000000046,96,0,0,1,0,0,0,0,0,0,0
19.300000000000047,118,0,0,0,0,0,0,0,0,0,0
19.350000000000048,132,0,0,0,0,0,0,0,0,0,0
19.40000000000005,113,0,0,0,0,0,0,0,0,0,0
19.45000000000005,120,0,0,0,0,0,0,0,0,0,0
19.50000000000005,114,0,0,0,0,0,0,0,0,0,0
19.55000000000005,118,0,0,0,0,0,0,0,0,0,0
19.60000000000005,118,0,0,0,0,0,0,0,0,0,0
19.650000000000052,109,0,0,0,0,0,0,0,0,0,0
19.700000000000053,124,0,0,0,0,0,0,0,0,0,0
19.750000000000053,104,0,0,0,0,0,0,0,0,0,0
19.800000000000054,113,0,0,0,0,0,0,0,0,0,0
19.850000000000055,108,0,0,0,0,0,0,0,0,0,0
19.900000000000055,100,0,0,0,0,0,0,0,0,0,0
19.950000000000056,119,0,0,0,0,0,0,0,0,0,0
20.000000000000057,116,0,0,0,0,0,0,0,0,0,0
20.050000000000058,103,0,0,0,0,0,0,0,0,0,0
20.10000000000006,105,0,0,0,0,0,0,0,0,0,0
20.15000000000006,115,0,0,0,0,0,0,0,0,0,0
20.20000000000006,112,0,0,0,0,0,0,0,0,0,0
20.25000000000006,117,0,0,0,0,0,0,0,0,0,0
20.30000000000006,113,0,0,0,0,0,0,0,0,0,0
20.350000000000062,125,0,0,0,0,0,0,0,0,0,0
20.400000000000063,116,0,0,0,0,0,0,0,0,0,0
20.450000000000063,120,0,0,0,0,0,0,0,0,0,0
20.500000000000064,104,0,0,0,0,0,0,0,0,0,0
20.550000000000065,99,0,0,0,0,0,0,0,0,0,0
20.600000000000065,114,0,0,0,0,0,0,0,0,0,0
20.650000000000066,113,0,0,0,0,0,0,0,0,0,0
20.700000000000067,114,0,0,0,0,0,0,0,0,0,0
20.750000000000068,108,0,0,0,0,0,0,0,0,0,0
20.800000000000068,103,0,0,0,0,0,0,0,0,0,0
20.85000000000007,121,0,0,0,0,0,0,0,0,0,0
20.90000000000007,99,0,0,0,0,0,0,0,0,0,0
20.95000000000007,118,0,0,0,0,0,0,0,0,0,0
21.00000000000007,103,0,0,0,0,0,0,0,0,0,0
21.05000000000007,124,0,0,0,0,0,0,0,0,0,0
21.100000000000072,122,0,0,0,0,0,0,0,0,0,0
21.150000000000073,110,0,0,0,0,0,0,0,0,0,0
21.200000000000074,111,0,0,0,0,0,0,0,0,0,0
21.250000000000075,114,0,0,0,0,0,0,0,0,0,0
21.300000000000075,125,0,0,0,0,0,0,0,0,0,0
21.350000000000076,107,0,0,0,0,0,0,0,0,0,0
21.400000000000077,114,0,0,0,0,0,0,0,0,0,0
21.450000000000077,106,0,0,0,0,0,0,0,0,0,0
21.500000000000078,111,0,0,0,0,0,0,0,0,0,0
21.55000000000008,104,0,0,0,0,0,0,0,0,0,0
21.60000000000008,120,0,0,0,0,0,0,0,0,0,0
21.65000000000008,95,0,0,0,0,0,0,0,0,0,0
21.70000000000008,112,0,0,0,0,0,0,0,0,0,0
21.75000000000008,126,0,0,0,0,0,0,0,0,0,0
21.800000000000082,120,0,0,0,0,0,0,0,0,0,0
21.850000000000083,119,0,0,0,0,0,0,0,0,0,0
21.900000000000084,111,0,0,0,0,0,0,0,0,0,0
21.950000000000085,123,0,0,0,0,0,0,0,0,0,0
22.000000000000085,113,0,0,0,0,0,0,0,0,0,0
22.050000000000086,112,0,0,0,0,0,0,0,0,0,0
22.100000000000087,92,0,0,0,0,0,0,0,0,0,0
22.150000000000087,117,0,0,0,0,0,0,0,0,0,0
22.200000000000088,110,0,0,0,0,0,0,0,0,0,0
22.25000000000009,110,0,0,0,0,0,0,0,0,0,0
22.30000000000009,118,0,0,0,0,0,0,0,0,0,0
22.35000000000009,107,0,0,0,0,0,0,0,0,0,0
22.40000000000009,94,0,0,0,0,0,0,0,0,0,0
22.45000000000009,103,0,0,0,0,0,0,0,0,0,0
22.500000000000092,105,0,0,0,0,0,0,0,0,0,0
22.550000000000093,145,0,0,0,0,0,0,0,0,0,0
22.600000000000094,130,0,0,0,0,0,0,0,0,0,0
22.650000000000095,126,0,0,0,0,0,0,0,0,0,0
22.700000000000095,108,0,0,0,0,0,0,0,0,0,0
22.750000000000096,121,0,0,0,0,0,0,0,0,0,0
22.800000000000097,109,0,0,0,0,0,0,0,0,0,0
22.850000000000097,124,0,0,0,0,0,0,0,0,0,0
22.900000000000098,115,0,0,0,0,0,0,0,0,0,0
22.9500000000001,89,0,0,0,0,0,0,0,0,0,0
23.0000000000001,103,0,0,0,0,0,0,0,0,0,0
23.0500000000001,98,0,0,0,0,0,0,0,0,0,0
23.1000000000001,106,0,0,0,0,0,0,0,0,0,0
23.1500000000001,116,0,0,0,0,0,0,0,0,0,0
23.200000000000102,103,0,0,0,0,0,0,0,0,0,0
23.250000000000103,121,0,0,0,0,0,0,0,0,0,0
23.300000000000104,114,0,0,0,0,0,0,0,0,0,0
23.350000000000104,114,0,0,0,0,0,0,0,0,0,0
23.400000000000105,112,0,0,0,0,0,0,0,0,0,0
23.450000000000106,125,0,0,0,0,0,0,0,0,0,0
23.500000000000107,135,0,0,0,0,0,0,0,0,0,0
23.550000000000107,122,0,0,0,0,0,0,0,0,0,0
23.600000000000108,110,0,0,0,0,0,0,0,0,0,0
23.65000000000011,114,0,0,0,0,0,0,0,0,0,0
23.70000000000011,116,0,0,0,0,0,0,0,0,0,0
23.75000000000011,101,0,0,0,0,0,0,0,0,0,0
23.80000000000011,104,0,0,0,0,0,0,0,0,0,0
23.85000000000011,103,0,0,0,0,0,0,0,0,0,0
23.900000000000112,101,0,0,0,0,0,0,0,0,0,0
23.950000000000113,106,0,0,0,0,0,0,0,0,0,0
24.000000000000114,118,0,0,0,0,0,0,0,0,0,0
24.050000000000114,124,0,0,0,0,0,0,0,0,0,0
24.100000000000115,129,0,0,0,0,0,0,0,0,0,0
24.150000000000116,91,0,0,0,0,0,0,0,0,0,0
24.200000000000117,125,0,0,0,0,0,0,0,0,0,0
24.250000000000117,109,0,0,0,0,0,0,0,0,0,0
24.300000000000118,125,0,0,0,0,0,0,0,0,0,0
24.35000000000012,133,0,0,0,0,0,0,0,0,0,0
24.40000000000012,110,0,0,0,0,0,0,0,0,0,0
24.45000000000012,112,0,0,0,0,0,0,0,0,0,0
24.50000000000012,111,0,0,0,0,0,0,0,0,0,0
24.55000000000012,106,0,0,0,0,0,0,0,0,0,0
24.600000000000122,113,0,0,0,0,0,0,0,0,0,0
24.650000000000123,107,0,0,0,0,0,0,0,0,0,0
24.700000000000124,109,0,0,0,0,0,0,0,0,0,0
24.750000000000124,104,0,0,0,0,0,0,0,0,0,0
24.800000000000125,133,0,0,0,0,0,0,0,0,0,0
24.850000000000126,103,0,0,0,0,0,0,0,0,0,0
24.900000000000126,118,0,0,0,0,0,0,0,0,0,0
24.950000000000127,125,0,0,0,0,0,0,0,0,0,0
25.000000000000128,107,0,0,0,0,0,0,0,0,0,0
25.05000000000013,115,0,0,0,0,0,0,0,0,0,0
25.10000000000013,112,0,0,0,0,0,0,0,0,0,0
25.15000000000013,108,0,0,0,0,0,0,0,0,0,0
25.20000000000013,107,0,0,0,0,0,0,0,0,0,0
25.25000000000013,127,0,0,0,0,0,0,0,0,0,0
25.300000000000132,117,0,0,0,0,0,0,0,0,0,0
25.350000000000133,94,0,0,0,0,0,0,0,0,0,0
25.400000000000134,109,0,0,0,0,0,0,0,0,0,0
25.450000000000134,111,0,0,0,0,0,0,0,0,0,0
25.500000000000135,120,0,0,0,0,0,0,0,0,0,0
25.550000000000136,103,0,0,0,0,0,0,0,0,0,0
25.600000000000136,120,0,0,0,0,0,0,0,0,0,0
25.650000000000137,106,0,0,0,0,0,0,0,0,0,0
25.700000000000138,112,0,0,0,0,0,0,0,0,0,0
25.75000000000014,108,0,0,0,0,0,0,0,0,0,0
25.80000000000014,110,0,0,0,0,0,0,0,0,0,0
25.85000000000014,115,0,0,0,0,0,0,0,0,0,0
25.90000000000014,120,0,0,0,0,0,0,0,0,0,0
25.95000000000014,123,0,0,0,0,0,0,0,0,0,0
26.000000000000142,92,0,0,0,0,0,0,0,0,0,0
26.050000000000143,124,0,0,0,0,0,0,0,0,0,0
26.100000000000144,123,0,0,0,0,0,0,0,0,0,0
26.150000000000144,113,0,0,0,0,0,0,0,0,0,0
26.200000000000145,111,0,0,0,0,0,0,0,0,0,0
26.250000000000146,116,0,0,0,0,0,0,0,0,0,0
26.300000000000146,101,0,0,0,0,0,0,0,0,0,0
26.350000000000147,109,0,0,0,0,0,0,0,0,0,0
26.400000000000148,106,0,0,0,0,0,0,0,0,0,0
26.45000000000015,108,0,0,0,0,0,0,0,0,0,0
26.50000000000015,112,0,0,0,0,0,0,0,0,0,0
26.55000000000015,124,0,0,0,0,0,0,0,0,0,0
26.60000000000015,123,0,0,0,0,0,0,0,0,0,0
26.65000000000015,104,0,0,0,0,0,0,0,0,0,0
26.700000000000152,118,0,0,0,0,0,0,0,0,0,0
26.750000000000153,106,0,0,0,0,0,0,0,0,0,0
26.800000000000153,124,0,0,0,0,0,0,0,0,0,0
26.850000000000154,107,0,0,0,0,0,0,0,0,0,0
26.900000000000155,113,0,0,0,0,0,0,0,0,0,0
26.950000000000156,106,0,0,0,0,0,0,0,0,0,0
27.000000000000156,126,0,0,0,0,0,0,0,0,0,0
27.050000000000157,114,0,0,0,0,0,0,0,0,0,0
27.100000000000158,104,0,0,0,0,0,0,0,0,0,0
27.15000000000016,118,0,0,0,0,0,0,0,0,0,0
27.20000000000016,114,0,0,0,0,0,0,0,0,0,0
27.25000000000016,119,0,0,0,0,0,0,0,0,0,0
27.30000000000016,96,0,0,0,0,0,0,0,0,0,0
27.35000000000016,123,0,0,0,0,0,0,0,0,0,0
27.400000000000162,116,0,0,0,0,0,0,0,0,0,0
27.450000000000163,101,0,0,0,0,0,0,0,0,0,0
27.500000000000163,126,0,0,0,0,0,0,0,0,0,0
27.550000000000164,109,0,0,0,0,0,0,0,0,0,0
27.600000000000165,112,0,0,0,0,0,0,0,0,0,0
27.650000000000166,103,0,0,0,0,0,0,0,0,0,0
27.700000000000166,114,0,0,0,0,0,0,0,0,0,0
27.750000000000167,130,0,0,0,0,0,0,0,0,0,0
27.800000000000168,116,0,0,0,0,0,0,0,0,0,0
27.85000000000017,98,0,0,0,0,0,0,0,0,0,0
27.90000000000017,120,0,0,0,0,0,0,0,0,0,0
27.95000000000017,117,0,0,0,0,0,0,0,0,0,0
28.00000000000017,104,0,0,0,0,0,0,0,0,0,0
28.05000000000017,130,0,0,0,0,0,0,0,0,0,0
28.100000000000172,108,0,0,0,0,0,0,0,0,0,0
28.150000000000173,121,0,0,0,0,0,0,0,0,0,0
28.200000000000173,92,0,0,0,0,0,0,0,0,0,0
28.250000000000174,103,0,0,0,0,0,0,0,0,0,0
28.300000000000175,114,0,0,0,0,0,0,0,0,0,0
28.350000000000176,102,0,0,0,0,0,0,0,0,0,0
28.400000000000176,121,0,0,0,0,0,0,0,0,0,0
28.450000000000177,100,0,0,0,0,0,0,0,0,0,0
28.500000000000178,121,0,0,0,0,0,0,0,0,0,0
28.55000000000018,117,0,0,0,0,0,0,0,0,0,0
28.60000000000018,127,0,0,0,0,0,0,0,0,0,0
28.65000000000018,117,0,0,0,0,0,0,0,0,0,0
28.70000000000018,118,0,0,0,0,0,0,0,0,0,0
28.75000000000018,105,0,0,0,0,0,0,0,0,0,0
28.800000000000182,112,0,0,0,0,0,0,0,0,0,0
28.850000000000183,111,0,0,0,0,0,0,0,0,0,0
28.900000000000183,128,0,0,0,0,0,0,0,0,0,0
28.950000000000184,122,0,0,0,0,0,0,0,0,0,0
29.000000000000185,89,0,0,0,0,0,0,0,0,0,0
29.050000000000185,105,0,0,0,0,0,0,0,0,0,0
29.100000000000186,115,0,0,0,0,0,0,0,0,0,0
29.150000000000187,106,0,0,0,0,0,0,0,0,0,0
29.200000000000188,112,0,0,0,0,0,0,0,0,0,0
29.25000000000019,111,0,0,0,0,0,0,0,0,0,0
29.30000000000019,125,0,0,0,0,0,0,0,0,0,0
29.35000000000019,123,0,0,0,0,0,0,0,0,0,0
29.40000000000019,127,0,0,0,0,0,0,0,0,0,0
29.45000000000019,107,0,0,0,0,0,0,0,0,0,0
29.500000000000192,102,0,0,0,0,0,0,0,0,0,0
29.550000000000193,110,0,0,0,0,0,0,0,0,0,0
29.600000000000193,114,0,0,0,0,0,0,0,0,0,0
29.650000000000194,115,0,0,0,0,0,0,0,0,0,0
29.700000000000195,103,0,0,0,0,0,0,0,0,0,0
29.750000000000195,127,0,0,0,0,0,0,0,0,0,0
29.800000000000196,102,0,0,0,0,0,0,0,0,0,0
29.850000000000197,102,0,0,0,0,0,0,0,0,0,0
29.900000000000198,114,0,0,0,0,0,0,0,0,0,0
29.9500000000002,126,0,0,0,0,0,0,0,0,0,0
30.0000000000002,118,0,0,0,0,0,0,0,0,0,0
30.0500000000002,104,0,0,0,0,0,0,0,0,0,0
30.1000000000002,118,0,0,0,0,0,0,0,0,0,0
30.1500000000002,93,0,0,0,0,0,0,0,0,0,0
30.200000000000202,134,0,0,0,0,0,0,0,0,0,0
30.250000000000203,133,0,0,0,0,0,0,0,0,0,0
30.300000000000203,108,0,0,0,0,0,0,0,0,0,0
30.350000000000204,117,0,0,0,0,0,0,0,0,0,0
30.400000000000205,106,0,0,0,0,0,0,0,0,0,0
30.450000000000205,125,0,0,0,0,0,0,0,0,0,0
30.500000000000206,104,0,0,0,0,0,0,0,0,0,0
30.550000000000207,109,0,0,0,0,0,0,0,0,0,0
30.600000000000207,98,0,0,0,0,0,0,0,0,0,0
30.650000000000208,98,0,0,0,0,0,0,0,0,0,0
30.70000000000021,109,0,0,0,0,0,0,0,0,0,0
30.75000000000021,114,0,0,0,0,0,0,0,0,0,0
30.80000000000021,118,0,0,0,0,0,0,0,0,0,0
30.85000000000021,113,0,0,0,0,0,0,0,0,0,0
30.90000000000021,125,0,0,0,0,0,0,0,0,0,0
30.950000000000212,117,0,0,0,0,0,0,0,0,0,0
31.000000000000213,108,0,0,0,0,0,0,0,0,0,0
31.050000000000214,124,0,0,0,0,0,0,0,0,0,0
31.100000000000215,122,0,0,0,0,0,0,0,0,0,0
31.150000000000215,119,0,0,0,0,0,0,0,0,0,0
31.200000000000216,96,0,0,0,0,0,0,0,0,0,0
31.250000000000217,108,0,0,0,0,0,0,0,0,0,0
31.300000000000217,117,0,0,0,0,0,0,0,0,0,0
31.350000000000218,103,0,0,0,0,0,0,0,0,0,0
31.40000000000022,116,0,0,0,0,0,0,0,0,0,0
31.45000000000022,107,0,0,0,0,0,0,0,0,0,0
31.50000000000022,113,0,0,0,0,0,0,0,0,0,0
31.55000000000022,115,0,0,0,0,0,0,0,0,0,0
31.60000000000022,103,0,0,0,0,0,0,0,0,0,0
31.650000000000222,127,0,0,0,0,0,0,0,0,0,0
31.700000000000223,118,0,0,0,0,0,0,0,0,0,0
31.750000000000224,129,0,0,0,0,0,0,0,0,0,0
31.800000000000225,95,0,0,0,0,0,0,0,0,0,0
31.850000000000225,116,0,0,0,0,0,0,0,0,0,0
31.900000000000226,116,0,0,0,0,0,0,0,0,0,0
31.950000000000227,117,0,0,0,0,0,0,0,0,0,0
32.00000000000023,108,0,0,0,0,0,0,0,0,0,0
32.050000000000225,123,0,0,0,0,0,0,0,0,0,0
32.10000000000022,110,0,0,0,0,0,0,0,0,0,0
32.15000000000022,106,0,0,0,0,0,0,0,0,0,0
32.200000000000216,98,0,0,0,0,0,0,0,0,0,0
32.25000000000021,108,0,0,0,0,0,0,0,0,0,0
32.30000000000021,121,0,0,0,0,0,0,0,0,0,0
32.35000000000021,120,0,0,0,0,0,0,0,0,0,0
32.400000000000205,117,0,0,0,0,0,0,0,0,0,0
32.4500000000002,106,0,0,0,0,0,0,0,0,0,0
32.5000000000002,115,0,0,0,0,0,0,0,0,0,0
32.550000000000196,110,0,0,0,0,0,0,0,0,0,0
32.60000000000019,104,0,0,0,0,0,0,0,0,0,0
32.65000000000019,96,0,0,0,0,0,0,0,0,0,0
32.70000000000019,82,0,0,0,0,0,0,0,0,0,0
32.750000000000185,71,0,0,0,0,0,0,0,0,0,0
32.80000000000018,49,0,0,0,0,0,0,0,0,0,0
32.85000000000018,36,0,0,0,0,0,0,0,0,0,0
32.900000000000176,15,0,0,0,0,0,0,0,0,0,0
32.95000000000017,9,0,0,0,0,0,0,0,0,0,0
33.00000000000017,0,0,0,0,0,0,0,0,0,0,0
33.05000000000017,0,0,0,0,0,0,0,0,0,0,0
33.100000000000165,0,0,0,0,0,0,0,0,0,0,0
33.15000000000016,0,0,0,0,0,0,0,0,0,0,0
33.20000000000016,0,0,0,0,0,0,0,0,0,0,0
33.250000000000156,0,0,0,0,0,0,0,0,0,0,0
33.30000000000015,0,0,0,0,0,0,0,0,0,0,0
33.35000000000015,0,0,0,0,0,0,0,0,0,0,0
33.40000000000015,0,0,0,0,0,0,0,0,0,0,0
33.450000000000145,0,0,0,0,0,0,0,0,0,0,0
33.50000000000014,0,0,0,0,0,0,0,0,0,0,0
33.55000000000014,0,0,0,0,0,0,0,0,0,0,0
33.600000000000136,0,0,0,0,0,0,0,0,0,0,0
33.650000000000134,0,0,0,0,0,0,0,0,0,0,0
33.70000000000013,0,0,0,0,0,0,0,0,0,0,0
33.75000000000013,0,0,0,0,0,0,0,0,0,0,0
33.800000000000125,0,0,0,0,0,0,0,0,0,0,0
33.85000000000012,0,0,0,0,0,0,0,0,0,0,0
33.90000000000012,0,0,0,0,0,0,0,0,0,0,0
33.95000000000012,0,0,0,0,0,0,0,0,0,0,0
34.000000000000114,0,0,0,0,0,0,0,0,0,0,0
34.05000000000011,0,0,0,0,0,0,0,0,0,0,0
34.10000000000011,0,0,0,0,0,0,0,0,0,0,0
34.150000000000105,0,0,0,0,0,0,0,0,0,0,0
34.2000000000001,0,0,0,0,0,0,0,0,0,0,0
34.2500000000001,0,0,0,0,0,0,0,0,0,0,0
34.3000000000001,0,0,0,0,0,0,0,0,0,0,0
34.350000000000094,0,0,0,0,0,0,0,0,0,0,0
34.40000000000009,0,0,0,0,0,0,0,0,0,0,0
34.45000000000009,0,0,0,0,0,0,0,0,0,0,0
34.500000000000085,0,0,0,0,0,0,0,0,0,0,0
34.55000000000008,0,0,0,0,0,0,0,0,0,0,0
34.60000000000008,0,0,0,0,0,0,0,0,0,0,0
34.65000000000008,0,0,0,0,0,0,0,0,0,0,0
34.700000000000074,0,0,0,0,0,0,0,0,0,0,0
34.75000000000007,0,0,0,0,0,0,0,0,0,0,0
34.80000000000007,0,0,0,0,0,0,0,0,0,0,0
34.850000000000065,0,0,0,0,0,0,0,0,0,0,0
34.90000000000006,0,0,0,0,0,0,0,0,0,0,0
34.95000000000006,0,0,0,0,0,0,0,0,0,0,0
35.00000000000006,0,0,0,0,0,0,0,0,0,0,0
35.050000000000054,0,0,0,0,0,0,0,0,0,0,0
35.10000000000005,0,0,0,0,0,0,0,0,0,0,0
35.15000000000005,0,0,0,0,0,0,0,0,0,0,0
35.200000000000045,0,0,0,0,0,0,0,0,0,0,0
35.25000000000004,0,0,0,0,0,0,0,0,0,0,0
35.30000000000004,0,0,0,0,0,0,0,0,0,0,0
35.35000000000004,0,0,0,0,0,0,0,0,0,0,0
35.400000000000034,0,0,0,0,0,0,0,0,0,0,0
35.45000000000003,0,0,0,0,0,0,0,0,0,0,0
35.50000000000003,0,0,0,0,0,0,0,0,0,0,0
35.550000000000026,0,0,0,0,0,0,0,0,0,0,0
35.60000000000002,0,0,0,0,0,0,0,0,0,0,0
35.65000000000002,0,0,0,0,0,0,0,0,0,0,0
35.70000000000002,0,0,0,0,0,0,0,0,0,0,0
35.750000000000014,0,0,0,0,0,0,0,0,0,0,0
35.80000000000001,0,0,0,0,0,0,0,0,0,0,0
35.85000000000001,0,0,0,0,0,0,0,0,0,0,0
35.900000000000006,0,0,0,0,0,0,0,0,0,0,0
35.95,0,0,0,0,0,0,0,0,0,0,0
36.0,0,0,0,0,0,0,0,0,0,0,0
36.05,0,0,0,0,0,0,0,0,0,0,0
36.099999999999994,0,0,0,0,0,0,0,0,0,0,0
36.14999999999999,0,0,0,0,0,0,0,0,0,0,0
36.19999999999999,0,0,0,0,0,0,0,0,0,0,0
36.249999999999986,0,0,0,0,0,0,0,0,0,0,0
36.29999999999998,0,0,0,0,0,0,0,0,0,0,0
36.34999999999998,0,0,0,0,0,0,0,0,0,0,0
36.39999999999998,0,0,0,0,0,0,0,0,0,0,0
36.449999999999974,0,0,0,0,0,0,0,0,0,0,0
36.49999999999997,0,0,0,0,0,0,0,0,0,0,0
36.54999999999997,0,0,0,0,0,0,0,0,0,0,0
36.599999999999966,0,0,0,0,0,0,0,0,0,0,0
36.64999999999996,0,0,0,0,0,0,0,0,0,0,0
36.69999999999996,0,0,0,0,0,0,0,0,0,0,0
36.74999999999996,0,0,0,0,0,0,0,0,0,0,0
36.799999999999955,0,0,0,0,0,0,0,0,0,0,0
36.84999999999995,0,0,0,0,0,0,0,0,0,0,0
36.89999999999995,0,0,0,0,0,0,0,0,0,0,0
36.949999999999946,0,0,0,0,0,0,0,0,0,0,0
36.99999999999994,0,0,0,0,0,0,0,0,0,0,0
37.04999999999994,0,0,0,0,0,0,0,0,0,0,0
37.09999999999994,0,0,0,0,0,0,0,0,0,0,0
37.149999999999935,0,0,0,0,0,0,0,0,0,0,0
37.19999999999993,0,0,0,0,0,0,0,0,0,0,0
37.24999999999993,0,0,0,0,0,0,0,0,0,0,0
37.299999999999926,0,0,0,0,0,0,0,0,0,0,0
37.34999999999992,0,0,0,0,0,0,0,0,0,0,0
37.39999999999992,0,0,0,0,0,0,0,0,0,0,0
37.44999999999992,0,0,0,0,0,0,0,0,0,0,0
37.499999999999915,0,0,0,0,0,0,0,0,0,0,0
37.54999999999991,0,0,0,0,0,0,0,0,0,0,0
37.59999999999991,0,0,0,0,0,0,0,0,0,0,0
37.649999999999906,0,0,0,0,0,0,0,0,0,0,0
37.6999999999999,0,0,0,0,0,0,0,0,0,0,0
37.7499999999999,0,0,0,0,0,0,0,0,0,0,0
37.7999999999999,0,0,0,0,0,0,0,0,0,0,0
37.849999999999895,0,0,0,0,0,0,0,0,0,0,0
37.89999999999989,0,0,0,0,0,0,0,0,0,0,0
37.94999999999989,0,0,0,0,0,0,0,0,0,0,0
37.999999999999886,0,0,0,0,0,0,0,0,0,0,0
38.04999999999988,0,0,0,0,0,0,0,0,0,0,0
38.09999999999988,0,0,0,0,0,0,0,0,0,0,0
38.14999999999988,0,0,0,0,0,0,0,0,0,0,0
38.199999999999875,0,0,0,0,0,0,0,0,0,0,0
38.24999999999987,0,0,0,0,0,0,0,0,0,0,0
38.29999999999987,0,0,0,0,0,0,0,0,0,0,0
38.349999999999866,0,0,0,0,0,0,0,0,0,0,0
38.399999999999864,0,0,0,0,0,0,0,0,0,0,0
38.44999999999986,0,0,0,0,0,0,0,0,0,0,0
38.49999999999986,0,0,0,0,0,0,0,0,0,0,0
38.549999999999855,0,0,0,0,0,0,0,0,0,0,0
38.59999999999985,0,0,0,0,0,0,0,0,0,0,0
38.64999999999985,0,0,0,0,0,0,0,0,0,0,0
38.69999999999985,0,0,0,0,0,0,0,0,0,0,0
38.749999999999844,0,0,0,0,0,0,0,0,0,0,0
38.79999999999984,0,0,0,0,0,0,0,0,0,0,0
38.84999999999984,0,0,0,0,0,0,0,0,0,0,0
38.899999999999835,0,0,0,0,0,0,0,0,0,0,0
38.94999999999983,0,0,0,0,0,0,0,0,0,0,0
38.99999999999983,0,0,0,0,0,0,0,0,0,0,0
39.04999999999983,0,0,0,0,0,0,0,0,0,0,0
39.099999999999824,0,0,0,0,0,0,0,0,0,0,0
39.14999999999982,0,0,0,0,0,0,0,0,0,0,0
39.19999999999982,0,0,0,0,0,0,0,0,0,0,0
39.249999999999815,0,0,0,0,0,0,0,0,0,0,0
39.29999999999981,0,0,0,0,0,0,0,0,0,0,0
39.34999999999981,0,0,0,0,0,0,0,0,0,0,0
39.39999999999981,0,0,0,0,0,0,0,0,0,0,0
39.449999999999804,0,0,0,0,0,0,0,0,0,0,0
39.4999999999998,0,0,0,0,0,0,0,0,0,0,0
39.5499999999998,0,0,0,0,0,0,0,0,0,0,0
39.599999999999795,0,0,0,0,0,0,0,0,0,0,0
39.64999999999979,0,0,0,0,0,0,0,0,0,0,0
39.69999999999979,0,0,0,0,0,0,0,0,0,0,0
39.74999999999979,0,0,0,0,0,0,0,0,0,0,0
39.799999999999784,0,0,0,0,0,0,0,0,0,0,0
39.84999999999978,0,0,0,0,0,0,0,0,0,0,0
39.89999999999978,0,0,0,0,0,0,0,0,0,0,0
39.949999999999775,0,0,0,0,0,0,0,0,0,0,0
39.99999999999977,0,0,0,0,0,0,0,0,0,0,0
40.04999999999977,0,0,0,0,0,0,0,0,0,0,0
40.09999999999977,0,0,0,0,0,0,0,0,0,0,0
40.149999999999764,0,0,0,0,0,0,0,0,0,0,0
40.19999999999976,0,0,0,0,0,0,0,0,0,0,0
40.24999999999976,0,0,0,0,0,0,0,0,0,0,0
40.299999999999756,0,0,0,0,0,0,0,0,0,0,0
40.34999999999975,0,0,0,0,0,0,0,0,0,0,0
40.39999999999975,0,0,0,0,0,0,0,0,0,0,0
40.44999999999975,0,0,0,0,0,0,0,0,0,0,0
40.499999999999744,0,0,0,0,0,0,0,0,0,0,0
40.54999999999974,0,0,0,0,0,0,0,0,0,0,0
40.59999999999974,0,0,0,0,0,0,0,0,0,0,0
40.649999999999736,0,0,0,0,0,0,0,0,0,0,0
40.69999999999973,0,0,0,0,0,0,0,0,0,0,0
40.74999999999973,0,0,0,0,0,0,0,0,0,0,0
40.79999999999973,0,0,0,0,0,0,0,0,0,0,0
40.849999999999724,0,0,0,0,0,0,0,0,0,0,0
40.89999999999972,0,0,0,0,0,0,0,0,0,0,0
40.94999999999972,0,0,0,0,0,0,0,0,0,0,0
40.999999999999716,0,0,0,0,0,0,0,0,0,0,0
41.04999999999971,0,0,0,0,0,0,0,0,0,0,0
41.09999999999971,0,0,0,0,0,0,0,0,0,0,0
41.14999999999971,0,0,0,0,0,0,0,0,0,0,0
41.199999999999704,0,0,0,0,0,0,0,0,0,0,0
41.2499999999997,0,0,0,0,0,0,0,0,0,0,0
41.2999999999997,0,0,0,0,0,0,0,0,0,0,0
41.349999999999696,0,0,0,0,0,0,0,0,0,0,0
41.39999999999969,0,0,0,0,0,0,0,0,0,0,0
41.44999999999969,0,0,0,0,0,0,0,0,0,0,0
41.49999999999969,0,0,0,0,0,0,0,0,0,0,0
41.549999999999685,0,0,0,0,0,0,0,0,0,0,0
