*****
16,0.05,100,0,0.4,10,100,0.39276599448899996,0.1280509099671
16,100,100,94,100,100,0,0,0,0,0,0
16.05,107,107,92,107,107,0,0,0,0,0,0
16.1,104,104,93,104,104,0,0,0,0,0,0
16.150000000000002,126,126,104,126,126,0,0,0,0,0,0
16.200000000000003,115,115,94,115,115,0,0,0,0,0,0
16.250000000000004,83,83,73,83,83,0,0,0,0,0,0
16.300000000000004,107,107,83,107,107,0,0,0,0,0,0
16.350000000000005,129,129,106,129,129,0,0,0,0,0,0
16.400000000000006,132,132,102,132,132,0,0,0,0,0,0
16.450000000000006,120,120,89,120,120,0,0,0,0,0,0
16.500000000000007,106,106,76,106,106,0,0,0,0,0,0
16.550000000000008,94,94,66,94,94,0,0,0,0,0,0
16.60000000000001,118,118,86,118,118,0,0,0,0,0,0
16.65000000000001,119,119,92,119,119,0,0,0,0,0,0
16.70000000000001,104,104,66,103,104,0,0,0,0,0,0
16.75000000000001,106,106,76,106,106,0,0,0,0,0,0
16.80000000000001,114,114,71,113,114,0,0,0,0,0,0
16.850000000000012,106,106,64,105,106,0,0,0,0,0,0
16.900000000000013,103,103,55,103,103,0,0,0,0,0,0
16.950000000000014,116,116,66,116,116,0,0,0,0,0,0
17.000000000000014,116,116,66,116,116,0,0,0,0,0,0
17.050000000000015,108,108,59,107,108,0,0,0,0,0,0
17.100000000000016,99,99,47,98,99,0,0,0,0,0,0
17.150000000000016,103,103,55,102,103,0,0,0,0,0,0
17.200000000000017,108,108,45,108,108,0,0,0,0,0,0
17.250000000000018,112,112,54,112,112,0,0,0,0,0,0
17.30000000000002,111,110,40,111,111,0,0,0,0,0,0
17.35000000000002,118,118,46,117,118,0,0,0,0,0,0
17.40000000000002,90,89,24,89,89,0,0,0,0,0,0
17.45000000000002,107,106,28,105,107,0,0,0,0,0,0
17.50000000000002,123,118,37,122,122,0,0,0,0,0,0
17.550000000000022,113,113,32,112,113,0,0,0,0,0,0
17.600000000000023,106,101,23,104,103,0,0,0,0,0,0
17.650000000000023,123,122,38,122,122,0,0,0,0,0,0
17.700000000000024,104,98,17,104,101,0,0,0,0,0,0
17.750000000000025,94,91,24,92,92,0,0,0,0,0,0
17.800000000000026,119,110,15,119,112,0,0,0,0,0,0
17.850000000000026,104,98,23,103,102,0,0,0,0,0,0
17.900000000000027,113,104,25,112,108,0,0,0,0,0,0
17.950000000000028,99,92,7,98,97,0,0,0,0,0,0
18.00000000000003,118,106,19,117,112,0,0,0,0,0,0
18.05000000000003,109,98,23,107,104,0,0,0,0,0,0
18.10000000000003,108,96,17,108,102,0,0,0,0,0,0
18.15000000000003,100,84,15,100,90,0,0,0,0,0,0
18.20000000000003,112,90,11,110,99,0,0,0,0,0,0
18.250000000000032,109,85,7,107,91,0,0,0,0,0,0
18.300000000000033,116,95,8,114,108,0,0,0,0,0,0
18.350000000000033,109,81,8,107,89,0,0,0,0,0,0
18.400000000000034,105,69,8,98,80,0,0,0,0,0,0
18.450000000000035,109,74,2,105,87,0,0,0,0,0,0
18.500000000000036,119,73,5,111,86,0,0,0,0,0,0
18.550000000000036,99,64,5,93,77,0,0,0,0,0,0
18.600000000000037,129,72,6,124,88,0,0,0,0,0,0
18.650000000000038,101,57,4,92,70,0,0,0,0,0,0
18.70000000000004,126,67,4,114,82,0,0,0,0,0,0
18.75000000000004,103,50,1,91,58,0,0,0,0,0,0
18.80000000000004,105,48,4,97,60,0,0,0,0,0,0
18.85000000000004,102,46,1,90,66,0,0,0,0,0,0
18.90000000000004,108,37,0,88,53,0,0,0,0,0,0
18.950000000000042,114,42,2,99,62,0,0,0,0,0,0
19.000000000000043,98,24,1,83,42,0,0,0,0,0,0
19.050000000000043,115,25,0,83,38,0,0,0,0,0,0
19.100000000000044,111,32,1,81,49,0,0,0,0,0,0
19.150000000000045,91,18,0,65,29,0,0,0,0,0,0
19.200000000000045,131,22,0,92,30,0,0,0,0,0,0
19.250000000000046,93,24,0,62,36,0,0,0,0,0,0
19.300000000000047,105,14,0,61,23,0,0,0,0,0,0
19.350000000000048,95,12,0,58,21,0,0,0,0,0,0
19.40000000000005,119,11,0,61,26,0,0,0,0,0,0
19.45000000000005,111,16,0,56,25,0,0,0,0,0,0
19.50000000000005,120,8,0,54,13,0,0,0,0,0,0
19.55000000000005,117,7,0,43,14,0,0,0,0,0,0
19.60000000000005,103,11,0,40,15,0,0,0,0,0,0
19.650000000000052,112,9,0,41,15,0,0,0,0,0,0
19.700000000000053,106,6,0,42,9,0,0,0,0,0,0
19.750000000000053,102,5,0,36,9,0,0,0,0,0,0
19.800000000000054,126,3,0,33,6,0,0,0,0,0,0
19.850000000000055,105,4,0,19,6,0,0,0,0,0,0
19.900000000000055,118,3,0,25,5,0,0,0,0,0,0
19.950000000000056,105,3,0,19,3,0,0,0,0,0,0
20.000000000000057,101,0,0,11,2,0,0,0,0,0,0
20.050000000000058,102,1,0,21,2,0,0,0,0,0,0
20.10000000000006,111,1,0,19,5,0,0,0,0,0,0
20.15000000000006,112,1,0,17,5,0,0,0,0,0,0
20.20000000000006,113,0,0,7,2,0,0,0,0,0,0
20.25000000000006,103,1,0,7,1,0,0,0,0,0,0
20.30000000000006,112,0,0,5,1,0,0,0,0,0,0
20.350000000000062,106,0,0,2,0,0,0,0,0,0,0
20.400000000000063,109,1,0,5,1,0,0,0,0,0,0
20.450000000000063,114,1,0,4,1,0,0,0,0,0,0
20.500000000000064,110,0,0,0,0,0,0,0,0,0,0
20.550000000000065,125,0,0,2,0,0,0,0,0,0,0
20.600000000000065,101,0,0,0,0,0,0,0,0,0,0
20.650000000000066,101,0,0,1,0,0,0,0,0,0,0
20.700000000000067,100,0,0,1,0,0,0,0,0,0,0
20.750000000000068,126,0,0,2,0,0,0,0,0,0,0
20.800000000000068,102,0,0,0,0,0,0,0,0,0,0
20.85000000000007,102,0,0,0,0,0,0,0,0,0,0
20.90000000000007,127,0,0,0,0,0,0,0,0,0,0
20.95000000000007,113,0,0,0,0,0,0,0,0,0,0
21.00000000000007,113,0,0,0,0,0,0,0,0,0,0
21.05000000000007,111,0,0,0,0,0,0,0,0,0,0
21.100000000000072,94,0,0,0,0,0,0,0,0,0,0
21.150000000000073,104,0,0,0,0,0,0,0,0,0,0
21.200000000000074,100,0,0,0,0,0,0,0,0,0,0
21.250000000000075,119,0,0,0,0,0,0,0,0,0,0
21.300000000000075,101,0,0,0,0,0,0,0,0,0,0
21.350000000000076,126,0,0,0,0,0,0,0,0,0,0
21.400000000000077,109,0,0,0,0,0,0,0,0,0,0
21.450000000000077,85,0,0,0,0,0,0,0,0,0,0
21.500000000000078,112,0,0,0,0,0,0,0,0,0,0
21.55000000000008,113,0,0,0,0,0,0,0,0,0,0
21.60000000000008,122,0,0,0,0,0,0,0,0,0,0
21.65000000000008,105,0,0,0,0,0,0,0,0,0,0
21.70000000000008,131,0,0,0,0,0,0,0,0,0,0
21.75000000000008,111,0,0,0,0,0,0,0,0,0,0
21.800000000000082,116,0,0,0,0,0,0,0,0,0,0
21.850000000000083,94,0,0,0,0,0,0,0,0,0,0
21.900000000000084,102,0,0,0,0,0,0,0,0,0,0
21.950000000000085,117,0,0,0,0,0,0,0,0,0,0
22.000000000000085,106,0,0,0,0,0,0,0,0,0,0
22.050000000000086,123,0,0,0,0,0,0,0,0,0,0
22.100000000000087,96,0,0,0,0,0,0,0,0,0,0
22.150000000000087,122,0,0,0,0,0,0,0,0,0,0
22.200000000000088,113,0,0,0,0,0,0,0,0,0,0
22.25000000000009,96,0,0,0,0,0,0,0,0,0,0
22.30000000000009,116,0,0,0,0,0,0,0,0,0,0
22.35000000000009,135,0,0,0,0,0,0,0,0,0,0
22.40000000000009,122,0,0,0,0,0,0,0,0,0,0
22.45000000000009,107,0,0,0,0,0,0,0,0,0,0
22.500000000000092,112,0,0,0,0,0,0,0,0,0,0
22.550000000000093,101,0,0,0,0,0,0,0,0,0,0
22.600000000000094,99,0,0,0,0,0,0,0,0,0,0
22.650000000000095,101,0,0,0,0,0,0,0,0,0,0
22.700000000000095,120,0,0,0,0,0,0,0,0,0,0
22.750000000000096,99,0,0,0,0,0,0,0,0,0,0
22.800000000000097,135,0,0,0,0,0,0,0,0,0,0
22.850000000000097,108,0,0,0,0,0,0,0,0,0,0
22.900000000000098,112,0,0,0,0,0,0,0,0,0,0
22.9500000000001,116,0,0,0,0,0,0,0,0,0,0
23.0000000000001,120,0,0,0,0,0,0,0,0,0,0
23.0500000000001,84,0,0,0,0,0,0,0,0,0,0
23.1000000000001,102,0,0,0,0,0,0,0,0,0,0
23.1500000000001,115,0,0,0,0,0,0,0,0,0,0
23.200000000000102,115,0,0,0,0,0,0,0,0,0,0
23.250000000000103,120,0,0,0,0,0,0,0,0,0,0
23.300000000000104,107,0,0,0,0,0,0,0,0,0,0
23.350000000000104,129,0,0,0,0,0,0,0,0,0,0
23.400000000000105,109,0,0,0,0,0,0,0,0,0,0
23.450000000000106,113,0,0,0,0,0,0,0,0,0,0
23.500000000000107,104,0,0,0,0,0,0,0,0,0,0
23.550000000000107,116,0,0,0,0,0,0,0,0,0,0
23.600000000000108,121,0,0,0,0,0,0,0,0,0,0
23.65000000000011,105,0,0,0,0,0,0,0,0,0,0
23.70000000000011,115,0,0,0,0,0,0,0,0,0,0
23.75000000000011,106,0,0,0,0,0,0,0,0,0,0
23.80000000000011,113,0,0,0,0,0,0,0,0,0,0
23.85000000000011,103,0,0,0,0,0,0,0,0,0,0
23.900000000000112,104,0,0,0,0,0,0,0,0,0,0
23.950000000000113,113,0,0,0,0,0,0,0,0,0,0
24.000000000000114,107,0,0,0,0,0,0,0,0,0,0
24.050000000000114,100,0,0,0,0,0,0,0,0,0,0
24.100000000000115,124,0,0,0,0,0,0,0,0,0,0
24.150000000000116,118,0,0,0,0,0,0,0,0,0,0
24.200000000000117,108,0,0,0,0,0,0,0,0,0,0
24.250000000000117,102,0,0,0,0,0,0,0,0,0,0
24.300000000000118,131,0,0,0,0,0,0,0,0,0,0
24.35000000000012,112,0,0,0,0,0,0,0,0,0,0
24.40000000000012,118,0,0,0,0,0,0,0,0,0,0
24.45000000000012,103,0,0,0,0,0,0,0,0,0,0
24.50000000000012,110,0,0,0,0,0,0,0,0,0,0
24.55000000000012,98,0,0,0,0,0,0,0,0,0,0
24.600000000000122,136,0,0,0,0,0,0,0,0,0,0
24.650000000000123,124,0,0,0,0,0,0,0,0,0,0
24.700000000000124,89,0,0,0,0,0,0,0,0,0,0
24.750000000000124,116,0,0,0,0,0,0,0,0,0,0
24.800000000000125,113,0,0,0,0,0,0,0,0,0,0
24.850000000000126,109,0,0,0,0,0,0,0,0,0,0
24.900000000000126,103,0,0,0,0,0,0,0,0,0,0
24.950000000000127,114,0,0,0,0,0,0,0,0,0,0
25.000000000000128,123,0,0,0,0,0,0,0,0,0,0
25.05000000000013,111,0,0,0,0,0,0,0,0,0,0
25.10000000000013,105,0,0,0,0,0,0,0,0,0,0
25.15000000000013,113,0,0,0,0,0,0,0,0,0,0
25.20000000000013,111,0,0,0,0,0,0,0,0,0,0
25.25000000000013,118,0,0,0,0,0,0,0,0,0,0
25.300000000000132,114,0,0,0,0,0,0,0,0,0,0
25.350000000000133,97,0,0,0,0,0,0,0,0,0,0
25.400000000000134,122,0,0,0,0,0,0,0,0,0,0
25.450000000000134,107,0,0,0,0,0,0,0,0,0,0
25.500000000000135,100,0,0,0,0,0,0,0,0,0,0
25.550000000000136,116,0,0,0,0,0,0,0,0,0,0
25.600000000000136,122,0,0,0,0,0,0,0,0,0,0
25.650000000000137,112,0,0,0,0,0,0,0,0,0,0
25.700000000000138,118,0,0,0,0,0,0,0,0,0,0
25.75000000000014,123,0,0,0,0,0,0,0,0,0,0
25.80000000000014,104,0,0,0,0,0,0,0,0,0,0
25.85000000000014,113,0,0,0,0,0,0,0,0,0,0
25.90000000000014,87,0,0,0,0,0,0,0,0,0,0
25.95000000000014,128,0,0,0,0,0,0,0,0,0,0
26.000000000000142,105,0,0,0,0,0,0,0,0,0,0
26.050000000000143,132,0,0,0,0,0,0,0,0,0,0
26.100000000000144,109,0,0,0,0,0,0,0,0,0,0
26.150000000000144,112,0,0,0,0,0,0,0,0,0,0
26.200000000000145,121,0,0,0,0,0,0,0,0,0,0
26.250000000000146,99,0,0,0,0,0,0,0,0,0,0
26.300000000000146,114,0,0,0,0,0,0,0,0,0,0
26.350000000000147,105,0,0,0,0,0,0,0,0,0,0
26.400000000000148,115,0,0,0,0,0,0,0,0,0,0
26.45000000000015,97,0,0,0,0,0,0,0,0,0,0
26.50000000000015,105,0,0,0,0,0,0,0,0,0,0
26.55000000000015,139,0,0,0,0,0,0,0,0,0,0
26.60000000000015,123,0,0,0,0,0,0,0,0,0,0
26.65000000000015,120,0,0,0,0,0,0,0,0,0,0
26.700000000000152,91,0,0,0,0,0,0,0,0,0,0
26.750000000000153,106,0,0,0,0,0,0,0,0,0,0
26.800000000000153,119,0,0,0,0,0,0,0,0,0,0
26.850000000000154,89,0,0,0,0,0,0,0,0,0,0
26.900000000000155,94,0,0,0,0,0,0,0,0,0,0
26.950000000000156,124,0,0,0,0,0,0,0,0,0,0
27.000000000000156,118,0,0,0,0,0,0,0,0,0,0
27.050000000000157,124,0,0,0,0,0,0,0,0,0,0
27.100000000000158,116,0,0,0,0,0,0,0,0,0,0
27.15000000000016,105,0,0,0,0,0,0,0,0,0,0
27.20000000000016,92,0,0,0,0,0,0,0,0,0,0
27.25000000000016,113,0,0,0,0,0,0,0,0,0,0
27.30000000000016,114,0,0,0,0,0,0,0,0,0,0
27.35000000000016,100,0,0,0,0,0,0,0,0,0,0
27.400000000000162,121,0,0,0,0,0,0,0,0,0,0
27.450000000000163,113,0,0,0,0,0,0,0,0,0,0
27.500000000000163,110,0,0,0,0,0,0,0,0,0,0
27.550000000000164,106,0,0,0,0,0,0,0,0,0,0
27.600000000000165,104,0,0,0,0,0,0,0,0,0,0
27.650000000000166,125,0,0,0,0,0,0,0,0,0,0
27.700000000000166,111,0,0,0,0,0,0,0,0,0,0
27.750000000000167,99,0,0,0,0,0,0,0,0,0,0
27.800000000000168,103,0,0,0,0,0,0,0,0,0,0
27.85000000000017,113,0,0,0,0,0,0,0,0,0,0
27.90000000000017,105,0,0,0,0,0,0,0,0,0,0
27.95000000000017,122,0,0,0,0,0,0,0,0,0,0
28.00000000000017,107,0,0,0,0,0,0,0,0,0,0
28.05000000000017,112,0,0,0,0,0,0,0,0,0,0
28.100000000000172,102,0,0,0,0,0,0,0,0,0,0
28.150000000000173,121,0,0,0,0,0,0,0,0,0,0
28.200000000000173,101,0,0,0,0,0,0,0,0,0,0
28.250000000000174,112,0,0,0,0,0,0,0,0,0,0
28.300000000000175,100,0,0,0,0,0,0,0,0,0,0
28.350000000000176,107,0,0,0,0,0,0,0,0,0,0
28.400000000000176,107,0,0,0,0,0,0,0,0,0,0
28.450000000000177,117,0,0,0,0,0,0,0,0,0,0
28.500000000000178,105,0,0,0,0,0,0,0,0,0,0
28.55000000000018,131,0,0,0,0,0,0,0,0,0,0
28.60000000000018,106,0,0,0,0,0,0,0,0,0,0
28.65000000000018,106,0,0,0,0,0,0,0,0,0,0
28.70000000000018,112,0,0,0,0,0,0,0,0,0,0
28.75000000000018,119,0,0,0,0,0,0,0,0,0,0
28.800000000000182,101,0,0,0,0,0,0,0,0,0,0
28.850000000000183,103,0,0,0,0,0,0,0,0,0,0
28.900000000000183,109,0,0,0,0,0,0,0,0,0,0
28.950000000000184,122,0,0,0,0,0,0,0,0,0,0
29.000000000000185,107,0,0,0,0,0,0,0,0,0,0
29.050000000000185,121,0,0,0,0,0,0,0,0,0,0
29.100000000000186,103,0,0,0,0,0,0,0,0,0,0
29.150000000000187,107,0,0,0,0,0,0,0,0,0,0
29.200000000000188,122,0,0,0,0,0,0,0,0,0,0
29.25000000000019,115,0,0,0,0,0,0,0,0,0,0
29.30000000000019,118,0,0,0,0,0,0,0,0,0,0
29.35000000000019,103,0,0,0,0,0,0,0,0,0,0
29.40000000000019,99,0,0,0,0,0,0,0,0,0,0
29.45000000000019,117,0,0,0,0,0,0,0,0,0,0
29.500000000000192,108,0,0,0,0,0,0,0,0,0,0
29.550000000000193,107,0,0,0,0,0,0,0,0,0,0
29.600000000000193,112,0,0,0,0,0,0,0,0,0,0
29.650000000000194,117,0,0,0,0,0,0,0,0,0,0
29.700000000000195,113,0,0,0,0,0,0,0,0,0,0
29.750000000000195,121,0,0,0,0,0,0,0,0,0,0
29.800000000000196,106,0,0,0,0,0,0,0,0,0,0
29.850000000000197,131,0,0,0,0,0,0,0,0,0,0
29.900000000000198,109,0,0,0,0,0,0,0,0,0,0
29.9500000000002,116,0,0,0,0,0,0,0,0,0,0
30.0000000000002,115,0,0,0,0,0,0,0,0,0,0
30.0500000000002,108,0,0,0,0,0,0,0,0,0,0
30.1000000000002,110,0,0,0,0,0,0,0,0,0,0
30.1500000000002,115,0,0,0,0,0,0,0,0,0,0
30.200000000000202,116,0,0,0,0,0,0,0,0,0,0
30.250000000000203,114,0,0,0,0,0,0,0,0,0,0
30.300000000000203,134,0,0,0,0,0,0,0,0,0,0
30.350000000000204,105,0,0,0,0,0,0,0,0,0,0
30.400000000000205,110,0,0,0,0,0,0,0,0,0,0
30.450000000000205,107,0,0,0,0,0,0,0,0,0,0
30.500000000000206,98,0,0,0,0,0,0,0,0,0,0
30.550000000000207,127,0,0,0,0,0,0,0,0,0,0
30.600000000000207,113,0,0,0,0,0,0,0,0,0,0
30.650000000000208,97,0,0,0,0,0,0,0,0,0,0
30.70000000000021,94,0,0,0,0,0,0,0,0,0,0
30.75000000000021,109,0,0,0,0,0,0,0,0,0,0
30.80000000000021,120,0,0,0,0,0,0,0,0,0,0
30.85000000000021,108,0,0,0,0,0,0,0,0,0,0
30.90000000000021,113,0,0,0,0,0,0,0,0,0,0
30.950000000000212,114,0,0,0,0,0,0,0,0,0,0
31.000000000000213,107,0,0,0,0,0,0,0,0,0,0
31.050000000000214,129,0,0,0,0,0,0,0,0,0,0
31.100000000000215,104,0,0,0,0,0,0,0,0,0,0
31.150000000000215,88,0,0,0,0,0,0,0,0,0,0
31.200000000000216,102,0,0,0,0,0,0,0,0,0,0
31.250000000000217,112,0,0,0,0,0,0,0,0,0,0
31.300000000000217,116,0,0,0,0,0,0,0,0,0,0
31.350000000000218,122,0,0,0,0,0,0,0,0,0,0
31.40000000000022,104,0,0,0,0,0,0,0,0,0,0
31.45000000000022,92,0,0,0,0,0,0,0,0,0,0
31.50000000000022,119,0,0,0,0,0,0,0,0,0,0
31.55000000000022,108,0,0,0,0,0,0,0,0,0,0
31.60000000000022,97,0,0,0,0,0,0,0,0,0,0
31.650000000000222,108,0,0,0,0,0,0,0,0,0,0
31.700000000000223,114,0,0,0,0,0,0,0,0,0,0
31.750000000000224,101,0,0,0,0,0,0,0,0,0,0
31.800000000000225,99,0,0,0,0,0,0,0,0,0,0
31.850000000000225,96,0,0,0,0,0,0,0,0,0,0
31.900000000000226,109,0,0,0,0,0,0,0,0,0,0
31.950000000000227,115,0,0,0,0,0,0,0,0,0,0
32.00000000000023,99,0,0,0,0,0,0,0,0,0,0
32.050000000000225,97,0,0,0,0,0,0,0,0,0,0
32.10000000000022,67,0,0,0,0,0,0,0,0,0,0
32.15000000000022,67,0,0,0,0,0,0,0,0,0,0
32.200000000000216,40,0,0,0,0,0,0,0,0,0,0
32.25000000000021,38,0,0,0,0,0,0,0,0,0,0
32.30000000000021,28,0,0,0,0,0,0,0,0,0,0
32.35000000000021,4,0,0,0,0,0,0,0,0,0,0
32.400000000000205,0,0,0,0,0,0,0,0,0,0,0
32.4500000000002,0,0,0,0,0,0,0,0,0,0,0
32.5000000000002,0,0,0,0,0,0,0,0,0,0,0
32.550000000000196,0,0,0,0,0,0,0,0,0,0,0
32.60000000000019,0,0,0,0,0,0,0,0,0,0,0
32.65000000000019,0,0,0,0,0,0,0,0,0,0,0
32.70000000000019,0,0,0,0,0,0,0,0,0,0,0
32.750000000000185,0,0,0,0,0,0,0,0,0,0,0
32.80000000000018,0,0,0,0,0,0,0,0,0,0,0
32.85000000000018,0,0,0,0,0,0,0,0,0,0,0
32.900000000000176,0,0,0,0,0,0,0,0,0,0,0
32.95000000000017,0,0,0,0,0,0,0,0,0,0,0
33.00000000000017,0,0,0,0,0,0,0,0,0,0,0
33.05000000000017,0,0,0,0,0,0,0,0,0,0,0
33.100000000000165,0,0,0,0,0,0,0,0,0,0,0
33.15000000000016,0,0,0,0,0,0,0,0,0,0,0
33.20000000000016,0,0,0,0,0,0,0,0,0,0,0
33.250000000000156,0,0,0,0,0,0,0,0,0,0,0
33.30000000000015,0,0,0,0,0,0,0,0,0,0,0
33.35000000000015,0,0,0,0,0,0,0,0,0,0,0
33.40000000000015,0,0,0,0,0,0,0,0,0,0,0
33.450000000000145,0,0,0,0,0,0,0,0,0,0,0
33.50000000000014,0,0,0,0,0,0,0,0,0,0,0
33.55000000000014,0,0,0,0,0,0,0,0,0,0,0
33.600000000000136,0,0,0,0,0,0,0,0,0,0,0
33.650000000000134,0,0,0,0,0,0,0,0,0,0,0
33.70000000000013,0,0,0,0,0,0,0,0,0,0,0
33.75000000000013,0,0,0,0,0,0,0,0,0,0,0
33.800000000000125,0,0,0,0,0,0,0,0,0,0,0
33.85000000000012,0,0,0,0,0,0,0,0,0,0,0
33.90000000000012,0,0,0,0,0,0,0,0,0,0,0
33.95000000000012,0,0,0,0,0,0,0,0,0,0,0
34.000000000000114,0,0,0,0,0,0,0,0,0,0,0
34.05000000000011,0,0,0,0,0,0,0,0,0,0,0
34.10000000000011,0,0,0,0,0,0,0,0,0,0,0
34.150000000000105,0,0,0,0,0,0,0,0,0,0,0
34.2000000000001,0,0,0,0,0,0,0,0,0,0,0
34.2500000000001,0,0,0,0,0,0,0,0,0,0,0
34.3000000000001,0,0,0,0,0,0,0,0,0,0,0
34.350000000000094,0,0,0,0,0,0,0,0,0,0,0
34.40000000000009,0,0,0,0,0,0,0,0,0,0,0
34.45000000000009,0,0,0,0,0,0,0,0,0,0,0
34.500000000000085,0,0,0,0,0,0,0,0,0,0,0
34.55000000000008,0,0,0,0,0,0,0,0,0,0,0
34.60000000000008,0,0,0,0,0,0,0,0,0,0,0
34.65000000000008,0,0,0,0,0,0,0,0,0,0,0
34.700000000000074,0,0,0,0,0,0,0,0,0,0,0
34.75000000000007,0,0,0,0,0,0,0,0,0,0,0
34.80000000000007,0,0,0,0,0,0,0,0,0,0,0
34.850000000000065,0,0,0,0,0,0,0,0,0,0,0
34.90000000000006,0,0,0,0,0,0,0,0,0,0,0
34.95000000000006,0,0,0,0,0,0,0,0,0,0,0
35.00000000000006,0,0,0,0,0,0,0,0,0,0,0
35.050000000000054,0,0,0,0,0,0,0,0,0,0,0
35.10000000000005,0,0,0,0,0,0,0,0,0,0,0
35.15000000000005,0,0,0,0,0,0,0,0,0,0,0
35.200000000000045,0,0,0,0,0,0,0,0,0,0,0
35.25000000000004,0,0,0,0,0,0,0,0,0,0,0
35.30000000000004,0,0,0,0,0,0,0,0,0,0,0
35.35000000000004,0,0,0,0,0,0,0,0,0,0,0
35.400000000000034,0,0,0,0,0,0,0,0,0,0,0
35.45000000000003,0,0,0,0,0,0,0,0,0,0,0
35.50000000000003,0,0,0,0,0,0,0,0,0,0,0
35.550000000000026,0,0,0,0,0,0,0,0,0,0,0
35.60000000000002,0,0,0,0,0,0,0,0,0,0,0
35.65000000000002,0,0,0,0,0,0,0,0,0,0,0
35.70000000000002,0,0,0,0,0,0,0,0,0,0,0
35.750000000000014,0,0,0,0,0,0,0,0,0,0,0
35.80000000000001,0,0,0,0,0,0,0,0,0,0,0
35.85000000000001,0,0,0,0,0,0,0,0,0,0,0
35.900000000000006,0,0,0,0,0,0,0,0,0,0,0
35.95,0,0,0,0,0,0,0,0,0,0,0
36.0,0,0,0,0,0,0,0,0,0,0,0
36.05,0,0,0,0,0,0,0,0,0,0,0
36.099999999999994,0,0,0,0,0,0,0,0,0,0,0
36.14999999999999,0,0,0,0,0,0,0,0,0,0,0
36.19999999999999,0,0,0,0,0,0,0,0,0,0,0
36.249999999999986,0,0,0,0,0,0,0,0,0,0,0
36.29999999999998,0,0,0,0,0,0,0,0,0,0,0
36.34999999999998,0,0,0,0,0,0,0,0,0,0,0
36.39999999999998,0,0,0,0,0,0,0,0,0,0,0
36.449999999999974,0,0,0,0,0,0,0,0,0,0,0
36.49999999999997,0,0,0,0,0,0,0,0,0,0,0
36.54999999999997,0,0,0,0,0,0,0,0,0,0,0
36.599999999999966,0,0,0,0,0,0,0,0,0,0,0
36.64999999999996,0,0,0,0,0,0,0,0,0,0,0
36.69999999999996,0,0,0,0,0,0,0,0,0,0,0
36.74999999999996,0,0,0,0,0,0,0,0,0,0,0
36.799999999999955,0,0,0,0,0,0,0,0,0,0,0
36.84999999999995,0,0,0,0,0,0,0,0,0,0,0
36.89999999999995,0,0,0,0,0,0,0,0,0,0,0
36.949999999999946,0,0,0,0,0,0,0,0,0,0,0
36.99999999999994,0,0,0,0,0,0,0,0,0,0,0
37.04999999999994,0,0,0,0,0,0,0,0,0,0,0
37.09999999999994,0,0,0,0,0,0,0,0,0,0,0
37.149999999999935,0,0,0,0,0,0,0,0,0,0,0
37.19999999999993,0,0,0,0,0,0,0,0,0,0,0
37.24999999999993,0,0,0,0,0,0,0,0,0,0,0
37.299999999999926,0,0,0,0,0,0,0,0,0,0,0
37.34999999999992,0,0,0,0,0,0,0,0,0,0,0
37.39999999999992,0,0,0,0,0,0,0,0,0,0,0
37.44999999999992,0,0,0,0,0,0,0,0,0,0,0
37.499999999999915,0,0,0,0,0,0,0,0,0,0,0
37.54999999999991,0,0,0,0,0,0,0,0,0,0,0
37.59999999999991,0,0,0,0,0,0,0,0,0,0,0
37.649999999999906,0,0,0,0,0,0,0,0,0,0,0
37.6999999999999,0,0,0,0,0,0,0,0,0,0,0
37.7499999999999,0,0,0,0,0,0,0,0,0,0,0
37.7999999999999,0,0,0,0,0,0,0,0,0,0,0
37.849999999999895,0,0,0,0,0,0,0,0,0,0,0
37.89999999999989,0,0,0,0,0,0,0,0,0,0,0
37.94999999999989,0,0,0,0,0,0,0,0,0,0,0
37.999999999999886,0,0,0,0,0,0,0,0,0,0,0
38.04999999999988,0,0,0,0,0,0,0,0,0,0,0
38.09999999999988,0,0,0,0,0,0,0,0,0,0,0
38.14999999999988,0,0,0,0,0,0,0,0,0,0,0
38.199999999999875,0,0,0,0,0,0,0,0,0,0,0
38.24999999999987,0,0,0,0,0,0,0,0,0,0,0
38.29999999999987,0,0,0,0,0,0,0,0,0,0,0
38.349999999999866,0,0,0,0,0,0,0,0,0,0,0
38.399999999999864,0,0,0,0,0,0,0,0,0,0,0
38.44999999999986,0,0,0,0,0,0,0,0,0,0,0
38.49999999999986,0,0,0,0,0,0,0,0,0,0,0
38.549999999999855,0,0,0,0,0,0,0,0,0,0,0
38.59999999999985,0,0,0,0,0,0,0,0,0,0,0
38.64999999999985,0,0,0,0,0,0,0,0,0,0,0
38.69999999999985,0,0,0,0,0,0,0,0,0,0,0
38.749999999999844,0,0,0,0,0,0,0,0,0,0,0
38.79999999999984,0,0,0,0,0,0,0,0,0,0,0
38.84999999999984,0,0,0,0,0,0,0,0,0,0,0
38.899999999999835,0,0,0,0,0,0,0,0,0,0,0
38.94999999999983,0,0,0,0,0,0,0,0,0,0,0
38.99999999999983,0,0,0,0,0,0,0,0,0,0,0
39.04999999999983,0,0,0,0,0,0,0,0,0,0,0
39.099999999999824,0,0,0,0,0,0,0,0,0,0,0
39.14999999999982,0,0,0,0,0,0,0,0,0,0,0
39.19999999999982,0,0,0,0,0,0,0,0,0,0,0
39.249999999999815,0,0,0,0,0,0,0,0,0,0,0
39.29999999999981,0,0,0,0,0,0,0,0,0,0,0
39.34999999999981,0,0,0,0,0,0,0,0,0,0,0
39.39999999999981,0,0,0,0,0,0,0,0,0,0,0
39.449999999999804,0,0,0,0,0,0,0,0,0,0,0
39.4999999999998,0,0,0,0,0,0,0,0,0,0,0
39.5499999999998,0,0,0,0,0,0,0,0,0,0,0
39.599999999999795,0,0,0,0,0,0,0,0,0,0,0
39.64999999999979,0,0,0,0,0,0,0,0,0,0,0
39.69999999999979,0,0,0,0,0,0,0,0,0,0,0
39.74999999999979,0,0,0,0,0,0,0,0,0,0,0
39.799999999999784,0,0,0,0,0,0,0,0,0,0,0
39.84999999999978,0,0,0,0,0,0,0,0,0,0,0
39.89999999999978,0,0,0,0,0,0,0,0,0,0,0
39.949999999999775,0,0,0,0,0,0,0,0,0,0,0
39.99999999999977,0,0,0,0,0,0,0,0,0,0,0
40.04999999999977,0,0,0,0,0,0,0,0,0,0,0
40.09999999999977,0,0,0,0,0,0,0,0,0,0,0
40.149999999999764,0,0,0,0,0,0,0,0,0,0,0
40.19999999999976,0,0,0,0,0,0,0,0,0,0,0
40.24999999999976,0,0,0,0,0,0,0,0,0,0,0
40.299999999999756,0,0,0,0,0,0,0,0,0,0,0
40.34999999999975,0,0,0,0,0,0,0,0,0,0,0
40.39999999999975,0,0,0,0,0,0,0,0,0,0,0
40.44999999999975,0,0,0,0,0,0,0,0,0,0,0
40.499999999999744,0,0,0,0,0,0,0,0,0,0,0
40.54999999999974,0,0,0,0,0,0,0,0,0,0,0
40.59999999999974,0,0,0,0,0,0,0,0,0,0,0
40.649999999999736,0,0,0,0,0,0,0,0,0,0,0
40.69999999999973,0,0,0,0,0,0,0,0,0,0,0
40.74999999999973,0,0,0,0,0,0,0,0,0,0,0
40.79999999999973,0,0,0,0,0,0,0,0,0,0,0
40.849999999999724,0,0,0,0,0,0,0,0,0,0,0
40.89999999999972,0,0,0,0,0,0,0,0,0,0,0
40.94999999999972,0,0,0,0,0,0,0,0,0,0,0
40.999999999999716,0,0,0,0,0,0,0,0,0,0,0
41.04999999999971,0,0,0,0,0,0,0,0,0,0,0
41.09999999999971,0,0,0,0,0,0,0,0,0,0,0
41.14999999999971,0,0,0,0,0,0,0,0,0,0,0
41.199999999999704,0,0,0,0,0,0,0,0,0,0,0
41.2499999999997,0,0,0,0,0,0,0,0,0,0,0
41.2999999999997,0,0,0,0,0,0,0,0,0,0,0
41.349999999999696,0,0,0,0,0,0,0,0,0,0,0
41.39999999999969,0,0,0,0,0,0,0,0,0,0,0
41.44999999999969,0,0,0,0,0,0,0,0,0,0,0
41.49999999999969,0,0,0,0,0,0,0,0,0,0,0
41.549999999999685,0,0,0,0,0,0,0,0,0,0,0
*****
16,0.05,100,0.3,0.7,10,100,0.39276599448899996,0.1280509099671
16,100,100,100,100,100,0,0,0,0,0,0
16.05,108,108,108,108,108,0,0,0,0,0,0
16.1,97,97,97,95,97,0,0,0,0,0,0
16.150000000000002,97,97,97,97,97,0,0,0,0,0,0
16.200000000000003,104,104,104,104,104,0,0,0,0,0,0
16.250000000000004,112,112,112,112,112,0,0,0,0,0,0
16.300000000000004,93,93,93,93,93,0,0,0,0,0,0
16.350000000000005,108,108,108,107,108,0,0,0,0,0,0
16.400000000000006,90,90,90,90,90,0,0,0,0,0,0
16.450000000000006,100,100,100,100,100,0,0,0,0,0,0
16.500000000000007,113,113,112,113,113,0,0,0,0,0,0
16.550000000000008,102,102,102,102,102,0,0,0,0,0,0
16.60000000000001,108,108,108,108,108,0,0,0,0,0,0
16.65000000000001,103,103,103,102,103,0,0,0,0,0,0
16.70000000000001,91,91,91,90,91,0,0,0,0,0,0
16.75000000000001,103,103,103,100,103,0,0,0,0,0,0
16.80000000000001,97,97,97,97,97,0,0,0,0,0,0
16.850000000000012,93,93,93,91,93,0,0,0,0,0,0
16.900000000000013,102,102,102,101,102,0,0,0,0,0,0
16.950000000000014,100,100,100,99,100,0,0,0,0,0,0
17.000000000000014,100,100,100,99,100,0,0,0,0,0,0
17.050000000000015,99,99,99,97,99,0,0,0,0,0,0
17.100000000000016,111,110,109,107,110,0,0,0,0,0,0
17.150000000000016,96,95,96,91,96,0,0,0,0,0,0
17.200000000000017,106,105,106,103,106,0,0,0,0,0,0
17.250000000000018,101,101,101,96,101,0,0,0,0,0,0
17.30000000000002,118,115,117,113,118,0,0,0,0,0,0
17.35000000000002,95,91,91,94,93,0,0,0,0,0,0
17.40000000000002,110,107,108,101,110,0,0,0,0,0,0
17.45000000000002,99,99,97,96,99,0,0,0,0,0,0
17.50000000000002,104,102,102,100,104,0,0,0,0,0,0
17.550000000000022,82,80,82,78,82,0,0,0,0,0,0
17.600000000000023,97,94,96,90,96,0,0,0,0,0,0
17.650000000000023,85,75,78,80,81,0,0,0,0,0,0
17.700000000000024,114,108,106,108,113,0,0,0,0,0,0
17.750000000000025,112,98,101,99,108,0,0,0,0,0,0
17.800000000000026,117,106,105,112,112,0,0,0,0,0,0
17.850000000000026,108,97,98,98,106,0,0,0,0,0,0
17.900000000000027,105,99,99,96,104,0,0,0,0,0,0
17.950000000000028,92,81,81,78,85,0,0,0,0,0,0
18.00000000000003,90,73,79,81,79,0,0,0,0,0,0
18.05000000000003,97,81,83,87,91,0,0,0,0,0,0
18.10000000000003,113,90,93,98,101,0,0,0,0,0,0
18.15000000000003,111,87,87,99,97,0,0,0,0,0,0
18.20000000000003,106,80,84,90,91,0,0,0,0,0,0
18.250000000000032,104,78,85,87,92,0,0,0,0,0,0
18.300000000000033,104,69,75,87,84,0,0,0,0,0,0
18.350000000000033,89,68,68,73,72,0,0,0,0,0,0
18.400000000000034,104,70,82,92,87,0,0,0,0,0,0
18.450000000000035,107,72,74,87,85,0,0,0,0,0,0
18.500000000000036,113,78,81,94,89,0,0,0,0,0,0
18.550000000000036,93,52,58,77,63,0,0,0,0,0,0
18.600000000000037,82,49,49,62,58,0,0,0,0,0,0
18.650000000000038,105,58,66,77,77,0,0,0,0,0,0
18.70000000000004,102,56,61,81,75,0,0,0,0,0,0
18.75000000000004,115,59,61,79,76,0,0,0,0,0,0
18.80000000000004,113,54,57,77,69,0,0,0,0,0,0
18.85000000000004,110,53,60,75,71,0,0,0,0,0,0
18.90000000000004,75,34,35,49,43,0,0,0,0,0,0
18.950000000000042,100,43,50,70,58,0,0,0,0,0,0
19.000000000000043,95,39,40,60,52,0,0,0,0,0,0
19.050000000000043,107,43,43,63,55,0,0,0,0,0,0
19.100000000000044,104,37,44,62,51,0,0,0,0,0,0
19.150000000000045,107,36,40,59,54,0,0,0,0,0,0
19.200000000000045,108,28,38,57,44,0,0,0,0,0,0
19.250000000000046,96,26,30,53,40,0,0,0,0,0,0
19.300000000000047,87,23,27,45,33,0,0,0,0,0,0
19.350000000000048,99,23,28,41,35,0,0,0,0,0,0
19.40000000000005,115,21,37,52,41,0,0,0,0,0,0
19.45000000000005,102,23,24,35,29,0,0,0,0,0,0
19.50000000000005,108,16,17,38,24,0,0,0,0,0,0
19.55000000000005,88,15,18,35,23,0,0,0,0,0,0
19.60000000000005,99,16,16,30,23,0,0,0,0,0,0
19.650000000000052,99,8,14,32,23,0,0,0,0,0,0
19.700000000000053,117,17,17,31,23,0,0,0,0,0,0
19.750000000000053,100,8,11,19,12,0,0,0,0,0,0
19.800000000000054,102,17,15,27,21,0,0,0,0,0,0
19.850000000000055,100,5,12,23,13,0,0,0,0,0,0
19.900000000000055,94,11,15,25,21,0,0,0,0,0,0
19.950000000000056,91,8,12,23,15,0,0,0,0,0,0
20.000000000000057,118,6,7,18,9,0,0,0,0,0,0
20.050000000000058,103,3,4,11,4,0,0,0,0,0,0
20.10000000000006,106,6,7,15,10,0,0,0,0,0,0
20.15000000000006,103,2,4,9,5,0,0,0,0,0,0
20.20000000000006,96,4,6,7,7,0,0,0,0,0,0
20.25000000000006,94,4,4,11,6,0,0,0,0,0,0
20.30000000000006,114,4,7,16,9,0,0,0,0,0,0
20.350000000000062,83,2,2,4,4,0,0,0,0,0,0
20.400000000000063,95,2,2,8,5,0,0,0,0,0,0
20.450000000000063,104,2,3,6,4,0,0,0,0,0,0
20.500000000000064,122,3,5,15,6,0,0,0,0,0,0
20.550000000000065,106,1,3,3,3,0,0,0,0,0,0
20.600000000000065,104,0,0,1,1,0,0,0,0,0,0
20.650000000000066,81,1,2,4,2,0,0,0,0,0,0
20.700000000000067,92,0,0,2,0,0,0,0,0,0,0
20.750000000000068,107,1,2,2,2,0,0,0,0,0,0
20.800000000000068,101,3,4,5,5,0,0,0,0,0,0
20.85000000000007,95,0,0,1,0,0,0,0,0,0,0
20.90000000000007,104,1,1,2,2,0,0,0,0,0,0
20.95000000000007,107,1,0,1,1,0,0,0,0,0,0
21.00000000000007,92,0,0,2,0,0,0,0,0,0,0
21.05000000000007,109,0,0,0,0,0,0,0,0,0,0
21.100000000000072,120,0,0,2,1,0,0,0,0,0,0
21.150000000000073,92,0,1,1,1,0,0,0,0,0,0
21.200000000000074,89,0,0,0,0,0,0,0,0,0,0
21.250000000000075,94,0,0,0,0,0,0,0,0,0,0
21.300000000000075,96,0,0,0,0,0,0,0,0,0,0
21.350000000000076,102,0,0,0,0,0,0,0,0,0,0
21.400000000000077,113,0,0,0,0,0,0,0,0,0,0
21.450000000000077,122,0,0,0,0,0,0,0,0,0,0
21.500000000000078,105,0,0,1,0,0,0,0,0,0,0
21.55000000000008,92,0,0,0,0,0,0,0,0,0,0
21.60000000000008,92,0,0,0,0,0,0,0,0,0,0
21.65000000000008,107,0,0,0,0,0,0,0,0,0,0
21.70000000000008,89,0,0,0,0,0,0,0,0,0,0
21.75000000000008,96,0,0,0,0,0,0,0,0,0,0
21.800000000000082,111,0,0,0,0,0,0,0,0,0,0
21.850000000000083,97,0,0,0,0,0,0,0,0,0,0
21.900000000000084,90,0,0,0,0,0,0,0,0,0,0
21.950000000000085,118,0,0,0,0,0,0,0,0,0,0
22.000000000000085,97,0,0,0,0,0,0,0,0,0,0
22.050000000000086,107,0,0,0,0,0,0,0,0,0,0
22.100000000000087,116,0,0,0,0,0,0,0,0,0,0
22.150000000000087,95,0,0,0,0,0,0,0,0,0,0
22.200000000000088,90,0,0,0,0,0,0,0,0,0,0
22.25000000000009,85,0,0,0,0,0,0,0,0,0,0
22.30000000000009,105,0,0,0,0,0,0,0,0,0,0
22.35000000000009,109,0,0,0,0,0,0,0,0,0,0
22.40000000000009,100,0,0,0,0,0,0,0,0,0,0
22.45000000000009,128,0,0,0,0,0,0,0,0,0,0
22.500000000000092,110,0,0,0,0,0,0,0,0,0,0
22.550000000000093,94,0,0,0,0,0,0,0,0,0,0
22.600000000000094,80,0,0,0,0,0,0,0,0,0,0
22.650000000000095,100,0,0,0,0,0,0,0,0,0,0
22.700000000000095,85,0,0,0,0,0,0,0,0,0,0
22.750000000000096,103,0,0,0,0,0,0,0,0,0,0
22.800000000000097,103,0,0,0,0,0,0,0,0,0,0
22.850000000000097,110,0,0,0,0,0,0,0,0,0,0
22.900000000000098,105,0,0,0,0,0,0,0,0,0,0
22.9500000000001,90,0,0,0,0,0,0,0,0,0,0
23.0000000000001,98,0,0,0,0,0,0,0,0,0,0
23.0500000000001,110,0,0,0,0,0,0,0,0,0,0
23.1000000000001,78,0,0,0,0,0,0,0,0,0,0
23.1500000000001,131,0,0,0,0,0,0,0,0,0,0
23.200000000000102,101,0,0,0,0,0,0,0,0,0,0
23.250000000000103,104,0,0,0,0,0,0,0,0,0,0
23.300000000000104,111,0,0,0,0,0,0,0,0,0,0
23.350000000000104,96,0,0,0,0,0,0,0,0,0,0
23.400000000000105,109,0,0,0,0,0,0,0,0,0,0
23.450000000000106,80,0,0,0,0,0,0,0,0,0,0
23.500000000000107,102,0,0,0,0,0,0,0,0,0,0
23.550000000000107,93,0,0,0,0,0,0,0,0,0,0
23.600000000000108,90,0,0,0,0,0,0,0,0,0,0
23.65000000000011,129,0,0,0,0,0,0,0,0,0,0
23.70000000000011,100,0,0,0,0,0,0,0,0,0,0
23.75000000000011,104,0,0,0,0,0,0,0,0,0,0
23.80000000000011,98,0,0,0,0,0,0,0,0,0,0
23.85000000000011,94,0,0,0,0,0,0,0,0,0,0
23.900000000000112,113,0,0,0,0,0,0,0,0,0,0
23.950000000000113,101,0,0,0,0,0,0,0,0,0,0
24.000000000000114,92,0,0,0,0,0,0,0,0,0,0
24.050000000000114,103,0,0,0,0,0,0,0,0,0,0
24.100000000000115,109,0,0,0,0,0,0,0,0,0,0
24.150000000000116,101,0,0,0,0,0,0,0,0,0,0
24.200000000000117,92,0,0,0,0,0,0,0,0,0,0
24.250000000000117,97,0,0,0,0,0,0,0,0,0,0
24.300000000000118,113,0,0,0,0,0,0,0,0,0,0
24.35000000000012,98,0,0,0,0,0,0,0,0,0,0
24.40000000000012,91,0,0,0,0,0,0,0,0,0,0
24.45000000000012,106,0,0,0,0,0,0,0,0,0,0
24.50000000000012,105,0,0,0,0,0,0,0,0,0,0
24.55000000000012,104,0,0,0,0,0,0,0,0,0,0
24.600000000000122,102,0,0,0,0,0,0,0,0,0,0
24.650000000000123,88,0,0,0,0,0,0,0,0,0,0
24.700000000000124,110,0,0,0,0,0,0,0,0,0,0
24.750000000000124,130,0,0,0,0,0,0,0,0,0,0
24.800000000000125,102,0,0,0,0,0,0,0,0,0,0
24.850000000000126,95,0,0,0,0,0,0,0,0,0,0
24.900000000000126,110,0,0,0,0,0,0,0,0,0,0
24.950000000000127,80,0,0,0,0,0,0,0,0,0,0
25.000000000000128,113,0,0,0,0,0,0,0,0,0,0
25.05000000000013,84,0,0,0,0,0,0,0,0,0,0
25.10000000000013,111,0,0,0,0,0,0,0,0,0,0
25.15000000000013,108,0,0,0,0,0,0,0,0,0,0
25.20000000000013,121,0,0,0,0,0,0,0,0,0,0
25.25000000000013,108,0,0,0,0,0,0,0,0,0,0
25.300000000000132,81,0,0,0,0,0,0,0,0,0,0
25.350000000000133,96,0,0,0,0,0,0,0,0,0,0
25.400000000000134,106,0,0,0,0,0,0,0,0,0,0
25.450000000000134,103,0,0,0,0,0,0,0,0,0,0
25.500000000000135,124,0,0,0,0,0,0,0,0,0,0
25.550000000000136,94,0,0,0,0,0,0,0,0,0,0
25.600000000000136,98,0,0,0,0,0,0,0,0,0,0
25.650000000000137,94,0,0,0,0,0,0,0,0,0,0
25.700000000000138,78,0,0,0,0,0,0,0,0,0,0
25.75000000000014,112,0,0,0,0,0,0,0,0,0,0
25.80000000000014,106,0,0,0,0,0,0,0,0,0,0
25.85000000000014,112,0,0,0,0,0,0,0,0,0,0
25.90000000000014,96,0,0,0,0,0,0,0,0,0,0
25.95000000000014,111,0,0,0,0,0,0,0,0,0,0
26.000000000000142,93,0,0,0,0,0,0,0,0,0,0
26.050000000000143,107,0,0,0,0,0,0,0,0,0,0
26.100000000000144,96,0,0,0,0,0,0,0,0,0,0
26.150000000000144,100,0,0,0,0,0,0,0,0,0,0
26.200000000000145,99,0,0,0,0,0,0,0,0,0,0
26.250000000000146,99,0,0,0,0,0,0,0,0,0,0
26.300000000000146,94,0,0,0,0,0,0,0,0,0,0
26.350000000000147,103,0,0,0,0,0,0,0,0,0,0
26.400000000000148,90,0,0,0,0,0,0,0,0,0,0
26.45000000000015,108,0,0,0,0,0,0,0,0,0,0
26.50000000000015,112,0,0,0,0,0,0,0,0,0,0
26.55000000000015,121,0,0,0,0,0,0,0,0,0,0
26.60000000000015,106,0,0,0,0,0,0,0,0,0,0
26.65000000000015,88,0,0,0,0,0,0,0,0,0,0
26.700000000000152,109,0,0,0,0,0,0,0,0,0,0
26.750000000000153,97,0,0,0,0,0,0,0,0,0,0
26.800000000000153,104,0,0,0,0,0,0,0,0,0,0
26.850000000000154,92,0,0,0,0,0,0,0,0,0,0
26.900000000000155,87,0,0,0,0,0,0,0,0,0,0
26.950000000000156,112,0,0,0,0,0,0,0,0,0,0
27.000000000000156,89,0,0,0,0,0,0,0,0,0,0
27.050000000000157,119,0,0,0,0,0,0,0,0,0,0
27.100000000000158,103,0,0,0,0,0,0,0,0,0,0
27.15000000000016,103,0,0,0,0,0,0,0,0,0,0
27.20000000000016,109,0,0,0,0,0,0,0,0,0,0
27.25000000000016,98,0,0,0,0,0,0,0,0,0,0
27.30000000000016,101,0,0,0,0,0,0,0,0,0,0
27.35000000000016,102,0,0,0,0,0,0,0,0,0,0
27.400000000000162,100,0,0,0,0,0,0,0,0,0,0
27.450000000000163,102,0,0,0,0,0,0,0,0,0,0
27.500000000000163,102,0,0,0,0,0,0,0,0,0,0
27.550000000000164,111,0,0,0,0,0,0,0,0,0,0
27.600000000000165,110,0,0,0,0,0,0,0,0,0,0
27.650000000000166,92,0,0,0,0,0,0,0,0,0,0
27.700000000000166,103,0,0,0,0,0,0,0,0,0,0
27.750000000000167,95,0,0,0,0,0,0,0,0,0,0
27.800000000000168,92,0,0,0,0,0,0,0,0,0,0
27.85000000000017,114,0,0,0,0,0,0,0,0,0,0
27.90000000000017,95,0,0,0,0,0,0,0,0,0,0
27.95000000000017,107,0,0,0,0,0,0,0,0,0,0
28.00000000000017,97,0,0,0,0,0,0,0,0,0,0
28.05000000000017,99,0,0,0,0,0,0,0,0,0,0
28.100000000000172,114,0,0,0,0,0,0,0,0,0,0
28.150000000000173,118,0,0,0,0,0,0,0,0,0,0
28.200000000000173,93,0,0,0,0,0,0,0,0,0,0
28.250000000000174,83,0,0,0,0,0,0,0,0,0,0
28.300000000000175,96,0,0,0,0,0,0,0,0,0,0
28.350000000000176,95,0,0,0,0,0,0,0,0,0,0
28.400000000000176,107,0,0,0,0,0,0,0,0,0,0
28.450000000000177,104,0,0,0,0,0,0,0,0,0,0
28.500000000000178,100,0,0,0,0,0,0,0,0,0,0
28.55000000000018,123,0,0,0,0,0,0,0,0,0,0
28.60000000000018,109,0,0,0,0,0,0,0,0,0,0
28.65000000000018,91,0,0,0,0,0,0,0,0,0,0
28.70000000000018,82,0,0,0,0,0,0,0,0,0,0
28.75000000000018,97,0,0,0,0,0,0,0,0,0,0
28.800000000000182,104,0,0,0,0,0,0,0,0,0,0
28.850000000000183,101,0,0,0,0,0,0,0,0,0,0
28.900000000000183,113,0,0,0,0,0,0,0,0,0,0
28.950000000000184,113,0,0,0,0,0,0,0,0,0,0
29.000000000000185,97,0,0,0,0,0,0,0,0,0,0
29.050000000000185,103,0,0,0,0,0,0,0,0,0,0
29.100000000000186,97,0,0,0,0,0,0,0,0,0,0
29.150000000000187,103,0,0,0,0,0,0,0,0,0,0
29.200000000000188,103,0,0,0,0,0,0,0,0,0,0
29.25000000000019,100,0,0,0,0,0,0,0,0,0,0
29.30000000000019,97,0,0,0,0,0,0,0,0,0,0
29.35000000000019,93,0,0,0,0,0,0,0,0,0,0
29.40000000000019,95,0,0,0,0,0,0,0,0,0,0
29.45000000000019,117,0,0,0,0,0,0,0,0,0,0
29.500000000000192,102,0,0,0,0,0,0,0,0,0,0
29.550000000000193,89,0,0,0,0,0,0,0,0,0,0
29.600000000000193,117,0,0,0,0,0,0,0,0,0,0
29.650000000000194,99,0,0,0,0,0,0,0,0,0,0
29.700000000000195,106,0,0,0,0,0,0,0,0,0,0
29.750000000000195,88,0,0,0,0,0,0,0,0,0,0
29.800000000000196,94,0,0,0,0,0,0,0,0,0,0
29.850000000000197,96,0,0,0,0,0,0,0,0,0,0
29.900000000000198,110,0,0,0,0,0,0,0,0,0,0
29.9500000000002,121,0,0,0,0,0,0,0,0,0,0
30.0000000000002,104,0,0,0,0,0,0,0,0,0,0
30.0500000000002,118,0,0,0,0,0,0,0,0,0,0
30.1000000000002,102,0,0,0,0,0,0,0,0,0,0
30.1500000000002,95,0,0,0,0,0,0,0,0,0,0
30.200000000000202,103,0,0,0,0,0,0,0,0,0,0
30.250000000000203,99,0,0,0,0,0,0,0,0,0,0
30.300000000000203,95,0,0,0,0,0,0,0,0,0,0
30.350000000000204,104,0,0,0,0,0,0,0,0,0,0
30.400000000000205,88,0,0,0,0,0,0,0,0,0,0
30.450000000000205,102,0,0,0,0,0,0,0,0,0,0
30.500000000000206,109,0,0,0,0,0,0,0,0,0,0
30.550000000000207,114,0,0,0,0,0,0,0,0,0,0
30.600000000000207,103,0,0,0,0,0,0,0,0,0,0
30.650000000000208,101,0,0,0,0,0,0,0,0,0,0
30.70000000000021,93,0,0,0,0,0,0,0,0,0,0
30.75000000000021,99,0,0,0,0,0,0,0,0,0,0
30.80000000000021,103,0,0,0,0,0,0,0,0,0,0
30.85000000000021,110,0,0,0,0,0,0,0,0,0,0
30.90000000000021,104,0,0,0,0,0,0,0,0,0,0
30.950000000000212,105,0,0,0,0,0,0,0,0,0,0
31.000000000000213,84,0,0,0,0,0,0,0,0,0,0
31.050000000000214,111,0,0,0,0,0,0,0,0,0,0
31.100000000000215,85,0,0,0,0,0,0,0,0,0,0
31.150000000000215,104,0,0,0,0,0,0,0,0,0,0
31.200000000000216,115,0,0,0,0,0,0,0,0,0,0
31.250000000000217,107,0,0,0,0,0,0,0,0,0,0
31.300000000000217,105,0,0,0,0,0,0,0,0,0,0
31.350000000000218,100,0,0,0,0,0,0,0,0,0,0
31.40000000000022,100,0,0,0,0,0,0,0,0,0,0
31.45000000000022,103,0,0,0,0,0,0,0,0,0,0
31.50000000000022,92,0,0,0,0,0,0,0,0,0,0
31.55000000000022,89,0,0,0,0,0,0,0,0,0,0
31.60000000000022,116,0,0,0,0,0,0,0,0,0,0
31.650000000000222,86,0,0,0,0,0,0,0,0,0,0
31.700000000000223,100,0,0,0,0,0,0,0,0,0,0
31.750000000000224,112,0,0,0,0,0,0,0,0,0,0
31.800000000000225,111,0,0,0,0,0,0,0,0,0,0
31.850000000000225,99,0,0,0,0,0,0,0,0,0,0
31.900000000000226,95,0,0,0,0,0,0,0,0,0,0
31.950000000000227,97,0,0,0,0,0,0,0,0,0,0
32.00000000000023,110,0,0,0,0,0,0,0,0,0,0
32.050000000000225,104,0,0,0,0,0,0,0,0,0,0
32.10000000000022,113,0,0,0,0,0,0,0,0,0,0
32.15000000000022,96,0,0,0,0,0,0,0,0,0,0
32.200000000000216,101,0,0,0,0,0,0,0,0,0,0
32.25000000000021,101,0,0,0,0,0,0,0,0,0,0
32.30000000000021,95,0,0,0,0,0,0,0,0,0,0
32.35000000000021,71,0,0,0,0,0,0,0,0,0,0
32.400000000000205,68,0,0,0,0,0,0,0,0,0,0
32.4500000000002,65,0,0,0,0,0,0,0,0,0,0
32.5000000000002,34,0,0,0,0,0,0,0,0,0,0
32.550000000000196,29,0,0,0,0,0,0,0,0,0,0
32.60000000000019,19,0,0,0,0,0,0,0,0,0,0
32.65000000000019,10,0,0,0,0,0,0,0,0,0,0
32.70000000000019,0,0,0,0,0,0,0,0,0,0,0
32.750000000000185,0,0,0,0,0,0,0,0,0,0,0
32.80000000000018,0,0,0,0,0,0,0,0,0,0,0
32.85000000000018,0,0,0,0,0,0,0,0,0,0,0
32.900000000000176,0,0,0,0,0,0,0,0,0,0,0
32.95000000000017,0,0,0,0,0,0,0,0,0,0,0
33.00000000000017,0,0,0,0,0,0,0,0,0,0,0
33.05000000000017,0,0,0,0,0,0,0,0,0,0,0
33.100000000000165,0,0,0,0,0,0,0,0,0,0,0
33.15000000000016,0,0,0,0,0,0,0,0,0,0,0
33.20000000000016,0,0,0,0,0,0,0,0,0,0,0
33.250000000000156,0,0,0,0,0,0,0,0,0,0,0
33.30000000000015,0,0,0,0,0,0,0,0,0,0,0
33.35000000000015,0,0,0,0,0,0,0,0,0,0,0
33.40000000000015,0,0,0,0,0,0,0,0,0,0,0
33.450000000000145,0,0,0,0,0,0,0,0,0,0,0
33.50000000000014,0,0,0,0,0,0,0,0,0,0,0
33.55000000000014,0,0,0,0,0,0,0,0,0,0,0
33.600000000000136,0,0,0,0,0,0,0,0,0,0,0
33.650000000000134,0,0,0,0,0,0,0,0,0,0,0
33.70000000000013,0,0,0,0,0,0,0,0,0,0,0
33.75000000000013,0,0,0,0,0,0,0,0,0,0,0
33.800000000000125,0,0,0,0,0,0,0,0,0,0,0
33.85000000000012,0,0,0,0,0,0,0,0,0,0,0
33.90000000000012,0,0,0,0,0,0,0,0,0,0,0
33.95000000000012,0,0,0,0,0,0,0,0,0,0,0
34.000000000000114,0,0,0,0,0,0,0,0,0,0,0
34.05000000000011,0,0,0,0,0,0,0,0,0,0,0
34.10000000000011,0,0,0,0,0,0,0,0,0,0,0
34.150000000000105,0,0,0,0,0,0,0,0,0,0,0
34.2000000000001,0,0,0,0,0,0,0,0,0,0,0
34.2500000000001,0,0,0,0,0,0,0,0,0,0,0
34.3000000000001,0,0,0,0,0,0,0,0,0,0,0
34.350000000000094,0,0,0,0,0,0,0,0,0,0,0
34.40000000000009,0,0,0,0,0,0,0,0,0,0,0
34.45000000000009,0,0,0,0,0,0,0,0,0,0,0
34.500000000000085,0,0,0,0,0,0,0,0,0,0,0
34.55000000000008,0,0,0,0,0,0,0,0,0,0,0
34.60000000000008,0,0,0,0,0,0,0,0,0,0,0
34.65000000000008,0,0,0,0,0,0,0,0,0,0,0
34.700000000000074,0,0,0,0,0,0,0,0,0,0,0
34.75000000000007,0,0,0,0,0,0,0,0,0,0,0
34.80000000000007,0,0,0,0,0,0,0,0,0,0,0
34.850000000000065,0,0,0,0,0,0,0,0,0,0,0
34.90000000000006,0,0,0,0,0,0,0,0,0,0,0
34.95000000000006,0,0,0,0,0,0,0,0,0,0,0
35.00000000000006,0,0,0,0,0,0,0,0,0,0,0
35.050000000000054,0,0,0,0,0,0,0,0,0,0,0
35.10000000000005,0,0,0,0,0,0,0,0,0,0,0
35.15000000000005,0,0,0,0,0,0,0,0,0,0,0
35.200000000000045,0,0,0,0,0,0,0,0,0,0,0
35.25000000000004,0,0,0,0,0,0,0,0,0,0,0
35.30000000000004,0,0,0,0,0,0,0,0,0,0,0
35.35000000000004,0,0,0,0,0,0,0,0,0,0,0
35.400000000000034,0,0,0,0,0,0,0,0,0,0,0
35.45000000000003,0,0,0,0,0,0,0,0,0,0,0
35.50000000000003,0,0,0,0,0,0,0,0,0,0,0
35.550000000000026,0,0,0,0,0,0,0,0,0,0,0
35.60000000000002,0,0,0,0,0,0,0,0,0,0,0
35.65000000000002,0,0,0,0,0,0,0,0,0,0,0
35.70000000000002,0,0,0,0,0,0,0,0,0,0,0
35.750000000000014,0,0,0,0,0,0,0,0,0,0,0
35.80000000000001,0,0,0,0,0,0,0,0,0,0,0
35.85000000000001,0,0,0,0,0,0,0,0,0,0,0
35.900000000000006,0,0,0,0,0,0,0,0,0,0,0
35.95,0,0,0,0,0,0,0,0,0,0,0
36.0,0,0,0,0,0,0,0,0,0,0,0
36.05,0,0,0,0,0,0,0,0,0,0,0
36.099999999999994,0,0,0,0,0,0,0,0,0,0,0
36.14999999999999,0,0,0,0,0,0,0,0,0,0,0
36.19999999999999,0,0,0,0,0,0,0,0,0,0,0
36.249999999999986,0,0,0,0,0,0,0,0,0,0,0
36.29999999999998,0,0,0,0,0,0,0,0,0,0,0
36.34999999999998,0,0,0,0,0,0,0,0,0,0,0
36.39999999999998,0,0,0,0,0,0,0,0,0,0,0
36.449999999999974,0,0,0,0,0,0,0,0,0,0,0
36.49999999999997,0,0,0,0,0,0,0,0,0,0,0
36.54999999999997,0,0,0,0,0,0,0,0,0,0,0
36.599999999999966,0,0,0,0,0,0,0,0,0,0,0
36.64999999999996,0,0,0,0,0,0,0,0,0,0,0
36.69999999999996,0,0,0,0,0,0,0,0,0,0,0
36.74999999999996,0,0,0,0,0,0,0,0,0,0,0
36.799999999999955,0,0,0,0,0,0,0,0,0,0,0
36.84999999999995,0,0,0,0,0,0,0,0,0,0,0
36.89999999999995,0,0,0,0,0,0,0,0,0,0,0
36.949999999999946,0,0,0,0,0,0,0,0,0,0,0
36.99999999999994,0,0,0,0,0,0,0,0,0,0,0
37.04999999999994,0,0,0,0,0,0,0,0,0,0,0
37.09999999999994,0,0,0,0,0,0,0,0,0,0,0
37.149999999999935,0,0,0,0,0,0,0,0,0,0,0
37.19999999999993,0,0,0,0,0,0,0,0,0,0,0
37.24999999999993,0,0,0,0,0,0,0,0,0,0,0
37.299999999999926,0,0,0,0,0,0,0,0,0,0,0
37.34999999999992,0,0,0,0,0,0,0,0,0,0,0
37.39999999999992,0,0,0,0,0,0,0,0,0,0,0
37.44999999999992,0,0,0,0,0,0,0,0,0,0,0
37.499999999999915,0,0,0,0,0,0,0,0,0,0,0
37.54999999999991,0,0,0,0,0,0,0,0,0,0,0
37.59999999999991,0,0,0,0,0,0,0,0,0,0,0
37.649999999999906,0,0,0,0,0,0,0,0,0,0,0
37.6999999999999,0,0,0,0,0,0,0,0,0,0,0
37.7499999999999,0,0,0,0,0,0,0,0,0,0,0
37.7999999999999,0,0,0,0,0,0,0,0,0,0,0
37.849999999999895,0,0,0,0,0,0,0,0,0,0,0
37.89999999999989,0,0,0,0,0,0,0,0,0,0,0
37.94999999999989,0,0,0,0,0,0,0,0,0,0,0
37.999999999999886,0,0,0,0,0,0,0,0,0,0,0
38.04999999999988,0,0,0,0,0,0,0,0,0,0,0
38.09999999999988,0,0,0,0,0,0,0,0,0,0,0
38.14999999999988,0,0,0,0,0,0,0,0,0,0,0
38.199999999999875,0,0,0,0,0,0,0,0,0,0,0
38.24999999999987,0,0,0,0,0,0,0,0,0,0,0
38.29999999999987,0,0,0,0,0,0,0,0,0,0,0
38.349999999999866,0,0,0,0,0,0,0,0,0,0,0
38.399999999999864,0,0,0,0,0,0,0,0,0,0,0
38.44999999999986,0,0,0,0,0,0,0,0,0,0,0
38.49999999999986,0,0,0,0,0,0,0,0,0,0,0
38.549999999999855,0,0,0,0,0,0,0,0,0,0,0
38.59999999999985,0,0,0,0,0,0,0,0,0,0,0
38.64999999999985,0,0,0,0,0,0,0,0,0,0,0
38.69999999999985,0,0,0,0,0,0,0,0,0,0,0
38.749999999999844,0,0,0,0,0,0,0,0,0,0,0
38.79999999999984,0,0,0,0,0,0,0,0,0,0,0
38.84999999999984,0,0,0,0,0,0,0,0,0,0,0
38.899999999999835,0,0,0,0,0,0,0,0,0,0,0
38.94999999999983,0,0,0,0,0,0,0,0,0,0,0
38.99999999999983,0,0,0,0,0,0,0,0,0,0,0
39.04999999999983,0,0,0,0,0,0,0,0,0,0,0
39.099999999999824,0,0,0,0,0,0,0,0,0,0,0
39.14999999999982,0,0,0,0,0,0,0,0,0,0,0
39.19999999999982,0,0,0,0,0,0,0,0,0,0,0
39.249999999999815,0,0,0,0,0,0,0,0,0,0,0
39.29999999999981,0,0,0,0,0,0,0,0,0,0,0
39.34999999999981,0,0,0,0,0,0,0,0,0,0,0
39.39999999999981,0,0,0,0,0,0,0,0,0,0,0
39.449999999999804,0,0,0,0,0,0,0,0,0,0,0
39.4999999999998,0,0,0,0,0,0,0,0,0,0,0
39.5499999999998,0,0,0,0,0,0,0,0,0,0,0
39.599999999999795,0,0,0,0,0,0,0,0,0,0,0
39.64999999999979,0,0,0,0,0,0,0,0,0,0,0
39.69999999999979,0,0,0,0,0,0,0,0,0,0,0
39.74999999999979,0,0,0,0,0,0,0,0,0,0,0
39.799999999999784,0,0,0,0,0,0,0,0,0,0,0
39.84999999999978,0,0,0,0,0,0,0,0,0,0,0
39.89999999999978,0,0,0,0,0,0,0,0,0,0,0
39.949999999999775,0,0,0,0,0,0,0,0,0,0,0
39.99999999999977,0,0,0,0,0,0,0,0,0,0,0
40.04999999999977,0,0,0,0,0,0,0,0,0,0,0
40.09999999999977,0,0,0,0,0,0,0,0,0,0,0
40.149999999999764,0,0,0,0,0,0,0,0,0,0,0
40.19999999999976,0,0,0,0,0,0,0,0,0,0,0
40.24999999999976,0,0,0,0,0,0,0,0,0,0,0
40.299999999999756,0,0,0,0,0,0,0,0,0,0,0
40.34999999999975,0,0,0,0,0,0,0,0,0,0,0
40.39999999999975,0,0,0,0,0,0,0,0,0,0,0
40.44999999999975,0,0,0,0,0,0,0,0,0,0,0
40.499999999999744,0,0,0,0,0,0,0,0,0,0,0
40.54999999999974,0,0,0,0,0,0,0,0,0,0,0
40.59999999999974,0,0,0,0,0,0,0,0,0,0,0
40.649999999999736,0,0,0,0,0,0,0,0,0,0,0
40.69999999999973,0,0,0,0,0,0,0,0,0,0,0
40.74999999999973,0,0,0,0,0,0,0,0,0,0,0
40.79999999999973,0,0,0,0,0,0,0,0,0,0,0
40.849999999999724,0,0,0,0,0,0,0,0,0,0,0
40.89999999999972,0,0,0,0,0,0,0,0,0,0,0
40.94999999999972,0,0,0,0,0,0,0,0,0,0,0
40.999999999999716,0,0,0,0,0,0,0,0,0,0,0
41.04999999999971,0,0,0,0,0,0,0,0,0,0,0
41.09999999999971,0,0,0,0,0,0,0,0,0,0,0
41.14999999999971,0,0,0,0,0,0,0,0,0,0,0
41.199999999999704,0,0,0,0,0,0,0,0,0,0,0
41.2499999999997,0,0,0,0,0,0,0,0,0,0,0
41.2999999999997,0,0,0,0,0,0,0,0,0,0,0
41.349999999999696,0,0,0,0,0,0,0,0,0,0,0
41.39999999999969,0,0,0,0,0,0,0,0,0,0,0
41.44999999999969,0,0,0,0,0,0,0,0,0,0,0
41.49999999999969,0,0,0,0,0,0,0,0,0,0,0
41.549999999999685,0,0,0,0,0,0,0,0,0,0,0
*****
16,0.05,100,0.6,1,10,100,0.39276599448899996,0.1280509099671
16,100,44,51,43,51,0,0,0,0,0,0
16.05,103,34,51,40,51,0,0,0,0,0,0
16.1,91,39,45,37,45,0,0,0,0,0,0
16.150000000000002,81,29,31,30,31,0,0,0,0,0,0
16.200000000000003,95,28,46,40,46,0,0,0,0,0,0
16.250000000000004,93,38,42,35,42,0,0,0,0,0,0
16.300000000000004,95,34,47,37,47,0,0,0,0,0,0
16.350000000000005,81,25,35,35,35,0,0,0,0,0,0
16.400000000000006,102,40,53,46,53,0,0,0,0,0,0
16.450000000000006,98,35,42,35,42,0,0,0,0,0,0
16.500000000000007,89,40,48,43,48,0,0,0,0,0,0
16.550000000000008,80,24,34,26,34,0,0,0,0,0,0
16.60000000000001,90,34,46,40,46,0,0,0,0,0,0
16.65000000000001,99,29,46,38,46,0,0,0,0,0,0
16.70000000000001,96,29,41,36,41,0,0,0,0,0,0
16.75000000000001,91,22,36,28,36,0,0,0,0,0,0
16.80000000000001,90,26,41,29,41,0,0,0,0,0,0
16.850000000000012,85,21,33,25,33,0,0,0,0,0,0
16.900000000000013,98,34,46,35,46,0,0,0,0,0,0
16.950000000000014,84,25,37,25,37,0,0,0,0,0,0
17.000000000000014,104,27,48,37,48,0,0,0,0,0,0
17.050000000000015,87,24,27,18,27,0,0,0,0,0,0
17.100000000000016,92,23,37,24,37,0,0,0,0,0,0
17.150000000000016,78,20,32,27,32,0,0,0,0,0,0
17.200000000000017,81,21,41,23,41,0,0,0,0,0,0
17.250000000000018,89,12,27,24,27,0,0,0,0,0,0
17.30000000000002,97,16,26,27,26,0,0,0,0,0,0
17.35000000000002,107,21,42,31,42,0,0,0,0,0,0
17.40000000000002,111,19,39,26,39,0,0,0,0,0,0
17.45000000000002,86,17,34,31,34,0,0,0,0,0,0
17.50000000000002,97,14,26,21,26,0,0,0,0,0,0
17.550000000000022,86,16,30,22,30,0,0,0,0,0,0
17.600000000000023,75,10,24,17,24,0,0,0,0,0,0
17.650000000000023,110,14,29,21,29,0,0,0,0,0,0
17.700000000000024,84,7,19,11,19,0,0,0,0,0,0
17.750000000000025,80,9,16,17,16,0,0,0,0,0,0
17.800000000000026,98,8,22,16,22,0,0,0,0,0,0
17.850000000000026,84,9,17,13,17,0,0,0,0,0,0
17.900000000000027,66,4,13,12,13,0,0,0,0,0,0
17.950000000000028,94,5,20,19,20,0,0,0,0,0,0
18.00000000000003,79,4,11,5,11,0,0,0,0,0,0
18.05000000000003,90,5,14,12,14,0,0,0,0,0,0
18.10000000000003,103,7,21,17,21,0,0,0,0,0,0
18.15000000000003,94,5,15,14,15,0,0,0,0,0,0
18.20000000000003,118,2,13,11,13,0,0,0,0,0,0
18.250000000000032,87,4,9,6,9,0,0,0,0,0,0
18.300000000000033,83,5,11,12,11,0,0,0,0,0,0
18.350000000000033,101,4,7,5,7,0,0,0,0,0,0
18.400000000000034,83,6,11,11,11,0,0,0,0,0,0
18.450000000000035,102,1,9,9,9,0,0,0,0,0,0
18.500000000000036,96,1,7,6,7,0,0,0,0,0,0
18.550000000000036,93,2,5,4,5,0,0,0,0,0,0
18.600000000000037,70,0,8,4,8,0,0,0,0,0,0
18.650000000000038,83,1,4,4,4,0,0,0,0,0,0
18.70000000000004,88,1,5,3,5,0,0,0,0,0,0
18.75000000000004,100,1,3,5,3,0,0,0,0,0,0
18.80000000000004,78,0,3,1,3,0,0,0,0,0,0
18.85000000000004,105,1,2,1,2,0,0,0,0,0,0
18.90000000000004,77,0,0,1,0,0,0,0,0,0,0
18.950000000000042,96,1,2,2,2,0,0,0,0,0,0
19.000000000000043,102,0,3,2,3,0,0,0,0,0,0
19.050000000000043,97,1,4,1,4,0,0,0,0,0,0
19.100000000000044,105,2,3,2,3,0,0,0,0,0,0
19.150000000000045,83,0,1,1,1,0,0,0,0,0,0
19.200000000000045,90,0,4,3,4,0,0,0,0,0,0
19.250000000000046,92,0,0,0,0,0,0,0,0,0,0
19.300000000000047,89,1,2,1,2,0,0,0,0,0,0
19.350000000000048,86,0,0,0,0,0,0,0,0,0,0
19.40000000000005,92,0,0,0,0,0,0,0,0,0,0
19.45000000000005,86,0,0,0,0,0,0,0,0,0,0
19.50000000000005,98,0,0,0,0,0,0,0,0,0,0
19.55000000000005,97,0,0,0,0,0,0,0,0,0,0
19.60000000000005,78,0,0,0,0,0,0,0,0,0,0
19.650000000000052,104,0,0,0,0,0,0,0,0,0,0
19.700000000000053,101,0,1,0,1,0,0,0,0,0,0
19.750000000000053,91,1,1,2,1,0,0,0,0,0,0
19.800000000000054,94,0,0,0,0,0,0,0,0,0,0
19.850000000000055,77,0,0,0,0,0,0,0,0,0,0
19.900000000000055,92,0,0,0,0,0,0,0,0,0,0
19.950000000000056,105,0,0,0,0,0,0,0,0,0,0
20.000000000000057,91,0,0,0,0,0,0,0,0,0,0
20.050000000000058,78,0,0,0,0,0,0,0,0,0,0
20.10000000000006,65,0,0,0,0,0,0,0,0,0,0
20.15000000000006,112,0,0,0,0,0,0,0,0,0,0
20.20000000000006,84,0,0,0,0,0,0,0,0,0,0
20.25000000000006,88,0,0,0,0,0,0,0,0,0,0
20.30000000000006,108,0,0,0,0,0,0,0,0,0,0
20.350000000000062,98,0,0,0,0,0,0,0,0,0,0
20.400000000000063,89,0,0,0,0,0,0,0,0,0,0
20.450000000000063,105,0,0,0,0,0,0,0,0,0,0
20.500000000000064,98,0,0,0,0,0,0,0,0,0,0
20.550000000000065,85,0,0,0,0,0,0,0,0,0,0
20.600000000000065,97,0,0,0,0,0,0,0,0,0,0
20.650000000000066,97,0,0,0,0,0,0,0,0,0,0
20.700000000000067,84,0,0,0,0,0,0,0,0,0,0
20.750000000000068,78,0,0,0,0,0,0,0,0,0,0
20.800000000000068,89,0,0,0,0,0,0,0,0,0,0
20.85000000000007,90,0,0,0,0,0,0,0,0,0,0
20.90000000000007,87,0,0,0,0,0,0,0,0,0,0
20.95000000000007,85,0,0,0,0,0,0,0,0,0,0
21.00000000000007,89,0,0,0,0,0,0,0,0,0,0
21.05000000000007,91,0,0,0,0,0,0,0,0,0,0
21.100000000000072,89,0,0,0,0,0,0,0,0,0,0
21.150000000000073,110,0,0,0,0,0,0,0,0,0,0
21.200000000000074,98,0,0,0,0,0,0,0,0,0,0
21.250000000000075,98,0,0,0,0,0,0,0,0,0,0
21.300000000000075,92,0,0,0,0,0,0,0,0,0,0
21.350000000000076,84,0,0,0,0,0,0,0,0,0,0
21.400000000000077,102,0,0,0,0,0,0,0,0,0,0
21.450000000000077,90,0,0,0,0,0,0,0,0,0,0
21.500000000000078,96,0,0,0,0,0,0,0,0,0,0
21.55000000000008,85,0,0,0,0,0,0,0,0,0,0
21.60000000000008,95,0,0,0,0,0,0,0,0,0,0
21.65000000000008,89,0,0,0,0,0,0,0,0,0,0
21.70000000000008,64,0,0,0,0,0,0,0,0,0,0
21.75000000000008,88,0,0,0,0,0,0,0,0,0,0
21.800000000000082,84,0,0,0,0,0,0,0,0,0,0
21.850000000000083,82,0,0,0,0,0,0,0,0,0,0
21.900000000000084,84,0,0,0,0,0,0,0,0,0,0
21.950000000000085,101,0,0,0,0,0,0,0,0,0,0
22.000000000000085,102,0,0,0,0,0,0,0,0,0,0
22.050000000000086,111,0,0,0,0,0,0,0,0,0,0
22.100000000000087,103,0,0,0,0,0,0,0,0,0,0
22.150000000000087,100,0,0,0,0,0,0,0,0,0,0
22.200000000000088,77,0,0,0,0,0,0,0,0,0,0
22.25000000000009,95,0,0,0,0,0,0,0,0,0,0
22.30000000000009,95,0,0,0,0,0,0,0,0,0,0
22.35000000000009,86,0,0,0,0,0,0,0,0,0,0
22.40000000000009,86,0,0,0,0,0,0,0,0,0,0
22.45000000000009,86,0,0,0,0,0,0,0,0,0,0
22.500000000000092,92,0,0,0,0,0,0,0,0,0,0
22.550000000000093,94,0,0,0,0,0,0,0,0,0,0
22.600000000000094,81,0,0,0,0,0,0,0,0,0,0
22.650000000000095,87,0,0,0,0,0,0,0,0,0,0
22.700000000000095,99,0,0,0,0,0,0,0,0,0,0
22.750000000000096,98,0,0,0,0,0,0,0,0,0,0
22.800000000000097,85,0,0,0,0,0,0,0,0,0,0
22.850000000000097,104,0,0,0,0,0,0,0,0,0,0
22.900000000000098,87,0,0,0,0,0,0,0,0,0,0
22.9500000000001,96,0,0,0,0,0,0,0,0,0,0
23.0000000000001,99,0,0,0,0,0,0,0,0,0,0
23.0500000000001,91,0,0,0,0,0,0,0,0,0,0
23.1000000000001,95,0,0,0,0,0,0,0,0,0,0
23.1500000000001,102,0,0,0,0,0,0,0,0,0,0
23.200000000000102,82,0,0,0,0,0,0,0,0,0,0
23.250000000000103,93,0,0,0,0,0,0,0,0,0,0
23.300000000000104,94,0,0,0,0,0,0,0,0,0,0
23.350000000000104,84,0,0,0,0,0,0,0,0,0,0
23.400000000000105,90,0,0,0,0,0,0,0,0,0,0
23.450000000000106,89,0,0,0,0,0,0,0,0,0,0
23.500000000000107,74,0,0,0,0,0,0,0,0,0,0
23.550000000000107,95,0,0,0,0,0,0,0,0,0,0
23.600000000000108,99,0,0,0,0,0,0,0,0,0,0
23.65000000000011,108,0,0,0,0,0,0,0,0,0,0
23.70000000000011,88,0,0,0,0,0,0,0,0,0,0
23.75000000000011,97,0,0,0,0,0,0,0,0,0,0
23.80000000000011,101,0,0,0,0,0,0,0,0,0,0
23.85000000000011,84,0,0,0,0,0,0,0,0,0,0
23.900000000000112,84,0,0,0,0,0,0,0,0,0,0
23.950000000000113,119,0,0,0,0,0,0,0,0,0,0
24.000000000000114,73,0,0,0,0,0,0,0,0,0,0
24.050000000000114,98,0,0,0,0,0,0,0,0,0,0
24.100000000000115,79,0,0,0,0,0,0,0,0,0,0
24.150000000000116,88,0,0,0,0,0,0,0,0,0,0
24.200000000000117,84,0,0,0,0,0,0,0,0,0,0
24.250000000000117,100,0,0,0,0,0,0,0,0,0,0
24.300000000000118,90,0,0,0,0,0,0,0,0,0,0
24.35000000000012,72,0,0,0,0,0,0,0,0,0,0
24.40000000000012,82,0,0,0,0,0,0,0,0,0,0
24.45000000000012,122,0,0,0,0,0,0,0,0,0,0
24.50000000000012,86,0,0,0,0,0,0,0,0,0,0
24.55000000000012,116,0,0,0,0,0,0,0,0,0,0
24.600000000000122,91,0,0,0,0,0,0,0,0,0,0
24.650000000000123,97,0,0,0,0,0,0,0,0,0,0
24.700000000000124,89,0,0,0,0,0,0,0,0,0,0
24.750000000000124,88,0,0,0,0,0,0,0,0,0,0
24.800000000000125,94,0,0,0,0,0,0,0,0,0,0
24.850000000000126,78,0,0,0,0,0,0,0,0,0,0
24.900000000000126,88,0,0,0,0,0,0,0,0,0,0
24.950000000000127,76,0,0,0,0,0,0,0,0,0,0
25.000000000000128,97,0,0,0,0,0,0,0,0,0,0
25.05000000000013,99,0,0,0,0,0,0,0,0,0,0
25.10000000000013,100,0,0,0,0,0,0,0,0,0,0
25.15000000000013,68,0,0,0,0,0,0,0,0,0,0
25.20000000000013,93,0,0,0,0,0,0,0,0,0,0
25.25000000000013,86,0,0,0,0,0,0,0,0,0,0
25.300000000000132,95,0,0,0,0,0,0,0,0,0,0
25.350000000000133,101,0,0,0,0,0,0,0,0,0,0
25.400000000000134,96,0,0,0,0,0,0,0,0,0,0
25.450000000000134,94,0,0,0,0,0,0,0,0,0,0
25.500000000000135,91,0,0,0,0,0,0,0,0,0,0
25.550000000000136,96,0,0,0,0,0,0,0,0,0,0
25.600000000000136,75,0,0,0,0,0,0,0,0,0,0
25.650000000000137,88,0,0,0,0,0,0,0,0,0,0
25.700000000000138,114,0,0,0,0,0,0,0,0,0,0
25.75000000000014,104,0,0,0,0,0,0,0,0,0,0
25.80000000000014,96,0,0,0,0,0,0,0,0,0,0
25.85000000000014,80,0,0,0,0,0,0,0,0,0,0
25.90000000000014,74,0,0,0,0,0,0,0,0,0,0
25.95000000000014,97,0,0,0,0,0,0,0,0,0,0
26.000000000000142,82,0,0,0,0,0,0,0,0,0,0
26.050000000000143,95,0,0,0,0,0,0,0,0,0,0
26.100000000000144,79,0,0,0,0,0,0,0,0,0,0
26.150000000000144,117,0,0,0,0,0,0,0,0,0,0
26.200000000000145,76,0,0,0,0,0,0,0,0,0,0
26.250000000000146,86,0,0,0,0,0,0,0,0,0,0
26.300000000000146,95,0,0,0,0,0,0,0,0,0,0
26.350000000000147,96,0,0,0,0,0,0,0,0,0,0
26.400000000000148,103,0,0,0,0,0,0,0,0,0,0
26.45000000000015,99,0,0,0,0,0,0,0,0,0,0
26.50000000000015,73,0,0,0,0,0,0,0,0,0,0
26.55000000000015,98,0,0,0,0,0,0,0,0,0,0
26.60000000000015,103,0,0,0,0,0,0,0,0,0,0
26.65000000000015,93,0,0,0,0,0,0,0,0,0,0
26.700000000000152,84,0,0,0,0,0,0,0,0,0,0
26.750000000000153,94,0,0,0,0,0,0,0,0,0,0
26.800000000000153,90,0,0,0,0,0,0,0,0,0,0
26.850000000000154,75,0,0,0,0,0,0,0,0,0,0
26.900000000000155,91,0,0,0,0,0,0,0,0,0,0
26.950000000000156,98,0,0,0,0,0,0,0,0,0,0
27.000000000000156,100,0,0,0,0,0,0,0,0,0,0
27.050000000000157,86,0,0,0,0,0,0,0,0,0,0
27.100000000000158,105,0,0,0,0,0,0,0,0,0,0
27.15000000000016,109,0,0,0,0,0,0,0,0,0,0
27.20000000000016,82,0,0,0,0,0,0,0,0,0,0
27.25000000000016,91,0,0,0,0,0,0,0,0,0,0
27.30000000000016,86,0,0,0,0,0,0,0,0,0,0
27.35000000000016,77,0,0,0,0,0,0,0,0,0,0
27.400000000000162,98,0,0,0,0,0,0,0,0,0,0
27.450000000000163,83,0,0,0,0,0,0,0,0,0,0
27.500000000000163,90,0,0,0,0,0,0,0,0,0,0
27.550000000000164,104,0,0,0,0,0,0,0,0,0,0
27.600000000000165,97,0,0,0,0,0,0,0,0,0,0
27.650000000000166,85,0,0,0,0,0,0,0,0,0,0
27.700000000000166,72,0,0,0,0,0,0,0,0,0,0
27.750000000000167,100,0,0,0,0,0,0,0,0,0,0
27.800000000000168,101,0,0,0,0,0,0,0,0,0,0
27.85000000000017,103,0,0,0,0,0,0,0,0,0,0
27.90000000000017,96,0,0,0,0,0,0,0,0,0,0
27.95000000000017,87,0,0,0,0,0,0,0,0,0,0
28.00000000000017,92,0,0,0,0,0,0,0,0,0,0
28.05000000000017,85,0,0,0,0,0,0,0,0,0,0
28.100000000000172,84,0,0,0,0,0,0,0,0,0,0
28.150000000000173,91,0,0,0,0,0,0,0,0,0,0
28.200000000000173,91,0,0,0,0,0,0,0,0,0,0
28.250000000000174,89,0,0,0,0,0,0,0,0,0,0
28.300000000000175,117,0,0,0,0,0,0,0,0,0,0
28.350000000000176,79,0,0,0,0,0,0,0,0,0,0
28.400000000000176,80,0,0,0,0,0,0,0,0,0,0
28.450000000000177,94,0,0,0,0,0,0,0,0,0,0
28.500000000000178,85,0,0,0,0,0,0,0,0,0,0
28.55000000000018,78,0,0,0,0,0,0,0,0,0,0
28.60000000000018,112,0,0,0,0,0,0,0,0,0,0
28.65000000000018,79,0,0,0,0,0,0,0,0,0,0
28.70000000000018,95,0,0,0,0,0,0,0,0,0,0
28.75000000000018,89,0,0,0,0,0,0,0,0,0,0
28.800000000000182,109,0,0,0,0,0,0,0,0,0,0
28.850000000000183,77,0,0,0,0,0,0,0,0,0,0
28.900000000000183,102,0,0,0,0,0,0,0,0,0,0
28.950000000000184,87,0,0,0,0,0,0,0,0,0,0
29.000000000000185,93,0,0,0,0,0,0,0,0,0,0
29.050000000000185,92,0,0,0,0,0,0,0,0,0,0
29.100000000000186,88,0,0,0,0,0,0,0,0,0,0
29.150000000000187,102,0,0,0,0,0,0,0,0,0,0
29.200000000000188,71,0,0,0,0,0,0,0,0,0,0
29.25000000000019,97,0,0,0,0,0,0,0,0,0,0
29.30000000000019,93,0,0,0,0,0,0,0,0,0,0
29.35000000000019,95,0,0,0,0,0,0,0,0,0,0
29.40000000000019,93,0,0,0,0,0,0,0,0,0,0
29.45000000000019,87,0,0,0,0,0,0,0,0,0,0
29.500000000000192,85,0,0,0,0,0,0,0,0,0,0
29.550000000000193,94,0,0,0,0,0,0,0,0,0,0
29.600000000000193,80,0,0,0,0,0,0,0,0,0,0
29.650000000000194,87,0,0,0,0,0,0,0,0,0,0
29.700000000000195,95,0,0,0,0,0,0,0,0,0,0
29.750000000000195,82,0,0,0,0,0,0,0,0,0,0
29.800000000000196,95,0,0,0,0,0,0,0,0,0,0
29.850000000000197,94,0,0,0,0,0,0,0,0,0,0
29.900000000000198,104,0,0,0,0,0,0,0,0,0,0
29.9500000000002,89,0,0,0,0,0,0,0,0,0,0
30.0000000000002,98,0,0,0,0,0,0,0,0,0,0
30.0500000000002,94,0,0,0,0,0,0,0,0,0,0
30.1000000000002,93,0,0,0,0,0,0,0,0,0,0
30.1500000000002,83,0,0,0,0,0,0,0,0,0,0
30.200000000000202,91,0,0,0,0,0,0,0,0,0,0
30.250000000000203,104,0,0,0,0,0,0,0,0,0,0
30.300000000000203,90,0,0,0,0,0,0,0,0,0,0
30.350000000000204,90,0,0,0,0,0,0,0,0,0,0
30.400000000000205,85,0,0,0,0,0,0,0,0,0,0
30.450000000000205,76,0,0,0,0,0,0,0,0,0,0
30.500000000000206,82,0,0,0,0,0,0,0,0,0,0
30.550000000000207,102,0,0,0,0,0,0,0,0,0,0
30.600000000000207,96,0,0,0,0,0,0,0,0,0,0
30.650000000000208,103,0,0,0,0,0,0,0,0,0,0
30.70000000000021,85,0,0,0,0,0,0,0,0,0,0
30.75000000000021,87,0,0,0,0,0,0,0,0,0,0
30.80000000000021,113,0,0,0,0,0,0,0,0,0,0
30.85000000000021,104,0,0,0,0,0,0,0,0,0,0
30.90000000000021,81,0,0,0,0,0,0,0,0,0,0
30.950000000000212,91,0,0,0,0,0,0,0,0,0,0
31.000000000000213,89,0,0,0,0,0,0,0,0,0,0
31.050000000000214,95,0,0,0,0,0,0,0,0,0,0
31.100000000000215,94,0,0,0,0,0,0,0,0,0,0
31.150000000000215,78,0,0,0,0,0,0,0,0,0,0
31.200000000000216,86,0,0,0,0,0,0,0,0,0,0
31.250000000000217,97,0,0,0,0,0,0,0,0,0,0
31.300000000000217,96,0,0,0,0,0,0,0,0,0,0
31.350000000000218,87,0,0,0,0,0,0,0,0,0,0
31.40000000000022,106,0,0,0,0,0,0,0,0,0,0
31.45000000000022,76,0,0,0,0,0,0,0,0,0,0
31.50000000000022,86,0,0,0,0,0,0,0,0,0,0
31.55000000000022,103,0,0,0,0,0,0,0,0,0,0
31.60000000000022,102,0,0,0,0,0,0,0,0,0,0
31.650000000000222,76,0,0,0,0,0,0,0,0,0,0
31.700000000000223,102,0,0,0,0,0,0,0,0,0,0
31.750000000000224,96,0,0,0,0,0,0,0,0,0,0
31.800000000000225,92,0,0,0,0,0,0,0,0,0,0
31.850000000000225,93,0,0,0,0,0,0,0,0,0,0
31.900000000000226,75,0,0,0,0,0,0,0,0,0,0
31.950000000000227,97,0,0,0,0,0,0,0,0,0,0
32.00000000000023,95,0,0,0,0,0,0,0,0,0,0
32.050000000000225,95,0,0,0,0,0,0,0,0,0,0
32.10000000000022,89,0,0,0,0,0,0,0,0,0,0
32.15000000000022,87,0,0,0,0,0,0,0,0,0,0
32.200000000000216,83,0,0,0,0,0,0,0,0,0,0
32.25000000000021,95,0,0,0,0,0,0,0,0,0,0
32.30000000000021,84,0,0,0,0,0,0,0,0,0,0
32.35000000000021,106,0,0,0,0,0,0,0,0,0,0
32.400000000000205,93,0,0,0,0,0,0,0,0,0,0
32.4500000000002,84,0,0,0,0,0,0,0,0,0,0
32.5000000000002,82,0,0,0,0,0,0,0,0,0,0
32.550000000000196,98,0,0,0,0,0,0,0,0,0,0
32.60000000000019,81,0,0,0,0,0,0,0,0,0,0
32.65000000000019,85,0,0,0,0,0,0,0,0,0,0
32.70000000000019,67,0,0,0,0,0,0,0,0,0,0
32.750000000000185,51,0,0,0,0,0,0,0,0,0,0
32.80000000000018,44,0,0,0,0,0,0,0,0,0,0
32.85000000000018,23,0,0,0,0,0,0,0,0,0,0
32.900000000000176,15,0,0,0,0,0,0,0,0,0,0
32.95000000000017,7,0,0,0,0,0,0,0,0,0,0
33.00000000000017,0,0,0,0,0,0,0,0,0,0,0
33.05000000000017,0,0,0,0,0,0,0,0,0,0,0
33.100000000000165,0,0,0,0,0,0,0,0,0,0,0
33.15000000000016,0,0,0,0,0,0,0,0,0,0,0
33.20000000000016,0,0,0,0,0,0,0,0,0,0,0
33.250000000000156,0,0,0,0,0,0,0,0,0,0,0
33.30000000000015,0,0,0,0,0,0,0,0,0,0,0
33.35000000000015,0,0,0,0,0,0,0,0,0,0,0
33.40000000000015,0,0,0,0,0,0,0,0,0,0,0
33.450000000000145,0,0,0,0,0,0,0,0,0,0,0
33.50000000000014,0,0,0,0,0,0,0,0,0,0,0
33.55000000000014,0,0,0,0,0,0,0,0,0,0,0
33.600000000000136,0,0,0,0,0,0,0,0,0,0,0
33.650000000000134,0,0,0,0,0,0,0,0,0,0,0
33.70000000000013,0,0,0,0,0,0,0,0,0,0,0
33.75000000000013,0,0,0,0,0,0,0,0,0,0,0
33.800000000000125,0,0,0,0,0,0,0,0,0,0,0
33.85000000000012,0,0,0,0,0,0,0,0,0,0,0
33.90000000000012,0,0,0,0,0,0,0,0,0,0,0
33.95000000000012,0,0,0,0,0,0,0,0,0,0,0
34.000000000000114,0,0,0,0,0,0,0,0,0,0,0
34.05000000000011,0,0,0,0,0,0,0,0,0,0,0
34.10000000000011,0,0,0,0,0,0,0,0,0,0,0
34.150000000000105,0,0,0,0,0,0,0,0,0,0,0
34.2000000000001,0,0,0,0,0,0,0,0,0,0,0
34.2500000000001,0,0,0,0,0,0,0,0,0,0,0
34.3000000000001,0,0,0,0,0,0,0,0,0,0,0
34.350000000000094,0,0,0,0,0,0,0,0,0,0,0
34.40000000000009,0,0,0,0,0,0,0,0,0,0,0
34.45000000000009,0,0,0,0,0,0,0,0,0,0,0
34.500000000000085,0,0,0,0,0,0,0,0,0,0,0
34.55000000000008,0,0,0,0,0,0,0,0,0,0,0
34.60000000000008,0,0,0,0,0,0,0,0,0,0,0
34.65000000000008,0,0,0,0,0,0,0,0,0,0,0
34.700000000000074,0,0,0,0,0,0,0,0,0,0,0
34.75000000000007,0,0,0,0,0,0,0,0,0,0,0
34.80000000000007,0,0,0,0,0,0,0,0,0,0,0
34.850000000000065,0,0,0,0,0,0,0,0,0,0,0
34.90000000000006,0,0,0,0,0,0,0,0,0,0,0
34.95000000000006,0,0,0,0,0,0,0,0,0,0,0
35.00000000000006,0,0,0,0,0,0,0,0,0,0,0
35.050000000000054,0,0,0,0,0,0,0,0,0,0,0
35.10000000000005,0,0,0,0,0,0,0,0,0,0,0
35.15000000000005,0,0,0,0,0,0,0,0,0,0,0
35.200000000000045,0,0,0,0,0,0,0,0,0,0,0
35.25000000000004,0,0,0,0,0,0,0,0,0,0,0
35.30000000000004,0,0,0,0,0,0,0,0,0,0,0
35.35000000000004,0,0,0,0,0,0,0,0,0,0,0
35.400000000000034,0,0,0,0,0,0,0,0,0,0,0
35.45000000000003,0,0,0,0,0,0,0,0,0,0,0
35.50000000000003,0,0,0,0,0,0,0,0,0,0,0
35.550000000000026,0,0,0,0,0,0,0,0,0,0,0
35.60000000000002,0,0,0,0,0,0,0,0,0,0,0
35.65000000000002,0,0,0,0,0,0,0,0,0,0,0
35.70000000000002,0,0,0,0,0,0,0,0,0,0,0
35.750000000000014,0,0,0,0,0,0,0,0,0,0,0
35.80000000000001,0,0,0,0,0,0,0,0,0,0,0
35.85000000000001,0,0,0,0,0,0,0,0,0,0,0
35.900000000000006,0,0,0,0,0,0,0,0,0,0,0
35.95,0,0,0,0,0,0,0,0,0,0,0
36.0,0,0,0,0,0,0,0,0,0,0,0
36.05,0,0,0,0,0,0,0,0,0,0,0
36.099999999999994,0,0,0,0,0,0,0,0,0,0,0
36.14999999999999,0,0,0,0,0,0,0,0,0,0,0
36.19999999999999,0,0,0,0,0,0,0,0,0,0,0
36.249999999999986,0,0,0,0,0,0,0,0,0,0,0
36.29999999999998,0,0,0,0,0,0,0,0,0,0,0
36.34999999999998,0,0,0,0,0,0,0,0,0,0,0
36.39999999999998,0,0,0,0,0,0,0,0,0,0,0
36.449999999999974,0,0,0,0,0,0,0,0,0,0,0
36.49999999999997,0,0,0,0,0,0,0,0,0,0,0
36.54999999999997,0,0,0,0,0,0,0,0,0,0,0
36.599999999999966,0,0,0,0,0,0,0,0,0,0,0
36.64999999999996,0,0,0,0,0,0,0,0,0,0,0
36.69999999999996,0,0,0,0,0,0,0,0,0,0,0
36.74999999999996,0,0,0,0,0,0,0,0,0,0,0
36.799999999999955,0,0,0,0,0,0,0,0,0,0,0
36.84999999999995,0,0,0,0,0,0,0,0,0,0,0
36.89999999999995,0,0,0,0,0,0,0,0,0,0,0
36.949999999999946,0,0,0,0,0,0,0,0,0,0,0
36.99999999999994,0,0,0,0,0,0,0,0,0,0,0
37.04999999999994,0,0,0,0,0,0,0,0,0,0,0
37.09999999999994,0,0,0,0,0,0,0,0,0,0,0
37.149999999999935,0,0,0,0,0,0,0,0,0,0,0
37.19999999999993,0,0,0,0,0,0,0,0,0,0,0
37.24999999999993,0,0,0,0,0,0,0,0,0,0,0
37.299999999999926,0,0,0,0,0,0,0,0,0,0,0
37.34999999999992,0,0,0,0,0,0,0,0,0,0,0
37.39999999999992,0,0,0,0,0,0,0,0,0,0,0
37.44999999999992,0,0,0,0,0,0,0,0,0,0,0
37.499999999999915,0,0,0,0,0,0,0,0,0,0,0
37.54999999999991,0,0,0,0,0,0,0,0,0,0,0
37.59999999999991,0,0,0,0,0,0,0,0,0,0,0
37.649999999999906,0,0,0,0,0,0,0,0,0,0,0
37.6999999999999,0,0,0,0,0,0,0,0,0,0,0
37.7499999999999,0,0,0,0,0,0,0,0,0,0,0
37.7999999999999,0,0,0,0,0,0,0,0,0,0,0
37.849999999999895,0,0,0,0,0,0,0,0,0,0,0
37.89999999999989,0,0,0,0,0,0,0,0,0,0,0
37.94999999999989,0,0,0,0,0,0,0,0,0,0,0
37.999999999999886,0,0,0,0,0,0,0,0,0,0,0
38.04999999999988,0,0,0,0,0,0,0,0,0,0,0
38.09999999999988,0,0,0,0,0,0,0,0,0,0,0
38.14999999999988,0,0,0,0,0,0,0,0,0,0,0
38.199999999999875,0,0,0,0,0,0,0,0,0,0,0
38.24999999999987,0,0,0,0,0,0,0,0,0,0,0
38.29999999999987,0,0,0,0,0,0,0,0,0,0,0
38.349999999999866,0,0,0,0,0,0,0,0,0,0,0
38.399999999999864,0,0,0,0,0,0,0,0,0,0,0
38.44999999999986,0,0,0,0,0,0,0,0,0,0,0
38.49999999999986,0,0,0,0,0,0,0,0,0,0,0
38.549999999999855,0,0,0,0,0,0,0,0,0,0,0
38.59999999999985,0,0,0,0,0,0,0,0,0,0,0
38.64999999999985,0,0,0,0,0,0,0,0,0,0,0
38.69999999999985,0,0,0,0,0,0,0,0,0,0,0
38.749999999999844,0,0,0,0,0,0,0,0,0,0,0
38.79999999999984,0,0,0,0,0,0,0,0,0,0,0
38.84999999999984,0,0,0,0,0,0,0,0,0,0,0
38.899999999999835,0,0,0,0,0,0,0,0,0,0,0
38.94999999999983,0,0,0,0,0,0,0,0,0,0,0
38.99999999999983,0,0,0,0,0,0,0,0,0,0,0
39.04999999999983,0,0,0,0,0,0,0,0,0,0,0
39.099999999999824,0,0,0,0,0,0,0,0,0,0,0
39.14999999999982,0,0,0,0,0,0,0,0,0,0,0
39.19999999999982,0,0,0,0,0,0,0,0,0,0,0
39.249999999999815,0,0,0,0,0,0,0,0,0,0,0
39.29999999999981,0,0,0,0,0,0,0,0,0,0,0
39.34999999999981,0,0,0,0,0,0,0,0,0,0,0
39.39999999999981,0,0,0,0,0,0,0,0,0,0,0
39.449999999999804,0,0,0,0,0,0,0,0,0,0,0
39.4999999999998,0,0,0,0,0,0,0,0,0,0,0
39.5499999999998,0,0,0,0,0,0,0,0,0,0,0
39.599999999999795,0,0,0,0,0,0,0,0,0,0,0
39.64999999999979,0,0,0,0,0,0,0,0,0,0,0
39.69999999999979,0,0,0,0,0,0,0,0,0,0,0
39.74999999999979,0,0,0,0,0,0,0,0,0,0,0
39.799999999999784,0,0,0,0,0,0,0,0,0,0,0
39.84999999999978,0,0,0,0,0,0,0,0,0,0,0
39.89999999999978,0,0,0,0,0,0,0,0,0,0,0
39.949999999999775,0,0,0,0,0,0,0,0,0,0,0
39.99999999999977,0,0,0,0,0,0,0,0,0,0,0
40.04999999999977,0,0,0,0,0,0,0,0,0,0,0
40.09999999999977,0,0,0,0,0,0,0,0,0,0,0
40.149999999999764,0,0,0,0,0,0,0,0,0,0,0
40.19999999999976,0,0,0,0,0,0,0,0,0,0,0
40.24999999999976,0,0,0,0,0,0,0,0,0,0,0
40.299999999999756,0,0,0,0,0,0,0,0,0,0,0
40.34999999999975,0,0,0,0,0,0,0,0,0,0,0
40.39999999999975,0,0,0,0,0,0,0,0,0,0,0
40.44999999999975,0,0,0,0,0,0,0,0,0,0,0
40.499999999999744,0,0,0,0,0,0,0,0,0,0,0
40.54999999999974,0,0,0,0,0,0,0,0,0,0,0
40.59999999999974,0,0,0,0,0,0,0,0,0,0,0
40.649999999999736,0,0,0,0,0,0,0,0,0,0,0
40.69999999999973,0,0,0,0,0,0,0,0,0,0,0
40.74999999999973,0,0,0,0,0,0,0,0,0,0,0
40.79999999999973,0,0,0,0,0,0,0,0,0,0,0
40.849999999999724,0,0,0,0,0,0,0,0,0,0,0
40.89999999999972,0,0,0,0,0,0,0,0,0,0,0
40.94999999999972,0,0,0,0,0,0,0,0,0,0,0
40.999999999999716,0,0,0,0,0,0,0,0,0,0,0
41.04999999999971,0,0,0,0,0,0,0,0,0,0,0
41.09999999999971,0,0,0,0,0,0,0,0,0,0,0
41.14999999999971,0,0,0,0,0,0,0,0,0,0,0
41.199999999999704,0,0,0,0,0,0,0,0,0,0,0
41.2499999999997,0,0,0,0,0,0,0,0,0,0,0
41.2999999999997,0,0,0,0,0,0,0,0,0,0,0
41.349999999999696,0,0,0,0,0,0,0,0,0,0,0
41.39999999999969,0,0,0,0,0,0,0,0,0,0,0
41.44999999999969,0,0,0,0,0,0,0,0,0,0,0
41.49999999999969,0,0,0,0,0,0,0,0,0,0,0
41.549999999999685,0,0,0,0,0,0,0,0,0,0,0
*****
16,0.05,100,0,1,10,100,0.39276599448899996,0.1280509099671
16,100,100,100,89,100,0,0,0,0,0,0
16.05,83,83,82,79,83,0,0,0,0,0,0
16.1,92,92,91,92,92,0,0,0,0,0,0
16.150000000000002,97,97,97,92,97,0,0,0,0,0,0
16.200000000000003,95,95,94,94,95,0,0,0,0,0,0
16.250000000000004,99,99,98,93,99,0,0,0,0,0,0
16.300000000000004,103,103,101,95,103,0,0,0,0,0,0
16.350000000000005,105,104,105,98,105,0,0,0,0,0,0
16.400000000000006,92,92,91,88,92,0,0,0,0,0,0
16.450000000000006,94,94,91,92,94,0,0,0,0,0,0
16.500000000000007,114,112,108,106,114,0,0,0,0,0,0
16.550000000000008,97,94,94,92,96,0,0,0,0,0,0
16.60000000000001,93,90,90,89,92,0,0,0,0,0,0
16.65000000000001,109,103,101,102,105,0,0,0,0,0,0
16.70000000000001,84,81,78,80,83,0,0,0,0,0,0
16.75000000000001,94,85,86,85,91,0,0,0,0,0,0
16.80000000000001,98,92,91,92,98,0,0,0,0,0,0
16.850000000000012,105,98,94,91,102,0,0,0,0,0,0
16.900000000000013,97,85,79,78,91,0,0,0,0,0,0
16.950000000000014,97,90,88,86,92,0,0,0,0,0,0
17.000000000000014,90,71,69,77,83,0,0,0,0,0,0
17.050000000000015,88,72,74,77,83,0,0,0,0,0,0
17.100000000000016,113,89,85,91,103,0,0,0,0,0,0
17.150000000000016,90,70,70,67,79,0,0,0,0,0,0
17.200000000000017,105,84,75,81,93,0,0,0,0,0,0
17.250000000000018,92,69,67,76,80,0,0,0,0,0,0
17.30000000000002,114,78,77,85,95,0,0,0,0,0,0
17.35000000000002,96,69,67,75,78,0,0,0,0,0,0
17.40000000000002,112,79,80,75,94,0,0,0,0,0,0
17.45000000000002,91,64,62,66,77,0,0,0,0,0,0
17.50000000000002,101,63,57,69,78,0,0,0,0,0,0
17.550000000000022,100,67,63,69,79,0,0,0,0,0,0
17.600000000000023,96,47,46,63,73,0,0,0,0,0,0
17.650000000000023,87,41,43,54,58,0,0,0,0,0,0
17.700000000000024,91,50,48,51,64,0,0,0,0,0,0
17.750000000000025,88,43,44,55,52,0,0,0,0,0,0
17.800000000000026,90,47,42,59,59,0,0,0,0,0,0
17.850000000000026,101,36,38,50,55,0,0,0,0,0,0
17.900000000000027,99,44,40,51,56,0,0,0,0,0,0
17.950000000000028,99,29,28,40,45,0,0,0,0,0,0
18.00000000000003,89,24,25,47,35,0,0,0,0,0,0
18.05000000000003,95,28,25,43,39,0,0,0,0,0,0
18.10000000000003,101,30,33,48,46,0,0,0,0,0,0
18.15000000000003,92,24,30,44,36,0,0,0,0,0,0
18.20000000000003,92,24,24,42,36,0,0,0,0,0,0
18.250000000000032,112,14,18,32,25,0,0,0,0,0,0
18.300000000000033,102,15,17,35,27,0,0,0,0,0,0
18.350000000000033,73,14,15,29,21,0,0,0,0,0,0
18.400000000000034,108,15,17,40,30,0,0,0,0,0,0
18.450000000000035,108,17,18,35,27,0,0,0,0,0,0
18.500000000000036,90,11,9,23,17,0,0,0,0,0,0
18.550000000000036,100,10,11,19,15,0,0,0,0,0,0
18.600000000000037,100,17,22,31,28,0,0,0,0,0,0
18.650000000000038,86,7,6,24,14,0,0,0,0,0,0
18.70000000000004,109,8,10,24,15,0,0,0,0,0,0
18.75000000000004,103,2,6,15,9,0,0,0,0,0,0
18.80000000000004,91,3,3,17,13,0,0,0,0,0,0
18.85000000000004,100,2,5,11,7,0,0,0,0,0,0
18.90000000000004,82,3,2,15,5,0,0,0,0,0,0
18.950000000000042,108,3,2,16,6,0,0,0,0,0,0
19.000000000000043,100,3,3,12,4,0,0,0,0,0,0
19.050000000000043,85,3,1,8,4,0,0,0,0,0,0
19.100000000000044,95,4,3,17,5,0,0,0,0,0,0
19.150000000000045,86,0,1,9,2,0,0,0,0,0,0
19.200000000000045,97,0,1,8,2,0,0,0,0,0,0
19.250000000000046,100,0,1,10,3,0,0,0,0,0,0
19.300000000000047,85,2,1,4,3,0,0,0,0,0,0
19.350000000000048,111,2,2,7,3,0,0,0,0,0,0
19.40000000000005,86,0,2,4,3,0,0,0,0,0,0
19.45000000000005,96,0,0,1,0,0,0,0,0,0,0
19.50000000000005,97,3,2,3,3,0,0,0,0,0,0
19.55000000000005,110,0,1,4,1,0,0,0,0,0,0
19.60000000000005,97,0,0,1,0,0,0,0,0,0,0
19.650000000000052,111,0,0,3,0,0,0,0,0,0,0
19.700000000000053,101,0,0,0,0,0,0,0,0,0,0
19.750000000000053,93,0,0,1,0,0,0,0,0,0,0
19.800000000000054,83,0,1,0,1,0,0,0,0,0,0
19.850000000000055,92,1,1,2,1,0,0,0,0,0,0
19.900000000000055,102,0,0,0,0,0,0,0,0,0,0
19.950000000000056,99,0,1,0,1,0,0,0,0,0,0
20.000000000000057,104,0,0,0,0,0,0,0,0,0,0
20.050000000000058,96,0,0,0,0,0,0,0,0,0,0
20.10000000000006,98,0,0,0,0,0,0,0,0,0,0
20.15000000000006,96,0,0,1,0,0,0,0,0,0,0
20.20000000000006,110,0,0,1,0,0,0,0,0,0,0
20.25000000000006,97,0,0,0,0,0,0,0,0,0,0
20.30000000000006,111,1,0,1,1,0,0,0,0,0,0
20.350000000000062,104,0,0,0,0,0,0,0,0,0,0
20.400000000000063,103,0,0,0,0,0,0,0,0,0,0
20.450000000000063,90,0,0,0,0,0,0,0,0,0,0
20.500000000000064,100,0,0,0,0,0,0,0,0,0,0
20.550000000000065,106,0,0,0,0,0,0,0,0,0,0
20.600000000000065,80,0,0,0,0,0,0,0,0,0,0
20.650000000000066,85,0,0,0,0,0,0,0,0,0,0
20.700000000000067,106,0,0,0,0,0,0,0,0,0,0
20.750000000000068,94,0,0,0,0,0,0,0,0,0,0
20.800000000000068,114,0,0,0,0,0,0,0,0,0,0
20.85000000000007,92,0,0,0,0,0,0,0,0,0,0
20.90000000000007,94,0,0,0,0,0,0,0,0,0,0
20.95000000000007,107,0,0,0,0,0,0,0,0,0,0
21.00000000000007,97,0,0,0,0,0,0,0,0,0,0
21.05000000000007,92,0,0,0,0,0,0,0,0,0,0
21.100000000000072,95,0,0,0,0,0,0,0,0,0,0
21.150000000000073,114,0,0,0,0,0,0,0,0,0,0
21.200000000000074,92,0,0,0,0,0,0,0,0,0,0
21.250000000000075,100,0,0,0,0,0,0,0,0,0,0
21.300000000000075,95,0,0,0,0,0,0,0,0,0,0
21.350000000000076,88,0,0,0,0,0,0,0,0,0,0
21.400000000000077,84,0,0,0,0,0,0,0,0,0,0
21.450000000000077,99,0,0,0,0,0,0,0,0,0,0
21.500000000000078,110,0,0,0,0,0,0,0,0,0,0
21.55000000000008,84,0,0,0,0,0,0,0,0,0,0
21.60000000000008,101,0,0,0,0,0,0,0,0,0,0
21.65000000000008,105,0,0,0,0,0,0,0,0,0,0
21.70000000000008,105,0,0,0,0,0,0,0,0,0,0
21.75000000000008,107,0,0,0,0,0,0,0,0,0,0
21.800000000000082,95,0,0,0,0,0,0,0,0,0,0
21.850000000000083,79,0,0,0,0,0,0,0,0,0,0
21.900000000000084,103,0,0,0,0,0,0,0,0,0,0
21.950000000000085,107,0,0,0,0,0,0,0,0,0,0
22.000000000000085,102,0,0,0,0,0,0,0,0,0,0
22.050000000000086,97,0,0,0,0,0,0,0,0,0,0
22.100000000000087,80,0,0,0,0,0,0,0,0,0,0
22.150000000000087,107,0,0,0,0,0,0,0,0,0,0
22.200000000000088,82,0,0,0,0,0,0,0,0,0,0
22.25000000000009,89,0,0,0,0,0,0,0,0,0,0
22.30000000000009,78,0,0,0,0,0,0,0,0,0,0
22.35000000000009,102,0,0,0,0,0,0,0,0,0,0
22.40000000000009,117,0,0,0,0,0,0,0,0,0,0
22.45000000000009,94,0,0,0,0,0,0,0,0,0,0
22.500000000000092,91,0,0,0,0,0,0,0,0,0,0
22.550000000000093,84,0,0,0,0,0,0,0,0,0,0
22.600000000000094,112,0,0,0,0,0,0,0,0,0,0
22.650000000000095,102,0,0,0,0,0,0,0,0,0,0
22.700000000000095,88,0,0,0,0,0,0,0,0,0,0
22.750000000000096,101,0,0,0,0,0,0,0,0,0,0
22.800000000000097,82,0,0,0,0,0,0,0,0,0,0
22.850000000000097,100,0,0,0,0,0,0,0,0,0,0
22.900000000000098,92,0,0,0,0,0,0,0,0,0,0
22.9500000000001,104,0,0,0,0,0,0,0,0,0,0
23.0000000000001,111,0,0,0,0,0,0,0,0,0,0
23.0500000000001,91,0,0,0,0,0,0,0,0,0,0
23.1000000000001,110,0,0,0,0,0,0,0,0,0,0
23.1500000000001,109,0,0,0,0,0,0,0,0,0,0
23.200000000000102,107,0,0,0,0,0,0,0,0,0,0
23.250000000000103,101,0,0,0,0,0,0,0,0,0,0
23.300000000000104,94,0,0,0,0,0,0,0,0,0,0
23.350000000000104,92,0,0,0,0,0,0,0,0,0,0
23.400000000000105,83,0,0,0,0,0,0,0,0,0,0
23.450000000000106,108,0,0,0,0,0,0,0,0,0,0
23.500000000000107,99,0,0,0,0,0,0,0,0,0,0
23.550000000000107,100,0,0,0,0,0,0,0,0,0,0
23.600000000000108,86,0,0,0,0,0,0,0,0,0,0
23.65000000000011,98,0,0,0,0,0,0,0,0,0,0
23.70000000000011,96,0,0,0,0,0,0,0,0,0,0
23.75000000000011,102,0,0,0,0,0,0,0,0,0,0
23.80000000000011,94,0,0,0,0,0,0,0,0,0,0
23.85000000000011,108,0,0,0,0,0,0,0,0,0,0
23.900000000000112,110,0,0,0,0,0,0,0,0,0,0
23.950000000000113,102,0,0,0,0,0,0,0,0,0,0
24.000000000000114,87,0,0,0,0,0,0,0,0,0,0
24.050000000000114,105,0,0,0,0,0,0,0,0,0,0
24.100000000000115,104,0,0,0,0,0,0,0,0,0,0
24.150000000000116,92,0,0,0,0,0,0,0,0,0,0
24.200000000000117,101,0,0,0,0,0,0,0,0,0,0
24.250000000000117,84,0,0,0,0,0,0,0,0,0,0
24.300000000000118,109,0,0,0,0,0,0,0,0,0,0
24.35000000000012,115,0,0,0,0,0,0,0,0,0,0
24.40000000000012,117,0,0,0,0,0,0,0,0,0,0
24.45000000000012,99,0,0,0,0,0,0,0,0,0,0
24.50000000000012,112,0,0,0,0,0,0,0,0,0,0
24.55000000000012,87,0,0,0,0,0,0,0,0,0,0
24.600000000000122,91,0,0,0,0,0,0,0,0,0,0
24.650000000000123,87,0,0,0,0,0,0,0,0,0,0
24.700000000000124,93,0,0,0,0,0,0,0,0,0,0
24.750000000000124,104,0,0,0,0,0,0,0,0,0,0
24.800000000000125,92,0,0,0,0,0,0,0,0,0,0
24.850000000000126,117,0,0,0,0,0,0,0,0,0,0
24.900000000000126,88,0,0,0,0,0,0,0,0,0,0
24.950000000000127,99,0,0,0,0,0,0,0,0,0,0
25.000000000000128,93,0,0,0,0,0,0,0,0,0,0
25.05000000000013,82,0,0,0,0,0,0,0,0,0,0
25.10000000000013,95,0,0,0,0,0,0,0,0,0,0
25.15000000000013,101,0,0,0,0,0,0,0,0,0,0
25.20000000000013,93,0,0,0,0,0,0,0,0,0,0
25.25000000000013,93,0,0,0,0,0,0,0,0,0,0
25.300000000000132,106,0,0,0,0,0,0,0,0,0,0
25.350000000000133,78,0,0,0,0,0,0,0,0,0,0
25.400000000000134,96,0,0,0,0,0,0,0,0,0,0
25.450000000000134,96,0,0,0,0,0,0,0,0,0,0
25.500000000000135,105,0,0,0,0,0,0,0,0,0,0
25.550000000000136,98,0,0,0,0,0,0,0,0,0,0
25.600000000000136,96,0,0,0,0,0,0,0,0,0,0
25.650000000000137,99,0,0,0,0,0,0,0,0,0,0
25.700000000000138,90,0,0,0,0,0,0,0,0,0,0
25.75000000000014,89,0,0,0,0,0,0,0,0,0,0
25.80000000000014,114,0,0,0,0,0,0,0,0,0,0
25.85000000000014,106,0,0,0,0,0,0,0,0,0,0
25.90000000000014,92,0,0,0,0,0,0,0,0,0,0
25.95000000000014,108,0,0,0,0,0,0,0,0,0,0
26.000000000000142,113,0,0,0,0,0,0,0,0,0,0
26.050000000000143,87,0,0,0,0,0,0,0,0,0,0
26.100000000000144,107,0,0,0,0,0,0,0,0,0,0
26.150000000000144,89,0,0,0,0,0,0,0,0,0,0
26.200000000000145,103,0,0,0,0,0,0,0,0,0,0
26.250000000000146,91,0,0,0,0,0,0,0,0,0,0
26.300000000000146,97,0,0,0,0,0,0,0,0,0,0
26.350000000000147,102,0,0,0,0,0,0,0,0,0,0
26.400000000000148,78,0,0,0,0,0,0,0,0,0,0
26.45000000000015,92,0,0,0,0,0,0,0,0,0,0
26.50000000000015,100,0,0,0,0,0,0,0,0,0,0
26.55000000000015,104,0,0,0,0,0,0,0,0,0,0
26.60000000000015,106,0,0,0,0,0,0,0,0,0,0
26.65000000000015,95,0,0,0,0,0,0,0,0,0,0
26.700000000000152,90,0,0,0,0,0,0,0,0,0,0
26.750000000000153,108,0,0,0,0,0,0,0,0,0,0
26.800000000000153,94,0,0,0,0,0,0,0,0,0,0
26.850000000000154,110,0,0,0,0,0,0,0,0,0,0
26.900000000000155,105,0,0,0,0,0,0,0,0,0,0
26.950000000000156,95,0,0,0,0,0,0,0,0,0,0
27.000000000000156,90,0,0,0,0,0,0,0,0,0,0
27.050000000000157,115,0,0,0,0,0,0,0,0,0,0
27.100000000000158,96,0,0,0,0,0,0,0,0,0,0
27.15000000000016,93,0,0,0,0,0,0,0,0,0,0
27.20000000000016,105,0,0,0,0,0,0,0,0,0,0
27.25000000000016,83,0,0,0,0,0,0,0,0,0,0
27.30000000000016,100,0,0,0,0,0,0,0,0,0,0
27.35000000000016,82,0,0,0,0,0,0,0,0,0,0
27.400000000000162,79,0,0,0,0,0,0,0,0,0,0
27.450000000000163,97,0,0,0,0,0,0,0,0,0,0
27.500000000000163,98,0,0,0,0,0,0,0,0,0,0
27.550000000000164,93,0,0,0,0,0,0,0,0,0,0
27.600000000000165,103,0,0,0,0,0,0,0,0,0,0
27.650000000000166,94,0,0,0,0,0,0,0,0,0,0
27.700000000000166,116,0,0,0,0,0,0,0,0,0,0
27.750000000000167,85,0,0,0,0,0,0,0,0,0,0
27.800000000000168,87,0,0,0,0,0,0,0,0,0,0
27.85000000000017,86,0,0,0,0,0,0,0,0,0,0
27.90000000000017,98,0,0,0,0,0,0,0,0,0,0
27.95000000000017,101,0,0,0,0,0,0,0,0,0,0
28.00000000000017,99,0,0,0,0,0,0,0,0,0,0
28.05000000000017,97,0,0,0,0,0,0,0,0,0,0
28.100000000000172,99,0,0,0,0,0,0,0,0,0,0
28.150000000000173,96,0,0,0,0,0,0,0,0,0,0
28.200000000000173,100,0,0,0,0,0,0,0,0,0,0
28.250000000000174,93,0,0,0,0,0,0,0,0,0,0
28.300000000000175,95,0,0,0,0,0,0,0,0,0,0
28.350000000000176,93,0,0,0,0,0,0,0,0,0,0
28.400000000000176,100,0,0,0,0,0,0,0,0,0,0
28.450000000000177,82,0,0,0,0,0,0,0,0,0,0
28.500000000000178,100,0,0,0,0,0,0,0,0,0,0
28.55000000000018,83,0,0,0,0,0,0,0,0,0,0
28.60000000000018,100,0,0,0,0,0,0,0,0,0,0
28.65000000000018,89,0,0,0,0,0,0,0,0,0,0
28.70000000000018,92,0,0,0,0,0,0,0,0,0,0
28.75000000000018,109,0,0,0,0,0,0,0,0,0,0
28.800000000000182,94,0,0,0,0,0,0,0,0,0,0
28.850000000000183,102,0,0,0,0,0,0,0,0,0,0
28.900000000000183,98,0,0,0,0,0,0,0,0,0,0
28.950000000000184,91,0,0,0,0,0,0,0,0,0,0
29.000000000000185,98,0,0,0,0,0,0,0,0,0,0
29.050000000000185,101,0,0,0,0,0,0,0,0,0,0
29.100000000000186,84,0,0,0,0,0,0,0,0,0,0
29.150000000000187,106,0,0,0,0,0,0,0,0,0,0
29.200000000000188,98,0,0,0,0,0,0,0,0,0,0
29.25000000000019,99,0,0,0,0,0,0,0,0,0,0
29.30000000000019,119,0,0,0,0,0,0,0,0,0,0
29.35000000000019,101,0,0,0,0,0,0,0,0,0,0
29.40000000000019,112,0,0,0,0,0,0,0,0,0,0
29.45000000000019,98,0,0,0,0,0,0,0,0,0,0
29.500000000000192,78,0,0,0,0,0,0,0,0,0,0
29.550000000000193,105,0,0,0,0,0,0,0,0,0,0
29.600000000000193,105,0,0,0,0,0,0,0,0,0,0
29.650000000000194,105,0,0,0,0,0,0,0,0,0,0
29.700000000000195,87,0,0,0,0,0,0,0,0,0,0
29.750000000000195,82,0,0,0,0,0,0,0,0,0,0
29.800000000000196,112,0,0,0,0,0,0,0,0,0,0
29.850000000000197,92,0,0,0,0,0,0,0,0,0,0
29.900000000000198,78,0,0,0,0,0,0,0,0,0,0
29.9500000000002,91,0,0,0,0,0,0,0,0,0,0
30.0000000000002,96,0,0,0,0,0,0,0,0,0,0
30.0500000000002,107,0,0,0,0,0,0,0,0,0,0
30.1000000000002,120,0,0,0,0,0,0,0,0,0,0
30.1500000000002,98,0,0,0,0,0,0,0,0,0,0
30.200000000000202,102,0,0,0,0,0,0,0,0,0,0
30.250000000000203,94,0,0,0,0,0,0,0,0,0,0
30.300000000000203,92,0,0,0,0,0,0,0,0,0,0
30.350000000000204,113,0,0,0,0,0,0,0,0,0,0
30.400000000000205,97,0,0,0,0,0,0,0,0,0,0
30.450000000000205,93,0,0,0,0,0,0,0,0,0,0
30.500000000000206,98,0,0,0,0,0,0,0,0,0,0
30.550000000000207,88,0,0,0,0,0,0,0,0,0,0
30.600000000000207,100,0,0,0,0,0,0,0,0,0,0
30.650000000000208,93,0,0,0,0,0,0,0,0,0,0
30.70000000000021,96,0,0,0,0,0,0,0,0,0,0
30.75000000000021,96,0,0,0,0,0,0,0,0,0,0
30.80000000000021,99,0,0,0,0,0,0,0,0,0,0
30.85000000000021,101,0,0,0,0,0,0,0,0,0,0
30.90000000000021,91,0,0,0,0,0,0,0,0,0,0
30.950000000000212,93,0,0,0,0,0,0,0,0,0,0
31.000000000000213,87,0,0,0,0,0,0,0,0,0,0
31.050000000000214,97,0,0,0,0,0,0,0,0,0,0
31.100000000000215,102,0,0,0,0,0,0,0,0,0,0
31.150000000000215,100,0,0,0,0,0,0,0,0,0,0
31.200000000000216,94,0,0,0,0,0,0,0,0,0,0
31.250000000000217,112,0,0,0,0,0,0,0,0,0,0
31.300000000000217,100,0,0,0,0,0,0,0,0,0,0
31.350000000000218,104,0,0,0,0,0,0,0,0,0,0
31.40000000000022,99,0,0,0,0,0,0,0,0,0,0
31.45000000000022,112,0,0,0,0,0,0,0,0,0,0
31.50000000000022,105,0,0,0,0,0,0,0,0,0,0
31.55000000000022,94,0,0,0,0,0,0,0,0,0,0
31.60000000000022,101,0,0,0,0,0,0,0,0,0,0
31.650000000000222,91,0,0,0,0,0,0,0,0,0,0
31.700000000000223,99,0,0,0,0,0,0,0,0,0,0
31.750000000000224,90,0,0,0,0,0,0,0,0,0,0
31.800000000000225,90,0,0,0,0,0,0,0,0,0,0
31.850000000000225,94,0,0,0,0,0,0,0,0,0,0
31.900000000000226,94,0,0,0,0,0,0,0,0,0,0
31.950000000000227,96,0,0,0,0,0,0,0,0,0,0
32.00000000000023,109,0,0,0,0,0,0,0,0,0,0
32.050000000000225,95,0,0,0,0,0,0,0,0,0,0
32.10000000000022,78,0,0,0,0,0,0,0,0,0,0
32.15000000000022,85,0,0,0,0,0,0,0,0,0,0
32.200000000000216,75,0,0,0,0,0,0,0,0,0,0
32.25000000000021,84,0,0,0,0,0,0,0,0,0,0
32.30000000000021,57,0,0,0,0,0,0,0,0,0,0
32.35000000000021,57,0,0,0,0,0,0,0,0,0,0
32.400000000000205,64,0,0,0,0,0,0,0,0,0,0
32.4500000000002,55,0,0,0,0,0,0,0,0,0,0
32.5000000000002,40,0,0,0,0,0,0,0,0,0,0
32.550000000000196,36,0,0,0,0,0,0,0,0,0,0
32.60000000000019,32,0,0,0,0,0,0,0,0,0,0
32.65000000000019,29,0,0,0,0,0,0,0,0,0,0
32.70000000000019,30,0,0,0,0,0,0,0,0,0,0
32.750000000000185,15,0,0,0,0,0,0,0,0,0,0
32.80000000000018,17,0,0,0,0,0,0,0,0,0,0
32.85000000000018,10,0,0,0,0,0,0,0,0,0,0
32.900000000000176,5,0,0,0,0,0,0,0,0,0,0
32.95000000000017,2,0,0,0,0,0,0,0,0,0,0
33.00000000000017,0,0,0,0,0,0,0,0,0,0,0
33.05000000000017,0,0,0,0,0,0,0,0,0,0,0
33.100000000000165,0,0,0,0,0,0,0,0,0,0,0
33.15000000000016,0,0,0,0,0,0,0,0,0,0,0
33.20000000000016,0,0,0,0,0,0,0,0,0,0,0
33.250000000000156,0,0,0,0,0,0,0,0,0,0,0
33.30000000000015,0,0,0,0,0,0,0,0,0,0,0
33.35000000000015,0,0,0,0,0,0,0,0,0,0,0
33.40000000000015,0,0,0,0,0,0,0,0,0,0,0
33.450000000000145,0,0,0,0,0,0,0,0,0,0,0
33.50000000000014,0,0,0,0,0,0,0,0,0,0,0
33.55000000000014,0,0,0,0,0,0,0,0,0,0,0
33.600000000000136,0,0,0,0,0,0,0,0,0,0,0
33.650000000000134,0,0,0,0,0,0,0,0,0,0,0
33.70000000000013,0,0,0,0,0,0,0,0,0,0,0
33.75000000000013,0,0,0,0,0,0,0,0,0,0,0
33.800000000000125,0,0,0,0,0,0,0,0,0,0,0
33.85000000000012,0,0,0,0,0,0,0,0,0,0,0
33.90000000000012,0,0,0,0,0,0,0,0,0,0,0
33.95000000000012,0,0,0,0,0,0,0,0,0,0,0
34.000000000000114,0,0,0,0,0,0,0,0,0,0,0
34.05000000000011,0,0,0,0,0,0,0,0,0,0,0
34.10000000000011,0,0,0,0,0,0,0,0,0,0,0
34.150000000000105,0,0,0,0,0,0,0,0,0,0,0
34.2000000000001,0,0,0,0,0,0,0,0,0,0,0
34.2500000000001,0,0,0,0,0,0,0,0,0,0,0
34.3000000000001,0,0,0,0,0,0,0,0,0,0,0
34.350000000000094,0,0,0,0,0,0,0,0,0,0,0
34.40000000000009,0,0,0,0,0,0,0,0,0,0,0
34.45000000000009,0,0,0,0,0,0,0,0,0,0,0
34.500000000000085,0,0,0,0,0,0,0,0,0,0,0
34.55000000000008,0,0,0,0,0,0,0,0,0,0,0
34.60000000000008,0,0,0,0,0,0,0,0,0,0,0
34.65000000000008,0,0,0,0,0,0,0,0,0,0,0
34.700000000000074,0,0,0,0,0,0,0,0,0,0,0
34.75000000000007,0,0,0,0,0,0,0,0,0,0,0
34.80000000000007,0,0,0,0,0,0,0,0,0,0,0
34.850000000000065,0,0,0,0,0,0,0,0,0,0,0
34.90000000000006,0,0,0,0,0,0,0,0,0,0,0
34.95000000000006,0,0,0,0,0,0,0,0,0,0,0
35.00000000000006,0,0,0,0,0,0,0,0,0,0,0
35.050000000000054,0,0,0,0,0,0,0,0,0,0,0
35.10000000000005,0,0,0,0,0,0,0,0,0,0,0
35.15000000000005,0,0,0,0,0,0,0,0,0,0,0
35.200000000000045,0,0,0,0,0,0,0,0,0,0,0
35.25000000000004,0,0,0,0,0,0,0,0,0,0,0
35.30000000000004,0,0,0,0,0,0,0,0,0,0,0
35.35000000000004,0,0,0,0,0,0,0,0,0,0,0
35.400000000000034,0,0,0,0,0,0,0,0,0,0,0
35.45000000000003,0,0,0,0,0,0,0,0,0,0,0
35.50000000000003,0,0,0,0,0,0,0,0,0,0,0
35.550000000000026,0,0,0,0,0,0,0,0,0,0,0
35.60000000000002,0,0,0,0,0,0,0,0,0,0,0
35.65000000000002,0,0,0,0,0,0,0,0,0,0,0
35.70000000000002,0,0,0,0,0,0,0,0,0,0,0
35.750000000000014,0,0,0,0,0,0,0,0,0,0,0
35.80000000000001,0,0,0,0,0,0,0,0,0,0,0
35.85000000000001,0,0,0,0,0,0,0,0,0,0,0
35.900000000000006,0,0,0,0,0,0,0,0,0,0,0
35.95,0,0,0,0,0,0,0,0,0,0,0
36.0,0,0,0,0,0,0,0,0,0,0,0
36.05,0,0,0,0,0,0,0,0,0,0,0
36.099999999999994,0,0,0,0,0,0,0,0,0,0,0
36.14999999999999,0,0,0,0,0,0,0,0,0,0,0
36.19999999999999,0,0,0,0,0,0,0,0,0,0,0
36.249999999999986,0,0,0,0,0,0,0,0,0,0,0
36.29999999999998,0,0,0,0,0,0,0,0,0,0,0
36.34999999999998,0,0,0,0,0,0,0,0,0,0,0
36.39999999999998,0,0,0,0,0,0,0,0,0,0,0
36.449999999999974,0,0,0,0,0,0,0,0,0,0,0
36.49999999999997,0,0,0,0,0,0,0,0,0,0,0
36.54999999999997,0,0,0,0,0,0,0,0,0,0,0
36.599999999999966,0,0,0,0,0,0,0,0,0,0,0
36.64999999999996,0,0,0,0,0,0,0,0,0,0,0
36.69999999999996,0,0,0,0,0,0,0,0,0,0,0
36.74999999999996,0,0,0,0,0,0,0,0,0,0,0
36.799999999999955,0,0,0,0,0,0,0,0,0,0,0
36.84999999999995,0,0,0,0,0,0,0,0,0,0,0
36.89999999999995,0,0,0,0,0,0,0,0,0,0,0
36.949999999999946,0,0,0,0,0,0,0,0,0,0,0
36.99999999999994,0,0,0,0,0,0,0,0,0,0,0
37.04999999999994,0,0,0,0,0,0,0,0,0,0,0
37.09999999999994,0,0,0,0,0,0,0,0,0,0,0
37.149999999999935,0,0,0,0,0,0,0,0,0,0,0
37.19999999999993,0,0,0,0,0,0,0,0,0,0,0
37.24999999999993,0,0,0,0,0,0,0,0,0,0,0
37.299999999999926,0,0,0,0,0,0,0,0,0,0,0
37.34999999999992,0,0,0,0,0,0,0,0,0,0,0
37.39999999999992,0,0,0,0,0,0,0,0,0,0,0
37.44999999999992,0,0,0,0,0,0,0,0,0,0,0
37.499999999999915,0,0,0,0,0,0,0,0,0,0,0
37.54999999999991,0,0,0,0,0,0,0,0,0,0,0
37.59999999999991,0,0,0,0,0,0,0,0,0,0,0
37.649999999999906,0,0,0,0,0,0,0,0,0,0,0
37.6999999999999,0,0,0,0,0,0,0,0,0,0,0
37.7499999999999,0,0,0,0,0,0,0,0,0,0,0
37.7999999999999,0,0,0,0,0,0,0,0,0,0,0
37.849999999999895,0,0,0,0,0,0,0,0,0,0,0
37.89999999999989,0,0,0,0,0,0,0,0,0,0,0
37.94999999999989,0,0,0,0,0,0,0,0,0,0,0
37.999999999999886,0,0,0,0,0,0,0,0,0,0,0
38.04999999999988,0,0,0,0,0,0,0,0,0,0,0
38.09999999999988,0,0,0,0,0,0,0,0,0,0,0
38.14999999999988,0,0,0,0,0,0,0,0,0,0,0
38.199999999999875,0,0,0,0,0,0,0,0,0,0,0
38.24999999999987,0,0,0,0,0,0,0,0,0,0,0
38.29999999999987,0,0,0,0,0,0,0,0,0,0,0
38.349999999999866,0,0,0,0,0,0,0,0,0,0,0
38.399999999999864,0,0,0,0,0,0,0,0,0,0,0
38.44999999999986,0,0,0,0,0,0,0,0,0,0,0
38.49999999999986,0,0,0,0,0,0,0,0,0,0,0
38.549999999999855,0,0,0,0,0,0,0,0,0,0,0
38.59999999999985,0,0,0,0,0,0,0,0,0,0,0
38.64999999999985,0,0,0,0,0,0,0,0,0,0,0
38.69999999999985,0,0,0,0,0,0,0,0,0,0,0
38.749999999999844,0,0,0,0,0,0,0,0,0,0,0
38.79999999999984,0,0,0,0,0,0,0,0,0,0,0
38.84999999999984,0,0,0,0,0,0,0,0,0,0,0
38.899999999999835,0,0,0,0,0,0,0,0,0,0,0
38.94999999999983,0,0,0,0,0,0,0,0,0,0,0
38.99999999999983,0,0,0,0,0,0,0,0,0,0,0
39.04999999999983,0,0,0,0,0,0,0,0,0,0,0
39.099999999999824,0,0,0,0,0,0,0,0,0,0,0
39.14999999999982,0,0,0,0,0,0,0,0,0,0,0
39.19999999999982,0,0,0,0,0,0,0,0,0,0,0
39.249999999999815,0,0,0,0,0,0,0,0,0,0,0
39.29999999999981,0,0,0,0,0,0,0,0,0,0,0
39.34999999999981,0,0,0,0,0,0,0,0,0,0,0
39.39999999999981,0,0,0,0,0,0,0,0,0,0,0
39.449999999999804,0,0,0,0,0,0,0,0,0,0,0
39.4999999999998,0,0,0,0,0,0,0,0,0,0,0
39.5499999999998,0,0,0,0,0,0,0,0,0,0,0
39.599999999999795,0,0,0,0,0,0,0,0,0,0,0
39.64999999999979,0,0,0,0,0,0,0,0,0,0,0
39.69999999999979,0,0,0,0,0,0,0,0,0,0,0
39.74999999999979,0,0,0,0,0,0,0,0,0,0,0
39.799999999999784,0,0,0,0,0,0,0,0,0,0,0
39.84999999999978,0,0,0,0,0,0,0,0,0,0,0
39.89999999999978,0,0,0,0,0,0,0,0,0,0,0
39.949999999999775,0,0,0,0,0,0,0,0,0,0,0
39.99999999999977,0,0,0,0,0,0,0,0,0,0,0
40.04999999999977,0,0,0,0,0,0,0,0,0,0,0
40.09999999999977,0,0,0,0,0,0,0,0,0,0,0
40.149999999999764,0,0,0,0,0,0,0,0,0,0,0
40.19999999999976,0,0,0,0,0,0,0,0,0,0,0
40.24999999999976,0,0,0,0,0,0,0,0,0,0,0
40.299999999999756,0,0,0,0,0,0,0,0,0,0,0
40.34999999999975,0,0,0,0,0,0,0,0,0,0,0
40.39999999999975,0,0,0,0,0,0,0,0,0,0,0
40.44999999999975,0,0,0,0,0,0,0,0,0,0,0
40.499999999999744,0,0,0,0,0,0,0,0,0,0,0
40.54999999999974,0,0,0,0,0,0,0,0,0,0,0
40.59999999999974,0,0,0,0,0,0,0,0,0,0,0
40.649999999999736,0,0,0,0,0,0,0,0,0,0,0
40.69999999999973,0,0,0,0,0,0,0,0,0,0,0
40.74999999999973,0,0,0,0,0,0,0,0,0,0,0
40.79999999999973,0,0,0,0,0,0,0,0,0,0,0
40.849999999999724,0,0,0,0,0,0,0,0,0,0,0
40.89999999999972,0,0,0,0,0,0,0,0,0,0,0
40.94999999999972,0,0,0,0,0,0,0,0,0,0,0
40.999999999999716,0,0,0,0,0,0,0,0,0,0,0
41.04999999999971,0,0,0,0,0,0,0,0,0,0,0
41.09999999999971,0,0,0,0,0,0,0,0,0,0,0
41.14999999999971,0,0,0,0,0,0,0,0,0,0,0
41.199999999999704,0,0,0,0,0,0,0,0,0,0,0
41.2499999999997,0,0,0,0,0,0,0,0,0,0,0
41.2999999999997,0,0,0,0,0,0,0,0,0,0,0
41.349999999999696,0,0,0,0,0,0,0,0,0,0,0
41.39999999999969,0,0,0,0,0,0,0,0,0,0,0
41.44999999999969,0,0,0,0,0,0,0,0,0,0,0
41.49999999999969,0,0,0,0,0,0,0,0,0,0,0
41.549999999999685,0,0,0,0,0,0,0,0,0,0,0
