*****
16,0.05,500,0,0.4,10,100,0.39276599448899996,0.1280509099671
16,500,500,445,500,500,0,0,0,0,0,0
16.05,495,495,436,495,495,0,0,0,0,0,0
16.1,471,471,393,471,471,0,0,0,0,0,0
16.150000000000002,459,459,397,459,459,0,0,0,0,0,0
16.200000000000003,490,490,435,490,490,0,0,0,0,0,0
16.250000000000004,474,474,396,474,474,0,0,0,0,0,0
16.300000000000004,455,455,379,455,455,0,0,0,0,0,0
16.350000000000005,492,492,388,492,492,0,0,0,0,0,0
16.400000000000006,482,482,392,481,482,0,0,0,0,0,0
16.450000000000006,514,514,398,514,514,0,0,0,0,0,0
16.500000000000007,474,474,350,474,474,0,0,0,0,0,0
16.550000000000008,491,491,364,491,491,0,0,0,0,0,0
16.60000000000001,491,491,371,488,491,0,0,0,0,0,0
16.65000000000001,462,462,336,462,462,0,0,0,0,0,0
16.70000000000001,476,476,324,476,476,0,0,0,0,0,0
16.75000000000001,500,500,335,498,500,0,0,0,0,0,0
16.80000000000001,477,477,324,476,477,0,0,0,0,0,0
16.850000000000012,492,492,290,492,492,0,0,0,0,0,0
16.900000000000013,453,453,284,453,453,0,0,0,0,0,0
16.950000000000014,508,507,301,505,508,0,0,0,0,0,0
17.000000000000014,508,507,284,505,508,0,0,0,0,0,0
17.050000000000015,463,462,243,461,462,0,0,0,0,0,0
17.100000000000016,501,499,254,500,499,0,0,0,0,0,0
17.150000000000016,485,483,244,483,484,0,0,0,0,0,0
17.200000000000017,465,464,226,460,465,0,0,0,0,0,0
17.250000000000018,476,471,231,472,476,0,0,0,0,0,0
17.30000000000002,495,494,216,493,494,0,0,0,0,0,0
17.35000000000002,484,480,177,481,482,0,0,0,0,0,0
17.40000000000002,509,503,205,505,507,0,0,0,0,0,0
17.45000000000002,457,455,177,456,457,0,0,0,0,0,0
17.50000000000002,444,438,142,441,443,0,0,0,0,0,0
17.550000000000022,481,471,166,475,479,0,0,0,0,0,0
17.600000000000023,432,418,114,429,427,0,0,0,0,0,0
17.650000000000023,525,515,138,520,520,0,0,0,0,0,0
17.700000000000024,508,495,131,500,506,0,0,0,0,0,0
17.750000000000025,487,470,116,482,479,0,0,0,0,0,0
17.800000000000026,489,464,113,484,476,0,0,0,0,0,0
17.850000000000026,465,437,100,455,450,0,0,0,0,0,0
17.900000000000027,486,451,77,475,469,0,0,0,0,0,0
17.950000000000028,478,430,84,467,459,0,0,0,0,0,0
18.00000000000003,483,438,79,472,463,0,0,0,0,0,0
18.05000000000003,492,434,75,481,454,0,0,0,0,0,0
18.10000000000003,479,409,71,468,438,0,0,0,0,0,0
18.15000000000003,456,384,51,445,426,0,0,0,0,0,0
18.20000000000003,489,399,43,469,443,0,0,0,0,0,0
18.250000000000032,503,396,42,486,445,0,0,0,0,0,0
18.300000000000033,493,384,37,477,424,0,0,0,0,0,0
18.350000000000033,458,353,29,435,389,0,0,0,0,0,0
18.400000000000034,471,351,29,445,393,0,0,0,0,0,0
18.450000000000035,474,299,21,453,358,0,0,0,0,0,0
18.500000000000036,488,331,33,459,366,0,0,0,0,0,0
18.550000000000036,484,314,29,453,376,0,0,0,0,0,0
18.600000000000037,461,269,21,437,332,0,0,0,0,0,0
18.650000000000038,475,279,15,433,344,0,0,0,0,0,0
18.70000000000004,467,257,15,410,314,0,0,0,0,0,0
18.75000000000004,498,260,9,440,320,0,0,0,0,0,0
18.80000000000004,453,211,9,408,271,0,0,0,0,0,0
18.85000000000004,458,203,12,404,267,0,0,0,0,0,0
18.90000000000004,459,165,10,385,219,0,0,0,0,0,0
18.950000000000042,495,174,6,409,232,0,0,0,0,0,0
19.000000000000043,478,171,7,379,226,0,0,0,0,0,0
19.050000000000043,480,145,3,388,204,0,0,0,0,0,0
19.100000000000044,507,127,3,384,194,0,0,0,0,0,0
19.150000000000045,445,114,2,318,159,0,0,0,0,0,0
19.200000000000045,481,103,2,345,157,0,0,0,0,0,0
19.250000000000046,497,89,3,320,137,0,0,0,0,0,0
19.300000000000047,508,81,5,319,132,0,0,0,0,0,0
19.350000000000048,455,63,0,262,121,0,0,0,0,0,0
19.40000000000005,459,58,3,279,98,0,0,0,0,0,0
19.45000000000005,440,47,0,220,79,0,0,0,0,0,0
19.50000000000005,485,54,1,230,86,0,0,0,0,0,0
19.55000000000005,485,27,0,202,54,0,0,0,0,0,0
19.60000000000005,474,28,0,180,44,0,0,0,0,0,0
19.650000000000052,472,18,0,171,44,0,0,0,0,0,0
19.700000000000053,446,28,0,152,44,0,0,0,0,0,0
19.750000000000053,521,20,0,143,34,0,0,0,0,0,0
19.800000000000054,505,20,1,143,41,0,0,0,0,0,0
19.850000000000055,436,10,0,99,17,0,0,0,0,0,0
19.900000000000055,490,10,0,88,18,0,0,0,0,0,0
19.950000000000056,460,9,0,71,15,0,0,0,0,0,0
20.000000000000057,475,8,0,55,14,0,0,0,0,0,0
20.050000000000058,456,6,0,72,11,0,0,0,0,0,0
20.10000000000006,479,2,0,46,7,0,0,0,0,0,0
20.15000000000006,480,6,0,38,10,0,0,0,0,0,0
20.20000000000006,465,3,0,42,4,0,0,0,0,0,0
20.25000000000006,487,2,0,28,4,0,0,0,0,0,0
20.30000000000006,499,0,0,25,2,0,0,0,0,0,0
20.350000000000062,474,1,0,17,2,0,0,0,0,0,0
20.400000000000063,475,2,0,23,3,0,0,0,0,0,0
20.450000000000063,484,1,0,13,1,0,0,0,0,0,0
20.500000000000064,507,0,0,14,0,0,0,0,0,0,0
20.550000000000065,485,1,0,9,1,0,0,0,0,0,0
20.600000000000065,460,0,0,6,0,0,0,0,0,0,0
20.650000000000066,472,0,0,11,2,0,0,0,0,0,0
20.700000000000067,482,0,0,10,0,0,0,0,0,0,0
20.750000000000068,474,0,0,5,0,0,0,0,0,0,0
20.800000000000068,484,0,0,4,0,0,0,0,0,0,0
20.85000000000007,484,0,0,2,0,0,0,0,0,0,0
20.90000000000007,507,0,0,2,0,0,0,0,0,0,0
20.95000000000007,477,0,0,0,0,0,0,0,0,0,0
21.00000000000007,463,0,0,2,0,0,0,0,0,0,0
21.05000000000007,484,0,0,0,0,0,0,0,0,0,0
21.100000000000072,514,0,0,1,0,0,0,0,0,0,0
21.150000000000073,448,0,0,0,0,0,0,0,0,0,0
21.200000000000074,515,0,0,0,0,0,0,0,0,0,0
21.250000000000075,500,0,0,0,0,0,0,0,0,0,0
21.300000000000075,487,0,0,0,0,0,0,0,0,0,0
21.350000000000076,446,0,0,1,0,0,0,0,0,0,0
21.400000000000077,479,0,0,0,0,0,0,0,0,0,0
21.450000000000077,468,0,0,1,0,0,0,0,0,0,0
21.500000000000078,472,0,0,0,0,0,0,0,0,0,0
21.55000000000008,503,0,0,0,0,0,0,0,0,0,0
21.60000000000008,474,0,0,0,0,0,0,0,0,0,0
21.65000000000008,456,0,0,0,0,0,0,0,0,0,0
21.70000000000008,513,0,0,0,0,0,0,0,0,0,0
21.75000000000008,472,0,0,0,0,0,0,0,0,0,0
21.800000000000082,478,0,0,0,0,0,0,0,0,0,0
21.850000000000083,516,0,0,0,0,0,0,0,0,0,0
21.900000000000084,474,0,0,0,0,0,0,0,0,0,0
21.950000000000085,489,0,0,0,0,0,0,0,0,0,0
22.000000000000085,457,0,0,0,0,0,0,0,0,0,0
22.050000000000086,497,0,0,0,0,0,0,0,0,0,0
22.100000000000087,465,0,0,0,0,0,0,0,0,0,0
22.150000000000087,485,0,0,0,0,0,0,0,0,0,0
22.200000000000088,460,0,0,0,0,0,0,0,0,0,0
22.25000000000009,476,0,0,0,0,0,0,0,0,0,0
22.30000000000009,461,0,0,0,0,0,0,0,0,0,0
22.35000000000009,484,0,0,0,0,0,0,0,0,0,0
22.40000000000009,498,0,0,0,0,0,0,0,0,0,0
22.45000000000009,487,0,0,0,0,0,0,0,0,0,0
22.500000000000092,457,0,0,0,0,0,0,0,0,0,0
22.550000000000093,496,0,0,0,0,0,0,0,0,0,0
22.600000000000094,503,0,0,0,0,0,0,0,0,0,0
22.650000000000095,448,0,0,0,0,0,0,0,0,0,0
22.700000000000095,465,0,0,0,0,0,0,0,0,0,0
22.750000000000096,473,0,0,0,0,0,0,0,0,0,0
22.800000000000097,491,0,0,0,0,0,0,0,0,0,0
22.850000000000097,485,0,0,0,0,0,0,0,0,0,0
22.900000000000098,466,0,0,0,0,0,0,0,0,0,0
22.9500000000001,521,0,0,0,0,0,0,0,0,0,0
23.0000000000001,457,0,0,0,0,0,0,0,0,0,0
23.0500000000001,444,0,0,0,0,0,0,0,0,0,0
23.1000000000001,518,0,0,0,0,0,0,0,0,0,0
23.1500000000001,483,0,0,0,0,0,0,0,0,0,0
23.200000000000102,458,0,0,0,0,0,0,0,0,0,0
23.250000000000103,492,0,0,0,0,0,0,0,0,0,0
23.300000000000104,479,0,0,0,0,0,0,0,0,0,0
23.350000000000104,499,0,0,0,0,0,0,0,0,0,0
23.400000000000105,450,0,0,0,0,0,0,0,0,0,0
23.450000000000106,503,0,0,0,0,0,0,0,0,0,0
23.500000000000107,494,0,0,0,0,0,0,0,0,0,0
23.550000000000107,446,0,0,0,0,0,0,0,0,0,0
23.600000000000108,470,0,0,0,0,0,0,0,0,0,0
23.65000000000011,471,0,0,0,0,0,0,0,0,0,0
23.70000000000011,505,0,0,0,0,0,0,0,0,0,0
23.75000000000011,447,0,0,0,0,0,0,0,0,0,0
23.80000000000011,471,0,0,0,0,0,0,0,0,0,0
23.85000000000011,504,0,0,0,0,0,0,0,0,0,0
23.900000000000112,456,0,0,0,0,0,0,0,0,0,0
23.950000000000113,484,0,0,0,0,0,0,0,0,0,0
24.000000000000114,487,0,0,0,0,0,0,0,0,0,0
24.050000000000114,480,0,0,0,0,0,0,0,0,0,0
24.100000000000115,485,0,0,0,0,0,0,0,0,0,0
24.150000000000116,472,0,0,0,0,0,0,0,0,0,0
24.200000000000117,488,0,0,0,0,0,0,0,0,0,0
24.250000000000117,464,0,0,0,0,0,0,0,0,0,0
24.300000000000118,452,0,0,0,0,0,0,0,0,0,0
24.35000000000012,513,0,0,0,0,0,0,0,0,0,0
24.40000000000012,508,0,0,0,0,0,0,0,0,0,0
24.45000000000012,505,0,0,0,0,0,0,0,0,0,0
24.50000000000012,428,0,0,0,0,0,0,0,0,0,0
24.55000000000012,454,0,0,0,0,0,0,0,0,0,0
24.600000000000122,470,0,0,0,0,0,0,0,0,0,0
24.650000000000123,446,0,0,0,0,0,0,0,0,0,0
24.700000000000124,502,0,0,0,0,0,0,0,0,0,0
24.750000000000124,513,0,0,0,0,0,0,0,0,0,0
24.800000000000125,475,0,0,0,0,0,0,0,0,0,0
24.850000000000126,467,0,0,0,0,0,0,0,0,0,0
24.900000000000126,496,0,0,0,0,0,0,0,0,0,0
24.950000000000127,488,0,0,0,0,0,0,0,0,0,0
25.000000000000128,462,0,0,0,0,0,0,0,0,0,0
25.05000000000013,453,0,0,0,0,0,0,0,0,0,0
25.10000000000013,499,0,0,0,0,0,0,0,0,0,0
25.15000000000013,463,0,0,0,0,0,0,0,0,0,0
25.20000000000013,514,0,0,0,0,0,0,0,0,0,0
25.25000000000013,496,0,0,0,0,0,0,0,0,0,0
25.300000000000132,482,0,0,0,0,0,0,0,0,0,0
25.350000000000133,442,0,0,0,0,0,0,0,0,0,0
25.400000000000134,454,0,0,0,0,0,0,0,0,0,0
25.450000000000134,493,0,0,0,0,0,0,0,0,0,0
25.500000000000135,487,0,0,0,0,0,0,0,0,0,0
25.550000000000136,506,0,0,0,0,0,0,0,0,0,0
25.600000000000136,489,0,0,0,0,0,0,0,0,0,0
25.650000000000137,463,0,0,0,0,0,0,0,0,0,0
25.700000000000138,502,0,0,0,0,0,0,0,0,0,0
25.75000000000014,467,0,0,0,0,0,0,0,0,0,0
25.80000000000014,474,0,0,0,0,0,0,0,0,0,0
25.85000000000014,484,0,0,0,0,0,0,0,0,0,0
25.90000000000014,520,0,0,0,0,0,0,0,0,0,0
25.95000000000014,451,0,0,0,0,0,0,0,0,0,0
26.000000000000142,503,0,0,0,0,0,0,0,0,0,0
26.050000000000143,450,0,0,0,0,0,0,0,0,0,0
26.100000000000144,476,0,0,0,0,0,0,0,0,0,0
26.150000000000144,485,0,0,0,0,0,0,0,0,0,0
26.200000000000145,488,0,0,0,0,0,0,0,0,0,0
26.250000000000146,449,0,0,0,0,0,0,0,0,0,0
26.300000000000146,482,0,0,0,0,0,0,0,0,0,0
26.350000000000147,503,0,0,0,0,0,0,0,0,0,0
26.400000000000148,479,0,0,0,0,0,0,0,0,0,0
26.45000000000015,509,0,0,0,0,0,0,0,0,0,0
26.50000000000015,479,0,0,0,0,0,0,0,0,0,0
26.55000000000015,455,0,0,0,0,0,0,0,0,0,0
26.60000000000015,478,0,0,0,0,0,0,0,0,0,0
26.65000000000015,506,0,0,0,0,0,0,0,0,0,0
26.700000000000152,466,0,0,0,0,0,0,0,0,0,0
26.750000000000153,463,0,0,0,0,0,0,0,0,0,0
26.800000000000153,494,0,0,0,0,0,0,0,0,0,0
26.850000000000154,484,0,0,0,0,0,0,0,0,0,0
26.900000000000155,503,0,0,0,0,0,0,0,0,0,0
26.950000000000156,460,0,0,0,0,0,0,0,0,0,0
27.000000000000156,449,0,0,0,0,0,0,0,0,0,0
27.050000000000157,485,0,0,0,0,0,0,0,0,0,0
27.100000000000158,440,0,0,0,0,0,0,0,0,0,0
27.15000000000016,513,0,0,0,0,0,0,0,0,0,0
27.20000000000016,475,0,0,0,0,0,0,0,0,0,0
27.25000000000016,512,0,0,0,0,0,0,0,0,0,0
27.30000000000016,463,0,0,0,0,0,0,0,0,0,0
27.35000000000016,499,0,0,0,0,0,0,0,0,0,0
27.400000000000162,450,0,0,0,0,0,0,0,0,0,0
27.450000000000163,484,0,0,0,0,0,0,0,0,0,0
27.500000000000163,509,0,0,0,0,0,0,0,0,0,0
27.550000000000164,468,0,0,0,0,0,0,0,0,0,0
27.600000000000165,504,0,0,0,0,0,0,0,0,0,0
27.650000000000166,480,0,0,0,0,0,0,0,0,0,0
27.700000000000166,447,0,0,0,0,0,0,0,0,0,0
27.750000000000167,489,0,0,0,0,0,0,0,0,0,0
27.800000000000168,478,0,0,0,0,0,0,0,0,0,0
27.85000000000017,486,0,0,0,0,0,0,0,0,0,0
27.90000000000017,452,0,0,0,0,0,0,0,0,0,0
27.95000000000017,515,0,0,0,0,0,0,0,0,0,0
28.00000000000017,513,0,0,0,0,0,0,0,0,0,0
28.05000000000017,438,0,0,0,0,0,0,0,0,0,0
28.100000000000172,478,0,0,0,0,0,0,0,0,0,0
28.150000000000173,450,0,0,0,0,0,0,0,0,0,0
28.200000000000173,480,0,0,0,0,0,0,0,0,0,0
28.250000000000174,508,0,0,0,0,0,0,0,0,0,0
28.300000000000175,522,0,0,0,0,0,0,0,0,0,0
28.350000000000176,495,0,0,0,0,0,0,0,0,0,0
28.400000000000176,446,0,0,0,0,0,0,0,0,0,0
28.450000000000177,492,0,0,0,0,0,0,0,0,0,0
28.500000000000178,471,0,0,0,0,0,0,0,0,0,0
28.55000000000018,455,0,0,0,0,0,0,0,0,0,0
28.60000000000018,483,0,0,0,0,0,0,0,0,0,0
28.65000000000018,445,0,0,0,0,0,0,0,0,0,0
28.70000000000018,475,0,0,0,0,0,0,0,0,0,0
28.75000000000018,503,0,0,0,0,0,0,0,0,0,0
28.800000000000182,472,0,0,0,0,0,0,0,0,0,0
28.850000000000183,472,0,0,0,0,0,0,0,0,0,0
28.900000000000183,526,0,0,0,0,0,0,0,0,0,0
28.950000000000184,442,0,0,0,0,0,0,0,0,0,0
29.000000000000185,465,0,0,0,0,0,0,0,0,0,0
29.050000000000185,492,0,0,0,0,0,0,0,0,0,0
29.100000000000186,502,0,0,0,0,0,0,0,0,0,0
29.150000000000187,449,0,0,0,0,0,0,0,0,0,0
29.200000000000188,455,0,0,0,0,0,0,0,0,0,0
29.25000000000019,487,0,0,0,0,0,0,0,0,0,0
29.30000000000019,551,0,0,0,0,0,0,0,0,0,0
29.35000000000019,468,0,0,0,0,0,0,0,0,0,0
29.40000000000019,445,0,0,0,0,0,0,0,0,0,0
29.45000000000019,498,0,0,0,0,0,0,0,0,0,0
29.500000000000192,505,0,0,0,0,0,0,0,0,0,0
29.550000000000193,460,0,0,0,0,0,0,0,0,0,0
29.600000000000193,474,0,0,0,0,0,0,0,0,0,0
29.650000000000194,468,0,0,0,0,0,0,0,0,0,0
29.700000000000195,506,0,0,0,0,0,0,0,0,0,0
29.750000000000195,474,0,0,0,0,0,0,0,0,0,0
29.800000000000196,456,0,0,0,0,0,0,0,0,0,0
29.850000000000197,501,0,0,0,0,0,0,0,0,0,0
29.900000000000198,472,0,0,0,0,0,0,0,0,0,0
29.9500000000002,501,0,0,0,0,0,0,0,0,0,0
30.0000000000002,491,0,0,0,0,0,0,0,0,0,0
30.0500000000002,515,0,0,0,0,0,0,0,0,0,0
30.1000000000002,476,0,0,0,0,0,0,0,0,0,0
30.1500000000002,474,0,0,0,0,0,0,0,0,0,0
30.200000000000202,466,0,0,0,0,0,0,0,0,0,0
30.250000000000203,489,0,0,0,0,0,0,0,0,0,0
30.300000000000203,471,0,0,0,0,0,0,0,0,0,0
30.350000000000204,505,0,0,0,0,0,0,0,0,0,0
30.400000000000205,479,0,0,0,0,0,0,0,0,0,0
30.450000000000205,494,0,0,0,0,0,0,0,0,0,0
30.500000000000206,493,0,0,0,0,0,0,0,0,0,0
30.550000000000207,467,0,0,0,0,0,0,0,0,0,0
30.600000000000207,509,0,0,0,0,0,0,0,0,0,0
30.650000000000208,496,0,0,0,0,0,0,0,0,0,0
30.70000000000021,509,0,0,0,0,0,0,0,0,0,0
30.75000000000021,460,0,0,0,0,0,0,0,0,0,0
30.80000000000021,527,0,0,0,0,0,0,0,0,0,0
30.85000000000021,455,0,0,0,0,0,0,0,0,0,0
30.90000000000021,477,0,0,0,0,0,0,0,0,0,0
30.950000000000212,427,0,0,0,0,0,0,0,0,0,0
31.000000000000213,444,0,0,0,0,0,0,0,0,0,0
31.050000000000214,518,0,0,0,0,0,0,0,0,0,0
31.100000000000215,458,0,0,0,0,0,0,0,0,0,0
31.150000000000215,491,0,0,0,0,0,0,0,0,0,0
31.200000000000216,503,0,0,0,0,0,0,0,0,0,0
31.250000000000217,497,0,0,0,0,0,0,0,0,0,0
31.300000000000217,498,0,0,0,0,0,0,0,0,0,0
31.350000000000218,491,0,0,0,0,0,0,0,0,0,0
31.40000000000022,502,0,0,0,0,0,0,0,0,0,0
31.45000000000022,518,0,0,0,0,0,0,0,0,0,0
31.50000000000022,485,0,0,0,0,0,0,0,0,0,0
31.55000000000022,481,0,0,0,0,0,0,0,0,0,0
31.60000000000022,506,0,0,0,0,0,0,0,0,0,0
31.650000000000222,462,0,0,0,0,0,0,0,0,0,0
31.700000000000223,509,0,0,0,0,0,0,0,0,0,0
31.750000000000224,474,0,0,0,0,0,0,0,0,0,0
31.800000000000225,499,0,0,0,0,0,0,0,0,0,0
31.850000000000225,451,0,0,0,0,0,0,0,0,0,0
31.900000000000226,464,0,0,0,0,0,0,0,0,0,0
31.950000000000227,487,0,0,0,0,0,0,0,0,0,0
32.00000000000023,469,0,0,0,0,0,0,0,0,0,0
32.050000000000225,355,0,0,0,0,0,0,0,0,0,0
32.10000000000022,327,0,0,0,0,0,0,0,0,0,0
32.15000000000022,285,0,0,0,0,0,0,0,0,0,0
32.200000000000216,225,0,0,0,0,0,0,0,0,0,0
32.25000000000021,135,0,0,0,0,0,0,0,0,0,0
32.30000000000021,97,0,0,0,0,0,0,0,0,0,0
32.35000000000021,27,0,0,0,0,0,0,0,0,0,0
32.400000000000205,0,0,0,0,0,0,0,0,0,0,0
32.4500000000002,0,0,0,0,0,0,0,0,0,0,0
32.5000000000002,0,0,0,0,0,0,0,0,0,0,0
32.550000000000196,0,0,0,0,0,0,0,0,0,0,0
32.60000000000019,0,0,0,0,0,0,0,0,0,0,0
32.65000000000019,0,0,0,0,0,0,0,0,0,0,0
32.70000000000019,0,0,0,0,0,0,0,0,0,0,0
32.750000000000185,0,0,0,0,0,0,0,0,0,0,0
32.80000000000018,0,0,0,0,0,0,0,0,0,0,0
32.85000000000018,0,0,0,0,0,0,0,0,0,0,0
32.900000000000176,0,0,0,0,0,0,0,0,0,0,0
32.95000000000017,0,0,0,0,0,0,0,0,0,0,0
33.00000000000017,0,0,0,0,0,0,0,0,0,0,0
33.05000000000017,0,0,0,0,0,0,0,0,0,0,0
33.100000000000165,0,0,0,0,0,0,0,0,0,0,0
33.15000000000016,0,0,0,0,0,0,0,0,0,0,0
33.20000000000016,0,0,0,0,0,0,0,0,0,0,0
33.250000000000156,0,0,0,0,0,0,0,0,0,0,0
33.30000000000015,0,0,0,0,0,0,0,0,0,0,0
33.35000000000015,0,0,0,0,0,0,0,0,0,0,0
33.40000000000015,0,0,0,0,0,0,0,0,0,0,0
33.450000000000145,0,0,0,0,0,0,0,0,0,0,0
33.50000000000014,0,0,0,0,0,0,0,0,0,0,0
33.55000000000014,0,0,0,0,0,0,0,0,0,0,0
33.600000000000136,0,0,0,0,0,0,0,0,0,0,0
33.650000000000134,0,0,0,0,0,0,0,0,0,0,0
33.70000000000013,0,0,0,0,0,0,0,0,0,0,0
33.75000000000013,0,0,0,0,0,0,0,0,0,0,0
33.800000000000125,0,0,0,0,0,0,0,0,0,0,0
33.85000000000012,0,0,0,0,0,0,0,0,0,0,0
33.90000000000012,0,0,0,0,0,0,0,0,0,0,0
33.95000000000012,0,0,0,0,0,0,0,0,0,0,0
34.000000000000114,0,0,0,0,0,0,0,0,0,0,0
34.05000000000011,0,0,0,0,0,0,0,0,0,0,0
34.10000000000011,0,0,0,0,0,0,0,0,0,0,0
34.150000000000105,0,0,0,0,0,0,0,0,0,0,0
34.2000000000001,0,0,0,0,0,0,0,0,0,0,0
34.2500000000001,0,0,0,0,0,0,0,0,0,0,0
34.3000000000001,0,0,0,0,0,0,0,0,0,0,0
34.350000000000094,0,0,0,0,0,0,0,0,0,0,0
34.40000000000009,0,0,0,0,0,0,0,0,0,0,0
34.45000000000009,0,0,0,0,0,0,0,0,0,0,0
34.500000000000085,0,0,0,0,0,0,0,0,0,0,0
34.55000000000008,0,0,0,0,0,0,0,0,0,0,0
34.60000000000008,0,0,0,0,0,0,0,0,0,0,0
34.65000000000008,0,0,0,0,0,0,0,0,0,0,0
34.700000000000074,0,0,0,0,0,0,0,0,0,0,0
34.75000000000007,0,0,0,0,0,0,0,0,0,0,0
34.80000000000007,0,0,0,0,0,0,0,0,0,0,0
34.850000000000065,0,0,0,0,0,0,0,0,0,0,0
34.90000000000006,0,0,0,0,0,0,0,0,0,0,0
34.95000000000006,0,0,0,0,0,0,0,0,0,0,0
35.00000000000006,0,0,0,0,0,0,0,0,0,0,0
35.050000000000054,0,0,0,0,0,0,0,0,0,0,0
35.10000000000005,0,0,0,0,0,0,0,0,0,0,0
35.15000000000005,0,0,0,0,0,0,0,0,0,0,0
35.200000000000045,0,0,0,0,0,0,0,0,0,0,0
35.25000000000004,0,0,0,0,0,0,0,0,0,0,0
35.30000000000004,0,0,0,0,0,0,0,0,0,0,0
35.35000000000004,0,0,0,0,0,0,0,0,0,0,0
35.400000000000034,0,0,0,0,0,0,0,0,0,0,0
35.45000000000003,0,0,0,0,0,0,0,0,0,0,0
35.50000000000003,0,0,0,0,0,0,0,0,0,0,0
35.550000000000026,0,0,0,0,0,0,0,0,0,0,0
35.60000000000002,0,0,0,0,0,0,0,0,0,0,0
35.65000000000002,0,0,0,0,0,0,0,0,0,0,0
35.70000000000002,0,0,0,0,0,0,0,0,0,0,0
35.750000000000014,0,0,0,0,0,0,0,0,0,0,0
35.80000000000001,0,0,0,0,0,0,0,0,0,0,0
35.85000000000001,0,0,0,0,0,0,0,0,0,0,0
35.900000000000006,0,0,0,0,0,0,0,0,0,0,0
35.95,0,0,0,0,0,0,0,0,0,0,0
36.0,0,0,0,0,0,0,0,0,0,0,0
36.05,0,0,0,0,0,0,0,0,0,0,0
36.099999999999994,0,0,0,0,0,0,0,0,0,0,0
36.14999999999999,0,0,0,0,0,0,0,0,0,0,0
36.19999999999999,0,0,0,0,0,0,0,0,0,0,0
36.249999999999986,0,0,0,0,0,0,0,0,0,0,0
36.29999999999998,0,0,0,0,0,0,0,0,0,0,0
36.34999999999998,0,0,0,0,0,0,0,0,0,0,0
36.39999999999998,0,0,0,0,0,0,0,0,0,0,0
36.449999999999974,0,0,0,0,0,0,0,0,0,0,0
36.49999999999997,0,0,0,0,0,0,0,0,0,0,0
36.54999999999997,0,0,0,0,0,0,0,0,0,0,0
36.599999999999966,0,0,0,0,0,0,0,0,0,0,0
36.64999999999996,0,0,0,0,0,0,0,0,0,0,0
36.69999999999996,0,0,0,0,0,0,0,0,0,0,0
36.74999999999996,0,0,0,0,0,0,0,0,0,0,0
36.799999999999955,0,0,0,0,0,0,0,0,0,0,0
36.84999999999995,0,0,0,0,0,0,0,0,0,0,0
36.89999999999995,0,0,0,0,0,0,0,0,0,0,0
36.949999999999946,0,0,0,0,0,0,0,0,0,0,0
36.99999999999994,0,0,0,0,0,0,0,0,0,0,0
37.04999999999994,0,0,0,0,0,0,0,0,0,0,0
37.09999999999994,0,0,0,0,0,0,0,0,0,0,0
37.149999999999935,0,0,0,0,0,0,0,0,0,0,0
37.19999999999993,0,0,0,0,0,0,0,0,0,0,0
37.24999999999993,0,0,0,0,0,0,0,0,0,0,0
37.299999999999926,0,0,0,0,0,0,0,0,0,0,0
37.34999999999992,0,0,0,0,0,0,0,0,0,0,0
37.39999999999992,0,0,0,0,0,0,0,0,0,0,0
37.44999999999992,0,0,0,0,0,0,0,0,0,0,0
37.499999999999915,0,0,0,0,0,0,0,0,0,0,0
37.54999999999991,0,0,0,0,0,0,0,0,0,0,0
37.59999999999991,0,0,0,0,0,0,0,0,0,0,0
37.649999999999906,0,0,0,0,0,0,0,0,0,0,0
37.6999999999999,0,0,0,0,0,0,0,0,0,0,0
37.7499999999999,0,0,0,0,0,0,0,0,0,0,0
37.7999999999999,0,0,0,0,0,0,0,0,0,0,0
37.849999999999895,0,0,0,0,0,0,0,0,0,0,0
37.89999999999989,0,0,0,0,0,0,0,0,0,0,0
37.94999999999989,0,0,0,0,0,0,0,0,0,0,0
37.999999999999886,0,0,0,0,0,0,0,0,0,0,0
38.04999999999988,0,0,0,0,0,0,0,0,0,0,0
38.09999999999988,0,0,0,0,0,0,0,0,0,0,0
38.14999999999988,0,0,0,0,0,0,0,0,0,0,0
38.199999999999875,0,0,0,0,0,0,0,0,0,0,0
38.24999999999987,0,0,0,0,0,0,0,0,0,0,0
38.29999999999987,0,0,0,0,0,0,0,0,0,0,0
38.349999999999866,0,0,0,0,0,0,0,0,0,0,0
38.399999999999864,0,0,0,0,0,0,0,0,0,0,0
38.44999999999986,0,0,0,0,0,0,0,0,0,0,0
38.49999999999986,0,0,0,0,0,0,0,0,0,0,0
38.549999999999855,0,0,0,0,0,0,0,0,0,0,0
38.59999999999985,0,0,0,0,0,0,0,0,0,0,0
38.64999999999985,0,0,0,0,0,0,0,0,0,0,0
38.69999999999985,0,0,0,0,0,0,0,0,0,0,0
38.749999999999844,0,0,0,0,0,0,0,0,0,0,0
38.79999999999984,0,0,0,0,0,0,0,0,0,0,0
38.84999999999984,0,0,0,0,0,0,0,0,0,0,0
38.899999999999835,0,0,0,0,0,0,0,0,0,0,0
38.94999999999983,0,0,0,0,0,0,0,0,0,0,0
38.99999999999983,0,0,0,0,0,0,0,0,0,0,0
39.04999999999983,0,0,0,0,0,0,0,0,0,0,0
39.099999999999824,0,0,0,0,0,0,0,0,0,0,0
39.14999999999982,0,0,0,0,0,0,0,0,0,0,0
39.19999999999982,0,0,0,0,0,0,0,0,0,0,0
39.249999999999815,0,0,0,0,0,0,0,0,0,0,0
39.29999999999981,0,0,0,0,0,0,0,0,0,0,0
39.34999999999981,0,0,0,0,0,0,0,0,0,0,0
39.39999999999981,0,0,0,0,0,0,0,0,0,0,0
39.449999999999804,0,0,0,0,0,0,0,0,0,0,0
39.4999999999998,0,0,0,0,0,0,0,0,0,0,0
39.5499999999998,0,0,0,0,0,0,0,0,0,0,0
39.599999999999795,0,0,0,0,0,0,0,0,0,0,0
39.64999999999979,0,0,0,0,0,0,0,0,0,0,0
39.69999999999979,0,0,0,0,0,0,0,0,0,0,0
39.74999999999979,0,0,0,0,0,0,0,0,0,0,0
39.799999999999784,0,0,0,0,0,0,0,0,0,0,0
39.84999999999978,0,0,0,0,0,0,0,0,0,0,0
39.89999999999978,0,0,0,0,0,0,0,0,0,0,0
39.949999999999775,0,0,0,0,0,0,0,0,0,0,0
39.99999999999977,0,0,0,0,0,0,0,0,0,0,0
40.04999999999977,0,0,0,0,0,0,0,0,0,0,0
40.09999999999977,0,0,0,0,0,0,0,0,0,0,0
40.149999999999764,0,0,0,0,0,0,0,0,0,0,0
40.19999999999976,0,0,0,0,0,0,0,0,0,0,0
40.24999999999976,0,0,0,0,0,0,0,0,0,0,0
40.299999999999756,0,0,0,0,0,0,0,0,0,0,0
40.34999999999975,0,0,0,0,0,0,0,0,0,0,0
40.39999999999975,0,0,0,0,0,0,0,0,0,0,0
40.44999999999975,0,0,0,0,0,0,0,0,0,0,0
40.499999999999744,0,0,0,0,0,0,0,0,0,0,0
40.54999999999974,0,0,0,0,0,0,0,0,0,0,0
40.59999999999974,0,0,0,0,0,0,0,0,0,0,0
40.649999999999736,0,0,0,0,0,0,0,0,0,0,0
40.69999999999973,0,0,0,0,0,0,0,0,0,0,0
40.74999999999973,0,0,0,0,0,0,0,0,0,0,0
40.79999999999973,0,0,0,0,0,0,0,0,0,0,0
40.849999999999724,0,0,0,0,0,0,0,0,0,0,0
40.89999999999972,0,0,0,0,0,0,0,0,0,0,0
40.94999999999972,0,0,0,0,0,0,0,0,0,0,0
40.999999999999716,0,0,0,0,0,0,0,0,0,0,0
41.04999999999971,0,0,0,0,0,0,0,0,0,0,0
41.09999999999971,0,0,0,0,0,0,0,0,0,0,0
41.14999999999971,0,0,0,0,0,0,0,0,0,0,0
41.199999999999704,0,0,0,0,0,0,0,0,0,0,0
41.2499999999997,0,0,0,0,0,0,0,0,0,0,0
41.2999999999997,0,0,0,0,0,0,0,0,0,0,0
41.349999999999696,0,0,0,0,0,0,0,0,0,0,0
41.39999999999969,0,0,0,0,0,0,0,0,0,0,0
41.44999999999969,0,0,0,0,0,0,0,0,0,0,0
41.49999999999969,0,0,0,0,0,0,0,0,0,0,0
41.549999999999685,0,0,0,0,0,0,0,0,0,0,0
*****
16,0.05,500,0.3,0.7,10,100,0.39276599448899996,0.1280509099671
16,500,500,500,498,500,0,0,0,0,0,0
16.05,487,487,487,486,487,0,0,0,0,0,0
16.1,523,523,523,521,523,0,0,0,0,0,0
16.150000000000002,524,524,524,523,524,0,0,0,0,0,0
16.200000000000003,500,500,500,497,500,0,0,0,0,0,0
16.250000000000004,513,513,513,513,513,0,0,0,0,0,0
16.300000000000004,527,527,527,525,527,0,0,0,0,0,0
16.350000000000005,550,550,550,548,550,0,0,0,0,0,0
16.400000000000006,502,502,502,500,502,0,0,0,0,0,0
16.450000000000006,507,507,506,504,507,0,0,0,0,0,0
16.500000000000007,516,516,516,512,516,0,0,0,0,0,0
16.550000000000008,533,533,533,531,533,0,0,0,0,0,0
16.60000000000001,534,534,534,533,534,0,0,0,0,0,0
16.65000000000001,515,515,515,508,515,0,0,0,0,0,0
16.70000000000001,516,516,516,513,516,0,0,0,0,0,0
16.75000000000001,509,509,508,501,509,0,0,0,0,0,0
16.80000000000001,506,506,506,497,506,0,0,0,0,0,0
16.850000000000012,553,552,553,545,553,0,0,0,0,0,0
16.900000000000013,487,487,487,481,487,0,0,0,0,0,0
16.950000000000014,519,518,517,511,518,0,0,0,0,0,0
17.000000000000014,533,531,532,526,533,0,0,0,0,0,0
17.050000000000015,478,473,473,468,477,0,0,0,0,0,0
17.100000000000016,511,510,510,502,511,0,0,0,0,0,0
17.150000000000016,507,506,506,492,507,0,0,0,0,0,0
17.200000000000017,559,555,555,540,559,0,0,0,0,0,0
17.250000000000018,502,491,494,489,500,0,0,0,0,0,0
17.30000000000002,543,536,538,517,541,0,0,0,0,0,0
17.35000000000002,508,500,501,497,506,0,0,0,0,0,0
17.40000000000002,492,481,482,478,487,0,0,0,0,0,0
17.45000000000002,515,493,500,491,507,0,0,0,0,0,0
17.50000000000002,516,498,501,489,509,0,0,0,0,0,0
17.550000000000022,519,501,506,491,514,0,0,0,0,0,0
17.600000000000023,528,503,506,502,520,0,0,0,0,0,0
17.650000000000023,525,504,506,490,517,0,0,0,0,0,0
17.700000000000024,526,497,500,497,515,0,0,0,0,0,0
17.750000000000025,540,505,510,505,528,0,0,0,0,0,0
17.800000000000026,524,489,488,495,513,0,0,0,0,0,0
17.850000000000026,490,442,443,463,468,0,0,0,0,0,0
17.900000000000027,515,477,482,464,500,0,0,0,0,0,0
17.950000000000028,521,447,449,477,484,0,0,0,0,0,0
18.00000000000003,555,470,480,490,514,0,0,0,0,0,0
18.05000000000003,503,439,444,458,471,0,0,0,0,0,0
18.10000000000003,511,431,441,457,476,0,0,0,0,0,0
18.15000000000003,491,392,396,432,439,0,0,0,0,0,0
18.20000000000003,508,403,413,449,455,0,0,0,0,0,0
18.250000000000032,528,418,413,457,461,0,0,0,0,0,0
18.300000000000033,492,361,377,432,418,0,0,0,0,0,0
18.350000000000033,526,378,390,460,438,0,0,0,0,0,0
18.400000000000034,504,366,379,419,416,0,0,0,0,0,0
18.450000000000035,559,376,401,450,448,0,0,0,0,0,0
18.500000000000036,550,353,377,456,428,0,0,0,0,0,0
18.550000000000036,510,317,347,402,386,0,0,0,0,0,0
18.600000000000037,516,326,347,415,397,0,0,0,0,0,0
18.650000000000038,521,307,324,392,366,0,0,0,0,0,0
18.70000000000004,502,290,292,370,343,0,0,0,0,0,0
18.75000000000004,510,265,281,379,339,0,0,0,0,0,0
18.80000000000004,501,257,279,355,323,0,0,0,0,0,0
18.85000000000004,525,266,284,365,336,0,0,0,0,0,0
18.90000000000004,533,249,273,352,316,0,0,0,0,0,0
18.950000000000042,478,208,218,316,265,0,0,0,0,0,0
19.000000000000043,543,214,241,350,294,0,0,0,0,0,0
19.050000000000043,536,214,236,323,287,0,0,0,0,0,0
19.100000000000044,516,170,191,283,229,0,0,0,0,0,0
19.150000000000045,538,178,208,300,250,0,0,0,0,0,0
19.200000000000045,508,165,198,281,245,0,0,0,0,0,0
19.250000000000046,521,150,166,271,212,0,0,0,0,0,0
19.300000000000047,491,128,162,252,203,0,0,0,0,0,0
19.350000000000048,505,119,131,228,178,0,0,0,0,0,0
19.40000000000005,500,110,126,241,166,0,0,0,0,0,0
19.45000000000005,538,100,133,227,171,0,0,0,0,0,0
19.50000000000005,526,117,127,214,169,0,0,0,0,0,0
19.55000000000005,534,98,113,197,152,0,0,0,0,0,0
19.60000000000005,543,87,104,185,137,0,0,0,0,0,0
19.650000000000052,500,67,91,163,123,0,0,0,0,0,0
19.700000000000053,498,61,74,155,105,0,0,0,0,0,0
19.750000000000053,525,61,84,155,112,0,0,0,0,0,0
19.800000000000054,473,57,77,142,97,0,0,0,0,0,0
19.850000000000055,534,49,54,101,72,0,0,0,0,0,0
19.900000000000055,554,56,57,113,85,0,0,0,0,0,0
19.950000000000056,492,41,44,92,67,0,0,0,0,0,0
20.000000000000057,547,34,48,95,64,0,0,0,0,0,0
20.050000000000058,491,42,47,86,61,0,0,0,0,0,0
20.10000000000006,507,22,38,66,46,0,0,0,0,0,0
20.15000000000006,524,27,36,91,48,0,0,0,0,0,0
20.20000000000006,529,28,23,65,38,0,0,0,0,0,0
20.25000000000006,525,23,29,65,38,0,0,0,0,0,0
20.30000000000006,501,23,23,54,36,0,0,0,0,0,0
20.350000000000062,499,14,25,42,29,0,0,0,0,0,0
20.400000000000063,512,12,18,36,22,0,0,0,0,0,0
20.450000000000063,487,15,18,43,24,0,0,0,0,0,0
20.500000000000064,511,8,10,27,14,0,0,0,0,0,0
20.550000000000065,553,8,14,32,19,0,0,0,0,0,0
20.600000000000065,539,8,13,20,16,0,0,0,0,0,0
20.650000000000066,523,5,4,22,8,0,0,0,0,0,0
20.700000000000067,530,7,9,29,14,0,0,0,0,0,0
20.750000000000068,493,6,6,16,8,0,0,0,0,0,0
20.800000000000068,511,2,2,12,5,0,0,0,0,0,0
20.85000000000007,523,5,9,18,11,0,0,0,0,0,0
20.90000000000007,511,4,4,10,5,0,0,0,0,0,0
20.95000000000007,506,3,2,9,4,0,0,0,0,0,0
21.00000000000007,511,3,4,5,5,0,0,0,0,0,0
21.05000000000007,511,2,4,8,6,0,0,0,0,0,0
21.100000000000072,517,2,1,6,3,0,0,0,0,0,0
21.150000000000073,553,0,3,4,4,0,0,0,0,0,0
21.200000000000074,508,1,1,4,1,0,0,0,0,0,0
21.250000000000075,497,1,1,3,2,0,0,0,0,0,0
21.300000000000075,506,0,1,3,1,0,0,0,0,0,0
21.350000000000076,535,0,0,3,0,0,0,0,0,0,0
21.400000000000077,517,0,0,1,0,0,0,0,0,0,0
21.450000000000077,547,0,0,0,0,0,0,0,0,0,0
21.500000000000078,505,1,1,2,1,0,0,0,0,0,0
21.55000000000008,472,0,0,1,1,0,0,0,0,0,0
21.60000000000008,542,0,1,1,1,0,0,0,0,0,0
21.65000000000008,512,1,1,2,2,0,0,0,0,0,0
21.70000000000008,523,0,0,1,0,0,0,0,0,0,0
21.75000000000008,548,0,0,1,0,0,0,0,0,0,0
21.800000000000082,498,0,0,0,0,0,0,0,0,0,0
21.850000000000083,499,0,1,1,1,0,0,0,0,0,0
21.900000000000084,526,0,0,0,0,0,0,0,0,0,0
21.950000000000085,469,0,0,0,0,0,0,0,0,0,0
22.000000000000085,533,0,0,0,0,0,0,0,0,0,0
22.050000000000086,515,0,0,0,0,0,0,0,0,0,0
22.100000000000087,554,0,0,0,0,0,0,0,0,0,0
22.150000000000087,522,0,0,0,0,0,0,0,0,0,0
22.200000000000088,537,0,0,0,0,0,0,0,0,0,0
22.25000000000009,509,0,0,0,0,0,0,0,0,0,0
22.30000000000009,499,0,0,0,0,0,0,0,0,0,0
22.35000000000009,473,0,0,0,0,0,0,0,0,0,0
22.40000000000009,496,0,0,0,0,0,0,0,0,0,0
22.45000000000009,510,0,0,0,0,0,0,0,0,0,0
22.500000000000092,522,0,0,0,0,0,0,0,0,0,0
22.550000000000093,542,0,0,0,0,0,0,0,0,0,0
22.600000000000094,520,0,0,0,0,0,0,0,0,0,0
22.650000000000095,541,0,0,0,0,0,0,0,0,0,0
22.700000000000095,515,0,0,0,0,0,0,0,0,0,0
22.750000000000096,511,0,0,0,0,0,0,0,0,0,0
22.800000000000097,556,0,0,0,0,0,0,0,0,0,0
22.850000000000097,479,0,0,0,0,0,0,0,0,0,0
22.900000000000098,532,0,0,0,0,0,0,0,0,0,0
22.9500000000001,473,0,0,0,0,0,0,0,0,0,0
23.0000000000001,528,0,0,0,0,0,0,0,0,0,0
23.0500000000001,533,0,0,0,0,0,0,0,0,0,0
23.1000000000001,507,0,0,0,0,0,0,0,0,0,0
23.1500000000001,537,0,0,0,0,0,0,0,0,0,0
23.200000000000102,507,0,0,0,0,0,0,0,0,0,0
23.250000000000103,542,0,0,0,0,0,0,0,0,0,0
23.300000000000104,524,0,0,0,0,0,0,0,0,0,0
23.350000000000104,508,0,0,0,0,0,0,0,0,0,0
23.400000000000105,469,0,0,0,0,0,0,0,0,0,0
23.450000000000106,499,0,0,0,0,0,0,0,0,0,0
23.500000000000107,530,0,0,0,0,0,0,0,0,0,0
23.550000000000107,536,0,0,0,0,0,0,0,0,0,0
23.600000000000108,522,0,0,0,0,0,0,0,0,0,0
23.65000000000011,567,0,0,0,0,0,0,0,0,0,0
23.70000000000011,490,0,0,0,0,0,0,0,0,0,0
23.75000000000011,507,0,0,0,0,0,0,0,0,0,0
23.80000000000011,491,0,0,0,0,0,0,0,0,0,0
23.85000000000011,516,0,0,0,0,0,0,0,0,0,0
23.900000000000112,482,0,0,0,0,0,0,0,0,0,0
23.950000000000113,510,0,0,0,0,0,0,0,0,0,0
24.000000000000114,544,0,0,0,0,0,0,0,0,0,0
24.050000000000114,527,0,0,0,0,0,0,0,0,0,0
24.100000000000115,511,0,0,0,0,0,0,0,0,0,0
24.150000000000116,508,0,0,0,0,0,0,0,0,0,0
24.200000000000117,532,0,0,0,0,0,0,0,0,0,0
24.250000000000117,487,0,0,0,0,0,0,0,0,0,0
24.300000000000118,523,0,0,0,0,0,0,0,0,0,0
24.35000000000012,538,0,0,0,0,0,0,0,0,0,0
24.40000000000012,514,0,0,0,0,0,0,0,0,0,0
24.45000000000012,508,0,0,0,0,0,0,0,0,0,0
24.50000000000012,530,0,0,0,0,0,0,0,0,0,0
24.55000000000012,516,0,0,0,0,0,0,0,0,0,0
24.600000000000122,523,0,0,0,0,0,0,0,0,0,0
24.650000000000123,546,0,0,0,0,0,0,0,0,0,0
24.700000000000124,493,0,0,0,0,0,0,0,0,0,0
24.750000000000124,522,0,0,0,0,0,0,0,0,0,0
24.800000000000125,541,0,0,0,0,0,0,0,0,0,0
24.850000000000126,515,0,0,0,0,0,0,0,0,0,0
24.900000000000126,469,0,0,0,0,0,0,0,0,0,0
24.950000000000127,527,0,0,0,0,0,0,0,0,0,0
25.000000000000128,540,0,0,0,0,0,0,0,0,0,0
25.05000000000013,536,0,0,0,0,0,0,0,0,0,0
25.10000000000013,500,0,0,0,0,0,0,0,0,0,0
25.15000000000013,543,0,0,0,0,0,0,0,0,0,0
25.20000000000013,529,0,0,0,0,0,0,0,0,0,0
25.25000000000013,498,0,0,0,0,0,0,0,0,0,0
25.300000000000132,509,0,0,0,0,0,0,0,0,0,0
25.350000000000133,473,0,0,0,0,0,0,0,0,0,0
25.400000000000134,533,0,0,0,0,0,0,0,0,0,0
25.450000000000134,526,0,0,0,0,0,0,0,0,0,0
25.500000000000135,540,0,0,0,0,0,0,0,0,0,0
25.550000000000136,512,0,0,0,0,0,0,0,0,0,0
25.600000000000136,513,0,0,0,0,0,0,0,0,0,0
25.650000000000137,531,0,0,0,0,0,0,0,0,0,0
25.700000000000138,524,0,0,0,0,0,0,0,0,0,0
25.75000000000014,514,0,0,0,0,0,0,0,0,0,0
25.80000000000014,524,0,0,0,0,0,0,0,0,0,0
25.85000000000014,482,0,0,0,0,0,0,0,0,0,0
25.90000000000014,568,0,0,0,0,0,0,0,0,0,0
25.95000000000014,502,0,0,0,0,0,0,0,0,0,0
26.000000000000142,527,0,0,0,0,0,0,0,0,0,0
26.050000000000143,502,0,0,0,0,0,0,0,0,0,0
26.100000000000144,531,0,0,0,0,0,0,0,0,0,0
26.150000000000144,528,0,0,0,0,0,0,0,0,0,0
26.200000000000145,501,0,0,0,0,0,0,0,0,0,0
26.250000000000146,527,0,0,0,0,0,0,0,0,0,0
26.300000000000146,532,0,0,0,0,0,0,0,0,0,0
26.350000000000147,511,0,0,0,0,0,0,0,0,0,0
26.400000000000148,517,0,0,0,0,0,0,0,0,0,0
26.45000000000015,523,0,0,0,0,0,0,0,0,0,0
26.50000000000015,450,0,0,0,0,0,0,0,0,0,0
26.55000000000015,537,0,0,0,0,0,0,0,0,0,0
26.60000000000015,544,0,0,0,0,0,0,0,0,0,0
26.65000000000015,562,0,0,0,0,0,0,0,0,0,0
26.700000000000152,531,0,0,0,0,0,0,0,0,0,0
26.750000000000153,510,0,0,0,0,0,0,0,0,0,0
26.800000000000153,468,0,0,0,0,0,0,0,0,0,0
26.850000000000154,541,0,0,0,0,0,0,0,0,0,0
26.900000000000155,506,0,0,0,0,0,0,0,0,0,0
26.950000000000156,499,0,0,0,0,0,0,0,0,0,0
27.000000000000156,500,0,0,0,0,0,0,0,0,0,0
27.050000000000157,500,0,0,0,0,0,0,0,0,0,0
27.100000000000158,536,0,0,0,0,0,0,0,0,0,0
27.15000000000016,529,0,0,0,0,0,0,0,0,0,0
27.20000000000016,542,0,0,0,0,0,0,0,0,0,0
27.25000000000016,508,0,0,0,0,0,0,0,0,0,0
27.30000000000016,499,0,0,0,0,0,0,0,0,0,0
27.35000000000016,516,0,0,0,0,0,0,0,0,0,0
27.400000000000162,525,0,0,0,0,0,0,0,0,0,0
27.450000000000163,521,0,0,0,0,0,0,0,0,0,0
27.500000000000163,538,0,0,0,0,0,0,0,0,0,0
27.550000000000164,505,0,0,0,0,0,0,0,0,0,0
27.600000000000165,472,0,0,0,0,0,0,0,0,0,0
27.650000000000166,500,0,0,0,0,0,0,0,0,0,0
27.700000000000166,532,0,0,0,0,0,0,0,0,0,0
27.750000000000167,539,0,0,0,0,0,0,0,0,0,0
27.800000000000168,494,0,0,0,0,0,0,0,0,0,0
27.85000000000017,549,0,0,0,0,0,0,0,0,0,0
27.90000000000017,531,0,0,0,0,0,0,0,0,0,0
27.95000000000017,493,0,0,0,0,0,0,0,0,0,0
28.00000000000017,514,0,0,0,0,0,0,0,0,0,0
28.05000000000017,489,0,0,0,0,0,0,0,0,0,0
28.100000000000172,493,0,0,0,0,0,0,0,0,0,0
28.150000000000173,536,0,0,0,0,0,0,0,0,0,0
28.200000000000173,508,0,0,0,0,0,0,0,0,0,0
28.250000000000174,530,0,0,0,0,0,0,0,0,0,0
28.300000000000175,508,0,0,0,0,0,0,0,0,0,0
28.350000000000176,537,0,0,0,0,0,0,0,0,0,0
28.400000000000176,551,0,0,0,0,0,0,0,0,0,0
28.450000000000177,517,0,0,0,0,0,0,0,0,0,0
28.500000000000178,511,0,0,0,0,0,0,0,0,0,0
28.55000000000018,498,0,0,0,0,0,0,0,0,0,0
28.60000000000018,534,0,0,0,0,0,0,0,0,0,0
28.65000000000018,495,0,0,0,0,0,0,0,0,0,0
28.70000000000018,481,0,0,0,0,0,0,0,0,0,0
28.75000000000018,527,0,0,0,0,0,0,0,0,0,0
28.800000000000182,537,0,0,0,0,0,0,0,0,0,0
28.850000000000183,528,0,0,0,0,0,0,0,0,0,0
28.900000000000183,525,0,0,0,0,0,0,0,0,0,0
28.950000000000184,503,0,0,0,0,0,0,0,0,0,0
29.000000000000185,532,0,0,0,0,0,0,0,0,0,0
29.050000000000185,462,0,0,0,0,0,0,0,0,0,0
29.100000000000186,504,0,0,0,0,0,0,0,0,0,0
29.150000000000187,550,0,0,0,0,0,0,0,0,0,0
29.200000000000188,522,0,0,0,0,0,0,0,0,0,0
29.25000000000019,536,0,0,0,0,0,0,0,0,0,0
29.30000000000019,480,0,0,0,0,0,0,0,0,0,0
29.35000000000019,529,0,0,0,0,0,0,0,0,0,0
29.40000000000019,516,0,0,0,0,0,0,0,0,0,0
29.45000000000019,505,0,0,0,0,0,0,0,0,0,0
29.500000000000192,549,0,0,0,0,0,0,0,0,0,0
29.550000000000193,511,0,0,0,0,0,0,0,0,0,0
29.600000000000193,517,0,0,0,0,0,0,0,0,0,0
29.650000000000194,530,0,0,0,0,0,0,0,0,0,0
29.700000000000195,501,0,0,0,0,0,0,0,0,0,0
29.750000000000195,514,0,0,0,0,0,0,0,0,0,0
29.800000000000196,525,0,0,0,0,0,0,0,0,0,0
29.850000000000197,537,0,0,0,0,0,0,0,0,0,0
29.900000000000198,488,0,0,0,0,0,0,0,0,0,0
29.9500000000002,510,0,0,0,0,0,0,0,0,0,0
30.0000000000002,513,0,0,0,0,0,0,0,0,0,0
30.0500000000002,482,0,0,0,0,0,0,0,0,0,0
30.1000000000002,541,0,0,0,0,0,0,0,0,0,0
30.1500000000002,551,0,0,0,0,0,0,0,0,0,0
30.200000000000202,525,0,0,0,0,0,0,0,0,0,0
30.250000000000203,512,0,0,0,0,0,0,0,0,0,0
30.300000000000203,513,0,0,0,0,0,0,0,0,0,0
30.350000000000204,553,0,0,0,0,0,0,0,0,0,0
30.400000000000205,520,0,0,0,0,0,0,0,0,0,0
30.450000000000205,474,0,0,0,0,0,0,0,0,0,0
30.500000000000206,542,0,0,0,0,0,0,0,0,0,0
30.550000000000207,509,0,0,0,0,0,0,0,0,0,0
30.600000000000207,486,0,0,0,0,0,0,0,0,0,0
30.650000000000208,526,0,0,0,0,0,0,0,0,0,0
30.70000000000021,540,0,0,0,0,0,0,0,0,0,0
30.75000000000021,517,0,0,0,0,0,0,0,0,0,0
30.80000000000021,490,0,0,0,0,0,0,0,0,0,0
30.85000000000021,523,0,0,0,0,0,0,0,0,0,0
30.90000000000021,527,0,0,0,0,0,0,0,0,0,0
30.950000000000212,547,0,0,0,0,0,0,0,0,0,0
31.000000000000213,538,0,0,0,0,0,0,0,0,0,0
31.050000000000214,515,0,0,0,0,0,0,0,0,0,0
31.100000000000215,474,0,0,0,0,0,0,0,0,0,0
31.150000000000215,532,0,0,0,0,0,0,0,0,0,0
31.200000000000216,570,0,0,0,0,0,0,0,0,0,0
31.250000000000217,483,0,0,0,0,0,0,0,0,0,0
31.300000000000217,492,0,0,0,0,0,0,0,0,0,0
31.350000000000218,528,0,0,0,0,0,0,0,0,0,0
31.40000000000022,526,0,0,0,0,0,0,0,0,0,0
31.45000000000022,513,0,0,0,0,0,0,0,0,0,0
31.50000000000022,517,0,0,0,0,0,0,0,0,0,0
31.55000000000022,505,0,0,0,0,0,0,0,0,0,0
31.60000000000022,531,0,0,0,0,0,0,0,0,0,0
31.650000000000222,487,0,0,0,0,0,0,0,0,0,0
31.700000000000223,549,0,0,0,0,0,0,0,0,0,0
31.750000000000224,505,0,0,0,0,0,0,0,0,0,0
31.800000000000225,509,0,0,0,0,0,0,0,0,0,0
31.850000000000225,498,0,0,0,0,0,0,0,0,0,0
31.900000000000226,512,0,0,0,0,0,0,0,0,0,0
31.950000000000227,518,0,0,0,0,0,0,0,0,0,0
32.00000000000023,551,0,0,0,0,0,0,0,0,0,0
32.050000000000225,531,0,0,0,0,0,0,0,0,0,0
32.10000000000022,495,0,0,0,0,0,0,0,0,0,0
32.15000000000022,505,0,0,0,0,0,0,0,0,0,0
32.200000000000216,550,0,0,0,0,0,0,0,0,0,0
32.25000000000021,495,0,0,0,0,0,0,0,0,0,0
32.30000000000021,499,0,0,0,0,0,0,0,0,0,0
32.35000000000021,417,0,0,0,0,0,0,0,0,0,0
32.400000000000205,315,0,0,0,0,0,0,0,0,0,0
32.4500000000002,278,0,0,0,0,0,0,0,0,0,0
32.5000000000002,243,0,0,0,0,0,0,0,0,0,0
32.550000000000196,155,0,0,0,0,0,0,0,0,0,0
32.60000000000019,98,0,0,0,0,0,0,0,0,0,0
32.65000000000019,35,0,0,0,0,0,0,0,0,0,0
32.70000000000019,0,0,0,0,0,0,0,0,0,0,0
32.750000000000185,0,0,0,0,0,0,0,0,0,0,0
32.80000000000018,0,0,0,0,0,0,0,0,0,0,0
32.85000000000018,0,0,0,0,0,0,0,0,0,0,0
32.900000000000176,0,0,0,0,0,0,0,0,0,0,0
32.95000000000017,0,0,0,0,0,0,0,0,0,0,0
33.00000000000017,0,0,0,0,0,0,0,0,0,0,0
33.05000000000017,0,0,0,0,0,0,0,0,0,0,0
33.100000000000165,0,0,0,0,0,0,0,0,0,0,0
33.15000000000016,0,0,0,0,0,0,0,0,0,0,0
33.20000000000016,0,0,0,0,0,0,0,0,0,0,0
33.250000000000156,0,0,0,0,0,0,0,0,0,0,0
33.30000000000015,0,0,0,0,0,0,0,0,0,0,0
33.35000000000015,0,0,0,0,0,0,0,0,0,0,0
33.40000000000015,0,0,0,0,0,0,0,0,0,0,0
33.450000000000145,0,0,0,0,0,0,0,0,0,0,0
33.50000000000014,0,0,0,0,0,0,0,0,0,0,0
33.55000000000014,0,0,0,0,0,0,0,0,0,0,0
33.600000000000136,0,0,0,0,0,0,0,0,0,0,0
33.650000000000134,0,0,0,0,0,0,0,0,0,0,0
33.70000000000013,0,0,0,0,0,0,0,0,0,0,0
33.75000000000013,0,0,0,0,0,0,0,0,0,0,0
33.800000000000125,0,0,0,0,0,0,0,0,0,0,0
33.85000000000012,0,0,0,0,0,0,0,0,0,0,0
33.90000000000012,0,0,0,0,0,0,0,0,0,0,0
33.95000000000012,0,0,0,0,0,0,0,0,0,0,0
34.000000000000114,0,0,0,0,0,0,0,0,0,0,0
34.05000000000011,0,0,0,0,0,0,0,0,0,0,0
34.10000000000011,0,0,0,0,0,0,0,0,0,0,0
34.150000000000105,0,0,0,0,0,0,0,0,0,0,0
34.2000000000001,0,0,0,0,0,0,0,0,0,0,0
34.2500000000001,0,0,0,0,0,0,0,0,0,0,0
34.3000000000001,0,0,0,0,0,0,0,0,0,0,0
34.350000000000094,0,0,0,0,0,0,0,0,0,0,0
34.40000000000009,0,0,0,0,0,0,0,0,0,0,0
34.45000000000009,0,0,0,0,0,0,0,0,0,0,0
34.500000000000085,0,0,0,0,0,0,0,0,0,0,0
34.55000000000008,0,0,0,0,0,0,0,0,0,0,0
34.60000000000008,0,0,0,0,0,0,0,0,0,0,0
34.65000000000008,0,0,0,0,0,0,0,0,0,0,0
34.700000000000074,0,0,0,0,0,0,0,0,0,0,0
34.75000000000007,0,0,0,0,0,0,0,0,0,0,0
34.80000000000007,0,0,0,0,0,0,0,0,0,0,0
34.850000000000065,0,0,0,0,0,0,0,0,0,0,0
34.90000000000006,0,0,0,0,0,0,0,0,0,0,0
34.95000000000006,0,0,0,0,0,0,0,0,0,0,0
35.00000000000006,0,0,0,0,0,0,0,0,0,0,0
35.050000000000054,0,0,0,0,0,0,0,0,0,0,0
35.10000000000005,0,0,0,0,0,0,0,0,0,0,0
35.15000000000005,0,0,0,0,0,0,0,0,0,0,0
35.200000000000045,0,0,0,0,0,0,0,0,0,0,0
35.25000000000004,0,0,0,0,0,0,0,0,0,0,0
35.30000000000004,0,0,0,0,0,0,0,0,0,0,0
35.35000000000004,0,0,0,0,0,0,0,0,0,0,0
35.400000000000034,0,0,0,0,0,0,0,0,0,0,0
35.45000000000003,0,0,0,0,0,0,0,0,0,0,0
35.50000000000003,0,0,0,0,0,0,0,0,0,0,0
35.550000000000026,0,0,0,0,0,0,0,0,0,0,0
35.60000000000002,0,0,0,0,0,0,0,0,0,0,0
35.65000000000002,0,0,0,0,0,0,0,0,0,0,0
35.70000000000002,0,0,0,0,0,0,0,0,0,0,0
35.750000000000014,0,0,0,0,0,0,0,0,0,0,0
35.80000000000001,0,0,0,0,0,0,0,0,0,0,0
35.85000000000001,0,0,0,0,0,0,0,0,0,0,0
35.900000000000006,0,0,0,0,0,0,0,0,0,0,0
35.95,0,0,0,0,0,0,0,0,0,0,0
36.0,0,0,0,0,0,0,0,0,0,0,0
36.05,0,0,0,0,0,0,0,0,0,0,0
36.099999999999994,0,0,0,0,0,0,0,0,0,0,0
36.14999999999999,0,0,0,0,0,0,0,0,0,0,0
36.19999999999999,0,0,0,0,0,0,0,0,0,0,0
36.249999999999986,0,0,0,0,0,0,0,0,0,0,0
36.29999999999998,0,0,0,0,0,0,0,0,0,0,0
36.34999999999998,0,0,0,0,0,0,0,0,0,0,0
36.39999999999998,0,0,0,0,0,0,0,0,0,0,0
36.449999999999974,0,0,0,0,0,0,0,0,0,0,0
36.49999999999997,0,0,0,0,0,0,0,0,0,0,0
36.54999999999997,0,0,0,0,0,0,0,0,0,0,0
36.599999999999966,0,0,0,0,0,0,0,0,0,0,0
36.64999999999996,0,0,0,0,0,0,0,0,0,0,0
36.69999999999996,0,0,0,0,0,0,0,0,0,0,0
36.74999999999996,0,0,0,0,0,0,0,0,0,0,0
36.799999999999955,0,0,0,0,0,0,0,0,0,0,0
36.84999999999995,0,0,0,0,0,0,0,0,0,0,0
36.89999999999995,0,0,0,0,0,0,0,0,0,0,0
36.949999999999946,0,0,0,0,0,0,0,0,0,0,0
36.99999999999994,0,0,0,0,0,0,0,0,0,0,0
37.04999999999994,0,0,0,0,0,0,0,0,0,0,0
37.09999999999994,0,0,0,0,0,0,0,0,0,0,0
37.149999999999935,0,0,0,0,0,0,0,0,0,0,0
37.19999999999993,0,0,0,0,0,0,0,0,0,0,0
37.24999999999993,0,0,0,0,0,0,0,0,0,0,0
37.299999999999926,0,0,0,0,0,0,0,0,0,0,0
37.34999999999992,0,0,0,0,0,0,0,0,0,0,0
37.39999999999992,0,0,0,0,0,0,0,0,0,0,0
37.44999999999992,0,0,0,0,0,0,0,0,0,0,0
37.499999999999915,0,0,0,0,0,0,0,0,0,0,0
37.54999999999991,0,0,0,0,0,0,0,0,0,0,0
37.59999999999991,0,0,0,0,0,0,0,0,0,0,0
37.649999999999906,0,0,0,0,0,0,0,0,0,0,0
37.6999999999999,0,0,0,0,0,0,0,0,0,0,0
37.7499999999999,0,0,0,0,0,0,0,0,0,0,0
37.7999999999999,0,0,0,0,0,0,0,0,0,0,0
37.849999999999895,0,0,0,0,0,0,0,0,0,0,0
37.89999999999989,0,0,0,0,0,0,0,0,0,0,0
37.94999999999989,0,0,0,0,0,0,0,0,0,0,0
37.999999999999886,0,0,0,0,0,0,0,0,0,0,0
38.04999999999988,0,0,0,0,0,0,0,0,0,0,0
38.09999999999988,0,0,0,0,0,0,0,0,0,0,0
38.14999999999988,0,0,0,0,0,0,0,0,0,0,0
38.199999999999875,0,0,0,0,0,0,0,0,0,0,0
38.24999999999987,0,0,0,0,0,0,0,0,0,0,0
38.29999999999987,0,0,0,0,0,0,0,0,0,0,0
38.349999999999866,0,0,0,0,0,0,0,0,0,0,0
38.399999999999864,0,0,0,0,0,0,0,0,0,0,0
38.44999999999986,0,0,0,0,0,0,0,0,0,0,0
38.49999999999986,0,0,0,0,0,0,0,0,0,0,0
38.549999999999855,0,0,0,0,0,0,0,0,0,0,0
38.59999999999985,0,0,0,0,0,0,0,0,0,0,0
38.64999999999985,0,0,0,0,0,0,0,0,0,0,0
38.69999999999985,0,0,0,0,0,0,0,0,0,0,0
38.749999999999844,0,0,0,0,0,0,0,0,0,0,0
38.79999999999984,0,0,0,0,0,0,0,0,0,0,0
38.84999999999984,0,0,0,0,0,0,0,0,0,0,0
38.899999999999835,0,0,0,0,0,0,0,0,0,0,0
38.94999999999983,0,0,0,0,0,0,0,0,0,0,0
38.99999999999983,0,0,0,0,0,0,0,0,0,0,0
39.04999999999983,0,0,0,0,0,0,0,0,0,0,0
39.099999999999824,0,0,0,0,0,0,0,0,0,0,0
39.14999999999982,0,0,0,0,0,0,0,0,0,0,0
39.19999999999982,0,0,0,0,0,0,0,0,0,0,0
39.249999999999815,0,0,0,0,0,0,0,0,0,0,0
39.29999999999981,0,0,0,0,0,0,0,0,0,0,0
39.34999999999981,0,0,0,0,0,0,0,0,0,0,0
39.39999999999981,0,0,0,0,0,0,0,0,0,0,0
39.449999999999804,0,0,0,0,0,0,0,0,0,0,0
39.4999999999998,0,0,0,0,0,0,0,0,0,0,0
39.5499999999998,0,0,0,0,0,0,0,0,0,0,0
39.599999999999795,0,0,0,0,0,0,0,0,0,0,0
39.64999999999979,0,0,0,0,0,0,0,0,0,0,0
39.69999999999979,0,0,0,0,0,0,0,0,0,0,0
39.74999999999979,0,0,0,0,0,0,0,0,0,0,0
39.799999999999784,0,0,0,0,0,0,0,0,0,0,0
39.84999999999978,0,0,0,0,0,0,0,0,0,0,0
39.89999999999978,0,0,0,0,0,0,0,0,0,0,0
39.949999999999775,0,0,0,0,0,0,0,0,0,0,0
39.99999999999977,0,0,0,0,0,0,0,0,0,0,0
40.04999999999977,0,0,0,0,0,0,0,0,0,0,0
40.09999999999977,0,0,0,0,0,0,0,0,0,0,0
40.149999999999764,0,0,0,0,0,0,0,0,0,0,0
40.19999999999976,0,0,0,0,0,0,0,0,0,0,0
40.24999999999976,0,0,0,0,0,0,0,0,0,0,0
40.299999999999756,0,0,0,0,0,0,0,0,0,0,0
40.34999999999975,0,0,0,0,0,0,0,0,0,0,0
40.39999999999975,0,0,0,0,0,0,0,0,0,0,0
40.44999999999975,0,0,0,0,0,0,0,0,0,0,0
40.499999999999744,0,0,0,0,0,0,0,0,0,0,0
40.54999999999974,0,0,0,0,0,0,0,0,0,0,0
40.59999999999974,0,0,0,0,0,0,0,0,0,0,0
40.649999999999736,0,0,0,0,0,0,0,0,0,0,0
40.69999999999973,0,0,0,0,0,0,0,0,0,0,0
40.74999999999973,0,0,0,0,0,0,0,0,0,0,0
40.79999999999973,0,0,0,0,0,0,0,0,0,0,0
40.849999999999724,0,0,0,0,0,0,0,0,0,0,0
40.89999999999972,0,0,0,0,0,0,0,0,0,0,0
40.94999999999972,0,0,0,0,0,0,0,0,0,0,0
40.999999999999716,0,0,0,0,0,0,0,0,0,0,0
41.04999999999971,0,0,0,0,0,0,0,0,0,0,0
41.09999999999971,0,0,0,0,0,0,0,0,0,0,0
41.14999999999971,0,0,0,0,0,0,0,0,0,0,0
41.199999999999704,0,0,0,0,0,0,0,0,0,0,0
41.2499999999997,0,0,0,0,0,0,0,0,0,0,0
41.2999999999997,0,0,0,0,0,0,0,0,0,0,0
41.349999999999696,0,0,0,0,0,0,0,0,0,0,0
41.39999999999969,0,0,0,0,0,0,0,0,0,0,0
41.44999999999969,0,0,0,0,0,0,0,0,0,0,0
41.49999999999969,0,0,0,0,0,0,0,0,0,0,0
41.549999999999685,0,0,0,0,0,0,0,0,0,0,0
*****
16,0.05,500,0.6,1,10,100,0.39276599448899996,0.1280509099671
16,500,196,263,207,263,0,0,0,0,0,0
16.05,515,184,270,219,270,0,0,0,0,0,0
16.1,542,209,279,217,279,0,0,0,0,0,0
16.150000000000002,549,219,285,236,285,0,0,0,0,0,0
16.200000000000003,522,196,262,220,262,0,0,0,0,0,0
16.250000000000004,519,211,258,231,258,0,0,0,0,0,0
16.300000000000004,461,172,220,212,220,0,0,0,0,0,0
16.350000000000005,535,207,268,230,268,0,0,0,0,0,0
16.400000000000006,519,205,272,218,272,0,0,0,0,0,0
16.450000000000006,517,208,272,233,272,0,0,0,0,0,0
16.500000000000007,514,198,262,224,262,0,0,0,0,0,0
16.550000000000008,493,183,248,214,248,0,0,0,0,0,0
16.60000000000001,518,155,242,226,242,0,0,0,0,0,0
16.65000000000001,539,169,248,220,248,0,0,0,0,0,0
16.70000000000001,527,168,243,220,243,0,0,0,0,0,0
16.75000000000001,529,153,230,183,230,0,0,0,0,0,0
16.80000000000001,520,181,260,205,260,0,0,0,0,0,0
16.850000000000012,520,167,246,201,246,0,0,0,0,0,0
16.900000000000013,554,193,272,200,272,0,0,0,0,0,0
16.950000000000014,525,140,233,190,233,0,0,0,0,0,0
17.000000000000014,513,138,247,178,247,0,0,0,0,0,0
17.050000000000015,511,129,229,166,229,0,0,0,0,0,0
17.100000000000016,524,137,233,186,233,0,0,0,0,0,0
17.150000000000016,524,113,212,185,212,0,0,0,0,0,0
17.200000000000017,520,113,196,152,196,0,0,0,0,0,0
17.250000000000018,497,95,171,153,171,0,0,0,0,0,0
17.30000000000002,520,105,189,161,189,0,0,0,0,0,0
17.35000000000002,501,96,190,162,190,0,0,0,0,0,0
17.40000000000002,488,73,159,119,159,0,0,0,0,0,0
17.45000000000002,558,98,193,142,193,0,0,0,0,0,0
17.50000000000002,497,73,174,144,174,0,0,0,0,0,0
17.550000000000022,536,83,166,122,166,0,0,0,0,0,0
17.600000000000023,499,78,170,129,170,0,0,0,0,0,0
17.650000000000023,541,72,150,112,150,0,0,0,0,0,0
17.700000000000024,514,68,150,122,150,0,0,0,0,0,0
17.750000000000025,501,55,133,101,133,0,0,0,0,0,0
17.800000000000026,516,58,132,96,132,0,0,0,0,0,0
17.850000000000026,541,64,138,108,138,0,0,0,0,0,0
17.900000000000027,544,45,112,95,112,0,0,0,0,0,0
17.950000000000028,545,36,110,88,110,0,0,0,0,0,0
18.00000000000003,502,39,99,96,99,0,0,0,0,0,0
18.05000000000003,512,30,102,74,102,0,0,0,0,0,0
18.10000000000003,524,35,87,67,87,0,0,0,0,0,0
18.15000000000003,479,25,64,49,64,0,0,0,0,0,0
18.20000000000003,499,20,75,57,75,0,0,0,0,0,0
18.250000000000032,521,26,62,58,62,0,0,0,0,0,0
18.300000000000033,515,20,51,55,51,0,0,0,0,0,0
18.350000000000033,519,12,52,35,52,0,0,0,0,0,0
18.400000000000034,525,18,56,53,56,0,0,0,0,0,0
18.450000000000035,561,28,67,53,67,0,0,0,0,0,0
18.500000000000036,512,7,34,26,34,0,0,0,0,0,0
18.550000000000036,514,15,47,39,47,0,0,0,0,0,0
18.600000000000037,495,8,38,33,38,0,0,0,0,0,0
18.650000000000038,508,9,38,26,38,0,0,0,0,0,0
18.70000000000004,533,13,31,27,31,0,0,0,0,0,0
18.75000000000004,540,10,30,26,30,0,0,0,0,0,0
18.80000000000004,521,3,24,26,24,0,0,0,0,0,0
18.85000000000004,521,9,25,26,25,0,0,0,0,0,0
18.90000000000004,494,3,15,11,15,0,0,0,0,0,0
18.950000000000042,557,3,16,18,16,0,0,0,0,0,0
19.000000000000043,494,4,16,10,16,0,0,0,0,0,0
19.050000000000043,525,2,11,9,11,0,0,0,0,0,0
19.100000000000044,494,4,14,15,14,0,0,0,0,0,0
19.150000000000045,478,5,13,13,13,0,0,0,0,0,0
19.200000000000045,520,3,11,11,11,0,0,0,0,0,0
19.250000000000046,479,2,7,7,7,0,0,0,0,0,0
19.300000000000047,583,2,7,9,7,0,0,0,0,0,0
19.350000000000048,535,2,4,5,4,0,0,0,0,0,0
19.40000000000005,544,1,9,8,9,0,0,0,0,0,0
19.45000000000005,528,1,5,3,5,0,0,0,0,0,0
19.50000000000005,497,0,3,1,3,0,0,0,0,0,0
19.55000000000005,500,0,2,1,2,0,0,0,0,0,0
19.60000000000005,500,0,0,1,0,0,0,0,0,0,0
19.650000000000052,533,2,3,6,3,0,0,0,0,0,0
19.700000000000053,530,0,1,1,1,0,0,0,0,0,0
19.750000000000053,550,1,2,4,2,0,0,0,0,0,0
19.800000000000054,533,0,0,1,0,0,0,0,0,0,0
19.850000000000055,487,0,1,1,1,0,0,0,0,0,0
19.900000000000055,496,0,3,4,3,0,0,0,0,0,0
19.950000000000056,538,0,0,0,0,0,0,0,0,0,0
20.000000000000057,505,1,2,0,2,0,0,0,0,0,0
20.050000000000058,538,0,0,0,0,0,0,0,0,0,0
20.10000000000006,525,0,2,2,2,0,0,0,0,0,0
20.15000000000006,486,0,0,0,0,0,0,0,0,0,0
20.20000000000006,512,0,0,0,0,0,0,0,0,0,0
20.25000000000006,528,0,0,0,0,0,0,0,0,0,0
20.30000000000006,519,0,0,0,0,0,0,0,0,0,0
20.350000000000062,544,0,0,0,0,0,0,0,0,0,0
20.400000000000063,523,0,0,0,0,0,0,0,0,0,0
20.450000000000063,502,0,0,0,0,0,0,0,0,0,0
20.500000000000064,520,0,0,0,0,0,0,0,0,0,0
20.550000000000065,495,0,0,0,0,0,0,0,0,0,0
20.600000000000065,531,0,0,0,0,0,0,0,0,0,0
20.650000000000066,523,0,0,0,0,0,0,0,0,0,0
20.700000000000067,523,0,0,0,0,0,0,0,0,0,0
20.750000000000068,515,0,0,0,0,0,0,0,0,0,0
20.800000000000068,481,0,0,0,0,0,0,0,0,0,0
20.85000000000007,511,0,0,0,0,0,0,0,0,0,0
20.90000000000007,562,0,0,0,0,0,0,0,0,0,0
20.95000000000007,508,0,0,0,0,0,0,0,0,0,0
21.00000000000007,550,0,0,0,0,0,0,0,0,0,0
21.05000000000007,530,0,0,0,0,0,0,0,0,0,0
21.100000000000072,549,0,0,0,0,0,0,0,0,0,0
21.150000000000073,487,0,0,0,0,0,0,0,0,0,0
21.200000000000074,465,0,0,0,0,0,0,0,0,0,0
21.250000000000075,522,0,0,0,0,0,0,0,0,0,0
21.300000000000075,530,0,0,0,0,0,0,0,0,0,0
21.350000000000076,525,0,0,0,0,0,0,0,0,0,0
21.400000000000077,499,0,0,0,0,0,0,0,0,0,0
21.450000000000077,501,0,0,0,0,0,0,0,0,0,0
21.500000000000078,496,0,0,0,0,0,0,0,0,0,0
21.55000000000008,569,0,0,0,0,0,0,0,0,0,0
21.60000000000008,492,0,0,0,0,0,0,0,0,0,0
21.65000000000008,525,0,0,0,0,0,0,0,0,0,0
21.70000000000008,536,0,0,0,0,0,0,0,0,0,0
21.75000000000008,547,0,0,0,0,0,0,0,0,0,0
21.800000000000082,517,0,0,0,0,0,0,0,0,0,0
21.850000000000083,564,0,0,0,0,0,0,0,0,0,0
21.900000000000084,514,0,0,0,0,0,0,0,0,0,0
21.950000000000085,533,0,0,0,0,0,0,0,0,0,0
22.000000000000085,516,0,0,0,0,0,0,0,0,0,0
22.050000000000086,465,0,0,0,0,0,0,0,0,0,0
22.100000000000087,488,0,0,0,0,0,0,0,0,0,0
22.150000000000087,472,0,0,0,0,0,0,0,0,0,0
22.200000000000088,532,0,0,0,0,0,0,0,0,0,0
22.25000000000009,491,0,0,0,0,0,0,0,0,0,0
22.30000000000009,528,0,0,0,0,0,0,0,0,0,0
22.35000000000009,527,0,0,0,0,0,0,0,0,0,0
22.40000000000009,528,0,0,0,0,0,0,0,0,0,0
22.45000000000009,518,0,0,0,0,0,0,0,0,0,0
22.500000000000092,545,0,0,0,0,0,0,0,0,0,0
22.550000000000093,529,0,0,0,0,0,0,0,0,0,0
22.600000000000094,559,0,0,0,0,0,0,0,0,0,0
22.650000000000095,509,0,0,0,0,0,0,0,0,0,0
22.700000000000095,552,0,0,0,0,0,0,0,0,0,0
22.750000000000096,528,0,0,0,0,0,0,0,0,0,0
22.800000000000097,500,0,0,0,0,0,0,0,0,0,0
22.850000000000097,507,0,0,0,0,0,0,0,0,0,0
22.900000000000098,481,0,0,0,0,0,0,0,0,0,0
22.9500000000001,511,0,0,0,0,0,0,0,0,0,0
23.0000000000001,504,0,0,0,0,0,0,0,0,0,0
23.0500000000001,488,0,0,0,0,0,0,0,0,0,0
23.1000000000001,499,0,0,0,0,0,0,0,0,0,0
23.1500000000001,544,0,0,0,0,0,0,0,0,0,0
23.200000000000102,517,0,0,0,0,0,0,0,0,0,0
23.250000000000103,534,0,0,0,0,0,0,0,0,0,0
23.300000000000104,555,0,0,0,0,0,0,0,0,0,0
23.350000000000104,541,0,0,0,0,0,0,0,0,0,0
23.400000000000105,513,0,0,0,0,0,0,0,0,0,0
23.450000000000106,543,0,0,0,0,0,0,0,0,0,0
23.500000000000107,547,0,0,0,0,0,0,0,0,0,0
23.550000000000107,507,0,0,0,0,0,0,0,0,0,0
23.600000000000108,553,0,0,0,0,0,0,0,0,0,0
23.65000000000011,511,0,0,0,0,0,0,0,0,0,0
23.70000000000011,517,0,0,0,0,0,0,0,0,0,0
23.75000000000011,464,0,0,0,0,0,0,0,0,0,0
23.80000000000011,502,0,0,0,0,0,0,0,0,0,0
23.85000000000011,484,0,0,0,0,0,0,0,0,0,0
23.900000000000112,539,0,0,0,0,0,0,0,0,0,0
23.950000000000113,496,0,0,0,0,0,0,0,0,0,0
24.000000000000114,524,0,0,0,0,0,0,0,0,0,0
24.050000000000114,531,0,0,0,0,0,0,0,0,0,0
24.100000000000115,533,0,0,0,0,0,0,0,0,0,0
24.150000000000116,532,0,0,0,0,0,0,0,0,0,0
24.200000000000117,492,0,0,0,0,0,0,0,0,0,0
24.250000000000117,534,0,0,0,0,0,0,0,0,0,0
24.300000000000118,528,0,0,0,0,0,0,0,0,0,0
24.35000000000012,552,0,0,0,0,0,0,0,0,0,0
24.40000000000012,519,0,0,0,0,0,0,0,0,0,0
24.45000000000012,548,0,0,0,0,0,0,0,0,0,0
24.50000000000012,526,0,0,0,0,0,0,0,0,0,0
24.55000000000012,439,0,0,0,0,0,0,0,0,0,0
24.600000000000122,536,0,0,0,0,0,0,0,0,0,0
24.650000000000123,514,0,0,0,0,0,0,0,0,0,0
24.700000000000124,503,0,0,0,0,0,0,0,0,0,0
24.750000000000124,518,0,0,0,0,0,0,0,0,0,0
24.800000000000125,552,0,0,0,0,0,0,0,0,0,0
24.850000000000126,541,0,0,0,0,0,0,0,0,0,0
24.900000000000126,512,0,0,0,0,0,0,0,0,0,0
24.950000000000127,478,0,0,0,0,0,0,0,0,0,0
25.000000000000128,540,0,0,0,0,0,0,0,0,0,0
25.05000000000013,537,0,0,0,0,0,0,0,0,0,0
25.10000000000013,492,0,0,0,0,0,0,0,0,0,0
25.15000000000013,548,0,0,0,0,0,0,0,0,0,0
25.20000000000013,508,0,0,0,0,0,0,0,0,0,0
25.25000000000013,538,0,0,0,0,0,0,0,0,0,0
25.300000000000132,513,0,0,0,0,0,0,0,0,0,0
25.350000000000133,504,0,0,0,0,0,0,0,0,0,0
25.400000000000134,464,0,0,0,0,0,0,0,0,0,0
25.450000000000134,502,0,0,0,0,0,0,0,0,0,0
25.500000000000135,577,0,0,0,0,0,0,0,0,0,0
25.550000000000136,506,0,0,0,0,0,0,0,0,0,0
25.600000000000136,528,0,0,0,0,0,0,0,0,0,0
25.650000000000137,531,0,0,0,0,0,0,0,0,0,0
25.700000000000138,520,0,0,0,0,0,0,0,0,0,0
25.75000000000014,492,0,0,0,0,0,0,0,0,0,0
25.80000000000014,534,0,0,0,0,0,0,0,0,0,0
25.85000000000014,513,0,0,0,0,0,0,0,0,0,0
25.90000000000014,519,0,0,0,0,0,0,0,0,0,0
25.95000000000014,527,0,0,0,0,0,0,0,0,0,0
26.000000000000142,549,0,0,0,0,0,0,0,0,0,0
26.050000000000143,478,0,0,0,0,0,0,0,0,0,0
26.100000000000144,534,0,0,0,0,0,0,0,0,0,0
26.150000000000144,562,0,0,0,0,0,0,0,0,0,0
26.200000000000145,487,0,0,0,0,0,0,0,0,0,0
26.250000000000146,493,0,0,0,0,0,0,0,0,0,0
26.300000000000146,533,0,0,0,0,0,0,0,0,0,0
26.350000000000147,513,0,0,0,0,0,0,0,0,0,0
26.400000000000148,493,0,0,0,0,0,0,0,0,0,0
26.45000000000015,511,0,0,0,0,0,0,0,0,0,0
26.50000000000015,501,0,0,0,0,0,0,0,0,0,0
26.55000000000015,555,0,0,0,0,0,0,0,0,0,0
26.60000000000015,530,0,0,0,0,0,0,0,0,0,0
26.65000000000015,525,0,0,0,0,0,0,0,0,0,0
26.700000000000152,532,0,0,0,0,0,0,0,0,0,0
26.750000000000153,532,0,0,0,0,0,0,0,0,0,0
26.800000000000153,492,0,0,0,0,0,0,0,0,0,0
26.850000000000154,494,0,0,0,0,0,0,0,0,0,0
26.900000000000155,532,0,0,0,0,0,0,0,0,0,0
26.950000000000156,525,0,0,0,0,0,0,0,0,0,0
27.000000000000156,554,0,0,0,0,0,0,0,0,0,0
27.050000000000157,511,0,0,0,0,0,0,0,0,0,0
27.100000000000158,476,0,0,0,0,0,0,0,0,0,0
27.15000000000016,534,0,0,0,0,0,0,0,0,0,0
27.20000000000016,533,0,0,0,0,0,0,0,0,0,0
27.25000000000016,497,0,0,0,0,0,0,0,0,0,0
27.30000000000016,500,0,0,0,0,0,0,0,0,0,0
27.35000000000016,485,0,0,0,0,0,0,0,0,0,0
27.400000000000162,543,0,0,0,0,0,0,0,0,0,0
27.450000000000163,524,0,0,0,0,0,0,0,0,0,0
27.500000000000163,545,0,0,0,0,0,0,0,0,0,0
27.550000000000164,562,0,0,0,0,0,0,0,0,0,0
27.600000000000165,500,0,0,0,0,0,0,0,0,0,0
27.650000000000166,545,0,0,0,0,0,0,0,0,0,0
27.700000000000166,536,0,0,0,0,0,0,0,0,0,0
27.750000000000167,493,0,0,0,0,0,0,0,0,0,0
27.800000000000168,502,0,0,0,0,0,0,0,0,0,0
27.85000000000017,534,0,0,0,0,0,0,0,0,0,0
27.90000000000017,503,0,0,0,0,0,0,0,0,0,0
27.95000000000017,509,0,0,0,0,0,0,0,0,0,0
28.00000000000017,477,0,0,0,0,0,0,0,0,0,0
28.05000000000017,525,0,0,0,0,0,0,0,0,0,0
28.100000000000172,504,0,0,0,0,0,0,0,0,0,0
28.150000000000173,531,0,0,0,0,0,0,0,0,0,0
28.200000000000173,525,0,0,0,0,0,0,0,0,0,0
28.250000000000174,523,0,0,0,0,0,0,0,0,0,0
28.300000000000175,521,0,0,0,0,0,0,0,0,0,0
28.350000000000176,550,0,0,0,0,0,0,0,0,0,0
28.400000000000176,523,0,0,0,0,0,0,0,0,0,0
28.450000000000177,512,0,0,0,0,0,0,0,0,0,0
28.500000000000178,530,0,0,0,0,0,0,0,0,0,0
28.55000000000018,502,0,0,0,0,0,0,0,0,0,0
28.60000000000018,502,0,0,0,0,0,0,0,0,0,0
28.65000000000018,523,0,0,0,0,0,0,0,0,0,0
28.70000000000018,526,0,0,0,0,0,0,0,0,0,0
28.75000000000018,487,0,0,0,0,0,0,0,0,0,0
28.800000000000182,516,0,0,0,0,0,0,0,0,0,0
28.850000000000183,527,0,0,0,0,0,0,0,0,0,0
28.900000000000183,517,0,0,0,0,0,0,0,0,0,0
28.950000000000184,521,0,0,0,0,0,0,0,0,0,0
29.000000000000185,540,0,0,0,0,0,0,0,0,0,0
29.050000000000185,533,0,0,0,0,0,0,0,0,0,0
29.100000000000186,513,0,0,0,0,0,0,0,0,0,0
29.150000000000187,536,0,0,0,0,0,0,0,0,0,0
29.200000000000188,517,0,0,0,0,0,0,0,0,0,0
29.25000000000019,522,0,0,0,0,0,0,0,0,0,0
29.30000000000019,517,0,0,0,0,0,0,0,0,0,0
29.35000000000019,510,0,0,0,0,0,0,0,0,0,0
29.40000000000019,501,0,0,0,0,0,0,0,0,0,0
29.45000000000019,526,0,0,0,0,0,0,0,0,0,0
29.500000000000192,495,0,0,0,0,0,0,0,0,0,0
29.550000000000193,532,0,0,0,0,0,0,0,0,0,0
29.600000000000193,537,0,0,0,0,0,0,0,0,0,0
29.650000000000194,521,0,0,0,0,0,0,0,0,0,0
29.700000000000195,503,0,0,0,0,0,0,0,0,0,0
29.750000000000195,542,0,0,0,0,0,0,0,0,0,0
29.800000000000196,516,0,0,0,0,0,0,0,0,0,0
29.850000000000197,517,0,0,0,0,0,0,0,0,0,0
29.900000000000198,503,0,0,0,0,0,0,0,0,0,0
29.9500000000002,505,0,0,0,0,0,0,0,0,0,0
30.0000000000002,542,0,0,0,0,0,0,0,0,0,0
30.0500000000002,521,0,0,0,0,0,0,0,0,0,0
30.1000000000002,526,0,0,0,0,0,0,0,0,0,0
30.1500000000002,513,0,0,0,0,0,0,0,0,0,0
30.200000000000202,506,0,0,0,0,0,0,0,0,0,0
30.250000000000203,512,0,0,0,0,0,0,0,0,0,0
30.300000000000203,539,0,0,0,0,0,0,0,0,0,0
30.350000000000204,556,0,0,0,0,0,0,0,0,0,0
30.400000000000205,519,0,0,0,0,0,0,0,0,0,0
30.450000000000205,524,0,0,0,0,0,0,0,0,0,0
30.500000000000206,527,0,0,0,0,0,0,0,0,0,0
30.550000000000207,548,0,0,0,0,0,0,0,0,0,0
30.600000000000207,486,0,0,0,0,0,0,0,0,0,0
30.650000000000208,496,0,0,0,0,0,0,0,0,0,0
30.70000000000021,521,0,0,0,0,0,0,0,0,0,0
30.75000000000021,506,0,0,0,0,0,0,0,0,0,0
30.80000000000021,522,0,0,0,0,0,0,0,0,0,0
30.85000000000021,480,0,0,0,0,0,0,0,0,0,0
30.90000000000021,511,0,0,0,0,0,0,0,0,0,0
30.950000000000212,532,0,0,0,0,0,0,0,0,0,0
31.000000000000213,541,0,0,0,0,0,0,0,0,0,0
31.050000000000214,542,0,0,0,0,0,0,0,0,0,0
31.100000000000215,531,0,0,0,0,0,0,0,0,0,0
31.150000000000215,517,0,0,0,0,0,0,0,0,0,0
31.200000000000216,534,0,0,0,0,0,0,0,0,0,0
31.250000000000217,498,0,0,0,0,0,0,0,0,0,0
31.300000000000217,515,0,0,0,0,0,0,0,0,0,0
31.350000000000218,524,0,0,0,0,0,0,0,0,0,0
31.40000000000022,506,0,0,0,0,0,0,0,0,0,0
31.45000000000022,520,0,0,0,0,0,0,0,0,0,0
31.50000000000022,501,0,0,0,0,0,0,0,0,0,0
31.55000000000022,523,0,0,0,0,0,0,0,0,0,0
31.60000000000022,508,0,0,0,0,0,0,0,0,0,0
31.650000000000222,503,0,0,0,0,0,0,0,0,0,0
31.700000000000223,488,0,0,0,0,0,0,0,0,0,0
31.750000000000224,573,0,0,0,0,0,0,0,0,0,0
31.800000000000225,542,0,0,0,0,0,0,0,0,0,0
31.850000000000225,511,0,0,0,0,0,0,0,0,0,0
31.900000000000226,494,0,0,0,0,0,0,0,0,0,0
31.950000000000227,540,0,0,0,0,0,0,0,0,0,0
32.00000000000023,582,0,0,0,0,0,0,0,0,0,0
32.050000000000225,519,0,0,0,0,0,0,0,0,0,0
32.10000000000022,509,0,0,0,0,0,0,0,0,0,0
32.15000000000022,491,0,0,0,0,0,0,0,0,0,0
32.200000000000216,493,0,0,0,0,0,0,0,0,0,0
32.25000000000021,502,0,0,0,0,0,0,0,0,0,0
32.30000000000021,499,0,0,0,0,0,0,0,0,0,0
32.35000000000021,540,0,0,0,0,0,0,0,0,0,0
32.400000000000205,501,0,0,0,0,0,0,0,0,0,0
32.4500000000002,542,0,0,0,0,0,0,0,0,0,0
32.5000000000002,521,0,0,0,0,0,0,0,0,0,0
32.550000000000196,523,0,0,0,0,0,0,0,0,0,0
32.60000000000019,479,0,0,0,0,0,0,0,0,0,0
32.65000000000019,412,0,0,0,0,0,0,0,0,0,0
32.70000000000019,374,0,0,0,0,0,0,0,0,0,0
32.750000000000185,275,0,0,0,0,0,0,0,0,0,0
32.80000000000018,236,0,0,0,0,0,0,0,0,0,0
32.85000000000018,161,0,0,0,0,0,0,0,0,0,0
32.900000000000176,106,0,0,0,0,0,0,0,0,0,0
32.95000000000017,38,0,0,0,0,0,0,0,0,0,0
33.00000000000017,0,0,0,0,0,0,0,0,0,0,0
33.05000000000017,0,0,0,0,0,0,0,0,0,0,0
33.100000000000165,0,0,0,0,0,0,0,0,0,0,0
33.15000000000016,0,0,0,0,0,0,0,0,0,0,0
33.20000000000016,0,0,0,0,0,0,0,0,0,0,0
33.250000000000156,0,0,0,0,0,0,0,0,0,0,0
33.30000000000015,0,0,0,0,0,0,0,0,0,0,0
33.35000000000015,0,0,0,0,0,0,0,0,0,0,0
33.40000000000015,0,0,0,0,0,0,0,0,0,0,0
33.450000000000145,0,0,0,0,0,0,0,0,0,0,0
33.50000000000014,0,0,0,0,0,0,0,0,0,0,0
33.55000000000014,0,0,0,0,0,0,0,0,0,0,0
33.600000000000136,0,0,0,0,0,0,0,0,0,0,0
33.650000000000134,0,0,0,0,0,0,0,0,0,0,0
33.70000000000013,0,0,0,0,0,0,0,0,0,0,0
33.75000000000013,0,0,0,0,0,0,0,0,0,0,0
33.800000000000125,0,0,0,0,0,0,0,0,0,0,0
33.85000000000012,0,0,0,0,0,0,0,0,0,0,0
33.90000000000012,0,0,0,0,0,0,0,0,0,0,0
33.95000000000012,0,0,0,0,0,0,0,0,0,0,0
34.000000000000114,0,0,0,0,0,0,0,0,0,0,0
34.05000000000011,0,0,0,0,0,0,0,0,0,0,0
34.10000000000011,0,0,0,0,0,0,0,0,0,0,0
34.150000000000105,0,0,0,0,0,0,0,0,0,0,0
34.2000000000001,0,0,0,0,0,0,0,0,0,0,0
34.2500000000001,0,0,0,0,0,0,0,0,0,0,0
34.3000000000001,0,0,0,0,0,0,0,0,0,0,0
34.350000000000094,0,0,0,0,0,0,0,0,0,0,0
34.40000000000009,0,0,0,0,0,0,0,0,0,0,0
34.45000000000009,0,0,0,0,0,0,0,0,0,0,0
34.500000000000085,0,0,0,0,0,0,0,0,0,0,0
34.55000000000008,0,0,0,0,0,0,0,0,0,0,0
34.60000000000008,0,0,0,0,0,0,0,0,0,0,0
34.65000000000008,0,0,0,0,0,0,0,0,0,0,0
34.700000000000074,0,0,0,0,0,0,0,0,0,0,0
34.75000000000007,0,0,0,0,0,0,0,0,0,0,0
34.80000000000007,0,0,0,0,0,0,0,0,0,0,0
34.850000000000065,0,0,0,0,0,0,0,0,0,0,0
34.90000000000006,0,0,0,0,0,0,0,0,0,0,0
34.95000000000006,0,0,0,0,0,0,0,0,0,0,0
35.00000000000006,0,0,0,0,0,0,0,0,0,0,0
35.050000000000054,0,0,0,0,0,0,0,0,0,0,0
35.10000000000005,0,0,0,0,0,0,0,0,0,0,0
35.15000000000005,0,0,0,0,0,0,0,0,0,0,0
35.200000000000045,0,0,0,0,0,0,0,0,0,0,0
35.25000000000004,0,0,0,0,0,0,0,0,0,0,0
35.30000000000004,0,0,0,0,0,0,0,0,0,0,0
35.35000000000004,0,0,0,0,0,0,0,0,0,0,0
35.400000000000034,0,0,0,0,0,0,0,0,0,0,0
35.45000000000003,0,0,0,0,0,0,0,0,0,0,0
35.50000000000003,0,0,0,0,0,0,0,0,0,0,0
35.550000000000026,0,0,0,0,0,0,0,0,0,0,0
35.60000000000002,0,0,0,0,0,0,0,0,0,0,0
35.65000000000002,0,0,0,0,0,0,0,0,0,0,0
35.70000000000002,0,0,0,0,0,0,0,0,0,0,0
35.750000000000014,0,0,0,0,0,0,0,0,0,0,0
35.80000000000001,0,0,0,0,0,0,0,0,0,0,0
35.85000000000001,0,0,0,0,0,0,0,0,0,0,0
35.900000000000006,0,0,0,0,0,0,0,0,0,0,0
35.95,0,0,0,0,0,0,0,0,0,0,0
36.0,0,0,0,0,0,0,0,0,0,0,0
36.05,0,0,0,0,0,0,0,0,0,0,0
36.099999999999994,0,0,0,0,0,0,0,0,0,0,0
36.14999999999999,0,0,0,0,0,0,0,0,0,0,0
36.19999999999999,0,0,0,0,0,0,0,0,0,0,0
36.249999999999986,0,0,0,0,0,0,0,0,0,0,0
36.29999999999998,0,0,0,0,0,0,0,0,0,0,0
36.34999999999998,0,0,0,0,0,0,0,0,0,0,0
36.39999999999998,0,0,0,0,0,0,0,0,0,0,0
36.449999999999974,0,0,0,0,0,0,0,0,0,0,0
36.49999999999997,0,0,0,0,0,0,0,0,0,0,0
36.54999999999997,0,0,0,0,0,0,0,0,0,0,0
36.599999999999966,0,0,0,0,0,0,0,0,0,0,0
36.64999999999996,0,0,0,0,0,0,0,0,0,0,0
36.69999999999996,0,0,0,0,0,0,0,0,0,0,0
36.74999999999996,0,0,0,0,0,0,0,0,0,0,0
36.799999999999955,0,0,0,0,0,0,0,0,0,0,0
36.84999999999995,0,0,0,0,0,0,0,0,0,0,0
36.89999999999995,0,0,0,0,0,0,0,0,0,0,0
36.949999999999946,0,0,0,0,0,0,0,0,0,0,0
36.99999999999994,0,0,0,0,0,0,0,0,0,0,0
37.04999999999994,0,0,0,0,0,0,0,0,0,0,0
37.09999999999994,0,0,0,0,0,0,0,0,0,0,0
37.149999999999935,0,0,0,0,0,0,0,0,0,0,0
37.19999999999993,0,0,0,0,0,0,0,0,0,0,0
37.24999999999993,0,0,0,0,0,0,0,0,0,0,0
37.299999999999926,0,0,0,0,0,0,0,0,0,0,0
37.34999999999992,0,0,0,0,0,0,0,0,0,0,0
37.39999999999992,0,0,0,0,0,0,0,0,0,0,0
37.44999999999992,0,0,0,0,0,0,0,0,0,0,0
37.499999999999915,0,0,0,0,0,0,0,0,0,0,0
37.54999999999991,0,0,0,0,0,0,0,0,0,0,0
37.59999999999991,0,0,0,0,0,0,0,0,0,0,0
37.649999999999906,0,0,0,0,0,0,0,0,0,0,0
37.6999999999999,0,0,0,0,0,0,0,0,0,0,0
37.7499999999999,0,0,0,0,0,0,0,0,0,0,0
37.7999999999999,0,0,0,0,0,0,0,0,0,0,0
37.849999999999895,0,0,0,0,0,0,0,0,0,0,0
37.89999999999989,0,0,0,0,0,0,0,0,0,0,0
37.94999999999989,0,0,0,0,0,0,0,0,0,0,0
37.999999999999886,0,0,0,0,0,0,0,0,0,0,0
38.04999999999988,0,0,0,0,0,0,0,0,0,0,0
38.09999999999988,0,0,0,0,0,0,0,0,0,0,0
38.14999999999988,0,0,0,0,0,0,0,0,0,0,0
38.199999999999875,0,0,0,0,0,0,0,0,0,0,0
38.24999999999987,0,0,0,0,0,0,0,0,0,0,0
38.29999999999987,0,0,0,0,0,0,0,0,0,0,0
38.349999999999866,0,0,0,0,0,0,0,0,0,0,0
38.399999999999864,0,0,0,0,0,0,0,0,0,0,0
38.44999999999986,0,0,0,0,0,0,0,0,0,0,0
38.49999999999986,0,0,0,0,0,0,0,0,0,0,0
38.549999999999855,0,0,0,0,0,0,0,0,0,0,0
38.59999999999985,0,0,0,0,0,0,0,0,0,0,0
38.64999999999985,0,0,0,0,0,0,0,0,0,0,0
38.69999999999985,0,0,0,0,0,0,0,0,0,0,0
38.749999999999844,0,0,0,0,0,0,0,0,0,0,0
38.79999999999984,0,0,0,0,0,0,0,0,0,0,0
38.84999999999984,0,0,0,0,0,0,0,0,0,0,0
38.899999999999835,0,0,0,0,0,0,0,0,0,0,0
38.94999999999983,0,0,0,0,0,0,0,0,0,0,0
38.99999999999983,0,0,0,0,0,0,0,0,0,0,0
39.04999999999983,0,0,0,0,0,0,0,0,0,0,0
39.099999999999824,0,0,0,0,0,0,0,0,0,0,0
39.14999999999982,0,0,0,0,0,0,0,0,0,0,0
39.19999999999982,0,0,0,0,0,0,0,0,0,0,0
39.249999999999815,0,0,0,0,0,0,0,0,0,0,0
39.29999999999981,0,0,0,0,0,0,0,0,0,0,0
39.34999999999981,0,0,0,0,0,0,0,0,0,0,0
39.39999999999981,0,0,0,0,0,0,0,0,0,0,0
39.449999999999804,0,0,0,0,0,0,0,0,0,0,0
39.4999999999998,0,0,0,0,0,0,0,0,0,0,0
39.5499999999998,0,0,0,0,0,0,0,0,0,0,0
39.599999999999795,0,0,0,0,0,0,0,0,0,0,0
39.64999999999979,0,0,0,0,0,0,0,0,0,0,0
39.69999999999979,0,0,0,0,0,0,0,0,0,0,0
39.74999999999979,0,0,0,0,0,0,0,0,0,0,0
39.799999999999784,0,0,0,0,0,0,0,0,0,0,0
39.84999999999978,0,0,0,0,0,0,0,0,0,0,0
39.89999999999978,0,0,0,0,0,0,0,0,0,0,0
39.949999999999775,0,0,0,0,0,0,0,0,0,0,0
39.99999999999977,0,0,0,0,0,0,0,0,0,0,0
40.04999999999977,0,0,0,0,0,0,0,0,0,0,0
40.09999999999977,0,0,0,0,0,0,0,0,0,0,0
40.149999999999764,0,0,0,0,0,0,0,0,0,0,0
40.19999999999976,0,0,0,0,0,0,0,0,0,0,0
40.24999999999976,0,0,0,0,0,0,0,0,0,0,0
40.299999999999756,0,0,0,0,0,0,0,0,0,0,0
40.34999999999975,0,0,0,0,0,0,0,0,0,0,0
40.39999999999975,0,0,0,0,0,0,0,0,0,0,0
40.44999999999975,0,0,0,0,0,0,0,0,0,0,0
40.499999999999744,0,0,0,0,0,0,0,0,0,0,0
40.54999999999974,0,0,0,0,0,0,0,0,0,0,0
40.59999999999974,0,0,0,0,0,0,0,0,0,0,0
40.649999999999736,0,0,0,0,0,0,0,0,0,0,0
40.69999999999973,0,0,0,0,0,0,0,0,0,0,0
40.74999999999973,0,0,0,0,0,0,0,0,0,0,0
40.79999999999973,0,0,0,0,0,0,0,0,0,0,0
40.849999999999724,0,0,0,0,0,0,0,0,0,0,0
40.89999999999972,0,0,0,0,0,0,0,0,0,0,0
40.94999999999972,0,0,0,0,0,0,0,0,0,0,0
40.999999999999716,0,0,0,0,0,0,0,0,0,0,0
41.04999999999971,0,0,0,0,0,0,0,0,0,0,0
41.09999999999971,0,0,0,0,0,0,0,0,0,0,0
41.14999999999971,0,0,0,0,0,0,0,0,0,0,0
41.199999999999704,0,0,0,0,0,0,0,0,0,0,0
41.2499999999997,0,0,0,0,0,0,0,0,0,0,0
41.2999999999997,0,0,0,0,0,0,0,0,0,0,0
41.349999999999696,0,0,0,0,0,0,0,0,0,0,0
41.39999999999969,0,0,0,0,0,0,0,0,0,0,0
41.44999999999969,0,0,0,0,0,0,0,0,0,0,0
41.49999999999969,0,0,0,0,0,0,0,0,0,0,0
41.549999999999685,0,0,0,0,0,0,0,0,0,0,0
*****
16,0.05,500,0,1,10,100,0.39276599448899996,0.1280509099671
16,500,499,498,483,500,0,0,0,0,0,0
16.05,495,495,492,476,495,0,0,0,0,0,0
16.1,505,505,500,479,505,0,0,0,0,0,0
16.150000000000002,496,496,493,468,496,0,0,0,0,0,0
16.200000000000003,513,513,510,485,512,0,0,0,0,0,0
16.250000000000004,497,496,492,472,497,0,0,0,0,0,0
16.300000000000004,478,474,471,459,478,0,0,0,0,0,0
16.350000000000005,480,479,477,458,480,0,0,0,0,0,0
16.400000000000006,525,521,514,503,523,0,0,0,0,0,0
16.450000000000006,484,478,472,466,484,0,0,0,0,0,0
16.500000000000007,470,463,453,454,467,0,0,0,0,0,0
16.550000000000008,495,487,473,484,493,0,0,0,0,0,0
16.60000000000001,477,466,454,454,476,0,0,0,0,0,0
16.65000000000001,491,471,469,459,485,0,0,0,0,0,0
16.70000000000001,542,525,511,506,541,0,0,0,0,0,0
16.75000000000001,510,492,478,462,500,0,0,0,0,0,0
16.80000000000001,491,462,459,455,482,0,0,0,0,0,0
16.850000000000012,508,459,442,440,486,0,0,0,0,0,0
16.900000000000013,458,412,399,408,433,0,0,0,0,0,0
16.950000000000014,515,454,444,463,491,0,0,0,0,0,0
17.000000000000014,490,431,418,417,464,0,0,0,0,0,0
17.050000000000015,494,416,401,431,464,0,0,0,0,0,0
17.100000000000016,502,420,406,428,461,0,0,0,0,0,0
17.150000000000016,519,411,394,424,453,0,0,0,0,0,0
17.200000000000017,497,388,369,400,441,0,0,0,0,0,0
17.250000000000018,498,390,383,401,445,0,0,0,0,0,0
17.30000000000002,519,395,379,398,452,0,0,0,0,0,0
17.35000000000002,504,356,351,395,430,0,0,0,0,0,0
17.40000000000002,496,339,330,380,420,0,0,0,0,0,0
17.45000000000002,502,315,307,354,384,0,0,0,0,0,0
17.50000000000002,470,297,293,325,366,0,0,0,0,0,0
17.550000000000022,500,283,273,332,353,0,0,0,0,0,0
17.600000000000023,490,277,278,346,353,0,0,0,0,0,0
17.650000000000023,499,276,258,345,350,0,0,0,0,0,0
17.700000000000024,487,236,231,311,303,0,0,0,0,0,0
17.750000000000025,504,247,236,311,315,0,0,0,0,0,0
17.800000000000026,488,226,221,282,295,0,0,0,0,0,0
17.850000000000026,472,190,198,264,269,0,0,0,0,0,0
17.900000000000027,506,182,177,277,252,0,0,0,0,0,0
17.950000000000028,495,167,150,247,234,0,0,0,0,0,0
18.00000000000003,490,164,170,254,229,0,0,0,0,0,0
18.05000000000003,533,163,166,272,244,0,0,0,0,0,0
18.10000000000003,509,137,132,216,206,0,0,0,0,0,0
18.15000000000003,518,136,127,223,205,0,0,0,0,0,0
18.20000000000003,500,116,116,209,184,0,0,0,0,0,0
18.250000000000032,503,89,85,174,141,0,0,0,0,0,0
18.300000000000033,500,94,94,194,157,0,0,0,0,0,0
18.350000000000033,500,84,81,165,124,0,0,0,0,0,0
18.400000000000034,453,62,70,134,111,0,0,0,0,0,0
18.450000000000035,504,63,66,158,116,0,0,0,0,0,0
18.500000000000036,488,61,61,135,97,0,0,0,0,0,0
18.550000000000036,485,50,60,134,95,0,0,0,0,0,0
18.600000000000037,465,39,42,105,77,0,0,0,0,0,0
18.650000000000038,484,38,36,82,57,0,0,0,0,0,0
18.70000000000004,471,36,38,109,72,0,0,0,0,0,0
18.75000000000004,508,30,38,93,73,0,0,0,0,0,0
18.80000000000004,516,24,34,75,55,0,0,0,0,0,0
18.85000000000004,472,25,31,78,49,0,0,0,0,0,0
18.90000000000004,542,25,33,71,54,0,0,0,0,0,0
18.950000000000042,520,18,20,80,47,0,0,0,0,0,0
19.000000000000043,444,20,25,62,36,0,0,0,0,0,0
19.050000000000043,476,24,28,58,45,0,0,0,0,0,0
19.100000000000044,503,9,13,37,25,0,0,0,0,0,0
19.150000000000045,528,13,16,45,26,0,0,0,0,0,0
19.200000000000045,502,9,8,40,20,0,0,0,0,0,0
19.250000000000046,530,7,8,30,22,0,0,0,0,0,0
19.300000000000047,499,7,7,32,15,0,0,0,0,0,0
19.350000000000048,522,6,4,22,17,0,0,0,0,0,0
19.40000000000005,470,4,6,30,10,0,0,0,0,0,0
19.45000000000005,502,4,5,28,16,0,0,0,0,0,0
19.50000000000005,500,2,6,28,9,0,0,0,0,0,0
19.55000000000005,470,3,1,14,6,0,0,0,0,0,0
19.60000000000005,500,1,5,13,12,0,0,0,0,0,0
19.650000000000052,512,3,3,18,8,0,0,0,0,0,0
19.700000000000053,528,4,2,16,6,0,0,0,0,0,0
19.750000000000053,498,0,0,9,3,0,0,0,0,0,0
19.800000000000054,476,1,4,11,5,0,0,0,0,0,0
19.850000000000055,473,3,2,12,7,0,0,0,0,0,0
19.900000000000055,501,1,1,6,2,0,0,0,0,0,0
19.950000000000056,481,1,1,7,6,0,0,0,0,0,0
20.000000000000057,528,0,0,3,3,0,0,0,0,0,0
20.050000000000058,511,1,2,6,3,0,0,0,0,0,0
20.10000000000006,473,0,0,6,3,0,0,0,0,0,0
20.15000000000006,520,0,0,7,2,0,0,0,0,0,0
20.20000000000006,478,0,0,3,2,0,0,0,0,0,0
20.25000000000006,503,0,1,3,1,0,0,0,0,0,0
20.30000000000006,502,0,0,0,1,0,0,0,0,0,0
20.350000000000062,475,0,0,1,1,0,0,0,0,0,0
20.400000000000063,506,0,0,3,0,0,0,0,0,0,0
20.450000000000063,509,0,0,1,1,0,0,0,0,0,0
20.500000000000064,499,0,0,3,0,0,0,0,0,0,0
20.550000000000065,479,0,0,1,0,0,0,0,0,0,0
20.600000000000065,494,0,0,2,0,0,0,0,0,0,0
20.650000000000066,480,0,0,1,0,0,0,0,0,0,0
20.700000000000067,487,0,0,0,0,0,0,0,0,0,0
20.750000000000068,539,0,0,0,0,0,0,0,0,0,0
20.800000000000068,449,0,0,0,0,0,0,0,0,0,0
20.85000000000007,497,0,0,0,0,0,0,0,0,0,0
20.90000000000007,504,0,0,0,0,0,0,0,0,0,0
20.95000000000007,461,0,0,0,0,0,0,0,0,0,0
21.00000000000007,486,0,0,0,0,0,0,0,0,0,0
21.05000000000007,500,0,0,0,0,0,0,0,0,0,0
21.100000000000072,472,0,0,0,0,0,0,0,0,0,0
21.150000000000073,481,0,0,0,0,0,0,0,0,0,0
21.200000000000074,498,0,0,0,0,0,0,0,0,0,0
21.250000000000075,486,0,0,0,0,0,0,0,0,0,0
21.300000000000075,485,0,0,0,0,0,0,0,0,0,0
21.350000000000076,518,0,0,0,0,0,0,0,0,0,0
21.400000000000077,514,0,0,0,0,0,0,0,0,0,0
21.450000000000077,474,0,0,0,0,0,0,0,0,0,0
21.500000000000078,526,0,0,0,0,0,0,0,0,0,0
21.55000000000008,511,0,0,0,0,0,0,0,0,0,0
21.60000000000008,511,0,0,0,0,0,0,0,0,0,0
21.65000000000008,489,0,0,0,0,0,0,0,0,0,0
21.70000000000008,504,0,0,0,0,0,0,0,0,0,0
21.75000000000008,455,0,0,0,0,0,0,0,0,0,0
21.800000000000082,467,0,0,0,0,0,0,0,0,0,0
21.850000000000083,497,0,0,0,0,0,0,0,0,0,0
21.900000000000084,466,0,0,0,0,0,0,0,0,0,0
21.950000000000085,481,0,0,0,0,0,0,0,0,0,0
22.000000000000085,517,0,0,0,0,0,0,0,0,0,0
22.050000000000086,498,0,0,0,0,0,0,0,0,0,0
22.100000000000087,482,0,0,0,0,0,0,0,0,0,0
22.150000000000087,477,0,0,0,0,0,0,0,0,0,0
22.200000000000088,498,0,0,0,0,0,0,0,0,0,0
22.25000000000009,498,0,0,0,0,0,0,0,0,0,0
22.30000000000009,481,0,0,0,0,0,0,0,0,0,0
22.35000000000009,508,0,0,0,0,0,0,0,0,0,0
22.40000000000009,506,0,0,0,0,0,0,0,0,0,0
22.45000000000009,490,0,0,0,0,0,0,0,0,0,0
22.500000000000092,528,0,0,0,0,0,0,0,0,0,0
22.550000000000093,519,0,0,0,0,0,0,0,0,0,0
22.600000000000094,519,0,0,0,0,0,0,0,0,0,0
22.650000000000095,484,0,0,0,0,0,0,0,0,0,0
22.700000000000095,474,0,0,0,0,0,0,0,0,0,0
22.750000000000096,491,0,0,0,0,0,0,0,0,0,0
22.800000000000097,480,0,0,0,0,0,0,0,0,0,0
22.850000000000097,483,0,0,0,0,0,0,0,0,0,0
22.900000000000098,493,0,0,0,0,0,0,0,0,0,0
22.9500000000001,475,0,0,0,0,0,0,0,0,0,0
23.0000000000001,524,0,0,0,0,0,0,0,0,0,0
23.0500000000001,495,0,0,0,0,0,0,0,0,0,0
23.1000000000001,495,0,0,0,0,0,0,0,0,0,0
23.1500000000001,487,0,0,0,0,0,0,0,0,0,0
23.200000000000102,480,0,0,0,0,0,0,0,0,0,0
23.250000000000103,474,0,0,0,0,0,0,0,0,0,0
23.300000000000104,518,0,0,0,0,0,0,0,0,0,0
23.350000000000104,534,0,0,0,0,0,0,0,0,0,0
23.400000000000105,493,0,0,0,0,0,0,0,0,0,0
23.450000000000106,491,0,0,0,0,0,0,0,0,0,0
23.500000000000107,504,0,0,0,0,0,0,0,0,0,0
23.550000000000107,549,0,0,0,0,0,0,0,0,0,0
23.600000000000108,500,0,0,0,0,0,0,0,0,0,0
23.65000000000011,456,0,0,0,0,0,0,0,0,0,0
23.70000000000011,462,0,0,0,0,0,0,0,0,0,0
23.75000000000011,525,0,0,0,0,0,0,0,0,0,0
23.80000000000011,478,0,0,0,0,0,0,0,0,0,0
23.85000000000011,514,0,0,0,0,0,0,0,0,0,0
23.900000000000112,477,0,0,0,0,0,0,0,0,0,0
23.950000000000113,468,0,0,0,0,0,0,0,0,0,0
24.000000000000114,530,0,0,0,0,0,0,0,0,0,0
24.050000000000114,467,0,0,0,0,0,0,0,0,0,0
24.100000000000115,514,0,0,0,0,0,0,0,0,0,0
24.150000000000116,519,0,0,0,0,0,0,0,0,0,0
24.200000000000117,524,0,0,0,0,0,0,0,0,0,0
24.250000000000117,540,0,0,0,0,0,0,0,0,0,0
24.300000000000118,491,0,0,0,0,0,0,0,0,0,0
24.35000000000012,505,0,0,0,0,0,0,0,0,0,0
24.40000000000012,463,0,0,0,0,0,0,0,0,0,0
24.45000000000012,509,0,0,0,0,0,0,0,0,0,0
24.50000000000012,496,0,0,0,0,0,0,0,0,0,0
24.55000000000012,482,0,0,0,0,0,0,0,0,0,0
24.600000000000122,526,0,0,0,0,0,0,0,0,0,0
24.650000000000123,479,0,0,0,0,0,0,0,0,0,0
24.700000000000124,561,0,0,0,0,0,0,0,0,0,0
24.750000000000124,474,0,0,0,0,0,0,0,0,0,0
24.800000000000125,459,0,0,0,0,0,0,0,0,0,0
24.850000000000126,493,0,0,0,0,0,0,0,0,0,0
24.900000000000126,467,0,0,0,0,0,0,0,0,0,0
24.950000000000127,490,0,0,0,0,0,0,0,0,0,0
25.000000000000128,449,0,0,0,0,0,0,0,0,0,0
25.05000000000013,461,0,0,0,0,0,0,0,0,0,0
25.10000000000013,507,0,0,0,0,0,0,0,0,0,0
25.15000000000013,541,0,0,0,0,0,0,0,0,0,0
25.20000000000013,544,0,0,0,0,0,0,0,0,0,0
25.25000000000013,512,0,0,0,0,0,0,0,0,0,0
25.300000000000132,503,0,0,0,0,0,0,0,0,0,0
25.350000000000133,487,0,0,0,0,0,0,0,0,0,0
25.400000000000134,509,0,0,0,0,0,0,0,0,0,0
25.450000000000134,507,0,0,0,0,0,0,0,0,0,0
25.500000000000135,510,0,0,0,0,0,0,0,0,0,0
25.550000000000136,491,0,0,0,0,0,0,0,0,0,0
25.600000000000136,526,0,0,0,0,0,0,0,0,0,0
25.650000000000137,487,0,0,0,0,0,0,0,0,0,0
25.700000000000138,494,0,0,0,0,0,0,0,0,0,0
25.75000000000014,454,0,0,0,0,0,0,0,0,0,0
25.80000000000014,484,0,0,0,0,0,0,0,0,0,0
25.85000000000014,513,0,0,0,0,0,0,0,0,0,0
25.90000000000014,475,0,0,0,0,0,0,0,0,0,0
25.95000000000014,491,0,0,0,0,0,0,0,0,0,0
26.000000000000142,490,0,0,0,0,0,0,0,0,0,0
26.050000000000143,501,0,0,0,0,0,0,0,0,0,0
26.100000000000144,496,0,0,0,0,0,0,0,0,0,0
26.150000000000144,502,0,0,0,0,0,0,0,0,0,0
26.200000000000145,495,0,0,0,0,0,0,0,0,0,0
26.250000000000146,503,0,0,0,0,0,0,0,0,0,0
26.300000000000146,491,0,0,0,0,0,0,0,0,0,0
26.350000000000147,491,0,0,0,0,0,0,0,0,0,0
26.400000000000148,493,0,0,0,0,0,0,0,0,0,0
26.45000000000015,505,0,0,0,0,0,0,0,0,0,0
26.50000000000015,482,0,0,0,0,0,0,0,0,0,0
26.55000000000015,499,0,0,0,0,0,0,0,0,0,0
26.60000000000015,497,0,0,0,0,0,0,0,0,0,0
26.65000000000015,475,0,0,0,0,0,0,0,0,0,0
26.700000000000152,484,0,0,0,0,0,0,0,0,0,0
26.750000000000153,527,0,0,0,0,0,0,0,0,0,0
26.800000000000153,465,0,0,0,0,0,0,0,0,0,0
26.850000000000154,536,0,0,0,0,0,0,0,0,0,0
26.900000000000155,438,0,0,0,0,0,0,0,0,0,0
26.950000000000156,481,0,0,0,0,0,0,0,0,0,0
27.000000000000156,524,0,0,0,0,0,0,0,0,0,0
27.050000000000157,491,0,0,0,0,0,0,0,0,0,0
27.100000000000158,496,0,0,0,0,0,0,0,0,0,0
27.15000000000016,523,0,0,0,0,0,0,0,0,0,0
27.20000000000016,503,0,0,0,0,0,0,0,0,0,0
27.25000000000016,503,0,0,0,0,0,0,0,0,0,0
27.30000000000016,506,0,0,0,0,0,0,0,0,0,0
27.35000000000016,553,0,0,0,0,0,0,0,0,0,0
27.400000000000162,505,0,0,0,0,0,0,0,0,0,0
27.450000000000163,494,0,0,0,0,0,0,0,0,0,0
27.500000000000163,507,0,0,0,0,0,0,0,0,0,0
27.550000000000164,486,0,0,0,0,0,0,0,0,0,0
27.600000000000165,483,0,0,0,0,0,0,0,0,0,0
27.650000000000166,493,0,0,0,0,0,0,0,0,0,0
27.700000000000166,481,0,0,0,0,0,0,0,0,0,0
27.750000000000167,495,0,0,0,0,0,0,0,0,0,0
27.800000000000168,484,0,0,0,0,0,0,0,0,0,0
27.85000000000017,512,0,0,0,0,0,0,0,0,0,0
27.90000000000017,522,0,0,0,0,0,0,0,0,0,0
27.95000000000017,491,0,0,0,0,0,0,0,0,0,0
28.00000000000017,483,0,0,0,0,0,0,0,0,0,0
28.05000000000017,489,0,0,0,0,0,0,0,0,0,0
28.100000000000172,506,0,0,0,0,0,0,0,0,0,0
28.150000000000173,492,0,0,0,0,0,0,0,0,0,0
28.200000000000173,495,0,0,0,0,0,0,0,0,0,0
28.250000000000174,516,0,0,0,0,0,0,0,0,0,0
28.300000000000175,550,0,0,0,0,0,0,0,0,0,0
28.350000000000176,507,0,0,0,0,0,0,0,0,0,0
28.400000000000176,473,0,0,0,0,0,0,0,0,0,0
28.450000000000177,511,0,0,0,0,0,0,0,0,0,0
28.500000000000178,462,0,0,0,0,0,0,0,0,0,0
28.55000000000018,493,0,0,0,0,0,0,0,0,0,0
28.60000000000018,489,0,0,0,0,0,0,0,0,0,0
28.65000000000018,494,0,0,0,0,0,0,0,0,0,0
28.70000000000018,510,0,0,0,0,0,0,0,0,0,0
28.75000000000018,443,0,0,0,0,0,0,0,0,0,0
28.800000000000182,499,0,0,0,0,0,0,0,0,0,0
28.850000000000183,506,0,0,0,0,0,0,0,0,0,0
28.900000000000183,500,0,0,0,0,0,0,0,0,0,0
28.950000000000184,517,0,0,0,0,0,0,0,0,0,0
29.000000000000185,521,0,0,0,0,0,0,0,0,0,0
29.050000000000185,533,0,0,0,0,0,0,0,0,0,0
29.100000000000186,479,0,0,0,0,0,0,0,0,0,0
29.150000000000187,526,0,0,0,0,0,0,0,0,0,0
29.200000000000188,498,0,0,0,0,0,0,0,0,0,0
29.25000000000019,457,0,0,0,0,0,0,0,0,0,0
29.30000000000019,471,0,0,0,0,0,0,0,0,0,0
29.35000000000019,496,0,0,0,0,0,0,0,0,0,0
29.40000000000019,469,0,0,0,0,0,0,0,0,0,0
29.45000000000019,499,0,0,0,0,0,0,0,0,0,0
29.500000000000192,501,0,0,0,0,0,0,0,0,0,0
29.550000000000193,478,0,0,0,0,0,0,0,0,0,0
29.600000000000193,494,0,0,0,0,0,0,0,0,0,0
29.650000000000194,487,0,0,0,0,0,0,0,0,0,0
29.700000000000195,514,0,0,0,0,0,0,0,0,0,0
29.750000000000195,478,0,0,0,0,0,0,0,0,0,0
29.800000000000196,507,0,0,0,0,0,0,0,0,0,0
29.850000000000197,565,0,0,0,0,0,0,0,0,0,0
29.900000000000198,479,0,0,0,0,0,0,0,0,0,0
29.9500000000002,511,0,0,0,0,0,0,0,0,0,0
30.0000000000002,470,0,0,0,0,0,0,0,0,0,0
30.0500000000002,516,0,0,0,0,0,0,0,0,0,0
30.1000000000002,473,0,0,0,0,0,0,0,0,0,0
30.1500000000002,477,0,0,0,0,0,0,0,0,0,0
30.200000000000202,478,0,0,0,0,0,0,0,0,0,0
30.250000000000203,499,0,0,0,0,0,0,0,0,0,0
30.300000000000203,469,0,0,0,0,0,0,0,0,0,0
30.350000000000204,496,0,0,0,0,0,0,0,0,0,0
30.400000000000205,506,0,0,0,0,0,0,0,0,0,0
30.450000000000205,524,0,0,0,0,0,0,0,0,0,0
30.500000000000206,498,0,0,0,0,0,0,0,0,0,0
30.550000000000207,456,0,0,0,0,0,0,0,0,0,0
30.600000000000207,493,0,0,0,0,0,0,0,0,0,0
30.650000000000208,538,0,0,0,0,0,0,0,0,0,0
30.70000000000021,506,0,0,0,0,0,0,0,0,0,0
30.75000000000021,476,0,0,0,0,0,0,0,0,0,0
30.80000000000021,460,0,0,0,0,0,0,0,0,0,0
30.85000000000021,471,0,0,0,0,0,0,0,0,0,0
30.90000000000021,500,0,0,0,0,0,0,0,0,0,0
30.950000000000212,502,0,0,0,0,0,0,0,0,0,0
31.000000000000213,484,0,0,0,0,0,0,0,0,0,0
31.050000000000214,512,0,0,0,0,0,0,0,0,0,0
31.100000000000215,496,0,0,0,0,0,0,0,0,0,0
31.150000000000215,481,0,0,0,0,0,0,0,0,0,0
31.200000000000216,480,0,0,0,0,0,0,0,0,0,0
31.250000000000217,483,0,0,0,0,0,0,0,0,0,0
31.300000000000217,500,0,0,0,0,0,0,0,0,0,0
31.350000000000218,518,0,0,0,0,0,0,0,0,0,0
31.40000000000022,501,0,0,0,0,0,0,0,0,0,0
31.45000000000022,520,0,0,0,0,0,0,0,0,0,0
31.50000000000022,503,0,0,0,0,0,0,0,0,0,0
31.55000000000022,529,0,0,0,0,0,0,0,0,0,0
31.60000000000022,476,0,0,0,0,0,0,0,0,0,0
31.650000000000222,506,0,0,0,0,0,0,0,0,0,0
31.700000000000223,512,0,0,0,0,0,0,0,0,0,0
31.750000000000224,449,0,0,0,0,0,0,0,0,0,0
31.800000000000225,462,0,0,0,0,0,0,0,0,0,0
31.850000000000225,514,0,0,0,0,0,0,0,0,0,0
31.900000000000226,527,0,0,0,0,0,0,0,0,0,0
31.950000000000227,498,0,0,0,0,0,0,0,0,0,0
32.00000000000023,516,0,0,0,0,0,0,0,0,0,0
32.050000000000225,436,0,0,0,0,0,0,0,0,0,0
32.10000000000022,437,0,0,0,0,0,0,0,0,0,0
32.15000000000022,428,0,0,0,0,0,0,0,0,0,0
32.200000000000216,401,0,0,0,0,0,0,0,0,0,0
32.25000000000021,339,0,0,0,0,0,0,0,0,0,0
32.30000000000021,349,0,0,0,0,0,0,0,0,0,0
32.35000000000021,315,0,0,0,0,0,0,0,0,0,0
32.400000000000205,265,0,0,0,0,0,0,0,0,0,0
32.4500000000002,246,0,0,0,0,0,0,0,0,0,0
32.5000000000002,227,0,0,0,0,0,0,0,0,0,0
32.550000000000196,212,0,0,0,0,0,0,0,0,0,0
32.60000000000019,179,0,0,0,0,0,0,0,0,0,0
32.65000000000019,148,0,0,0,0,0,0,0,0,0,0
32.70000000000019,166,0,0,0,0,0,0,0,0,0,0
32.750000000000185,107,0,0,0,0,0,0,0,0,0,0
32.80000000000018,78,0,0,0,0,0,0,0,0,0,0
32.85000000000018,73,0,0,0,0,0,0,0,0,0,0
32.900000000000176,34,0,0,0,0,0,0,0,0,0,0
32.95000000000017,8,0,0,0,0,0,0,0,0,0,0
33.00000000000017,0,0,0,0,0,0,0,0,0,0,0
33.05000000000017,0,0,0,0,0,0,0,0,0,0,0
33.100000000000165,0,0,0,0,0,0,0,0,0,0,0
33.15000000000016,0,0,0,0,0,0,0,0,0,0,0
33.20000000000016,0,0,0,0,0,0,0,0,0,0,0
33.250000000000156,0,0,0,0,0,0,0,0,0,0,0
33.30000000000015,0,0,0,0,0,0,0,0,0,0,0
33.35000000000015,0,0,0,0,0,0,0,0,0,0,0
33.40000000000015,0,0,0,0,0,0,0,0,0,0,0
33.450000000000145,0,0,0,0,0,0,0,0,0,0,0
33.50000000000014,0,0,0,0,0,0,0,0,0,0,0
33.55000000000014,0,0,0,0,0,0,0,0,0,0,0
33.600000000000136,0,0,0,0,0,0,0,0,0,0,0
33.650000000000134,0,0,0,0,0,0,0,0,0,0,0
33.70000000000013,0,0,0,0,0,0,0,0,0,0,0
33.75000000000013,0,0,0,0,0,0,0,0,0,0,0
33.800000000000125,0,0,0,0,0,0,0,0,0,0,0
33.85000000000012,0,0,0,0,0,0,0,0,0,0,0
33.90000000000012,0,0,0,0,0,0,0,0,0,0,0
33.95000000000012,0,0,0,0,0,0,0,0,0,0,0
34.000000000000114,0,0,0,0,0,0,0,0,0,0,0
34.05000000000011,0,0,0,0,0,0,0,0,0,0,0
34.10000000000011,0,0,0,0,0,0,0,0,0,0,0
34.150000000000105,0,0,0,0,0,0,0,0,0,0,0
34.2000000000001,0,0,0,0,0,0,0,0,0,0,0
34.2500000000001,0,0,0,0,0,0,0,0,0,0,0
34.3000000000001,0,0,0,0,0,0,0,0,0,0,0
34.350000000000094,0,0,0,0,0,0,0,0,0,0,0
34.40000000000009,0,0,0,0,0,0,0,0,0,0,0
34.45000000000009,0,0,0,0,0,0,0,0,0,0,0
34.500000000000085,0,0,0,0,0,0,0,0,0,0,0
34.55000000000008,0,0,0,0,0,0,0,0,0,0,0
34.60000000000008,0,0,0,0,0,0,0,0,0,0,0
34.65000000000008,0,0,0,0,0,0,0,0,0,0,0
34.700000000000074,0,0,0,0,0,0,0,0,0,0,0
34.75000000000007,0,0,0,0,0,0,0,0,0,0,0
34.80000000000007,0,0,0,0,0,0,0,0,0,0,0
34.850000000000065,0,0,0,0,0,0,0,0,0,0,0
34.90000000000006,0,0,0,0,0,0,0,0,0,0,0
34.95000000000006,0,0,0,0,0,0,0,0,0,0,0
35.00000000000006,0,0,0,0,0,0,0,0,0,0,0
35.050000000000054,0,0,0,0,0,0,0,0,0,0,0
35.10000000000005,0,0,0,0,0,0,0,0,0,0,0
35.15000000000005,0,0,0,0,0,0,0,0,0,0,0
35.200000000000045,0,0,0,0,0,0,0,0,0,0,0
35.25000000000004,0,0,0,0,0,0,0,0,0,0,0
35.30000000000004,0,0,0,0,0,0,0,0,0,0,0
35.35000000000004,0,0,0,0,0,0,0,0,0,0,0
35.400000000000034,0,0,0,0,0,0,0,0,0,0,0
35.45000000000003,0,0,0,0,0,0,0,0,0,0,0
35.50000000000003,0,0,0,0,0,0,0,0,0,0,0
35.550000000000026,0,0,0,0,0,0,0,0,0,0,0
35.60000000000002,0,0,0,0,0,0,0,0,0,0,0
35.65000000000002,0,0,0,0,0,0,0,0,0,0,0
35.70000000000002,0,0,0,0,0,0,0,0,0,0,0
35.750000000000014,0,0,0,0,0,0,0,0,0,0,0
35.80000000000001,0,0,0,0,0,0,0,0,0,0,0
35.85000000000001,0,0,0,0,0,0,0,0,0,0,0
35.900000000000006,0,0,0,0,0,0,0,0,0,0,0
35.95,0,0,0,0,0,0,0,0,0,0,0
36.0,0,0,0,0,0,0,0,0,0,0,0
36.05,0,0,0,0,0,0,0,0,0,0,0
36.099999999999994,0,0,0,0,0,0,0,0,0,0,0
36.14999999999999,0,0,0,0,0,0,0,0,0,0,0
36.19999999999999,0,0,0,0,0,0,0,0,0,0,0
36.249999999999986,0,0,0,0,0,0,0,0,0,0,0
36.29999999999998,0,0,0,0,0,0,0,0,0,0,0
36.34999999999998,0,0,0,0,0,0,0,0,0,0,0
36.39999999999998,0,0,0,0,0,0,0,0,0,0,0
36.449999999999974,0,0,0,0,0,0,0,0,0,0,0
36.49999999999997,0,0,0,0,0,0,0,0,0,0,0
36.54999999999997,0,0,0,0,0,0,0,0,0,0,0
36.599999999999966,0,0,0,0,0,0,0,0,0,0,0
36.64999999999996,0,0,0,0,0,0,0,0,0,0,0
36.69999999999996,0,0,0,0,0,0,0,0,0,0,0
36.74999999999996,0,0,0,0,0,0,0,0,0,0,0
36.799999999999955,0,0,0,0,0,0,0,0,0,0,0
36.84999999999995,0,0,0,0,0,0,0,0,0,0,0
36.89999999999995,0,0,0,0,0,0,0,0,0,0,0
36.949999999999946,0,0,0,0,0,0,0,0,0,0,0
36.99999999999994,0,0,0,0,0,0,0,0,0,0,0
37.04999999999994,0,0,0,0,0,0,0,0,0,0,0
37.09999999999994,0,0,0,0,0,0,0,0,0,0,0
37.149999999999935,0,0,0,0,0,0,0,0,0,0,0
37.19999999999993,0,0,0,0,0,0,0,0,0,0,0
37.24999999999993,0,0,0,0,0,0,0,0,0,0,0
37.299999999999926,0,0,0,0,0,0,0,0,0,0,0
37.34999999999992,0,0,0,0,0,0,0,0,0,0,0
37.39999999999992,0,0,0,0,0,0,0,0,0,0,0
37.44999999999992,0,0,0,0,0,0,0,0,0,0,0
37.499999999999915,0,0,0,0,0,0,0,0,0,0,0
37.54999999999991,0,0,0,0,0,0,0,0,0,0,0
37.59999999999991,0,0,0,0,0,0,0,0,0,0,0
37.649999999999906,0,0,0,0,0,0,0,0,0,0,0
37.6999999999999,0,0,0,0,0,0,0,0,0,0,0
37.7499999999999,0,0,0,0,0,0,0,0,0,0,0
37.7999999999999,0,0,0,0,0,0,0,0,0,0,0
37.849999999999895,0,0,0,0,0,0,0,0,0,0,0
37.89999999999989,0,0,0,0,0,0,0,0,0,0,0
37.94999999999989,0,0,0,0,0,0,0,0,0,0,0
37.999999999999886,0,0,0,0,0,0,0,0,0,0,0
38.04999999999988,0,0,0,0,0,0,0,0,0,0,0
38.09999999999988,0,0,0,0,0,0,0,0,0,0,0
38.14999999999988,0,0,0,0,0,0,0,0,0,0,0
38.199999999999875,0,0,0,0,0,0,0,0,0,0,0
38.24999999999987,0,0,0,0,0,0,0,0,0,0,0
38.29999999999987,0,0,0,0,0,0,0,0,0,0,0
38.349999999999866,0,0,0,0,0,0,0,0,0,0,0
38.399999999999864,0,0,0,0,0,0,0,0,0,0,0
38.44999999999986,0,0,0,0,0,0,0,0,0,0,0
38.49999999999986,0,0,0,0,0,0,0,0,0,0,0
38.549999999999855,0,0,0,0,0,0,0,0,0,0,0
38.59999999999985,0,0,0,0,0,0,0,0,0,0,0
38.64999999999985,0,0,0,0,0,0,0,0,0,0,0
38.69999999999985,0,0,0,0,0,0,0,0,0,0,0
38.749999999999844,0,0,0,0,0,0,0,0,0,0,0
38.79999999999984,0,0,0,0,0,0,0,0,0,0,0
38.84999999999984,0,0,0,0,0,0,0,0,0,0,0
38.899999999999835,0,0,0,0,0,0,0,0,0,0,0
38.94999999999983,0,0,0,0,0,0,0,0,0,0,0
38.99999999999983,0,0,0,0,0,0,0,0,0,0,0
39.04999999999983,0,0,0,0,0,0,0,0,0,0,0
39.099999999999824,0,0,0,0,0,0,0,0,0,0,0
39.14999999999982,0,0,0,0,0,0,0,0,0,0,0
39.19999999999982,0,0,0,0,0,0,0,0,0,0,0
39.249999999999815,0,0,0,0,0,0,0,0,0,0,0
39.29999999999981,0,0,0,0,0,0,0,0,0,0,0
39.34999999999981,0,0,0,0,0,0,0,0,0,0,0
39.39999999999981,0,0,0,0,0,0,0,0,0,0,0
39.449999999999804,0,0,0,0,0,0,0,0,0,0,0
39.4999999999998,0,0,0,0,0,0,0,0,0,0,0
39.5499999999998,0,0,0,0,0,0,0,0,0,0,0
39.599999999999795,0,0,0,0,0,0,0,0,0,0,0
39.64999999999979,0,0,0,0,0,0,0,0,0,0,0
39.69999999999979,0,0,0,0,0,0,0,0,0,0,0
39.74999999999979,0,0,0,0,0,0,0,0,0,0,0
39.799999999999784,0,0,0,0,0,0,0,0,0,0,0
39.84999999999978,0,0,0,0,0,0,0,0,0,0,0
39.89999999999978,0,0,0,0,0,0,0,0,0,0,0
39.949999999999775,0,0,0,0,0,0,0,0,0,0,0
39.99999999999977,0,0,0,0,0,0,0,0,0,0,0
40.04999999999977,0,0,0,0,0,0,0,0,0,0,0
40.09999999999977,0,0,0,0,0,0,0,0,0,0,0
40.149999999999764,0,0,0,0,0,0,0,0,0,0,0
40.19999999999976,0,0,0,0,0,0,0,0,0,0,0
40.24999999999976,0,0,0,0,0,0,0,0,0,0,0
40.299999999999756,0,0,0,0,0,0,0,0,0,0,0
40.34999999999975,0,0,0,0,0,0,0,0,0,0,0
40.39999999999975,0,0,0,0,0,0,0,0,0,0,0
40.44999999999975,0,0,0,0,0,0,0,0,0,0,0
40.499999999999744,0,0,0,0,0,0,0,0,0,0,0
40.54999999999974,0,0,0,0,0,0,0,0,0,0,0
40.59999999999974,0,0,0,0,0,0,0,0,0,0,0
40.649999999999736,0,0,0,0,0,0,0,0,0,0,0
40.69999999999973,0,0,0,0,0,0,0,0,0,0,0
40.74999999999973,0,0,0,0,0,0,0,0,0,0,0
40.79999999999973,0,0,0,0,0,0,0,0,0,0,0
40.849999999999724,0,0,0,0,0,0,0,0,0,0,0
40.89999999999972,0,0,0,0,0,0,0,0,0,0,0
40.94999999999972,0,0,0,0,0,0,0,0,0,0,0
40.999999999999716,0,0,0,0,0,0,0,0,0,0,0
41.04999999999971,0,0,0,0,0,0,0,0,0,0,0
41.09999999999971,0,0,0,0,0,0,0,0,0,0,0
41.14999999999971,0,0,0,0,0,0,0,0,0,0,0
41.199999999999704,0,0,0,0,0,0,0,0,0,0,0
41.2499999999997,0,0,0,0,0,0,0,0,0,0,0
41.2999999999997,0,0,0,0,0,0,0,0,0,0,0
41.349999999999696,0,0,0,0,0,0,0,0,0,0,0
41.39999999999969,0,0,0,0,0,0,0,0,0,0,0
41.44999999999969,0,0,0,0,0,0,0,0,0,0,0
41.49999999999969,0,0,0,0,0,0,0,0,0,0,0
41.549999999999685,0,0,0,0,0,0,0,0,0,0,0
