*****
16,0.05,500,0,1,10,100,0.261843996326,0.0426836366557
16,500,500,500,486,500,0,0,0,0,0,0
16.05,453,453,453,440,453,0,0,0,0,0,0
16.1,472,472,472,455,472,0,0,0,0,0,0
16.150000000000002,444,444,444,431,444,0,0,0,0,0,0
16.200000000000003,478,478,478,468,478,0,0,0,0,0,0
16.250000000000004,461,461,461,452,461,0,0,0,0,0,0
16.300000000000004,469,469,469,455,469,0,0,0,0,0,0
16.350000000000005,455,455,455,447,455,0,0,0,0,0,0
16.400000000000006,492,492,492,484,492,0,0,0,0,0,0
16.450000000000006,469,469,469,460,469,0,0,0,0,0,0
16.500000000000007,457,457,457,450,457,0,0,0,0,0,0
16.550000000000008,455,455,455,446,455,0,0,0,0,0,0
16.60000000000001,454,454,454,442,454,0,0,0,0,0,0
16.65000000000001,465,465,465,447,465,0,0,0,0,0,0
16.70000000000001,466,466,466,445,466,0,0,0,0,0,0
16.75000000000001,449,449,449,433,449,0,0,0,0,0,0
16.80000000000001,432,432,432,406,432,0,0,0,0,0,0
16.850000000000012,478,476,476,436,476,0,0,0,0,0,0
16.900000000000013,471,471,471,437,471,0,0,0,0,0,0
16.950000000000014,475,473,473,443,474,0,0,0,0,0,0
17.000000000000014,452,450,449,419,450,0,0,0,0,0,0
17.050000000000015,459,454,457,418,457,0,0,0,0,0,0
17.100000000000016,448,446,446,411,447,0,0,0,0,0,0
17.150000000000016,489,480,481,435,481,0,0,0,0,0,0
17.200000000000017,449,435,437,397,442,0,0,0,0,0,0
17.250000000000018,469,460,463,410,464,0,0,0,0,0,0
17.30000000000002,442,435,437,384,437,0,0,0,0,0,0
17.35000000000002,469,451,450,408,457,0,0,0,0,0,0
17.40000000000002,441,424,426,380,428,0,0,0,0,0,0
17.45000000000002,473,449,451,402,455,0,0,0,0,0,0
17.50000000000002,486,449,450,401,460,0,0,0,0,0,0
17.550000000000022,483,453,459,392,463,0,0,0,0,0,0
17.600000000000023,468,425,429,387,441,0,0,0,0,0,0
17.650000000000023,483,436,441,384,443,0,0,0,0,0,0
17.700000000000024,481,432,437,379,444,0,0,0,0,0,0
17.750000000000025,489,415,422,370,428,0,0,0,0,0,0
17.800000000000026,475,400,406,341,412,0,0,0,0,0,0
17.850000000000026,476,383,393,352,407,0,0,0,0,0,0
17.900000000000027,436,349,355,320,362,0,0,0,0,0,0
17.950000000000028,466,354,364,326,376,0,0,0,0,0,0
18.00000000000003,484,367,370,342,380,0,0,0,0,0,0
18.05000000000003,470,337,340,304,355,0,0,0,0,0,0
18.10000000000003,476,334,341,296,352,0,0,0,0,0,0
18.15000000000003,444,298,305,282,317,0,0,0,0,0,0
18.20000000000003,472,309,315,283,333,0,0,0,0,0,0
18.250000000000032,470,276,283,281,304,0,0,0,0,0,0
18.300000000000033,472,283,283,270,302,0,0,0,0,0,0
18.350000000000033,433,233,243,233,257,0,0,0,0,0,0
18.400000000000034,499,277,278,273,299,0,0,0,0,0,0
18.450000000000035,458,230,236,224,253,0,0,0,0,0,0
18.500000000000036,466,193,198,198,212,0,0,0,0,0,0
18.550000000000036,488,200,212,221,225,0,0,0,0,0,0
18.600000000000037,454,203,204,201,219,0,0,0,0,0,0
18.650000000000038,461,175,174,169,188,0,0,0,0,0,0
18.70000000000004,452,160,165,173,182,0,0,0,0,0,0
18.75000000000004,505,175,177,179,191,0,0,0,0,0,0
18.80000000000004,445,138,148,150,158,0,0,0,0,0,0
18.85000000000004,449,131,137,139,145,0,0,0,0,0,0
18.90000000000004,474,104,106,133,125,0,0,0,0,0,0
18.950000000000042,488,139,140,143,156,0,0,0,0,0,0
19.000000000000043,477,118,128,138,138,0,0,0,0,0,0
19.050000000000043,449,87,89,97,94,0,0,0,0,0,0
19.100000000000044,473,84,90,97,100,0,0,0,0,0,0
19.150000000000045,475,74,78,84,86,0,0,0,0,0,0
19.200000000000045,456,69,76,77,83,0,0,0,0,0,0
19.250000000000046,420,48,47,65,51,0,0,0,0,0,0
19.300000000000047,441,45,47,63,56,0,0,0,0,0,0
19.350000000000048,463,55,61,65,68,0,0,0,0,0,0
19.40000000000005,454,46,44,55,51,0,0,0,0,0,0
19.45000000000005,489,44,48,45,52,0,0,0,0,0,0
19.50000000000005,440,29,32,39,38,0,0,0,0,0,0
19.55000000000005,487,29,33,37,34,0,0,0,0,0,0
19.60000000000005,455,30,32,37,37,0,0,0,0,0,0
19.650000000000052,452,20,23,27,25,0,0,0,0,0,0
19.700000000000053,495,30,27,33,31,0,0,0,0,0,0
19.750000000000053,468,14,15,17,17,0,0,0,0,0,0
19.800000000000054,465,14,13,19,17,0,0,0,0,0,0
19.850000000000055,502,12,13,18,16,0,0,0,0,0,0
19.900000000000055,434,17,14,22,20,0,0,0,0,0,0
19.950000000000056,451,10,9,13,11,0,0,0,0,0,0
20.000000000000057,452,6,8,10,10,0,0,0,0,0,0
20.050000000000058,435,4,3,7,6,0,0,0,0,0,0
20.10000000000006,462,6,5,9,7,0,0,0,0,0,0
20.15000000000006,471,4,4,7,5,0,0,0,0,0,0
20.20000000000006,476,2,3,4,3,0,0,0,0,0,0
20.25000000000006,461,6,6,10,9,0,0,0,0,0,0
20.30000000000006,464,2,2,6,2,0,0,0,0,0,0
20.350000000000062,464,4,4,6,4,0,0,0,0,0,0
20.400000000000063,521,1,1,5,1,0,0,0,0,0,0
20.450000000000063,470,2,1,2,2,0,0,0,0,0,0
20.500000000000064,483,1,2,2,3,0,0,0,0,0,0
20.550000000000065,461,0,0,0,0,0,0,0,0,0,0
20.600000000000065,443,2,2,3,2,0,0,0,0,0,0
20.650000000000066,437,0,0,0,1,0,0,0,0,0,0
20.700000000000067,455,0,0,0,0,0,0,0,0,0,0
20.750000000000068,500,1,1,1,2,0,0,0,0,0,0
20.800000000000068,464,1,1,2,1,0,0,0,0,0,0
20.85000000000007,480,1,1,1,1,0,0,0,0,0,0
20.90000000000007,468,0,0,0,0,0,0,0,0,0,0
20.95000000000007,459,0,0,1,0,0,0,0,0,0,0
21.00000000000007,466,0,0,0,0,0,0,0,0,0,0
21.05000000000007,431,0,0,0,0,0,0,0,0,0,0
21.100000000000072,480,0,0,0,0,0,0,0,0,0,0
21.150000000000073,416,0,0,0,0,0,0,0,0,0,0
21.200000000000074,473,0,0,0,0,0,0,0,0,0,0
21.250000000000075,441,0,0,0,0,0,0,0,0,0,0
21.300000000000075,488,0,0,0,0,0,0,0,0,0,0
21.350000000000076,474,0,0,0,0,0,0,0,0,0,0
21.400000000000077,456,0,0,1,0,0,0,0,0,0,0
21.450000000000077,454,0,0,0,0,0,0,0,0,0,0
21.500000000000078,445,0,0,0,0,0,0,0,0,0,0
21.55000000000008,479,0,0,1,0,0,0,0,0,0,0
21.60000000000008,472,0,0,0,0,0,0,0,0,0,0
21.65000000000008,465,0,0,0,0,0,0,0,0,0,0
21.70000000000008,456,0,0,0,0,0,0,0,0,0,0
21.75000000000008,468,0,0,0,0,0,0,0,0,0,0
21.800000000000082,499,0,0,0,0,0,0,0,0,0,0
21.850000000000083,450,0,0,0,0,0,0,0,0,0,0
21.900000000000084,452,0,0,0,0,0,0,0,0,0,0
21.950000000000085,438,0,0,0,0,0,0,0,0,0,0
22.000000000000085,445,0,0,0,0,0,0,0,0,0,0
22.050000000000086,508,0,0,0,0,0,0,0,0,0,0
22.100000000000087,491,0,0,0,0,0,0,0,0,0,0
22.150000000000087,443,0,0,0,0,0,0,0,0,0,0
22.200000000000088,438,0,0,0,0,0,0,0,0,0,0
22.25000000000009,471,0,0,0,0,0,0,0,0,0,0
22.30000000000009,453,0,0,0,0,0,0,0,0,0,0
22.35000000000009,502,0,0,0,0,0,0,0,0,0,0
22.40000000000009,462,0,0,0,0,0,0,0,0,0,0
22.45000000000009,437,0,0,0,0,0,0,0,0,0,0
22.500000000000092,461,0,0,0,0,0,0,0,0,0,0
22.550000000000093,463,0,0,0,0,0,0,0,0,0,0
22.600000000000094,459,0,0,0,0,0,0,0,0,0,0
22.650000000000095,452,0,0,0,0,0,0,0,0,0,0
22.700000000000095,441,0,0,0,0,0,0,0,0,0,0
22.750000000000096,508,0,0,0,0,0,0,0,0,0,0
22.800000000000097,448,0,0,0,0,0,0,0,0,0,0
22.850000000000097,466,0,0,0,0,0,0,0,0,0,0
22.900000000000098,489,0,0,0,0,0,0,0,0,0,0
22.9500000000001,471,0,0,0,0,0,0,0,0,0,0
23.0000000000001,437,0,0,0,0,0,0,0,0,0,0
23.0500000000001,451,0,0,0,0,0,0,0,0,0,0
23.1000000000001,422,0,0,0,0,0,0,0,0,0,0
23.1500000000001,495,0,0,0,0,0,0,0,0,0,0
23.200000000000102,441,0,0,0,0,0,0,0,0,0,0
23.250000000000103,496,0,0,0,0,0,0,0,0,0,0
23.300000000000104,448,0,0,0,0,0,0,0,0,0,0
23.350000000000104,507,0,0,0,0,0,0,0,0,0,0
23.400000000000105,494,0,0,0,0,0,0,0,0,0,0
23.450000000000106,477,0,0,0,0,0,0,0,0,0,0
23.500000000000107,451,0,0,0,0,0,0,0,0,0,0
23.550000000000107,475,0,0,0,0,0,0,0,0,0,0
23.600000000000108,434,0,0,0,0,0,0,0,0,0,0
23.65000000000011,469,0,0,0,0,0,0,0,0,0,0
23.70000000000011,427,0,0,0,0,0,0,0,0,0,0
23.75000000000011,471,0,0,0,0,0,0,0,0,0,0
23.80000000000011,439,0,0,0,0,0,0,0,0,0,0
23.85000000000011,489,0,0,0,0,0,0,0,0,0,0
23.900000000000112,460,0,0,0,0,0,0,0,0,0,0
23.950000000000113,487,0,0,0,0,0,0,0,0,0,0
24.000000000000114,497,0,0,0,0,0,0,0,0,0,0
24.050000000000114,455,0,0,0,0,0,0,0,0,0,0
24.100000000000115,455,0,0,0,0,0,0,0,0,0,0
24.150000000000116,494,0,0,0,0,0,0,0,0,0,0
24.200000000000117,479,0,0,0,0,0,0,0,0,0,0
24.250000000000117,435,0,0,0,0,0,0,0,0,0,0
24.300000000000118,470,0,0,0,0,0,0,0,0,0,0
24.35000000000012,455,0,0,0,0,0,0,0,0,0,0
24.40000000000012,464,0,0,0,0,0,0,0,0,0,0
24.45000000000012,457,0,0,0,0,0,0,0,0,0,0
24.50000000000012,456,0,0,0,0,0,0,0,0,0,0
24.55000000000012,471,0,0,0,0,0,0,0,0,0,0
24.600000000000122,464,0,0,0,0,0,0,0,0,0,0
24.650000000000123,480,0,0,0,0,0,0,0,0,0,0
24.700000000000124,465,0,0,0,0,0,0,0,0,0,0
24.750000000000124,454,0,0,0,0,0,0,0,0,0,0
24.800000000000125,465,0,0,0,0,0,0,0,0,0,0
24.850000000000126,460,0,0,0,0,0,0,0,0,0,0
24.900000000000126,471,0,0,0,0,0,0,0,0,0,0
24.950000000000127,489,0,0,0,0,0,0,0,0,0,0
25.000000000000128,463,0,0,0,0,0,0,0,0,0,0
25.05000000000013,450,0,0,0,0,0,0,0,0,0,0
25.10000000000013,450,0,0,0,0,0,0,0,0,0,0
25.15000000000013,482,0,0,0,0,0,0,0,0,0,0
25.20000000000013,456,0,0,0,0,0,0,0,0,0,0
25.25000000000013,455,0,0,0,0,0,0,0,0,0,0
25.300000000000132,456,0,0,0,0,0,0,0,0,0,0
25.350000000000133,480,0,0,0,0,0,0,0,0,0,0
25.400000000000134,479,0,0,0,0,0,0,0,0,0,0
25.450000000000134,437,0,0,0,0,0,0,0,0,0,0
25.500000000000135,439,0,0,0,0,0,0,0,0,0,0
25.550000000000136,477,0,0,0,0,0,0,0,0,0,0
25.600000000000136,491,0,0,0,0,0,0,0,0,0,0
25.650000000000137,485,0,0,0,0,0,0,0,0,0,0
25.700000000000138,460,0,0,0,0,0,0,0,0,0,0
25.75000000000014,471,0,0,0,0,0,0,0,0,0,0
25.80000000000014,474,0,0,0,0,0,0,0,0,0,0
25.85000000000014,485,0,0,0,0,0,0,0,0,0,0
25.90000000000014,465,0,0,0,0,0,0,0,0,0,0
25.95000000000014,481,0,0,0,0,0,0,0,0,0,0
26.000000000000142,450,0,0,0,0,0,0,0,0,0,0
26.050000000000143,466,0,0,0,0,0,0,0,0,0,0
26.100000000000144,470,0,0,0,0,0,0,0,0,0,0
26.150000000000144,467,0,0,0,0,0,0,0,0,0,0
26.200000000000145,462,0,0,0,0,0,0,0,0,0,0
26.250000000000146,445,0,0,0,0,0,0,0,0,0,0
26.300000000000146,446,0,0,0,0,0,0,0,0,0,0
26.350000000000147,440,0,0,0,0,0,0,0,0,0,0
26.400000000000148,480,0,0,0,0,0,0,0,0,0,0
26.45000000000015,451,0,0,0,0,0,0,0,0,0,0
26.50000000000015,487,0,0,0,0,0,0,0,0,0,0
26.55000000000015,456,0,0,0,0,0,0,0,0,0,0
26.60000000000015,436,0,0,0,0,0,0,0,0,0,0
26.65000000000015,521,0,0,0,0,0,0,0,0,0,0
26.700000000000152,424,0,0,0,0,0,0,0,0,0,0
26.750000000000153,477,0,0,0,0,0,0,0,0,0,0
26.800000000000153,452,0,0,0,0,0,0,0,0,0,0
26.850000000000154,456,0,0,0,0,0,0,0,0,0,0
26.900000000000155,500,0,0,0,0,0,0,0,0,0,0
26.950000000000156,467,0,0,0,0,0,0,0,0,0,0
27.000000000000156,465,0,0,0,0,0,0,0,0,0,0
27.050000000000157,467,0,0,0,0,0,0,0,0,0,0
27.100000000000158,476,0,0,0,0,0,0,0,0,0,0
27.15000000000016,453,0,0,0,0,0,0,0,0,0,0
27.20000000000016,442,0,0,0,0,0,0,0,0,0,0
27.25000000000016,488,0,0,0,0,0,0,0,0,0,0
27.30000000000016,474,0,0,0,0,0,0,0,0,0,0
27.35000000000016,433,0,0,0,0,0,0,0,0,0,0
27.400000000000162,503,0,0,0,0,0,0,0,0,0,0
27.450000000000163,490,0,0,0,0,0,0,0,0,0,0
27.500000000000163,448,0,0,0,0,0,0,0,0,0,0
27.550000000000164,480,0,0,0,0,0,0,0,0,0,0
27.600000000000165,451,0,0,0,0,0,0,0,0,0,0
27.650000000000166,427,0,0,0,0,0,0,0,0,0,0
27.700000000000166,467,0,0,0,0,0,0,0,0,0,0
27.750000000000167,512,0,0,0,0,0,0,0,0,0,0
27.800000000000168,470,0,0,0,0,0,0,0,0,0,0
27.85000000000017,477,0,0,0,0,0,0,0,0,0,0
27.90000000000017,479,0,0,0,0,0,0,0,0,0,0
27.95000000000017,440,0,0,0,0,0,0,0,0,0,0
28.00000000000017,433,0,0,0,0,0,0,0,0,0,0
28.05000000000017,447,0,0,0,0,0,0,0,0,0,0
28.100000000000172,487,0,0,0,0,0,0,0,0,0,0
28.150000000000173,443,0,0,0,0,0,0,0,0,0,0
28.200000000000173,486,0,0,0,0,0,0,0,0,0,0
28.250000000000174,453,0,0,0,0,0,0,0,0,0,0
28.300000000000175,434,0,0,0,0,0,0,0,0,0,0
28.350000000000176,493,0,0,0,0,0,0,0,0,0,0
28.400000000000176,475,0,0,0,0,0,0,0,0,0,0
28.450000000000177,470,0,0,0,0,0,0,0,0,0,0
28.500000000000178,451,0,0,0,0,0,0,0,0,0,0
28.55000000000018,441,0,0,0,0,0,0,0,0,0,0
28.60000000000018,430,0,0,0,0,0,0,0,0,0,0
28.65000000000018,492,0,0,0,0,0,0,0,0,0,0
28.70000000000018,487,0,0,0,0,0,0,0,0,0,0
28.75000000000018,426,0,0,0,0,0,0,0,0,0,0
28.800000000000182,429,0,0,0,0,0,0,0,0,0,0
28.850000000000183,475,0,0,0,0,0,0,0,0,0,0
28.900000000000183,438,0,0,0,0,0,0,0,0,0,0
28.950000000000184,512,0,0,0,0,0,0,0,0,0,0
29.000000000000185,434,0,0,0,0,0,0,0,0,0,0
29.050000000000185,491,0,0,0,0,0,0,0,0,0,0
29.100000000000186,473,0,0,0,0,0,0,0,0,0,0
29.150000000000187,436,0,0,0,0,0,0,0,0,0,0
29.200000000000188,468,0,0,0,0,0,0,0,0,0,0
29.25000000000019,444,0,0,0,0,0,0,0,0,0,0
29.30000000000019,476,0,0,0,0,0,0,0,0,0,0
29.35000000000019,460,0,0,0,0,0,0,0,0,0,0
29.40000000000019,457,0,0,0,0,0,0,0,0,0,0
29.45000000000019,456,0,0,0,0,0,0,0,0,0,0
29.500000000000192,449,0,0,0,0,0,0,0,0,0,0
29.550000000000193,477,0,0,0,0,0,0,0,0,0,0
29.600000000000193,479,0,0,0,0,0,0,0,0,0,0
29.650000000000194,443,0,0,0,0,0,0,0,0,0,0
29.700000000000195,466,0,0,0,0,0,0,0,0,0,0
29.750000000000195,487,0,0,0,0,0,0,0,0,0,0
29.800000000000196,484,0,0,0,0,0,0,0,0,0,0
29.850000000000197,500,0,0,0,0,0,0,0,0,0,0
29.900000000000198,481,0,0,0,0,0,0,0,0,0,0
29.9500000000002,456,0,0,0,0,0,0,0,0,0,0
30.0000000000002,435,0,0,0,0,0,0,0,0,0,0
30.0500000000002,446,0,0,0,0,0,0,0,0,0,0
30.1000000000002,496,0,0,0,0,0,0,0,0,0,0
30.1500000000002,458,0,0,0,0,0,0,0,0,0,0
30.200000000000202,429,0,0,0,0,0,0,0,0,0,0
30.250000000000203,469,0,0,0,0,0,0,0,0,0,0
30.300000000000203,475,0,0,0,0,0,0,0,0,0,0
30.350000000000204,494,0,0,0,0,0,0,0,0,0,0
30.400000000000205,468,0,0,0,0,0,0,0,0,0,0
30.450000000000205,485,0,0,0,0,0,0,0,0,0,0
30.500000000000206,484,0,0,0,0,0,0,0,0,0,0
30.550000000000207,440,0,0,0,0,0,0,0,0,0,0
30.600000000000207,467,0,0,0,0,0,0,0,0,0,0
30.650000000000208,448,0,0,0,0,0,0,0,0,0,0
30.70000000000021,459,0,0,0,0,0,0,0,0,0,0
30.75000000000021,507,0,0,0,0,0,0,0,0,0,0
30.80000000000021,522,0,0,0,0,0,0,0,0,0,0
30.85000000000021,434,0,0,0,0,0,0,0,0,0,0
30.90000000000021,475,0,0,0,0,0,0,0,0,0,0
30.950000000000212,459,0,0,0,0,0,0,0,0,0,0
31.000000000000213,454,0,0,0,0,0,0,0,0,0,0
31.050000000000214,417,0,0,0,0,0,0,0,0,0,0
31.100000000000215,472,0,0,0,0,0,0,0,0,0,0
31.150000000000215,491,0,0,0,0,0,0,0,0,0,0
31.200000000000216,422,0,0,0,0,0,0,0,0,0,0
31.250000000000217,443,0,0,0,0,0,0,0,0,0,0
31.300000000000217,461,0,0,0,0,0,0,0,0,0,0
31.350000000000218,454,0,0,0,0,0,0,0,0,0,0
31.40000000000022,454,0,0,0,0,0,0,0,0,0,0
31.45000000000022,469,0,0,0,0,0,0,0,0,0,0
31.50000000000022,461,0,0,0,0,0,0,0,0,0,0
31.55000000000022,507,0,0,0,0,0,0,0,0,0,0
31.60000000000022,460,0,0,0,0,0,0,0,0,0,0
31.650000000000222,490,0,0,0,0,0,0,0,0,0,0
31.700000000000223,465,0,0,0,0,0,0,0,0,0,0
31.750000000000224,477,0,0,0,0,0,0,0,0,0,0
31.800000000000225,469,0,0,0,0,0,0,0,0,0,0
31.850000000000225,426,0,0,0,0,0,0,0,0,0,0
31.900000000000226,449,0,0,0,0,0,0,0,0,0,0
31.950000000000227,488,0,0,0,0,0,0,0,0,0,0
32.00000000000023,420,0,0,0,0,0,0,0,0,0,0
32.050000000000225,418,0,0,0,0,0,0,0,0,0,0
32.10000000000022,383,0,0,0,0,0,0,0,0,0,0
32.15000000000022,422,0,0,0,0,0,0,0,0,0,0
32.200000000000216,365,0,0,0,0,0,0,0,0,0,0
32.25000000000021,345,0,0,0,0,0,0,0,0,0,0
32.30000000000021,307,0,0,0,0,0,0,0,0,0,0
32.35000000000021,285,0,0,0,0,0,0,0,0,0,0
32.400000000000205,281,0,0,0,0,0,0,0,0,0,0
32.4500000000002,267,0,0,0,0,0,0,0,0,0,0
32.5000000000002,220,0,0,0,0,0,0,0,0,0,0
32.550000000000196,216,0,0,0,0,0,0,0,0,0,0
32.60000000000019,153,0,0,0,0,0,0,0,0,0,0
32.65000000000019,136,0,0,0,0,0,0,0,0,0,0
32.70000000000019,132,0,0,0,0,0,0,0,0,0,0
32.750000000000185,104,0,0,0,0,0,0,0,0,0,0
32.80000000000018,80,0,0,0,0,0,0,0,0,0,0
32.85000000000018,56,0,0,0,0,0,0,0,0,0,0
32.900000000000176,40,0,0,0,0,0,0,0,0,0,0
32.95000000000017,11,0,0,0,0,0,0,0,0,0,0
33.00000000000017,0,0,0,0,0,0,0,0,0,0,0
33.05000000000017,0,0,0,0,0,0,0,0,0,0,0
33.100000000000165,0,0,0,0,0,0,0,0,0,0,0
33.15000000000016,0,0,0,0,0,0,0,0,0,0,0
33.20000000000016,0,0,0,0,0,0,0,0,0,0,0
33.250000000000156,0,0,0,0,0,0,0,0,0,0,0
33.30000000000015,0,0,0,0,0,0,0,0,0,0,0
33.35000000000015,0,0,0,0,0,0,0,0,0,0,0
33.40000000000015,0,0,0,0,0,0,0,0,0,0,0
33.450000000000145,0,0,0,0,0,0,0,0,0,0,0
33.50000000000014,0,0,0,0,0,0,0,0,0,0,0
33.55000000000014,0,0,0,0,0,0,0,0,0,0,0
33.600000000000136,0,0,0,0,0,0,0,0,0,0,0
33.650000000000134,0,0,0,0,0,0,0,0,0,0,0
33.70000000000013,0,0,0,0,0,0,0,0,0,0,0
33.75000000000013,0,0,0,0,0,0,0,0,0,0,0
33.800000000000125,0,0,0,0,0,0,0,0,0,0,0
33.85000000000012,0,0,0,0,0,0,0,0,0,0,0
33.90000000000012,0,0,0,0,0,0,0,0,0,0,0
33.95000000000012,0,0,0,0,0,0,0,0,0,0,0
34.000000000000114,0,0,0,0,0,0,0,0,0,0,0
34.05000000000011,0,0,0,0,0,0,0,0,0,0,0
34.10000000000011,0,0,0,0,0,0,0,0,0,0,0
34.150000000000105,0,0,0,0,0,0,0,0,0,0,0
34.2000000000001,0,0,0,0,0,0,0,0,0,0,0
34.2500000000001,0,0,0,0,0,0,0,0,0,0,0
34.3000000000001,0,0,0,0,0,0,0,0,0,0,0
34.350000000000094,0,0,0,0,0,0,0,0,0,0,0
34.40000000000009,0,0,0,0,0,0,0,0,0,0,0
34.45000000000009,0,0,0,0,0,0,0,0,0,0,0
34.500000000000085,0,0,0,0,0,0,0,0,0,0,0
34.55000000000008,0,0,0,0,0,0,0,0,0,0,0
34.60000000000008,0,0,0,0,0,0,0,0,0,0,0
34.65000000000008,0,0,0,0,0,0,0,0,0,0,0
34.700000000000074,0,0,0,0,0,0,0,0,0,0,0
34.75000000000007,0,0,0,0,0,0,0,0,0,0,0
34.80000000000007,0,0,0,0,0,0,0,0,0,0,0
34.850000000000065,0,0,0,0,0,0,0,0,0,0,0
34.90000000000006,0,0,0,0,0,0,0,0,0,0,0
34.95000000000006,0,0,0,0,0,0,0,0,0,0,0
35.00000000000006,0,0,0,0,0,0,0,0,0,0,0
35.050000000000054,0,0,0,0,0,0,0,0,0,0,0
35.10000000000005,0,0,0,0,0,0,0,0,0,0,0
35.15000000000005,0,0,0,0,0,0,0,0,0,0,0
35.200000000000045,0,0,0,0,0,0,0,0,0,0,0
35.25000000000004,0,0,0,0,0,0,0,0,0,0,0
35.30000000000004,0,0,0,0,0,0,0,0,0,0,0
35.35000000000004,0,0,0,0,0,0,0,0,0,0,0
35.400000000000034,0,0,0,0,0,0,0,0,0,0,0
35.45000000000003,0,0,0,0,0,0,0,0,0,0,0
35.50000000000003,0,0,0,0,0,0,0,0,0,0,0
35.550000000000026,0,0,0,0,0,0,0,0,0,0,0
35.60000000000002,0,0,0,0,0,0,0,0,0,0,0
35.65000000000002,0,0,0,0,0,0,0,0,0,0,0
35.70000000000002,0,0,0,0,0,0,0,0,0,0,0
35.750000000000014,0,0,0,0,0,0,0,0,0,0,0
35.80000000000001,0,0,0,0,0,0,0,0,0,0,0
35.85000000000001,0,0,0,0,0,0,0,0,0,0,0
35.900000000000006,0,0,0,0,0,0,0,0,0,0,0
35.95,0,0,0,0,0,0,0,0,0,0,0
36.0,0,0,0,0,0,0,0,0,0,0,0
36.05,0,0,0,0,0,0,0,0,0,0,0
36.099999999999994,0,0,0,0,0,0,0,0,0,0,0
36.14999999999999,0,0,0,0,0,0,0,0,0,0,0
36.19999999999999,0,0,0,0,0,0,0,0,0,0,0
36.249999999999986,0,0,0,0,0,0,0,0,0,0,0
36.29999999999998,0,0,0,0,0,0,0,0,0,0,0
36.34999999999998,0,0,0,0,0,0,0,0,0,0,0
36.39999999999998,0,0,0,0,0,0,0,0,0,0,0
36.449999999999974,0,0,0,0,0,0,0,0,0,0,0
36.49999999999997,0,0,0,0,0,0,0,0,0,0,0
36.54999999999997,0,0,0,0,0,0,0,0,0,0,0
36.599999999999966,0,0,0,0,0,0,0,0,0,0,0
36.64999999999996,0,0,0,0,0,0,0,0,0,0,0
36.69999999999996,0,0,0,0,0,0,0,0,0,0,0
36.74999999999996,0,0,0,0,0,0,0,0,0,0,0
36.799999999999955,0,0,0,0,0,0,0,0,0,0,0
36.84999999999995,0,0,0,0,0,0,0,0,0,0,0
36.89999999999995,0,0,0,0,0,0,0,0,0,0,0
36.949999999999946,0,0,0,0,0,0,0,0,0,0,0
36.99999999999994,0,0,0,0,0,0,0,0,0,0,0
37.04999999999994,0,0,0,0,0,0,0,0,0,0,0
37.09999999999994,0,0,0,0,0,0,0,0,0,0,0
37.149999999999935,0,0,0,0,0,0,0,0,0,0,0
37.19999999999993,0,0,0,0,0,0,0,0,0,0,0
37.24999999999993,0,0,0,0,0,0,0,0,0,0,0
37.299999999999926,0,0,0,0,0,0,0,0,0,0,0
37.34999999999992,0,0,0,0,0,0,0,0,0,0,0
37.39999999999992,0,0,0,0,0,0,0,0,0,0,0
37.44999999999992,0,0,0,0,0,0,0,0,0,0,0
37.499999999999915,0,0,0,0,0,0,0,0,0,0,0
37.54999999999991,0,0,0,0,0,0,0,0,0,0,0
37.59999999999991,0,0,0,0,0,0,0,0,0,0,0
37.649999999999906,0,0,0,0,0,0,0,0,0,0,0
37.6999999999999,0,0,0,0,0,0,0,0,0,0,0
37.7499999999999,0,0,0,0,0,0,0,0,0,0,0
37.7999999999999,0,0,0,0,0,0,0,0,0,0,0
37.849999999999895,0,0,0,0,0,0,0,0,0,0,0
37.89999999999989,0,0,0,0,0,0,0,0,0,0,0
37.94999999999989,0,0,0,0,0,0,0,0,0,0,0
37.999999999999886,0,0,0,0,0,0,0,0,0,0,0
38.04999999999988,0,0,0,0,0,0,0,0,0,0,0
38.09999999999988,0,0,0,0,0,0,0,0,0,0,0
38.14999999999988,0,0,0,0,0,0,0,0,0,0,0
38.199999999999875,0,0,0,0,0,0,0,0,0,0,0
38.24999999999987,0,0,0,0,0,0,0,0,0,0,0
38.29999999999987,0,0,0,0,0,0,0,0,0,0,0
38.349999999999866,0,0,0,0,0,0,0,0,0,0,0
38.399999999999864,0,0,0,0,0,0,0,0,0,0,0
38.44999999999986,0,0,0,0,0,0,0,0,0,0,0
38.49999999999986,0,0,0,0,0,0,0,0,0,0,0
38.549999999999855,0,0,0,0,0,0,0,0,0,0,0
38.59999999999985,0,0,0,0,0,0,0,0,0,0,0
38.64999999999985,0,0,0,0,0,0,0,0,0,0,0
38.69999999999985,0,0,0,0,0,0,0,0,0,0,0
38.749999999999844,0,0,0,0,0,0,0,0,0,0,0
38.79999999999984,0,0,0,0,0,0,0,0,0,0,0
38.84999999999984,0,0,0,0,0,0,0,0,0,0,0
38.899999999999835,0,0,0,0,0,0,0,0,0,0,0
38.94999999999983,0,0,0,0,0,0,0,0,0,0,0
38.99999999999983,0,0,0,0,0,0,0,0,0,0,0
39.04999999999983,0,0,0,0,0,0,0,0,0,0,0
39.099999999999824,0,0,0,0,0,0,0,0,0,0,0
39.14999999999982,0,0,0,0,0,0,0,0,0,0,0
39.19999999999982,0,0,0,0,0,0,0,0,0,0,0
39.249999999999815,0,0,0,0,0,0,0,0,0,0,0
39.29999999999981,0,0,0,0,0,0,0,0,0,0,0
39.34999999999981,0,0,0,0,0,0,0,0,0,0,0
39.39999999999981,0,0,0,0,0,0,0,0,0,0,0
39.449999999999804,0,0,0,0,0,0,0,0,0,0,0
39.4999999999998,0,0,0,0,0,0,0,0,0,0,0
39.5499999999998,0,0,0,0,0,0,0,0,0,0,0
39.599999999999795,0,0,0,0,0,0,0,0,0,0,0
39.64999999999979,0,0,0,0,0,0,0,0,0,0,0
39.69999999999979,0,0,0,0,0,0,0,0,0,0,0
39.74999999999979,0,0,0,0,0,0,0,0,0,0,0
39.799999999999784,0,0,0,0,0,0,0,0,0,0,0
39.84999999999978,0,0,0,0,0,0,0,0,0,0,0
39.89999999999978,0,0,0,0,0,0,0,0,0,0,0
39.949999999999775,0,0,0,0,0,0,0,0,0,0,0
39.99999999999977,0,0,0,0,0,0,0,0,0,0,0
40.04999999999977,0,0,0,0,0,0,0,0,0,0,0
40.09999999999977,0,0,0,0,0,0,0,0,0,0,0
40.149999999999764,0,0,0,0,0,0,0,0,0,0,0
40.19999999999976,0,0,0,0,0,0,0,0,0,0,0
40.24999999999976,0,0,0,0,0,0,0,0,0,0,0
40.299999999999756,0,0,0,0,0,0,0,0,0,0,0
40.34999999999975,0,0,0,0,0,0,0,0,0,0,0
40.39999999999975,0,0,0,0,0,0,0,0,0,0,0
40.44999999999975,0,0,0,0,0,0,0,0,0,0,0
40.499999999999744,0,0,0,0,0,0,0,0,0,0,0
40.54999999999974,0,0,0,0,0,0,0,0,0,0,0
40.59999999999974,0,0,0,0,0,0,0,0,0,0,0
40.649999999999736,0,0,0,0,0,0,0,0,0,0,0
40.69999999999973,0,0,0,0,0,0,0,0,0,0,0
40.74999999999973,0,0,0,0,0,0,0,0,0,0,0
40.79999999999973,0,0,0,0,0,0,0,0,0,0,0
40.849999999999724,0,0,0,0,0,0,0,0,0,0,0
40.89999999999972,0,0,0,0,0,0,0,0,0,0,0
40.94999999999972,0,0,0,0,0,0,0,0,0,0,0
40.999999999999716,0,0,0,0,0,0,0,0,0,0,0
41.04999999999971,0,0,0,0,0,0,0,0,0,0,0
41.09999999999971,0,0,0,0,0,0,0,0,0,0,0
41.14999999999971,0,0,0,0,0,0,0,0,0,0,0
41.199999999999704,0,0,0,0,0,0,0,0,0,0,0
41.2499999999997,0,0,0,0,0,0,0,0,0,0,0
41.2999999999997,0,0,0,0,0,0,0,0,0,0,0
41.349999999999696,0,0,0,0,0,0,0,0,0,0,0
41.39999999999969,0,0,0,0,0,0,0,0,0,0,0
41.44999999999969,0,0,0,0,0,0,0,0,0,0,0
41.49999999999969,0,0,0,0,0,0,0,0,0,0,0
41.549999999999685,0,0,0,0,0,0,0,0,0,0,0
*****
16,0.05,500,0,0.4,10,100,0.261843996326,0.0426836366557
16,500,500,500,500,500,0,0,0,0,0,0
16.05,492,492,492,492,492,0,0,0,0,0,0
16.1,457,457,457,457,457,0,0,0,0,0,0
16.150000000000002,439,439,439,439,439,0,0,0,0,0,0
16.200000000000003,504,504,504,504,504,0,0,0,0,0,0
16.250000000000004,470,470,470,470,470,0,0,0,0,0,0
16.300000000000004,493,493,493,493,493,0,0,0,0,0,0
16.350000000000005,438,438,438,438,438,0,0,0,0,0,0
16.400000000000006,452,452,452,452,452,0,0,0,0,0,0
16.450000000000006,495,495,495,495,495,0,0,0,0,0,0
16.500000000000007,502,502,502,502,502,0,0,0,0,0,0
16.550000000000008,451,451,451,451,451,0,0,0,0,0,0
16.60000000000001,465,465,465,465,465,0,0,0,0,0,0
16.65000000000001,472,472,472,472,472,0,0,0,0,0,0
16.70000000000001,443,443,443,443,443,0,0,0,0,0,0
16.75000000000001,471,471,471,471,471,0,0,0,0,0,0
16.80000000000001,486,486,486,486,486,0,0,0,0,0,0
16.850000000000012,473,473,473,473,473,0,0,0,0,0,0
16.900000000000013,473,473,473,473,473,0,0,0,0,0,0
16.950000000000014,498,498,498,498,498,0,0,0,0,0,0
17.000000000000014,490,490,490,489,490,0,0,0,0,0,0
17.050000000000015,456,456,456,456,456,0,0,0,0,0,0
17.100000000000016,462,462,462,460,462,0,0,0,0,0,0
17.150000000000016,469,469,469,469,469,0,0,0,0,0,0
17.200000000000017,459,459,459,459,459,0,0,0,0,0,0
17.250000000000018,484,484,484,484,484,0,0,0,0,0,0
17.30000000000002,449,449,449,448,449,0,0,0,0,0,0
17.35000000000002,475,475,475,475,475,0,0,0,0,0,0
17.40000000000002,468,468,468,468,468,0,0,0,0,0,0
17.45000000000002,466,466,466,465,466,0,0,0,0,0,0
17.50000000000002,436,436,436,436,436,0,0,0,0,0,0
17.550000000000022,468,468,468,468,468,0,0,0,0,0,0
17.600000000000023,488,488,488,487,488,0,0,0,0,0,0
17.650000000000023,443,443,443,442,443,0,0,0,0,0,0
17.700000000000024,464,464,464,463,464,0,0,0,0,0,0
17.750000000000025,475,475,475,475,475,0,0,0,0,0,0
17.800000000000026,499,499,499,499,499,0,0,0,0,0,0
17.850000000000026,458,458,458,458,458,0,0,0,0,0,0
17.900000000000027,531,531,531,531,531,0,0,0,0,0,0
17.950000000000028,487,487,487,486,487,0,0,0,0,0,0
18.00000000000003,455,455,455,455,455,0,0,0,0,0,0
18.05000000000003,450,450,450,450,450,0,0,0,0,0,0
18.10000000000003,443,443,443,443,443,0,0,0,0,0,0
18.15000000000003,457,457,457,457,457,0,0,0,0,0,0
18.20000000000003,475,475,475,474,475,0,0,0,0,0,0
18.250000000000032,472,472,471,472,472,0,0,0,0,0,0
18.300000000000033,487,487,487,486,487,0,0,0,0,0,0
18.350000000000033,478,478,478,478,478,0,0,0,0,0,0
18.400000000000034,489,489,489,487,489,0,0,0,0,0,0
18.450000000000035,467,467,466,467,467,0,0,0,0,0,0
18.500000000000036,450,450,449,446,450,0,0,0,0,0,0
18.550000000000036,472,472,471,472,472,0,0,0,0,0,0
18.600000000000037,450,450,448,449,450,0,0,0,0,0,0
18.650000000000038,483,483,483,483,483,0,0,0,0,0,0
18.70000000000004,478,478,476,478,478,0,0,0,0,0,0
18.75000000000004,432,432,430,431,432,0,0,0,0,0,0
18.80000000000004,471,471,470,471,471,0,0,0,0,0,0
18.85000000000004,453,453,451,452,453,0,0,0,0,0,0
18.90000000000004,470,470,469,470,470,0,0,0,0,0,0
18.950000000000042,440,440,435,439,440,0,0,0,0,0,0
19.000000000000043,546,546,542,545,546,0,0,0,0,0,0
19.050000000000043,494,494,485,493,494,0,0,0,0,0,0
19.100000000000044,484,484,478,483,484,0,0,0,0,0,0
19.150000000000045,459,459,452,459,459,0,0,0,0,0,0
19.200000000000045,468,468,454,467,468,0,0,0,0,0,0
19.250000000000046,477,477,460,476,477,0,0,0,0,0,0
19.300000000000047,479,477,463,478,478,0,0,0,0,0,0
19.350000000000048,473,473,456,473,473,0,0,0,0,0,0
19.40000000000005,467,465,439,466,466,0,0,0,0,0,0
19.45000000000005,477,477,447,476,477,0,0,0,0,0,0
19.50000000000005,455,448,413,453,448,0,0,0,0,0,0
19.55000000000005,462,460,420,460,460,0,0,0,0,0,0
19.60000000000005,456,450,405,455,453,0,0,0,0,0,0
19.650000000000052,461,459,416,457,459,0,0,0,0,0,0
19.700000000000053,468,463,421,467,464,0,0,0,0,0,0
19.750000000000053,504,493,438,499,493,0,0,0,0,0,0
19.800000000000054,468,458,380,467,461,0,0,0,0,0,0
19.850000000000055,454,430,362,446,436,0,0,0,0,0,0
19.900000000000055,457,438,369,446,440,0,0,0,0,0,0
19.950000000000056,481,457,373,476,460,0,0,0,0,0,0
20.000000000000057,469,433,352,466,438,0,0,0,0,0,0
20.050000000000058,470,435,335,459,437,0,0,0,0,0,0
20.10000000000006,480,422,313,463,430,0,0,0,0,0,0
20.15000000000006,458,402,300,433,406,0,0,0,0,0,0
20.20000000000006,498,438,300,481,443,0,0,0,0,0,0
20.25000000000006,471,397,270,443,403,0,0,0,0,0,0
20.30000000000006,454,368,256,418,375,0,0,0,0,0,0
20.350000000000062,486,390,254,434,395,0,0,0,0,0,0
20.400000000000063,501,378,248,447,386,0,0,0,0,0,0
20.450000000000063,430,316,189,375,327,0,0,0,0,0,0
20.500000000000064,501,339,223,418,349,0,0,0,0,0,0
20.550000000000065,443,276,150,346,289,0,0,0,0,0,0
20.600000000000065,433,254,142,322,267,0,0,0,0,0,0
20.650000000000066,461,251,135,336,265,0,0,0,0,0,0
20.700000000000067,510,265,139,350,270,0,0,0,0,0,0
20.750000000000068,480,233,125,321,249,0,0,0,0,0,0
20.800000000000068,483,218,94,311,233,0,0,0,0,0,0
20.85000000000007,485,183,91,270,191,0,0,0,0,0,0
20.90000000000007,493,178,90,253,188,0,0,0,0,0,0
20.95000000000007,477,154,57,232,159,0,0,0,0,0,0
21.00000000000007,445,115,51,174,119,0,0,0,0,0,0
21.05000000000007,481,116,47,195,126,0,0,0,0,0,0
21.100000000000072,500,116,56,186,121,0,0,0,0,0,0
21.150000000000073,466,77,34,149,86,0,0,0,0,0,0
21.200000000000074,475,78,27,141,87,0,0,0,0,0,0
21.250000000000075,455,62,31,101,64,0,0,0,0,0,0
21.300000000000075,477,44,17,86,48,0,0,0,0,0,0
21.350000000000076,444,48,13,78,51,0,0,0,0,0,0
21.400000000000077,449,41,14,65,46,0,0,0,0,0,0
21.450000000000077,442,29,13,55,32,0,0,0,0,0,0
21.500000000000078,488,24,5,48,25,0,0,0,0,0,0
21.55000000000008,472,22,7,41,25,0,0,0,0,0,0
21.60000000000008,497,11,2,20,11,0,0,0,0,0,0
21.65000000000008,504,13,4,23,15,0,0,0,0,0,0
21.70000000000008,464,11,9,16,12,0,0,0,0,0,0
21.75000000000008,440,9,4,16,10,0,0,0,0,0,0
21.800000000000082,437,5,2,9,5,0,0,0,0,0,0
21.850000000000083,473,6,3,11,6,0,0,0,0,0,0
21.900000000000084,495,7,3,7,7,0,0,0,0,0,0
21.950000000000085,473,1,0,1,1,0,0,0,0,0,0
22.000000000000085,434,1,0,0,1,0,0,0,0,0,0
22.050000000000086,496,1,0,2,2,0,0,0,0,0,0
22.100000000000087,480,2,0,5,5,0,0,0,0,0,0
22.150000000000087,453,2,0,2,2,0,0,0,0,0,0
22.200000000000088,469,0,0,0,0,0,0,0,0,0,0
22.25000000000009,446,0,0,0,0,0,0,0,0,0,0
22.30000000000009,500,0,0,1,0,0,0,0,0,0,0
22.35000000000009,490,0,0,0,0,0,0,0,0,0,0
22.40000000000009,448,0,0,0,0,0,0,0,0,0,0
22.45000000000009,478,0,0,0,0,0,0,0,0,0,0
22.500000000000092,464,0,0,0,0,0,0,0,0,0,0
22.550000000000093,514,0,0,0,0,0,0,0,0,0,0
22.600000000000094,463,0,0,0,0,0,0,0,0,0,0
22.650000000000095,489,0,0,0,0,0,0,0,0,0,0
22.700000000000095,493,0,0,0,0,0,0,0,0,0,0
22.750000000000096,483,0,0,0,0,0,0,0,0,0,0
22.800000000000097,454,0,0,0,0,0,0,0,0,0,0
22.850000000000097,456,0,0,0,0,0,0,0,0,0,0
22.900000000000098,461,0,0,0,0,0,0,0,0,0,0
22.9500000000001,484,0,0,0,0,0,0,0,0,0,0
23.0000000000001,504,0,0,0,0,0,0,0,0,0,0
23.0500000000001,487,0,0,0,0,0,0,0,0,0,0
23.1000000000001,473,0,0,0,0,0,0,0,0,0,0
23.1500000000001,494,0,0,0,0,0,0,0,0,0,0
23.200000000000102,492,0,0,0,0,0,0,0,0,0,0
23.250000000000103,499,0,0,0,0,0,0,0,0,0,0
23.300000000000104,458,0,0,0,0,0,0,0,0,0,0
23.350000000000104,457,0,0,0,0,0,0,0,0,0,0
23.400000000000105,450,0,0,0,0,0,0,0,0,0,0
23.450000000000106,499,0,0,0,0,0,0,0,0,0,0
23.500000000000107,462,0,0,0,0,0,0,0,0,0,0
23.550000000000107,486,0,0,0,0,0,0,0,0,0,0
23.600000000000108,454,0,0,0,0,0,0,0,0,0,0
23.65000000000011,484,0,0,0,0,0,0,0,0,0,0
23.70000000000011,459,0,0,0,0,0,0,0,0,0,0
23.75000000000011,459,0,0,0,0,0,0,0,0,0,0
23.80000000000011,497,0,0,0,0,0,0,0,0,0,0
23.85000000000011,482,0,0,0,0,0,0,0,0,0,0
23.900000000000112,487,0,0,0,0,0,0,0,0,0,0
23.950000000000113,484,0,0,0,0,0,0,0,0,0,0
24.000000000000114,470,0,0,0,0,0,0,0,0,0,0
24.050000000000114,466,0,0,0,0,0,0,0,0,0,0
24.100000000000115,461,0,0,0,0,0,0,0,0,0,0
24.150000000000116,486,0,0,0,0,0,0,0,0,0,0
24.200000000000117,476,0,0,0,0,0,0,0,0,0,0
24.250000000000117,454,0,0,0,0,0,0,0,0,0,0
24.300000000000118,490,0,0,0,0,0,0,0,0,0,0
24.35000000000012,464,0,0,0,0,0,0,0,0,0,0
24.40000000000012,463,0,0,0,0,0,0,0,0,0,0
24.45000000000012,481,0,0,0,0,0,0,0,0,0,0
24.50000000000012,469,0,0,0,0,0,0,0,0,0,0
24.55000000000012,460,0,0,0,0,0,0,0,0,0,0
24.600000000000122,453,0,0,0,0,0,0,0,0,0,0
24.650000000000123,478,0,0,0,0,0,0,0,0,0,0
24.700000000000124,495,0,0,0,0,0,0,0,0,0,0
24.750000000000124,470,0,0,0,0,0,0,0,0,0,0
24.800000000000125,477,0,0,0,0,0,0,0,0,0,0
24.850000000000126,478,0,0,0,0,0,0,0,0,0,0
24.900000000000126,491,0,0,0,0,0,0,0,0,0,0
24.950000000000127,523,0,0,0,0,0,0,0,0,0,0
25.000000000000128,468,0,0,0,0,0,0,0,0,0,0
25.05000000000013,470,0,0,0,0,0,0,0,0,0,0
25.10000000000013,446,0,0,0,0,0,0,0,0,0,0
25.15000000000013,476,0,0,0,0,0,0,0,0,0,0
25.20000000000013,492,0,0,0,0,0,0,0,0,0,0
25.25000000000013,462,0,0,0,0,0,0,0,0,0,0
25.300000000000132,461,0,0,0,0,0,0,0,0,0,0
25.350000000000133,466,0,0,0,0,0,0,0,0,0,0
25.400000000000134,483,0,0,0,0,0,0,0,0,0,0
25.450000000000134,482,0,0,0,0,0,0,0,0,0,0
25.500000000000135,481,0,0,0,0,0,0,0,0,0,0
25.550000000000136,439,0,0,0,0,0,0,0,0,0,0
25.600000000000136,443,0,0,0,0,0,0,0,0,0,0
25.650000000000137,487,0,0,0,0,0,0,0,0,0,0
25.700000000000138,494,0,0,0,0,0,0,0,0,0,0
25.75000000000014,457,0,0,0,0,0,0,0,0,0,0
25.80000000000014,480,0,0,0,0,0,0,0,0,0,0
25.85000000000014,456,0,0,0,0,0,0,0,0,0,0
25.90000000000014,463,0,0,0,0,0,0,0,0,0,0
25.95000000000014,495,0,0,0,0,0,0,0,0,0,0
26.000000000000142,467,0,0,0,0,0,0,0,0,0,0
26.050000000000143,451,0,0,0,0,0,0,0,0,0,0
26.100000000000144,511,0,0,0,0,0,0,0,0,0,0
26.150000000000144,508,0,0,0,0,0,0,0,0,0,0
26.200000000000145,451,0,0,0,0,0,0,0,0,0,0
26.250000000000146,476,0,0,0,0,0,0,0,0,0,0
26.300000000000146,445,0,0,0,0,0,0,0,0,0,0
26.350000000000147,499,0,0,0,0,0,0,0,0,0,0
26.400000000000148,411,0,0,0,0,0,0,0,0,0,0
26.45000000000015,475,0,0,0,0,0,0,0,0,0,0
26.50000000000015,479,0,0,0,0,0,0,0,0,0,0
26.55000000000015,504,0,0,0,0,0,0,0,0,0,0
26.60000000000015,447,0,0,0,0,0,0,0,0,0,0
26.65000000000015,495,0,0,0,0,0,0,0,0,0,0
26.700000000000152,455,0,0,0,0,0,0,0,0,0,0
26.750000000000153,489,0,0,0,0,0,0,0,0,0,0
26.800000000000153,461,0,0,0,0,0,0,0,0,0,0
26.850000000000154,477,0,0,0,0,0,0,0,0,0,0
26.900000000000155,486,0,0,0,0,0,0,0,0,0,0
26.950000000000156,488,0,0,0,0,0,0,0,0,0,0
27.000000000000156,436,0,0,0,0,0,0,0,0,0,0
27.050000000000157,508,0,0,0,0,0,0,0,0,0,0
27.100000000000158,445,0,0,0,0,0,0,0,0,0,0
27.15000000000016,490,0,0,0,0,0,0,0,0,0,0
27.20000000000016,496,0,0,0,0,0,0,0,0,0,0
27.25000000000016,501,0,0,0,0,0,0,0,0,0,0
27.30000000000016,461,0,0,0,0,0,0,0,0,0,0
27.35000000000016,450,0,0,0,0,0,0,0,0,0,0
27.400000000000162,444,0,0,0,0,0,0,0,0,0,0
27.450000000000163,521,0,0,0,0,0,0,0,0,0,0
27.500000000000163,466,0,0,0,0,0,0,0,0,0,0
27.550000000000164,437,0,0,0,0,0,0,0,0,0,0
27.600000000000165,505,0,0,0,0,0,0,0,0,0,0
27.650000000000166,470,0,0,0,0,0,0,0,0,0,0
27.700000000000166,460,0,0,0,0,0,0,0,0,0,0
27.750000000000167,458,0,0,0,0,0,0,0,0,0,0
27.800000000000168,464,0,0,0,0,0,0,0,0,0,0
27.85000000000017,475,0,0,0,0,0,0,0,0,0,0
27.90000000000017,468,0,0,0,0,0,0,0,0,0,0
27.95000000000017,442,0,0,0,0,0,0,0,0,0,0
28.00000000000017,490,0,0,0,0,0,0,0,0,0,0
28.05000000000017,469,0,0,0,0,0,0,0,0,0,0
28.100000000000172,502,0,0,0,0,0,0,0,0,0,0
28.150000000000173,484,0,0,0,0,0,0,0,0,0,0
28.200000000000173,475,0,0,0,0,0,0,0,0,0,0
28.250000000000174,460,0,0,0,0,0,0,0,0,0,0
28.300000000000175,498,0,0,0,0,0,0,0,0,0,0
28.350000000000176,481,0,0,0,0,0,0,0,0,0,0
28.400000000000176,423,0,0,0,0,0,0,0,0,0,0
28.450000000000177,495,0,0,0,0,0,0,0,0,0,0
28.500000000000178,482,0,0,0,0,0,0,0,0,0,0
28.55000000000018,475,0,0,0,0,0,0,0,0,0,0
28.60000000000018,475,0,0,0,0,0,0,0,0,0,0
28.65000000000018,462,0,0,0,0,0,0,0,0,0,0
28.70000000000018,498,0,0,0,0,0,0,0,0,0,0
28.75000000000018,479,0,0,0,0,0,0,0,0,0,0
28.800000000000182,491,0,0,0,0,0,0,0,0,0,0
28.850000000000183,465,0,0,0,0,0,0,0,0,0,0
28.900000000000183,509,0,0,0,0,0,0,0,0,0,0
28.950000000000184,468,0,0,0,0,0,0,0,0,0,0
29.000000000000185,473,0,0,0,0,0,0,0,0,0,0
29.050000000000185,491,0,0,0,0,0,0,0,0,0,0
29.100000000000186,465,0,0,0,0,0,0,0,0,0,0
29.150000000000187,455,0,0,0,0,0,0,0,0,0,0
29.200000000000188,493,0,0,0,0,0,0,0,0,0,0
29.25000000000019,481,0,0,0,0,0,0,0,0,0,0
29.30000000000019,450,0,0,0,0,0,0,0,0,0,0
29.35000000000019,477,0,0,0,0,0,0,0,0,0,0
29.40000000000019,485,0,0,0,0,0,0,0,0,0,0
29.45000000000019,444,0,0,0,0,0,0,0,0,0,0
29.500000000000192,478,0,0,0,0,0,0,0,0,0,0
29.550000000000193,485,0,0,0,0,0,0,0,0,0,0
29.600000000000193,478,0,0,0,0,0,0,0,0,0,0
29.650000000000194,446,0,0,0,0,0,0,0,0,0,0
29.700000000000195,455,0,0,0,0,0,0,0,0,0,0
29.750000000000195,482,0,0,0,0,0,0,0,0,0,0
29.800000000000196,455,0,0,0,0,0,0,0,0,0,0
29.850000000000197,493,0,0,0,0,0,0,0,0,0,0
29.900000000000198,477,0,0,0,0,0,0,0,0,0,0
29.9500000000002,462,0,0,0,0,0,0,0,0,0,0
30.0000000000002,478,0,0,0,0,0,0,0,0,0,0
30.0500000000002,480,0,0,0,0,0,0,0,0,0,0
30.1000000000002,485,0,0,0,0,0,0,0,0,0,0
30.1500000000002,468,0,0,0,0,0,0,0,0,0,0
30.200000000000202,449,0,0,0,0,0,0,0,0,0,0
30.250000000000203,486,0,0,0,0,0,0,0,0,0,0
30.300000000000203,474,0,0,0,0,0,0,0,0,0,0
30.350000000000204,490,0,0,0,0,0,0,0,0,0,0
30.400000000000205,480,0,0,0,0,0,0,0,0,0,0
30.450000000000205,490,0,0,0,0,0,0,0,0,0,0
30.500000000000206,475,0,0,0,0,0,0,0,0,0,0
30.550000000000207,461,0,0,0,0,0,0,0,0,0,0
30.600000000000207,477,0,0,0,0,0,0,0,0,0,0
30.650000000000208,426,0,0,0,0,0,0,0,0,0,0
30.70000000000021,491,0,0,0,0,0,0,0,0,0,0
30.75000000000021,506,0,0,0,0,0,0,0,0,0,0
30.80000000000021,452,0,0,0,0,0,0,0,0,0,0
30.85000000000021,469,0,0,0,0,0,0,0,0,0,0
30.90000000000021,477,0,0,0,0,0,0,0,0,0,0
30.950000000000212,460,0,0,0,0,0,0,0,0,0,0
31.000000000000213,479,0,0,0,0,0,0,0,0,0,0
31.050000000000214,476,0,0,0,0,0,0,0,0,0,0
31.100000000000215,516,0,0,0,0,0,0,0,0,0,0
31.150000000000215,476,0,0,0,0,0,0,0,0,0,0
31.200000000000216,447,0,0,0,0,0,0,0,0,0,0
31.250000000000217,458,0,0,0,0,0,0,0,0,0,0
31.300000000000217,479,0,0,0,0,0,0,0,0,0,0
31.350000000000218,406,0,0,0,0,0,0,0,0,0,0
31.40000000000022,472,0,0,0,0,0,0,0,0,0,0
31.45000000000022,503,0,0,0,0,0,0,0,0,0,0
31.50000000000022,459,0,0,0,0,0,0,0,0,0,0
31.55000000000022,479,0,0,0,0,0,0,0,0,0,0
31.60000000000022,451,0,0,0,0,0,0,0,0,0,0
31.650000000000222,474,0,0,0,0,0,0,0,0,0,0
31.700000000000223,447,0,0,0,0,0,0,0,0,0,0
31.750000000000224,493,0,0,0,0,0,0,0,0,0,0
31.800000000000225,461,0,0,0,0,0,0,0,0,0,0
31.850000000000225,463,0,0,0,0,0,0,0,0,0,0
31.900000000000226,495,0,0,0,0,0,0,0,0,0,0
31.950000000000227,457,0,0,0,0,0,0,0,0,0,0
32.00000000000023,460,0,0,0,0,0,0,0,0,0,0
32.050000000000225,379,0,0,0,0,0,0,0,0,0,0
32.10000000000022,335,0,0,0,0,0,0,0,0,0,0
32.15000000000022,257,0,0,0,0,0,0,0,0,0,0
32.200000000000216,199,0,0,0,0,0,0,0,0,0,0
32.25000000000021,135,0,0,0,0,0,0,0,0,0,0
32.30000000000021,98,0,0,0,0,0,0,0,0,0,0
32.35000000000021,30,0,0,0,0,0,0,0,0,0,0
32.400000000000205,0,0,0,0,0,0,0,0,0,0,0
32.4500000000002,0,0,0,0,0,0,0,0,0,0,0
32.5000000000002,0,0,0,0,0,0,0,0,0,0,0
32.550000000000196,0,0,0,0,0,0,0,0,0,0,0
32.60000000000019,0,0,0,0,0,0,0,0,0,0,0
32.65000000000019,0,0,0,0,0,0,0,0,0,0,0
32.70000000000019,0,0,0,0,0,0,0,0,0,0,0
32.750000000000185,0,0,0,0,0,0,0,0,0,0,0
32.80000000000018,0,0,0,0,0,0,0,0,0,0,0
32.85000000000018,0,0,0,0,0,0,0,0,0,0,0
32.900000000000176,0,0,0,0,0,0,0,0,0,0,0
32.95000000000017,0,0,0,0,0,0,0,0,0,0,0
33.00000000000017,0,0,0,0,0,0,0,0,0,0,0
33.05000000000017,0,0,0,0,0,0,0,0,0,0,0
33.100000000000165,0,0,0,0,0,0,0,0,0,0,0
33.15000000000016,0,0,0,0,0,0,0,0,0,0,0
33.20000000000016,0,0,0,0,0,0,0,0,0,0,0
33.250000000000156,0,0,0,0,0,0,0,0,0,0,0
33.30000000000015,0,0,0,0,0,0,0,0,0,0,0
33.35000000000015,0,0,0,0,0,0,0,0,0,0,0
33.40000000000015,0,0,0,0,0,0,0,0,0,0,0
33.450000000000145,0,0,0,0,0,0,0,0,0,0,0
33.50000000000014,0,0,0,0,0,0,0,0,0,0,0
33.55000000000014,0,0,0,0,0,0,0,0,0,0,0
33.600000000000136,0,0,0,0,0,0,0,0,0,0,0
33.650000000000134,0,0,0,0,0,0,0,0,0,0,0
33.70000000000013,0,0,0,0,0,0,0,0,0,0,0
33.75000000000013,0,0,0,0,0,0,0,0,0,0,0
33.800000000000125,0,0,0,0,0,0,0,0,0,0,0
33.85000000000012,0,0,0,0,0,0,0,0,0,0,0
33.90000000000012,0,0,0,0,0,0,0,0,0,0,0
33.95000000000012,0,0,0,0,0,0,0,0,0,0,0
34.000000000000114,0,0,0,0,0,0,0,0,0,0,0
34.05000000000011,0,0,0,0,0,0,0,0,0,0,0
34.10000000000011,0,0,0,0,0,0,0,0,0,0,0
34.150000000000105,0,0,0,0,0,0,0,0,0,0,0
34.2000000000001,0,0,0,0,0,0,0,0,0,0,0
34.2500000000001,0,0,0,0,0,0,0,0,0,0,0
34.3000000000001,0,0,0,0,0,0,0,0,0,0,0
34.350000000000094,0,0,0,0,0,0,0,0,0,0,0
34.40000000000009,0,0,0,0,0,0,0,0,0,0,0
34.45000000000009,0,0,0,0,0,0,0,0,0,0,0
34.500000000000085,0,0,0,0,0,0,0,0,0,0,0
34.55000000000008,0,0,0,0,0,0,0,0,0,0,0
34.60000000000008,0,0,0,0,0,0,0,0,0,0,0
34.65000000000008,0,0,0,0,0,0,0,0,0,0,0
34.700000000000074,0,0,0,0,0,0,0,0,0,0,0
34.75000000000007,0,0,0,0,0,0,0,0,0,0,0
34.80000000000007,0,0,0,0,0,0,0,0,0,0,0
34.850000000000065,0,0,0,0,0,0,0,0,0,0,0
34.90000000000006,0,0,0,0,0,0,0,0,0,0,0
34.95000000000006,0,0,0,0,0,0,0,0,0,0,0
35.00000000000006,0,0,0,0,0,0,0,0,0,0,0
35.050000000000054,0,0,0,0,0,0,0,0,0,0,0
35.10000000000005,0,0,0,0,0,0,0,0,0,0,0
35.15000000000005,0,0,0,0,0,0,0,0,0,0,0
35.200000000000045,0,0,0,0,0,0,0,0,0,0,0
35.25000000000004,0,0,0,0,0,0,0,0,0,0,0
35.30000000000004,0,0,0,0,0,0,0,0,0,0,0
35.35000000000004,0,0,0,0,0,0,0,0,0,0,0
35.400000000000034,0,0,0,0,0,0,0,0,0,0,0
35.45000000000003,0,0,0,0,0,0,0,0,0,0,0
35.50000000000003,0,0,0,0,0,0,0,0,0,0,0
35.550000000000026,0,0,0,0,0,0,0,0,0,0,0
35.60000000000002,0,0,0,0,0,0,0,0,0,0,0
35.65000000000002,0,0,0,0,0,0,0,0,0,0,0
35.70000000000002,0,0,0,0,0,0,0,0,0,0,0
35.750000000000014,0,0,0,0,0,0,0,0,0,0,0
35.80000000000001,0,0,0,0,0,0,0,0,0,0,0
35.85000000000001,0,0,0,0,0,0,0,0,0,0,0
35.900000000000006,0,0,0,0,0,0,0,0,0,0,0
35.95,0,0,0,0,0,0,0,0,0,0,0
36.0,0,0,0,0,0,0,0,0,0,0,0
36.05,0,0,0,0,0,0,0,0,0,0,0
36.099999999999994,0,0,0,0,0,0,0,0,0,0,0
36.14999999999999,0,0,0,0,0,0,0,0,0,0,0
36.19999999999999,0,0,0,0,0,0,0,0,0,0,0
36.249999999999986,0,0,0,0,0,0,0,0,0,0,0
36.29999999999998,0,0,0,0,0,0,0,0,0,0,0
36.34999999999998,0,0,0,0,0,0,0,0,0,0,0
36.39999999999998,0,0,0,0,0,0,0,0,0,0,0
36.449999999999974,0,0,0,0,0,0,0,0,0,0,0
36.49999999999997,0,0,0,0,0,0,0,0,0,0,0
36.54999999999997,0,0,0,0,0,0,0,0,0,0,0
36.599999999999966,0,0,0,0,0,0,0,0,0,0,0
36.64999999999996,0,0,0,0,0,0,0,0,0,0,0
36.69999999999996,0,0,0,0,0,0,0,0,0,0,0
36.74999999999996,0,0,0,0,0,0,0,0,0,0,0
36.799999999999955,0,0,0,0,0,0,0,0,0,0,0
36.84999999999995,0,0,0,0,0,0,0,0,0,0,0
36.89999999999995,0,0,0,0,0,0,0,0,0,0,0
36.949999999999946,0,0,0,0,0,0,0,0,0,0,0
36.99999999999994,0,0,0,0,0,0,0,0,0,0,0
37.04999999999994,0,0,0,0,0,0,0,0,0,0,0
37.09999999999994,0,0,0,0,0,0,0,0,0,0,0
37.149999999999935,0,0,0,0,0,0,0,0,0,0,0
37.19999999999993,0,0,0,0,0,0,0,0,0,0,0
37.24999999999993,0,0,0,0,0,0,0,0,0,0,0
37.299999999999926,0,0,0,0,0,0,0,0,0,0,0
37.34999999999992,0,0,0,0,0,0,0,0,0,0,0
37.39999999999992,0,0,0,0,0,0,0,0,0,0,0
37.44999999999992,0,0,0,0,0,0,0,0,0,0,0
37.499999999999915,0,0,0,0,0,0,0,0,0,0,0
37.54999999999991,0,0,0,0,0,0,0,0,0,0,0
37.59999999999991,0,0,0,0,0,0,0,0,0,0,0
37.649999999999906,0,0,0,0,0,0,0,0,0,0,0
37.6999999999999,0,0,0,0,0,0,0,0,0,0,0
37.7499999999999,0,0,0,0,0,0,0,0,0,0,0
37.7999999999999,0,0,0,0,0,0,0,0,0,0,0
37.849999999999895,0,0,0,0,0,0,0,0,0,0,0
37.89999999999989,0,0,0,0,0,0,0,0,0,0,0
37.94999999999989,0,0,0,0,0,0,0,0,0,0,0
37.999999999999886,0,0,0,0,0,0,0,0,0,0,0
38.04999999999988,0,0,0,0,0,0,0,0,0,0,0
38.09999999999988,0,0,0,0,0,0,0,0,0,0,0
38.14999999999988,0,0,0,0,0,0,0,0,0,0,0
38.199999999999875,0,0,0,0,0,0,0,0,0,0,0
38.24999999999987,0,0,0,0,0,0,0,0,0,0,0
38.29999999999987,0,0,0,0,0,0,0,0,0,0,0
38.349999999999866,0,0,0,0,0,0,0,0,0,0,0
38.399999999999864,0,0,0,0,0,0,0,0,0,0,0
38.44999999999986,0,0,0,0,0,0,0,0,0,0,0
38.49999999999986,0,0,0,0,0,0,0,0,0,0,0
38.549999999999855,0,0,0,0,0,0,0,0,0,0,0
38.59999999999985,0,0,0,0,0,0,0,0,0,0,0
38.64999999999985,0,0,0,0,0,0,0,0,0,0,0
38.69999999999985,0,0,0,0,0,0,0,0,0,0,0
38.749999999999844,0,0,0,0,0,0,0,0,0,0,0
38.79999999999984,0,0,0,0,0,0,0,0,0,0,0
38.84999999999984,0,0,0,0,0,0,0,0,0,0,0
38.899999999999835,0,0,0,0,0,0,0,0,0,0,0
38.94999999999983,0,0,0,0,0,0,0,0,0,0,0
38.99999999999983,0,0,0,0,0,0,0,0,0,0,0
39.04999999999983,0,0,0,0,0,0,0,0,0,0,0
39.099999999999824,0,0,0,0,0,0,0,0,0,0,0
39.14999999999982,0,0,0,0,0,0,0,0,0,0,0
39.19999999999982,0,0,0,0,0,0,0,0,0,0,0
39.249999999999815,0,0,0,0,0,0,0,0,0,0,0
39.29999999999981,0,0,0,0,0,0,0,0,0,0,0
39.34999999999981,0,0,0,0,0,0,0,0,0,0,0
39.39999999999981,0,0,0,0,0,0,0,0,0,0,0
39.449999999999804,0,0,0,0,0,0,0,0,0,0,0
39.4999999999998,0,0,0,0,0,0,0,0,0,0,0
39.5499999999998,0,0,0,0,0,0,0,0,0,0,0
39.599999999999795,0,0,0,0,0,0,0,0,0,0,0
39.64999999999979,0,0,0,0,0,0,0,0,0,0,0
39.69999999999979,0,0,0,0,0,0,0,0,0,0,0
39.74999999999979,0,0,0,0,0,0,0,0,0,0,0
39.799999999999784,0,0,0,0,0,0,0,0,0,0,0
39.84999999999978,0,0,0,0,0,0,0,0,0,0,0
39.89999999999978,0,0,0,0,0,0,0,0,0,0,0
39.949999999999775,0,0,0,0,0,0,0,0,0,0,0
39.99999999999977,0,0,0,0,0,0,0,0,0,0,0
40.04999999999977,0,0,0,0,0,0,0,0,0,0,0
40.09999999999977,0,0,0,0,0,0,0,0,0,0,0
40.149999999999764,0,0,0,0,0,0,0,0,0,0,0
40.19999999999976,0,0,0,0,0,0,0,0,0,0,0
40.24999999999976,0,0,0,0,0,0,0,0,0,0,0
40.299999999999756,0,0,0,0,0,0,0,0,0,0,0
40.34999999999975,0,0,0,0,0,0,0,0,0,0,0
40.39999999999975,0,0,0,0,0,0,0,0,0,0,0
40.44999999999975,0,0,0,0,0,0,0,0,0,0,0
40.499999999999744,0,0,0,0,0,0,0,0,0,0,0
40.54999999999974,0,0,0,0,0,0,0,0,0,0,0
40.59999999999974,0,0,0,0,0,0,0,0,0,0,0
40.649999999999736,0,0,0,0,0,0,0,0,0,0,0
40.69999999999973,0,0,0,0,0,0,0,0,0,0,0
40.74999999999973,0,0,0,0,0,0,0,0,0,0,0
40.79999999999973,0,0,0,0,0,0,0,0,0,0,0
40.849999999999724,0,0,0,0,0,0,0,0,0,0,0
40.89999999999972,0,0,0,0,0,0,0,0,0,0,0
40.94999999999972,0,0,0,0,0,0,0,0,0,0,0
40.999999999999716,0,0,0,0,0,0,0,0,0,0,0
41.04999999999971,0,0,0,0,0,0,0,0,0,0,0
41.09999999999971,0,0,0,0,0,0,0,0,0,0,0
41.14999999999971,0,0,0,0,0,0,0,0,0,0,0
41.199999999999704,0,0,0,0,0,0,0,0,0,0,0
41.2499999999997,0,0,0,0,0,0,0,0,0,0,0
41.2999999999997,0,0,0,0,0,0,0,0,0,0,0
41.349999999999696,0,0,0,0,0,0,0,0,0,0,0
41.39999999999969,0,0,0,0,0,0,0,0,0,0,0
41.44999999999969,0,0,0,0,0,0,0,0,0,0,0
41.49999999999969,0,0,0,0,0,0,0,0,0,0,0
41.549999999999685,0,0,0,0,0,0,0,0,0,0,0
*****
16,0.05,500,0.3,0.7,10,100,0.261843996326,0.0426836366557
16,500,500,500,498,500,0,0,0,0,0,0
16.05,500,500,500,499,500,0,0,0,0,0,0
16.1,459,459,459,458,459,0,0,0,0,0,0
16.150000000000002,511,511,511,510,511,0,0,0,0,0,0
16.200000000000003,539,539,539,538,539,0,0,0,0,0,0
16.250000000000004,438,438,438,438,438,0,0,0,0,0,0
16.300000000000004,450,450,450,449,450,0,0,0,0,0,0
16.350000000000005,496,496,496,496,496,0,0,0,0,0,0
16.400000000000006,435,435,435,434,435,0,0,0,0,0,0
16.450000000000006,464,464,464,464,464,0,0,0,0,0,0
16.500000000000007,478,478,478,477,478,0,0,0,0,0,0
16.550000000000008,475,475,475,475,475,0,0,0,0,0,0
16.60000000000001,505,505,505,504,505,0,0,0,0,0,0
16.65000000000001,478,478,478,474,478,0,0,0,0,0,0
16.70000000000001,508,508,508,505,508,0,0,0,0,0,0
16.75000000000001,506,506,506,503,506,0,0,0,0,0,0
16.80000000000001,452,452,452,451,452,0,0,0,0,0,0
16.850000000000012,456,456,456,453,456,0,0,0,0,0,0
16.900000000000013,452,452,452,449,452,0,0,0,0,0,0
16.950000000000014,440,440,440,437,440,0,0,0,0,0,0
17.000000000000014,515,515,515,511,515,0,0,0,0,0,0
17.050000000000015,506,506,506,501,506,0,0,0,0,0,0
17.100000000000016,432,432,432,424,432,0,0,0,0,0,0
17.150000000000016,513,513,513,509,513,0,0,0,0,0,0
17.200000000000017,502,502,502,495,502,0,0,0,0,0,0
17.250000000000018,452,452,452,448,452,0,0,0,0,0,0
17.30000000000002,455,455,455,449,455,0,0,0,0,0,0
17.35000000000002,457,457,457,454,457,0,0,0,0,0,0
17.40000000000002,461,461,461,445,461,0,0,0,0,0,0
17.45000000000002,465,465,465,459,465,0,0,0,0,0,0
17.50000000000002,499,499,499,489,499,0,0,0,0,0,0
17.550000000000022,484,484,484,468,484,0,0,0,0,0,0
17.600000000000023,481,481,481,467,481,0,0,0,0,0,0
17.650000000000023,493,493,493,481,493,0,0,0,0,0,0
17.700000000000024,484,484,484,469,484,0,0,0,0,0,0
17.750000000000025,472,472,472,464,472,0,0,0,0,0,0
17.800000000000026,425,425,425,418,425,0,0,0,0,0,0
17.850000000000026,492,492,492,473,492,0,0,0,0,0,0
17.900000000000027,485,485,485,467,485,0,0,0,0,0,0
17.950000000000028,474,474,474,457,474,0,0,0,0,0,0
18.00000000000003,506,506,506,494,506,0,0,0,0,0,0
18.05000000000003,447,446,447,429,447,0,0,0,0,0,0
18.10000000000003,486,486,486,473,486,0,0,0,0,0,0
18.15000000000003,447,447,447,426,447,0,0,0,0,0,0
18.20000000000003,498,497,497,483,498,0,0,0,0,0,0
18.250000000000032,450,450,450,437,450,0,0,0,0,0,0
18.300000000000033,485,485,485,472,485,0,0,0,0,0,0
18.350000000000033,481,481,481,460,481,0,0,0,0,0,0
18.400000000000034,489,488,489,470,489,0,0,0,0,0,0
18.450000000000035,441,440,439,421,440,0,0,0,0,0,0
18.500000000000036,486,486,485,462,486,0,0,0,0,0,0
18.550000000000036,478,477,477,450,477,0,0,0,0,0,0
18.600000000000037,446,444,444,425,445,0,0,0,0,0,0
18.650000000000038,504,503,503,477,504,0,0,0,0,0,0
18.70000000000004,486,483,483,469,485,0,0,0,0,0,0
18.75000000000004,458,455,453,431,455,0,0,0,0,0,0
18.80000000000004,460,456,456,431,456,0,0,0,0,0,0
18.85000000000004,474,468,467,447,469,0,0,0,0,0,0
18.90000000000004,467,463,459,436,465,0,0,0,0,0,0
18.950000000000042,502,495,496,465,498,0,0,0,0,0,0
19.000000000000043,456,453,453,425,453,0,0,0,0,0,0
19.050000000000043,484,470,468,447,472,0,0,0,0,0,0
19.100000000000044,500,487,485,461,488,0,0,0,0,0,0
19.150000000000045,457,440,440,416,447,0,0,0,0,0,0
19.200000000000045,468,453,450,422,456,0,0,0,0,0,0
19.250000000000046,473,458,457,433,461,0,0,0,0,0,0
19.300000000000047,480,452,446,426,457,0,0,0,0,0,0
19.350000000000048,478,454,456,434,462,0,0,0,0,0,0
19.40000000000005,472,452,445,436,456,0,0,0,0,0,0
19.45000000000005,476,443,442,427,451,0,0,0,0,0,0
19.50000000000005,461,421,421,401,430,0,0,0,0,0,0
19.55000000000005,511,457,454,439,466,0,0,0,0,0,0
19.60000000000005,486,427,426,401,437,0,0,0,0,0,0
19.650000000000052,463,398,394,393,413,0,0,0,0,0,0
19.700000000000053,443,367,358,374,377,0,0,0,0,0,0
19.750000000000053,469,402,403,387,415,0,0,0,0,0,0
19.800000000000054,472,372,373,369,388,0,0,0,0,0,0
19.850000000000055,457,361,360,361,376,0,0,0,0,0,0
19.900000000000055,482,366,367,362,382,0,0,0,0,0,0
19.950000000000056,498,371,373,373,385,0,0,0,0,0,0
20.000000000000057,486,373,367,377,389,0,0,0,0,0,0
20.050000000000058,483,340,336,346,360,0,0,0,0,0,0
20.10000000000006,477,319,324,315,337,0,0,0,0,0,0
20.15000000000006,482,300,298,305,316,0,0,0,0,0,0
20.20000000000006,458,292,295,309,311,0,0,0,0,0,0
20.25000000000006,491,303,305,315,316,0,0,0,0,0,0
20.30000000000006,472,282,269,286,291,0,0,0,0,0,0
20.350000000000062,470,259,259,259,271,0,0,0,0,0,0
20.400000000000063,458,245,242,258,263,0,0,0,0,0,0
20.450000000000063,485,235,233,250,257,0,0,0,0,0,0
20.500000000000064,470,182,185,211,198,0,0,0,0,0,0
20.550000000000065,462,214,207,226,227,0,0,0,0,0,0
20.600000000000065,514,212,209,233,224,0,0,0,0,0,0
20.650000000000066,528,220,217,243,236,0,0,0,0,0,0
20.700000000000067,420,156,150,170,163,0,0,0,0,0,0
20.750000000000068,469,149,145,168,159,0,0,0,0,0,0
20.800000000000068,463,124,119,143,136,0,0,0,0,0,0
20.85000000000007,468,116,116,148,125,0,0,0,0,0,0
20.90000000000007,452,121,122,143,133,0,0,0,0,0,0
20.95000000000007,523,137,139,165,150,0,0,0,0,0,0
21.00000000000007,467,113,108,122,121,0,0,0,0,0,0
21.05000000000007,494,91,87,109,97,0,0,0,0,0,0
21.100000000000072,485,87,89,103,96,0,0,0,0,0,0
21.150000000000073,471,68,63,83,75,0,0,0,0,0,0
21.200000000000074,470,67,62,87,70,0,0,0,0,0,0
21.250000000000075,466,69,65,78,75,0,0,0,0,0,0
21.300000000000075,428,46,39,54,48,0,0,0,0,0,0
21.350000000000076,488,55,50,72,62,0,0,0,0,0,0
21.400000000000077,467,47,48,62,55,0,0,0,0,0,0
21.450000000000077,470,25,27,37,30,0,0,0,0,0,0
21.500000000000078,482,40,39,52,44,0,0,0,0,0,0
21.55000000000008,503,35,32,37,37,0,0,0,0,0,0
21.60000000000008,495,27,26,35,30,0,0,0,0,0,0
21.65000000000008,462,20,22,35,26,0,0,0,0,0,0
21.70000000000008,478,26,23,31,28,0,0,0,0,0,0
21.75000000000008,440,13,13,14,15,0,0,0,0,0,0
21.800000000000082,456,10,10,14,12,0,0,0,0,0,0
21.850000000000083,456,10,9,14,13,0,0,0,0,0,0
21.900000000000084,509,19,19,21,19,0,0,0,0,0,0
21.950000000000085,458,6,4,10,6,0,0,0,0,0,0
22.000000000000085,529,8,9,16,10,0,0,0,0,0,0
22.050000000000086,502,7,6,10,7,0,0,0,0,0,0
22.100000000000087,494,3,4,6,5,0,0,0,0,0,0
22.150000000000087,469,2,1,2,2,0,0,0,0,0,0
22.200000000000088,456,3,3,4,3,0,0,0,0,0,0
22.25000000000009,477,4,5,5,5,0,0,0,0,0,0
22.30000000000009,472,1,2,4,2,0,0,0,0,0,0
22.35000000000009,465,4,4,5,4,0,0,0,0,0,0
22.40000000000009,439,2,2,2,2,0,0,0,0,0,0
22.45000000000009,467,1,1,1,1,0,0,0,0,0,0
22.500000000000092,523,1,1,1,1,0,0,0,0,0,0
22.550000000000093,460,1,1,2,1,0,0,0,0,0,0
22.600000000000094,478,0,0,0,0,0,0,0,0,0,0
22.650000000000095,491,1,1,1,1,0,0,0,0,0,0
22.700000000000095,474,0,0,0,0,0,0,0,0,0,0
22.750000000000096,488,1,1,1,1,0,0,0,0,0,0
22.800000000000097,451,0,0,0,0,0,0,0,0,0,0
22.850000000000097,483,0,0,0,0,0,0,0,0,0,0
22.900000000000098,483,0,0,0,0,0,0,0,0,0,0
22.9500000000001,456,0,0,0,0,0,0,0,0,0,0
23.0000000000001,480,0,0,0,0,0,0,0,0,0,0
23.0500000000001,491,0,0,0,0,0,0,0,0,0,0
23.1000000000001,464,0,0,0,0,0,0,0,0,0,0
23.1500000000001,477,0,0,0,0,0,0,0,0,0,0
23.200000000000102,485,0,0,0,0,0,0,0,0,0,0
23.250000000000103,470,0,0,0,0,0,0,0,0,0,0
23.300000000000104,456,0,0,0,0,0,0,0,0,0,0
23.350000000000104,463,0,0,0,0,0,0,0,0,0,0
23.400000000000105,492,0,0,0,0,0,0,0,0,0,0
23.450000000000106,487,0,0,0,0,0,0,0,0,0,0
23.500000000000107,481,0,0,0,0,0,0,0,0,0,0
23.550000000000107,487,0,0,0,0,0,0,0,0,0,0
23.600000000000108,493,0,0,0,0,0,0,0,0,0,0
23.65000000000011,433,0,0,0,0,0,0,0,0,0,0
23.70000000000011,505,0,0,0,0,0,0,0,0,0,0
23.75000000000011,476,0,0,0,0,0,0,0,0,0,0
23.80000000000011,489,0,0,0,0,0,0,0,0,0,0
23.85000000000011,497,0,0,0,0,0,0,0,0,0,0
23.900000000000112,466,0,0,0,0,0,0,0,0,0,0
23.950000000000113,487,0,0,0,0,0,0,0,0,0,0
24.000000000000114,474,0,0,0,0,0,0,0,0,0,0
24.050000000000114,463,0,0,0,0,0,0,0,0,0,0
24.100000000000115,467,0,0,0,0,0,0,0,0,0,0
24.150000000000116,486,0,0,0,0,0,0,0,0,0,0
24.200000000000117,462,0,0,0,0,0,0,0,0,0,0
24.250000000000117,511,0,0,0,0,0,0,0,0,0,0
24.300000000000118,450,0,0,0,0,0,0,0,0,0,0
24.35000000000012,450,0,0,0,0,0,0,0,0,0,0
24.40000000000012,485,0,0,0,0,0,0,0,0,0,0
24.45000000000012,500,0,0,0,0,0,0,0,0,0,0
24.50000000000012,448,0,0,0,0,0,0,0,0,0,0
24.55000000000012,457,0,0,0,0,0,0,0,0,0,0
24.600000000000122,474,0,0,0,0,0,0,0,0,0,0
24.650000000000123,478,0,0,0,0,0,0,0,0,0,0
24.700000000000124,465,0,0,0,0,0,0,0,0,0,0
24.750000000000124,520,0,0,0,0,0,0,0,0,0,0
24.800000000000125,462,0,0,0,0,0,0,0,0,0,0
24.850000000000126,481,0,0,0,0,0,0,0,0,0,0
24.900000000000126,475,0,0,0,0,0,0,0,0,0,0
24.950000000000127,471,0,0,0,0,0,0,0,0,0,0
25.000000000000128,469,0,0,0,0,0,0,0,0,0,0
25.05000000000013,477,0,0,0,0,0,0,0,0,0,0
25.10000000000013,465,0,0,0,0,0,0,0,0,0,0
25.15000000000013,451,0,0,0,0,0,0,0,0,0,0
25.20000000000013,462,0,0,0,0,0,0,0,0,0,0
25.25000000000013,493,0,0,0,0,0,0,0,0,0,0
25.300000000000132,517,0,0,0,0,0,0,0,0,0,0
25.350000000000133,512,0,0,0,0,0,0,0,0,0,0
25.400000000000134,481,0,0,0,0,0,0,0,0,0,0
25.450000000000134,452,0,0,0,0,0,0,0,0,0,0
25.500000000000135,448,0,0,0,0,0,0,0,0,0,0
25.550000000000136,448,0,0,0,0,0,0,0,0,0,0
25.600000000000136,473,0,0,0,0,0,0,0,0,0,0
25.650000000000137,457,0,0,0,0,0,0,0,0,0,0
25.700000000000138,498,0,0,0,0,0,0,0,0,0,0
25.75000000000014,459,0,0,0,0,0,0,0,0,0,0
25.80000000000014,495,0,0,0,0,0,0,0,0,0,0
25.85000000000014,481,0,0,0,0,0,0,0,0,0,0
25.90000000000014,478,0,0,0,0,0,0,0,0,0,0
25.95000000000014,497,0,0,0,0,0,0,0,0,0,0
26.000000000000142,478,0,0,0,0,0,0,0,0,0,0
26.050000000000143,473,0,0,0,0,0,0,0,0,0,0
26.100000000000144,486,0,0,0,0,0,0,0,0,0,0
26.150000000000144,486,0,0,0,0,0,0,0,0,0,0
26.200000000000145,463,0,0,0,0,0,0,0,0,0,0
26.250000000000146,448,0,0,0,0,0,0,0,0,0,0
26.300000000000146,487,0,0,0,0,0,0,0,0,0,0
26.350000000000147,494,0,0,0,0,0,0,0,0,0,0
26.400000000000148,459,0,0,0,0,0,0,0,0,0,0
26.45000000000015,487,0,0,0,0,0,0,0,0,0,0
26.50000000000015,453,0,0,0,0,0,0,0,0,0,0
26.55000000000015,465,0,0,0,0,0,0,0,0,0,0
26.60000000000015,484,0,0,0,0,0,0,0,0,0,0
26.65000000000015,491,0,0,0,0,0,0,0,0,0,0
26.700000000000152,480,0,0,0,0,0,0,0,0,0,0
26.750000000000153,437,0,0,0,0,0,0,0,0,0,0
26.800000000000153,476,0,0,0,0,0,0,0,0,0,0
26.850000000000154,503,0,0,0,0,0,0,0,0,0,0
26.900000000000155,508,0,0,0,0,0,0,0,0,0,0
26.950000000000156,463,0,0,0,0,0,0,0,0,0,0
27.000000000000156,491,0,0,0,0,0,0,0,0,0,0
27.050000000000157,449,0,0,0,0,0,0,0,0,0,0
27.100000000000158,459,0,0,0,0,0,0,0,0,0,0
27.15000000000016,490,0,0,0,0,0,0,0,0,0,0
27.20000000000016,458,0,0,0,0,0,0,0,0,0,0
27.25000000000016,476,0,0,0,0,0,0,0,0,0,0
27.30000000000016,474,0,0,0,0,0,0,0,0,0,0
27.35000000000016,476,0,0,0,0,0,0,0,0,0,0
27.400000000000162,484,0,0,0,0,0,0,0,0,0,0
27.450000000000163,464,0,0,0,0,0,0,0,0,0,0
27.500000000000163,494,0,0,0,0,0,0,0,0,0,0
27.550000000000164,514,0,0,0,0,0,0,0,0,0,0
27.600000000000165,469,0,0,0,0,0,0,0,0,0,0
27.650000000000166,473,0,0,0,0,0,0,0,0,0,0
27.700000000000166,476,0,0,0,0,0,0,0,0,0,0
27.750000000000167,450,0,0,0,0,0,0,0,0,0,0
27.800000000000168,459,0,0,0,0,0,0,0,0,0,0
27.85000000000017,440,0,0,0,0,0,0,0,0,0,0
27.90000000000017,476,0,0,0,0,0,0,0,0,0,0
27.95000000000017,486,0,0,0,0,0,0,0,0,0,0
28.00000000000017,501,0,0,0,0,0,0,0,0,0,0
28.05000000000017,467,0,0,0,0,0,0,0,0,0,0
28.100000000000172,491,0,0,0,0,0,0,0,0,0,0
28.150000000000173,502,0,0,0,0,0,0,0,0,0,0
28.200000000000173,455,0,0,0,0,0,0,0,0,0,0
28.250000000000174,461,0,0,0,0,0,0,0,0,0,0
28.300000000000175,493,0,0,0,0,0,0,0,0,0,0
28.350000000000176,467,0,0,0,0,0,0,0,0,0,0
28.400000000000176,467,0,0,0,0,0,0,0,0,0,0
28.450000000000177,501,0,0,0,0,0,0,0,0,0,0
28.500000000000178,478,0,0,0,0,0,0,0,0,0,0
28.55000000000018,462,0,0,0,0,0,0,0,0,0,0
28.60000000000018,450,0,0,0,0,0,0,0,0,0,0
28.65000000000018,429,0,0,0,0,0,0,0,0,0,0
28.70000000000018,498,0,0,0,0,0,0,0,0,0,0
28.75000000000018,520,0,0,0,0,0,0,0,0,0,0
28.800000000000182,478,0,0,0,0,0,0,0,0,0,0
28.850000000000183,497,0,0,0,0,0,0,0,0,0,0
28.900000000000183,508,0,0,0,0,0,0,0,0,0,0
28.950000000000184,464,0,0,0,0,0,0,0,0,0,0
29.000000000000185,496,0,0,0,0,0,0,0,0,0,0
29.050000000000185,437,0,0,0,0,0,0,0,0,0,0
29.100000000000186,444,0,0,0,0,0,0,0,0,0,0
29.150000000000187,456,0,0,0,0,0,0,0,0,0,0
29.200000000000188,486,0,0,0,0,0,0,0,0,0,0
29.25000000000019,501,0,0,0,0,0,0,0,0,0,0
29.30000000000019,466,0,0,0,0,0,0,0,0,0,0
29.35000000000019,495,0,0,0,0,0,0,0,0,0,0
29.40000000000019,487,0,0,0,0,0,0,0,0,0,0
29.45000000000019,476,0,0,0,0,0,0,0,0,0,0
29.500000000000192,458,0,0,0,0,0,0,0,0,0,0
29.550000000000193,496,0,0,0,0,0,0,0,0,0,0
29.600000000000193,488,0,0,0,0,0,0,0,0,0,0
29.650000000000194,462,0,0,0,0,0,0,0,0,0,0
29.700000000000195,477,0,0,0,0,0,0,0,0,0,0
29.750000000000195,455,0,0,0,0,0,0,0,0,0,0
29.800000000000196,483,0,0,0,0,0,0,0,0,0,0
29.850000000000197,476,0,0,0,0,0,0,0,0,0,0
29.900000000000198,476,0,0,0,0,0,0,0,0,0,0
29.9500000000002,493,0,0,0,0,0,0,0,0,0,0
30.0000000000002,465,0,0,0,0,0,0,0,0,0,0
30.0500000000002,474,0,0,0,0,0,0,0,0,0,0
30.1000000000002,465,0,0,0,0,0,0,0,0,0,0
30.1500000000002,465,0,0,0,0,0,0,0,0,0,0
30.200000000000202,483,0,0,0,0,0,0,0,0,0,0
30.250000000000203,494,0,0,0,0,0,0,0,0,0,0
30.300000000000203,496,0,0,0,0,0,0,0,0,0,0
30.350000000000204,451,0,0,0,0,0,0,0,0,0,0
30.400000000000205,483,0,0,0,0,0,0,0,0,0,0
30.450000000000205,486,0,0,0,0,0,0,0,0,0,0
30.500000000000206,474,0,0,0,0,0,0,0,0,0,0
30.550000000000207,482,0,0,0,0,0,0,0,0,0,0
30.600000000000207,518,0,0,0,0,0,0,0,0,0,0
30.650000000000208,447,0,0,0,0,0,0,0,0,0,0
30.70000000000021,428,0,0,0,0,0,0,0,0,0,0
30.75000000000021,471,0,0,0,0,0,0,0,0,0,0
30.80000000000021,459,0,0,0,0,0,0,0,0,0,0
30.85000000000021,501,0,0,0,0,0,0,0,0,0,0
30.90000000000021,485,0,0,0,0,0,0,0,0,0,0
30.950000000000212,490,0,0,0,0,0,0,0,0,0,0
31.000000000000213,519,0,0,0,0,0,0,0,0,0,0
31.050000000000214,451,0,0,0,0,0,0,0,0,0,0
31.100000000000215,437,0,0,0,0,0,0,0,0,0,0
31.150000000000215,464,0,0,0,0,0,0,0,0,0,0
31.200000000000216,441,0,0,0,0,0,0,0,0,0,0
31.250000000000217,481,0,0,0,0,0,0,0,0,0,0
31.300000000000217,474,0,0,0,0,0,0,0,0,0,0
31.350000000000218,486,0,0,0,0,0,0,0,0,0,0
31.40000000000022,492,0,0,0,0,0,0,0,0,0,0
31.45000000000022,498,0,0,0,0,0,0,0,0,0,0
31.50000000000022,469,0,0,0,0,0,0,0,0,0,0
31.55000000000022,490,0,0,0,0,0,0,0,0,0,0
31.60000000000022,446,0,0,0,0,0,0,0,0,0,0
31.650000000000222,462,0,0,0,0,0,0,0,0,0,0
31.700000000000223,472,0,0,0,0,0,0,0,0,0,0
31.750000000000224,478,0,0,0,0,0,0,0,0,0,0
31.800000000000225,474,0,0,0,0,0,0,0,0,0,0
31.850000000000225,503,0,0,0,0,0,0,0,0,0,0
31.900000000000226,458,0,0,0,0,0,0,0,0,0,0
31.950000000000227,432,0,0,0,0,0,0,0,0,0,0
32.00000000000023,480,0,0,0,0,0,0,0,0,0,0
32.050000000000225,520,0,0,0,0,0,0,0,0,0,0
32.10000000000022,447,0,0,0,0,0,0,0,0,0,0
32.15000000000022,499,0,0,0,0,0,0,0,0,0,0
32.200000000000216,459,0,0,0,0,0,0,0,0,0,0
32.25000000000021,467,0,0,0,0,0,0,0,0,0,0
32.30000000000021,477,0,0,0,0,0,0,0,0,0,0
32.35000000000021,376,0,0,0,0,0,0,0,0,0,0
32.400000000000205,346,0,0,0,0,0,0,0,0,0,0
32.4500000000002,250,0,0,0,0,0,0,0,0,0,0
32.5000000000002,211,0,0,0,0,0,0,0,0,0,0
32.550000000000196,140,0,0,0,0,0,0,0,0,0,0
32.60000000000019,64,0,0,0,0,0,0,0,0,0,0
32.65000000000019,24,0,0,0,0,0,0,0,0,0,0
32.70000000000019,0,0,0,0,0,0,0,0,0,0,0
32.750000000000185,0,0,0,0,0,0,0,0,0,0,0
32.80000000000018,0,0,0,0,0,0,0,0,0,0,0
32.85000000000018,0,0,0,0,0,0,0,0,0,0,0
32.900000000000176,0,0,0,0,0,0,0,0,0,0,0
32.95000000000017,0,0,0,0,0,0,0,0,0,0,0
33.00000000000017,0,0,0,0,0,0,0,0,0,0,0
33.05000000000017,0,0,0,0,0,0,0,0,0,0,0
33.100000000000165,0,0,0,0,0,0,0,0,0,0,0
33.15000000000016,0,0,0,0,0,0,0,0,0,0,0
33.20000000000016,0,0,0,0,0,0,0,0,0,0,0
33.250000000000156,0,0,0,0,0,0,0,0,0,0,0
33.30000000000015,0,0,0,0,0,0,0,0,0,0,0
33.35000000000015,0,0,0,0,0,0,0,0,0,0,0
33.40000000000015,0,0,0,0,0,0,0,0,0,0,0
33.450000000000145,0,0,0,0,0,0,0,0,0,0,0
33.50000000000014,0,0,0,0,0,0,0,0,0,0,0
33.55000000000014,0,0,0,0,0,0,0,0,0,0,0
33.600000000000136,0,0,0,0,0,0,0,0,0,0,0
33.650000000000134,0,0,0,0,0,0,0,0,0,0,0
33.70000000000013,0,0,0,0,0,0,0,0,0,0,0
33.75000000000013,0,0,0,0,0,0,0,0,0,0,0
33.800000000000125,0,0,0,0,0,0,0,0,0,0,0
33.85000000000012,0,0,0,0,0,0,0,0,0,0,0
33.90000000000012,0,0,0,0,0,0,0,0,0,0,0
33.95000000000012,0,0,0,0,0,0,0,0,0,0,0
34.000000000000114,0,0,0,0,0,0,0,0,0,0,0
34.05000000000011,0,0,0,0,0,0,0,0,0,0,0
34.10000000000011,0,0,0,0,0,0,0,0,0,0,0
34.150000000000105,0,0,0,0,0,0,0,0,0,0,0
34.2000000000001,0,0,0,0,0,0,0,0,0,0,0
34.2500000000001,0,0,0,0,0,0,0,0,0,0,0
34.3000000000001,0,0,0,0,0,0,0,0,0,0,0
34.350000000000094,0,0,0,0,0,0,0,0,0,0,0
34.40000000000009,0,0,0,0,0,0,0,0,0,0,0
34.45000000000009,0,0,0,0,0,0,0,0,0,0,0
34.500000000000085,0,0,0,0,0,0,0,0,0,0,0
34.55000000000008,0,0,0,0,0,0,0,0,0,0,0
34.60000000000008,0,0,0,0,0,0,0,0,0,0,0
34.65000000000008,0,0,0,0,0,0,0,0,0,0,0
34.700000000000074,0,0,0,0,0,0,0,0,0,0,0
34.75000000000007,0,0,0,0,0,0,0,0,0,0,0
34.80000000000007,0,0,0,0,0,0,0,0,0,0,0
34.850000000000065,0,0,0,0,0,0,0,0,0,0,0
34.90000000000006,0,0,0,0,0,0,0,0,0,0,0
34.95000000000006,0,0,0,0,0,0,0,0,0,0,0
35.00000000000006,0,0,0,0,0,0,0,0,0,0,0
35.050000000000054,0,0,0,0,0,0,0,0,0,0,0
35.10000000000005,0,0,0,0,0,0,0,0,0,0,0
35.15000000000005,0,0,0,0,0,0,0,0,0,0,0
35.200000000000045,0,0,0,0,0,0,0,0,0,0,0
35.25000000000004,0,0,0,0,0,0,0,0,0,0,0
35.30000000000004,0,0,0,0,0,0,0,0,0,0,0
35.35000000000004,0,0,0,0,0,0,0,0,0,0,0
35.400000000000034,0,0,0,0,0,0,0,0,0,0,0
35.45000000000003,0,0,0,0,0,0,0,0,0,0,0
35.50000000000003,0,0,0,0,0,0,0,0,0,0,0
35.550000000000026,0,0,0,0,0,0,0,0,0,0,0
35.60000000000002,0,0,0,0,0,0,0,0,0,0,0
35.65000000000002,0,0,0,0,0,0,0,0,0,0,0
35.70000000000002,0,0,0,0,0,0,0,0,0,0,0
35.750000000000014,0,0,0,0,0,0,0,0,0,0,0
35.80000000000001,0,0,0,0,0,0,0,0,0,0,0
35.85000000000001,0,0,0,0,0,0,0,0,0,0,0
35.900000000000006,0,0,0,0,0,0,0,0,0,0,0
35.95,0,0,0,0,0,0,0,0,0,0,0
36.0,0,0,0,0,0,0,0,0,0,0,0
36.05,0,0,0,0,0,0,0,0,0,0,0
36.099999999999994,0,0,0,0,0,0,0,0,0,0,0
36.14999999999999,0,0,0,0,0,0,0,0,0,0,0
36.19999999999999,0,0,0,0,0,0,0,0,0,0,0
36.249999999999986,0,0,0,0,0,0,0,0,0,0,0
36.29999999999998,0,0,0,0,0,0,0,0,0,0,0
36.34999999999998,0,0,0,0,0,0,0,0,0,0,0
36.39999999999998,0,0,0,0,0,0,0,0,0,0,0
36.449999999999974,0,0,0,0,0,0,0,0,0,0,0
36.49999999999997,0,0,0,0,0,0,0,0,0,0,0
36.54999999999997,0,0,0,0,0,0,0,0,0,0,0
36.599999999999966,0,0,0,0,0,0,0,0,0,0,0
36.64999999999996,0,0,0,0,0,0,0,0,0,0,0
36.69999999999996,0,0,0,0,0,0,0,0,0,0,0
36.74999999999996,0,0,0,0,0,0,0,0,0,0,0
36.799999999999955,0,0,0,0,0,0,0,0,0,0,0
36.84999999999995,0,0,0,0,0,0,0,0,0,0,0
36.89999999999995,0,0,0,0,0,0,0,0,0,0,0
36.949999999999946,0,0,0,0,0,0,0,0,0,0,0
36.99999999999994,0,0,0,0,0,0,0,0,0,0,0
37.04999999999994,0,0,0,0,0,0,0,0,0,0,0
37.09999999999994,0,0,0,0,0,0,0,0,0,0,0
37.149999999999935,0,0,0,0,0,0,0,0,0,0,0
37.19999999999993,0,0,0,0,0,0,0,0,0,0,0
37.24999999999993,0,0,0,0,0,0,0,0,0,0,0
37.299999999999926,0,0,0,0,0,0,0,0,0,0,0
37.34999999999992,0,0,0,0,0,0,0,0,0,0,0
37.39999999999992,0,0,0,0,0,0,0,0,0,0,0
37.44999999999992,0,0,0,0,0,0,0,0,0,0,0
37.499999999999915,0,0,0,0,0,0,0,0,0,0,0
37.54999999999991,0,0,0,0,0,0,0,0,0,0,0
37.59999999999991,0,0,0,0,0,0,0,0,0,0,0
37.649999999999906,0,0,0,0,0,0,0,0,0,0,0
37.6999999999999,0,0,0,0,0,0,0,0,0,0,0
37.7499999999999,0,0,0,0,0,0,0,0,0,0,0
37.7999999999999,0,0,0,0,0,0,0,0,0,0,0
37.849999999999895,0,0,0,0,0,0,0,0,0,0,0
37.89999999999989,0,0,0,0,0,0,0,0,0,0,0
37.94999999999989,0,0,0,0,0,0,0,0,0,0,0
37.999999999999886,0,0,0,0,0,0,0,0,0,0,0
38.04999999999988,0,0,0,0,0,0,0,0,0,0,0
38.09999999999988,0,0,0,0,0,0,0,0,0,0,0
38.14999999999988,0,0,0,0,0,0,0,0,0,0,0
38.199999999999875,0,0,0,0,0,0,0,0,0,0,0
38.24999999999987,0,0,0,0,0,0,0,0,0,0,0
38.29999999999987,0,0,0,0,0,0,0,0,0,0,0
38.349999999999866,0,0,0,0,0,0,0,0,0,0,0
38.399999999999864,0,0,0,0,0,0,0,0,0,0,0
38.44999999999986,0,0,0,0,0,0,0,0,0,0,0
38.49999999999986,0,0,0,0,0,0,0,0,0,0,0
38.549999999999855,0,0,0,0,0,0,0,0,0,0,0
38.59999999999985,0,0,0,0,0,0,0,0,0,0,0
38.64999999999985,0,0,0,0,0,0,0,0,0,0,0
38.69999999999985,0,0,0,0,0,0,0,0,0,0,0
38.749999999999844,0,0,0,0,0,0,0,0,0,0,0
38.79999999999984,0,0,0,0,0,0,0,0,0,0,0
38.84999999999984,0,0,0,0,0,0,0,0,0,0,0
38.899999999999835,0,0,0,0,0,0,0,0,0,0,0
38.94999999999983,0,0,0,0,0,0,0,0,0,0,0
38.99999999999983,0,0,0,0,0,0,0,0,0,0,0
39.04999999999983,0,0,0,0,0,0,0,0,0,0,0
39.099999999999824,0,0,0,0,0,0,0,0,0,0,0
39.14999999999982,0,0,0,0,0,0,0,0,0,0,0
39.19999999999982,0,0,0,0,0,0,0,0,0,0,0
39.249999999999815,0,0,0,0,0,0,0,0,0,0,0
39.29999999999981,0,0,0,0,0,0,0,0,0,0,0
39.34999999999981,0,0,0,0,0,0,0,0,0,0,0
39.39999999999981,0,0,0,0,0,0,0,0,0,0,0
39.449999999999804,0,0,0,0,0,0,0,0,0,0,0
39.4999999999998,0,0,0,0,0,0,0,0,0,0,0
39.5499999999998,0,0,0,0,0,0,0,0,0,0,0
39.599999999999795,0,0,0,0,0,0,0,0,0,0,0
39.64999999999979,0,0,0,0,0,0,0,0,0,0,0
39.69999999999979,0,0,0,0,0,0,0,0,0,0,0
39.74999999999979,0,0,0,0,0,0,0,0,0,0,0
39.799999999999784,0,0,0,0,0,0,0,0,0,0,0
39.84999999999978,0,0,0,0,0,0,0,0,0,0,0
39.89999999999978,0,0,0,0,0,0,0,0,0,0,0
39.949999999999775,0,0,0,0,0,0,0,0,0,0,0
39.99999999999977,0,0,0,0,0,0,0,0,0,0,0
40.04999999999977,0,0,0,0,0,0,0,0,0,0,0
40.09999999999977,0,0,0,0,0,0,0,0,0,0,0
40.149999999999764,0,0,0,0,0,0,0,0,0,0,0
40.19999999999976,0,0,0,0,0,0,0,0,0,0,0
40.24999999999976,0,0,0,0,0,0,0,0,0,0,0
40.299999999999756,0,0,0,0,0,0,0,0,0,0,0
40.34999999999975,0,0,0,0,0,0,0,0,0,0,0
40.39999999999975,0,0,0,0,0,0,0,0,0,0,0
40.44999999999975,0,0,0,0,0,0,0,0,0,0,0
40.499999999999744,0,0,0,0,0,0,0,0,0,0,0
40.54999999999974,0,0,0,0,0,0,0,0,0,0,0
40.59999999999974,0,0,0,0,0,0,0,0,0,0,0
40.649999999999736,0,0,0,0,0,0,0,0,0,0,0
40.69999999999973,0,0,0,0,0,0,0,0,0,0,0
40.74999999999973,0,0,0,0,0,0,0,0,0,0,0
40.79999999999973,0,0,0,0,0,0,0,0,0,0,0
40.849999999999724,0,0,0,0,0,0,0,0,0,0,0
40.89999999999972,0,0,0,0,0,0,0,0,0,0,0
40.94999999999972,0,0,0,0,0,0,0,0,0,0,0
40.999999999999716,0,0,0,0,0,0,0,0,0,0,0
41.04999999999971,0,0,0,0,0,0,0,0,0,0,0
41.09999999999971,0,0,0,0,0,0,0,0,0,0,0
41.14999999999971,0,0,0,0,0,0,0,0,0,0,0
41.199999999999704,0,0,0,0,0,0,0,0,0,0,0
41.2499999999997,0,0,0,0,0,0,0,0,0,0,0
41.2999999999997,0,0,0,0,0,0,0,0,0,0,0
41.349999999999696,0,0,0,0,0,0,0,0,0,0,0
41.39999999999969,0,0,0,0,0,0,0,0,0,0,0
41.44999999999969,0,0,0,0,0,0,0,0,0,0,0
41.49999999999969,0,0,0,0,0,0,0,0,0,0,0
41.549999999999685,0,0,0,0,0,0,0,0,0,0,0
*****
16,0.05,500,0.6,1,10,100,0.261843996326,0.0426836366557
16,500,233,248,233,248,0,0,0,0,0,0
16.05,511,222,258,226,258,0,0,0,0,0,0
16.1,560,248,277,231,277,0,0,0,0,0,0
16.150000000000002,499,202,219,209,219,0,0,0,0,0,0
16.200000000000003,502,206,241,198,241,0,0,0,0,0,0
16.250000000000004,499,191,236,212,236,0,0,0,0,0,0
16.300000000000004,514,230,259,224,259,0,0,0,0,0,0
16.350000000000005,523,208,255,234,255,0,0,0,0,0,0
16.400000000000006,488,196,238,209,238,0,0,0,0,0,0
16.450000000000006,502,224,256,234,256,0,0,0,0,0,0
16.500000000000007,500,201,227,211,227,0,0,0,0,0,0
16.550000000000008,525,202,233,222,233,0,0,0,0,0,0
16.60000000000001,495,189,248,219,248,0,0,0,0,0,0
16.65000000000001,519,209,257,217,257,0,0,0,0,0,0
16.70000000000001,539,207,237,195,237,0,0,0,0,0,0
16.75000000000001,509,206,248,204,248,0,0,0,0,0,0
16.80000000000001,523,187,218,183,218,0,0,0,0,0,0
16.850000000000012,489,172,219,168,219,0,0,0,0,0,0
16.900000000000013,540,172,222,189,222,0,0,0,0,0,0
16.950000000000014,538,171,215,191,215,0,0,0,0,0,0
17.000000000000014,505,147,185,161,185,0,0,0,0,0,0
17.050000000000015,499,152,199,178,199,0,0,0,0,0,0
17.100000000000016,472,130,165,139,165,0,0,0,0,0,0
17.150000000000016,534,175,215,192,215,0,0,0,0,0,0
17.200000000000017,531,173,217,167,217,0,0,0,0,0,0
17.250000000000018,514,167,206,168,206,0,0,0,0,0,0
17.30000000000002,506,136,167,142,167,0,0,0,0,0,0
17.35000000000002,524,133,172,145,172,0,0,0,0,0,0
17.40000000000002,507,125,163,146,163,0,0,0,0,0,0
17.45000000000002,523,118,156,134,156,0,0,0,0,0,0
17.50000000000002,509,123,161,132,161,0,0,0,0,0,0
17.550000000000022,490,114,146,123,146,0,0,0,0,0,0
17.600000000000023,517,98,137,123,137,0,0,0,0,0,0
17.650000000000023,510,89,120,101,120,0,0,0,0,0,0
17.700000000000024,451,75,102,84,102,0,0,0,0,0,0
17.750000000000025,527,84,111,96,111,0,0,0,0,0,0
17.800000000000026,501,65,95,79,95,0,0,0,0,0,0
17.850000000000026,516,71,98,81,98,0,0,0,0,0,0
17.900000000000027,484,55,85,77,85,0,0,0,0,0,0
17.950000000000028,561,69,103,86,103,0,0,0,0,0,0
18.00000000000003,540,60,88,75,88,0,0,0,0,0,0
18.05000000000003,520,61,87,68,87,0,0,0,0,0,0
18.10000000000003,524,44,67,53,67,0,0,0,0,0,0
18.15000000000003,487,44,68,63,68,0,0,0,0,0,0
18.20000000000003,495,36,57,50,57,0,0,0,0,0,0
18.250000000000032,542,32,52,48,52,0,0,0,0,0,0
18.300000000000033,509,27,47,47,47,0,0,0,0,0,0
18.350000000000033,493,26,39,32,39,0,0,0,0,0,0
18.400000000000034,520,32,52,45,52,0,0,0,0,0,0
18.450000000000035,470,22,32,30,32,0,0,0,0,0,0
18.500000000000036,507,34,55,55,55,0,0,0,0,0,0
18.550000000000036,502,13,20,19,20,0,0,0,0,0,0
18.600000000000037,519,17,29,26,29,0,0,0,0,0,0
18.650000000000038,512,12,20,15,20,0,0,0,0,0,0
18.70000000000004,553,20,30,28,30,0,0,0,0,0,0
18.75000000000004,483,13,21,16,21,0,0,0,0,0,0
18.80000000000004,524,6,16,13,16,0,0,0,0,0,0
18.85000000000004,512,13,17,15,17,0,0,0,0,0,0
18.90000000000004,521,6,9,9,9,0,0,0,0,0,0
18.950000000000042,529,4,8,9,8,0,0,0,0,0,0
19.000000000000043,525,8,12,7,12,0,0,0,0,0,0
19.050000000000043,516,2,6,5,6,0,0,0,0,0,0
19.100000000000044,532,8,15,17,15,0,0,0,0,0,0
19.150000000000045,544,4,5,5,5,0,0,0,0,0,0
19.200000000000045,444,2,3,2,3,0,0,0,0,0,0
19.250000000000046,517,3,5,3,5,0,0,0,0,0,0
19.300000000000047,487,1,2,3,2,0,0,0,0,0,0
19.350000000000048,496,0,3,3,3,0,0,0,0,0,0
19.40000000000005,488,2,2,3,2,0,0,0,0,0,0
19.45000000000005,528,1,2,2,2,0,0,0,0,0,0
19.50000000000005,536,1,2,2,2,0,0,0,0,0,0
19.55000000000005,468,1,2,2,2,0,0,0,0,0,0
19.60000000000005,515,0,0,0,0,0,0,0,0,0,0
19.650000000000052,525,0,1,1,1,0,0,0,0,0,0
19.700000000000053,526,0,0,0,0,0,0,0,0,0,0
19.750000000000053,545,0,0,0,0,0,0,0,0,0,0
19.800000000000054,514,0,2,1,2,0,0,0,0,0,0
19.850000000000055,498,0,0,0,0,0,0,0,0,0,0
19.900000000000055,513,0,1,0,1,0,0,0,0,0,0
19.950000000000056,485,0,0,1,0,0,0,0,0,0,0
20.000000000000057,548,0,0,0,0,0,0,0,0,0,0
20.050000000000058,472,0,0,0,0,0,0,0,0,0,0
20.10000000000006,548,0,0,0,0,0,0,0,0,0,0
20.15000000000006,494,0,0,0,0,0,0,0,0,0,0
20.20000000000006,482,0,0,0,0,0,0,0,0,0,0
20.25000000000006,490,0,0,0,0,0,0,0,0,0,0
20.30000000000006,505,0,0,0,0,0,0,0,0,0,0
20.350000000000062,508,0,0,0,0,0,0,0,0,0,0
20.400000000000063,532,0,0,0,0,0,0,0,0,0,0
20.450000000000063,528,0,0,0,0,0,0,0,0,0,0
20.500000000000064,526,0,0,0,0,0,0,0,0,0,0
20.550000000000065,526,0,0,0,0,0,0,0,0,0,0
20.600000000000065,551,0,0,0,0,0,0,0,0,0,0
20.650000000000066,501,0,0,0,0,0,0,0,0,0,0
20.700000000000067,516,0,0,0,0,0,0,0,0,0,0
20.750000000000068,484,0,0,0,0,0,0,0,0,0,0
20.800000000000068,513,0,0,0,0,0,0,0,0,0,0
20.85000000000007,499,0,0,0,0,0,0,0,0,0,0
20.90000000000007,492,0,0,0,0,0,0,0,0,0,0
20.95000000000007,521,0,0,0,0,0,0,0,0,0,0
21.00000000000007,492,0,0,0,0,0,0,0,0,0,0
21.05000000000007,510,0,0,0,0,0,0,0,0,0,0
21.100000000000072,543,0,0,0,0,0,0,0,0,0,0
21.150000000000073,539,0,0,0,0,0,0,0,0,0,0
21.200000000000074,499,0,0,0,0,0,0,0,0,0,0
21.250000000000075,498,0,0,0,0,0,0,0,0,0,0
21.300000000000075,506,0,0,0,0,0,0,0,0,0,0
21.350000000000076,518,0,0,0,0,0,0,0,0,0,0
21.400000000000077,510,0,0,0,0,0,0,0,0,0,0
21.450000000000077,542,0,0,0,0,0,0,0,0,0,0
21.500000000000078,504,0,0,0,0,0,0,0,0,0,0
21.55000000000008,488,0,0,0,0,0,0,0,0,0,0
21.60000000000008,543,0,0,0,0,0,0,0,0,0,0
21.65000000000008,499,0,0,0,0,0,0,0,0,0,0
21.70000000000008,446,0,0,0,0,0,0,0,0,0,0
21.75000000000008,494,0,0,0,0,0,0,0,0,0,0
21.800000000000082,496,0,0,0,0,0,0,0,0,0,0
21.850000000000083,545,0,0,0,0,0,0,0,0,0,0
21.900000000000084,556,0,0,0,0,0,0,0,0,0,0
21.950000000000085,519,0,0,0,0,0,0,0,0,0,0
22.000000000000085,511,0,0,0,0,0,0,0,0,0,0
22.050000000000086,520,0,0,0,0,0,0,0,0,0,0
22.100000000000087,477,0,0,0,0,0,0,0,0,0,0
22.150000000000087,521,0,0,0,0,0,0,0,0,0,0
22.200000000000088,515,0,0,0,0,0,0,0,0,0,0
22.25000000000009,540,0,0,0,0,0,0,0,0,0,0
22.30000000000009,502,0,0,0,0,0,0,0,0,0,0
22.35000000000009,560,0,0,0,0,0,0,0,0,0,0
22.40000000000009,506,0,0,0,0,0,0,0,0,0,0
22.45000000000009,500,0,0,0,0,0,0,0,0,0,0
22.500000000000092,482,0,0,0,0,0,0,0,0,0,0
22.550000000000093,484,0,0,0,0,0,0,0,0,0,0
22.600000000000094,539,0,0,0,0,0,0,0,0,0,0
22.650000000000095,513,0,0,0,0,0,0,0,0,0,0
22.700000000000095,490,0,0,0,0,0,0,0,0,0,0
22.750000000000096,509,0,0,0,0,0,0,0,0,0,0
22.800000000000097,517,0,0,0,0,0,0,0,0,0,0
22.850000000000097,518,0,0,0,0,0,0,0,0,0,0
22.900000000000098,525,0,0,0,0,0,0,0,0,0,0
22.9500000000001,514,0,0,0,0,0,0,0,0,0,0
23.0000000000001,497,0,0,0,0,0,0,0,0,0,0
23.0500000000001,535,0,0,0,0,0,0,0,0,0,0
23.1000000000001,515,0,0,0,0,0,0,0,0,0,0
23.1500000000001,517,0,0,0,0,0,0,0,0,0,0
23.200000000000102,514,0,0,0,0,0,0,0,0,0,0
23.250000000000103,525,0,0,0,0,0,0,0,0,0,0
23.300000000000104,491,0,0,0,0,0,0,0,0,0,0
23.350000000000104,522,0,0,0,0,0,0,0,0,0,0
23.400000000000105,471,0,0,0,0,0,0,0,0,0,0
23.450000000000106,477,0,0,0,0,0,0,0,0,0,0
23.500000000000107,551,0,0,0,0,0,0,0,0,0,0
23.550000000000107,500,0,0,0,0,0,0,0,0,0,0
23.600000000000108,519,0,0,0,0,0,0,0,0,0,0
23.65000000000011,505,0,0,0,0,0,0,0,0,0,0
23.70000000000011,514,0,0,0,0,0,0,0,0,0,0
23.75000000000011,525,0,0,0,0,0,0,0,0,0,0
23.80000000000011,532,0,0,0,0,0,0,0,0,0,0
23.85000000000011,530,0,0,0,0,0,0,0,0,0,0
23.900000000000112,505,0,0,0,0,0,0,0,0,0,0
23.950000000000113,523,0,0,0,0,0,0,0,0,0,0
24.000000000000114,510,0,0,0,0,0,0,0,0,0,0
24.050000000000114,521,0,0,0,0,0,0,0,0,0,0
24.100000000000115,483,0,0,0,0,0,0,0,0,0,0
24.150000000000116,465,0,0,0,0,0,0,0,0,0,0
24.200000000000117,536,0,0,0,0,0,0,0,0,0,0
24.250000000000117,487,0,0,0,0,0,0,0,0,0,0
24.300000000000118,540,0,0,0,0,0,0,0,0,0,0
24.35000000000012,478,0,0,0,0,0,0,0,0,0,0
24.40000000000012,536,0,0,0,0,0,0,0,0,0,0
24.45000000000012,513,0,0,0,0,0,0,0,0,0,0
24.50000000000012,506,0,0,0,0,0,0,0,0,0,0
24.55000000000012,523,0,0,0,0,0,0,0,0,0,0
24.600000000000122,558,0,0,0,0,0,0,0,0,0,0
24.650000000000123,518,0,0,0,0,0,0,0,0,0,0
24.700000000000124,513,0,0,0,0,0,0,0,0,0,0
24.750000000000124,507,0,0,0,0,0,0,0,0,0,0
24.800000000000125,491,0,0,0,0,0,0,0,0,0,0
24.850000000000126,523,0,0,0,0,0,0,0,0,0,0
24.900000000000126,517,0,0,0,0,0,0,0,0,0,0
24.950000000000127,498,0,0,0,0,0,0,0,0,0,0
25.000000000000128,509,0,0,0,0,0,0,0,0,0,0
25.05000000000013,465,0,0,0,0,0,0,0,0,0,0
25.10000000000013,494,0,0,0,0,0,0,0,0,0,0
25.15000000000013,540,0,0,0,0,0,0,0,0,0,0
25.20000000000013,540,0,0,0,0,0,0,0,0,0,0
25.25000000000013,521,0,0,0,0,0,0,0,0,0,0
25.300000000000132,494,0,0,0,0,0,0,0,0,0,0
25.350000000000133,518,0,0,0,0,0,0,0,0,0,0
25.400000000000134,528,0,0,0,0,0,0,0,0,0,0
25.450000000000134,541,0,0,0,0,0,0,0,0,0,0
25.500000000000135,526,0,0,0,0,0,0,0,0,0,0
25.550000000000136,517,0,0,0,0,0,0,0,0,0,0
25.600000000000136,549,0,0,0,0,0,0,0,0,0,0
25.650000000000137,455,0,0,0,0,0,0,0,0,0,0
25.700000000000138,467,0,0,0,0,0,0,0,0,0,0
25.75000000000014,516,0,0,0,0,0,0,0,0,0,0
25.80000000000014,521,0,0,0,0,0,0,0,0,0,0
25.85000000000014,549,0,0,0,0,0,0,0,0,0,0
25.90000000000014,510,0,0,0,0,0,0,0,0,0,0
25.95000000000014,484,0,0,0,0,0,0,0,0,0,0
26.000000000000142,531,0,0,0,0,0,0,0,0,0,0
26.050000000000143,480,0,0,0,0,0,0,0,0,0,0
26.100000000000144,553,0,0,0,0,0,0,0,0,0,0
26.150000000000144,512,0,0,0,0,0,0,0,0,0,0
26.200000000000145,522,0,0,0,0,0,0,0,0,0,0
26.250000000000146,484,0,0,0,0,0,0,0,0,0,0
26.300000000000146,545,0,0,0,0,0,0,0,0,0,0
26.350000000000147,493,0,0,0,0,0,0,0,0,0,0
26.400000000000148,517,0,0,0,0,0,0,0,0,0,0
26.45000000000015,501,0,0,0,0,0,0,0,0,0,0
26.50000000000015,465,0,0,0,0,0,0,0,0,0,0
26.55000000000015,537,0,0,0,0,0,0,0,0,0,0
26.60000000000015,512,0,0,0,0,0,0,0,0,0,0
26.65000000000015,541,0,0,0,0,0,0,0,0,0,0
26.700000000000152,523,0,0,0,0,0,0,0,0,0,0
26.750000000000153,528,0,0,0,0,0,0,0,0,0,0
26.800000000000153,506,0,0,0,0,0,0,0,0,0,0
26.850000000000154,513,0,0,0,0,0,0,0,0,0,0
26.900000000000155,477,0,0,0,0,0,0,0,0,0,0
26.950000000000156,507,0,0,0,0,0,0,0,0,0,0
27.000000000000156,488,0,0,0,0,0,0,0,0,0,0
27.050000000000157,521,0,0,0,0,0,0,0,0,0,0
27.100000000000158,539,0,0,0,0,0,0,0,0,0,0
27.15000000000016,538,0,0,0,0,0,0,0,0,0,0
27.20000000000016,497,0,0,0,0,0,0,0,0,0,0
27.25000000000016,508,0,0,0,0,0,0,0,0,0,0
27.30000000000016,524,0,0,0,0,0,0,0,0,0,0
27.35000000000016,507,0,0,0,0,0,0,0,0,0,0
27.400000000000162,523,0,0,0,0,0,0,0,0,0,0
27.450000000000163,493,0,0,0,0,0,0,0,0,0,0
27.500000000000163,486,0,0,0,0,0,0,0,0,0,0
27.550000000000164,508,0,0,0,0,0,0,0,0,0,0
27.600000000000165,522,0,0,0,0,0,0,0,0,0,0
27.650000000000166,488,0,0,0,0,0,0,0,0,0,0
27.700000000000166,562,0,0,0,0,0,0,0,0,0,0
27.750000000000167,499,0,0,0,0,0,0,0,0,0,0
27.800000000000168,511,0,0,0,0,0,0,0,0,0,0
27.85000000000017,501,0,0,0,0,0,0,0,0,0,0
27.90000000000017,519,0,0,0,0,0,0,0,0,0,0
27.95000000000017,513,0,0,0,0,0,0,0,0,0,0
28.00000000000017,509,0,0,0,0,0,0,0,0,0,0
28.05000000000017,502,0,0,0,0,0,0,0,0,0,0
28.100000000000172,519,0,0,0,0,0,0,0,0,0,0
28.150000000000173,535,0,0,0,0,0,0,0,0,0,0
28.200000000000173,502,0,0,0,0,0,0,0,0,0,0
28.250000000000174,548,0,0,0,0,0,0,0,0,0,0
28.300000000000175,501,0,0,0,0,0,0,0,0,0,0
28.350000000000176,492,0,0,0,0,0,0,0,0,0,0
28.400000000000176,498,0,0,0,0,0,0,0,0,0,0
28.450000000000177,513,0,0,0,0,0,0,0,0,0,0
28.500000000000178,525,0,0,0,0,0,0,0,0,0,0
28.55000000000018,496,0,0,0,0,0,0,0,0,0,0
28.60000000000018,483,0,0,0,0,0,0,0,0,0,0
28.65000000000018,484,0,0,0,0,0,0,0,0,0,0
28.70000000000018,537,0,0,0,0,0,0,0,0,0,0
28.75000000000018,519,0,0,0,0,0,0,0,0,0,0
28.800000000000182,526,0,0,0,0,0,0,0,0,0,0
28.850000000000183,477,0,0,0,0,0,0,0,0,0,0
28.900000000000183,549,0,0,0,0,0,0,0,0,0,0
28.950000000000184,510,0,0,0,0,0,0,0,0,0,0
29.000000000000185,516,0,0,0,0,0,0,0,0,0,0
29.050000000000185,516,0,0,0,0,0,0,0,0,0,0
29.100000000000186,518,0,0,0,0,0,0,0,0,0,0
29.150000000000187,518,0,0,0,0,0,0,0,0,0,0
29.200000000000188,503,0,0,0,0,0,0,0,0,0,0
29.25000000000019,501,0,0,0,0,0,0,0,0,0,0
29.30000000000019,505,0,0,0,0,0,0,0,0,0,0
29.35000000000019,490,0,0,0,0,0,0,0,0,0,0
29.40000000000019,498,0,0,0,0,0,0,0,0,0,0
29.45000000000019,512,0,0,0,0,0,0,0,0,0,0
29.500000000000192,499,0,0,0,0,0,0,0,0,0,0
29.550000000000193,514,0,0,0,0,0,0,0,0,0,0
29.600000000000193,525,0,0,0,0,0,0,0,0,0,0
29.650000000000194,515,0,0,0,0,0,0,0,0,0,0
29.700000000000195,530,0,0,0,0,0,0,0,0,0,0
29.750000000000195,501,0,0,0,0,0,0,0,0,0,0
29.800000000000196,527,0,0,0,0,0,0,0,0,0,0
29.850000000000197,544,0,0,0,0,0,0,0,0,0,0
29.900000000000198,524,0,0,0,0,0,0,0,0,0,0
29.9500000000002,500,0,0,0,0,0,0,0,0,0,0
30.0000000000002,519,0,0,0,0,0,0,0,0,0,0
30.0500000000002,489,0,0,0,0,0,0,0,0,0,0
30.1000000000002,459,0,0,0,0,0,0,0,0,0,0
30.1500000000002,540,0,0,0,0,0,0,0,0,0,0
30.200000000000202,534,0,0,0,0,0,0,0,0,0,0
30.250000000000203,510,0,0,0,0,0,0,0,0,0,0
30.300000000000203,479,0,0,0,0,0,0,0,0,0,0
30.350000000000204,506,0,0,0,0,0,0,0,0,0,0
30.400000000000205,491,0,0,0,0,0,0,0,0,0,0
30.450000000000205,513,0,0,0,0,0,0,0,0,0,0
30.500000000000206,498,0,0,0,0,0,0,0,0,0,0
30.550000000000207,545,0,0,0,0,0,0,0,0,0,0
30.600000000000207,504,0,0,0,0,0,0,0,0,0,0
30.650000000000208,490,0,0,0,0,0,0,0,0,0,0
30.70000000000021,542,0,0,0,0,0,0,0,0,0,0
30.75000000000021,505,0,0,0,0,0,0,0,0,0,0
30.80000000000021,559,0,0,0,0,0,0,0,0,0,0
30.85000000000021,498,0,0,0,0,0,0,0,0,0,0
30.90000000000021,513,0,0,0,0,0,0,0,0,0,0
30.950000000000212,509,0,0,0,0,0,0,0,0,0,0
31.000000000000213,504,0,0,0,0,0,0,0,0,0,0
31.050000000000214,491,0,0,0,0,0,0,0,0,0,0
31.100000000000215,487,0,0,0,0,0,0,0,0,0,0
31.150000000000215,536,0,0,0,0,0,0,0,0,0,0
31.200000000000216,532,0,0,0,0,0,0,0,0,0,0
31.250000000000217,482,0,0,0,0,0,0,0,0,0,0
31.300000000000217,471,0,0,0,0,0,0,0,0,0,0
31.350000000000218,541,0,0,0,0,0,0,0,0,0,0
31.40000000000022,518,0,0,0,0,0,0,0,0,0,0
31.45000000000022,548,0,0,0,0,0,0,0,0,0,0
31.50000000000022,504,0,0,0,0,0,0,0,0,0,0
31.55000000000022,513,0,0,0,0,0,0,0,0,0,0
31.60000000000022,546,0,0,0,0,0,0,0,0,0,0
31.650000000000222,506,0,0,0,0,0,0,0,0,0,0
31.700000000000223,526,0,0,0,0,0,0,0,0,0,0
31.750000000000224,510,0,0,0,0,0,0,0,0,0,0
31.800000000000225,477,0,0,0,0,0,0,0,0,0,0
31.850000000000225,504,0,0,0,0,0,0,0,0,0,0
31.900000000000226,517,0,0,0,0,0,0,0,0,0,0
31.950000000000227,508,0,0,0,0,0,0,0,0,0,0
32.00000000000023,548,0,0,0,0,0,0,0,0,0,0
32.050000000000225,514,0,0,0,0,0,0,0,0,0,0
32.10000000000022,502,0,0,0,0,0,0,0,0,0,0
32.15000000000022,501,0,0,0,0,0,0,0,0,0,0
32.200000000000216,459,0,0,0,0,0,0,0,0,0,0
32.25000000000021,533,0,0,0,0,0,0,0,0,0,0
32.30000000000021,505,0,0,0,0,0,0,0,0,0,0
32.35000000000021,531,0,0,0,0,0,0,0,0,0,0
32.400000000000205,490,0,0,0,0,0,0,0,0,0,0
32.4500000000002,534,0,0,0,0,0,0,0,0,0,0
32.5000000000002,545,0,0,0,0,0,0,0,0,0,0
32.550000000000196,514,0,0,0,0,0,0,0,0,0,0
32.60000000000019,458,0,0,0,0,0,0,0,0,0,0
32.65000000000019,439,0,0,0,0,0,0,0,0,0,0
32.70000000000019,346,0,0,0,0,0,0,0,0,0,0
32.750000000000185,258,0,0,0,0,0,0,0,0,0,0
32.80000000000018,236,0,0,0,0,0,0,0,0,0,0
32.85000000000018,149,0,0,0,0,0,0,0,0,0,0
32.900000000000176,94,0,0,0,0,0,0,0,0,0,0
32.95000000000017,36,0,0,0,0,0,0,0,0,0,0
33.00000000000017,0,0,0,0,0,0,0,0,0,0,0
33.05000000000017,0,0,0,0,0,0,0,0,0,0,0
33.100000000000165,0,0,0,0,0,0,0,0,0,0,0
33.15000000000016,0,0,0,0,0,0,0,0,0,0,0
33.20000000000016,0,0,0,0,0,0,0,0,0,0,0
33.250000000000156,0,0,0,0,0,0,0,0,0,0,0
33.30000000000015,0,0,0,0,0,0,0,0,0,0,0
33.35000000000015,0,0,0,0,0,0,0,0,0,0,0
33.40000000000015,0,0,0,0,0,0,0,0,0,0,0
33.450000000000145,0,0,0,0,0,0,0,0,0,0,0
33.50000000000014,0,0,0,0,0,0,0,0,0,0,0
33.55000000000014,0,0,0,0,0,0,0,0,0,0,0
33.600000000000136,0,0,0,0,0,0,0,0,0,0,0
33.650000000000134,0,0,0,0,0,0,0,0,0,0,0
33.70000000000013,0,0,0,0,0,0,0,0,0,0,0
33.75000000000013,0,0,0,0,0,0,0,0,0,0,0
33.800000000000125,0,0,0,0,0,0,0,0,0,0,0
33.85000000000012,0,0,0,0,0,0,0,0,0,0,0
33.90000000000012,0,0,0,0,0,0,0,0,0,0,0
33.95000000000012,0,0,0,0,0,0,0,0,0,0,0
34.000000000000114,0,0,0,0,0,0,0,0,0,0,0
34.05000000000011,0,0,0,0,0,0,0,0,0,0,0
34.10000000000011,0,0,0,0,0,0,0,0,0,0,0
34.150000000000105,0,0,0,0,0,0,0,0,0,0,0
34.2000000000001,0,0,0,0,0,0,0,0,0,0,0
34.2500000000001,0,0,0,0,0,0,0,0,0,0,0
34.3000000000001,0,0,0,0,0,0,0,0,0,0,0
34.350000000000094,0,0,0,0,0,0,0,0,0,0,0
34.40000000000009,0,0,0,0,0,0,0,0,0,0,0
34.45000000000009,0,0,0,0,0,0,0,0,0,0,0
34.500000000000085,0,0,0,0,0,0,0,0,0,0,0
34.55000000000008,0,0,0,0,0,0,0,0,0,0,0
34.60000000000008,0,0,0,0,0,0,0,0,0,0,0
34.65000000000008,0,0,0,0,0,0,0,0,0,0,0
34.700000000000074,0,0,0,0,0,0,0,0,0,0,0
34.75000000000007,0,0,0,0,0,0,0,0,0,0,0
34.80000000000007,0,0,0,0,0,0,0,0,0,0,0
34.850000000000065,0,0,0,0,0,0,0,0,0,0,0
34.90000000000006,0,0,0,0,0,0,0,0,0,0,0
34.95000000000006,0,0,0,0,0,0,0,0,0,0,0
35.00000000000006,0,0,0,0,0,0,0,0,0,0,0
35.050000000000054,0,0,0,0,0,0,0,0,0,0,0
35.10000000000005,0,0,0,0,0,0,0,0,0,0,0
35.15000000000005,0,0,0,0,0,0,0,0,0,0,0
35.200000000000045,0,0,0,0,0,0,0,0,0,0,0
35.25000000000004,0,0,0,0,0,0,0,0,0,0,0
35.30000000000004,0,0,0,0,0,0,0,0,0,0,0
35.35000000000004,0,0,0,0,0,0,0,0,0,0,0
35.400000000000034,0,0,0,0,0,0,0,0,0,0,0
35.45000000000003,0,0,0,0,0,0,0,0,0,0,0
35.50000000000003,0,0,0,0,0,0,0,0,0,0,0
35.550000000000026,0,0,0,0,0,0,0,0,0,0,0
35.60000000000002,0,0,0,0,0,0,0,0,0,0,0
35.65000000000002,0,0,0,0,0,0,0,0,0,0,0
35.70000000000002,0,0,0,0,0,0,0,0,0,0,0
35.750000000000014,0,0,0,0,0,0,0,0,0,0,0
35.80000000000001,0,0,0,0,0,0,0,0,0,0,0
35.85000000000001,0,0,0,0,0,0,0,0,0,0,0
35.900000000000006,0,0,0,0,0,0,0,0,0,0,0
35.95,0,0,0,0,0,0,0,0,0,0,0
36.0,0,0,0,0,0,0,0,0,0,0,0
36.05,0,0,0,0,0,0,0,0,0,0,0
36.099999999999994,0,0,0,0,0,0,0,0,0,0,0
36.14999999999999,0,0,0,0,0,0,0,0,0,0,0
36.19999999999999,0,0,0,0,0,0,0,0,0,0,0
36.249999999999986,0,0,0,0,0,0,0,0,0,0,0
36.29999999999998,0,0,0,0,0,0,0,0,0,0,0
36.34999999999998,0,0,0,0,0,0,0,0,0,0,0
36.39999999999998,0,0,0,0,0,0,0,0,0,0,0
36.449999999999974,0,0,0,0,0,0,0,0,0,0,0
36.49999999999997,0,0,0,0,0,0,0,0,0,0,0
36.54999999999997,0,0,0,0,0,0,0,0,0,0,0
36.599999999999966,0,0,0,0,0,0,0,0,0,0,0
36.64999999999996,0,0,0,0,0,0,0,0,0,0,0
36.69999999999996,0,0,0,0,0,0,0,0,0,0,0
36.74999999999996,0,0,0,0,0,0,0,0,0,0,0
36.799999999999955,0,0,0,0,0,0,0,0,0,0,0
36.84999999999995,0,0,0,0,0,0,0,0,0,0,0
36.89999999999995,0,0,0,0,0,0,0,0,0,0,0
36.949999999999946,0,0,0,0,0,0,0,0,0,0,0
36.99999999999994,0,0,0,0,0,0,0,0,0,0,0
37.04999999999994,0,0,0,0,0,0,0,0,0,0,0
37.09999999999994,0,0,0,0,0,0,0,0,0,0,0
37.149999999999935,0,0,0,0,0,0,0,0,0,0,0
37.19999999999993,0,0,0,0,0,0,0,0,0,0,0
37.24999999999993,0,0,0,0,0,0,0,0,0,0,0
37.299999999999926,0,0,0,0,0,0,0,0,0,0,0
37.34999999999992,0,0,0,0,0,0,0,0,0,0,0
37.39999999999992,0,0,0,0,0,0,0,0,0,0,0
37.44999999999992,0,0,0,0,0,0,0,0,0,0,0
37.499999999999915,0,0,0,0,0,0,0,0,0,0,0
37.54999999999991,0,0,0,0,0,0,0,0,0,0,0
37.59999999999991,0,0,0,0,0,0,0,0,0,0,0
37.649999999999906,0,0,0,0,0,0,0,0,0,0,0
37.6999999999999,0,0,0,0,0,0,0,0,0,0,0
37.7499999999999,0,0,0,0,0,0,0,0,0,0,0
37.7999999999999,0,0,0,0,0,0,0,0,0,0,0
37.849999999999895,0,0,0,0,0,0,0,0,0,0,0
37.89999999999989,0,0,0,0,0,0,0,0,0,0,0
37.94999999999989,0,0,0,0,0,0,0,0,0,0,0
37.999999999999886,0,0,0,0,0,0,0,0,0,0,0
38.04999999999988,0,0,0,0,0,0,0,0,0,0,0
38.09999999999988,0,0,0,0,0,0,0,0,0,0,0
38.14999999999988,0,0,0,0,0,0,0,0,0,0,0
38.199999999999875,0,0,0,0,0,0,0,0,0,0,0
38.24999999999987,0,0,0,0,0,0,0,0,0,0,0
38.29999999999987,0,0,0,0,0,0,0,0,0,0,0
38.349999999999866,0,0,0,0,0,0,0,0,0,0,0
38.399999999999864,0,0,0,0,0,0,0,0,0,0,0
38.44999999999986,0,0,0,0,0,0,0,0,0,0,0
38.49999999999986,0,0,0,0,0,0,0,0,0,0,0
38.549999999999855,0,0,0,0,0,0,0,0,0,0,0
38.59999999999985,0,0,0,0,0,0,0,0,0,0,0
38.64999999999985,0,0,0,0,0,0,0,0,0,0,0
38.69999999999985,0,0,0,0,0,0,0,0,0,0,0
38.749999999999844,0,0,0,0,0,0,0,0,0,0,0
38.79999999999984,0,0,0,0,0,0,0,0,0,0,0
38.84999999999984,0,0,0,0,0,0,0,0,0,0,0
38.899999999999835,0,0,0,0,0,0,0,0,0,0,0
38.94999999999983,0,0,0,0,0,0,0,0,0,0,0
38.99999999999983,0,0,0,0,0,0,0,0,0,0,0
39.04999999999983,0,0,0,0,0,0,0,0,0,0,0
39.099999999999824,0,0,0,0,0,0,0,0,0,0,0
39.14999999999982,0,0,0,0,0,0,0,0,0,0,0
39.19999999999982,0,0,0,0,0,0,0,0,0,0,0
39.249999999999815,0,0,0,0,0,0,0,0,0,0,0
39.29999999999981,0,0,0,0,0,0,0,0,0,0,0
39.34999999999981,0,0,0,0,0,0,0,0,0,0,0
39.39999999999981,0,0,0,0,0,0,0,0,0,0,0
39.449999999999804,0,0,0,0,0,0,0,0,0,0,0
39.4999999999998,0,0,0,0,0,0,0,0,0,0,0
39.5499999999998,0,0,0,0,0,0,0,0,0,0,0
39.599999999999795,0,0,0,0,0,0,0,0,0,0,0
39.64999999999979,0,0,0,0,0,0,0,0,0,0,0
39.69999999999979,0,0,0,0,0,0,0,0,0,0,0
39.74999999999979,0,0,0,0,0,0,0,0,0,0,0
39.799999999999784,0,0,0,0,0,0,0,0,0,0,0
39.84999999999978,0,0,0,0,0,0,0,0,0,0,0
39.89999999999978,0,0,0,0,0,0,0,0,0,0,0
39.949999999999775,0,0,0,0,0,0,0,0,0,0,0
39.99999999999977,0,0,0,0,0,0,0,0,0,0,0
40.04999999999977,0,0,0,0,0,0,0,0,0,0,0
40.09999999999977,0,0,0,0,0,0,0,0,0,0,0
40.149999999999764,0,0,0,0,0,0,0,0,0,0,0
40.19999999999976,0,0,0,0,0,0,0,0,0,0,0
40.24999999999976,0,0,0,0,0,0,0,0,0,0,0
40.299999999999756,0,0,0,0,0,0,0,0,0,0,0
40.34999999999975,0,0,0,0,0,0,0,0,0,0,0
40.39999999999975,0,0,0,0,0,0,0,0,0,0,0
40.44999999999975,0,0,0,0,0,0,0,0,0,0,0
40.499999999999744,0,0,0,0,0,0,0,0,0,0,0
40.54999999999974,0,0,0,0,0,0,0,0,0,0,0
40.59999999999974,0,0,0,0,0,0,0,0,0,0,0
40.649999999999736,0,0,0,0,0,0,0,0,0,0,0
40.69999999999973,0,0,0,0,0,0,0,0,0,0,0
40.74999999999973,0,0,0,0,0,0,0,0,0,0,0
40.79999999999973,0,0,0,0,0,0,0,0,0,0,0
40.849999999999724,0,0,0,0,0,0,0,0,0,0,0
40.89999999999972,0,0,0,0,0,0,0,0,0,0,0
40.94999999999972,0,0,0,0,0,0,0,0,0,0,0
40.999999999999716,0,0,0,0,0,0,0,0,0,0,0
41.04999999999971,0,0,0,0,0,0,0,0,0,0,0
41.09999999999971,0,0,0,0,0,0,0,0,0,0,0
41.14999999999971,0,0,0,0,0,0,0,0,0,0,0
41.199999999999704,0,0,0,0,0,0,0,0,0,0,0
41.2499999999997,0,0,0,0,0,0,0,0,0,0,0
41.2999999999997,0,0,0,0,0,0,0,0,0,0,0
41.349999999999696,0,0,0,0,0,0,0,0,0,0,0
41.39999999999969,0,0,0,0,0,0,0,0,0,0,0
41.44999999999969,0,0,0,0,0,0,0,0,0,0,0
41.49999999999969,0,0,0,0,0,0,0,0,0,0,0
41.549999999999685,0,0,0,0,0,0,0,0,0,0,0
