*****
16,0.05,500,0,1,10,100,0.130921998163,0.0853672733114
16,500,500,500,464,500,0,0,0,0,0,0
16.05,471,471,471,434,471,0,0,0,0,0,0
16.1,445,445,445,405,445,0,0,0,0,0,0
16.150000000000002,519,519,519,479,519,0,0,0,0,0,0
16.200000000000003,495,495,495,453,495,0,0,0,0,0,0
16.250000000000004,456,455,455,429,456,0,0,0,0,0,0
16.300000000000004,438,437,438,398,438,0,0,0,0,0,0
16.350000000000005,528,526,528,486,528,0,0,0,0,0,0
16.400000000000006,486,484,485,443,485,0,0,0,0,0,0
16.450000000000006,480,478,480,432,480,0,0,0,0,0,0
16.500000000000007,475,474,475,440,475,0,0,0,0,0,0
16.550000000000008,469,466,466,411,466,0,0,0,0,0,0
16.60000000000001,473,461,466,415,466,0,0,0,0,0,0
16.65000000000001,479,466,475,404,475,0,0,0,0,0,0
16.70000000000001,491,475,479,410,482,0,0,0,0,0,0
16.75000000000001,485,463,468,381,470,0,0,0,0,0,0
16.80000000000001,475,442,453,369,457,0,0,0,0,0,0
16.850000000000012,488,443,461,390,465,0,0,0,0,0,0
16.900000000000013,448,397,419,345,419,0,0,0,0,0,0
16.950000000000014,496,427,445,353,451,0,0,0,0,0,0
17.000000000000014,486,412,437,348,442,0,0,0,0,0,0
17.050000000000015,507,413,444,344,449,0,0,0,0,0,0
17.100000000000016,466,343,390,295,394,0,0,0,0,0,0
17.150000000000016,477,346,381,297,387,0,0,0,0,0,0
17.200000000000017,461,319,361,277,364,0,0,0,0,0,0
17.250000000000018,514,349,388,301,392,0,0,0,0,0,0
17.30000000000002,473,294,334,264,342,0,0,0,0,0,0
17.35000000000002,464,278,320,237,323,0,0,0,0,0,0
17.40000000000002,489,254,304,265,308,0,0,0,0,0,0
17.45000000000002,479,228,269,232,273,0,0,0,0,0,0
17.50000000000002,496,210,264,234,269,0,0,0,0,0,0
17.550000000000022,470,186,234,219,240,0,0,0,0,0,0
17.600000000000023,501,188,242,213,244,0,0,0,0,0,0
17.650000000000023,490,149,201,191,201,0,0,0,0,0,0
17.700000000000024,492,141,186,180,190,0,0,0,0,0,0
17.750000000000025,477,134,179,169,183,0,0,0,0,0,0
17.800000000000026,478,123,164,148,167,0,0,0,0,0,0
17.850000000000026,460,111,143,149,150,0,0,0,0,0,0
17.900000000000027,535,104,145,136,147,0,0,0,0,0,0
17.950000000000028,461,81,108,128,113,0,0,0,0,0,0
18.00000000000003,512,73,97,120,102,0,0,0,0,0,0
18.05000000000003,482,44,66,91,71,0,0,0,0,0,0
18.10000000000003,450,51,67,86,70,0,0,0,0,0,0
18.15000000000003,476,50,59,82,60,0,0,0,0,0,0
18.20000000000003,466,37,53,80,54,0,0,0,0,0,0
18.250000000000032,481,30,39,59,39,0,0,0,0,0,0
18.300000000000033,479,34,46,60,49,0,0,0,0,0,0
18.350000000000033,477,21,35,57,36,0,0,0,0,0,0
18.400000000000034,490,14,21,39,21,0,0,0,0,0,0
18.450000000000035,447,15,18,43,19,0,0,0,0,0,0
18.500000000000036,521,12,17,32,17,0,0,0,0,0,0
18.550000000000036,485,12,19,22,19,0,0,0,0,0,0
18.600000000000037,490,9,9,29,11,0,0,0,0,0,0
18.650000000000038,516,10,17,22,17,0,0,0,0,0,0
18.70000000000004,445,7,11,10,11,0,0,0,0,0,0
18.75000000000004,476,3,5,13,6,0,0,0,0,0,0
18.80000000000004,480,4,7,13,8,0,0,0,0,0,0
18.85000000000004,478,6,7,9,7,0,0,0,0,0,0
18.90000000000004,451,1,4,9,4,0,0,0,0,0,0
18.950000000000042,485,3,5,11,5,0,0,0,0,0,0
19.000000000000043,469,1,2,4,2,0,0,0,0,0,0
19.050000000000043,502,1,2,4,2,0,0,0,0,0,0
19.100000000000044,499,2,2,4,2,0,0,0,0,0,0
19.150000000000045,466,0,0,4,0,0,0,0,0,0,0
19.200000000000045,449,1,1,2,2,0,0,0,0,0,0
19.250000000000046,480,1,1,3,1,0,0,0,0,0,0
19.300000000000047,466,0,0,2,0,0,0,0,0,0,0
19.350000000000048,488,1,1,0,1,0,0,0,0,0,0
19.40000000000005,484,0,1,1,1,0,0,0,0,0,0
19.45000000000005,462,0,0,1,0,0,0,0,0,0,0
19.50000000000005,473,0,0,1,0,0,0,0,0,0,0
19.55000000000005,494,0,0,0,0,0,0,0,0,0,0
19.60000000000005,507,2,2,0,2,0,0,0,0,0,0
19.650000000000052,467,0,0,0,0,0,0,0,0,0,0
19.700000000000053,481,0,0,0,0,0,0,0,0,0,0
19.750000000000053,514,0,0,0,0,0,0,0,0,0,0
19.800000000000054,487,0,0,0,0,0,0,0,0,0,0
19.850000000000055,465,0,0,0,0,0,0,0,0,0,0
19.900000000000055,484,0,0,0,0,0,0,0,0,0,0
19.950000000000056,482,0,0,0,0,0,0,0,0,0,0
20.000000000000057,469,0,0,0,0,0,0,0,0,0,0
20.050000000000058,481,0,0,0,0,0,0,0,0,0,0
20.10000000000006,448,0,0,0,0,0,0,0,0,0,0
20.15000000000006,459,0,0,0,0,0,0,0,0,0,0
20.20000000000006,446,0,0,0,0,0,0,0,0,0,0
20.25000000000006,475,0,0,0,0,0,0,0,0,0,0
20.30000000000006,483,0,0,0,0,0,0,0,0,0,0
20.350000000000062,460,0,0,0,0,0,0,0,0,0,0
20.400000000000063,441,0,0,0,0,0,0,0,0,0,0
20.450000000000063,478,0,0,0,0,0,0,0,0,0,0
20.500000000000064,494,0,0,0,0,0,0,0,0,0,0
20.550000000000065,496,0,0,0,0,0,0,0,0,0,0
20.600000000000065,500,0,0,0,0,0,0,0,0,0,0
20.650000000000066,446,0,0,0,0,0,0,0,0,0,0
20.700000000000067,496,0,0,0,0,0,0,0,0,0,0
20.750000000000068,446,0,0,0,0,0,0,0,0,0,0
20.800000000000068,516,0,0,0,0,0,0,0,0,0,0
20.85000000000007,481,0,0,0,0,0,0,0,0,0,0
20.90000000000007,501,0,0,0,0,0,0,0,0,0,0
20.95000000000007,508,0,0,0,0,0,0,0,0,0,0
21.00000000000007,494,0,0,0,0,0,0,0,0,0,0
21.05000000000007,483,0,0,0,0,0,0,0,0,0,0
21.100000000000072,503,0,0,0,0,0,0,0,0,0,0
21.150000000000073,467,0,0,0,0,0,0,0,0,0,0
21.200000000000074,424,0,0,0,0,0,0,0,0,0,0
21.250000000000075,479,0,0,0,0,0,0,0,0,0,0
21.300000000000075,449,0,0,0,0,0,0,0,0,0,0
21.350000000000076,490,0,0,0,0,0,0,0,0,0,0
21.400000000000077,485,0,0,0,0,0,0,0,0,0,0
21.450000000000077,473,0,0,0,0,0,0,0,0,0,0
21.500000000000078,489,0,0,0,0,0,0,0,0,0,0
21.55000000000008,512,0,0,0,0,0,0,0,0,0,0
21.60000000000008,474,0,0,0,0,0,0,0,0,0,0
21.65000000000008,440,0,0,0,0,0,0,0,0,0,0
21.70000000000008,489,0,0,0,0,0,0,0,0,0,0
21.75000000000008,468,0,0,0,0,0,0,0,0,0,0
21.800000000000082,472,0,0,0,0,0,0,0,0,0,0
21.850000000000083,483,0,0,0,0,0,0,0,0,0,0
21.900000000000084,507,0,0,0,0,0,0,0,0,0,0
21.950000000000085,509,0,0,0,0,0,0,0,0,0,0
22.000000000000085,486,0,0,0,0,0,0,0,0,0,0
22.050000000000086,513,0,0,0,0,0,0,0,0,0,0
22.100000000000087,429,0,0,0,0,0,0,0,0,0,0
22.150000000000087,499,0,0,0,0,0,0,0,0,0,0
22.200000000000088,475,0,0,0,0,0,0,0,0,0,0
22.25000000000009,443,0,0,0,0,0,0,0,0,0,0
22.30000000000009,510,0,0,0,0,0,0,0,0,0,0
22.35000000000009,486,0,0,0,0,0,0,0,0,0,0
22.40000000000009,421,0,0,0,0,0,0,0,0,0,0
22.45000000000009,459,0,0,0,0,0,0,0,0,0,0
22.500000000000092,502,0,0,0,0,0,0,0,0,0,0
22.550000000000093,473,0,0,0,0,0,0,0,0,0,0
22.600000000000094,477,0,0,0,0,0,0,0,0,0,0
22.650000000000095,435,0,0,0,0,0,0,0,0,0,0
22.700000000000095,476,0,0,0,0,0,0,0,0,0,0
22.750000000000096,498,0,0,0,0,0,0,0,0,0,0
22.800000000000097,492,0,0,0,0,0,0,0,0,0,0
22.850000000000097,493,0,0,0,0,0,0,0,0,0,0
22.900000000000098,485,0,0,0,0,0,0,0,0,0,0
22.9500000000001,488,0,0,0,0,0,0,0,0,0,0
23.0000000000001,526,0,0,0,0,0,0,0,0,0,0
23.0500000000001,495,0,0,0,0,0,0,0,0,0,0
23.1000000000001,441,0,0,0,0,0,0,0,0,0,0
23.1500000000001,486,0,0,0,0,0,0,0,0,0,0
23.200000000000102,484,0,0,0,0,0,0,0,0,0,0
23.250000000000103,477,0,0,0,0,0,0,0,0,0,0
23.300000000000104,456,0,0,0,0,0,0,0,0,0,0
23.350000000000104,468,0,0,0,0,0,0,0,0,0,0
23.400000000000105,469,0,0,0,0,0,0,0,0,0,0
23.450000000000106,464,0,0,0,0,0,0,0,0,0,0
23.500000000000107,472,0,0,0,0,0,0,0,0,0,0
23.550000000000107,505,0,0,0,0,0,0,0,0,0,0
23.600000000000108,502,0,0,0,0,0,0,0,0,0,0
23.65000000000011,476,0,0,0,0,0,0,0,0,0,0
23.70000000000011,443,0,0,0,0,0,0,0,0,0,0
23.75000000000011,535,0,0,0,0,0,0,0,0,0,0
23.80000000000011,438,0,0,0,0,0,0,0,0,0,0
23.85000000000011,491,0,0,0,0,0,0,0,0,0,0
23.900000000000112,492,0,0,0,0,0,0,0,0,0,0
23.950000000000113,451,0,0,0,0,0,0,0,0,0,0
24.000000000000114,479,0,0,0,0,0,0,0,0,0,0
24.050000000000114,471,0,0,0,0,0,0,0,0,0,0
24.100000000000115,465,0,0,0,0,0,0,0,0,0,0
24.150000000000116,507,0,0,0,0,0,0,0,0,0,0
24.200000000000117,467,0,0,0,0,0,0,0,0,0,0
24.250000000000117,451,0,0,0,0,0,0,0,0,0,0
24.300000000000118,492,0,0,0,0,0,0,0,0,0,0
24.35000000000012,489,0,0,0,0,0,0,0,0,0,0
24.40000000000012,472,0,0,0,0,0,0,0,0,0,0
24.45000000000012,455,0,0,0,0,0,0,0,0,0,0
24.50000000000012,467,0,0,0,0,0,0,0,0,0,0
24.55000000000012,474,0,0,0,0,0,0,0,0,0,0
24.600000000000122,507,0,0,0,0,0,0,0,0,0,0
24.650000000000123,464,0,0,0,0,0,0,0,0,0,0
24.700000000000124,483,0,0,0,0,0,0,0,0,0,0
24.750000000000124,471,0,0,0,0,0,0,0,0,0,0
24.800000000000125,490,0,0,0,0,0,0,0,0,0,0
24.850000000000126,493,0,0,0,0,0,0,0,0,0,0
24.900000000000126,481,0,0,0,0,0,0,0,0,0,0
24.950000000000127,469,0,0,0,0,0,0,0,0,0,0
25.000000000000128,471,0,0,0,0,0,0,0,0,0,0
25.05000000000013,418,0,0,0,0,0,0,0,0,0,0
25.10000000000013,453,0,0,0,0,0,0,0,0,0,0
25.15000000000013,485,0,0,0,0,0,0,0,0,0,0
25.20000000000013,490,0,0,0,0,0,0,0,0,0,0
25.25000000000013,486,0,0,0,0,0,0,0,0,0,0
25.300000000000132,514,0,0,0,0,0,0,0,0,0,0
25.350000000000133,468,0,0,0,0,0,0,0,0,0,0
25.400000000000134,494,0,0,0,0,0,0,0,0,0,0
25.450000000000134,510,0,0,0,0,0,0,0,0,0,0
25.500000000000135,470,0,0,0,0,0,0,0,0,0,0
25.550000000000136,472,0,0,0,0,0,0,0,0,0,0
25.600000000000136,446,0,0,0,0,0,0,0,0,0,0
25.650000000000137,491,0,0,0,0,0,0,0,0,0,0
25.700000000000138,497,0,0,0,0,0,0,0,0,0,0
25.75000000000014,466,0,0,0,0,0,0,0,0,0,0
25.80000000000014,478,0,0,0,0,0,0,0,0,0,0
25.85000000000014,501,0,0,0,0,0,0,0,0,0,0
25.90000000000014,457,0,0,0,0,0,0,0,0,0,0
25.95000000000014,447,0,0,0,0,0,0,0,0,0,0
26.000000000000142,486,0,0,0,0,0,0,0,0,0,0
26.050000000000143,480,0,0,0,0,0,0,0,0,0,0
26.100000000000144,462,0,0,0,0,0,0,0,0,0,0
26.150000000000144,490,0,0,0,0,0,0,0,0,0,0
26.200000000000145,473,0,0,0,0,0,0,0,0,0,0
26.250000000000146,509,0,0,0,0,0,0,0,0,0,0
26.300000000000146,501,0,0,0,0,0,0,0,0,0,0
26.350000000000147,480,0,0,0,0,0,0,0,0,0,0
26.400000000000148,511,0,0,0,0,0,0,0,0,0,0
26.45000000000015,451,0,0,0,0,0,0,0,0,0,0
26.50000000000015,496,0,0,0,0,0,0,0,0,0,0
26.55000000000015,471,0,0,0,0,0,0,0,0,0,0
26.60000000000015,458,0,0,0,0,0,0,0,0,0,0
26.65000000000015,476,0,0,0,0,0,0,0,0,0,0
26.700000000000152,467,0,0,0,0,0,0,0,0,0,0
26.750000000000153,460,0,0,0,0,0,0,0,0,0,0
26.800000000000153,450,0,0,0,0,0,0,0,0,0,0
26.850000000000154,430,0,0,0,0,0,0,0,0,0,0
26.900000000000155,495,0,0,0,0,0,0,0,0,0,0
26.950000000000156,467,0,0,0,0,0,0,0,0,0,0
27.000000000000156,476,0,0,0,0,0,0,0,0,0,0
27.050000000000157,506,0,0,0,0,0,0,0,0,0,0
27.100000000000158,484,0,0,0,0,0,0,0,0,0,0
27.15000000000016,515,0,0,0,0,0,0,0,0,0,0
27.20000000000016,486,0,0,0,0,0,0,0,0,0,0
27.25000000000016,459,0,0,0,0,0,0,0,0,0,0
27.30000000000016,495,0,0,0,0,0,0,0,0,0,0
27.35000000000016,469,0,0,0,0,0,0,0,0,0,0
27.400000000000162,514,0,0,0,0,0,0,0,0,0,0
27.450000000000163,452,0,0,0,0,0,0,0,0,0,0
27.500000000000163,500,0,0,0,0,0,0,0,0,0,0
27.550000000000164,470,0,0,0,0,0,0,0,0,0,0
27.600000000000165,419,0,0,0,0,0,0,0,0,0,0
27.650000000000166,471,0,0,0,0,0,0,0,0,0,0
27.700000000000166,495,0,0,0,0,0,0,0,0,0,0
27.750000000000167,469,0,0,0,0,0,0,0,0,0,0
27.800000000000168,518,0,0,0,0,0,0,0,0,0,0
27.85000000000017,444,0,0,0,0,0,0,0,0,0,0
27.90000000000017,499,0,0,0,0,0,0,0,0,0,0
27.95000000000017,444,0,0,0,0,0,0,0,0,0,0
28.00000000000017,473,0,0,0,0,0,0,0,0,0,0
28.05000000000017,473,0,0,0,0,0,0,0,0,0,0
28.100000000000172,485,0,0,0,0,0,0,0,0,0,0
28.150000000000173,522,0,0,0,0,0,0,0,0,0,0
28.200000000000173,488,0,0,0,0,0,0,0,0,0,0
28.250000000000174,484,0,0,0,0,0,0,0,0,0,0
28.300000000000175,496,0,0,0,0,0,0,0,0,0,0
28.350000000000176,457,0,0,0,0,0,0,0,0,0,0
28.400000000000176,485,0,0,0,0,0,0,0,0,0,0
28.450000000000177,439,0,0,0,0,0,0,0,0,0,0
28.500000000000178,483,0,0,0,0,0,0,0,0,0,0
28.55000000000018,486,0,0,0,0,0,0,0,0,0,0
28.60000000000018,459,0,0,0,0,0,0,0,0,0,0
28.65000000000018,484,0,0,0,0,0,0,0,0,0,0
28.70000000000018,458,0,0,0,0,0,0,0,0,0,0
28.75000000000018,457,0,0,0,0,0,0,0,0,0,0
28.800000000000182,513,0,0,0,0,0,0,0,0,0,0
28.850000000000183,476,0,0,0,0,0,0,0,0,0,0
28.900000000000183,459,0,0,0,0,0,0,0,0,0,0
28.950000000000184,479,0,0,0,0,0,0,0,0,0,0
29.000000000000185,492,0,0,0,0,0,0,0,0,0,0
29.050000000000185,489,0,0,0,0,0,0,0,0,0,0
29.100000000000186,452,0,0,0,0,0,0,0,0,0,0
29.150000000000187,517,0,0,0,0,0,0,0,0,0,0
29.200000000000188,459,0,0,0,0,0,0,0,0,0,0
29.25000000000019,467,0,0,0,0,0,0,0,0,0,0
29.30000000000019,457,0,0,0,0,0,0,0,0,0,0
29.35000000000019,479,0,0,0,0,0,0,0,0,0,0
29.40000000000019,512,0,0,0,0,0,0,0,0,0,0
29.45000000000019,508,0,0,0,0,0,0,0,0,0,0
29.500000000000192,469,0,0,0,0,0,0,0,0,0,0
29.550000000000193,492,0,0,0,0,0,0,0,0,0,0
29.600000000000193,489,0,0,0,0,0,0,0,0,0,0
29.650000000000194,482,0,0,0,0,0,0,0,0,0,0
29.700000000000195,478,0,0,0,0,0,0,0,0,0,0
29.750000000000195,488,0,0,0,0,0,0,0,0,0,0
29.800000000000196,460,0,0,0,0,0,0,0,0,0,0
29.850000000000197,508,0,0,0,0,0,0,0,0,0,0
29.900000000000198,477,0,0,0,0,0,0,0,0,0,0
29.9500000000002,473,0,0,0,0,0,0,0,0,0,0
30.0000000000002,471,0,0,0,0,0,0,0,0,0,0
30.0500000000002,476,0,0,0,0,0,0,0,0,0,0
30.1000000000002,541,0,0,0,0,0,0,0,0,0,0
30.1500000000002,501,0,0,0,0,0,0,0,0,0,0
30.200000000000202,489,0,0,0,0,0,0,0,0,0,0
30.250000000000203,490,0,0,0,0,0,0,0,0,0,0
30.300000000000203,464,0,0,0,0,0,0,0,0,0,0
30.350000000000204,477,0,0,0,0,0,0,0,0,0,0
30.400000000000205,509,0,0,0,0,0,0,0,0,0,0
30.450000000000205,446,0,0,0,0,0,0,0,0,0,0
30.500000000000206,459,0,0,0,0,0,0,0,0,0,0
30.550000000000207,473,0,0,0,0,0,0,0,0,0,0
30.600000000000207,444,0,0,0,0,0,0,0,0,0,0
30.650000000000208,485,0,0,0,0,0,0,0,0,0,0
30.70000000000021,507,0,0,0,0,0,0,0,0,0,0
30.75000000000021,486,0,0,0,0,0,0,0,0,0,0
30.80000000000021,486,0,0,0,0,0,0,0,0,0,0
30.85000000000021,517,0,0,0,0,0,0,0,0,0,0
30.90000000000021,499,0,0,0,0,0,0,0,0,0,0
30.950000000000212,473,0,0,0,0,0,0,0,0,0,0
31.000000000000213,462,0,0,0,0,0,0,0,0,0,0
31.050000000000214,505,0,0,0,0,0,0,0,0,0,0
31.100000000000215,502,0,0,0,0,0,0,0,0,0,0
31.150000000000215,484,0,0,0,0,0,0,0,0,0,0
31.200000000000216,466,0,0,0,0,0,0,0,0,0,0
31.250000000000217,453,0,0,0,0,0,0,0,0,0,0
31.300000000000217,493,0,0,0,0,0,0,0,0,0,0
31.350000000000218,457,0,0,0,0,0,0,0,0,0,0
31.40000000000022,483,0,0,0,0,0,0,0,0,0,0
31.45000000000022,502,0,0,0,0,0,0,0,0,0,0
31.50000000000022,482,0,0,0,0,0,0,0,0,0,0
31.55000000000022,495,0,0,0,0,0,0,0,0,0,0
31.60000000000022,462,0,0,0,0,0,0,0,0,0,0
31.650000000000222,490,0,0,0,0,0,0,0,0,0,0
31.700000000000223,504,0,0,0,0,0,0,0,0,0,0
31.750000000000224,477,0,0,0,0,0,0,0,0,0,0
31.800000000000225,503,0,0,0,0,0,0,0,0,0,0
31.850000000000225,486,0,0,0,0,0,0,0,0,0,0
31.900000000000226,477,0,0,0,0,0,0,0,0,0,0
31.950000000000227,474,0,0,0,0,0,0,0,0,0,0
32.00000000000023,441,0,0,0,0,0,0,0,0,0,0
32.050000000000225,449,0,0,0,0,0,0,0,0,0,0
32.10000000000022,423,0,0,0,0,0,0,0,0,0,0
32.15000000000022,402,0,0,0,0,0,0,0,0,0,0
32.200000000000216,378,0,0,0,0,0,0,0,0,0,0
32.25000000000021,333,0,0,0,0,0,0,0,0,0,0
32.30000000000021,317,0,0,0,0,0,0,0,0,0,0
32.35000000000021,311,0,0,0,0,0,0,0,0,0,0
32.400000000000205,276,0,0,0,0,0,0,0,0,0,0
32.4500000000002,248,0,0,0,0,0,0,0,0,0,0
32.5000000000002,229,0,0,0,0,0,0,0,0,0,0
32.550000000000196,223,0,0,0,0,0,0,0,0,0,0
32.60000000000019,196,0,0,0,0,0,0,0,0,0,0
32.65000000000019,152,0,0,0,0,0,0,0,0,0,0
32.70000000000019,137,0,0,0,0,0,0,0,0,0,0
32.750000000000185,103,0,0,0,0,0,0,0,0,0,0
32.80000000000018,75,0,0,0,0,0,0,0,0,0,0
32.85000000000018,59,0,0,0,0,0,0,0,0,0,0
32.900000000000176,32,0,0,0,0,0,0,0,0,0,0
32.95000000000017,5,0,0,0,0,0,0,0,0,0,0
33.00000000000017,0,0,0,0,0,0,0,0,0,0,0
33.05000000000017,0,0,0,0,0,0,0,0,0,0,0
33.100000000000165,0,0,0,0,0,0,0,0,0,0,0
33.15000000000016,0,0,0,0,0,0,0,0,0,0,0
33.20000000000016,0,0,0,0,0,0,0,0,0,0,0
33.250000000000156,0,0,0,0,0,0,0,0,0,0,0
33.30000000000015,0,0,0,0,0,0,0,0,0,0,0
33.35000000000015,0,0,0,0,0,0,0,0,0,0,0
33.40000000000015,0,0,0,0,0,0,0,0,0,0,0
33.450000000000145,0,0,0,0,0,0,0,0,0,0,0
33.50000000000014,0,0,0,0,0,0,0,0,0,0,0
33.55000000000014,0,0,0,0,0,0,0,0,0,0,0
33.600000000000136,0,0,0,0,0,0,0,0,0,0,0
33.650000000000134,0,0,0,0,0,0,0,0,0,0,0
33.70000000000013,0,0,0,0,0,0,0,0,0,0,0
33.75000000000013,0,0,0,0,0,0,0,0,0,0,0
33.800000000000125,0,0,0,0,0,0,0,0,0,0,0
33.85000000000012,0,0,0,0,0,0,0,0,0,0,0
33.90000000000012,0,0,0,0,0,0,0,0,0,0,0
33.95000000000012,0,0,0,0,0,0,0,0,0,0,0
34.000000000000114,0,0,0,0,0,0,0,0,0,0,0
34.05000000000011,0,0,0,0,0,0,0,0,0,0,0
34.10000000000011,0,0,0,0,0,0,0,0,0,0,0
34.150000000000105,0,0,0,0,0,0,0,0,0,0,0
34.2000000000001,0,0,0,0,0,0,0,0,0,0,0
34.2500000000001,0,0,0,0,0,0,0,0,0,0,0
34.3000000000001,0,0,0,0,0,0,0,0,0,0,0
34.350000000000094,0,0,0,0,0,0,0,0,0,0,0
34.40000000000009,0,0,0,0,0,0,0,0,0,0,0
34.45000000000009,0,0,0,0,0,0,0,0,0,0,0
34.500000000000085,0,0,0,0,0,0,0,0,0,0,0
34.55000000000008,0,0,0,0,0,0,0,0,0,0,0
34.60000000000008,0,0,0,0,0,0,0,0,0,0,0
34.65000000000008,0,0,0,0,0,0,0,0,0,0,0
34.700000000000074,0,0,0,0,0,0,0,0,0,0,0
34.75000000000007,0,0,0,0,0,0,0,0,0,0,0
34.80000000000007,0,0,0,0,0,0,0,0,0,0,0
34.850000000000065,0,0,0,0,0,0,0,0,0,0,0
34.90000000000006,0,0,0,0,0,0,0,0,0,0,0
34.95000000000006,0,0,0,0,0,0,0,0,0,0,0
35.00000000000006,0,0,0,0,0,0,0,0,0,0,0
35.050000000000054,0,0,0,0,0,0,0,0,0,0,0
35.10000000000005,0,0,0,0,0,0,0,0,0,0,0
35.15000000000005,0,0,0,0,0,0,0,0,0,0,0
35.200000000000045,0,0,0,0,0,0,0,0,0,0,0
35.25000000000004,0,0,0,0,0,0,0,0,0,0,0
35.30000000000004,0,0,0,0,0,0,0,0,0,0,0
35.35000000000004,0,0,0,0,0,0,0,0,0,0,0
35.400000000000034,0,0,0,0,0,0,0,0,0,0,0
35.45000000000003,0,0,0,0,0,0,0,0,0,0,0
35.50000000000003,0,0,0,0,0,0,0,0,0,0,0
35.550000000000026,0,0,0,0,0,0,0,0,0,0,0
35.60000000000002,0,0,0,0,0,0,0,0,0,0,0
35.65000000000002,0,0,0,0,0,0,0,0,0,0,0
35.70000000000002,0,0,0,0,0,0,0,0,0,0,0
35.750000000000014,0,0,0,0,0,0,0,0,0,0,0
35.80000000000001,0,0,0,0,0,0,0,0,0,0,0
35.85000000000001,0,0,0,0,0,0,0,0,0,0,0
35.900000000000006,0,0,0,0,0,0,0,0,0,0,0
35.95,0,0,0,0,0,0,0,0,0,0,0
36.0,0,0,0,0,0,0,0,0,0,0,0
36.05,0,0,0,0,0,0,0,0,0,0,0
36.099999999999994,0,0,0,0,0,0,0,0,0,0,0
36.14999999999999,0,0,0,0,0,0,0,0,0,0,0
36.19999999999999,0,0,0,0,0,0,0,0,0,0,0
36.249999999999986,0,0,0,0,0,0,0,0,0,0,0
36.29999999999998,0,0,0,0,0,0,0,0,0,0,0
36.34999999999998,0,0,0,0,0,0,0,0,0,0,0
36.39999999999998,0,0,0,0,0,0,0,0,0,0,0
36.449999999999974,0,0,0,0,0,0,0,0,0,0,0
36.49999999999997,0,0,0,0,0,0,0,0,0,0,0
36.54999999999997,0,0,0,0,0,0,0,0,0,0,0
36.599999999999966,0,0,0,0,0,0,0,0,0,0,0
36.64999999999996,0,0,0,0,0,0,0,0,0,0,0
36.69999999999996,0,0,0,0,0,0,0,0,0,0,0
36.74999999999996,0,0,0,0,0,0,0,0,0,0,0
36.799999999999955,0,0,0,0,0,0,0,0,0,0,0
36.84999999999995,0,0,0,0,0,0,0,0,0,0,0
36.89999999999995,0,0,0,0,0,0,0,0,0,0,0
36.949999999999946,0,0,0,0,0,0,0,0,0,0,0
36.99999999999994,0,0,0,0,0,0,0,0,0,0,0
37.04999999999994,0,0,0,0,0,0,0,0,0,0,0
37.09999999999994,0,0,0,0,0,0,0,0,0,0,0
37.149999999999935,0,0,0,0,0,0,0,0,0,0,0
37.19999999999993,0,0,0,0,0,0,0,0,0,0,0
37.24999999999993,0,0,0,0,0,0,0,0,0,0,0
37.299999999999926,0,0,0,0,0,0,0,0,0,0,0
37.34999999999992,0,0,0,0,0,0,0,0,0,0,0
37.39999999999992,0,0,0,0,0,0,0,0,0,0,0
37.44999999999992,0,0,0,0,0,0,0,0,0,0,0
37.499999999999915,0,0,0,0,0,0,0,0,0,0,0
37.54999999999991,0,0,0,0,0,0,0,0,0,0,0
37.59999999999991,0,0,0,0,0,0,0,0,0,0,0
37.649999999999906,0,0,0,0,0,0,0,0,0,0,0
37.6999999999999,0,0,0,0,0,0,0,0,0,0,0
37.7499999999999,0,0,0,0,0,0,0,0,0,0,0
37.7999999999999,0,0,0,0,0,0,0,0,0,0,0
37.849999999999895,0,0,0,0,0,0,0,0,0,0,0
37.89999999999989,0,0,0,0,0,0,0,0,0,0,0
37.94999999999989,0,0,0,0,0,0,0,0,0,0,0
37.999999999999886,0,0,0,0,0,0,0,0,0,0,0
38.04999999999988,0,0,0,0,0,0,0,0,0,0,0
38.09999999999988,0,0,0,0,0,0,0,0,0,0,0
38.14999999999988,0,0,0,0,0,0,0,0,0,0,0
38.199999999999875,0,0,0,0,0,0,0,0,0,0,0
38.24999999999987,0,0,0,0,0,0,0,0,0,0,0
38.29999999999987,0,0,0,0,0,0,0,0,0,0,0
38.349999999999866,0,0,0,0,0,0,0,0,0,0,0
38.399999999999864,0,0,0,0,0,0,0,0,0,0,0
38.44999999999986,0,0,0,0,0,0,0,0,0,0,0
38.49999999999986,0,0,0,0,0,0,0,0,0,0,0
38.549999999999855,0,0,0,0,0,0,0,0,0,0,0
38.59999999999985,0,0,0,0,0,0,0,0,0,0,0
38.64999999999985,0,0,0,0,0,0,0,0,0,0,0
38.69999999999985,0,0,0,0,0,0,0,0,0,0,0
38.749999999999844,0,0,0,0,0,0,0,0,0,0,0
38.79999999999984,0,0,0,0,0,0,0,0,0,0,0
38.84999999999984,0,0,0,0,0,0,0,0,0,0,0
38.899999999999835,0,0,0,0,0,0,0,0,0,0,0
38.94999999999983,0,0,0,0,0,0,0,0,0,0,0
38.99999999999983,0,0,0,0,0,0,0,0,0,0,0
39.04999999999983,0,0,0,0,0,0,0,0,0,0,0
39.099999999999824,0,0,0,0,0,0,0,0,0,0,0
39.14999999999982,0,0,0,0,0,0,0,0,0,0,0
39.19999999999982,0,0,0,0,0,0,0,0,0,0,0
39.249999999999815,0,0,0,0,0,0,0,0,0,0,0
39.29999999999981,0,0,0,0,0,0,0,0,0,0,0
39.34999999999981,0,0,0,0,0,0,0,0,0,0,0
39.39999999999981,0,0,0,0,0,0,0,0,0,0,0
39.449999999999804,0,0,0,0,0,0,0,0,0,0,0
39.4999999999998,0,0,0,0,0,0,0,0,0,0,0
39.5499999999998,0,0,0,0,0,0,0,0,0,0,0
39.599999999999795,0,0,0,0,0,0,0,0,0,0,0
39.64999999999979,0,0,0,0,0,0,0,0,0,0,0
39.69999999999979,0,0,0,0,0,0,0,0,0,0,0
39.74999999999979,0,0,0,0,0,0,0,0,0,0,0
39.799999999999784,0,0,0,0,0,0,0,0,0,0,0
39.84999999999978,0,0,0,0,0,0,0,0,0,0,0
39.89999999999978,0,0,0,0,0,0,0,0,0,0,0
39.949999999999775,0,0,0,0,0,0,0,0,0,0,0
39.99999999999977,0,0,0,0,0,0,0,0,0,0,0
40.04999999999977,0,0,0,0,0,0,0,0,0,0,0
40.09999999999977,0,0,0,0,0,0,0,0,0,0,0
40.149999999999764,0,0,0,0,0,0,0,0,0,0,0
40.19999999999976,0,0,0,0,0,0,0,0,0,0,0
40.24999999999976,0,0,0,0,0,0,0,0,0,0,0
40.299999999999756,0,0,0,0,0,0,0,0,0,0,0
40.34999999999975,0,0,0,0,0,0,0,0,0,0,0
40.39999999999975,0,0,0,0,0,0,0,0,0,0,0
40.44999999999975,0,0,0,0,0,0,0,0,0,0,0
40.499999999999744,0,0,0,0,0,0,0,0,0,0,0
40.54999999999974,0,0,0,0,0,0,0,0,0,0,0
40.59999999999974,0,0,0,0,0,0,0,0,0,0,0
40.649999999999736,0,0,0,0,0,0,0,0,0,0,0
40.69999999999973,0,0,0,0,0,0,0,0,0,0,0
40.74999999999973,0,0,0,0,0,0,0,0,0,0,0
40.79999999999973,0,0,0,0,0,0,0,0,0,0,0
40.849999999999724,0,0,0,0,0,0,0,0,0,0,0
40.89999999999972,0,0,0,0,0,0,0,0,0,0,0
40.94999999999972,0,0,0,0,0,0,0,0,0,0,0
40.999999999999716,0,0,0,0,0,0,0,0,0,0,0
41.04999999999971,0,0,0,0,0,0,0,0,0,0,0
41.09999999999971,0,0,0,0,0,0,0,0,0,0,0
41.14999999999971,0,0,0,0,0,0,0,0,0,0,0
41.199999999999704,0,0,0,0,0,0,0,0,0,0,0
41.2499999999997,0,0,0,0,0,0,0,0,0,0,0
41.2999999999997,0,0,0,0,0,0,0,0,0,0,0
41.349999999999696,0,0,0,0,0,0,0,0,0,0,0
41.39999999999969,0,0,0,0,0,0,0,0,0,0,0
41.44999999999969,0,0,0,0,0,0,0,0,0,0,0
41.49999999999969,0,0,0,0,0,0,0,0,0,0,0
41.549999999999685,0,0,0,0,0,0,0,0,0,0,0
*****
16,0.05,500,0,0.4,10,100,0.130921998163,0.0853672733114
16,500,500,500,500,500,0,0,0,0,0,0
16.05,467,467,467,467,467,0,0,0,0,0,0
16.1,475,475,475,475,475,0,0,0,0,0,0
16.150000000000002,447,447,447,447,447,0,0,0,0,0,0
16.200000000000003,443,443,443,443,443,0,0,0,0,0,0
16.250000000000004,439,439,439,439,439,0,0,0,0,0,0
16.300000000000004,432,432,432,432,432,0,0,0,0,0,0
16.350000000000005,463,463,463,463,463,0,0,0,0,0,0
16.400000000000006,439,439,439,439,439,0,0,0,0,0,0
16.450000000000006,428,428,428,428,428,0,0,0,0,0,0
16.500000000000007,464,464,463,464,464,0,0,0,0,0,0
16.550000000000008,451,451,450,451,451,0,0,0,0,0,0
16.60000000000001,461,461,461,461,461,0,0,0,0,0,0
16.65000000000001,458,458,458,458,458,0,0,0,0,0,0
16.70000000000001,419,419,419,419,419,0,0,0,0,0,0
16.75000000000001,473,473,473,473,473,0,0,0,0,0,0
16.80000000000001,439,439,438,439,439,0,0,0,0,0,0
16.850000000000012,452,452,451,452,452,0,0,0,0,0,0
16.900000000000013,471,471,471,471,471,0,0,0,0,0,0
16.950000000000014,419,419,418,419,419,0,0,0,0,0,0
17.000000000000014,451,451,451,451,451,0,0,0,0,0,0
17.050000000000015,443,443,443,443,443,0,0,0,0,0,0
17.100000000000016,465,464,463,465,465,0,0,0,0,0,0
17.150000000000016,459,459,458,459,459,0,0,0,0,0,0
17.200000000000017,431,431,430,431,431,0,0,0,0,0,0
17.250000000000018,472,471,470,472,471,0,0,0,0,0,0
17.30000000000002,458,458,455,458,458,0,0,0,0,0,0
17.35000000000002,452,451,450,452,451,0,0,0,0,0,0
17.40000000000002,427,425,422,427,425,0,0,0,0,0,0
17.45000000000002,462,462,459,462,462,0,0,0,0,0,0
17.50000000000002,442,441,441,442,441,0,0,0,0,0,0
17.550000000000022,424,423,417,424,423,0,0,0,0,0,0
17.600000000000023,480,477,473,479,477,0,0,0,0,0,0
17.650000000000023,455,453,449,455,453,0,0,0,0,0,0
17.700000000000024,470,469,467,470,469,0,0,0,0,0,0
17.750000000000025,469,466,462,468,466,0,0,0,0,0,0
17.800000000000026,420,417,413,420,417,0,0,0,0,0,0
17.850000000000026,417,414,411,417,414,0,0,0,0,0,0
17.900000000000027,486,477,469,486,477,0,0,0,0,0,0
17.950000000000028,453,446,436,452,448,0,0,0,0,0,0
18.00000000000003,454,443,438,452,445,0,0,0,0,0,0
18.05000000000003,437,427,420,437,428,0,0,0,0,0,0
18.10000000000003,462,455,445,462,456,0,0,0,0,0,0
18.15000000000003,468,456,443,468,456,0,0,0,0,0,0
18.20000000000003,457,448,437,457,452,0,0,0,0,0,0
18.250000000000032,407,396,386,406,397,0,0,0,0,0,0
18.300000000000033,459,443,433,459,444,0,0,0,0,0,0
18.350000000000033,481,456,444,480,463,0,0,0,0,0,0
18.400000000000034,445,419,403,443,424,0,0,0,0,0,0
18.450000000000035,430,402,385,430,407,0,0,0,0,0,0
18.500000000000036,453,417,401,453,425,0,0,0,0,0,0
18.550000000000036,495,437,422,494,445,0,0,0,0,0,0
18.600000000000037,454,407,396,451,413,0,0,0,0,0,0
18.650000000000038,430,379,367,430,384,0,0,0,0,0,0
18.70000000000004,466,399,387,464,410,0,0,0,0,0,0
18.75000000000004,472,404,387,471,412,0,0,0,0,0,0
18.80000000000004,443,361,348,438,368,0,0,0,0,0,0
18.85000000000004,454,368,352,448,377,0,0,0,0,0,0
18.90000000000004,429,340,328,428,345,0,0,0,0,0,0
18.950000000000042,465,357,342,462,364,0,0,0,0,0,0
19.000000000000043,469,342,323,466,351,0,0,0,0,0,0
19.050000000000043,449,333,317,441,338,0,0,0,0,0,0
19.100000000000044,432,318,301,425,326,0,0,0,0,0,0
19.150000000000045,446,312,297,440,318,0,0,0,0,0,0
19.200000000000045,450,276,259,443,286,0,0,0,0,0,0
19.250000000000046,458,267,253,442,279,0,0,0,0,0,0
19.300000000000047,431,254,238,410,260,0,0,0,0,0,0
19.350000000000048,474,248,232,459,259,0,0,0,0,0,0
19.40000000000005,451,233,210,428,238,0,0,0,0,0,0
19.45000000000005,442,215,196,413,221,0,0,0,0,0,0
19.50000000000005,454,183,170,418,192,0,0,0,0,0,0
19.55000000000005,448,155,145,408,160,0,0,0,0,0,0
19.60000000000005,451,166,160,401,174,0,0,0,0,0,0
19.650000000000052,435,146,136,386,149,0,0,0,0,0,0
19.700000000000053,469,132,124,407,136,0,0,0,0,0,0
19.750000000000053,467,120,112,395,128,0,0,0,0,0,0
19.800000000000054,443,109,110,350,121,0,0,0,0,0,0
19.850000000000055,455,91,91,344,97,0,0,0,0,0,0
19.900000000000055,452,78,74,327,84,0,0,0,0,0,0
19.950000000000056,465,67,68,321,71,0,0,0,0,0,0
20.000000000000057,426,50,47,274,55,0,0,0,0,0,0
20.050000000000058,434,54,49,246,57,0,0,0,0,0,0
20.10000000000006,452,41,40,232,44,0,0,0,0,0,0
20.15000000000006,456,37,34,225,39,0,0,0,0,0,0
20.20000000000006,481,20,19,183,23,0,0,0,0,0,0
20.25000000000006,478,27,26,199,30,0,0,0,0,0,0
20.30000000000006,442,22,24,152,24,0,0,0,0,0,0
20.350000000000062,457,17,16,125,18,0,0,0,0,0,0
20.400000000000063,457,8,9,95,10,0,0,0,0,0,0
20.450000000000063,433,4,7,91,7,0,0,0,0,0,0
20.500000000000064,468,4,3,70,4,0,0,0,0,0,0
20.550000000000065,466,4,4,65,4,0,0,0,0,0,0
20.600000000000065,454,1,1,44,1,0,0,0,0,0,0
20.650000000000066,452,3,3,36,3,0,0,0,0,0,0
20.700000000000067,464,3,3,26,3,0,0,0,0,0,0
20.750000000000068,423,3,3,21,3,0,0,0,0,0,0
20.800000000000068,447,0,0,13,0,0,0,0,0,0,0
20.85000000000007,470,0,0,11,0,0,0,0,0,0,0
20.90000000000007,460,0,0,6,0,0,0,0,0,0,0
20.95000000000007,452,0,0,9,0,0,0,0,0,0,0
21.00000000000007,432,0,0,5,0,0,0,0,0,0,0
21.05000000000007,452,0,0,3,0,0,0,0,0,0,0
21.100000000000072,428,0,0,0,0,0,0,0,0,0,0
21.150000000000073,424,0,0,1,0,0,0,0,0,0,0
21.200000000000074,480,0,0,0,0,0,0,0,0,0,0
21.250000000000075,415,0,0,2,0,0,0,0,0,0,0
21.300000000000075,440,0,0,1,0,0,0,0,0,0,0
21.350000000000076,450,0,0,0,0,0,0,0,0,0,0
21.400000000000077,484,0,0,0,0,0,0,0,0,0,0
21.450000000000077,473,0,0,0,0,0,0,0,0,0,0
21.500000000000078,433,0,0,0,0,0,0,0,0,0,0
21.55000000000008,474,0,0,0,0,0,0,0,0,0,0
21.60000000000008,428,0,0,0,0,0,0,0,0,0,0
21.65000000000008,496,0,0,0,0,0,0,0,0,0,0
21.70000000000008,449,0,0,0,0,0,0,0,0,0,0
21.75000000000008,446,0,0,0,0,0,0,0,0,0,0
21.800000000000082,449,0,0,0,0,0,0,0,0,0,0
21.850000000000083,452,0,0,0,0,0,0,0,0,0,0
21.900000000000084,471,0,0,0,0,0,0,0,0,0,0
21.950000000000085,451,0,0,0,0,0,0,0,0,0,0
22.000000000000085,459,0,0,0,0,0,0,0,0,0,0
22.050000000000086,437,0,0,0,0,0,0,0,0,0,0
22.100000000000087,466,0,0,0,0,0,0,0,0,0,0
22.150000000000087,456,0,0,0,0,0,0,0,0,0,0
22.200000000000088,444,0,0,0,0,0,0,0,0,0,0
22.25000000000009,467,0,0,0,0,0,0,0,0,0,0
22.30000000000009,439,0,0,0,0,0,0,0,0,0,0
22.35000000000009,490,0,0,0,0,0,0,0,0,0,0
22.40000000000009,447,0,0,0,0,0,0,0,0,0,0
22.45000000000009,418,0,0,0,0,0,0,0,0,0,0
22.500000000000092,485,0,0,0,0,0,0,0,0,0,0
22.550000000000093,434,0,0,0,0,0,0,0,0,0,0
22.600000000000094,466,0,0,0,0,0,0,0,0,0,0
22.650000000000095,471,0,0,0,0,0,0,0,0,0,0
22.700000000000095,460,0,0,0,0,0,0,0,0,0,0
22.750000000000096,473,0,0,0,0,0,0,0,0,0,0
22.800000000000097,430,0,0,0,0,0,0,0,0,0,0
22.850000000000097,461,0,0,0,0,0,0,0,0,0,0
22.900000000000098,423,0,0,0,0,0,0,0,0,0,0
22.9500000000001,427,0,0,0,0,0,0,0,0,0,0
23.0000000000001,407,0,0,0,0,0,0,0,0,0,0
23.0500000000001,464,0,0,0,0,0,0,0,0,0,0
23.1000000000001,489,0,0,0,0,0,0,0,0,0,0
23.1500000000001,468,0,0,0,0,0,0,0,0,0,0
23.200000000000102,463,0,0,0,0,0,0,0,0,0,0
23.250000000000103,433,0,0,0,0,0,0,0,0,0,0
23.300000000000104,437,0,0,0,0,0,0,0,0,0,0
23.350000000000104,471,0,0,0,0,0,0,0,0,0,0
23.400000000000105,456,0,0,0,0,0,0,0,0,0,0
23.450000000000106,459,0,0,0,0,0,0,0,0,0,0
23.500000000000107,467,0,0,0,0,0,0,0,0,0,0
23.550000000000107,456,0,0,0,0,0,0,0,0,0,0
23.600000000000108,448,0,0,0,0,0,0,0,0,0,0
23.65000000000011,463,0,0,0,0,0,0,0,0,0,0
23.70000000000011,445,0,0,0,0,0,0,0,0,0,0
23.75000000000011,467,0,0,0,0,0,0,0,0,0,0
23.80000000000011,459,0,0,0,0,0,0,0,0,0,0
23.85000000000011,450,0,0,0,0,0,0,0,0,0,0
23.900000000000112,464,0,0,0,0,0,0,0,0,0,0
23.950000000000113,418,0,0,0,0,0,0,0,0,0,0
24.000000000000114,470,0,0,0,0,0,0,0,0,0,0
24.050000000000114,411,0,0,0,0,0,0,0,0,0,0
24.100000000000115,476,0,0,0,0,0,0,0,0,0,0
24.150000000000116,460,0,0,0,0,0,0,0,0,0,0
24.200000000000117,458,0,0,0,0,0,0,0,0,0,0
24.250000000000117,453,0,0,0,0,0,0,0,0,0,0
24.300000000000118,441,0,0,0,0,0,0,0,0,0,0
24.35000000000012,437,0,0,0,0,0,0,0,0,0,0
24.40000000000012,434,0,0,0,0,0,0,0,0,0,0
24.45000000000012,483,0,0,0,0,0,0,0,0,0,0
24.50000000000012,451,0,0,0,0,0,0,0,0,0,0
24.55000000000012,468,0,0,0,0,0,0,0,0,0,0
24.600000000000122,404,0,0,0,0,0,0,0,0,0,0
24.650000000000123,477,0,0,0,0,0,0,0,0,0,0
24.700000000000124,460,0,0,0,0,0,0,0,0,0,0
24.750000000000124,445,0,0,0,0,0,0,0,0,0,0
24.800000000000125,448,0,0,0,0,0,0,0,0,0,0
24.850000000000126,453,0,0,0,0,0,0,0,0,0,0
24.900000000000126,439,0,0,0,0,0,0,0,0,0,0
24.950000000000127,432,0,0,0,0,0,0,0,0,0,0
25.000000000000128,471,0,0,0,0,0,0,0,0,0,0
25.05000000000013,471,0,0,0,0,0,0,0,0,0,0
25.10000000000013,470,0,0,0,0,0,0,0,0,0,0
25.15000000000013,446,0,0,0,0,0,0,0,0,0,0
25.20000000000013,444,0,0,0,0,0,0,0,0,0,0
25.25000000000013,445,0,0,0,0,0,0,0,0,0,0
25.300000000000132,483,0,0,0,0,0,0,0,0,0,0
25.350000000000133,446,0,0,0,0,0,0,0,0,0,0
25.400000000000134,451,0,0,0,0,0,0,0,0,0,0
25.450000000000134,449,0,0,0,0,0,0,0,0,0,0
25.500000000000135,469,0,0,0,0,0,0,0,0,0,0
25.550000000000136,448,0,0,0,0,0,0,0,0,0,0
25.600000000000136,467,0,0,0,0,0,0,0,0,0,0
25.650000000000137,420,0,0,0,0,0,0,0,0,0,0
25.700000000000138,431,0,0,0,0,0,0,0,0,0,0
25.75000000000014,464,0,0,0,0,0,0,0,0,0,0
25.80000000000014,417,0,0,0,0,0,0,0,0,0,0
25.85000000000014,446,0,0,0,0,0,0,0,0,0,0
25.90000000000014,461,0,0,0,0,0,0,0,0,0,0
25.95000000000014,447,0,0,0,0,0,0,0,0,0,0
26.000000000000142,460,0,0,0,0,0,0,0,0,0,0
26.050000000000143,480,0,0,0,0,0,0,0,0,0,0
26.100000000000144,434,0,0,0,0,0,0,0,0,0,0
26.150000000000144,486,0,0,0,0,0,0,0,0,0,0
26.200000000000145,416,0,0,0,0,0,0,0,0,0,0
26.250000000000146,423,0,0,0,0,0,0,0,0,0,0
26.300000000000146,454,0,0,0,0,0,0,0,0,0,0
26.350000000000147,460,0,0,0,0,0,0,0,0,0,0
26.400000000000148,476,0,0,0,0,0,0,0,0,0,0
26.45000000000015,489,0,0,0,0,0,0,0,0,0,0
26.50000000000015,492,0,0,0,0,0,0,0,0,0,0
26.55000000000015,427,0,0,0,0,0,0,0,0,0,0
26.60000000000015,431,0,0,0,0,0,0,0,0,0,0
26.65000000000015,483,0,0,0,0,0,0,0,0,0,0
26.700000000000152,436,0,0,0,0,0,0,0,0,0,0
26.750000000000153,442,0,0,0,0,0,0,0,0,0,0
26.800000000000153,465,0,0,0,0,0,0,0,0,0,0
26.850000000000154,434,0,0,0,0,0,0,0,0,0,0
26.900000000000155,489,0,0,0,0,0,0,0,0,0,0
26.950000000000156,440,0,0,0,0,0,0,0,0,0,0
27.000000000000156,446,0,0,0,0,0,0,0,0,0,0
27.050000000000157,424,0,0,0,0,0,0,0,0,0,0
27.100000000000158,466,0,0,0,0,0,0,0,0,0,0
27.15000000000016,412,0,0,0,0,0,0,0,0,0,0
27.20000000000016,448,0,0,0,0,0,0,0,0,0,0
27.25000000000016,468,0,0,0,0,0,0,0,0,0,0
27.30000000000016,439,0,0,0,0,0,0,0,0,0,0
27.35000000000016,475,0,0,0,0,0,0,0,0,0,0
27.400000000000162,461,0,0,0,0,0,0,0,0,0,0
27.450000000000163,471,0,0,0,0,0,0,0,0,0,0
27.500000000000163,417,0,0,0,0,0,0,0,0,0,0
27.550000000000164,453,0,0,0,0,0,0,0,0,0,0
27.600000000000165,450,0,0,0,0,0,0,0,0,0,0
27.650000000000166,469,0,0,0,0,0,0,0,0,0,0
27.700000000000166,481,0,0,0,0,0,0,0,0,0,0
27.750000000000167,465,0,0,0,0,0,0,0,0,0,0
27.800000000000168,459,0,0,0,0,0,0,0,0,0,0
27.85000000000017,441,0,0,0,0,0,0,0,0,0,0
27.90000000000017,509,0,0,0,0,0,0,0,0,0,0
27.95000000000017,469,0,0,0,0,0,0,0,0,0,0
28.00000000000017,436,0,0,0,0,0,0,0,0,0,0
28.05000000000017,413,0,0,0,0,0,0,0,0,0,0
28.100000000000172,431,0,0,0,0,0,0,0,0,0,0
28.150000000000173,449,0,0,0,0,0,0,0,0,0,0
28.200000000000173,448,0,0,0,0,0,0,0,0,0,0
28.250000000000174,441,0,0,0,0,0,0,0,0,0,0
28.300000000000175,460,0,0,0,0,0,0,0,0,0,0
28.350000000000176,481,0,0,0,0,0,0,0,0,0,0
28.400000000000176,480,0,0,0,0,0,0,0,0,0,0
28.450000000000177,415,0,0,0,0,0,0,0,0,0,0
28.500000000000178,462,0,0,0,0,0,0,0,0,0,0
28.55000000000018,461,0,0,0,0,0,0,0,0,0,0
28.60000000000018,453,0,0,0,0,0,0,0,0,0,0
28.65000000000018,448,0,0,0,0,0,0,0,0,0,0
28.70000000000018,460,0,0,0,0,0,0,0,0,0,0
28.75000000000018,459,0,0,0,0,0,0,0,0,0,0
28.800000000000182,484,0,0,0,0,0,0,0,0,0,0
28.850000000000183,400,0,0,0,0,0,0,0,0,0,0
28.900000000000183,440,0,0,0,0,0,0,0,0,0,0
28.950000000000184,441,0,0,0,0,0,0,0,0,0,0
29.000000000000185,481,0,0,0,0,0,0,0,0,0,0
29.050000000000185,465,0,0,0,0,0,0,0,0,0,0
29.100000000000186,456,0,0,0,0,0,0,0,0,0,0
29.150000000000187,447,0,0,0,0,0,0,0,0,0,0
29.200000000000188,460,0,0,0,0,0,0,0,0,0,0
29.25000000000019,430,0,0,0,0,0,0,0,0,0,0
29.30000000000019,457,0,0,0,0,0,0,0,0,0,0
29.35000000000019,451,0,0,0,0,0,0,0,0,0,0
29.40000000000019,432,0,0,0,0,0,0,0,0,0,0
29.45000000000019,472,0,0,0,0,0,0,0,0,0,0
29.500000000000192,451,0,0,0,0,0,0,0,0,0,0
29.550000000000193,470,0,0,0,0,0,0,0,0,0,0
29.600000000000193,427,0,0,0,0,0,0,0,0,0,0
29.650000000000194,456,0,0,0,0,0,0,0,0,0,0
29.700000000000195,456,0,0,0,0,0,0,0,0,0,0
29.750000000000195,437,0,0,0,0,0,0,0,0,0,0
29.800000000000196,443,0,0,0,0,0,0,0,0,0,0
29.850000000000197,476,0,0,0,0,0,0,0,0,0,0
29.900000000000198,467,0,0,0,0,0,0,0,0,0,0
29.9500000000002,429,0,0,0,0,0,0,0,0,0,0
30.0000000000002,448,0,0,0,0,0,0,0,0,0,0
30.0500000000002,415,0,0,0,0,0,0,0,0,0,0
30.1000000000002,460,0,0,0,0,0,0,0,0,0,0
30.1500000000002,473,0,0,0,0,0,0,0,0,0,0
30.200000000000202,470,0,0,0,0,0,0,0,0,0,0
30.250000000000203,477,0,0,0,0,0,0,0,0,0,0
30.300000000000203,446,0,0,0,0,0,0,0,0,0,0
30.350000000000204,443,0,0,0,0,0,0,0,0,0,0
30.400000000000205,452,0,0,0,0,0,0,0,0,0,0
30.450000000000205,412,0,0,0,0,0,0,0,0,0,0
30.500000000000206,476,0,0,0,0,0,0,0,0,0,0
30.550000000000207,478,0,0,0,0,0,0,0,0,0,0
30.600000000000207,442,0,0,0,0,0,0,0,0,0,0
30.650000000000208,467,0,0,0,0,0,0,0,0,0,0
30.70000000000021,474,0,0,0,0,0,0,0,0,0,0
30.75000000000021,478,0,0,0,0,0,0,0,0,0,0
30.80000000000021,452,0,0,0,0,0,0,0,0,0,0
30.85000000000021,430,0,0,0,0,0,0,0,0,0,0
30.90000000000021,438,0,0,0,0,0,0,0,0,0,0
30.950000000000212,436,0,0,0,0,0,0,0,0,0,0
31.000000000000213,448,0,0,0,0,0,0,0,0,0,0
31.050000000000214,451,0,0,0,0,0,0,0,0,0,0
31.100000000000215,468,0,0,0,0,0,0,0,0,0,0
31.150000000000215,461,0,0,0,0,0,0,0,0,0,0
31.200000000000216,427,0,0,0,0,0,0,0,0,0,0
31.250000000000217,422,0,0,0,0,0,0,0,0,0,0
31.300000000000217,444,0,0,0,0,0,0,0,0,0,0
31.350000000000218,439,0,0,0,0,0,0,0,0,0,0
31.40000000000022,458,0,0,0,0,0,0,0,0,0,0
31.45000000000022,485,0,0,0,0,0,0,0,0,0,0
31.50000000000022,465,0,0,0,0,0,0,0,0,0,0
31.55000000000022,429,0,0,0,0,0,0,0,0,0,0
31.60000000000022,491,0,0,0,0,0,0,0,0,0,0
31.650000000000222,454,0,0,0,0,0,0,0,0,0,0
31.700000000000223,495,0,0,0,0,0,0,0,0,0,0
31.750000000000224,441,0,0,0,0,0,0,0,0,0,0
31.800000000000225,427,0,0,0,0,0,0,0,0,0,0
31.850000000000225,466,0,0,0,0,0,0,0,0,0,0
31.900000000000226,449,0,0,0,0,0,0,0,0,0,0
31.950000000000227,449,0,0,0,0,0,0,0,0,0,0
32.00000000000023,424,0,0,0,0,0,0,0,0,0,0
32.050000000000225,376,0,0,0,0,0,0,0,0,0,0
32.10000000000022,281,0,0,0,0,0,0,0,0,0,0
32.15000000000022,264,0,0,0,0,0,0,0,0,0,0
32.200000000000216,194,0,0,0,0,0,0,0,0,0,0
32.25000000000021,151,0,0,0,0,0,0,0,0,0,0
32.30000000000021,90,0,0,0,0,0,0,0,0,0,0
32.35000000000021,33,0,0,0,0,0,0,0,0,0,0
32.400000000000205,0,0,0,0,0,0,0,0,0,0,0
32.4500000000002,0,0,0,0,0,0,0,0,0,0,0
32.5000000000002,0,0,0,0,0,0,0,0,0,0,0
32.550000000000196,0,0,0,0,0,0,0,0,0,0,0
32.60000000000019,0,0,0,0,0,0,0,0,0,0,0
32.65000000000019,0,0,0,0,0,0,0,0,0,0,0
32.70000000000019,0,0,0,0,0,0,0,0,0,0,0
32.750000000000185,0,0,0,0,0,0,0,0,0,0,0
32.80000000000018,0,0,0,0,0,0,0,0,0,0,0
32.85000000000018,0,0,0,0,0,0,0,0,0,0,0
32.900000000000176,0,0,0,0,0,0,0,0,0,0,0
32.95000000000017,0,0,0,0,0,0,0,0,0,0,0
33.00000000000017,0,0,0,0,0,0,0,0,0,0,0
33.05000000000017,0,0,0,0,0,0,0,0,0,0,0
33.100000000000165,0,0,0,0,0,0,0,0,0,0,0
33.15000000000016,0,0,0,0,0,0,0,0,0,0,0
33.20000000000016,0,0,0,0,0,0,0,0,0,0,0
33.250000000000156,0,0,0,0,0,0,0,0,0,0,0
33.30000000000015,0,0,0,0,0,0,0,0,0,0,0
33.35000000000015,0,0,0,0,0,0,0,0,0,0,0
33.40000000000015,0,0,0,0,0,0,0,0,0,0,0
33.450000000000145,0,0,0,0,0,0,0,0,0,0,0
33.50000000000014,0,0,0,0,0,0,0,0,0,0,0
33.55000000000014,0,0,0,0,0,0,0,0,0,0,0
33.600000000000136,0,0,0,0,0,0,0,0,0,0,0
33.650000000000134,0,0,0,0,0,0,0,0,0,0,0
33.70000000000013,0,0,0,0,0,0,0,0,0,0,0
33.75000000000013,0,0,0,0,0,0,0,0,0,0,0
33.800000000000125,0,0,0,0,0,0,0,0,0,0,0
33.85000000000012,0,0,0,0,0,0,0,0,0,0,0
33.90000000000012,0,0,0,0,0,0,0,0,0,0,0
33.95000000000012,0,0,0,0,0,0,0,0,0,0,0
34.000000000000114,0,0,0,0,0,0,0,0,0,0,0
34.05000000000011,0,0,0,0,0,0,0,0,0,0,0
34.10000000000011,0,0,0,0,0,0,0,0,0,0,0
34.150000000000105,0,0,0,0,0,0,0,0,0,0,0
34.2000000000001,0,0,0,0,0,0,0,0,0,0,0
34.2500000000001,0,0,0,0,0,0,0,0,0,0,0
34.3000000000001,0,0,0,0,0,0,0,0,0,0,0
34.350000000000094,0,0,0,0,0,0,0,0,0,0,0
34.40000000000009,0,0,0,0,0,0,0,0,0,0,0
34.45000000000009,0,0,0,0,0,0,0,0,0,0,0
34.500000000000085,0,0,0,0,0,0,0,0,0,0,0
34.55000000000008,0,0,0,0,0,0,0,0,0,0,0
34.60000000000008,0,0,0,0,0,0,0,0,0,0,0
34.65000000000008,0,0,0,0,0,0,0,0,0,0,0
34.700000000000074,0,0,0,0,0,0,0,0,0,0,0
34.75000000000007,0,0,0,0,0,0,0,0,0,0,0
34.80000000000007,0,0,0,0,0,0,0,0,0,0,0
34.850000000000065,0,0,0,0,0,0,0,0,0,0,0
34.90000000000006,0,0,0,0,0,0,0,0,0,0,0
34.95000000000006,0,0,0,0,0,0,0,0,0,0,0
35.00000000000006,0,0,0,0,0,0,0,0,0,0,0
35.050000000000054,0,0,0,0,0,0,0,0,0,0,0
35.10000000000005,0,0,0,0,0,0,0,0,0,0,0
35.15000000000005,0,0,0,0,0,0,0,0,0,0,0
35.200000000000045,0,0,0,0,0,0,0,0,0,0,0
35.25000000000004,0,0,0,0,0,0,0,0,0,0,0
35.30000000000004,0,0,0,0,0,0,0,0,0,0,0
35.35000000000004,0,0,0,0,0,0,0,0,0,0,0
35.400000000000034,0,0,0,0,0,0,0,0,0,0,0
35.45000000000003,0,0,0,0,0,0,0,0,0,0,0
35.50000000000003,0,0,0,0,0,0,0,0,0,0,0
35.550000000000026,0,0,0,0,0,0,0,0,0,0,0
35.60000000000002,0,0,0,0,0,0,0,0,0,0,0
35.65000000000002,0,0,0,0,0,0,0,0,0,0,0
35.70000000000002,0,0,0,0,0,0,0,0,0,0,0
35.750000000000014,0,0,0,0,0,0,0,0,0,0,0
35.80000000000001,0,0,0,0,0,0,0,0,0,0,0
35.85000000000001,0,0,0,0,0,0,0,0,0,0,0
35.900000000000006,0,0,0,0,0,0,0,0,0,0,0
35.95,0,0,0,0,0,0,0,0,0,0,0
36.0,0,0,0,0,0,0,0,0,0,0,0
36.05,0,0,0,0,0,0,0,0,0,0,0
36.099999999999994,0,0,0,0,0,0,0,0,0,0,0
36.14999999999999,0,0,0,0,0,0,0,0,0,0,0
36.19999999999999,0,0,0,0,0,0,0,0,0,0,0
36.249999999999986,0,0,0,0,0,0,0,0,0,0,0
36.29999999999998,0,0,0,0,0,0,0,0,0,0,0
36.34999999999998,0,0,0,0,0,0,0,0,0,0,0
36.39999999999998,0,0,0,0,0,0,0,0,0,0,0
36.449999999999974,0,0,0,0,0,0,0,0,0,0,0
36.49999999999997,0,0,0,0,0,0,0,0,0,0,0
36.54999999999997,0,0,0,0,0,0,0,0,0,0,0
36.599999999999966,0,0,0,0,0,0,0,0,0,0,0
36.64999999999996,0,0,0,0,0,0,0,0,0,0,0
36.69999999999996,0,0,0,0,0,0,0,0,0,0,0
36.74999999999996,0,0,0,0,0,0,0,0,0,0,0
36.799999999999955,0,0,0,0,0,0,0,0,0,0,0
36.84999999999995,0,0,0,0,0,0,0,0,0,0,0
36.89999999999995,0,0,0,0,0,0,0,0,0,0,0
36.949999999999946,0,0,0,0,0,0,0,0,0,0,0
36.99999999999994,0,0,0,0,0,0,0,0,0,0,0
37.04999999999994,0,0,0,0,0,0,0,0,0,0,0
37.09999999999994,0,0,0,0,0,0,0,0,0,0,0
37.149999999999935,0,0,0,0,0,0,0,0,0,0,0
37.19999999999993,0,0,0,0,0,0,0,0,0,0,0
37.24999999999993,0,0,0,0,0,0,0,0,0,0,0
37.299999999999926,0,0,0,0,0,0,0,0,0,0,0
37.34999999999992,0,0,0,0,0,0,0,0,0,0,0
37.39999999999992,0,0,0,0,0,0,0,0,0,0,0
37.44999999999992,0,0,0,0,0,0,0,0,0,0,0
37.499999999999915,0,0,0,0,0,0,0,0,0,0,0
37.54999999999991,0,0,0,0,0,0,0,0,0,0,0
37.59999999999991,0,0,0,0,0,0,0,0,0,0,0
37.649999999999906,0,0,0,0,0,0,0,0,0,0,0
37.6999999999999,0,0,0,0,0,0,0,0,0,0,0
37.7499999999999,0,0,0,0,0,0,0,0,0,0,0
37.7999999999999,0,0,0,0,0,0,0,0,0,0,0
37.849999999999895,0,0,0,0,0,0,0,0,0,0,0
37.89999999999989,0,0,0,0,0,0,0,0,0,0,0
37.94999999999989,0,0,0,0,0,0,0,0,0,0,0
37.999999999999886,0,0,0,0,0,0,0,0,0,0,0
38.04999999999988,0,0,0,0,0,0,0,0,0,0,0
38.09999999999988,0,0,0,0,0,0,0,0,0,0,0
38.14999999999988,0,0,0,0,0,0,0,0,0,0,0
38.199999999999875,0,0,0,0,0,0,0,0,0,0,0
38.24999999999987,0,0,0,0,0,0,0,0,0,0,0
38.29999999999987,0,0,0,0,0,0,0,0,0,0,0
38.349999999999866,0,0,0,0,0,0,0,0,0,0,0
38.399999999999864,0,0,0,0,0,0,0,0,0,0,0
38.44999999999986,0,0,0,0,0,0,0,0,0,0,0
38.49999999999986,0,0,0,0,0,0,0,0,0,0,0
38.549999999999855,0,0,0,0,0,0,0,0,0,0,0
38.59999999999985,0,0,0,0,0,0,0,0,0,0,0
38.64999999999985,0,0,0,0,0,0,0,0,0,0,0
38.69999999999985,0,0,0,0,0,0,0,0,0,0,0
38.749999999999844,0,0,0,0,0,0,0,0,0,0,0
38.79999999999984,0,0,0,0,0,0,0,0,0,0,0
38.84999999999984,0,0,0,0,0,0,0,0,0,0,0
38.899999999999835,0,0,0,0,0,0,0,0,0,0,0
38.94999999999983,0,0,0,0,0,0,0,0,0,0,0
38.99999999999983,0,0,0,0,0,0,0,0,0,0,0
39.04999999999983,0,0,0,0,0,0,0,0,0,0,0
39.099999999999824,0,0,0,0,0,0,0,0,0,0,0
39.14999999999982,0,0,0,0,0,0,0,0,0,0,0
39.19999999999982,0,0,0,0,0,0,0,0,0,0,0
39.249999999999815,0,0,0,0,0,0,0,0,0,0,0
39.29999999999981,0,0,0,0,0,0,0,0,0,0,0
39.34999999999981,0,0,0,0,0,0,0,0,0,0,0
39.39999999999981,0,0,0,0,0,0,0,0,0,0,0
39.449999999999804,0,0,0,0,0,0,0,0,0,0,0
39.4999999999998,0,0,0,0,0,0,0,0,0,0,0
39.5499999999998,0,0,0,0,0,0,0,0,0,0,0
39.599999999999795,0,0,0,0,0,0,0,0,0,0,0
39.64999999999979,0,0,0,0,0,0,0,0,0,0,0
39.69999999999979,0,0,0,0,0,0,0,0,0,0,0
39.74999999999979,0,0,0,0,0,0,0,0,0,0,0
39.799999999999784,0,0,0,0,0,0,0,0,0,0,0
39.84999999999978,0,0,0,0,0,0,0,0,0,0,0
39.89999999999978,0,0,0,0,0,0,0,0,0,0,0
39.949999999999775,0,0,0,0,0,0,0,0,0,0,0
39.99999999999977,0,0,0,0,0,0,0,0,0,0,0
40.04999999999977,0,0,0,0,0,0,0,0,0,0,0
40.09999999999977,0,0,0,0,0,0,0,0,0,0,0
40.149999999999764,0,0,0,0,0,0,0,0,0,0,0
40.19999999999976,0,0,0,0,0,0,0,0,0,0,0
40.24999999999976,0,0,0,0,0,0,0,0,0,0,0
40.299999999999756,0,0,0,0,0,0,0,0,0,0,0
40.34999999999975,0,0,0,0,0,0,0,0,0,0,0
40.39999999999975,0,0,0,0,0,0,0,0,0,0,0
40.44999999999975,0,0,0,0,0,0,0,0,0,0,0
40.499999999999744,0,0,0,0,0,0,0,0,0,0,0
40.54999999999974,0,0,0,0,0,0,0,0,0,0,0
40.59999999999974,0,0,0,0,0,0,0,0,0,0,0
40.649999999999736,0,0,0,0,0,0,0,0,0,0,0
40.69999999999973,0,0,0,0,0,0,0,0,0,0,0
40.74999999999973,0,0,0,0,0,0,0,0,0,0,0
40.79999999999973,0,0,0,0,0,0,0,0,0,0,0
40.849999999999724,0,0,0,0,0,0,0,0,0,0,0
40.89999999999972,0,0,0,0,0,0,0,0,0,0,0
40.94999999999972,0,0,0,0,0,0,0,0,0,0,0
40.999999999999716,0,0,0,0,0,0,0,0,0,0,0
41.04999999999971,0,0,0,0,0,0,0,0,0,0,0
41.09999999999971,0,0,0,0,0,0,0,0,0,0,0
41.14999999999971,0,0,0,0,0,0,0,0,0,0,0
41.199999999999704,0,0,0,0,0,0,0,0,0,0,0
41.2499999999997,0,0,0,0,0,0,0,0,0,0,0
41.2999999999997,0,0,0,0,0,0,0,0,0,0,0
41.349999999999696,0,0,0,0,0,0,0,0,0,0,0
41.39999999999969,0,0,0,0,0,0,0,0,0,0,0
41.44999999999969,0,0,0,0,0,0,0,0,0,0,0
41.49999999999969,0,0,0,0,0,0,0,0,0,0,0
41.549999999999685,0,0,0,0,0,0,0,0,0,0,0
*****
16,0.05,500,0.3,0.7,10,100,0.130921998163,0.0853672733114
16,500,500,500,499,500,0,0,0,0,0,0
16.05,540,540,540,539,540,0,0,0,0,0,0
16.1,550,550,550,550,550,0,0,0,0,0,0
16.150000000000002,558,558,558,556,558,0,0,0,0,0,0
16.200000000000003,574,574,574,572,574,0,0,0,0,0,0
16.250000000000004,579,579,579,577,579,0,0,0,0,0,0
16.300000000000004,576,576,576,575,576,0,0,0,0,0,0
16.350000000000005,545,545,545,543,545,0,0,0,0,0,0
16.400000000000006,533,533,533,531,533,0,0,0,0,0,0
16.450000000000006,611,611,611,611,611,0,0,0,0,0,0
16.500000000000007,558,557,557,556,557,0,0,0,0,0,0
16.550000000000008,570,570,570,570,570,0,0,0,0,0,0
16.60000000000001,555,555,555,549,555,0,0,0,0,0,0
16.65000000000001,579,579,579,578,579,0,0,0,0,0,0
16.70000000000001,547,547,547,542,547,0,0,0,0,0,0
16.75000000000001,597,597,597,593,597,0,0,0,0,0,0
16.80000000000001,557,556,557,551,557,0,0,0,0,0,0
16.850000000000012,547,547,547,543,547,0,0,0,0,0,0
16.900000000000013,567,565,565,561,565,0,0,0,0,0,0
16.950000000000014,583,582,582,578,582,0,0,0,0,0,0
17.000000000000014,534,534,534,529,534,0,0,0,0,0,0
17.050000000000015,596,596,594,590,596,0,0,0,0,0,0
17.100000000000016,574,573,574,567,574,0,0,0,0,0,0
17.150000000000016,565,562,563,555,564,0,0,0,0,0,0
17.200000000000017,552,547,549,543,550,0,0,0,0,0,0
17.250000000000018,538,536,537,528,537,0,0,0,0,0,0
17.30000000000002,530,524,526,519,528,0,0,0,0,0,0
17.35000000000002,565,559,562,552,563,0,0,0,0,0,0
17.40000000000002,574,565,569,560,569,0,0,0,0,0,0
17.45000000000002,637,627,626,615,630,0,0,0,0,0,0
17.50000000000002,537,530,535,517,535,0,0,0,0,0,0
17.550000000000022,579,569,572,557,572,0,0,0,0,0,0
17.600000000000023,563,546,553,541,553,0,0,0,0,0,0
17.650000000000023,541,523,532,517,533,0,0,0,0,0,0
17.700000000000024,552,532,540,528,541,0,0,0,0,0,0
17.750000000000025,560,541,549,537,550,0,0,0,0,0,0
17.800000000000026,554,521,527,530,532,0,0,0,0,0,0
17.850000000000026,541,506,518,504,521,0,0,0,0,0,0
17.900000000000027,584,538,556,555,556,0,0,0,0,0,0
17.950000000000028,602,560,574,561,576,0,0,0,0,0,0
18.00000000000003,555,505,523,510,526,0,0,0,0,0,0
18.05000000000003,571,523,537,532,539,0,0,0,0,0,0
18.10000000000003,576,519,537,546,540,0,0,0,0,0,0
18.15000000000003,551,492,505,504,509,0,0,0,0,0,0
18.20000000000003,554,475,495,500,501,0,0,0,0,0,0
18.250000000000032,567,481,506,519,510,0,0,0,0,0,0
18.300000000000033,518,445,465,477,467,0,0,0,0,0,0
18.350000000000033,557,449,471,489,476,0,0,0,0,0,0
18.400000000000034,598,486,517,538,518,0,0,0,0,0,0
18.450000000000035,577,446,471,490,474,0,0,0,0,0,0
18.500000000000036,579,434,469,501,475,0,0,0,0,0,0
18.550000000000036,570,431,452,488,460,0,0,0,0,0,0
18.600000000000037,566,416,449,482,451,0,0,0,0,0,0
18.650000000000038,531,367,407,446,410,0,0,0,0,0,0
18.70000000000004,541,357,388,442,394,0,0,0,0,0,0
18.75000000000004,594,376,419,508,427,0,0,0,0,0,0
18.80000000000004,614,397,424,490,439,0,0,0,0,0,0
18.85000000000004,534,329,362,424,371,0,0,0,0,0,0
18.90000000000004,574,339,368,443,376,0,0,0,0,0,0
18.950000000000042,561,302,347,417,349,0,0,0,0,0,0
19.000000000000043,568,295,327,424,330,0,0,0,0,0,0
19.050000000000043,584,275,320,412,323,0,0,0,0,0,0
19.100000000000044,553,270,314,397,314,0,0,0,0,0,0
19.150000000000045,559,243,282,373,289,0,0,0,0,0,0
19.200000000000045,568,231,276,372,282,0,0,0,0,0,0
19.250000000000046,598,227,264,399,266,0,0,0,0,0,0
19.300000000000047,540,185,220,336,223,0,0,0,0,0,0
19.350000000000048,567,209,247,350,251,0,0,0,0,0,0
19.40000000000005,595,194,217,334,223,0,0,0,0,0,0
19.45000000000005,535,185,211,279,213,0,0,0,0,0,0
19.50000000000005,521,126,154,266,159,0,0,0,0,0,0
19.55000000000005,585,159,192,286,195,0,0,0,0,0,0
19.60000000000005,601,127,150,281,152,0,0,0,0,0,0
19.650000000000052,549,94,118,232,118,0,0,0,0,0,0
19.700000000000053,563,101,127,211,128,0,0,0,0,0,0
19.750000000000053,516,75,93,195,96,0,0,0,0,0,0
19.800000000000054,556,101,119,194,119,0,0,0,0,0,0
19.850000000000055,577,87,98,194,101,0,0,0,0,0,0
19.900000000000055,585,82,102,195,105,0,0,0,0,0,0
19.950000000000056,596,64,84,168,84,0,0,0,0,0,0
20.000000000000057,550,58,66,144,69,0,0,0,0,0,0
20.050000000000058,528,52,59,125,60,0,0,0,0,0,0
20.10000000000006,546,33,40,87,41,0,0,0,0,0,0
20.15000000000006,588,33,43,98,44,0,0,0,0,0,0
20.20000000000006,589,26,34,101,34,0,0,0,0,0,0
20.25000000000006,519,19,27,71,27,0,0,0,0,0,0
20.30000000000006,581,22,28,74,31,0,0,0,0,0,0
20.350000000000062,579,16,20,69,20,0,0,0,0,0,0
20.400000000000063,568,17,22,62,22,0,0,0,0,0,0
20.450000000000063,559,16,19,53,20,0,0,0,0,0,0
20.500000000000064,584,12,15,45,15,0,0,0,0,0,0
20.550000000000065,511,11,13,40,14,0,0,0,0,0,0
20.600000000000065,589,7,10,42,10,0,0,0,0,0,0
20.650000000000066,572,8,10,25,10,0,0,0,0,0,0
20.700000000000067,557,6,7,18,7,0,0,0,0,0,0
20.750000000000068,585,6,7,20,7,0,0,0,0,0,0
20.800000000000068,564,9,11,17,11,0,0,0,0,0,0
20.85000000000007,524,2,2,6,2,0,0,0,0,0,0
20.90000000000007,580,5,6,12,6,0,0,0,0,0,0
20.95000000000007,566,1,1,6,1,0,0,0,0,0,0
21.00000000000007,548,2,2,8,2,0,0,0,0,0,0
21.05000000000007,589,0,0,4,0,0,0,0,0,0,0
21.100000000000072,526,2,3,6,3,0,0,0,0,0,0
21.150000000000073,593,2,2,4,2,0,0,0,0,0,0
21.200000000000074,627,1,1,2,1,0,0,0,0,0,0
21.250000000000075,539,1,1,2,1,0,0,0,0,0,0
21.300000000000075,549,0,0,1,0,0,0,0,0,0,0
21.350000000000076,539,0,0,0,0,0,0,0,0,0,0
21.400000000000077,541,0,0,0,0,0,0,0,0,0,0
21.450000000000077,577,0,0,0,0,0,0,0,0,0,0
21.500000000000078,565,1,1,0,1,0,0,0,0,0,0
21.55000000000008,575,0,0,0,0,0,0,0,0,0,0
21.60000000000008,553,0,0,0,0,0,0,0,0,0,0
21.65000000000008,566,0,0,0,0,0,0,0,0,0,0
21.70000000000008,595,0,0,0,0,0,0,0,0,0,0
21.75000000000008,571,1,1,1,1,0,0,0,0,0,0
21.800000000000082,518,0,0,0,0,0,0,0,0,0,0
21.850000000000083,546,0,0,0,0,0,0,0,0,0,0
21.900000000000084,589,0,0,0,0,0,0,0,0,0,0
21.950000000000085,535,0,0,0,0,0,0,0,0,0,0
22.000000000000085,558,0,0,0,0,0,0,0,0,0,0
22.050000000000086,597,0,0,0,0,0,0,0,0,0,0
22.100000000000087,543,0,0,0,0,0,0,0,0,0,0
22.150000000000087,542,0,0,0,0,0,0,0,0,0,0
22.200000000000088,597,0,0,0,0,0,0,0,0,0,0
22.25000000000009,559,0,0,0,0,0,0,0,0,0,0
22.30000000000009,524,0,0,0,0,0,0,0,0,0,0
22.35000000000009,598,0,0,0,0,0,0,0,0,0,0
22.40000000000009,549,0,0,0,0,0,0,0,0,0,0
22.45000000000009,527,0,0,0,0,0,0,0,0,0,0
22.500000000000092,571,0,0,0,0,0,0,0,0,0,0
22.550000000000093,593,0,0,0,0,0,0,0,0,0,0
22.600000000000094,559,0,0,0,0,0,0,0,0,0,0
22.650000000000095,572,0,0,0,0,0,0,0,0,0,0
22.700000000000095,594,0,0,0,0,0,0,0,0,0,0
22.750000000000096,540,0,0,0,0,0,0,0,0,0,0
22.800000000000097,554,0,0,0,0,0,0,0,0,0,0
22.850000000000097,542,0,0,0,0,0,0,0,0,0,0
22.900000000000098,580,0,0,0,0,0,0,0,0,0,0
22.9500000000001,580,0,0,0,0,0,0,0,0,0,0
23.0000000000001,581,0,0,0,0,0,0,0,0,0,0
23.0500000000001,536,0,0,0,0,0,0,0,0,0,0
23.1000000000001,543,0,0,0,0,0,0,0,0,0,0
23.1500000000001,552,0,0,0,0,0,0,0,0,0,0
23.200000000000102,567,0,0,0,0,0,0,0,0,0,0
23.250000000000103,558,0,0,0,0,0,0,0,0,0,0
23.300000000000104,582,0,0,0,0,0,0,0,0,0,0
23.350000000000104,588,0,0,0,0,0,0,0,0,0,0
23.400000000000105,586,0,0,0,0,0,0,0,0,0,0
23.450000000000106,530,0,0,0,0,0,0,0,0,0,0
23.500000000000107,596,0,0,0,0,0,0,0,0,0,0
23.550000000000107,566,0,0,0,0,0,0,0,0,0,0
23.600000000000108,572,0,0,0,0,0,0,0,0,0,0
23.65000000000011,556,0,0,0,0,0,0,0,0,0,0
23.70000000000011,548,0,0,0,0,0,0,0,0,0,0
23.75000000000011,556,0,0,0,0,0,0,0,0,0,0
23.80000000000011,588,0,0,0,0,0,0,0,0,0,0
23.85000000000011,545,0,0,0,0,0,0,0,0,0,0
23.900000000000112,551,0,0,0,0,0,0,0,0,0,0
23.950000000000113,568,0,0,0,0,0,0,0,0,0,0
24.000000000000114,569,0,0,0,0,0,0,0,0,0,0
24.050000000000114,542,0,0,0,0,0,0,0,0,0,0
24.100000000000115,612,0,0,0,0,0,0,0,0,0,0
24.150000000000116,574,0,0,0,0,0,0,0,0,0,0
24.200000000000117,560,0,0,0,0,0,0,0,0,0,0
24.250000000000117,556,0,0,0,0,0,0,0,0,0,0
24.300000000000118,543,0,0,0,0,0,0,0,0,0,0
24.35000000000012,542,0,0,0,0,0,0,0,0,0,0
24.40000000000012,589,0,0,0,0,0,0,0,0,0,0
24.45000000000012,555,0,0,0,0,0,0,0,0,0,0
24.50000000000012,545,0,0,0,0,0,0,0,0,0,0
24.55000000000012,552,0,0,0,0,0,0,0,0,0,0
24.600000000000122,579,0,0,0,0,0,0,0,0,0,0
24.650000000000123,568,0,0,0,0,0,0,0,0,0,0
24.700000000000124,580,0,0,0,0,0,0,0,0,0,0
24.750000000000124,545,0,0,0,0,0,0,0,0,0,0
24.800000000000125,568,0,0,0,0,0,0,0,0,0,0
24.850000000000126,556,0,0,0,0,0,0,0,0,0,0
24.900000000000126,586,0,0,0,0,0,0,0,0,0,0
24.950000000000127,575,0,0,0,0,0,0,0,0,0,0
25.000000000000128,557,0,0,0,0,0,0,0,0,0,0
25.05000000000013,579,0,0,0,0,0,0,0,0,0,0
25.10000000000013,556,0,0,0,0,0,0,0,0,0,0
25.15000000000013,538,0,0,0,0,0,0,0,0,0,0
25.20000000000013,599,0,0,0,0,0,0,0,0,0,0
25.25000000000013,560,0,0,0,0,0,0,0,0,0,0
25.300000000000132,599,0,0,0,0,0,0,0,0,0,0
25.350000000000133,568,0,0,0,0,0,0,0,0,0,0
25.400000000000134,532,0,0,0,0,0,0,0,0,0,0
25.450000000000134,545,0,0,0,0,0,0,0,0,0,0
25.500000000000135,534,0,0,0,0,0,0,0,0,0,0
25.550000000000136,589,0,0,0,0,0,0,0,0,0,0
25.600000000000136,550,0,0,0,0,0,0,0,0,0,0
25.650000000000137,549,0,0,0,0,0,0,0,0,0,0
25.700000000000138,572,0,0,0,0,0,0,0,0,0,0
25.75000000000014,552,0,0,0,0,0,0,0,0,0,0
25.80000000000014,562,0,0,0,0,0,0,0,0,0,0
25.85000000000014,586,0,0,0,0,0,0,0,0,0,0
25.90000000000014,579,0,0,0,0,0,0,0,0,0,0
25.95000000000014,570,0,0,0,0,0,0,0,0,0,0
26.000000000000142,544,0,0,0,0,0,0,0,0,0,0
26.050000000000143,567,0,0,0,0,0,0,0,0,0,0
26.100000000000144,533,0,0,0,0,0,0,0,0,0,0
26.150000000000144,580,0,0,0,0,0,0,0,0,0,0
26.200000000000145,558,0,0,0,0,0,0,0,0,0,0
26.250000000000146,575,0,0,0,0,0,0,0,0,0,0
26.300000000000146,588,0,0,0,0,0,0,0,0,0,0
26.350000000000147,593,0,0,0,0,0,0,0,0,0,0
26.400000000000148,570,0,0,0,0,0,0,0,0,0,0
26.45000000000015,548,0,0,0,0,0,0,0,0,0,0
26.50000000000015,554,0,0,0,0,0,0,0,0,0,0
26.55000000000015,555,0,0,0,0,0,0,0,0,0,0
26.60000000000015,538,0,0,0,0,0,0,0,0,0,0
26.65000000000015,581,0,0,0,0,0,0,0,0,0,0
26.700000000000152,572,0,0,0,0,0,0,0,0,0,0
26.750000000000153,546,0,0,0,0,0,0,0,0,0,0
26.800000000000153,575,0,0,0,0,0,0,0,0,0,0
26.850000000000154,588,0,0,0,0,0,0,0,0,0,0
26.900000000000155,536,0,0,0,0,0,0,0,0,0,0
26.950000000000156,539,0,0,0,0,0,0,0,0,0,0
27.000000000000156,568,0,0,0,0,0,0,0,0,0,0
27.050000000000157,567,0,0,0,0,0,0,0,0,0,0
27.100000000000158,582,0,0,0,0,0,0,0,0,0,0
27.15000000000016,564,0,0,0,0,0,0,0,0,0,0
27.20000000000016,586,0,0,0,0,0,0,0,0,0,0
27.25000000000016,552,0,0,0,0,0,0,0,0,0,0
27.30000000000016,536,0,0,0,0,0,0,0,0,0,0
27.35000000000016,581,0,0,0,0,0,0,0,0,0,0
27.400000000000162,605,0,0,0,0,0,0,0,0,0,0
27.450000000000163,535,0,0,0,0,0,0,0,0,0,0
27.500000000000163,511,0,0,0,0,0,0,0,0,0,0
27.550000000000164,568,0,0,0,0,0,0,0,0,0,0
27.600000000000165,591,0,0,0,0,0,0,0,0,0,0
27.650000000000166,577,0,0,0,0,0,0,0,0,0,0
27.700000000000166,568,0,0,0,0,0,0,0,0,0,0
27.750000000000167,553,0,0,0,0,0,0,0,0,0,0
27.800000000000168,599,0,0,0,0,0,0,0,0,0,0
27.85000000000017,545,0,0,0,0,0,0,0,0,0,0
27.90000000000017,549,0,0,0,0,0,0,0,0,0,0
27.95000000000017,546,0,0,0,0,0,0,0,0,0,0
28.00000000000017,538,0,0,0,0,0,0,0,0,0,0
28.05000000000017,557,0,0,0,0,0,0,0,0,0,0
28.100000000000172,586,0,0,0,0,0,0,0,0,0,0
28.150000000000173,615,0,0,0,0,0,0,0,0,0,0
28.200000000000173,512,0,0,0,0,0,0,0,0,0,0
28.250000000000174,554,0,0,0,0,0,0,0,0,0,0
28.300000000000175,576,0,0,0,0,0,0,0,0,0,0
28.350000000000176,562,0,0,0,0,0,0,0,0,0,0
28.400000000000176,532,0,0,0,0,0,0,0,0,0,0
28.450000000000177,574,0,0,0,0,0,0,0,0,0,0
28.500000000000178,572,0,0,0,0,0,0,0,0,0,0
28.55000000000018,570,0,0,0,0,0,0,0,0,0,0
28.60000000000018,569,0,0,0,0,0,0,0,0,0,0
28.65000000000018,567,0,0,0,0,0,0,0,0,0,0
28.70000000000018,583,0,0,0,0,0,0,0,0,0,0
28.75000000000018,551,0,0,0,0,0,0,0,0,0,0
28.800000000000182,568,0,0,0,0,0,0,0,0,0,0
28.850000000000183,562,0,0,0,0,0,0,0,0,0,0
28.900000000000183,552,0,0,0,0,0,0,0,0,0,0
28.950000000000184,567,0,0,0,0,0,0,0,0,0,0
29.000000000000185,558,0,0,0,0,0,0,0,0,0,0
29.050000000000185,572,0,0,0,0,0,0,0,0,0,0
29.100000000000186,526,0,0,0,0,0,0,0,0,0,0
29.150000000000187,583,0,0,0,0,0,0,0,0,0,0
29.200000000000188,558,0,0,0,0,0,0,0,0,0,0
29.25000000000019,595,0,0,0,0,0,0,0,0,0,0
29.30000000000019,554,0,0,0,0,0,0,0,0,0,0
29.35000000000019,556,0,0,0,0,0,0,0,0,0,0
29.40000000000019,572,0,0,0,0,0,0,0,0,0,0
29.45000000000019,573,0,0,0,0,0,0,0,0,0,0
29.500000000000192,598,0,0,0,0,0,0,0,0,0,0
29.550000000000193,550,0,0,0,0,0,0,0,0,0,0
29.600000000000193,547,0,0,0,0,0,0,0,0,0,0
29.650000000000194,556,0,0,0,0,0,0,0,0,0,0
29.700000000000195,592,0,0,0,0,0,0,0,0,0,0
29.750000000000195,552,0,0,0,0,0,0,0,0,0,0
29.800000000000196,582,0,0,0,0,0,0,0,0,0,0
29.850000000000197,521,0,0,0,0,0,0,0,0,0,0
29.900000000000198,582,0,0,0,0,0,0,0,0,0,0
29.9500000000002,550,0,0,0,0,0,0,0,0,0,0
30.0000000000002,616,0,0,0,0,0,0,0,0,0,0
30.0500000000002,560,0,0,0,0,0,0,0,0,0,0
30.1000000000002,563,0,0,0,0,0,0,0,0,0,0
30.1500000000002,576,0,0,0,0,0,0,0,0,0,0
30.200000000000202,542,0,0,0,0,0,0,0,0,0,0
30.250000000000203,566,0,0,0,0,0,0,0,0,0,0
30.300000000000203,563,0,0,0,0,0,0,0,0,0,0
30.350000000000204,568,0,0,0,0,0,0,0,0,0,0
30.400000000000205,576,0,0,0,0,0,0,0,0,0,0
30.450000000000205,577,0,0,0,0,0,0,0,0,0,0
30.500000000000206,567,0,0,0,0,0,0,0,0,0,0
30.550000000000207,512,0,0,0,0,0,0,0,0,0,0
30.600000000000207,623,0,0,0,0,0,0,0,0,0,0
30.650000000000208,556,0,0,0,0,0,0,0,0,0,0
30.70000000000021,554,0,0,0,0,0,0,0,0,0,0
30.75000000000021,585,0,0,0,0,0,0,0,0,0,0
30.80000000000021,543,0,0,0,0,0,0,0,0,0,0
30.85000000000021,556,0,0,0,0,0,0,0,0,0,0
30.90000000000021,588,0,0,0,0,0,0,0,0,0,0
30.950000000000212,573,0,0,0,0,0,0,0,0,0,0
31.000000000000213,566,0,0,0,0,0,0,0,0,0,0
31.050000000000214,556,0,0,0,0,0,0,0,0,0,0
31.100000000000215,580,0,0,0,0,0,0,0,0,0,0
31.150000000000215,549,0,0,0,0,0,0,0,0,0,0
31.200000000000216,559,0,0,0,0,0,0,0,0,0,0
31.250000000000217,565,0,0,0,0,0,0,0,0,0,0
31.300000000000217,578,0,0,0,0,0,0,0,0,0,0
31.350000000000218,568,0,0,0,0,0,0,0,0,0,0
31.40000000000022,546,0,0,0,0,0,0,0,0,0,0
31.45000000000022,547,0,0,0,0,0,0,0,0,0,0
31.50000000000022,594,0,0,0,0,0,0,0,0,0,0
31.55000000000022,542,0,0,0,0,0,0,0,0,0,0
31.60000000000022,526,0,0,0,0,0,0,0,0,0,0
31.650000000000222,569,0,0,0,0,0,0,0,0,0,0
31.700000000000223,578,0,0,0,0,0,0,0,0,0,0
31.750000000000224,594,0,0,0,0,0,0,0,0,0,0
31.800000000000225,553,0,0,0,0,0,0,0,0,0,0
31.850000000000225,573,0,0,0,0,0,0,0,0,0,0
31.900000000000226,544,0,0,0,0,0,0,0,0,0,0
31.950000000000227,582,0,0,0,0,0,0,0,0,0,0
32.00000000000023,570,0,0,0,0,0,0,0,0,0,0
32.050000000000225,524,0,0,0,0,0,0,0,0,0,0
32.10000000000022,553,0,0,0,0,0,0,0,0,0,0
32.15000000000022,578,0,0,0,0,0,0,0,0,0,0
32.200000000000216,613,0,0,0,0,0,0,0,0,0,0
32.25000000000021,562,0,0,0,0,0,0,0,0,0,0
32.30000000000021,501,0,0,0,0,0,0,0,0,0,0
32.35000000000021,440,0,0,0,0,0,0,0,0,0,0
32.400000000000205,409,0,0,0,0,0,0,0,0,0,0
32.4500000000002,328,0,0,0,0,0,0,0,0,0,0
32.5000000000002,219,0,0,0,0,0,0,0,0,0,0
32.550000000000196,205,0,0,0,0,0,0,0,0,0,0
32.60000000000019,99,0,0,0,0,0,0,0,0,0,0
32.65000000000019,38,0,0,0,0,0,0,0,0,0,0
32.70000000000019,0,0,0,0,0,0,0,0,0,0,0
32.750000000000185,0,0,0,0,0,0,0,0,0,0,0
32.80000000000018,0,0,0,0,0,0,0,0,0,0,0
32.85000000000018,0,0,0,0,0,0,0,0,0,0,0
32.900000000000176,0,0,0,0,0,0,0,0,0,0,0
32.95000000000017,0,0,0,0,0,0,0,0,0,0,0
33.00000000000017,0,0,0,0,0,0,0,0,0,0,0
33.05000000000017,0,0,0,0,0,0,0,0,0,0,0
33.100000000000165,0,0,0,0,0,0,0,0,0,0,0
33.15000000000016,0,0,0,0,0,0,0,0,0,0,0
33.20000000000016,0,0,0,0,0,0,0,0,0,0,0
33.250000000000156,0,0,0,0,0,0,0,0,0,0,0
33.30000000000015,0,0,0,0,0,0,0,0,0,0,0
33.35000000000015,0,0,0,0,0,0,0,0,0,0,0
33.40000000000015,0,0,0,0,0,0,0,0,0,0,0
33.450000000000145,0,0,0,0,0,0,0,0,0,0,0
33.50000000000014,0,0,0,0,0,0,0,0,0,0,0
33.55000000000014,0,0,0,0,0,0,0,0,0,0,0
33.600000000000136,0,0,0,0,0,0,0,0,0,0,0
33.650000000000134,0,0,0,0,0,0,0,0,0,0,0
33.70000000000013,0,0,0,0,0,0,0,0,0,0,0
33.75000000000013,0,0,0,0,0,0,0,0,0,0,0
33.800000000000125,0,0,0,0,0,0,0,0,0,0,0
33.85000000000012,0,0,0,0,0,0,0,0,0,0,0
33.90000000000012,0,0,0,0,0,0,0,0,0,0,0
33.95000000000012,0,0,0,0,0,0,0,0,0,0,0
34.000000000000114,0,0,0,0,0,0,0,0,0,0,0
34.05000000000011,0,0,0,0,0,0,0,0,0,0,0
34.10000000000011,0,0,0,0,0,0,0,0,0,0,0
34.150000000000105,0,0,0,0,0,0,0,0,0,0,0
34.2000000000001,0,0,0,0,0,0,0,0,0,0,0
34.2500000000001,0,0,0,0,0,0,0,0,0,0,0
34.3000000000001,0,0,0,0,0,0,0,0,0,0,0
34.350000000000094,0,0,0,0,0,0,0,0,0,0,0
34.40000000000009,0,0,0,0,0,0,0,0,0,0,0
34.45000000000009,0,0,0,0,0,0,0,0,0,0,0
34.500000000000085,0,0,0,0,0,0,0,0,0,0,0
34.55000000000008,0,0,0,0,0,0,0,0,0,0,0
34.60000000000008,0,0,0,0,0,0,0,0,0,0,0
34.65000000000008,0,0,0,0,0,0,0,0,0,0,0
34.700000000000074,0,0,0,0,0,0,0,0,0,0,0
34.75000000000007,0,0,0,0,0,0,0,0,0,0,0
34.80000000000007,0,0,0,0,0,0,0,0,0,0,0
34.850000000000065,0,0,0,0,0,0,0,0,0,0,0
34.90000000000006,0,0,0,0,0,0,0,0,0,0,0
34.95000000000006,0,0,0,0,0,0,0,0,0,0,0
35.00000000000006,0,0,0,0,0,0,0,0,0,0,0
35.050000000000054,0,0,0,0,0,0,0,0,0,0,0
35.10000000000005,0,0,0,0,0,0,0,0,0,0,0
35.15000000000005,0,0,0,0,0,0,0,0,0,0,0
35.200000000000045,0,0,0,0,0,0,0,0,0,0,0
35.25000000000004,0,0,0,0,0,0,0,0,0,0,0
35.30000000000004,0,0,0,0,0,0,0,0,0,0,0
35.35000000000004,0,0,0,0,0,0,0,0,0,0,0
35.400000000000034,0,0,0,0,0,0,0,0,0,0,0
35.45000000000003,0,0,0,0,0,0,0,0,0,0,0
35.50000000000003,0,0,0,0,0,0,0,0,0,0,0
35.550000000000026,0,0,0,0,0,0,0,0,0,0,0
35.60000000000002,0,0,0,0,0,0,0,0,0,0,0
35.65000000000002,0,0,0,0,0,0,0,0,0,0,0
35.70000000000002,0,0,0,0,0,0,0,0,0,0,0
35.750000000000014,0,0,0,0,0,0,0,0,0,0,0
35.80000000000001,0,0,0,0,0,0,0,0,0,0,0
35.85000000000001,0,0,0,0,0,0,0,0,0,0,0
35.900000000000006,0,0,0,0,0,0,0,0,0,0,0
35.95,0,0,0,0,0,0,0,0,0,0,0
36.0,0,0,0,0,0,0,0,0,0,0,0
36.05,0,0,0,0,0,0,0,0,0,0,0
36.099999999999994,0,0,0,0,0,0,0,0,0,0,0
36.14999999999999,0,0,0,0,0,0,0,0,0,0,0
36.19999999999999,0,0,0,0,0,0,0,0,0,0,0
36.249999999999986,0,0,0,0,0,0,0,0,0,0,0
36.29999999999998,0,0,0,0,0,0,0,0,0,0,0
36.34999999999998,0,0,0,0,0,0,0,0,0,0,0
36.39999999999998,0,0,0,0,0,0,0,0,0,0,0
36.449999999999974,0,0,0,0,0,0,0,0,0,0,0
36.49999999999997,0,0,0,0,0,0,0,0,0,0,0
36.54999999999997,0,0,0,0,0,0,0,0,0,0,0
36.599999999999966,0,0,0,0,0,0,0,0,0,0,0
36.64999999999996,0,0,0,0,0,0,0,0,0,0,0
36.69999999999996,0,0,0,0,0,0,0,0,0,0,0
36.74999999999996,0,0,0,0,0,0,0,0,0,0,0
36.799999999999955,0,0,0,0,0,0,0,0,0,0,0
36.84999999999995,0,0,0,0,0,0,0,0,0,0,0
36.89999999999995,0,0,0,0,0,0,0,0,0,0,0
36.949999999999946,0,0,0,0,0,0,0,0,0,0,0
36.99999999999994,0,0,0,0,0,0,0,0,0,0,0
37.04999999999994,0,0,0,0,0,0,0,0,0,0,0
37.09999999999994,0,0,0,0,0,0,0,0,0,0,0
37.149999999999935,0,0,0,0,0,0,0,0,0,0,0
37.19999999999993,0,0,0,0,0,0,0,0,0,0,0
37.24999999999993,0,0,0,0,0,0,0,0,0,0,0
37.299999999999926,0,0,0,0,0,0,0,0,0,0,0
37.34999999999992,0,0,0,0,0,0,0,0,0,0,0
37.39999999999992,0,0,0,0,0,0,0,0,0,0,0
37.44999999999992,0,0,0,0,0,0,0,0,0,0,0
37.499999999999915,0,0,0,0,0,0,0,0,0,0,0
37.54999999999991,0,0,0,0,0,0,0,0,0,0,0
37.59999999999991,0,0,0,0,0,0,0,0,0,0,0
37.649999999999906,0,0,0,0,0,0,0,0,0,0,0
37.6999999999999,0,0,0,0,0,0,0,0,0,0,0
37.7499999999999,0,0,0,0,0,0,0,0,0,0,0
37.7999999999999,0,0,0,0,0,0,0,0,0,0,0
37.849999999999895,0,0,0,0,0,0,0,0,0,0,0
37.89999999999989,0,0,0,0,0,0,0,0,0,0,0
37.94999999999989,0,0,0,0,0,0,0,0,0,0,0
37.999999999999886,0,0,0,0,0,0,0,0,0,0,0
38.04999999999988,0,0,0,0,0,0,0,0,0,0,0
38.09999999999988,0,0,0,0,0,0,0,0,0,0,0
38.14999999999988,0,0,0,0,0,0,0,0,0,0,0
38.199999999999875,0,0,0,0,0,0,0,0,0,0,0
38.24999999999987,0,0,0,0,0,0,0,0,0,0,0
38.29999999999987,0,0,0,0,0,0,0,0,0,0,0
38.349999999999866,0,0,0,0,0,0,0,0,0,0,0
38.399999999999864,0,0,0,0,0,0,0,0,0,0,0
38.44999999999986,0,0,0,0,0,0,0,0,0,0,0
38.49999999999986,0,0,0,0,0,0,0,0,0,0,0
38.549999999999855,0,0,0,0,0,0,0,0,0,0,0
38.59999999999985,0,0,0,0,0,0,0,0,0,0,0
38.64999999999985,0,0,0,0,0,0,0,0,0,0,0
38.69999999999985,0,0,0,0,0,0,0,0,0,0,0
38.749999999999844,0,0,0,0,0,0,0,0,0,0,0
38.79999999999984,0,0,0,0,0,0,0,0,0,0,0
38.84999999999984,0,0,0,0,0,0,0,0,0,0,0
38.899999999999835,0,0,0,0,0,0,0,0,0,0,0
38.94999999999983,0,0,0,0,0,0,0,0,0,0,0
38.99999999999983,0,0,0,0,0,0,0,0,0,0,0
39.04999999999983,0,0,0,0,0,0,0,0,0,0,0
39.099999999999824,0,0,0,0,0,0,0,0,0,0,0
39.14999999999982,0,0,0,0,0,0,0,0,0,0,0
39.19999999999982,0,0,0,0,0,0,0,0,0,0,0
39.249999999999815,0,0,0,0,0,0,0,0,0,0,0
39.29999999999981,0,0,0,0,0,0,0,0,0,0,0
39.34999999999981,0,0,0,0,0,0,0,0,0,0,0
39.39999999999981,0,0,0,0,0,0,0,0,0,0,0
39.449999999999804,0,0,0,0,0,0,0,0,0,0,0
39.4999999999998,0,0,0,0,0,0,0,0,0,0,0
39.5499999999998,0,0,0,0,0,0,0,0,0,0,0
39.599999999999795,0,0,0,0,0,0,0,0,0,0,0
39.64999999999979,0,0,0,0,0,0,0,0,0,0,0
39.69999999999979,0,0,0,0,0,0,0,0,0,0,0
39.74999999999979,0,0,0,0,0,0,0,0,0,0,0
39.799999999999784,0,0,0,0,0,0,0,0,0,0,0
39.84999999999978,0,0,0,0,0,0,0,0,0,0,0
39.89999999999978,0,0,0,0,0,0,0,0,0,0,0
39.949999999999775,0,0,0,0,0,0,0,0,0,0,0
39.99999999999977,0,0,0,0,0,0,0,0,0,0,0
40.04999999999977,0,0,0,0,0,0,0,0,0,0,0
40.09999999999977,0,0,0,0,0,0,0,0,0,0,0
40.149999999999764,0,0,0,0,0,0,0,0,0,0,0
40.19999999999976,0,0,0,0,0,0,0,0,0,0,0
40.24999999999976,0,0,0,0,0,0,0,0,0,0,0
40.299999999999756,0,0,0,0,0,0,0,0,0,0,0
40.34999999999975,0,0,0,0,0,0,0,0,0,0,0
40.39999999999975,0,0,0,0,0,0,0,0,0,0,0
40.44999999999975,0,0,0,0,0,0,0,0,0,0,0
40.499999999999744,0,0,0,0,0,0,0,0,0,0,0
40.54999999999974,0,0,0,0,0,0,0,0,0,0,0
40.59999999999974,0,0,0,0,0,0,0,0,0,0,0
40.649999999999736,0,0,0,0,0,0,0,0,0,0,0
40.69999999999973,0,0,0,0,0,0,0,0,0,0,0
40.74999999999973,0,0,0,0,0,0,0,0,0,0,0
40.79999999999973,0,0,0,0,0,0,0,0,0,0,0
40.849999999999724,0,0,0,0,0,0,0,0,0,0,0
40.89999999999972,0,0,0,0,0,0,0,0,0,0,0
40.94999999999972,0,0,0,0,0,0,0,0,0,0,0
40.999999999999716,0,0,0,0,0,0,0,0,0,0,0
41.04999999999971,0,0,0,0,0,0,0,0,0,0,0
41.09999999999971,0,0,0,0,0,0,0,0,0,0,0
41.14999999999971,0,0,0,0,0,0,0,0,0,0,0
41.199999999999704,0,0,0,0,0,0,0,0,0,0,0
41.2499999999997,0,0,0,0,0,0,0,0,0,0,0
41.2999999999997,0,0,0,0,0,0,0,0,0,0,0
41.349999999999696,0,0,0,0,0,0,0,0,0,0,0
41.39999999999969,0,0,0,0,0,0,0,0,0,0,0
41.44999999999969,0,0,0,0,0,0,0,0,0,0,0
41.49999999999969,0,0,0,0,0,0,0,0,0,0,0
41.549999999999685,0,0,0,0,0,0,0,0,0,0,0
*****
16,0.05,500,0.6,1,10,100,0.130921998163,0.0853672733114
16,500,85,98,88,98,0,0,0,0,0,0
16.05,463,61,99,92,99,0,0,0,0,0,0
16.1,477,51,102,114,102,0,0,0,0,0,0
16.150000000000002,513,46,109,122,109,0,0,0,0,0,0
16.200000000000003,482,38,85,99,85,0,0,0,0,0,0
16.250000000000004,488,78,87,111,87,0,0,0,0,0,0
16.300000000000004,484,86,119,107,119,0,0,0,0,0,0
16.350000000000005,485,69,101,87,101,0,0,0,0,0,0
16.400000000000006,459,50,97,96,97,0,0,0,0,0,0
16.450000000000006,483,41,116,118,116,0,0,0,0,0,0
16.500000000000007,481,38,84,105,84,0,0,0,0,0,0
16.550000000000008,517,47,98,108,98,0,0,0,0,0,0
16.60000000000001,493,53,93,76,93,0,0,0,0,0,0
16.65000000000001,460,36,86,72,86,0,0,0,0,0,0
16.70000000000001,471,38,80,63,80,0,0,0,0,0,0
16.75000000000001,480,23,93,76,93,0,0,0,0,0,0
16.80000000000001,457,11,60,66,60,0,0,0,0,0,0
16.850000000000012,451,13,48,54,48,0,0,0,0,0,0
16.900000000000013,517,12,48,48,48,0,0,0,0,0,0
16.950000000000014,473,14,51,43,51,0,0,0,0,0,0
17.000000000000014,497,8,47,43,47,0,0,0,0,0,0
17.050000000000015,492,11,47,36,47,0,0,0,0,0,0
17.100000000000016,459,11,46,30,46,0,0,0,0,0,0
17.150000000000016,447,5,29,23,29,0,0,0,0,0,0
17.200000000000017,493,5,33,30,33,0,0,0,0,0,0
17.250000000000018,463,4,19,18,19,0,0,0,0,0,0
17.30000000000002,516,4,21,18,21,0,0,0,0,0,0
17.35000000000002,490,2,21,14,21,0,0,0,0,0,0
17.40000000000002,469,1,14,19,14,0,0,0,0,0,0
17.45000000000002,476,3,12,8,12,0,0,0,0,0,0
17.50000000000002,482,3,12,10,12,0,0,0,0,0,0
17.550000000000022,478,2,12,11,12,0,0,0,0,0,0
17.600000000000023,479,0,7,4,7,0,0,0,0,0,0
17.650000000000023,505,1,5,3,5,0,0,0,0,0,0
17.700000000000024,451,0,1,2,1,0,0,0,0,0,0
17.750000000000025,516,0,6,3,6,0,0,0,0,0,0
17.800000000000026,446,0,3,3,3,0,0,0,0,0,0
17.850000000000026,473,0,2,2,2,0,0,0,0,0,0
17.900000000000027,456,0,2,1,2,0,0,0,0,0,0
17.950000000000028,502,0,0,0,0,0,0,0,0,0,0
18.00000000000003,493,0,2,0,2,0,0,0,0,0,0
18.05000000000003,473,0,1,1,1,0,0,0,0,0,0
18.10000000000003,438,0,1,1,1,0,0,0,0,0,0
18.15000000000003,486,0,2,1,2,0,0,0,0,0,0
18.20000000000003,486,0,0,0,0,0,0,0,0,0,0
18.250000000000032,481,0,1,1,1,0,0,0,0,0,0
18.300000000000033,480,0,0,0,0,0,0,0,0,0,0
18.350000000000033,462,0,1,0,1,0,0,0,0,0,0
18.400000000000034,491,0,1,1,1,0,0,0,0,0,0
18.450000000000035,493,0,0,0,0,0,0,0,0,0,0
18.500000000000036,491,0,0,0,0,0,0,0,0,0,0
18.550000000000036,477,0,0,0,0,0,0,0,0,0,0
18.600000000000037,491,0,0,0,0,0,0,0,0,0,0
18.650000000000038,474,0,0,0,0,0,0,0,0,0,0
18.70000000000004,462,0,0,0,0,0,0,0,0,0,0
18.75000000000004,476,0,0,0,0,0,0,0,0,0,0
18.80000000000004,527,0,0,0,0,0,0,0,0,0,0
18.85000000000004,428,0,0,0,0,0,0,0,0,0,0
18.90000000000004,462,0,0,0,0,0,0,0,0,0,0
18.950000000000042,490,0,0,0,0,0,0,0,0,0,0
19.000000000000043,510,0,0,0,0,0,0,0,0,0,0
19.050000000000043,497,0,0,0,0,0,0,0,0,0,0
19.100000000000044,504,0,0,0,0,0,0,0,0,0,0
19.150000000000045,442,0,0,0,0,0,0,0,0,0,0
19.200000000000045,497,0,0,0,0,0,0,0,0,0,0
19.250000000000046,509,0,0,0,0,0,0,0,0,0,0
19.300000000000047,475,0,0,0,0,0,0,0,0,0,0
19.350000000000048,450,0,0,0,0,0,0,0,0,0,0
19.40000000000005,489,0,0,0,0,0,0,0,0,0,0
19.45000000000005,469,0,0,0,0,0,0,0,0,0,0
19.50000000000005,479,0,0,0,0,0,0,0,0,0,0
19.55000000000005,486,0,0,0,0,0,0,0,0,0,0
19.60000000000005,475,0,0,0,0,0,0,0,0,0,0
19.650000000000052,487,0,0,0,0,0,0,0,0,0,0
19.700000000000053,463,0,0,0,0,0,0,0,0,0,0
19.750000000000053,482,0,0,0,0,0,0,0,0,0,0
19.800000000000054,488,0,0,0,0,0,0,0,0,0,0
19.850000000000055,522,0,0,0,0,0,0,0,0,0,0
19.900000000000055,479,0,0,0,0,0,0,0,0,0,0
19.950000000000056,469,0,0,0,0,0,0,0,0,0,0
20.000000000000057,490,0,0,0,0,0,0,0,0,0,0
20.050000000000058,467,0,0,0,0,0,0,0,0,0,0
20.10000000000006,473,0,0,0,0,0,0,0,0,0,0
20.15000000000006,441,0,0,0,0,0,0,0,0,0,0
20.20000000000006,501,0,0,0,0,0,0,0,0,0,0
20.25000000000006,481,0,0,0,0,0,0,0,0,0,0
20.30000000000006,465,0,0,0,0,0,0,0,0,0,0
20.350000000000062,469,0,0,0,0,0,0,0,0,0,0
20.400000000000063,467,0,0,0,0,0,0,0,0,0,0
20.450000000000063,521,0,0,0,0,0,0,0,0,0,0
20.500000000000064,482,0,0,0,0,0,0,0,0,0,0
20.550000000000065,475,0,0,0,0,0,0,0,0,0,0
20.600000000000065,460,0,0,0,0,0,0,0,0,0,0
20.650000000000066,454,0,0,0,0,0,0,0,0,0,0
20.700000000000067,511,0,0,0,0,0,0,0,0,0,0
20.750000000000068,508,0,0,0,0,0,0,0,0,0,0
20.800000000000068,475,0,0,0,0,0,0,0,0,0,0
20.85000000000007,473,0,0,0,0,0,0,0,0,0,0
20.90000000000007,480,0,0,0,0,0,0,0,0,0,0
20.95000000000007,497,0,0,0,0,0,0,0,0,0,0
21.00000000000007,451,0,0,0,0,0,0,0,0,0,0
21.05000000000007,493,0,0,0,0,0,0,0,0,0,0
21.100000000000072,476,0,0,0,0,0,0,0,0,0,0
21.150000000000073,516,0,0,0,0,0,0,0,0,0,0
21.200000000000074,460,0,0,0,0,0,0,0,0,0,0
21.250000000000075,502,0,0,0,0,0,0,0,0,0,0
21.300000000000075,456,0,0,0,0,0,0,0,0,0,0
21.350000000000076,449,0,0,0,0,0,0,0,0,0,0
21.400000000000077,443,0,0,0,0,0,0,0,0,0,0
21.450000000000077,510,0,0,0,0,0,0,0,0,0,0
21.500000000000078,479,0,0,0,0,0,0,0,0,0,0
21.55000000000008,505,0,0,0,0,0,0,0,0,0,0
21.60000000000008,508,0,0,0,0,0,0,0,0,0,0
21.65000000000008,494,0,0,0,0,0,0,0,0,0,0
21.70000000000008,473,0,0,0,0,0,0,0,0,0,0
21.75000000000008,502,0,0,0,0,0,0,0,0,0,0
21.800000000000082,437,0,0,0,0,0,0,0,0,0,0
21.850000000000083,460,0,0,0,0,0,0,0,0,0,0
21.900000000000084,495,0,0,0,0,0,0,0,0,0,0
21.950000000000085,468,0,0,0,0,0,0,0,0,0,0
22.000000000000085,470,0,0,0,0,0,0,0,0,0,0
22.050000000000086,475,0,0,0,0,0,0,0,0,0,0
22.100000000000087,474,0,0,0,0,0,0,0,0,0,0
22.150000000000087,477,0,0,0,0,0,0,0,0,0,0
22.200000000000088,501,0,0,0,0,0,0,0,0,0,0
22.25000000000009,485,0,0,0,0,0,0,0,0,0,0
22.30000000000009,467,0,0,0,0,0,0,0,0,0,0
22.35000000000009,495,0,0,0,0,0,0,0,0,0,0
22.40000000000009,474,0,0,0,0,0,0,0,0,0,0
22.45000000000009,472,0,0,0,0,0,0,0,0,0,0
22.500000000000092,515,0,0,0,0,0,0,0,0,0,0
22.550000000000093,468,0,0,0,0,0,0,0,0,0,0
22.600000000000094,522,0,0,0,0,0,0,0,0,0,0
22.650000000000095,485,0,0,0,0,0,0,0,0,0,0
22.700000000000095,434,0,0,0,0,0,0,0,0,0,0
22.750000000000096,457,0,0,0,0,0,0,0,0,0,0
22.800000000000097,478,0,0,0,0,0,0,0,0,0,0
22.850000000000097,491,0,0,0,0,0,0,0,0,0,0
22.900000000000098,501,0,0,0,0,0,0,0,0,0,0
22.9500000000001,475,0,0,0,0,0,0,0,0,0,0
23.0000000000001,487,0,0,0,0,0,0,0,0,0,0
23.0500000000001,460,0,0,0,0,0,0,0,0,0,0
23.1000000000001,467,0,0,0,0,0,0,0,0,0,0
23.1500000000001,492,0,0,0,0,0,0,0,0,0,0
23.200000000000102,477,0,0,0,0,0,0,0,0,0,0
23.250000000000103,507,0,0,0,0,0,0,0,0,0,0
23.300000000000104,506,0,0,0,0,0,0,0,0,0,0
23.350000000000104,472,0,0,0,0,0,0,0,0,0,0
23.400000000000105,445,0,0,0,0,0,0,0,0,0,0
23.450000000000106,459,0,0,0,0,0,0,0,0,0,0
23.500000000000107,478,0,0,0,0,0,0,0,0,0,0
23.550000000000107,477,0,0,0,0,0,0,0,0,0,0
23.600000000000108,492,0,0,0,0,0,0,0,0,0,0
23.65000000000011,474,0,0,0,0,0,0,0,0,0,0
23.70000000000011,467,0,0,0,0,0,0,0,0,0,0
23.75000000000011,494,0,0,0,0,0,0,0,0,0,0
23.80000000000011,482,0,0,0,0,0,0,0,0,0,0
23.85000000000011,493,0,0,0,0,0,0,0,0,0,0
23.900000000000112,485,0,0,0,0,0,0,0,0,0,0
23.950000000000113,477,0,0,0,0,0,0,0,0,0,0
24.000000000000114,496,0,0,0,0,0,0,0,0,0,0
24.050000000000114,470,0,0,0,0,0,0,0,0,0,0
24.100000000000115,500,0,0,0,0,0,0,0,0,0,0
24.150000000000116,473,0,0,0,0,0,0,0,0,0,0
24.200000000000117,493,0,0,0,0,0,0,0,0,0,0
24.250000000000117,462,0,0,0,0,0,0,0,0,0,0
24.300000000000118,465,0,0,0,0,0,0,0,0,0,0
24.35000000000012,504,0,0,0,0,0,0,0,0,0,0
24.40000000000012,488,0,0,0,0,0,0,0,0,0,0
24.45000000000012,482,0,0,0,0,0,0,0,0,0,0
24.50000000000012,464,0,0,0,0,0,0,0,0,0,0
24.55000000000012,497,0,0,0,0,0,0,0,0,0,0
24.600000000000122,481,0,0,0,0,0,0,0,0,0,0
24.650000000000123,467,0,0,0,0,0,0,0,0,0,0
24.700000000000124,464,0,0,0,0,0,0,0,0,0,0
24.750000000000124,482,0,0,0,0,0,0,0,0,0,0
24.800000000000125,478,0,0,0,0,0,0,0,0,0,0
24.850000000000126,489,0,0,0,0,0,0,0,0,0,0
24.900000000000126,474,0,0,0,0,0,0,0,0,0,0
24.950000000000127,493,0,0,0,0,0,0,0,0,0,0
25.000000000000128,445,0,0,0,0,0,0,0,0,0,0
25.05000000000013,475,0,0,0,0,0,0,0,0,0,0
25.10000000000013,459,0,0,0,0,0,0,0,0,0,0
25.15000000000013,528,0,0,0,0,0,0,0,0,0,0
25.20000000000013,472,0,0,0,0,0,0,0,0,0,0
25.25000000000013,458,0,0,0,0,0,0,0,0,0,0
25.300000000000132,475,0,0,0,0,0,0,0,0,0,0
25.350000000000133,468,0,0,0,0,0,0,0,0,0,0
25.400000000000134,502,0,0,0,0,0,0,0,0,0,0
25.450000000000134,505,0,0,0,0,0,0,0,0,0,0
25.500000000000135,482,0,0,0,0,0,0,0,0,0,0
25.550000000000136,496,0,0,0,0,0,0,0,0,0,0
25.600000000000136,468,0,0,0,0,0,0,0,0,0,0
25.650000000000137,458,0,0,0,0,0,0,0,0,0,0
25.700000000000138,461,0,0,0,0,0,0,0,0,0,0
25.75000000000014,502,0,0,0,0,0,0,0,0,0,0
25.80000000000014,454,0,0,0,0,0,0,0,0,0,0
25.85000000000014,503,0,0,0,0,0,0,0,0,0,0
25.90000000000014,509,0,0,0,0,0,0,0,0,0,0
25.95000000000014,474,0,0,0,0,0,0,0,0,0,0
26.000000000000142,451,0,0,0,0,0,0,0,0,0,0
26.050000000000143,473,0,0,0,0,0,0,0,0,0,0
26.100000000000144,530,0,0,0,0,0,0,0,0,0,0
26.150000000000144,451,0,0,0,0,0,0,0,0,0,0
26.200000000000145,495,0,0,0,0,0,0,0,0,0,0
26.250000000000146,462,0,0,0,0,0,0,0,0,0,0
26.300000000000146,500,0,0,0,0,0,0,0,0,0,0
26.350000000000147,447,0,0,0,0,0,0,0,0,0,0
26.400000000000148,489,0,0,0,0,0,0,0,0,0,0
26.45000000000015,485,0,0,0,0,0,0,0,0,0,0
26.50000000000015,454,0,0,0,0,0,0,0,0,0,0
26.55000000000015,497,0,0,0,0,0,0,0,0,0,0
26.60000000000015,491,0,0,0,0,0,0,0,0,0,0
26.65000000000015,459,0,0,0,0,0,0,0,0,0,0
26.700000000000152,473,0,0,0,0,0,0,0,0,0,0
26.750000000000153,495,0,0,0,0,0,0,0,0,0,0
26.800000000000153,545,0,0,0,0,0,0,0,0,0,0
26.850000000000154,441,0,0,0,0,0,0,0,0,0,0
26.900000000000155,499,0,0,0,0,0,0,0,0,0,0
26.950000000000156,450,0,0,0,0,0,0,0,0,0,0
27.000000000000156,495,0,0,0,0,0,0,0,0,0,0
27.050000000000157,487,0,0,0,0,0,0,0,0,0,0
27.100000000000158,485,0,0,0,0,0,0,0,0,0,0
27.15000000000016,450,0,0,0,0,0,0,0,0,0,0
27.20000000000016,482,0,0,0,0,0,0,0,0,0,0
27.25000000000016,472,0,0,0,0,0,0,0,0,0,0
27.30000000000016,494,0,0,0,0,0,0,0,0,0,0
27.35000000000016,482,0,0,0,0,0,0,0,0,0,0
27.400000000000162,468,0,0,0,0,0,0,0,0,0,0
27.450000000000163,436,0,0,0,0,0,0,0,0,0,0
27.500000000000163,487,0,0,0,0,0,0,0,0,0,0
27.550000000000164,457,0,0,0,0,0,0,0,0,0,0
27.600000000000165,498,0,0,0,0,0,0,0,0,0,0
27.650000000000166,515,0,0,0,0,0,0,0,0,0,0
27.700000000000166,526,0,0,0,0,0,0,0,0,0,0
27.750000000000167,484,0,0,0,0,0,0,0,0,0,0
27.800000000000168,491,0,0,0,0,0,0,0,0,0,0
27.85000000000017,463,0,0,0,0,0,0,0,0,0,0
27.90000000000017,492,0,0,0,0,0,0,0,0,0,0
27.95000000000017,461,0,0,0,0,0,0,0,0,0,0
28.00000000000017,483,0,0,0,0,0,0,0,0,0,0
28.05000000000017,467,0,0,0,0,0,0,0,0,0,0
28.100000000000172,486,0,0,0,0,0,0,0,0,0,0
28.150000000000173,472,0,0,0,0,0,0,0,0,0,0
28.200000000000173,481,0,0,0,0,0,0,0,0,0,0
28.250000000000174,477,0,0,0,0,0,0,0,0,0,0
28.300000000000175,489,0,0,0,0,0,0,0,0,0,0
28.350000000000176,499,0,0,0,0,0,0,0,0,0,0
28.400000000000176,484,0,0,0,0,0,0,0,0,0,0
28.450000000000177,510,0,0,0,0,0,0,0,0,0,0
28.500000000000178,452,0,0,0,0,0,0,0,0,0,0
28.55000000000018,471,0,0,0,0,0,0,0,0,0,0
28.60000000000018,482,0,0,0,0,0,0,0,0,0,0
28.65000000000018,472,0,0,0,0,0,0,0,0,0,0
28.70000000000018,475,0,0,0,0,0,0,0,0,0,0
28.75000000000018,475,0,0,0,0,0,0,0,0,0,0
28.800000000000182,504,0,0,0,0,0,0,0,0,0,0
28.850000000000183,489,0,0,0,0,0,0,0,0,0,0
28.900000000000183,477,0,0,0,0,0,0,0,0,0,0
28.950000000000184,439,0,0,0,0,0,0,0,0,0,0
29.000000000000185,487,0,0,0,0,0,0,0,0,0,0
29.050000000000185,505,0,0,0,0,0,0,0,0,0,0
29.100000000000186,490,0,0,0,0,0,0,0,0,0,0
29.150000000000187,481,0,0,0,0,0,0,0,0,0,0
29.200000000000188,499,0,0,0,0,0,0,0,0,0,0
29.25000000000019,474,0,0,0,0,0,0,0,0,0,0
29.30000000000019,475,0,0,0,0,0,0,0,0,0,0
29.35000000000019,503,0,0,0,0,0,0,0,0,0,0
29.40000000000019,467,0,0,0,0,0,0,0,0,0,0
29.45000000000019,446,0,0,0,0,0,0,0,0,0,0
29.500000000000192,478,0,0,0,0,0,0,0,0,0,0
29.550000000000193,456,0,0,0,0,0,0,0,0,0,0
29.600000000000193,493,0,0,0,0,0,0,0,0,0,0
29.650000000000194,478,0,0,0,0,0,0,0,0,0,0
29.700000000000195,493,0,0,0,0,0,0,0,0,0,0
29.750000000000195,512,0,0,0,0,0,0,0,0,0,0
29.800000000000196,503,0,0,0,0,0,0,0,0,0,0
29.850000000000197,439,0,0,0,0,0,0,0,0,0,0
29.900000000000198,464,0,0,0,0,0,0,0,0,0,0
29.9500000000002,512,0,0,0,0,0,0,0,0,0,0
30.0000000000002,468,0,0,0,0,0,0,0,0,0,0
30.0500000000002,456,0,0,0,0,0,0,0,0,0,0
30.1000000000002,502,0,0,0,0,0,0,0,0,0,0
30.1500000000002,460,0,0,0,0,0,0,0,0,0,0
30.200000000000202,508,0,0,0,0,0,0,0,0,0,0
30.250000000000203,478,0,0,0,0,0,0,0,0,0,0
30.300000000000203,462,0,0,0,0,0,0,0,0,0,0
30.350000000000204,491,0,0,0,0,0,0,0,0,0,0
30.400000000000205,475,0,0,0,0,0,0,0,0,0,0
30.450000000000205,496,0,0,0,0,0,0,0,0,0,0
30.500000000000206,477,0,0,0,0,0,0,0,0,0,0
30.550000000000207,506,0,0,0,0,0,0,0,0,0,0
30.600000000000207,475,0,0,0,0,0,0,0,0,0,0
30.650000000000208,461,0,0,0,0,0,0,0,0,0,0
30.70000000000021,479,0,0,0,0,0,0,0,0,0,0
30.75000000000021,474,0,0,0,0,0,0,0,0,0,0
30.80000000000021,471,0,0,0,0,0,0,0,0,0,0
30.85000000000021,497,0,0,0,0,0,0,0,0,0,0
30.90000000000021,457,0,0,0,0,0,0,0,0,0,0
30.950000000000212,456,0,0,0,0,0,0,0,0,0,0
31.000000000000213,500,0,0,0,0,0,0,0,0,0,0
31.050000000000214,479,0,0,0,0,0,0,0,0,0,0
31.100000000000215,501,0,0,0,0,0,0,0,0,0,0
31.150000000000215,473,0,0,0,0,0,0,0,0,0,0
31.200000000000216,500,0,0,0,0,0,0,0,0,0,0
31.250000000000217,504,0,0,0,0,0,0,0,0,0,0
31.300000000000217,471,0,0,0,0,0,0,0,0,0,0
31.350000000000218,464,0,0,0,0,0,0,0,0,0,0
31.40000000000022,462,0,0,0,0,0,0,0,0,0,0
31.45000000000022,512,0,0,0,0,0,0,0,0,0,0
31.50000000000022,501,0,0,0,0,0,0,0,0,0,0
31.55000000000022,496,0,0,0,0,0,0,0,0,0,0
31.60000000000022,430,0,0,0,0,0,0,0,0,0,0
31.650000000000222,477,0,0,0,0,0,0,0,0,0,0
31.700000000000223,471,0,0,0,0,0,0,0,0,0,0
31.750000000000224,510,0,0,0,0,0,0,0,0,0,0
31.800000000000225,493,0,0,0,0,0,0,0,0,0,0
31.850000000000225,439,0,0,0,0,0,0,0,0,0,0
31.900000000000226,486,0,0,0,0,0,0,0,0,0,0
31.950000000000227,491,0,0,0,0,0,0,0,0,0,0
32.00000000000023,456,0,0,0,0,0,0,0,0,0,0
32.050000000000225,501,0,0,0,0,0,0,0,0,0,0
32.10000000000022,525,0,0,0,0,0,0,0,0,0,0
32.15000000000022,474,0,0,0,0,0,0,0,0,0,0
32.200000000000216,485,0,0,0,0,0,0,0,0,0,0
32.25000000000021,454,0,0,0,0,0,0,0,0,0,0
32.30000000000021,445,0,0,0,0,0,0,0,0,0,0
32.35000000000021,494,0,0,0,0,0,0,0,0,0,0
32.400000000000205,505,0,0,0,0,0,0,0,0,0,0
32.4500000000002,503,0,0,0,0,0,0,0,0,0,0
32.5000000000002,489,0,0,0,0,0,0,0,0,0,0
32.550000000000196,446,0,0,0,0,0,0,0,0,0,0
32.60000000000019,480,0,0,0,0,0,0,0,0,0,0
32.65000000000019,374,0,0,0,0,0,0,0,0,0,0
32.70000000000019,317,0,0,0,0,0,0,0,0,0,0
32.750000000000185,269,0,0,0,0,0,0,0,0,0,0
32.80000000000018,203,0,0,0,0,0,0,0,0,0,0
32.85000000000018,149,0,0,0,0,0,0,0,0,0,0
32.900000000000176,82,0,0,0,0,0,0,0,0,0,0
32.95000000000017,34,0,0,0,0,0,0,0,0,0,0
33.00000000000017,0,0,0,0,0,0,0,0,0,0,0
33.05000000000017,0,0,0,0,0,0,0,0,0,0,0
33.100000000000165,0,0,0,0,0,0,0,0,0,0,0
33.15000000000016,0,0,0,0,0,0,0,0,0,0,0
33.20000000000016,0,0,0,0,0,0,0,0,0,0,0
33.250000000000156,0,0,0,0,0,0,0,0,0,0,0
33.30000000000015,0,0,0,0,0,0,0,0,0,0,0
33.35000000000015,0,0,0,0,0,0,0,0,0,0,0
33.40000000000015,0,0,0,0,0,0,0,0,0,0,0
33.450000000000145,0,0,0,0,0,0,0,0,0,0,0
33.50000000000014,0,0,0,0,0,0,0,0,0,0,0
33.55000000000014,0,0,0,0,0,0,0,0,0,0,0
33.600000000000136,0,0,0,0,0,0,0,0,0,0,0
33.650000000000134,0,0,0,0,0,0,0,0,0,0,0
33.70000000000013,0,0,0,0,0,0,0,0,0,0,0
33.75000000000013,0,0,0,0,0,0,0,0,0,0,0
33.800000000000125,0,0,0,0,0,0,0,0,0,0,0
33.85000000000012,0,0,0,0,0,0,0,0,0,0,0
33.90000000000012,0,0,0,0,0,0,0,0,0,0,0
33.95000000000012,0,0,0,0,0,0,0,0,0,0,0
34.000000000000114,0,0,0,0,0,0,0,0,0,0,0
34.05000000000011,0,0,0,0,0,0,0,0,0,0,0
34.10000000000011,0,0,0,0,0,0,0,0,0,0,0
34.150000000000105,0,0,0,0,0,0,0,0,0,0,0
34.2000000000001,0,0,0,0,0,0,0,0,0,0,0
34.2500000000001,0,0,0,0,0,0,0,0,0,0,0
34.3000000000001,0,0,0,0,0,0,0,0,0,0,0
34.350000000000094,0,0,0,0,0,0,0,0,0,0,0
34.40000000000009,0,0,0,0,0,0,0,0,0,0,0
34.45000000000009,0,0,0,0,0,0,0,0,0,0,0
34.500000000000085,0,0,0,0,0,0,0,0,0,0,0
34.55000000000008,0,0,0,0,0,0,0,0,0,0,0
34.60000000000008,0,0,0,0,0,0,0,0,0,0,0
34.65000000000008,0,0,0,0,0,0,0,0,0,0,0
34.700000000000074,0,0,0,0,0,0,0,0,0,0,0
34.75000000000007,0,0,0,0,0,0,0,0,0,0,0
34.80000000000007,0,0,0,0,0,0,0,0,0,0,0
34.850000000000065,0,0,0,0,0,0,0,0,0,0,0
34.90000000000006,0,0,0,0,0,0,0,0,0,0,0
34.95000000000006,0,0,0,0,0,0,0,0,0,0,0
35.00000000000006,0,0,0,0,0,0,0,0,0,0,0
35.050000000000054,0,0,0,0,0,0,0,0,0,0,0
35.10000000000005,0,0,0,0,0,0,0,0,0,0,0
35.15000000000005,0,0,0,0,0,0,0,0,0,0,0
35.200000000000045,0,0,0,0,0,0,0,0,0,0,0
35.25000000000004,0,0,0,0,0,0,0,0,0,0,0
35.30000000000004,0,0,0,0,0,0,0,0,0,0,0
35.35000000000004,0,0,0,0,0,0,0,0,0,0,0
35.400000000000034,0,0,0,0,0,0,0,0,0,0,0
35.45000000000003,0,0,0,0,0,0,0,0,0,0,0
35.50000000000003,0,0,0,0,0,0,0,0,0,0,0
35.550000000000026,0,0,0,0,0,0,0,0,0,0,0
35.60000000000002,0,0,0,0,0,0,0,0,0,0,0
35.65000000000002,0,0,0,0,0,0,0,0,0,0,0
35.70000000000002,0,0,0,0,0,0,0,0,0,0,0
35.750000000000014,0,0,0,0,0,0,0,0,0,0,0
35.80000000000001,0,0,0,0,0,0,0,0,0,0,0
35.85000000000001,0,0,0,0,0,0,0,0,0,0,0
35.900000000000006,0,0,0,0,0,0,0,0,0,0,0
35.95,0,0,0,0,0,0,0,0,0,0,0
36.0,0,0,0,0,0,0,0,0,0,0,0
36.05,0,0,0,0,0,0,0,0,0,0,0
36.099999999999994,0,0,0,0,0,0,0,0,0,0,0
36.14999999999999,0,0,0,0,0,0,0,0,0,0,0
36.19999999999999,0,0,0,0,0,0,0,0,0,0,0
36.249999999999986,0,0,0,0,0,0,0,0,0,0,0
36.29999999999998,0,0,0,0,0,0,0,0,0,0,0
36.34999999999998,0,0,0,0,0,0,0,0,0,0,0
36.39999999999998,0,0,0,0,0,0,0,0,0,0,0
36.449999999999974,0,0,0,0,0,0,0,0,0,0,0
36.49999999999997,0,0,0,0,0,0,0,0,0,0,0
36.54999999999997,0,0,0,0,0,0,0,0,0,0,0
36.599999999999966,0,0,0,0,0,0,0,0,0,0,0
36.64999999999996,0,0,0,0,0,0,0,0,0,0,0
36.69999999999996,0,0,0,0,0,0,0,0,0,0,0
36.74999999999996,0,0,0,0,0,0,0,0,0,0,0
36.799999999999955,0,0,0,0,0,0,0,0,0,0,0
36.84999999999995,0,0,0,0,0,0,0,0,0,0,0
36.89999999999995,0,0,0,0,0,0,0,0,0,0,0
36.949999999999946,0,0,0,0,0,0,0,0,0,0,0
36.99999999999994,0,0,0,0,0,0,0,0,0,0,0
37.04999999999994,0,0,0,0,0,0,0,0,0,0,0
37.09999999999994,0,0,0,0,0,0,0,0,0,0,0
37.149999999999935,0,0,0,0,0,0,0,0,0,0,0
37.19999999999993,0,0,0,0,0,0,0,0,0,0,0
37.24999999999993,0,0,0,0,0,0,0,0,0,0,0
37.299999999999926,0,0,0,0,0,0,0,0,0,0,0
37.34999999999992,0,0,0,0,0,0,0,0,0,0,0
37.39999999999992,0,0,0,0,0,0,0,0,0,0,0
37.44999999999992,0,0,0,0,0,0,0,0,0,0,0
37.499999999999915,0,0,0,0,0,0,0,0,0,0,0
37.54999999999991,0,0,0,0,0,0,0,0,0,0,0
37.59999999999991,0,0,0,0,0,0,0,0,0,0,0
37.649999999999906,0,0,0,0,0,0,0,0,0,0,0
37.6999999999999,0,0,0,0,0,0,0,0,0,0,0
37.7499999999999,0,0,0,0,0,0,0,0,0,0,0
37.7999999999999,0,0,0,0,0,0,0,0,0,0,0
37.849999999999895,0,0,0,0,0,0,0,0,0,0,0
37.89999999999989,0,0,0,0,0,0,0,0,0,0,0
37.94999999999989,0,0,0,0,0,0,0,0,0,0,0
37.999999999999886,0,0,0,0,0,0,0,0,0,0,0
38.04999999999988,0,0,0,0,0,0,0,0,0,0,0
38.09999999999988,0,0,0,0,0,0,0,0,0,0,0
38.14999999999988,0,0,0,0,0,0,0,0,0,0,0
38.199999999999875,0,0,0,0,0,0,0,0,0,0,0
38.24999999999987,0,0,0,0,0,0,0,0,0,0,0
38.29999999999987,0,0,0,0,0,0,0,0,0,0,0
38.349999999999866,0,0,0,0,0,0,0,0,0,0,0
38.399999999999864,0,0,0,0,0,0,0,0,0,0,0
38.44999999999986,0,0,0,0,0,0,0,0,0,0,0
38.49999999999986,0,0,0,0,0,0,0,0,0,0,0
38.549999999999855,0,0,0,0,0,0,0,0,0,0,0
38.59999999999985,0,0,0,0,0,0,0,0,0,0,0
38.64999999999985,0,0,0,0,0,0,0,0,0,0,0
38.69999999999985,0,0,0,0,0,0,0,0,0,0,0
38.749999999999844,0,0,0,0,0,0,0,0,0,0,0
38.79999999999984,0,0,0,0,0,0,0,0,0,0,0
38.84999999999984,0,0,0,0,0,0,0,0,0,0,0
38.899999999999835,0,0,0,0,0,0,0,0,0,0,0
38.94999999999983,0,0,0,0,0,0,0,0,0,0,0
38.99999999999983,0,0,0,0,0,0,0,0,0,0,0
39.04999999999983,0,0,0,0,0,0,0,0,0,0,0
39.099999999999824,0,0,0,0,0,0,0,0,0,0,0
39.14999999999982,0,0,0,0,0,0,0,0,0,0,0
39.19999999999982,0,0,0,0,0,0,0,0,0,0,0
39.249999999999815,0,0,0,0,0,0,0,0,0,0,0
39.29999999999981,0,0,0,0,0,0,0,0,0,0,0
39.34999999999981,0,0,0,0,0,0,0,0,0,0,0
39.39999999999981,0,0,0,0,0,0,0,0,0,0,0
39.449999999999804,0,0,0,0,0,0,0,0,0,0,0
39.4999999999998,0,0,0,0,0,0,0,0,0,0,0
39.5499999999998,0,0,0,0,0,0,0,0,0,0,0
39.599999999999795,0,0,0,0,0,0,0,0,0,0,0
39.64999999999979,0,0,0,0,0,0,0,0,0,0,0
39.69999999999979,0,0,0,0,0,0,0,0,0,0,0
39.74999999999979,0,0,0,0,0,0,0,0,0,0,0
39.799999999999784,0,0,0,0,0,0,0,0,0,0,0
39.84999999999978,0,0,0,0,0,0,0,0,0,0,0
39.89999999999978,0,0,0,0,0,0,0,0,0,0,0
39.949999999999775,0,0,0,0,0,0,0,0,0,0,0
39.99999999999977,0,0,0,0,0,0,0,0,0,0,0
40.04999999999977,0,0,0,0,0,0,0,0,0,0,0
40.09999999999977,0,0,0,0,0,0,0,0,0,0,0
40.149999999999764,0,0,0,0,0,0,0,0,0,0,0
40.19999999999976,0,0,0,0,0,0,0,0,0,0,0
40.24999999999976,0,0,0,0,0,0,0,0,0,0,0
40.299999999999756,0,0,0,0,0,0,0,0,0,0,0
40.34999999999975,0,0,0,0,0,0,0,0,0,0,0
40.39999999999975,0,0,0,0,0,0,0,0,0,0,0
40.44999999999975,0,0,0,0,0,0,0,0,0,0,0
40.499999999999744,0,0,0,0,0,0,0,0,0,0,0
40.54999999999974,0,0,0,0,0,0,0,0,0,0,0
40.59999999999974,0,0,0,0,0,0,0,0,0,0,0
40.649999999999736,0,0,0,0,0,0,0,0,0,0,0
40.69999999999973,0,0,0,0,0,0,0,0,0,0,0
40.74999999999973,0,0,0,0,0,0,0,0,0,0,0
40.79999999999973,0,0,0,0,0,0,0,0,0,0,0
40.849999999999724,0,0,0,0,0,0,0,0,0,0,0
40.89999999999972,0,0,0,0,0,0,0,0,0,0,0
40.94999999999972,0,0,0,0,0,0,0,0,0,0,0
40.999999999999716,0,0,0,0,0,0,0,0,0,0,0
41.04999999999971,0,0,0,0,0,0,0,0,0,0,0
41.09999999999971,0,0,0,0,0,0,0,0,0,0,0
41.14999999999971,0,0,0,0,0,0,0,0,0,0,0
41.199999999999704,0,0,0,0,0,0,0,0,0,0,0
41.2499999999997,0,0,0,0,0,0,0,0,0,0,0
41.2999999999997,0,0,0,0,0,0,0,0,0,0,0
41.349999999999696,0,0,0,0,0,0,0,0,0,0,0
41.39999999999969,0,0,0,0,0,0,0,0,0,0,0
41.44999999999969,0,0,0,0,0,0,0,0,0,0,0
41.49999999999969,0,0,0,0,0,0,0,0,0,0,0
41.549999999999685,0,0,0,0,0,0,0,0,0,0,0
