*****
16,0.05,500,0,0.4,10,100,0.39276599448899996,0.0853672733114
16,500,500,500,500,500,0,0,0,0,0,0
16.05,495,495,492,495,495,0,0,0,0,0,0
16.1,470,470,470,470,470,0,0,0,0,0,0
16.150000000000002,505,505,501,505,505,0,0,0,0,0,0
16.200000000000003,495,495,494,494,495,0,0,0,0,0,0
16.250000000000004,451,451,448,451,451,0,0,0,0,0,0
16.300000000000004,483,483,481,483,483,0,0,0,0,0,0
16.350000000000005,495,495,490,495,495,0,0,0,0,0,0
16.400000000000006,479,479,476,479,479,0,0,0,0,0,0
16.450000000000006,484,484,480,484,484,0,0,0,0,0,0
16.500000000000007,480,480,471,478,480,0,0,0,0,0,0
16.550000000000008,472,472,453,472,472,0,0,0,0,0,0
16.60000000000001,462,462,457,461,462,0,0,0,0,0,0
16.65000000000001,483,483,470,483,483,0,0,0,0,0,0
16.70000000000001,503,503,494,503,503,0,0,0,0,0,0
16.75000000000001,448,448,434,448,448,0,0,0,0,0,0
16.80000000000001,466,466,437,466,466,0,0,0,0,0,0
16.850000000000012,441,441,418,439,441,0,0,0,0,0,0
16.900000000000013,500,500,476,500,500,0,0,0,0,0,0
16.950000000000014,486,486,464,484,486,0,0,0,0,0,0
17.000000000000014,452,452,426,448,452,0,0,0,0,0,0
17.050000000000015,521,521,476,521,521,0,0,0,0,0,0
17.100000000000016,483,483,451,478,483,0,0,0,0,0,0
17.150000000000016,494,494,458,493,494,0,0,0,0,0,0
17.200000000000017,507,507,468,507,507,0,0,0,0,0,0
17.250000000000018,463,463,403,463,463,0,0,0,0,0,0
17.30000000000002,464,464,413,462,464,0,0,0,0,0,0
17.35000000000002,481,481,414,480,481,0,0,0,0,0,0
17.40000000000002,477,477,401,475,477,0,0,0,0,0,0
17.45000000000002,493,493,426,490,493,0,0,0,0,0,0
17.50000000000002,494,494,402,489,494,0,0,0,0,0,0
17.550000000000022,443,443,359,442,443,0,0,0,0,0,0
17.600000000000023,452,452,372,449,452,0,0,0,0,0,0
17.650000000000023,504,504,372,502,504,0,0,0,0,0,0
17.700000000000024,519,519,377,516,519,0,0,0,0,0,0
17.750000000000025,469,469,340,467,469,0,0,0,0,0,0
17.800000000000026,478,478,343,474,478,0,0,0,0,0,0
17.850000000000026,467,467,332,466,467,0,0,0,0,0,0
17.900000000000027,472,472,325,466,472,0,0,0,0,0,0
17.950000000000028,496,496,335,493,496,0,0,0,0,0,0
18.00000000000003,462,462,282,457,462,0,0,0,0,0,0
18.05000000000003,474,474,294,470,474,0,0,0,0,0,0
18.10000000000003,453,450,261,450,451,0,0,0,0,0,0
18.15000000000003,502,501,302,496,502,0,0,0,0,0,0
18.20000000000003,487,487,270,482,487,0,0,0,0,0,0
18.250000000000032,479,479,251,475,479,0,0,0,0,0,0
18.300000000000033,477,475,260,471,477,0,0,0,0,0,0
18.350000000000033,473,469,207,466,470,0,0,0,0,0,0
18.400000000000034,474,465,220,467,471,0,0,0,0,0,0
18.450000000000035,456,451,185,450,453,0,0,0,0,0,0
18.500000000000036,485,476,197,479,479,0,0,0,0,0,0
18.550000000000036,478,468,171,472,473,0,0,0,0,0,0
18.600000000000037,473,460,172,467,465,0,0,0,0,0,0
18.650000000000038,467,451,143,455,460,0,0,0,0,0,0
18.70000000000004,490,451,149,477,469,0,0,0,0,0,0
18.75000000000004,450,419,128,442,437,0,0,0,0,0,0
18.80000000000004,452,417,119,449,427,0,0,0,0,0,0
18.85000000000004,488,447,103,476,464,0,0,0,0,0,0
18.90000000000004,458,417,95,441,426,0,0,0,0,0,0
18.950000000000042,499,450,100,482,466,0,0,0,0,0,0
19.000000000000043,468,395,87,443,414,0,0,0,0,0,0
19.050000000000043,468,392,90,452,414,0,0,0,0,0,0
19.100000000000044,488,405,84,458,433,0,0,0,0,0,0
19.150000000000045,486,395,76,467,417,0,0,0,0,0,0
19.200000000000045,459,371,66,435,393,0,0,0,0,0,0
19.250000000000046,494,381,61,454,402,0,0,0,0,0,0
19.300000000000047,469,327,43,434,368,0,0,0,0,0,0
19.350000000000048,486,318,36,442,349,0,0,0,0,0,0
19.40000000000005,445,280,40,398,318,0,0,0,0,0,0
19.45000000000005,465,290,41,420,332,0,0,0,0,0,0
19.50000000000005,498,291,31,422,333,0,0,0,0,0,0
19.55000000000005,501,270,32,410,305,0,0,0,0,0,0
19.60000000000005,446,239,26,381,277,0,0,0,0,0,0
19.650000000000052,451,213,23,365,249,0,0,0,0,0,0
19.700000000000053,463,190,16,352,225,0,0,0,0,0,0
19.750000000000053,475,185,14,359,235,0,0,0,0,0,0
19.800000000000054,491,187,10,344,224,0,0,0,0,0,0
19.850000000000055,536,202,15,358,235,0,0,0,0,0,0
19.900000000000055,483,172,12,313,206,0,0,0,0,0,0
19.950000000000056,491,144,11,292,172,0,0,0,0,0,0
20.000000000000057,454,107,8,246,128,0,0,0,0,0,0
20.050000000000058,498,132,10,266,157,0,0,0,0,0,0
20.10000000000006,456,79,6,214,98,0,0,0,0,0,0
20.15000000000006,456,91,6,194,107,0,0,0,0,0,0
20.20000000000006,486,76,1,203,103,0,0,0,0,0,0
20.25000000000006,493,84,7,181,102,0,0,0,0,0,0
20.30000000000006,485,49,2,146,68,0,0,0,0,0,0
20.350000000000062,461,44,0,131,61,0,0,0,0,0,0
20.400000000000063,473,41,3,120,55,0,0,0,0,0,0
20.450000000000063,479,53,2,129,63,0,0,0,0,0,0
20.500000000000064,468,26,4,106,44,0,0,0,0,0,0
20.550000000000065,485,27,0,82,42,0,0,0,0,0,0
20.600000000000065,456,24,1,81,37,0,0,0,0,0,0
20.650000000000066,479,25,0,66,28,0,0,0,0,0,0
20.700000000000067,474,18,0,53,28,0,0,0,0,0,0
20.750000000000068,485,13,0,43,17,0,0,0,0,0,0
20.800000000000068,478,11,0,36,16,0,0,0,0,0,0
20.85000000000007,450,8,1,31,13,0,0,0,0,0,0
20.90000000000007,484,6,1,38,8,0,0,0,0,0,0
20.95000000000007,457,5,0,17,6,0,0,0,0,0,0
21.00000000000007,491,3,0,15,7,0,0,0,0,0,0
21.05000000000007,472,7,1,20,9,0,0,0,0,0,0
21.100000000000072,480,4,0,14,7,0,0,0,0,0,0
21.150000000000073,543,2,0,14,2,0,0,0,0,0,0
21.200000000000074,435,3,1,14,5,0,0,0,0,0,0
21.250000000000075,493,3,1,11,3,0,0,0,0,0,0
21.300000000000075,477,0,0,4,0,0,0,0,0,0,0
21.350000000000076,467,1,0,6,1,0,0,0,0,0,0
21.400000000000077,455,0,0,4,0,0,0,0,0,0,0
21.450000000000077,478,1,0,1,1,0,0,0,0,0,0
21.500000000000078,492,1,0,3,1,0,0,0,0,0,0
21.55000000000008,447,1,1,2,1,0,0,0,0,0,0
21.60000000000008,485,1,0,6,1,0,0,0,0,0,0
21.65000000000008,462,0,0,0,0,0,0,0,0,0,0
21.70000000000008,480,0,0,1,0,0,0,0,0,0,0
21.75000000000008,469,0,0,1,0,0,0,0,0,0,0
21.800000000000082,508,0,0,1,0,0,0,0,0,0,0
21.850000000000083,467,0,0,0,0,0,0,0,0,0,0
21.900000000000084,491,1,0,2,2,0,0,0,0,0,0
21.950000000000085,499,0,0,0,0,0,0,0,0,0,0
22.000000000000085,471,0,0,1,0,0,0,0,0,0,0
22.050000000000086,500,0,0,0,0,0,0,0,0,0,0
22.100000000000087,486,0,0,0,0,0,0,0,0,0,0
22.150000000000087,499,0,0,1,0,0,0,0,0,0,0
22.200000000000088,491,0,0,0,0,0,0,0,0,0,0
22.25000000000009,500,0,0,0,0,0,0,0,0,0,0
22.30000000000009,473,0,0,0,0,0,0,0,0,0,0
22.35000000000009,480,0,0,0,0,0,0,0,0,0,0
22.40000000000009,483,0,0,0,0,0,0,0,0,0,0
22.45000000000009,506,0,0,0,0,0,0,0,0,0,0
22.500000000000092,466,0,0,0,0,0,0,0,0,0,0
22.550000000000093,456,0,0,0,0,0,0,0,0,0,0
22.600000000000094,491,0,0,0,0,0,0,0,0,0,0
22.650000000000095,495,0,0,0,0,0,0,0,0,0,0
22.700000000000095,503,0,0,0,0,0,0,0,0,0,0
22.750000000000096,481,0,0,0,0,0,0,0,0,0,0
22.800000000000097,456,0,0,0,0,0,0,0,0,0,0
22.850000000000097,462,0,0,0,0,0,0,0,0,0,0
22.900000000000098,508,0,0,0,0,0,0,0,0,0,0
22.9500000000001,496,0,0,0,0,0,0,0,0,0,0
23.0000000000001,461,0,0,0,0,0,0,0,0,0,0
23.0500000000001,452,0,0,0,0,0,0,0,0,0,0
23.1000000000001,479,0,0,0,0,0,0,0,0,0,0
23.1500000000001,479,0,0,0,0,0,0,0,0,0,0
23.200000000000102,469,0,0,0,0,0,0,0,0,0,0
23.250000000000103,480,0,0,0,0,0,0,0,0,0,0
23.300000000000104,458,0,0,0,0,0,0,0,0,0,0
23.350000000000104,467,0,0,0,0,0,0,0,0,0,0
23.400000000000105,472,0,0,0,0,0,0,0,0,0,0
23.450000000000106,466,0,0,0,0,0,0,0,0,0,0
23.500000000000107,487,0,0,0,0,0,0,0,0,0,0
23.550000000000107,519,0,0,0,0,0,0,0,0,0,0
23.600000000000108,507,0,0,0,0,0,0,0,0,0,0
23.65000000000011,434,0,0,0,0,0,0,0,0,0,0
23.70000000000011,498,0,0,0,0,0,0,0,0,0,0
23.75000000000011,475,0,0,0,0,0,0,0,0,0,0
23.80000000000011,471,0,0,0,0,0,0,0,0,0,0
23.85000000000011,493,0,0,0,0,0,0,0,0,0,0
23.900000000000112,523,0,0,0,0,0,0,0,0,0,0
23.950000000000113,486,0,0,0,0,0,0,0,0,0,0
24.000000000000114,453,0,0,0,0,0,0,0,0,0,0
24.050000000000114,460,0,0,0,0,0,0,0,0,0,0
24.100000000000115,486,0,0,0,0,0,0,0,0,0,0
24.150000000000116,472,0,0,0,0,0,0,0,0,0,0
24.200000000000117,463,0,0,0,0,0,0,0,0,0,0
24.250000000000117,464,0,0,0,0,0,0,0,0,0,0
24.300000000000118,445,0,0,0,0,0,0,0,0,0,0
24.35000000000012,479,0,0,0,0,0,0,0,0,0,0
24.40000000000012,469,0,0,0,0,0,0,0,0,0,0
24.45000000000012,464,0,0,0,0,0,0,0,0,0,0
24.50000000000012,451,0,0,0,0,0,0,0,0,0,0
24.55000000000012,476,0,0,0,0,0,0,0,0,0,0
24.600000000000122,480,0,0,0,0,0,0,0,0,0,0
24.650000000000123,433,0,0,0,0,0,0,0,0,0,0
24.700000000000124,497,0,0,0,0,0,0,0,0,0,0
24.750000000000124,506,0,0,0,0,0,0,0,0,0,0
24.800000000000125,515,0,0,0,0,0,0,0,0,0,0
24.850000000000126,483,0,0,0,0,0,0,0,0,0,0
24.900000000000126,432,0,0,0,0,0,0,0,0,0,0
24.950000000000127,504,0,0,0,0,0,0,0,0,0,0
25.000000000000128,451,0,0,0,0,0,0,0,0,0,0
25.05000000000013,472,0,0,0,0,0,0,0,0,0,0
25.10000000000013,513,0,0,0,0,0,0,0,0,0,0
25.15000000000013,464,0,0,0,0,0,0,0,0,0,0
25.20000000000013,494,0,0,0,0,0,0,0,0,0,0
25.25000000000013,430,0,0,0,0,0,0,0,0,0,0
25.300000000000132,434,0,0,0,0,0,0,0,0,0,0
25.350000000000133,495,0,0,0,0,0,0,0,0,0,0
25.400000000000134,494,0,0,0,0,0,0,0,0,0,0
25.450000000000134,456,0,0,0,0,0,0,0,0,0,0
25.500000000000135,460,0,0,0,0,0,0,0,0,0,0
25.550000000000136,511,0,0,0,0,0,0,0,0,0,0
25.600000000000136,431,0,0,0,0,0,0,0,0,0,0
25.650000000000137,494,0,0,0,0,0,0,0,0,0,0
25.700000000000138,498,0,0,0,0,0,0,0,0,0,0
25.75000000000014,491,0,0,0,0,0,0,0,0,0,0
25.80000000000014,489,0,0,0,0,0,0,0,0,0,0
25.85000000000014,456,0,0,0,0,0,0,0,0,0,0
25.90000000000014,468,0,0,0,0,0,0,0,0,0,0
25.95000000000014,445,0,0,0,0,0,0,0,0,0,0
26.000000000000142,500,0,0,0,0,0,0,0,0,0,0
26.050000000000143,498,0,0,0,0,0,0,0,0,0,0
26.100000000000144,464,0,0,0,0,0,0,0,0,0,0
26.150000000000144,466,0,0,0,0,0,0,0,0,0,0
26.200000000000145,472,0,0,0,0,0,0,0,0,0,0
26.250000000000146,469,0,0,0,0,0,0,0,0,0,0
26.300000000000146,491,0,0,0,0,0,0,0,0,0,0
26.350000000000147,481,0,0,0,0,0,0,0,0,0,0
26.400000000000148,461,0,0,0,0,0,0,0,0,0,0
26.45000000000015,465,0,0,0,0,0,0,0,0,0,0
26.50000000000015,513,0,0,0,0,0,0,0,0,0,0
26.55000000000015,479,0,0,0,0,0,0,0,0,0,0
26.60000000000015,468,0,0,0,0,0,0,0,0,0,0
26.65000000000015,465,0,0,0,0,0,0,0,0,0,0
26.700000000000152,456,0,0,0,0,0,0,0,0,0,0
26.750000000000153,456,0,0,0,0,0,0,0,0,0,0
26.800000000000153,503,0,0,0,0,0,0,0,0,0,0
26.850000000000154,457,0,0,0,0,0,0,0,0,0,0
26.900000000000155,489,0,0,0,0,0,0,0,0,0,0
26.950000000000156,482,0,0,0,0,0,0,0,0,0,0
27.000000000000156,450,0,0,0,0,0,0,0,0,0,0
27.050000000000157,464,0,0,0,0,0,0,0,0,0,0
27.100000000000158,491,0,0,0,0,0,0,0,0,0,0
27.15000000000016,464,0,0,0,0,0,0,0,0,0,0
27.20000000000016,469,0,0,0,0,0,0,0,0,0,0
27.25000000000016,513,0,0,0,0,0,0,0,0,0,0
27.30000000000016,463,0,0,0,0,0,0,0,0,0,0
27.35000000000016,506,0,0,0,0,0,0,0,0,0,0
27.400000000000162,449,0,0,0,0,0,0,0,0,0,0
27.450000000000163,450,0,0,0,0,0,0,0,0,0,0
27.500000000000163,527,0,0,0,0,0,0,0,0,0,0
27.550000000000164,472,0,0,0,0,0,0,0,0,0,0
27.600000000000165,438,0,0,0,0,0,0,0,0,0,0
27.650000000000166,476,0,0,0,0,0,0,0,0,0,0
27.700000000000166,475,0,0,0,0,0,0,0,0,0,0
27.750000000000167,492,0,0,0,0,0,0,0,0,0,0
27.800000000000168,479,0,0,0,0,0,0,0,0,0,0
27.85000000000017,466,0,0,0,0,0,0,0,0,0,0
27.90000000000017,484,0,0,0,0,0,0,0,0,0,0
27.95000000000017,463,0,0,0,0,0,0,0,0,0,0
28.00000000000017,511,0,0,0,0,0,0,0,0,0,0
28.05000000000017,484,0,0,0,0,0,0,0,0,0,0
28.100000000000172,475,0,0,0,0,0,0,0,0,0,0
28.150000000000173,470,0,0,0,0,0,0,0,0,0,0
28.200000000000173,480,0,0,0,0,0,0,0,0,0,0
28.250000000000174,497,0,0,0,0,0,0,0,0,0,0
28.300000000000175,475,0,0,0,0,0,0,0,0,0,0
28.350000000000176,472,0,0,0,0,0,0,0,0,0,0
28.400000000000176,473,0,0,0,0,0,0,0,0,0,0
28.450000000000177,476,0,0,0,0,0,0,0,0,0,0
28.500000000000178,501,0,0,0,0,0,0,0,0,0,0
28.55000000000018,459,0,0,0,0,0,0,0,0,0,0
28.60000000000018,481,0,0,0,0,0,0,0,0,0,0
28.65000000000018,502,0,0,0,0,0,0,0,0,0,0
28.70000000000018,465,0,0,0,0,0,0,0,0,0,0
28.75000000000018,440,0,0,0,0,0,0,0,0,0,0
28.800000000000182,462,0,0,0,0,0,0,0,0,0,0
28.850000000000183,510,0,0,0,0,0,0,0,0,0,0
28.900000000000183,476,0,0,0,0,0,0,0,0,0,0
28.950000000000184,471,0,0,0,0,0,0,0,0,0,0
29.000000000000185,471,0,0,0,0,0,0,0,0,0,0
29.050000000000185,530,0,0,0,0,0,0,0,0,0,0
29.100000000000186,476,0,0,0,0,0,0,0,0,0,0
29.150000000000187,489,0,0,0,0,0,0,0,0,0,0
29.200000000000188,489,0,0,0,0,0,0,0,0,0,0
29.25000000000019,463,0,0,0,0,0,0,0,0,0,0
29.30000000000019,472,0,0,0,0,0,0,0,0,0,0
29.35000000000019,469,0,0,0,0,0,0,0,0,0,0
29.40000000000019,489,0,0,0,0,0,0,0,0,0,0
29.45000000000019,467,0,0,0,0,0,0,0,0,0,0
29.500000000000192,477,0,0,0,0,0,0,0,0,0,0
29.550000000000193,486,0,0,0,0,0,0,0,0,0,0
29.600000000000193,489,0,0,0,0,0,0,0,0,0,0
29.650000000000194,515,0,0,0,0,0,0,0,0,0,0
29.700000000000195,514,0,0,0,0,0,0,0,0,0,0
29.750000000000195,462,0,0,0,0,0,0,0,0,0,0
29.800000000000196,439,0,0,0,0,0,0,0,0,0,0
29.850000000000197,510,0,0,0,0,0,0,0,0,0,0
29.900000000000198,475,0,0,0,0,0,0,0,0,0,0
29.9500000000002,485,0,0,0,0,0,0,0,0,0,0
30.0000000000002,461,0,0,0,0,0,0,0,0,0,0
30.0500000000002,470,0,0,0,0,0,0,0,0,0,0
30.1000000000002,512,0,0,0,0,0,0,0,0,0,0
30.1500000000002,463,0,0,0,0,0,0,0,0,0,0
30.200000000000202,469,0,0,0,0,0,0,0,0,0,0
30.250000000000203,507,0,0,0,0,0,0,0,0,0,0
30.300000000000203,463,0,0,0,0,0,0,0,0,0,0
30.350000000000204,491,0,0,0,0,0,0,0,0,0,0
30.400000000000205,503,0,0,0,0,0,0,0,0,0,0
30.450000000000205,490,0,0,0,0,0,0,0,0,0,0
30.500000000000206,468,0,0,0,0,0,0,0,0,0,0
30.550000000000207,472,0,0,0,0,0,0,0,0,0,0
30.600000000000207,495,0,0,0,0,0,0,0,0,0,0
30.650000000000208,518,0,0,0,0,0,0,0,0,0,0
30.70000000000021,480,0,0,0,0,0,0,0,0,0,0
30.75000000000021,483,0,0,0,0,0,0,0,0,0,0
30.80000000000021,470,0,0,0,0,0,0,0,0,0,0
30.85000000000021,483,0,0,0,0,0,0,0,0,0,0
30.90000000000021,510,0,0,0,0,0,0,0,0,0,0
30.950000000000212,452,0,0,0,0,0,0,0,0,0,0
31.000000000000213,521,0,0,0,0,0,0,0,0,0,0
31.050000000000214,473,0,0,0,0,0,0,0,0,0,0
31.100000000000215,462,0,0,0,0,0,0,0,0,0,0
31.150000000000215,460,0,0,0,0,0,0,0,0,0,0
31.200000000000216,453,0,0,0,0,0,0,0,0,0,0
31.250000000000217,481,0,0,0,0,0,0,0,0,0,0
31.300000000000217,493,0,0,0,0,0,0,0,0,0,0
31.350000000000218,473,0,0,0,0,0,0,0,0,0,0
31.40000000000022,469,0,0,0,0,0,0,0,0,0,0
31.45000000000022,460,0,0,0,0,0,0,0,0,0,0
31.50000000000022,493,0,0,0,0,0,0,0,0,0,0
31.55000000000022,493,0,0,0,0,0,0,0,0,0,0
31.60000000000022,483,0,0,0,0,0,0,0,0,0,0
31.650000000000222,501,0,0,0,0,0,0,0,0,0,0
31.700000000000223,494,0,0,0,0,0,0,0,0,0,0
31.750000000000224,452,0,0,0,0,0,0,0,0,0,0
31.800000000000225,487,0,0,0,0,0,0,0,0,0,0
31.850000000000225,481,0,0,0,0,0,0,0,0,0,0
31.900000000000226,479,0,0,0,0,0,0,0,0,0,0
31.950000000000227,477,0,0,0,0,0,0,0,0,0,0
32.00000000000023,453,0,0,0,0,0,0,0,0,0,0
32.050000000000225,386,0,0,0,0,0,0,0,0,0,0
32.10000000000022,318,0,0,0,0,0,0,0,0,0,0
32.15000000000022,280,0,0,0,0,0,0,0,0,0,0
32.200000000000216,216,0,0,0,0,0,0,0,0,0,0
32.25000000000021,139,0,0,0,0,0,0,0,0,0,0
32.30000000000021,84,0,0,0,0,0,0,0,0,0,0
32.35000000000021,32,0,0,0,0,0,0,0,0,0,0
32.400000000000205,0,0,0,0,0,0,0,0,0,0,0
32.4500000000002,0,0,0,0,0,0,0,0,0,0,0
32.5000000000002,0,0,0,0,0,0,0,0,0,0,0
32.550000000000196,0,0,0,0,0,0,0,0,0,0,0
32.60000000000019,0,0,0,0,0,0,0,0,0,0,0
32.65000000000019,0,0,0,0,0,0,0,0,0,0,0
32.70000000000019,0,0,0,0,0,0,0,0,0,0,0
32.750000000000185,0,0,0,0,0,0,0,0,0,0,0
32.80000000000018,0,0,0,0,0,0,0,0,0,0,0
32.85000000000018,0,0,0,0,0,0,0,0,0,0,0
32.900000000000176,0,0,0,0,0,0,0,0,0,0,0
32.95000000000017,0,0,0,0,0,0,0,0,0,0,0
33.00000000000017,0,0,0,0,0,0,0,0,0,0,0
33.05000000000017,0,0,0,0,0,0,0,0,0,0,0
33.100000000000165,0,0,0,0,0,0,0,0,0,0,0
33.15000000000016,0,0,0,0,0,0,0,0,0,0,0
33.20000000000016,0,0,0,0,0,0,0,0,0,0,0
33.250000000000156,0,0,0,0,0,0,0,0,0,0,0
33.30000000000015,0,0,0,0,0,0,0,0,0,0,0
33.35000000000015,0,0,0,0,0,0,0,0,0,0,0
33.40000000000015,0,0,0,0,0,0,0,0,0,0,0
33.450000000000145,0,0,0,0,0,0,0,0,0,0,0
33.50000000000014,0,0,0,0,0,0,0,0,0,0,0
33.55000000000014,0,0,0,0,0,0,0,0,0,0,0
33.600000000000136,0,0,0,0,0,0,0,0,0,0,0
33.650000000000134,0,0,0,0,0,0,0,0,0,0,0
33.70000000000013,0,0,0,0,0,0,0,0,0,0,0
33.75000000000013,0,0,0,0,0,0,0,0,0,0,0
33.800000000000125,0,0,0,0,0,0,0,0,0,0,0
33.85000000000012,0,0,0,0,0,0,0,0,0,0,0
33.90000000000012,0,0,0,0,0,0,0,0,0,0,0
33.95000000000012,0,0,0,0,0,0,0,0,0,0,0
34.000000000000114,0,0,0,0,0,0,0,0,0,0,0
34.05000000000011,0,0,0,0,0,0,0,0,0,0,0
34.10000000000011,0,0,0,0,0,0,0,0,0,0,0
34.150000000000105,0,0,0,0,0,0,0,0,0,0,0
34.2000000000001,0,0,0,0,0,0,0,0,0,0,0
34.2500000000001,0,0,0,0,0,0,0,0,0,0,0
34.3000000000001,0,0,0,0,0,0,0,0,0,0,0
34.350000000000094,0,0,0,0,0,0,0,0,0,0,0
34.40000000000009,0,0,0,0,0,0,0,0,0,0,0
34.45000000000009,0,0,0,0,0,0,0,0,0,0,0
34.500000000000085,0,0,0,0,0,0,0,0,0,0,0
34.55000000000008,0,0,0,0,0,0,0,0,0,0,0
34.60000000000008,0,0,0,0,0,0,0,0,0,0,0
34.65000000000008,0,0,0,0,0,0,0,0,0,0,0
34.700000000000074,0,0,0,0,0,0,0,0,0,0,0
34.75000000000007,0,0,0,0,0,0,0,0,0,0,0
34.80000000000007,0,0,0,0,0,0,0,0,0,0,0
34.850000000000065,0,0,0,0,0,0,0,0,0,0,0
34.90000000000006,0,0,0,0,0,0,0,0,0,0,0
34.95000000000006,0,0,0,0,0,0,0,0,0,0,0
35.00000000000006,0,0,0,0,0,0,0,0,0,0,0
35.050000000000054,0,0,0,0,0,0,0,0,0,0,0
35.10000000000005,0,0,0,0,0,0,0,0,0,0,0
35.15000000000005,0,0,0,0,0,0,0,0,0,0,0
35.200000000000045,0,0,0,0,0,0,0,0,0,0,0
35.25000000000004,0,0,0,0,0,0,0,0,0,0,0
35.30000000000004,0,0,0,0,0,0,0,0,0,0,0
35.35000000000004,0,0,0,0,0,0,0,0,0,0,0
35.400000000000034,0,0,0,0,0,0,0,0,0,0,0
35.45000000000003,0,0,0,0,0,0,0,0,0,0,0
35.50000000000003,0,0,0,0,0,0,0,0,0,0,0
35.550000000000026,0,0,0,0,0,0,0,0,0,0,0
35.60000000000002,0,0,0,0,0,0,0,0,0,0,0
35.65000000000002,0,0,0,0,0,0,0,0,0,0,0
35.70000000000002,0,0,0,0,0,0,0,0,0,0,0
35.750000000000014,0,0,0,0,0,0,0,0,0,0,0
35.80000000000001,0,0,0,0,0,0,0,0,0,0,0
35.85000000000001,0,0,0,0,0,0,0,0,0,0,0
35.900000000000006,0,0,0,0,0,0,0,0,0,0,0
35.95,0,0,0,0,0,0,0,0,0,0,0
36.0,0,0,0,0,0,0,0,0,0,0,0
36.05,0,0,0,0,0,0,0,0,0,0,0
36.099999999999994,0,0,0,0,0,0,0,0,0,0,0
36.14999999999999,0,0,0,0,0,0,0,0,0,0,0
36.19999999999999,0,0,0,0,0,0,0,0,0,0,0
36.249999999999986,0,0,0,0,0,0,0,0,0,0,0
36.29999999999998,0,0,0,0,0,0,0,0,0,0,0
36.34999999999998,0,0,0,0,0,0,0,0,0,0,0
36.39999999999998,0,0,0,0,0,0,0,0,0,0,0
36.449999999999974,0,0,0,0,0,0,0,0,0,0,0
36.49999999999997,0,0,0,0,0,0,0,0,0,0,0
36.54999999999997,0,0,0,0,0,0,0,0,0,0,0
36.599999999999966,0,0,0,0,0,0,0,0,0,0,0
36.64999999999996,0,0,0,0,0,0,0,0,0,0,0
36.69999999999996,0,0,0,0,0,0,0,0,0,0,0
36.74999999999996,0,0,0,0,0,0,0,0,0,0,0
36.799999999999955,0,0,0,0,0,0,0,0,0,0,0
36.84999999999995,0,0,0,0,0,0,0,0,0,0,0
36.89999999999995,0,0,0,0,0,0,0,0,0,0,0
36.949999999999946,0,0,0,0,0,0,0,0,0,0,0
36.99999999999994,0,0,0,0,0,0,0,0,0,0,0
37.04999999999994,0,0,0,0,0,0,0,0,0,0,0
37.09999999999994,0,0,0,0,0,0,0,0,0,0,0
37.149999999999935,0,0,0,0,0,0,0,0,0,0,0
37.19999999999993,0,0,0,0,0,0,0,0,0,0,0
37.24999999999993,0,0,0,0,0,0,0,0,0,0,0
37.299999999999926,0,0,0,0,0,0,0,0,0,0,0
37.34999999999992,0,0,0,0,0,0,0,0,0,0,0
37.39999999999992,0,0,0,0,0,0,0,0,0,0,0
37.44999999999992,0,0,0,0,0,0,0,0,0,0,0
37.499999999999915,0,0,0,0,0,0,0,0,0,0,0
37.54999999999991,0,0,0,0,0,0,0,0,0,0,0
37.59999999999991,0,0,0,0,0,0,0,0,0,0,0
37.649999999999906,0,0,0,0,0,0,0,0,0,0,0
37.6999999999999,0,0,0,0,0,0,0,0,0,0,0
37.7499999999999,0,0,0,0,0,0,0,0,0,0,0
37.7999999999999,0,0,0,0,0,0,0,0,0,0,0
37.849999999999895,0,0,0,0,0,0,0,0,0,0,0
37.89999999999989,0,0,0,0,0,0,0,0,0,0,0
37.94999999999989,0,0,0,0,0,0,0,0,0,0,0
37.999999999999886,0,0,0,0,0,0,0,0,0,0,0
38.04999999999988,0,0,0,0,0,0,0,0,0,0,0
38.09999999999988,0,0,0,0,0,0,0,0,0,0,0
38.14999999999988,0,0,0,0,0,0,0,0,0,0,0
38.199999999999875,0,0,0,0,0,0,0,0,0,0,0
38.24999999999987,0,0,0,0,0,0,0,0,0,0,0
38.29999999999987,0,0,0,0,0,0,0,0,0,0,0
38.349999999999866,0,0,0,0,0,0,0,0,0,0,0
38.399999999999864,0,0,0,0,0,0,0,0,0,0,0
38.44999999999986,0,0,0,0,0,0,0,0,0,0,0
38.49999999999986,0,0,0,0,0,0,0,0,0,0,0
38.549999999999855,0,0,0,0,0,0,0,0,0,0,0
38.59999999999985,0,0,0,0,0,0,0,0,0,0,0
38.64999999999985,0,0,0,0,0,0,0,0,0,0,0
38.69999999999985,0,0,0,0,0,0,0,0,0,0,0
38.749999999999844,0,0,0,0,0,0,0,0,0,0,0
38.79999999999984,0,0,0,0,0,0,0,0,0,0,0
38.84999999999984,0,0,0,0,0,0,0,0,0,0,0
38.899999999999835,0,0,0,0,0,0,0,0,0,0,0
38.94999999999983,0,0,0,0,0,0,0,0,0,0,0
38.99999999999983,0,0,0,0,0,0,0,0,0,0,0
39.04999999999983,0,0,0,0,0,0,0,0,0,0,0
39.099999999999824,0,0,0,0,0,0,0,0,0,0,0
39.14999999999982,0,0,0,0,0,0,0,0,0,0,0
39.19999999999982,0,0,0,0,0,0,0,0,0,0,0
39.249999999999815,0,0,0,0,0,0,0,0,0,0,0
39.29999999999981,0,0,0,0,0,0,0,0,0,0,0
39.34999999999981,0,0,0,0,0,0,0,0,0,0,0
39.39999999999981,0,0,0,0,0,0,0,0,0,0,0
39.449999999999804,0,0,0,0,0,0,0,0,0,0,0
39.4999999999998,0,0,0,0,0,0,0,0,0,0,0
39.5499999999998,0,0,0,0,0,0,0,0,0,0,0
39.599999999999795,0,0,0,0,0,0,0,0,0,0,0
39.64999999999979,0,0,0,0,0,0,0,0,0,0,0
39.69999999999979,0,0,0,0,0,0,0,0,0,0,0
39.74999999999979,0,0,0,0,0,0,0,0,0,0,0
39.799999999999784,0,0,0,0,0,0,0,0,0,0,0
39.84999999999978,0,0,0,0,0,0,0,0,0,0,0
39.89999999999978,0,0,0,0,0,0,0,0,0,0,0
39.949999999999775,0,0,0,0,0,0,0,0,0,0,0
39.99999999999977,0,0,0,0,0,0,0,0,0,0,0
40.04999999999977,0,0,0,0,0,0,0,0,0,0,0
40.09999999999977,0,0,0,0,0,0,0,0,0,0,0
40.149999999999764,0,0,0,0,0,0,0,0,0,0,0
40.19999999999976,0,0,0,0,0,0,0,0,0,0,0
40.24999999999976,0,0,0,0,0,0,0,0,0,0,0
40.299999999999756,0,0,0,0,0,0,0,0,0,0,0
40.34999999999975,0,0,0,0,0,0,0,0,0,0,0
40.39999999999975,0,0,0,0,0,0,0,0,0,0,0
40.44999999999975,0,0,0,0,0,0,0,0,0,0,0
40.499999999999744,0,0,0,0,0,0,0,0,0,0,0
40.54999999999974,0,0,0,0,0,0,0,0,0,0,0
40.59999999999974,0,0,0,0,0,0,0,0,0,0,0
40.649999999999736,0,0,0,0,0,0,0,0,0,0,0
40.69999999999973,0,0,0,0,0,0,0,0,0,0,0
40.74999999999973,0,0,0,0,0,0,0,0,0,0,0
40.79999999999973,0,0,0,0,0,0,0,0,0,0,0
40.849999999999724,0,0,0,0,0,0,0,0,0,0,0
40.89999999999972,0,0,0,0,0,0,0,0,0,0,0
40.94999999999972,0,0,0,0,0,0,0,0,0,0,0
40.999999999999716,0,0,0,0,0,0,0,0,0,0,0
41.04999999999971,0,0,0,0,0,0,0,0,0,0,0
41.09999999999971,0,0,0,0,0,0,0,0,0,0,0
41.14999999999971,0,0,0,0,0,0,0,0,0,0,0
41.199999999999704,0,0,0,0,0,0,0,0,0,0,0
41.2499999999997,0,0,0,0,0,0,0,0,0,0,0
41.2999999999997,0,0,0,0,0,0,0,0,0,0,0
41.349999999999696,0,0,0,0,0,0,0,0,0,0,0
41.39999999999969,0,0,0,0,0,0,0,0,0,0,0
41.44999999999969,0,0,0,0,0,0,0,0,0,0,0
41.49999999999969,0,0,0,0,0,0,0,0,0,0,0
41.549999999999685,0,0,0,0,0,0,0,0,0,0,0
*****
16,0.05,500,0.3,0.7,10,100,0.39276599448899996,0.0853672733114
16,500,500,500,498,500,0,0,0,0,0,0
16.05,477,477,477,476,477,0,0,0,0,0,0
16.1,522,522,522,522,522,0,0,0,0,0,0
16.150000000000002,515,515,515,514,515,0,0,0,0,0,0
16.200000000000003,511,511,511,509,511,0,0,0,0,0,0
16.250000000000004,509,509,509,506,509,0,0,0,0,0,0
16.300000000000004,525,525,525,524,525,0,0,0,0,0,0
16.350000000000005,503,503,503,501,503,0,0,0,0,0,0
16.400000000000006,501,501,501,496,501,0,0,0,0,0,0
16.450000000000006,537,537,537,536,537,0,0,0,0,0,0
16.500000000000007,497,497,497,495,497,0,0,0,0,0,0
16.550000000000008,478,478,478,478,478,0,0,0,0,0,0
16.60000000000001,500,500,500,496,500,0,0,0,0,0,0
16.65000000000001,496,496,496,493,496,0,0,0,0,0,0
16.70000000000001,494,494,494,492,494,0,0,0,0,0,0
16.75000000000001,503,503,503,499,503,0,0,0,0,0,0
16.80000000000001,506,506,506,500,506,0,0,0,0,0,0
16.850000000000012,513,513,513,507,513,0,0,0,0,0,0
16.900000000000013,545,545,545,535,545,0,0,0,0,0,0
16.950000000000014,485,485,485,477,485,0,0,0,0,0,0
17.000000000000014,506,506,506,498,506,0,0,0,0,0,0
17.050000000000015,496,496,496,490,496,0,0,0,0,0,0
17.100000000000016,494,494,493,487,494,0,0,0,0,0,0
17.150000000000016,497,497,497,485,497,0,0,0,0,0,0
17.200000000000017,538,538,538,528,538,0,0,0,0,0,0
17.250000000000018,524,524,524,513,524,0,0,0,0,0,0
17.30000000000002,500,500,499,491,500,0,0,0,0,0,0
17.35000000000002,485,484,485,475,485,0,0,0,0,0,0
17.40000000000002,483,483,482,476,483,0,0,0,0,0,0
17.45000000000002,500,498,497,477,499,0,0,0,0,0,0
17.50000000000002,513,513,511,503,513,0,0,0,0,0,0
17.550000000000022,531,531,531,513,531,0,0,0,0,0,0
17.600000000000023,522,522,522,499,522,0,0,0,0,0,0
17.650000000000023,458,456,456,442,456,0,0,0,0,0,0
17.700000000000024,497,491,493,482,494,0,0,0,0,0,0
17.750000000000025,505,503,503,490,505,0,0,0,0,0,0
17.800000000000026,532,526,525,505,528,0,0,0,0,0,0
17.850000000000026,501,499,497,480,500,0,0,0,0,0,0
17.900000000000027,544,537,535,512,540,0,0,0,0,0,0
17.950000000000028,463,461,459,441,461,0,0,0,0,0,0
18.00000000000003,481,470,472,452,477,0,0,0,0,0,0
18.05000000000003,484,468,468,454,474,0,0,0,0,0,0
18.10000000000003,479,469,467,445,472,0,0,0,0,0,0
18.15000000000003,527,519,516,505,523,0,0,0,0,0,0
18.20000000000003,510,493,497,472,503,0,0,0,0,0,0
18.250000000000032,510,486,491,468,499,0,0,0,0,0,0
18.300000000000033,550,538,531,517,545,0,0,0,0,0,0
18.350000000000033,457,428,431,421,443,0,0,0,0,0,0
18.400000000000034,485,451,451,440,467,0,0,0,0,0,0
18.450000000000035,495,460,465,441,476,0,0,0,0,0,0
18.500000000000036,510,466,466,465,485,0,0,0,0,0,0
18.550000000000036,527,469,471,463,487,0,0,0,0,0,0
18.600000000000037,469,425,427,410,443,0,0,0,0,0,0
18.650000000000038,492,434,437,435,456,0,0,0,0,0,0
18.70000000000004,492,427,426,431,449,0,0,0,0,0,0
18.75000000000004,521,446,443,457,474,0,0,0,0,0,0
18.80000000000004,516,443,441,443,470,0,0,0,0,0,0
18.85000000000004,536,448,442,462,482,0,0,0,0,0,0
18.90000000000004,497,400,396,415,420,0,0,0,0,0,0
18.950000000000042,498,392,391,403,419,0,0,0,0,0,0
19.000000000000043,471,371,367,373,403,0,0,0,0,0,0
19.050000000000043,474,348,347,384,382,0,0,0,0,0,0
19.100000000000044,499,374,380,396,408,0,0,0,0,0,0
19.150000000000045,508,377,379,401,412,0,0,0,0,0,0
19.200000000000045,477,312,324,358,351,0,0,0,0,0,0
19.250000000000046,552,371,367,411,418,0,0,0,0,0,0
19.300000000000047,517,332,337,380,376,0,0,0,0,0,0
19.350000000000048,543,342,339,399,382,0,0,0,0,0,0
19.40000000000005,518,289,295,343,339,0,0,0,0,0,0
19.45000000000005,469,265,262,304,292,0,0,0,0,0,0
19.50000000000005,453,260,260,303,289,0,0,0,0,0,0
19.55000000000005,499,287,277,325,319,0,0,0,0,0,0
19.60000000000005,478,232,235,282,276,0,0,0,0,0,0
19.650000000000052,551,241,249,311,297,0,0,0,0,0,0
19.700000000000053,502,225,221,273,266,0,0,0,0,0,0
19.750000000000053,539,228,235,310,267,0,0,0,0,0,0
19.800000000000054,522,210,210,261,247,0,0,0,0,0,0
19.850000000000055,506,176,181,238,220,0,0,0,0,0,0
19.900000000000055,493,176,167,224,212,0,0,0,0,0,0
19.950000000000056,470,144,154,202,169,0,0,0,0,0,0
20.000000000000057,498,138,145,189,168,0,0,0,0,0,0
20.050000000000058,480,136,140,186,180,0,0,0,0,0,0
20.10000000000006,479,138,145,194,179,0,0,0,0,0,0
20.15000000000006,526,136,139,193,162,0,0,0,0,0,0
20.20000000000006,500,114,115,165,143,0,0,0,0,0,0
20.25000000000006,531,112,118,154,144,0,0,0,0,0,0
20.30000000000006,538,112,111,161,137,0,0,0,0,0,0
20.350000000000062,462,77,84,131,115,0,0,0,0,0,0
20.400000000000063,501,73,73,125,87,0,0,0,0,0,0
20.450000000000063,495,61,64,97,77,0,0,0,0,0,0
20.500000000000064,488,69,70,105,86,0,0,0,0,0,0
20.550000000000065,511,62,56,111,81,0,0,0,0,0,0
20.600000000000065,544,60,69,100,87,0,0,0,0,0,0
20.650000000000066,504,43,45,83,60,0,0,0,0,0,0
20.700000000000067,500,48,45,80,60,0,0,0,0,0,0
20.750000000000068,463,48,44,67,61,0,0,0,0,0,0
20.800000000000068,489,35,35,61,52,0,0,0,0,0,0
20.85000000000007,480,37,33,55,44,0,0,0,0,0,0
20.90000000000007,529,31,31,53,43,0,0,0,0,0,0
20.95000000000007,521,20,23,38,29,0,0,0,0,0,0
21.00000000000007,512,25,24,36,33,0,0,0,0,0,0
21.05000000000007,532,24,21,38,31,0,0,0,0,0,0
21.100000000000072,499,13,11,21,15,0,0,0,0,0,0
21.150000000000073,501,12,12,24,19,0,0,0,0,0,0
21.200000000000074,497,5,5,13,11,0,0,0,0,0,0
21.250000000000075,505,9,11,20,14,0,0,0,0,0,0
21.300000000000075,530,12,7,18,12,0,0,0,0,0,0
21.350000000000076,475,7,7,13,10,0,0,0,0,0,0
21.400000000000077,509,10,9,15,13,0,0,0,0,0,0
21.450000000000077,521,6,6,12,7,0,0,0,0,0,0
21.500000000000078,484,0,0,2,0,0,0,0,0,0,0
21.55000000000008,491,2,1,8,3,0,0,0,0,0,0
21.60000000000008,493,0,0,5,1,0,0,0,0,0,0
21.65000000000008,516,2,2,1,2,0,0,0,0,0,0
21.70000000000008,500,2,1,5,2,0,0,0,0,0,0
21.75000000000008,508,1,1,2,1,0,0,0,0,0,0
21.800000000000082,538,3,2,4,4,0,0,0,0,0,0
21.850000000000083,507,0,0,2,0,0,0,0,0,0,0
21.900000000000084,487,2,4,4,4,0,0,0,0,0,0
21.950000000000085,488,0,0,0,0,0,0,0,0,0,0
22.000000000000085,539,0,0,0,0,0,0,0,0,0,0
22.050000000000086,504,0,0,1,0,0,0,0,0,0,0
22.100000000000087,508,0,0,1,0,0,0,0,0,0,0
22.150000000000087,487,0,0,1,0,0,0,0,0,0,0
22.200000000000088,490,1,1,1,1,0,0,0,0,0,0
22.25000000000009,499,1,0,3,2,0,0,0,0,0,0
22.30000000000009,520,0,0,1,0,0,0,0,0,0,0
22.35000000000009,545,0,0,0,0,0,0,0,0,0,0
22.40000000000009,477,0,0,0,0,0,0,0,0,0,0
22.45000000000009,493,0,0,0,0,0,0,0,0,0,0
22.500000000000092,483,0,0,0,0,0,0,0,0,0,0
22.550000000000093,494,0,0,0,0,0,0,0,0,0,0
22.600000000000094,555,0,0,0,0,0,0,0,0,0,0
22.650000000000095,536,0,0,0,0,0,0,0,0,0,0
22.700000000000095,484,0,0,0,0,0,0,0,0,0,0
22.750000000000096,491,0,0,0,0,0,0,0,0,0,0
22.800000000000097,486,0,0,0,0,0,0,0,0,0,0
22.850000000000097,483,0,0,0,0,0,0,0,0,0,0
22.900000000000098,517,0,0,0,0,0,0,0,0,0,0
22.9500000000001,528,0,0,0,0,0,0,0,0,0,0
23.0000000000001,521,0,0,0,0,0,0,0,0,0,0
23.0500000000001,486,0,0,0,0,0,0,0,0,0,0
23.1000000000001,529,0,0,0,0,0,0,0,0,0,0
23.1500000000001,494,0,0,0,0,0,0,0,0,0,0
23.200000000000102,459,0,0,0,0,0,0,0,0,0,0
23.250000000000103,512,0,0,0,0,0,0,0,0,0,0
23.300000000000104,500,0,0,0,0,0,0,0,0,0,0
23.350000000000104,493,0,0,0,0,0,0,0,0,0,0
23.400000000000105,490,0,0,0,0,0,0,0,0,0,0
23.450000000000106,496,0,0,0,0,0,0,0,0,0,0
23.500000000000107,490,0,0,0,0,0,0,0,0,0,0
23.550000000000107,518,0,0,0,0,0,0,0,0,0,0
23.600000000000108,574,0,0,0,0,0,0,0,0,0,0
23.65000000000011,521,0,0,0,0,0,0,0,0,0,0
23.70000000000011,471,0,0,0,0,0,0,0,0,0,0
23.75000000000011,507,0,0,0,0,0,0,0,0,0,0
23.80000000000011,492,0,0,0,0,0,0,0,0,0,0
23.85000000000011,464,0,0,0,0,0,0,0,0,0,0
23.900000000000112,487,0,0,0,0,0,0,0,0,0,0
23.950000000000113,516,0,0,0,0,0,0,0,0,0,0
24.000000000000114,559,0,0,0,0,0,0,0,0,0,0
24.050000000000114,498,0,0,0,0,0,0,0,0,0,0
24.100000000000115,505,0,0,0,0,0,0,0,0,0,0
24.150000000000116,517,0,0,0,0,0,0,0,0,0,0
24.200000000000117,507,0,0,0,0,0,0,0,0,0,0
24.250000000000117,551,0,0,0,0,0,0,0,0,0,0
24.300000000000118,485,0,0,0,0,0,0,0,0,0,0
24.35000000000012,484,0,0,0,0,0,0,0,0,0,0
24.40000000000012,474,0,0,0,0,0,0,0,0,0,0
24.45000000000012,536,0,0,0,0,0,0,0,0,0,0
24.50000000000012,480,0,0,0,0,0,0,0,0,0,0
24.55000000000012,508,0,0,0,0,0,0,0,0,0,0
24.600000000000122,482,0,0,0,0,0,0,0,0,0,0
24.650000000000123,537,0,0,0,0,0,0,0,0,0,0
24.700000000000124,513,0,0,0,0,0,0,0,0,0,0
24.750000000000124,488,0,0,0,0,0,0,0,0,0,0
24.800000000000125,506,0,0,0,0,0,0,0,0,0,0
24.850000000000126,481,0,0,0,0,0,0,0,0,0,0
24.900000000000126,516,0,0,0,0,0,0,0,0,0,0
24.950000000000127,462,0,0,0,0,0,0,0,0,0,0
25.000000000000128,529,0,0,0,0,0,0,0,0,0,0
25.05000000000013,538,0,0,0,0,0,0,0,0,0,0
25.10000000000013,499,0,0,0,0,0,0,0,0,0,0
25.15000000000013,539,0,0,0,0,0,0,0,0,0,0
25.20000000000013,498,0,0,0,0,0,0,0,0,0,0
25.25000000000013,495,0,0,0,0,0,0,0,0,0,0
25.300000000000132,482,0,0,0,0,0,0,0,0,0,0
25.350000000000133,486,0,0,0,0,0,0,0,0,0,0
25.400000000000134,506,0,0,0,0,0,0,0,0,0,0
25.450000000000134,492,0,0,0,0,0,0,0,0,0,0
25.500000000000135,470,0,0,0,0,0,0,0,0,0,0
25.550000000000136,555,0,0,0,0,0,0,0,0,0,0
25.600000000000136,482,0,0,0,0,0,0,0,0,0,0
25.650000000000137,529,0,0,0,0,0,0,0,0,0,0
25.700000000000138,487,0,0,0,0,0,0,0,0,0,0
25.75000000000014,502,0,0,0,0,0,0,0,0,0,0
25.80000000000014,501,0,0,0,0,0,0,0,0,0,0
25.85000000000014,512,0,0,0,0,0,0,0,0,0,0
25.90000000000014,516,0,0,0,0,0,0,0,0,0,0
25.95000000000014,473,0,0,0,0,0,0,0,0,0,0
26.000000000000142,500,0,0,0,0,0,0,0,0,0,0
26.050000000000143,505,0,0,0,0,0,0,0,0,0,0
26.100000000000144,494,0,0,0,0,0,0,0,0,0,0
26.150000000000144,522,0,0,0,0,0,0,0,0,0,0
26.200000000000145,525,0,0,0,0,0,0,0,0,0,0
26.250000000000146,520,0,0,0,0,0,0,0,0,0,0
26.300000000000146,482,0,0,0,0,0,0,0,0,0,0
26.350000000000147,478,0,0,0,0,0,0,0,0,0,0
26.400000000000148,488,0,0,0,0,0,0,0,0,0,0
26.45000000000015,477,0,0,0,0,0,0,0,0,0,0
26.50000000000015,526,0,0,0,0,0,0,0,0,0,0
26.55000000000015,539,0,0,0,0,0,0,0,0,0,0
26.60000000000015,520,0,0,0,0,0,0,0,0,0,0
26.65000000000015,510,0,0,0,0,0,0,0,0,0,0
26.700000000000152,508,0,0,0,0,0,0,0,0,0,0
26.750000000000153,488,0,0,0,0,0,0,0,0,0,0
26.800000000000153,478,0,0,0,0,0,0,0,0,0,0
26.850000000000154,485,0,0,0,0,0,0,0,0,0,0
26.900000000000155,486,0,0,0,0,0,0,0,0,0,0
26.950000000000156,544,0,0,0,0,0,0,0,0,0,0
27.000000000000156,507,0,0,0,0,0,0,0,0,0,0
27.050000000000157,484,0,0,0,0,0,0,0,0,0,0
27.100000000000158,527,0,0,0,0,0,0,0,0,0,0
27.15000000000016,524,0,0,0,0,0,0,0,0,0,0
27.20000000000016,497,0,0,0,0,0,0,0,0,0,0
27.25000000000016,495,0,0,0,0,0,0,0,0,0,0
27.30000000000016,527,0,0,0,0,0,0,0,0,0,0
27.35000000000016,503,0,0,0,0,0,0,0,0,0,0
27.400000000000162,493,0,0,0,0,0,0,0,0,0,0
27.450000000000163,477,0,0,0,0,0,0,0,0,0,0
27.500000000000163,492,0,0,0,0,0,0,0,0,0,0
27.550000000000164,539,0,0,0,0,0,0,0,0,0,0
27.600000000000165,474,0,0,0,0,0,0,0,0,0,0
27.650000000000166,518,0,0,0,0,0,0,0,0,0,0
27.700000000000166,513,0,0,0,0,0,0,0,0,0,0
27.750000000000167,521,0,0,0,0,0,0,0,0,0,0
27.800000000000168,489,0,0,0,0,0,0,0,0,0,0
27.85000000000017,505,0,0,0,0,0,0,0,0,0,0
27.90000000000017,507,0,0,0,0,0,0,0,0,0,0
27.95000000000017,516,0,0,0,0,0,0,0,0,0,0
28.00000000000017,478,0,0,0,0,0,0,0,0,0,0
28.05000000000017,472,0,0,0,0,0,0,0,0,0,0
28.100000000000172,545,0,0,0,0,0,0,0,0,0,0
28.150000000000173,510,0,0,0,0,0,0,0,0,0,0
28.200000000000173,532,0,0,0,0,0,0,0,0,0,0
28.250000000000174,484,0,0,0,0,0,0,0,0,0,0
28.300000000000175,524,0,0,0,0,0,0,0,0,0,0
28.350000000000176,515,0,0,0,0,0,0,0,0,0,0
28.400000000000176,507,0,0,0,0,0,0,0,0,0,0
28.450000000000177,514,0,0,0,0,0,0,0,0,0,0
28.500000000000178,487,0,0,0,0,0,0,0,0,0,0
28.55000000000018,487,0,0,0,0,0,0,0,0,0,0
28.60000000000018,506,0,0,0,0,0,0,0,0,0,0
28.65000000000018,477,0,0,0,0,0,0,0,0,0,0
28.70000000000018,519,0,0,0,0,0,0,0,0,0,0
28.75000000000018,516,0,0,0,0,0,0,0,0,0,0
28.800000000000182,542,0,0,0,0,0,0,0,0,0,0
28.850000000000183,518,0,0,0,0,0,0,0,0,0,0
28.900000000000183,475,0,0,0,0,0,0,0,0,0,0
28.950000000000184,477,0,0,0,0,0,0,0,0,0,0
29.000000000000185,504,0,0,0,0,0,0,0,0,0,0
29.050000000000185,494,0,0,0,0,0,0,0,0,0,0
29.100000000000186,535,0,0,0,0,0,0,0,0,0,0
29.150000000000187,502,0,0,0,0,0,0,0,0,0,0
29.200000000000188,469,0,0,0,0,0,0,0,0,0,0
29.25000000000019,505,0,0,0,0,0,0,0,0,0,0
29.30000000000019,561,0,0,0,0,0,0,0,0,0,0
29.35000000000019,484,0,0,0,0,0,0,0,0,0,0
29.40000000000019,467,0,0,0,0,0,0,0,0,0,0
29.45000000000019,490,0,0,0,0,0,0,0,0,0,0
29.500000000000192,514,0,0,0,0,0,0,0,0,0,0
29.550000000000193,519,0,0,0,0,0,0,0,0,0,0
29.600000000000193,523,0,0,0,0,0,0,0,0,0,0
29.650000000000194,494,0,0,0,0,0,0,0,0,0,0
29.700000000000195,493,0,0,0,0,0,0,0,0,0,0
29.750000000000195,512,0,0,0,0,0,0,0,0,0,0
29.800000000000196,538,0,0,0,0,0,0,0,0,0,0
29.850000000000197,476,0,0,0,0,0,0,0,0,0,0
29.900000000000198,498,0,0,0,0,0,0,0,0,0,0
29.9500000000002,532,0,0,0,0,0,0,0,0,0,0
30.0000000000002,487,0,0,0,0,0,0,0,0,0,0
30.0500000000002,483,0,0,0,0,0,0,0,0,0,0
30.1000000000002,478,0,0,0,0,0,0,0,0,0,0
30.1500000000002,501,0,0,0,0,0,0,0,0,0,0
30.200000000000202,528,0,0,0,0,0,0,0,0,0,0
30.250000000000203,521,0,0,0,0,0,0,0,0,0,0
30.300000000000203,473,0,0,0,0,0,0,0,0,0,0
30.350000000000204,543,0,0,0,0,0,0,0,0,0,0
30.400000000000205,474,0,0,0,0,0,0,0,0,0,0
30.450000000000205,505,0,0,0,0,0,0,0,0,0,0
30.500000000000206,535,0,0,0,0,0,0,0,0,0,0
30.550000000000207,502,0,0,0,0,0,0,0,0,0,0
30.600000000000207,495,0,0,0,0,0,0,0,0,0,0
30.650000000000208,503,0,0,0,0,0,0,0,0,0,0
30.70000000000021,512,0,0,0,0,0,0,0,0,0,0
30.75000000000021,524,0,0,0,0,0,0,0,0,0,0
30.80000000000021,494,0,0,0,0,0,0,0,0,0,0
30.85000000000021,484,0,0,0,0,0,0,0,0,0,0
30.90000000000021,507,0,0,0,0,0,0,0,0,0,0
30.950000000000212,511,0,0,0,0,0,0,0,0,0,0
31.000000000000213,476,0,0,0,0,0,0,0,0,0,0
31.050000000000214,517,0,0,0,0,0,0,0,0,0,0
31.100000000000215,522,0,0,0,0,0,0,0,0,0,0
31.150000000000215,506,0,0,0,0,0,0,0,0,0,0
31.200000000000216,491,0,0,0,0,0,0,0,0,0,0
31.250000000000217,524,0,0,0,0,0,0,0,0,0,0
31.300000000000217,538,0,0,0,0,0,0,0,0,0,0
31.350000000000218,483,0,0,0,0,0,0,0,0,0,0
31.40000000000022,493,0,0,0,0,0,0,0,0,0,0
31.45000000000022,528,0,0,0,0,0,0,0,0,0,0
31.50000000000022,488,0,0,0,0,0,0,0,0,0,0
31.55000000000022,548,0,0,0,0,0,0,0,0,0,0
31.60000000000022,475,0,0,0,0,0,0,0,0,0,0
31.650000000000222,499,0,0,0,0,0,0,0,0,0,0
31.700000000000223,506,0,0,0,0,0,0,0,0,0,0
31.750000000000224,493,0,0,0,0,0,0,0,0,0,0
31.800000000000225,489,0,0,0,0,0,0,0,0,0,0
31.850000000000225,506,0,0,0,0,0,0,0,0,0,0
31.900000000000226,550,0,0,0,0,0,0,0,0,0,0
31.950000000000227,497,0,0,0,0,0,0,0,0,0,0
32.00000000000023,521,0,0,0,0,0,0,0,0,0,0
32.050000000000225,502,0,0,0,0,0,0,0,0,0,0
32.10000000000022,489,0,0,0,0,0,0,0,0,0,0
32.15000000000022,502,0,0,0,0,0,0,0,0,0,0
32.200000000000216,485,0,0,0,0,0,0,0,0,0,0
32.25000000000021,501,0,0,0,0,0,0,0,0,0,0
32.30000000000021,478,0,0,0,0,0,0,0,0,0,0
32.35000000000021,395,0,0,0,0,0,0,0,0,0,0
32.400000000000205,349,0,0,0,0,0,0,0,0,0,0
32.4500000000002,292,0,0,0,0,0,0,0,0,0,0
32.5000000000002,241,0,0,0,0,0,0,0,0,0,0
32.550000000000196,146,0,0,0,0,0,0,0,0,0,0
32.60000000000019,106,0,0,0,0,0,0,0,0,0,0
32.65000000000019,33,0,0,0,0,0,0,0,0,0,0
32.70000000000019,0,0,0,0,0,0,0,0,0,0,0
32.750000000000185,0,0,0,0,0,0,0,0,0,0,0
32.80000000000018,0,0,0,0,0,0,0,0,0,0,0
32.85000000000018,0,0,0,0,0,0,0,0,0,0,0
32.900000000000176,0,0,0,0,0,0,0,0,0,0,0
32.95000000000017,0,0,0,0,0,0,0,0,0,0,0
33.00000000000017,0,0,0,0,0,0,0,0,0,0,0
33.05000000000017,0,0,0,0,0,0,0,0,0,0,0
33.100000000000165,0,0,0,0,0,0,0,0,0,0,0
33.15000000000016,0,0,0,0,0,0,0,0,0,0,0
33.20000000000016,0,0,0,0,0,0,0,0,0,0,0
33.250000000000156,0,0,0,0,0,0,0,0,0,0,0
33.30000000000015,0,0,0,0,0,0,0,0,0,0,0
33.35000000000015,0,0,0,0,0,0,0,0,0,0,0
33.40000000000015,0,0,0,0,0,0,0,0,0,0,0
33.450000000000145,0,0,0,0,0,0,0,0,0,0,0
33.50000000000014,0,0,0,0,0,0,0,0,0,0,0
33.55000000000014,0,0,0,0,0,0,0,0,0,0,0
33.600000000000136,0,0,0,0,0,0,0,0,0,0,0
33.650000000000134,0,0,0,0,0,0,0,0,0,0,0
33.70000000000013,0,0,0,0,0,0,0,0,0,0,0
33.75000000000013,0,0,0,0,0,0,0,0,0,0,0
33.800000000000125,0,0,0,0,0,0,0,0,0,0,0
33.85000000000012,0,0,0,0,0,0,0,0,0,0,0
33.90000000000012,0,0,0,0,0,0,0,0,0,0,0
33.95000000000012,0,0,0,0,0,0,0,0,0,0,0
34.000000000000114,0,0,0,0,0,0,0,0,0,0,0
34.05000000000011,0,0,0,0,0,0,0,0,0,0,0
34.10000000000011,0,0,0,0,0,0,0,0,0,0,0
34.150000000000105,0,0,0,0,0,0,0,0,0,0,0
34.2000000000001,0,0,0,0,0,0,0,0,0,0,0
34.2500000000001,0,0,0,0,0,0,0,0,0,0,0
34.3000000000001,0,0,0,0,0,0,0,0,0,0,0
34.350000000000094,0,0,0,0,0,0,0,0,0,0,0
34.40000000000009,0,0,0,0,0,0,0,0,0,0,0
34.45000000000009,0,0,0,0,0,0,0,0,0,0,0
34.500000000000085,0,0,0,0,0,0,0,0,0,0,0
34.55000000000008,0,0,0,0,0,0,0,0,0,0,0
34.60000000000008,0,0,0,0,0,0,0,0,0,0,0
34.65000000000008,0,0,0,0,0,0,0,0,0,0,0
34.700000000000074,0,0,0,0,0,0,0,0,0,0,0
34.75000000000007,0,0,0,0,0,0,0,0,0,0,0
34.80000000000007,0,0,0,0,0,0,0,0,0,0,0
34.850000000000065,0,0,0,0,0,0,0,0,0,0,0
34.90000000000006,0,0,0,0,0,0,0,0,0,0,0
34.95000000000006,0,0,0,0,0,0,0,0,0,0,0
35.00000000000006,0,0,0,0,0,0,0,0,0,0,0
35.050000000000054,0,0,0,0,0,0,0,0,0,0,0
35.10000000000005,0,0,0,0,0,0,0,0,0,0,0
35.15000000000005,0,0,0,0,0,0,0,0,0,0,0
35.200000000000045,0,0,0,0,0,0,0,0,0,0,0
35.25000000000004,0,0,0,0,0,0,0,0,0,0,0
35.30000000000004,0,0,0,0,0,0,0,0,0,0,0
35.35000000000004,0,0,0,0,0,0,0,0,0,0,0
35.400000000000034,0,0,0,0,0,0,0,0,0,0,0
35.45000000000003,0,0,0,0,0,0,0,0,0,0,0
35.50000000000003,0,0,0,0,0,0,0,0,0,0,0
35.550000000000026,0,0,0,0,0,0,0,0,0,0,0
35.60000000000002,0,0,0,0,0,0,0,0,0,0,0
35.65000000000002,0,0,0,0,0,0,0,0,0,0,0
35.70000000000002,0,0,0,0,0,0,0,0,0,0,0
35.750000000000014,0,0,0,0,0,0,0,0,0,0,0
35.80000000000001,0,0,0,0,0,0,0,0,0,0,0
35.85000000000001,0,0,0,0,0,0,0,0,0,0,0
35.900000000000006,0,0,0,0,0,0,0,0,0,0,0
35.95,0,0,0,0,0,0,0,0,0,0,0
36.0,0,0,0,0,0,0,0,0,0,0,0
36.05,0,0,0,0,0,0,0,0,0,0,0
36.099999999999994,0,0,0,0,0,0,0,0,0,0,0
36.14999999999999,0,0,0,0,0,0,0,0,0,0,0
36.19999999999999,0,0,0,0,0,0,0,0,0,0,0
36.249999999999986,0,0,0,0,0,0,0,0,0,0,0
36.29999999999998,0,0,0,0,0,0,0,0,0,0,0
36.34999999999998,0,0,0,0,0,0,0,0,0,0,0
36.39999999999998,0,0,0,0,0,0,0,0,0,0,0
36.449999999999974,0,0,0,0,0,0,0,0,0,0,0
36.49999999999997,0,0,0,0,0,0,0,0,0,0,0
36.54999999999997,0,0,0,0,0,0,0,0,0,0,0
36.599999999999966,0,0,0,0,0,0,0,0,0,0,0
36.64999999999996,0,0,0,0,0,0,0,0,0,0,0
36.69999999999996,0,0,0,0,0,0,0,0,0,0,0
36.74999999999996,0,0,0,0,0,0,0,0,0,0,0
36.799999999999955,0,0,0,0,0,0,0,0,0,0,0
36.84999999999995,0,0,0,0,0,0,0,0,0,0,0
36.89999999999995,0,0,0,0,0,0,0,0,0,0,0
36.949999999999946,0,0,0,0,0,0,0,0,0,0,0
36.99999999999994,0,0,0,0,0,0,0,0,0,0,0
37.04999999999994,0,0,0,0,0,0,0,0,0,0,0
37.09999999999994,0,0,0,0,0,0,0,0,0,0,0
37.149999999999935,0,0,0,0,0,0,0,0,0,0,0
37.19999999999993,0,0,0,0,0,0,0,0,0,0,0
37.24999999999993,0,0,0,0,0,0,0,0,0,0,0
37.299999999999926,0,0,0,0,0,0,0,0,0,0,0
37.34999999999992,0,0,0,0,0,0,0,0,0,0,0
37.39999999999992,0,0,0,0,0,0,0,0,0,0,0
37.44999999999992,0,0,0,0,0,0,0,0,0,0,0
37.499999999999915,0,0,0,0,0,0,0,0,0,0,0
37.54999999999991,0,0,0,0,0,0,0,0,0,0,0
37.59999999999991,0,0,0,0,0,0,0,0,0,0,0
37.649999999999906,0,0,0,0,0,0,0,0,0,0,0
37.6999999999999,0,0,0,0,0,0,0,0,0,0,0
37.7499999999999,0,0,0,0,0,0,0,0,0,0,0
37.7999999999999,0,0,0,0,0,0,0,0,0,0,0
37.849999999999895,0,0,0,0,0,0,0,0,0,0,0
37.89999999999989,0,0,0,0,0,0,0,0,0,0,0
37.94999999999989,0,0,0,0,0,0,0,0,0,0,0
37.999999999999886,0,0,0,0,0,0,0,0,0,0,0
38.04999999999988,0,0,0,0,0,0,0,0,0,0,0
38.09999999999988,0,0,0,0,0,0,0,0,0,0,0
38.14999999999988,0,0,0,0,0,0,0,0,0,0,0
38.199999999999875,0,0,0,0,0,0,0,0,0,0,0
38.24999999999987,0,0,0,0,0,0,0,0,0,0,0
38.29999999999987,0,0,0,0,0,0,0,0,0,0,0
38.349999999999866,0,0,0,0,0,0,0,0,0,0,0
38.399999999999864,0,0,0,0,0,0,0,0,0,0,0
38.44999999999986,0,0,0,0,0,0,0,0,0,0,0
38.49999999999986,0,0,0,0,0,0,0,0,0,0,0
38.549999999999855,0,0,0,0,0,0,0,0,0,0,0
38.59999999999985,0,0,0,0,0,0,0,0,0,0,0
38.64999999999985,0,0,0,0,0,0,0,0,0,0,0
38.69999999999985,0,0,0,0,0,0,0,0,0,0,0
38.749999999999844,0,0,0,0,0,0,0,0,0,0,0
38.79999999999984,0,0,0,0,0,0,0,0,0,0,0
38.84999999999984,0,0,0,0,0,0,0,0,0,0,0
38.899999999999835,0,0,0,0,0,0,0,0,0,0,0
38.94999999999983,0,0,0,0,0,0,0,0,0,0,0
38.99999999999983,0,0,0,0,0,0,0,0,0,0,0
39.04999999999983,0,0,0,0,0,0,0,0,0,0,0
39.099999999999824,0,0,0,0,0,0,0,0,0,0,0
39.14999999999982,0,0,0,0,0,0,0,0,0,0,0
39.19999999999982,0,0,0,0,0,0,0,0,0,0,0
39.249999999999815,0,0,0,0,0,0,0,0,0,0,0
39.29999999999981,0,0,0,0,0,0,0,0,0,0,0
39.34999999999981,0,0,0,0,0,0,0,0,0,0,0
39.39999999999981,0,0,0,0,0,0,0,0,0,0,0
39.449999999999804,0,0,0,0,0,0,0,0,0,0,0
39.4999999999998,0,0,0,0,0,0,0,0,0,0,0
39.5499999999998,0,0,0,0,0,0,0,0,0,0,0
39.599999999999795,0,0,0,0,0,0,0,0,0,0,0
39.64999999999979,0,0,0,0,0,0,0,0,0,0,0
39.69999999999979,0,0,0,0,0,0,0,0,0,0,0
39.74999999999979,0,0,0,0,0,0,0,0,0,0,0
39.799999999999784,0,0,0,0,0,0,0,0,0,0,0
39.84999999999978,0,0,0,0,0,0,0,0,0,0,0
39.89999999999978,0,0,0,0,0,0,0,0,0,0,0
39.949999999999775,0,0,0,0,0,0,0,0,0,0,0
39.99999999999977,0,0,0,0,0,0,0,0,0,0,0
40.04999999999977,0,0,0,0,0,0,0,0,0,0,0
40.09999999999977,0,0,0,0,0,0,0,0,0,0,0
40.149999999999764,0,0,0,0,0,0,0,0,0,0,0
40.19999999999976,0,0,0,0,0,0,0,0,0,0,0
40.24999999999976,0,0,0,0,0,0,0,0,0,0,0
40.299999999999756,0,0,0,0,0,0,0,0,0,0,0
40.34999999999975,0,0,0,0,0,0,0,0,0,0,0
40.39999999999975,0,0,0,0,0,0,0,0,0,0,0
40.44999999999975,0,0,0,0,0,0,0,0,0,0,0
40.499999999999744,0,0,0,0,0,0,0,0,0,0,0
40.54999999999974,0,0,0,0,0,0,0,0,0,0,0
40.59999999999974,0,0,0,0,0,0,0,0,0,0,0
40.649999999999736,0,0,0,0,0,0,0,0,0,0,0
40.69999999999973,0,0,0,0,0,0,0,0,0,0,0
40.74999999999973,0,0,0,0,0,0,0,0,0,0,0
40.79999999999973,0,0,0,0,0,0,0,0,0,0,0
40.849999999999724,0,0,0,0,0,0,0,0,0,0,0
40.89999999999972,0,0,0,0,0,0,0,0,0,0,0
40.94999999999972,0,0,0,0,0,0,0,0,0,0,0
40.999999999999716,0,0,0,0,0,0,0,0,0,0,0
41.04999999999971,0,0,0,0,0,0,0,0,0,0,0
41.09999999999971,0,0,0,0,0,0,0,0,0,0,0
41.14999999999971,0,0,0,0,0,0,0,0,0,0,0
41.199999999999704,0,0,0,0,0,0,0,0,0,0,0
41.2499999999997,0,0,0,0,0,0,0,0,0,0,0
41.2999999999997,0,0,0,0,0,0,0,0,0,0,0
41.349999999999696,0,0,0,0,0,0,0,0,0,0,0
41.39999999999969,0,0,0,0,0,0,0,0,0,0,0
41.44999999999969,0,0,0,0,0,0,0,0,0,0,0
41.49999999999969,0,0,0,0,0,0,0,0,0,0,0
41.549999999999685,0,0,0,0,0,0,0,0,0,0,0
*****
16,0.05,500,0.6,1,10,100,0.39276599448899996,0.0853672733114
16,500,247,294,229,294,0,0,0,0,0,0
16.05,467,223,265,213,265,0,0,0,0,0,0
16.1,490,210,256,219,256,0,0,0,0,0,0
16.150000000000002,497,226,278,234,278,0,0,0,0,0,0
16.200000000000003,500,250,304,265,304,0,0,0,0,0,0
16.250000000000004,491,230,280,235,280,0,0,0,0,0,0
16.300000000000004,484,230,267,224,267,0,0,0,0,0,0
16.350000000000005,526,244,290,258,290,0,0,0,0,0,0
16.400000000000006,489,254,286,248,286,0,0,0,0,0,0
16.450000000000006,514,249,290,256,290,0,0,0,0,0,0
16.500000000000007,536,257,310,257,310,0,0,0,0,0,0
16.550000000000008,511,241,309,271,309,0,0,0,0,0,0
16.60000000000001,476,208,268,227,268,0,0,0,0,0,0
16.65000000000001,497,210,276,246,276,0,0,0,0,0,0
16.70000000000001,512,233,289,248,289,0,0,0,0,0,0
16.75000000000001,497,213,278,218,278,0,0,0,0,0,0
16.80000000000001,504,230,278,200,278,0,0,0,0,0,0
16.850000000000012,468,186,237,205,237,0,0,0,0,0,0
16.900000000000013,451,194,233,186,233,0,0,0,0,0,0
16.950000000000014,526,213,266,201,266,0,0,0,0,0,0
17.000000000000014,483,196,244,186,244,0,0,0,0,0,0
17.050000000000015,458,164,207,159,207,0,0,0,0,0,0
17.100000000000016,480,169,247,200,247,0,0,0,0,0,0
17.150000000000016,555,211,286,236,286,0,0,0,0,0,0
17.200000000000017,530,195,264,233,264,0,0,0,0,0,0
17.250000000000018,455,155,229,192,229,0,0,0,0,0,0
17.30000000000002,529,174,245,192,245,0,0,0,0,0,0
17.35000000000002,522,169,232,187,232,0,0,0,0,0,0
17.40000000000002,498,148,218,171,218,0,0,0,0,0,0
17.45000000000002,533,164,235,180,235,0,0,0,0,0,0
17.50000000000002,505,159,219,179,219,0,0,0,0,0,0
17.550000000000022,487,139,213,166,213,0,0,0,0,0,0
17.600000000000023,485,120,188,138,188,0,0,0,0,0,0
17.650000000000023,504,115,166,128,166,0,0,0,0,0,0
17.700000000000024,449,100,146,117,146,0,0,0,0,0,0
17.750000000000025,504,115,178,147,178,0,0,0,0,0,0
17.800000000000026,474,93,151,125,151,0,0,0,0,0,0
17.850000000000026,506,122,190,155,190,0,0,0,0,0,0
17.900000000000027,478,83,135,117,135,0,0,0,0,0,0
17.950000000000028,549,89,157,136,157,0,0,0,0,0,0
18.00000000000003,496,95,143,110,143,0,0,0,0,0,0
18.05000000000003,532,73,140,104,140,0,0,0,0,0,0
18.10000000000003,520,78,124,107,124,0,0,0,0,0,0
18.15000000000003,492,82,133,110,133,0,0,0,0,0,0
18.20000000000003,513,66,114,94,114,0,0,0,0,0,0
18.250000000000032,474,59,96,84,96,0,0,0,0,0,0
18.300000000000033,481,51,107,81,107,0,0,0,0,0,0
18.350000000000033,496,57,95,72,95,0,0,0,0,0,0
18.400000000000034,477,49,90,83,90,0,0,0,0,0,0
18.450000000000035,485,34,75,56,75,0,0,0,0,0,0
18.500000000000036,469,35,55,56,55,0,0,0,0,0,0
18.550000000000036,519,34,68,47,68,0,0,0,0,0,0
18.600000000000037,523,36,56,56,56,0,0,0,0,0,0
18.650000000000038,506,37,79,53,79,0,0,0,0,0,0
18.70000000000004,490,31,47,41,47,0,0,0,0,0,0
18.75000000000004,488,28,52,43,52,0,0,0,0,0,0
18.80000000000004,523,25,48,48,48,0,0,0,0,0,0
18.85000000000004,506,20,44,37,44,0,0,0,0,0,0
18.90000000000004,508,17,45,41,45,0,0,0,0,0,0
18.950000000000042,483,10,32,30,32,0,0,0,0,0,0
19.000000000000043,514,11,23,23,23,0,0,0,0,0,0
19.050000000000043,525,14,25,22,25,0,0,0,0,0,0
19.100000000000044,462,12,17,13,17,0,0,0,0,0,0
19.150000000000045,484,13,20,14,20,0,0,0,0,0,0
19.200000000000045,490,11,16,16,16,0,0,0,0,0,0
19.250000000000046,532,6,21,18,21,0,0,0,0,0,0
19.300000000000047,451,8,20,16,20,0,0,0,0,0,0
19.350000000000048,484,7,12,11,12,0,0,0,0,0,0
19.40000000000005,527,9,15,15,15,0,0,0,0,0,0
19.45000000000005,489,7,14,8,14,0,0,0,0,0,0
19.50000000000005,503,4,10,10,10,0,0,0,0,0,0
19.55000000000005,510,3,8,8,8,0,0,0,0,0,0
19.60000000000005,528,3,8,7,8,0,0,0,0,0,0
19.650000000000052,499,2,3,3,3,0,0,0,0,0,0
19.700000000000053,513,4,5,5,5,0,0,0,0,0,0
19.750000000000053,477,2,4,3,4,0,0,0,0,0,0
19.800000000000054,529,1,2,2,2,0,0,0,0,0,0
19.850000000000055,442,4,4,5,4,0,0,0,0,0,0
19.900000000000055,497,2,2,2,2,0,0,0,0,0,0
19.950000000000056,512,1,3,3,3,0,0,0,0,0,0
20.000000000000057,485,0,2,3,2,0,0,0,0,0,0
20.050000000000058,466,3,3,2,3,0,0,0,0,0,0
20.10000000000006,495,0,2,3,2,0,0,0,0,0,0
20.15000000000006,491,0,2,2,2,0,0,0,0,0,0
20.20000000000006,535,0,1,1,1,0,0,0,0,0,0
20.25000000000006,469,0,2,2,2,0,0,0,0,0,0
20.30000000000006,516,0,0,0,0,0,0,0,0,0,0
20.350000000000062,531,0,2,1,2,0,0,0,0,0,0
20.400000000000063,535,0,0,1,0,0,0,0,0,0,0
20.450000000000063,492,0,0,0,0,0,0,0,0,0,0
20.500000000000064,471,1,1,0,1,0,0,0,0,0,0
20.550000000000065,498,0,0,1,0,0,0,0,0,0,0
20.600000000000065,471,0,0,0,0,0,0,0,0,0,0
20.650000000000066,484,1,1,1,1,0,0,0,0,0,0
20.700000000000067,515,0,0,0,0,0,0,0,0,0,0
20.750000000000068,488,0,0,0,0,0,0,0,0,0,0
20.800000000000068,505,0,0,0,0,0,0,0,0,0,0
20.85000000000007,502,0,0,0,0,0,0,0,0,0,0
20.90000000000007,474,0,0,0,0,0,0,0,0,0,0
20.95000000000007,521,0,0,0,0,0,0,0,0,0,0
21.00000000000007,510,0,0,0,0,0,0,0,0,0,0
21.05000000000007,501,0,0,0,0,0,0,0,0,0,0
21.100000000000072,486,0,0,0,0,0,0,0,0,0,0
21.150000000000073,496,0,0,0,0,0,0,0,0,0,0
21.200000000000074,501,0,0,0,0,0,0,0,0,0,0
21.250000000000075,518,0,0,0,0,0,0,0,0,0,0
21.300000000000075,515,0,0,0,0,0,0,0,0,0,0
21.350000000000076,501,0,0,0,0,0,0,0,0,0,0
21.400000000000077,465,0,0,0,0,0,0,0,0,0,0
21.450000000000077,483,0,0,0,0,0,0,0,0,0,0
21.500000000000078,474,0,0,0,0,0,0,0,0,0,0
21.55000000000008,506,0,0,0,0,0,0,0,0,0,0
21.60000000000008,483,0,0,0,0,0,0,0,0,0,0
21.65000000000008,505,0,0,0,0,0,0,0,0,0,0
21.70000000000008,501,0,0,0,0,0,0,0,0,0,0
21.75000000000008,493,0,0,0,0,0,0,0,0,0,0
21.800000000000082,495,0,0,0,0,0,0,0,0,0,0
21.850000000000083,519,0,0,0,0,0,0,0,0,0,0
21.900000000000084,492,0,0,0,0,0,0,0,0,0,0
21.950000000000085,502,0,0,0,0,0,0,0,0,0,0
22.000000000000085,509,0,0,0,0,0,0,0,0,0,0
22.050000000000086,538,0,0,0,0,0,0,0,0,0,0
22.100000000000087,500,0,0,0,0,0,0,0,0,0,0
22.150000000000087,483,0,0,0,0,0,0,0,0,0,0
22.200000000000088,525,0,0,0,0,0,0,0,0,0,0
22.25000000000009,457,0,0,0,0,0,0,0,0,0,0
22.30000000000009,504,0,0,0,0,0,0,0,0,0,0
22.35000000000009,502,0,0,0,0,0,0,0,0,0,0
22.40000000000009,473,0,0,0,0,0,0,0,0,0,0
22.45000000000009,519,0,0,0,0,0,0,0,0,0,0
22.500000000000092,476,0,0,0,0,0,0,0,0,0,0
22.550000000000093,462,0,0,0,0,0,0,0,0,0,0
22.600000000000094,506,0,0,0,0,0,0,0,0,0,0
22.650000000000095,512,0,0,0,0,0,0,0,0,0,0
22.700000000000095,519,0,0,0,0,0,0,0,0,0,0
22.750000000000096,517,0,0,0,0,0,0,0,0,0,0
22.800000000000097,505,0,0,0,0,0,0,0,0,0,0
22.850000000000097,490,0,0,0,0,0,0,0,0,0,0
22.900000000000098,508,0,0,0,0,0,0,0,0,0,0
22.9500000000001,515,0,0,0,0,0,0,0,0,0,0
23.0000000000001,470,0,0,0,0,0,0,0,0,0,0
23.0500000000001,517,0,0,0,0,0,0,0,0,0,0
23.1000000000001,523,0,0,0,0,0,0,0,0,0,0
23.1500000000001,478,0,0,0,0,0,0,0,0,0,0
23.200000000000102,492,0,0,0,0,0,0,0,0,0,0
23.250000000000103,472,0,0,0,0,0,0,0,0,0,0
23.300000000000104,483,0,0,0,0,0,0,0,0,0,0
23.350000000000104,479,0,0,0,0,0,0,0,0,0,0
23.400000000000105,471,0,0,0,0,0,0,0,0,0,0
23.450000000000106,553,0,0,0,0,0,0,0,0,0,0
23.500000000000107,530,0,0,0,0,0,0,0,0,0,0
23.550000000000107,541,0,0,0,0,0,0,0,0,0,0
23.600000000000108,486,0,0,0,0,0,0,0,0,0,0
23.65000000000011,494,0,0,0,0,0,0,0,0,0,0
23.70000000000011,515,0,0,0,0,0,0,0,0,0,0
23.75000000000011,514,0,0,0,0,0,0,0,0,0,0
23.80000000000011,470,0,0,0,0,0,0,0,0,0,0
23.85000000000011,482,0,0,0,0,0,0,0,0,0,0
23.900000000000112,511,0,0,0,0,0,0,0,0,0,0
23.950000000000113,447,0,0,0,0,0,0,0,0,0,0
24.000000000000114,512,0,0,0,0,0,0,0,0,0,0
24.050000000000114,459,0,0,0,0,0,0,0,0,0,0
24.100000000000115,511,0,0,0,0,0,0,0,0,0,0
24.150000000000116,478,0,0,0,0,0,0,0,0,0,0
24.200000000000117,522,0,0,0,0,0,0,0,0,0,0
24.250000000000117,518,0,0,0,0,0,0,0,0,0,0
24.300000000000118,539,0,0,0,0,0,0,0,0,0,0
24.35000000000012,537,0,0,0,0,0,0,0,0,0,0
24.40000000000012,498,0,0,0,0,0,0,0,0,0,0
24.45000000000012,505,0,0,0,0,0,0,0,0,0,0
24.50000000000012,460,0,0,0,0,0,0,0,0,0,0
24.55000000000012,512,0,0,0,0,0,0,0,0,0,0
24.600000000000122,497,0,0,0,0,0,0,0,0,0,0
24.650000000000123,515,0,0,0,0,0,0,0,0,0,0
24.700000000000124,504,0,0,0,0,0,0,0,0,0,0
24.750000000000124,464,0,0,0,0,0,0,0,0,0,0
24.800000000000125,468,0,0,0,0,0,0,0,0,0,0
24.850000000000126,470,0,0,0,0,0,0,0,0,0,0
24.900000000000126,475,0,0,0,0,0,0,0,0,0,0
24.950000000000127,500,0,0,0,0,0,0,0,0,0,0
25.000000000000128,524,0,0,0,0,0,0,0,0,0,0
25.05000000000013,533,0,0,0,0,0,0,0,0,0,0
25.10000000000013,475,0,0,0,0,0,0,0,0,0,0
25.15000000000013,500,0,0,0,0,0,0,0,0,0,0
25.20000000000013,513,0,0,0,0,0,0,0,0,0,0
25.25000000000013,531,0,0,0,0,0,0,0,0,0,0
25.300000000000132,523,0,0,0,0,0,0,0,0,0,0
25.350000000000133,526,0,0,0,0,0,0,0,0,0,0
25.400000000000134,476,0,0,0,0,0,0,0,0,0,0
25.450000000000134,504,0,0,0,0,0,0,0,0,0,0
25.500000000000135,491,0,0,0,0,0,0,0,0,0,0
25.550000000000136,483,0,0,0,0,0,0,0,0,0,0
25.600000000000136,484,0,0,0,0,0,0,0,0,0,0
25.650000000000137,486,0,0,0,0,0,0,0,0,0,0
25.700000000000138,479,0,0,0,0,0,0,0,0,0,0
25.75000000000014,474,0,0,0,0,0,0,0,0,0,0
25.80000000000014,499,0,0,0,0,0,0,0,0,0,0
25.85000000000014,467,0,0,0,0,0,0,0,0,0,0
25.90000000000014,533,0,0,0,0,0,0,0,0,0,0
25.95000000000014,521,0,0,0,0,0,0,0,0,0,0
26.000000000000142,551,0,0,0,0,0,0,0,0,0,0
26.050000000000143,509,0,0,0,0,0,0,0,0,0,0
26.100000000000144,487,0,0,0,0,0,0,0,0,0,0
26.150000000000144,483,0,0,0,0,0,0,0,0,0,0
26.200000000000145,528,0,0,0,0,0,0,0,0,0,0
26.250000000000146,492,0,0,0,0,0,0,0,0,0,0
26.300000000000146,518,0,0,0,0,0,0,0,0,0,0
26.350000000000147,469,0,0,0,0,0,0,0,0,0,0
26.400000000000148,492,0,0,0,0,0,0,0,0,0,0
26.45000000000015,483,0,0,0,0,0,0,0,0,0,0
26.50000000000015,452,0,0,0,0,0,0,0,0,0,0
26.55000000000015,467,0,0,0,0,0,0,0,0,0,0
26.60000000000015,487,0,0,0,0,0,0,0,0,0,0
26.65000000000015,535,0,0,0,0,0,0,0,0,0,0
26.700000000000152,537,0,0,0,0,0,0,0,0,0,0
26.750000000000153,530,0,0,0,0,0,0,0,0,0,0
26.800000000000153,496,0,0,0,0,0,0,0,0,0,0
26.850000000000154,530,0,0,0,0,0,0,0,0,0,0
26.900000000000155,531,0,0,0,0,0,0,0,0,0,0
26.950000000000156,494,0,0,0,0,0,0,0,0,0,0
27.000000000000156,491,0,0,0,0,0,0,0,0,0,0
27.050000000000157,480,0,0,0,0,0,0,0,0,0,0
27.100000000000158,488,0,0,0,0,0,0,0,0,0,0
27.15000000000016,472,0,0,0,0,0,0,0,0,0,0
27.20000000000016,509,0,0,0,0,0,0,0,0,0,0
27.25000000000016,481,0,0,0,0,0,0,0,0,0,0
27.30000000000016,489,0,0,0,0,0,0,0,0,0,0
27.35000000000016,505,0,0,0,0,0,0,0,0,0,0
27.400000000000162,505,0,0,0,0,0,0,0,0,0,0
27.450000000000163,491,0,0,0,0,0,0,0,0,0,0
27.500000000000163,486,0,0,0,0,0,0,0,0,0,0
27.550000000000164,499,0,0,0,0,0,0,0,0,0,0
27.600000000000165,526,0,0,0,0,0,0,0,0,0,0
27.650000000000166,497,0,0,0,0,0,0,0,0,0,0
27.700000000000166,512,0,0,0,0,0,0,0,0,0,0
27.750000000000167,494,0,0,0,0,0,0,0,0,0,0
27.800000000000168,490,0,0,0,0,0,0,0,0,0,0
27.85000000000017,503,0,0,0,0,0,0,0,0,0,0
27.90000000000017,511,0,0,0,0,0,0,0,0,0,0
27.95000000000017,507,0,0,0,0,0,0,0,0,0,0
28.00000000000017,502,0,0,0,0,0,0,0,0,0,0
28.05000000000017,501,0,0,0,0,0,0,0,0,0,0
28.100000000000172,491,0,0,0,0,0,0,0,0,0,0
28.150000000000173,456,0,0,0,0,0,0,0,0,0,0
28.200000000000173,531,0,0,0,0,0,0,0,0,0,0
28.250000000000174,501,0,0,0,0,0,0,0,0,0,0
28.300000000000175,501,0,0,0,0,0,0,0,0,0,0
28.350000000000176,514,0,0,0,0,0,0,0,0,0,0
28.400000000000176,501,0,0,0,0,0,0,0,0,0,0
28.450000000000177,486,0,0,0,0,0,0,0,0,0,0
28.500000000000178,514,0,0,0,0,0,0,0,0,0,0
28.55000000000018,472,0,0,0,0,0,0,0,0,0,0
28.60000000000018,506,0,0,0,0,0,0,0,0,0,0
28.65000000000018,516,0,0,0,0,0,0,0,0,0,0
28.70000000000018,505,0,0,0,0,0,0,0,0,0,0
28.75000000000018,486,0,0,0,0,0,0,0,0,0,0
28.800000000000182,505,0,0,0,0,0,0,0,0,0,0
28.850000000000183,499,0,0,0,0,0,0,0,0,0,0
28.900000000000183,476,0,0,0,0,0,0,0,0,0,0
28.950000000000184,468,0,0,0,0,0,0,0,0,0,0
29.000000000000185,485,0,0,0,0,0,0,0,0,0,0
29.050000000000185,513,0,0,0,0,0,0,0,0,0,0
29.100000000000186,519,0,0,0,0,0,0,0,0,0,0
29.150000000000187,544,0,0,0,0,0,0,0,0,0,0
29.200000000000188,487,0,0,0,0,0,0,0,0,0,0
29.25000000000019,499,0,0,0,0,0,0,0,0,0,0
29.30000000000019,511,0,0,0,0,0,0,0,0,0,0
29.35000000000019,494,0,0,0,0,0,0,0,0,0,0
29.40000000000019,482,0,0,0,0,0,0,0,0,0,0
29.45000000000019,524,0,0,0,0,0,0,0,0,0,0
29.500000000000192,478,0,0,0,0,0,0,0,0,0,0
29.550000000000193,492,0,0,0,0,0,0,0,0,0,0
29.600000000000193,485,0,0,0,0,0,0,0,0,0,0
29.650000000000194,474,0,0,0,0,0,0,0,0,0,0
29.700000000000195,488,0,0,0,0,0,0,0,0,0,0
29.750000000000195,499,0,0,0,0,0,0,0,0,0,0
29.800000000000196,502,0,0,0,0,0,0,0,0,0,0
29.850000000000197,499,0,0,0,0,0,0,0,0,0,0
29.900000000000198,489,0,0,0,0,0,0,0,0,0,0
29.9500000000002,533,0,0,0,0,0,0,0,0,0,0
30.0000000000002,538,0,0,0,0,0,0,0,0,0,0
30.0500000000002,506,0,0,0,0,0,0,0,0,0,0
30.1000000000002,482,0,0,0,0,0,0,0,0,0,0
30.1500000000002,479,0,0,0,0,0,0,0,0,0,0
30.200000000000202,477,0,0,0,0,0,0,0,0,0,0
30.250000000000203,484,0,0,0,0,0,0,0,0,0,0
30.300000000000203,487,0,0,0,0,0,0,0,0,0,0
30.350000000000204,522,0,0,0,0,0,0,0,0,0,0
30.400000000000205,466,0,0,0,0,0,0,0,0,0,0
30.450000000000205,500,0,0,0,0,0,0,0,0,0,0
30.500000000000206,526,0,0,0,0,0,0,0,0,0,0
30.550000000000207,489,0,0,0,0,0,0,0,0,0,0
30.600000000000207,554,0,0,0,0,0,0,0,0,0,0
30.650000000000208,473,0,0,0,0,0,0,0,0,0,0
30.70000000000021,466,0,0,0,0,0,0,0,0,0,0
30.75000000000021,502,0,0,0,0,0,0,0,0,0,0
30.80000000000021,545,0,0,0,0,0,0,0,0,0,0
30.85000000000021,511,0,0,0,0,0,0,0,0,0,0
30.90000000000021,495,0,0,0,0,0,0,0,0,0,0
30.950000000000212,501,0,0,0,0,0,0,0,0,0,0
31.000000000000213,481,0,0,0,0,0,0,0,0,0,0
31.050000000000214,477,0,0,0,0,0,0,0,0,0,0
31.100000000000215,502,0,0,0,0,0,0,0,0,0,0
31.150000000000215,492,0,0,0,0,0,0,0,0,0,0
31.200000000000216,503,0,0,0,0,0,0,0,0,0,0
31.250000000000217,484,0,0,0,0,0,0,0,0,0,0
31.300000000000217,500,0,0,0,0,0,0,0,0,0,0
31.350000000000218,504,0,0,0,0,0,0,0,0,0,0
31.40000000000022,520,0,0,0,0,0,0,0,0,0,0
31.45000000000022,522,0,0,0,0,0,0,0,0,0,0
31.50000000000022,488,0,0,0,0,0,0,0,0,0,0
31.55000000000022,504,0,0,0,0,0,0,0,0,0,0
31.60000000000022,486,0,0,0,0,0,0,0,0,0,0
31.650000000000222,497,0,0,0,0,0,0,0,0,0,0
31.700000000000223,500,0,0,0,0,0,0,0,0,0,0
31.750000000000224,495,0,0,0,0,0,0,0,0,0,0
31.800000000000225,484,0,0,0,0,0,0,0,0,0,0
31.850000000000225,467,0,0,0,0,0,0,0,0,0,0
31.900000000000226,489,0,0,0,0,0,0,0,0,0,0
31.950000000000227,515,0,0,0,0,0,0,0,0,0,0
32.00000000000023,515,0,0,0,0,0,0,0,0,0,0
32.050000000000225,530,0,0,0,0,0,0,0,0,0,0
32.10000000000022,531,0,0,0,0,0,0,0,0,0,0
32.15000000000022,511,0,0,0,0,0,0,0,0,0,0
32.200000000000216,523,0,0,0,0,0,0,0,0,0,0
32.25000000000021,476,0,0,0,0,0,0,0,0,0,0
32.30000000000021,506,0,0,0,0,0,0,0,0,0,0
32.35000000000021,500,0,0,0,0,0,0,0,0,0,0
32.400000000000205,512,0,0,0,0,0,0,0,0,0,0
32.4500000000002,480,0,0,0,0,0,0,0,0,0,0
32.5000000000002,448,0,0,0,0,0,0,0,0,0,0
32.550000000000196,488,0,0,0,0,0,0,0,0,0,0
32.60000000000019,478,0,0,0,0,0,0,0,0,0,0
32.65000000000019,367,0,0,0,0,0,0,0,0,0,0
32.70000000000019,338,0,0,0,0,0,0,0,0,0,0
32.750000000000185,259,0,0,0,0,0,0,0,0,0,0
32.80000000000018,217,0,0,0,0,0,0,0,0,0,0
32.85000000000018,172,0,0,0,0,0,0,0,0,0,0
32.900000000000176,106,0,0,0,0,0,0,0,0,0,0
32.95000000000017,25,0,0,0,0,0,0,0,0,0,0
33.00000000000017,0,0,0,0,0,0,0,0,0,0,0
33.05000000000017,0,0,0,0,0,0,0,0,0,0,0
33.100000000000165,0,0,0,0,0,0,0,0,0,0,0
33.15000000000016,0,0,0,0,0,0,0,0,0,0,0
33.20000000000016,0,0,0,0,0,0,0,0,0,0,0
33.250000000000156,0,0,0,0,0,0,0,0,0,0,0
33.30000000000015,0,0,0,0,0,0,0,0,0,0,0
33.35000000000015,0,0,0,0,0,0,0,0,0,0,0
33.40000000000015,0,0,0,0,0,0,0,0,0,0,0
33.450000000000145,0,0,0,0,0,0,0,0,0,0,0
33.50000000000014,0,0,0,0,0,0,0,0,0,0,0
33.55000000000014,0,0,0,0,0,0,0,0,0,0,0
33.600000000000136,0,0,0,0,0,0,0,0,0,0,0
33.650000000000134,0,0,0,0,0,0,0,0,0,0,0
33.70000000000013,0,0,0,0,0,0,0,0,0,0,0
33.75000000000013,0,0,0,0,0,0,0,0,0,0,0
33.800000000000125,0,0,0,0,0,0,0,0,0,0,0
33.85000000000012,0,0,0,0,0,0,0,0,0,0,0
33.90000000000012,0,0,0,0,0,0,0,0,0,0,0
33.95000000000012,0,0,0,0,0,0,0,0,0,0,0
34.000000000000114,0,0,0,0,0,0,0,0,0,0,0
34.05000000000011,0,0,0,0,0,0,0,0,0,0,0
34.10000000000011,0,0,0,0,0,0,0,0,0,0,0
34.150000000000105,0,0,0,0,0,0,0,0,0,0,0
34.2000000000001,0,0,0,0,0,0,0,0,0,0,0
34.2500000000001,0,0,0,0,0,0,0,0,0,0,0
34.3000000000001,0,0,0,0,0,0,0,0,0,0,0
34.350000000000094,0,0,0,0,0,0,0,0,0,0,0
34.40000000000009,0,0,0,0,0,0,0,0,0,0,0
34.45000000000009,0,0,0,0,0,0,0,0,0,0,0
34.500000000000085,0,0,0,0,0,0,0,0,0,0,0
34.55000000000008,0,0,0,0,0,0,0,0,0,0,0
34.60000000000008,0,0,0,0,0,0,0,0,0,0,0
34.65000000000008,0,0,0,0,0,0,0,0,0,0,0
34.700000000000074,0,0,0,0,0,0,0,0,0,0,0
34.75000000000007,0,0,0,0,0,0,0,0,0,0,0
34.80000000000007,0,0,0,0,0,0,0,0,0,0,0
34.850000000000065,0,0,0,0,0,0,0,0,0,0,0
34.90000000000006,0,0,0,0,0,0,0,0,0,0,0
34.95000000000006,0,0,0,0,0,0,0,0,0,0,0
35.00000000000006,0,0,0,0,0,0,0,0,0,0,0
35.050000000000054,0,0,0,0,0,0,0,0,0,0,0
35.10000000000005,0,0,0,0,0,0,0,0,0,0,0
35.15000000000005,0,0,0,0,0,0,0,0,0,0,0
35.200000000000045,0,0,0,0,0,0,0,0,0,0,0
35.25000000000004,0,0,0,0,0,0,0,0,0,0,0
35.30000000000004,0,0,0,0,0,0,0,0,0,0,0
35.35000000000004,0,0,0,0,0,0,0,0,0,0,0
35.400000000000034,0,0,0,0,0,0,0,0,0,0,0
35.45000000000003,0,0,0,0,0,0,0,0,0,0,0
35.50000000000003,0,0,0,0,0,0,0,0,0,0,0
35.550000000000026,0,0,0,0,0,0,0,0,0,0,0
35.60000000000002,0,0,0,0,0,0,0,0,0,0,0
35.65000000000002,0,0,0,0,0,0,0,0,0,0,0
35.70000000000002,0,0,0,0,0,0,0,0,0,0,0
35.750000000000014,0,0,0,0,0,0,0,0,0,0,0
35.80000000000001,0,0,0,0,0,0,0,0,0,0,0
35.85000000000001,0,0,0,0,0,0,0,0,0,0,0
35.900000000000006,0,0,0,0,0,0,0,0,0,0,0
35.95,0,0,0,0,0,0,0,0,0,0,0
36.0,0,0,0,0,0,0,0,0,0,0,0
36.05,0,0,0,0,0,0,0,0,0,0,0
36.099999999999994,0,0,0,0,0,0,0,0,0,0,0
36.14999999999999,0,0,0,0,0,0,0,0,0,0,0
36.19999999999999,0,0,0,0,0,0,0,0,0,0,0
36.249999999999986,0,0,0,0,0,0,0,0,0,0,0
36.29999999999998,0,0,0,0,0,0,0,0,0,0,0
36.34999999999998,0,0,0,0,0,0,0,0,0,0,0
36.39999999999998,0,0,0,0,0,0,0,0,0,0,0
36.449999999999974,0,0,0,0,0,0,0,0,0,0,0
36.49999999999997,0,0,0,0,0,0,0,0,0,0,0
36.54999999999997,0,0,0,0,0,0,0,0,0,0,0
36.599999999999966,0,0,0,0,0,0,0,0,0,0,0
36.64999999999996,0,0,0,0,0,0,0,0,0,0,0
36.69999999999996,0,0,0,0,0,0,0,0,0,0,0
36.74999999999996,0,0,0,0,0,0,0,0,0,0,0
36.799999999999955,0,0,0,0,0,0,0,0,0,0,0
36.84999999999995,0,0,0,0,0,0,0,0,0,0,0
36.89999999999995,0,0,0,0,0,0,0,0,0,0,0
36.949999999999946,0,0,0,0,0,0,0,0,0,0,0
36.99999999999994,0,0,0,0,0,0,0,0,0,0,0
37.04999999999994,0,0,0,0,0,0,0,0,0,0,0
37.09999999999994,0,0,0,0,0,0,0,0,0,0,0
37.149999999999935,0,0,0,0,0,0,0,0,0,0,0
37.19999999999993,0,0,0,0,0,0,0,0,0,0,0
37.24999999999993,0,0,0,0,0,0,0,0,0,0,0
37.299999999999926,0,0,0,0,0,0,0,0,0,0,0
37.34999999999992,0,0,0,0,0,0,0,0,0,0,0
37.39999999999992,0,0,0,0,0,0,0,0,0,0,0
37.44999999999992,0,0,0,0,0,0,0,0,0,0,0
37.499999999999915,0,0,0,0,0,0,0,0,0,0,0
37.54999999999991,0,0,0,0,0,0,0,0,0,0,0
37.59999999999991,0,0,0,0,0,0,0,0,0,0,0
37.649999999999906,0,0,0,0,0,0,0,0,0,0,0
37.6999999999999,0,0,0,0,0,0,0,0,0,0,0
37.7499999999999,0,0,0,0,0,0,0,0,0,0,0
37.7999999999999,0,0,0,0,0,0,0,0,0,0,0
37.849999999999895,0,0,0,0,0,0,0,0,0,0,0
37.89999999999989,0,0,0,0,0,0,0,0,0,0,0
37.94999999999989,0,0,0,0,0,0,0,0,0,0,0
37.999999999999886,0,0,0,0,0,0,0,0,0,0,0
38.04999999999988,0,0,0,0,0,0,0,0,0,0,0
38.09999999999988,0,0,0,0,0,0,0,0,0,0,0
38.14999999999988,0,0,0,0,0,0,0,0,0,0,0
38.199999999999875,0,0,0,0,0,0,0,0,0,0,0
38.24999999999987,0,0,0,0,0,0,0,0,0,0,0
38.29999999999987,0,0,0,0,0,0,0,0,0,0,0
38.349999999999866,0,0,0,0,0,0,0,0,0,0,0
38.399999999999864,0,0,0,0,0,0,0,0,0,0,0
38.44999999999986,0,0,0,0,0,0,0,0,0,0,0
38.49999999999986,0,0,0,0,0,0,0,0,0,0,0
38.549999999999855,0,0,0,0,0,0,0,0,0,0,0
38.59999999999985,0,0,0,0,0,0,0,0,0,0,0
38.64999999999985,0,0,0,0,0,0,0,0,0,0,0
38.69999999999985,0,0,0,0,0,0,0,0,0,0,0
38.749999999999844,0,0,0,0,0,0,0,0,0,0,0
38.79999999999984,0,0,0,0,0,0,0,0,0,0,0
38.84999999999984,0,0,0,0,0,0,0,0,0,0,0
38.899999999999835,0,0,0,0,0,0,0,0,0,0,0
38.94999999999983,0,0,0,0,0,0,0,0,0,0,0
38.99999999999983,0,0,0,0,0,0,0,0,0,0,0
39.04999999999983,0,0,0,0,0,0,0,0,0,0,0
39.099999999999824,0,0,0,0,0,0,0,0,0,0,0
39.14999999999982,0,0,0,0,0,0,0,0,0,0,0
39.19999999999982,0,0,0,0,0,0,0,0,0,0,0
39.249999999999815,0,0,0,0,0,0,0,0,0,0,0
39.29999999999981,0,0,0,0,0,0,0,0,0,0,0
39.34999999999981,0,0,0,0,0,0,0,0,0,0,0
39.39999999999981,0,0,0,0,0,0,0,0,0,0,0
39.449999999999804,0,0,0,0,0,0,0,0,0,0,0
39.4999999999998,0,0,0,0,0,0,0,0,0,0,0
39.5499999999998,0,0,0,0,0,0,0,0,0,0,0
39.599999999999795,0,0,0,0,0,0,0,0,0,0,0
39.64999999999979,0,0,0,0,0,0,0,0,0,0,0
39.69999999999979,0,0,0,0,0,0,0,0,0,0,0
39.74999999999979,0,0,0,0,0,0,0,0,0,0,0
39.799999999999784,0,0,0,0,0,0,0,0,0,0,0
39.84999999999978,0,0,0,0,0,0,0,0,0,0,0
39.89999999999978,0,0,0,0,0,0,0,0,0,0,0
39.949999999999775,0,0,0,0,0,0,0,0,0,0,0
39.99999999999977,0,0,0,0,0,0,0,0,0,0,0
40.04999999999977,0,0,0,0,0,0,0,0,0,0,0
40.09999999999977,0,0,0,0,0,0,0,0,0,0,0
40.149999999999764,0,0,0,0,0,0,0,0,0,0,0
40.19999999999976,0,0,0,0,0,0,0,0,0,0,0
40.24999999999976,0,0,0,0,0,0,0,0,0,0,0
40.299999999999756,0,0,0,0,0,0,0,0,0,0,0
40.34999999999975,0,0,0,0,0,0,0,0,0,0,0
40.39999999999975,0,0,0,0,0,0,0,0,0,0,0
40.44999999999975,0,0,0,0,0,0,0,0,0,0,0
40.499999999999744,0,0,0,0,0,0,0,0,0,0,0
40.54999999999974,0,0,0,0,0,0,0,0,0,0,0
40.59999999999974,0,0,0,0,0,0,0,0,0,0,0
40.649999999999736,0,0,0,0,0,0,0,0,0,0,0
40.69999999999973,0,0,0,0,0,0,0,0,0,0,0
40.74999999999973,0,0,0,0,0,0,0,0,0,0,0
40.79999999999973,0,0,0,0,0,0,0,0,0,0,0
40.849999999999724,0,0,0,0,0,0,0,0,0,0,0
40.89999999999972,0,0,0,0,0,0,0,0,0,0,0
40.94999999999972,0,0,0,0,0,0,0,0,0,0,0
40.999999999999716,0,0,0,0,0,0,0,0,0,0,0
41.04999999999971,0,0,0,0,0,0,0,0,0,0,0
41.09999999999971,0,0,0,0,0,0,0,0,0,0,0
41.14999999999971,0,0,0,0,0,0,0,0,0,0,0
41.199999999999704,0,0,0,0,0,0,0,0,0,0,0
41.2499999999997,0,0,0,0,0,0,0,0,0,0,0
41.2999999999997,0,0,0,0,0,0,0,0,0,0,0
41.349999999999696,0,0,0,0,0,0,0,0,0,0,0
41.39999999999969,0,0,0,0,0,0,0,0,0,0,0
41.44999999999969,0,0,0,0,0,0,0,0,0,0,0
41.49999999999969,0,0,0,0,0,0,0,0,0,0,0
41.549999999999685,0,0,0,0,0,0,0,0,0,0,0
*****
16,0.05,500,0,1,10,100,0.39276599448899996,0.0853672733114
16,500,500,500,481,500,0,0,0,0,0,0
16.05,504,504,504,482,504,0,0,0,0,0,0
16.1,520,520,520,500,520,0,0,0,0,0,0
16.150000000000002,519,519,519,507,519,0,0,0,0,0,0
16.200000000000003,520,520,519,501,520,0,0,0,0,0,0
16.250000000000004,575,574,575,560,575,0,0,0,0,0,0
16.300000000000004,482,482,482,468,482,0,0,0,0,0,0
16.350000000000005,548,548,547,531,548,0,0,0,0,0,0
16.400000000000006,493,493,493,481,493,0,0,0,0,0,0
16.450000000000006,517,517,515,503,517,0,0,0,0,0,0
16.500000000000007,496,495,494,477,496,0,0,0,0,0,0
16.550000000000008,523,522,523,516,523,0,0,0,0,0,0
16.60000000000001,492,492,490,478,492,0,0,0,0,0,0
16.65000000000001,487,486,484,466,486,0,0,0,0,0,0
16.70000000000001,486,482,480,463,484,0,0,0,0,0,0
16.75000000000001,528,526,522,508,527,0,0,0,0,0,0
16.80000000000001,504,500,498,469,503,0,0,0,0,0,0
16.850000000000012,501,494,492,471,500,0,0,0,0,0,0
16.900000000000013,514,507,501,486,513,0,0,0,0,0,0
16.950000000000014,487,478,470,447,480,0,0,0,0,0,0
17.000000000000014,521,501,498,470,513,0,0,0,0,0,0
17.050000000000015,539,518,514,487,527,0,0,0,0,0,0
17.100000000000016,526,498,486,464,503,0,0,0,0,0,0
17.150000000000016,484,459,453,431,472,0,0,0,0,0,0
17.200000000000017,487,467,460,431,476,0,0,0,0,0,0
17.250000000000018,519,483,471,450,495,0,0,0,0,0,0
17.30000000000002,510,470,459,455,487,0,0,0,0,0,0
17.35000000000002,510,460,450,436,482,0,0,0,0,0,0
17.40000000000002,498,418,411,414,452,0,0,0,0,0,0
17.45000000000002,496,437,433,409,458,0,0,0,0,0,0
17.50000000000002,513,445,433,421,470,0,0,0,0,0,0
17.550000000000022,511,417,409,406,453,0,0,0,0,0,0
17.600000000000023,477,381,382,374,416,0,0,0,0,0,0
17.650000000000023,503,396,394,396,433,0,0,0,0,0,0
17.700000000000024,516,396,383,395,426,0,0,0,0,0,0
17.750000000000025,504,370,353,379,407,0,0,0,0,0,0
17.800000000000026,508,365,371,368,403,0,0,0,0,0,0
17.850000000000026,487,338,332,340,375,0,0,0,0,0,0
17.900000000000027,474,323,291,308,350,0,0,0,0,0,0
17.950000000000028,518,329,320,344,367,0,0,0,0,0,0
18.00000000000003,530,330,315,326,370,0,0,0,0,0,0
18.05000000000003,493,290,281,301,338,0,0,0,0,0,0
18.10000000000003,491,283,270,289,315,0,0,0,0,0,0
18.15000000000003,517,288,272,325,326,0,0,0,0,0,0
18.20000000000003,528,277,260,296,317,0,0,0,0,0,0
18.250000000000032,512,236,230,279,285,0,0,0,0,0,0
18.300000000000033,547,261,258,296,307,0,0,0,0,0,0
18.350000000000033,546,242,231,261,286,0,0,0,0,0,0
18.400000000000034,519,214,212,259,259,0,0,0,0,0,0
18.450000000000035,528,207,185,260,247,0,0,0,0,0,0
18.500000000000036,502,176,159,222,209,0,0,0,0,0,0
18.550000000000036,500,166,158,218,214,0,0,0,0,0,0
18.600000000000037,473,138,119,177,169,0,0,0,0,0,0
18.650000000000038,573,137,127,201,182,0,0,0,0,0,0
18.70000000000004,525,132,117,183,158,0,0,0,0,0,0
18.75000000000004,500,125,116,160,155,0,0,0,0,0,0
18.80000000000004,502,97,77,162,126,0,0,0,0,0,0
18.85000000000004,492,100,95,162,139,0,0,0,0,0,0
18.90000000000004,520,84,76,138,111,0,0,0,0,0,0
18.950000000000042,480,62,60,123,93,0,0,0,0,0,0
19.000000000000043,479,76,75,124,101,0,0,0,0,0,0
19.050000000000043,517,72,58,108,93,0,0,0,0,0,0
19.100000000000044,514,65,61,103,85,0,0,0,0,0,0
19.150000000000045,531,65,69,105,91,0,0,0,0,0,0
19.200000000000045,509,50,50,93,67,0,0,0,0,0,0
19.250000000000046,500,47,39,77,61,0,0,0,0,0,0
19.300000000000047,514,31,33,65,47,0,0,0,0,0,0
19.350000000000048,521,45,33,80,63,0,0,0,0,0,0
19.40000000000005,487,27,26,68,44,0,0,0,0,0,0
19.45000000000005,493,23,22,52,35,0,0,0,0,0,0
19.50000000000005,530,31,30,60,45,0,0,0,0,0,0
19.55000000000005,509,20,14,46,28,0,0,0,0,0,0
19.60000000000005,508,19,21,35,31,0,0,0,0,0,0
19.650000000000052,554,23,18,32,31,0,0,0,0,0,0
19.700000000000053,499,12,11,31,18,0,0,0,0,0,0
19.750000000000053,517,11,14,36,23,0,0,0,0,0,0
19.800000000000054,528,14,18,29,25,0,0,0,0,0,0
19.850000000000055,502,12,9,22,15,0,0,0,0,0,0
19.900000000000055,525,5,6,17,8,0,0,0,0,0,0
19.950000000000056,491,8,7,14,11,0,0,0,0,0,0
20.000000000000057,516,6,4,19,9,0,0,0,0,0,0
20.050000000000058,508,8,7,16,13,0,0,0,0,0,0
20.10000000000006,473,3,4,11,8,0,0,0,0,0,0
20.15000000000006,528,1,0,10,3,0,0,0,0,0,0
20.20000000000006,514,2,2,6,2,0,0,0,0,0,0
20.25000000000006,480,2,3,5,4,0,0,0,0,0,0
20.30000000000006,493,1,3,4,4,0,0,0,0,0,0
20.350000000000062,498,3,4,11,4,0,0,0,0,0,0
20.400000000000063,491,5,6,8,8,0,0,0,0,0,0
20.450000000000063,489,3,1,4,4,0,0,0,0,0,0
20.500000000000064,523,1,0,4,1,0,0,0,0,0,0
20.550000000000065,517,1,1,5,2,0,0,0,0,0,0
20.600000000000065,468,0,0,3,1,0,0,0,0,0,0
20.650000000000066,537,1,0,4,2,0,0,0,0,0,0
20.700000000000067,493,1,1,4,2,0,0,0,0,0,0
20.750000000000068,548,0,0,1,0,0,0,0,0,0,0
20.800000000000068,533,1,1,1,2,0,0,0,0,0,0
20.85000000000007,508,1,1,1,1,0,0,0,0,0,0
20.90000000000007,478,0,0,1,0,0,0,0,0,0,0
20.95000000000007,486,1,1,1,1,0,0,0,0,0,0
21.00000000000007,515,0,0,1,0,0,0,0,0,0,0
21.05000000000007,516,0,0,0,0,0,0,0,0,0,0
21.100000000000072,509,0,0,0,0,0,0,0,0,0,0
21.150000000000073,514,0,0,0,0,0,0,0,0,0,0
21.200000000000074,485,0,0,1,0,0,0,0,0,0,0
21.250000000000075,487,0,0,0,0,0,0,0,0,0,0
21.300000000000075,498,0,0,0,0,0,0,0,0,0,0
21.350000000000076,537,0,0,0,0,0,0,0,0,0,0
21.400000000000077,534,0,0,0,0,0,0,0,0,0,0
21.450000000000077,546,0,0,0,0,0,0,0,0,0,0
21.500000000000078,508,1,0,1,1,0,0,0,0,0,0
21.55000000000008,525,0,0,0,0,0,0,0,0,0,0
21.60000000000008,497,0,0,0,0,0,0,0,0,0,0
21.65000000000008,535,0,0,0,0,0,0,0,0,0,0
21.70000000000008,434,0,0,0,0,0,0,0,0,0,0
21.75000000000008,538,0,0,0,0,0,0,0,0,0,0
21.800000000000082,503,0,0,0,0,0,0,0,0,0,0
21.850000000000083,509,0,0,0,0,0,0,0,0,0,0
21.900000000000084,541,0,0,0,0,0,0,0,0,0,0
21.950000000000085,487,0,0,0,0,0,0,0,0,0,0
22.000000000000085,520,0,0,0,0,0,0,0,0,0,0
22.050000000000086,550,0,0,0,0,0,0,0,0,0,0
22.100000000000087,525,0,0,0,0,0,0,0,0,0,0
22.150000000000087,477,0,0,0,0,0,0,0,0,0,0
22.200000000000088,487,0,0,0,0,0,0,0,0,0,0
22.25000000000009,540,0,0,0,0,0,0,0,0,0,0
22.30000000000009,516,0,0,0,0,0,0,0,0,0,0
22.35000000000009,523,0,0,0,0,0,0,0,0,0,0
22.40000000000009,494,0,0,0,0,0,0,0,0,0,0
22.45000000000009,531,0,0,0,0,0,0,0,0,0,0
22.500000000000092,490,0,0,0,0,0,0,0,0,0,0
22.550000000000093,500,0,0,0,0,0,0,0,0,0,0
22.600000000000094,541,0,0,0,0,0,0,0,0,0,0
22.650000000000095,483,0,0,0,0,0,0,0,0,0,0
22.700000000000095,479,0,0,0,0,0,0,0,0,0,0
22.750000000000096,537,0,0,0,0,0,0,0,0,0,0
22.800000000000097,512,0,0,0,0,0,0,0,0,0,0
22.850000000000097,506,0,0,0,0,0,0,0,0,0,0
22.900000000000098,532,0,0,0,0,0,0,0,0,0,0
22.9500000000001,486,0,0,0,0,0,0,0,0,0,0
23.0000000000001,493,0,0,0,0,0,0,0,0,0,0
23.0500000000001,515,0,0,0,0,0,0,0,0,0,0
23.1000000000001,504,0,0,0,0,0,0,0,0,0,0
23.1500000000001,523,0,0,0,0,0,0,0,0,0,0
23.200000000000102,534,0,0,0,0,0,0,0,0,0,0
23.250000000000103,528,0,0,0,0,0,0,0,0,0,0
23.300000000000104,492,0,0,0,0,0,0,0,0,0,0
23.350000000000104,496,0,0,0,0,0,0,0,0,0,0
23.400000000000105,526,0,0,0,0,0,0,0,0,0,0
23.450000000000106,476,0,0,0,0,0,0,0,0,0,0
23.500000000000107,521,0,0,0,0,0,0,0,0,0,0
23.550000000000107,488,0,0,0,0,0,0,0,0,0,0
23.600000000000108,547,0,0,0,0,0,0,0,0,0,0
23.65000000000011,526,0,0,0,0,0,0,0,0,0,0
23.70000000000011,539,0,0,0,0,0,0,0,0,0,0
23.75000000000011,522,0,0,0,0,0,0,0,0,0,0
23.80000000000011,455,0,0,0,0,0,0,0,0,0,0
23.85000000000011,458,0,0,0,0,0,0,0,0,0,0
23.900000000000112,492,0,0,0,0,0,0,0,0,0,0
23.950000000000113,543,0,0,0,0,0,0,0,0,0,0
24.000000000000114,503,0,0,0,0,0,0,0,0,0,0
24.050000000000114,518,0,0,0,0,0,0,0,0,0,0
24.100000000000115,493,0,0,0,0,0,0,0,0,0,0
24.150000000000116,530,0,0,0,0,0,0,0,0,0,0
24.200000000000117,476,0,0,0,0,0,0,0,0,0,0
24.250000000000117,519,0,0,0,0,0,0,0,0,0,0
24.300000000000118,501,0,0,0,0,0,0,0,0,0,0
24.35000000000012,499,0,0,0,0,0,0,0,0,0,0
24.40000000000012,499,0,0,0,0,0,0,0,0,0,0
24.45000000000012,507,0,0,0,0,0,0,0,0,0,0
24.50000000000012,492,0,0,0,0,0,0,0,0,0,0
24.55000000000012,471,0,0,0,0,0,0,0,0,0,0
24.600000000000122,499,0,0,0,0,0,0,0,0,0,0
24.650000000000123,505,0,0,0,0,0,0,0,0,0,0
24.700000000000124,533,0,0,0,0,0,0,0,0,0,0
24.750000000000124,519,0,0,0,0,0,0,0,0,0,0
24.800000000000125,481,0,0,0,0,0,0,0,0,0,0
24.850000000000126,529,0,0,0,0,0,0,0,0,0,0
24.900000000000126,516,0,0,0,0,0,0,0,0,0,0
24.950000000000127,516,0,0,0,0,0,0,0,0,0,0
25.000000000000128,495,0,0,0,0,0,0,0,0,0,0
25.05000000000013,496,0,0,0,0,0,0,0,0,0,0
25.10000000000013,540,0,0,0,0,0,0,0,0,0,0
25.15000000000013,510,0,0,0,0,0,0,0,0,0,0
25.20000000000013,507,0,0,0,0,0,0,0,0,0,0
25.25000000000013,492,0,0,0,0,0,0,0,0,0,0
25.300000000000132,532,0,0,0,0,0,0,0,0,0,0
25.350000000000133,525,0,0,0,0,0,0,0,0,0,0
25.400000000000134,483,0,0,0,0,0,0,0,0,0,0
25.450000000000134,477,0,0,0,0,0,0,0,0,0,0
25.500000000000135,537,0,0,0,0,0,0,0,0,0,0
25.550000000000136,518,0,0,0,0,0,0,0,0,0,0
25.600000000000136,493,0,0,0,0,0,0,0,0,0,0
25.650000000000137,475,0,0,0,0,0,0,0,0,0,0
25.700000000000138,505,0,0,0,0,0,0,0,0,0,0
25.75000000000014,549,0,0,0,0,0,0,0,0,0,0
25.80000000000014,467,0,0,0,0,0,0,0,0,0,0
25.85000000000014,534,0,0,0,0,0,0,0,0,0,0
25.90000000000014,506,0,0,0,0,0,0,0,0,0,0
25.95000000000014,532,0,0,0,0,0,0,0,0,0,0
26.000000000000142,521,0,0,0,0,0,0,0,0,0,0
26.050000000000143,517,0,0,0,0,0,0,0,0,0,0
26.100000000000144,496,0,0,0,0,0,0,0,0,0,0
26.150000000000144,531,0,0,0,0,0,0,0,0,0,0
26.200000000000145,521,0,0,0,0,0,0,0,0,0,0
26.250000000000146,466,0,0,0,0,0,0,0,0,0,0
26.300000000000146,504,0,0,0,0,0,0,0,0,0,0
26.350000000000147,509,0,0,0,0,0,0,0,0,0,0
26.400000000000148,526,0,0,0,0,0,0,0,0,0,0
26.45000000000015,509,0,0,0,0,0,0,0,0,0,0
26.50000000000015,515,0,0,0,0,0,0,0,0,0,0
26.55000000000015,510,0,0,0,0,0,0,0,0,0,0
26.60000000000015,496,0,0,0,0,0,0,0,0,0,0
26.65000000000015,559,0,0,0,0,0,0,0,0,0,0
26.700000000000152,508,0,0,0,0,0,0,0,0,0,0
26.750000000000153,507,0,0,0,0,0,0,0,0,0,0
26.800000000000153,485,0,0,0,0,0,0,0,0,0,0
26.850000000000154,520,0,0,0,0,0,0,0,0,0,0
26.900000000000155,503,0,0,0,0,0,0,0,0,0,0
26.950000000000156,518,0,0,0,0,0,0,0,0,0,0
27.000000000000156,516,0,0,0,0,0,0,0,0,0,0
27.050000000000157,486,0,0,0,0,0,0,0,0,0,0
27.100000000000158,492,0,0,0,0,0,0,0,0,0,0
27.15000000000016,521,0,0,0,0,0,0,0,0,0,0
27.20000000000016,495,0,0,0,0,0,0,0,0,0,0
27.25000000000016,551,0,0,0,0,0,0,0,0,0,0
27.30000000000016,489,0,0,0,0,0,0,0,0,0,0
27.35000000000016,526,0,0,0,0,0,0,0,0,0,0
27.400000000000162,524,0,0,0,0,0,0,0,0,0,0
27.450000000000163,491,0,0,0,0,0,0,0,0,0,0
27.500000000000163,506,0,0,0,0,0,0,0,0,0,0
27.550000000000164,525,0,0,0,0,0,0,0,0,0,0
27.600000000000165,512,0,0,0,0,0,0,0,0,0,0
27.650000000000166,508,0,0,0,0,0,0,0,0,0,0
27.700000000000166,530,0,0,0,0,0,0,0,0,0,0
27.750000000000167,539,0,0,0,0,0,0,0,0,0,0
27.800000000000168,504,0,0,0,0,0,0,0,0,0,0
27.85000000000017,517,0,0,0,0,0,0,0,0,0,0
27.90000000000017,499,0,0,0,0,0,0,0,0,0,0
27.95000000000017,525,0,0,0,0,0,0,0,0,0,0
28.00000000000017,503,0,0,0,0,0,0,0,0,0,0
28.05000000000017,556,0,0,0,0,0,0,0,0,0,0
28.100000000000172,507,0,0,0,0,0,0,0,0,0,0
28.150000000000173,511,0,0,0,0,0,0,0,0,0,0
28.200000000000173,508,0,0,0,0,0,0,0,0,0,0
28.250000000000174,506,0,0,0,0,0,0,0,0,0,0
28.300000000000175,530,0,0,0,0,0,0,0,0,0,0
28.350000000000176,487,0,0,0,0,0,0,0,0,0,0
28.400000000000176,516,0,0,0,0,0,0,0,0,0,0
28.450000000000177,489,0,0,0,0,0,0,0,0,0,0
28.500000000000178,492,0,0,0,0,0,0,0,0,0,0
28.55000000000018,446,0,0,0,0,0,0,0,0,0,0
28.60000000000018,491,0,0,0,0,0,0,0,0,0,0
28.65000000000018,520,0,0,0,0,0,0,0,0,0,0
28.70000000000018,549,0,0,0,0,0,0,0,0,0,0
28.75000000000018,518,0,0,0,0,0,0,0,0,0,0
28.800000000000182,498,0,0,0,0,0,0,0,0,0,0
28.850000000000183,510,0,0,0,0,0,0,0,0,0,0
28.900000000000183,494,0,0,0,0,0,0,0,0,0,0
28.950000000000184,518,0,0,0,0,0,0,0,0,0,0
29.000000000000185,514,0,0,0,0,0,0,0,0,0,0
29.050000000000185,503,0,0,0,0,0,0,0,0,0,0
29.100000000000186,501,0,0,0,0,0,0,0,0,0,0
29.150000000000187,508,0,0,0,0,0,0,0,0,0,0
29.200000000000188,551,0,0,0,0,0,0,0,0,0,0
29.25000000000019,518,0,0,0,0,0,0,0,0,0,0
29.30000000000019,523,0,0,0,0,0,0,0,0,0,0
29.35000000000019,509,0,0,0,0,0,0,0,0,0,0
29.40000000000019,498,0,0,0,0,0,0,0,0,0,0
29.45000000000019,506,0,0,0,0,0,0,0,0,0,0
29.500000000000192,473,0,0,0,0,0,0,0,0,0,0
29.550000000000193,498,0,0,0,0,0,0,0,0,0,0
29.600000000000193,498,0,0,0,0,0,0,0,0,0,0
29.650000000000194,499,0,0,0,0,0,0,0,0,0,0
29.700000000000195,507,0,0,0,0,0,0,0,0,0,0
29.750000000000195,503,0,0,0,0,0,0,0,0,0,0
29.800000000000196,494,0,0,0,0,0,0,0,0,0,0
29.850000000000197,536,0,0,0,0,0,0,0,0,0,0
29.900000000000198,473,0,0,0,0,0,0,0,0,0,0
29.9500000000002,513,0,0,0,0,0,0,0,0,0,0
30.0000000000002,532,0,0,0,0,0,0,0,0,0,0
30.0500000000002,542,0,0,0,0,0,0,0,0,0,0
30.1000000000002,576,0,0,0,0,0,0,0,0,0,0
30.1500000000002,485,0,0,0,0,0,0,0,0,0,0
30.200000000000202,488,0,0,0,0,0,0,0,0,0,0
30.250000000000203,492,0,0,0,0,0,0,0,0,0,0
30.300000000000203,512,0,0,0,0,0,0,0,0,0,0
30.350000000000204,529,0,0,0,0,0,0,0,0,0,0
30.400000000000205,522,0,0,0,0,0,0,0,0,0,0
30.450000000000205,497,0,0,0,0,0,0,0,0,0,0
30.500000000000206,500,0,0,0,0,0,0,0,0,0,0
30.550000000000207,512,0,0,0,0,0,0,0,0,0,0
30.600000000000207,530,0,0,0,0,0,0,0,0,0,0
30.650000000000208,492,0,0,0,0,0,0,0,0,0,0
30.70000000000021,515,0,0,0,0,0,0,0,0,0,0
30.75000000000021,519,0,0,0,0,0,0,0,0,0,0
30.80000000000021,523,0,0,0,0,0,0,0,0,0,0
30.85000000000021,463,0,0,0,0,0,0,0,0,0,0
30.90000000000021,515,0,0,0,0,0,0,0,0,0,0
30.950000000000212,495,0,0,0,0,0,0,0,0,0,0
31.000000000000213,499,0,0,0,0,0,0,0,0,0,0
31.050000000000214,486,0,0,0,0,0,0,0,0,0,0
31.100000000000215,514,0,0,0,0,0,0,0,0,0,0
31.150000000000215,518,0,0,0,0,0,0,0,0,0,0
31.200000000000216,482,0,0,0,0,0,0,0,0,0,0
31.250000000000217,531,0,0,0,0,0,0,0,0,0,0
31.300000000000217,523,0,0,0,0,0,0,0,0,0,0
31.350000000000218,476,0,0,0,0,0,0,0,0,0,0
31.40000000000022,474,0,0,0,0,0,0,0,0,0,0
31.45000000000022,503,0,0,0,0,0,0,0,0,0,0
31.50000000000022,516,0,0,0,0,0,0,0,0,0,0
31.55000000000022,505,0,0,0,0,0,0,0,0,0,0
31.60000000000022,536,0,0,0,0,0,0,0,0,0,0
31.650000000000222,553,0,0,0,0,0,0,0,0,0,0
31.700000000000223,503,0,0,0,0,0,0,0,0,0,0
31.750000000000224,512,0,0,0,0,0,0,0,0,0,0
31.800000000000225,488,0,0,0,0,0,0,0,0,0,0
31.850000000000225,490,0,0,0,0,0,0,0,0,0,0
31.900000000000226,513,0,0,0,0,0,0,0,0,0,0
31.950000000000227,489,0,0,0,0,0,0,0,0,0,0
32.00000000000023,492,0,0,0,0,0,0,0,0,0,0
32.050000000000225,464,0,0,0,0,0,0,0,0,0,0
32.10000000000022,463,0,0,0,0,0,0,0,0,0,0
32.15000000000022,384,0,0,0,0,0,0,0,0,0,0
32.200000000000216,404,0,0,0,0,0,0,0,0,0,0
32.25000000000021,368,0,0,0,0,0,0,0,0,0,0
32.30000000000021,371,0,0,0,0,0,0,0,0,0,0
32.35000000000021,315,0,0,0,0,0,0,0,0,0,0
32.400000000000205,319,0,0,0,0,0,0,0,0,0,0
32.4500000000002,256,0,0,0,0,0,0,0,0,0,0
32.5000000000002,252,0,0,0,0,0,0,0,0,0,0
32.550000000000196,237,0,0,0,0,0,0,0,0,0,0
32.60000000000019,178,0,0,0,0,0,0,0,0,0,0
32.65000000000019,155,0,0,0,0,0,0,0,0,0,0
32.70000000000019,123,0,0,0,0,0,0,0,0,0,0
32.750000000000185,109,0,0,0,0,0,0,0,0,0,0
32.80000000000018,89,0,0,0,0,0,0,0,0,0,0
32.85000000000018,64,0,0,0,0,0,0,0,0,0,0
32.900000000000176,44,0,0,0,0,0,0,0,0,0,0
32.95000000000017,10,0,0,0,0,0,0,0,0,0,0
33.00000000000017,0,0,0,0,0,0,0,0,0,0,0
33.05000000000017,0,0,0,0,0,0,0,0,0,0,0
33.100000000000165,0,0,0,0,0,0,0,0,0,0,0
33.15000000000016,0,0,0,0,0,0,0,0,0,0,0
33.20000000000016,0,0,0,0,0,0,0,0,0,0,0
33.250000000000156,0,0,0,0,0,0,0,0,0,0,0
33.30000000000015,0,0,0,0,0,0,0,0,0,0,0
33.35000000000015,0,0,0,0,0,0,0,0,0,0,0
33.40000000000015,0,0,0,0,0,0,0,0,0,0,0
33.450000000000145,0,0,0,0,0,0,0,0,0,0,0
33.50000000000014,0,0,0,0,0,0,0,0,0,0,0
33.55000000000014,0,0,0,0,0,0,0,0,0,0,0
33.600000000000136,0,0,0,0,0,0,0,0,0,0,0
33.650000000000134,0,0,0,0,0,0,0,0,0,0,0
33.70000000000013,0,0,0,0,0,0,0,0,0,0,0
33.75000000000013,0,0,0,0,0,0,0,0,0,0,0
33.800000000000125,0,0,0,0,0,0,0,0,0,0,0
33.85000000000012,0,0,0,0,0,0,0,0,0,0,0
33.90000000000012,0,0,0,0,0,0,0,0,0,0,0
33.95000000000012,0,0,0,0,0,0,0,0,0,0,0
34.000000000000114,0,0,0,0,0,0,0,0,0,0,0
34.05000000000011,0,0,0,0,0,0,0,0,0,0,0
34.10000000000011,0,0,0,0,0,0,0,0,0,0,0
34.150000000000105,0,0,0,0,0,0,0,0,0,0,0
34.2000000000001,0,0,0,0,0,0,0,0,0,0,0
34.2500000000001,0,0,0,0,0,0,0,0,0,0,0
34.3000000000001,0,0,0,0,0,0,0,0,0,0,0
34.350000000000094,0,0,0,0,0,0,0,0,0,0,0
34.40000000000009,0,0,0,0,0,0,0,0,0,0,0
34.45000000000009,0,0,0,0,0,0,0,0,0,0,0
34.500000000000085,0,0,0,0,0,0,0,0,0,0,0
34.55000000000008,0,0,0,0,0,0,0,0,0,0,0
34.60000000000008,0,0,0,0,0,0,0,0,0,0,0
34.65000000000008,0,0,0,0,0,0,0,0,0,0,0
34.700000000000074,0,0,0,0,0,0,0,0,0,0,0
34.75000000000007,0,0,0,0,0,0,0,0,0,0,0
34.80000000000007,0,0,0,0,0,0,0,0,0,0,0
34.850000000000065,0,0,0,0,0,0,0,0,0,0,0
34.90000000000006,0,0,0,0,0,0,0,0,0,0,0
34.95000000000006,0,0,0,0,0,0,0,0,0,0,0
35.00000000000006,0,0,0,0,0,0,0,0,0,0,0
35.050000000000054,0,0,0,0,0,0,0,0,0,0,0
35.10000000000005,0,0,0,0,0,0,0,0,0,0,0
35.15000000000005,0,0,0,0,0,0,0,0,0,0,0
35.200000000000045,0,0,0,0,0,0,0,0,0,0,0
35.25000000000004,0,0,0,0,0,0,0,0,0,0,0
35.30000000000004,0,0,0,0,0,0,0,0,0,0,0
35.35000000000004,0,0,0,0,0,0,0,0,0,0,0
35.400000000000034,0,0,0,0,0,0,0,0,0,0,0
35.45000000000003,0,0,0,0,0,0,0,0,0,0,0
35.50000000000003,0,0,0,0,0,0,0,0,0,0,0
35.550000000000026,0,0,0,0,0,0,0,0,0,0,0
35.60000000000002,0,0,0,0,0,0,0,0,0,0,0
35.65000000000002,0,0,0,0,0,0,0,0,0,0,0
35.70000000000002,0,0,0,0,0,0,0,0,0,0,0
35.750000000000014,0,0,0,0,0,0,0,0,0,0,0
35.80000000000001,0,0,0,0,0,0,0,0,0,0,0
35.85000000000001,0,0,0,0,0,0,0,0,0,0,0
35.900000000000006,0,0,0,0,0,0,0,0,0,0,0
35.95,0,0,0,0,0,0,0,0,0,0,0
36.0,0,0,0,0,0,0,0,0,0,0,0
36.05,0,0,0,0,0,0,0,0,0,0,0
36.099999999999994,0,0,0,0,0,0,0,0,0,0,0
36.14999999999999,0,0,0,0,0,0,0,0,0,0,0
36.19999999999999,0,0,0,0,0,0,0,0,0,0,0
36.249999999999986,0,0,0,0,0,0,0,0,0,0,0
36.29999999999998,0,0,0,0,0,0,0,0,0,0,0
36.34999999999998,0,0,0,0,0,0,0,0,0,0,0
36.39999999999998,0,0,0,0,0,0,0,0,0,0,0
36.449999999999974,0,0,0,0,0,0,0,0,0,0,0
36.49999999999997,0,0,0,0,0,0,0,0,0,0,0
36.54999999999997,0,0,0,0,0,0,0,0,0,0,0
36.599999999999966,0,0,0,0,0,0,0,0,0,0,0
36.64999999999996,0,0,0,0,0,0,0,0,0,0,0
36.69999999999996,0,0,0,0,0,0,0,0,0,0,0
36.74999999999996,0,0,0,0,0,0,0,0,0,0,0
36.799999999999955,0,0,0,0,0,0,0,0,0,0,0
36.84999999999995,0,0,0,0,0,0,0,0,0,0,0
36.89999999999995,0,0,0,0,0,0,0,0,0,0,0
36.949999999999946,0,0,0,0,0,0,0,0,0,0,0
36.99999999999994,0,0,0,0,0,0,0,0,0,0,0
37.04999999999994,0,0,0,0,0,0,0,0,0,0,0
37.09999999999994,0,0,0,0,0,0,0,0,0,0,0
37.149999999999935,0,0,0,0,0,0,0,0,0,0,0
37.19999999999993,0,0,0,0,0,0,0,0,0,0,0
37.24999999999993,0,0,0,0,0,0,0,0,0,0,0
37.299999999999926,0,0,0,0,0,0,0,0,0,0,0
37.34999999999992,0,0,0,0,0,0,0,0,0,0,0
37.39999999999992,0,0,0,0,0,0,0,0,0,0,0
37.44999999999992,0,0,0,0,0,0,0,0,0,0,0
37.499999999999915,0,0,0,0,0,0,0,0,0,0,0
37.54999999999991,0,0,0,0,0,0,0,0,0,0,0
37.59999999999991,0,0,0,0,0,0,0,0,0,0,0
37.649999999999906,0,0,0,0,0,0,0,0,0,0,0
37.6999999999999,0,0,0,0,0,0,0,0,0,0,0
37.7499999999999,0,0,0,0,0,0,0,0,0,0,0
37.7999999999999,0,0,0,0,0,0,0,0,0,0,0
37.849999999999895,0,0,0,0,0,0,0,0,0,0,0
37.89999999999989,0,0,0,0,0,0,0,0,0,0,0
37.94999999999989,0,0,0,0,0,0,0,0,0,0,0
37.999999999999886,0,0,0,0,0,0,0,0,0,0,0
38.04999999999988,0,0,0,0,0,0,0,0,0,0,0
38.09999999999988,0,0,0,0,0,0,0,0,0,0,0
38.14999999999988,0,0,0,0,0,0,0,0,0,0,0
38.199999999999875,0,0,0,0,0,0,0,0,0,0,0
38.24999999999987,0,0,0,0,0,0,0,0,0,0,0
38.29999999999987,0,0,0,0,0,0,0,0,0,0,0
38.349999999999866,0,0,0,0,0,0,0,0,0,0,0
38.399999999999864,0,0,0,0,0,0,0,0,0,0,0
38.44999999999986,0,0,0,0,0,0,0,0,0,0,0
38.49999999999986,0,0,0,0,0,0,0,0,0,0,0
38.549999999999855,0,0,0,0,0,0,0,0,0,0,0
38.59999999999985,0,0,0,0,0,0,0,0,0,0,0
38.64999999999985,0,0,0,0,0,0,0,0,0,0,0
38.69999999999985,0,0,0,0,0,0,0,0,0,0,0
38.749999999999844,0,0,0,0,0,0,0,0,0,0,0
38.79999999999984,0,0,0,0,0,0,0,0,0,0,0
38.84999999999984,0,0,0,0,0,0,0,0,0,0,0
38.899999999999835,0,0,0,0,0,0,0,0,0,0,0
38.94999999999983,0,0,0,0,0,0,0,0,0,0,0
38.99999999999983,0,0,0,0,0,0,0,0,0,0,0
39.04999999999983,0,0,0,0,0,0,0,0,0,0,0
39.099999999999824,0,0,0,0,0,0,0,0,0,0,0
39.14999999999982,0,0,0,0,0,0,0,0,0,0,0
39.19999999999982,0,0,0,0,0,0,0,0,0,0,0
39.249999999999815,0,0,0,0,0,0,0,0,0,0,0
39.29999999999981,0,0,0,0,0,0,0,0,0,0,0
39.34999999999981,0,0,0,0,0,0,0,0,0,0,0
39.39999999999981,0,0,0,0,0,0,0,0,0,0,0
39.449999999999804,0,0,0,0,0,0,0,0,0,0,0
39.4999999999998,0,0,0,0,0,0,0,0,0,0,0
39.5499999999998,0,0,0,0,0,0,0,0,0,0,0
39.599999999999795,0,0,0,0,0,0,0,0,0,0,0
39.64999999999979,0,0,0,0,0,0,0,0,0,0,0
39.69999999999979,0,0,0,0,0,0,0,0,0,0,0
39.74999999999979,0,0,0,0,0,0,0,0,0,0,0
39.799999999999784,0,0,0,0,0,0,0,0,0,0,0
39.84999999999978,0,0,0,0,0,0,0,0,0,0,0
39.89999999999978,0,0,0,0,0,0,0,0,0,0,0
39.949999999999775,0,0,0,0,0,0,0,0,0,0,0
39.99999999999977,0,0,0,0,0,0,0,0,0,0,0
40.04999999999977,0,0,0,0,0,0,0,0,0,0,0
40.09999999999977,0,0,0,0,0,0,0,0,0,0,0
40.149999999999764,0,0,0,0,0,0,0,0,0,0,0
40.19999999999976,0,0,0,0,0,0,0,0,0,0,0
40.24999999999976,0,0,0,0,0,0,0,0,0,0,0
40.299999999999756,0,0,0,0,0,0,0,0,0,0,0
40.34999999999975,0,0,0,0,0,0,0,0,0,0,0
40.39999999999975,0,0,0,0,0,0,0,0,0,0,0
40.44999999999975,0,0,0,0,0,0,0,0,0,0,0
40.499999999999744,0,0,0,0,0,0,0,0,0,0,0
40.54999999999974,0,0,0,0,0,0,0,0,0,0,0
40.59999999999974,0,0,0,0,0,0,0,0,0,0,0
40.649999999999736,0,0,0,0,0,0,0,0,0,0,0
40.69999999999973,0,0,0,0,0,0,0,0,0,0,0
40.74999999999973,0,0,0,0,0,0,0,0,0,0,0
40.79999999999973,0,0,0,0,0,0,0,0,0,0,0
40.849999999999724,0,0,0,0,0,0,0,0,0,0,0
40.89999999999972,0,0,0,0,0,0,0,0,0,0,0
40.94999999999972,0,0,0,0,0,0,0,0,0,0,0
40.999999999999716,0,0,0,0,0,0,0,0,0,0,0
41.04999999999971,0,0,0,0,0,0,0,0,0,0,0
41.09999999999971,0,0,0,0,0,0,0,0,0,0,0
41.14999999999971,0,0,0,0,0,0,0,0,0,0,0
41.199999999999704,0,0,0,0,0,0,0,0,0,0,0
41.2499999999997,0,0,0,0,0,0,0,0,0,0,0
41.2999999999997,0,0,0,0,0,0,0,0,0,0,0
41.349999999999696,0,0,0,0,0,0,0,0,0,0,0
41.39999999999969,0,0,0,0,0,0,0,0,0,0,0
41.44999999999969,0,0,0,0,0,0,0,0,0,0,0
41.49999999999969,0,0,0,0,0,0,0,0,0,0,0
41.549999999999685,0,0,0,0,0,0,0,0,0,0,0
