*****
16,0.05,500,0,1,10,100,0.130921998163,0.0426836366557
16,500,500,500,479,500,0,0,0,0,0,0
16.05,459,459,459,446,459,0,0,0,0,0,0
16.1,474,474,474,459,474,0,0,0,0,0,0
16.150000000000002,474,474,474,461,474,0,0,0,0,0,0
16.200000000000003,438,438,438,419,438,0,0,0,0,0,0
16.250000000000004,443,443,443,427,443,0,0,0,0,0,0
16.300000000000004,432,432,432,426,432,0,0,0,0,0,0
16.350000000000005,449,449,449,436,449,0,0,0,0,0,0
16.400000000000006,476,476,476,455,476,0,0,0,0,0,0
16.450000000000006,527,527,527,506,527,0,0,0,0,0,0
16.500000000000007,420,420,420,402,420,0,0,0,0,0,0
16.550000000000008,467,466,467,443,467,0,0,0,0,0,0
16.60000000000001,478,478,478,454,478,0,0,0,0,0,0
16.65000000000001,451,451,451,417,451,0,0,0,0,0,0
16.70000000000001,466,466,466,430,466,0,0,0,0,0,0
16.75000000000001,462,461,461,418,461,0,0,0,0,0,0
16.80000000000001,461,459,461,406,461,0,0,0,0,0,0
16.850000000000012,483,482,483,434,483,0,0,0,0,0,0
16.900000000000013,458,457,457,405,457,0,0,0,0,0,0
16.950000000000014,475,473,474,404,474,0,0,0,0,0,0
17.000000000000014,504,499,501,407,501,0,0,0,0,0,0
17.050000000000015,475,469,472,399,472,0,0,0,0,0,0
17.100000000000016,493,482,488,408,488,0,0,0,0,0,0
17.150000000000016,438,427,429,357,429,0,0,0,0,0,0
17.200000000000017,484,469,472,390,472,0,0,0,0,0,0
17.250000000000018,456,444,447,364,447,0,0,0,0,0,0
17.30000000000002,484,468,473,382,473,0,0,0,0,0,0
17.35000000000002,467,439,445,352,445,0,0,0,0,0,0
17.40000000000002,444,415,423,340,423,0,0,0,0,0,0
17.45000000000002,489,453,465,361,465,0,0,0,0,0,0
17.50000000000002,451,392,408,339,408,0,0,0,0,0,0
17.550000000000022,474,410,427,327,427,0,0,0,0,0,0
17.600000000000023,510,434,450,348,450,0,0,0,0,0,0
17.650000000000023,449,379,397,310,398,0,0,0,0,0,0
17.700000000000024,492,379,404,304,405,0,0,0,0,0,0
17.750000000000025,495,359,385,291,386,0,0,0,0,0,0
17.800000000000026,451,320,336,269,336,0,0,0,0,0,0
17.850000000000026,456,332,348,290,348,0,0,0,0,0,0
17.900000000000027,495,341,361,274,361,0,0,0,0,0,0
17.950000000000028,461,291,307,240,309,0,0,0,0,0,0
18.00000000000003,477,290,314,238,314,0,0,0,0,0,0
18.05000000000003,468,265,295,245,295,0,0,0,0,0,0
18.10000000000003,449,261,287,212,287,0,0,0,0,0,0
18.15000000000003,467,233,265,200,265,0,0,0,0,0,0
18.20000000000003,475,212,241,190,241,0,0,0,0,0,0
18.250000000000032,466,204,228,194,228,0,0,0,0,0,0
18.300000000000033,445,173,193,158,193,0,0,0,0,0,0
18.350000000000033,488,175,193,159,193,0,0,0,0,0,0
18.400000000000034,492,159,173,137,173,0,0,0,0,0,0
18.450000000000035,437,126,146,129,146,0,0,0,0,0,0
18.500000000000036,460,123,139,126,140,0,0,0,0,0,0
18.550000000000036,488,114,138,116,138,0,0,0,0,0,0
18.600000000000037,491,102,120,104,120,0,0,0,0,0,0
18.650000000000038,436,79,86,79,87,0,0,0,0,0,0
18.70000000000004,471,80,93,95,93,0,0,0,0,0,0
18.75000000000004,409,56,62,62,62,0,0,0,0,0,0
18.80000000000004,476,69,85,70,85,0,0,0,0,0,0
18.85000000000004,479,55,71,71,71,0,0,0,0,0,0
18.90000000000004,446,52,57,44,57,0,0,0,0,0,0
18.950000000000042,491,33,41,50,42,0,0,0,0,0,0
19.000000000000043,470,42,47,46,47,0,0,0,0,0,0
19.050000000000043,437,26,28,27,28,0,0,0,0,0,0
19.100000000000044,467,31,35,39,35,0,0,0,0,0,0
19.150000000000045,506,19,25,29,25,0,0,0,0,0,0
19.200000000000045,460,18,23,19,23,0,0,0,0,0,0
19.250000000000046,473,13,15,18,15,0,0,0,0,0,0
19.300000000000047,492,13,16,14,17,0,0,0,0,0,0
19.350000000000048,433,11,17,14,17,0,0,0,0,0,0
19.40000000000005,458,9,13,11,13,0,0,0,0,0,0
19.45000000000005,470,15,16,19,16,0,0,0,0,0,0
19.50000000000005,446,5,5,8,5,0,0,0,0,0,0
19.55000000000005,489,9,9,8,9,0,0,0,0,0,0
19.60000000000005,475,3,5,9,5,0,0,0,0,0,0
19.650000000000052,457,3,3,6,3,0,0,0,0,0,0
19.700000000000053,460,2,4,7,4,0,0,0,0,0,0
19.750000000000053,440,0,2,3,2,0,0,0,0,0,0
19.800000000000054,455,1,1,4,1,0,0,0,0,0,0
19.850000000000055,413,0,0,1,0,0,0,0,0,0,0
19.900000000000055,496,0,0,3,0,0,0,0,0,0,0
19.950000000000056,464,3,3,2,3,0,0,0,0,0,0
20.000000000000057,459,0,0,1,0,0,0,0,0,0,0
20.050000000000058,482,0,0,0,0,0,0,0,0,0,0
20.10000000000006,469,0,0,0,0,0,0,0,0,0,0
20.15000000000006,461,1,1,1,1,0,0,0,0,0,0
20.20000000000006,470,2,2,2,2,0,0,0,0,0,0
20.25000000000006,504,0,0,0,0,0,0,0,0,0,0
20.30000000000006,471,0,0,0,0,0,0,0,0,0,0
20.350000000000062,487,0,0,0,0,0,0,0,0,0,0
20.400000000000063,452,0,0,0,0,0,0,0,0,0,0
20.450000000000063,475,0,0,0,0,0,0,0,0,0,0
20.500000000000064,426,0,0,0,0,0,0,0,0,0,0
20.550000000000065,476,0,0,0,0,0,0,0,0,0,0
20.600000000000065,483,0,0,0,0,0,0,0,0,0,0
20.650000000000066,426,0,0,0,0,0,0,0,0,0,0
20.700000000000067,434,0,0,0,0,0,0,0,0,0,0
20.750000000000068,456,0,0,0,0,0,0,0,0,0,0
20.800000000000068,526,0,0,0,0,0,0,0,0,0,0
20.85000000000007,468,0,0,0,0,0,0,0,0,0,0
20.90000000000007,470,0,0,0,0,0,0,0,0,0,0
20.95000000000007,440,0,0,0,0,0,0,0,0,0,0
21.00000000000007,487,0,0,0,0,0,0,0,0,0,0
21.05000000000007,493,0,0,0,0,0,0,0,0,0,0
21.100000000000072,493,0,0,0,0,0,0,0,0,0,0
21.150000000000073,496,0,0,0,0,0,0,0,0,0,0
21.200000000000074,474,0,0,0,0,0,0,0,0,0,0
21.250000000000075,431,0,0,0,0,0,0,0,0,0,0
21.300000000000075,485,0,0,0,0,0,0,0,0,0,0
21.350000000000076,491,0,0,0,0,0,0,0,0,0,0
21.400000000000077,471,0,0,0,0,0,0,0,0,0,0
21.450000000000077,468,0,0,0,0,0,0,0,0,0,0
21.500000000000078,467,0,0,0,0,0,0,0,0,0,0
21.55000000000008,472,0,0,0,0,0,0,0,0,0,0
21.60000000000008,483,0,0,0,0,0,0,0,0,0,0
21.65000000000008,457,0,0,0,0,0,0,0,0,0,0
21.70000000000008,492,0,0,0,0,0,0,0,0,0,0
21.75000000000008,460,0,0,0,0,0,0,0,0,0,0
21.800000000000082,477,0,0,0,0,0,0,0,0,0,0
21.850000000000083,423,0,0,0,0,0,0,0,0,0,0
21.900000000000084,493,0,0,0,0,0,0,0,0,0,0
21.950000000000085,463,0,0,0,0,0,0,0,0,0,0
22.000000000000085,471,0,0,0,0,0,0,0,0,0,0
22.050000000000086,484,0,0,0,0,0,0,0,0,0,0
22.100000000000087,453,0,0,0,0,0,0,0,0,0,0
22.150000000000087,467,0,0,0,0,0,0,0,0,0,0
22.200000000000088,473,0,0,0,0,0,0,0,0,0,0
22.25000000000009,489,0,0,0,0,0,0,0,0,0,0
22.30000000000009,475,0,0,0,0,0,0,0,0,0,0
22.35000000000009,433,0,0,0,0,0,0,0,0,0,0
22.40000000000009,439,0,0,0,0,0,0,0,0,0,0
22.45000000000009,471,0,0,0,0,0,0,0,0,0,0
22.500000000000092,476,0,0,0,0,0,0,0,0,0,0
22.550000000000093,468,0,0,0,0,0,0,0,0,0,0
22.600000000000094,446,0,0,0,0,0,0,0,0,0,0
22.650000000000095,486,0,0,0,0,0,0,0,0,0,0
22.700000000000095,435,0,0,0,0,0,0,0,0,0,0
22.750000000000096,493,0,0,0,0,0,0,0,0,0,0
22.800000000000097,497,0,0,0,0,0,0,0,0,0,0
22.850000000000097,440,0,0,0,0,0,0,0,0,0,0
22.900000000000098,466,0,0,0,0,0,0,0,0,0,0
22.9500000000001,446,0,0,0,0,0,0,0,0,0,0
23.0000000000001,454,0,0,0,0,0,0,0,0,0,0
23.0500000000001,527,0,0,0,0,0,0,0,0,0,0
23.1000000000001,434,0,0,0,0,0,0,0,0,0,0
23.1500000000001,443,0,0,0,0,0,0,0,0,0,0
23.200000000000102,472,0,0,0,0,0,0,0,0,0,0
23.250000000000103,438,0,0,0,0,0,0,0,0,0,0
23.300000000000104,497,0,0,0,0,0,0,0,0,0,0
23.350000000000104,462,0,0,0,0,0,0,0,0,0,0
23.400000000000105,442,0,0,0,0,0,0,0,0,0,0
23.450000000000106,484,0,0,0,0,0,0,0,0,0,0
23.500000000000107,442,0,0,0,0,0,0,0,0,0,0
23.550000000000107,441,0,0,0,0,0,0,0,0,0,0
23.600000000000108,468,0,0,0,0,0,0,0,0,0,0
23.65000000000011,475,0,0,0,0,0,0,0,0,0,0
23.70000000000011,473,0,0,0,0,0,0,0,0,0,0
23.75000000000011,480,0,0,0,0,0,0,0,0,0,0
23.80000000000011,513,0,0,0,0,0,0,0,0,0,0
23.85000000000011,473,0,0,0,0,0,0,0,0,0,0
23.900000000000112,490,0,0,0,0,0,0,0,0,0,0
23.950000000000113,453,0,0,0,0,0,0,0,0,0,0
24.000000000000114,507,0,0,0,0,0,0,0,0,0,0
24.050000000000114,467,0,0,0,0,0,0,0,0,0,0
24.100000000000115,466,0,0,0,0,0,0,0,0,0,0
24.150000000000116,448,0,0,0,0,0,0,0,0,0,0
24.200000000000117,442,0,0,0,0,0,0,0,0,0,0
24.250000000000117,461,0,0,0,0,0,0,0,0,0,0
24.300000000000118,480,0,0,0,0,0,0,0,0,0,0
24.35000000000012,466,0,0,0,0,0,0,0,0,0,0
24.40000000000012,494,0,0,0,0,0,0,0,0,0,0
24.45000000000012,511,0,0,0,0,0,0,0,0,0,0
24.50000000000012,486,0,0,0,0,0,0,0,0,0,0
24.55000000000012,458,0,0,0,0,0,0,0,0,0,0
24.600000000000122,514,0,0,0,0,0,0,0,0,0,0
24.650000000000123,422,0,0,0,0,0,0,0,0,0,0
24.700000000000124,491,0,0,0,0,0,0,0,0,0,0
24.750000000000124,467,0,0,0,0,0,0,0,0,0,0
24.800000000000125,466,0,0,0,0,0,0,0,0,0,0
24.850000000000126,441,0,0,0,0,0,0,0,0,0,0
24.900000000000126,493,0,0,0,0,0,0,0,0,0,0
24.950000000000127,467,0,0,0,0,0,0,0,0,0,0
25.000000000000128,433,0,0,0,0,0,0,0,0,0,0
25.05000000000013,479,0,0,0,0,0,0,0,0,0,0
25.10000000000013,494,0,0,0,0,0,0,0,0,0,0
25.15000000000013,479,0,0,0,0,0,0,0,0,0,0
25.20000000000013,489,0,0,0,0,0,0,0,0,0,0
25.25000000000013,463,0,0,0,0,0,0,0,0,0,0
25.300000000000132,445,0,0,0,0,0,0,0,0,0,0
25.350000000000133,476,0,0,0,0,0,0,0,0,0,0
25.400000000000134,521,0,0,0,0,0,0,0,0,0,0
25.450000000000134,502,0,0,0,0,0,0,0,0,0,0
25.500000000000135,498,0,0,0,0,0,0,0,0,0,0
25.550000000000136,472,0,0,0,0,0,0,0,0,0,0
25.600000000000136,451,0,0,0,0,0,0,0,0,0,0
25.650000000000137,433,0,0,0,0,0,0,0,0,0,0
25.700000000000138,462,0,0,0,0,0,0,0,0,0,0
25.75000000000014,498,0,0,0,0,0,0,0,0,0,0
25.80000000000014,483,0,0,0,0,0,0,0,0,0,0
25.85000000000014,452,0,0,0,0,0,0,0,0,0,0
25.90000000000014,458,0,0,0,0,0,0,0,0,0,0
25.95000000000014,505,0,0,0,0,0,0,0,0,0,0
26.000000000000142,482,0,0,0,0,0,0,0,0,0,0
26.050000000000143,477,0,0,0,0,0,0,0,0,0,0
26.100000000000144,464,0,0,0,0,0,0,0,0,0,0
26.150000000000144,462,0,0,0,0,0,0,0,0,0,0
26.200000000000145,441,0,0,0,0,0,0,0,0,0,0
26.250000000000146,458,0,0,0,0,0,0,0,0,0,0
26.300000000000146,444,0,0,0,0,0,0,0,0,0,0
26.350000000000147,477,0,0,0,0,0,0,0,0,0,0
26.400000000000148,495,0,0,0,0,0,0,0,0,0,0
26.45000000000015,442,0,0,0,0,0,0,0,0,0,0
26.50000000000015,466,0,0,0,0,0,0,0,0,0,0
26.55000000000015,470,0,0,0,0,0,0,0,0,0,0
26.60000000000015,431,0,0,0,0,0,0,0,0,0,0
26.65000000000015,466,0,0,0,0,0,0,0,0,0,0
26.700000000000152,465,0,0,0,0,0,0,0,0,0,0
26.750000000000153,446,0,0,0,0,0,0,0,0,0,0
26.800000000000153,497,0,0,0,0,0,0,0,0,0,0
26.850000000000154,500,0,0,0,0,0,0,0,0,0,0
26.900000000000155,450,0,0,0,0,0,0,0,0,0,0
26.950000000000156,473,0,0,0,0,0,0,0,0,0,0
27.000000000000156,480,0,0,0,0,0,0,0,0,0,0
27.050000000000157,419,0,0,0,0,0,0,0,0,0,0
27.100000000000158,446,0,0,0,0,0,0,0,0,0,0
27.15000000000016,472,0,0,0,0,0,0,0,0,0,0
27.20000000000016,429,0,0,0,0,0,0,0,0,0,0
27.25000000000016,500,0,0,0,0,0,0,0,0,0,0
27.30000000000016,533,0,0,0,0,0,0,0,0,0,0
27.35000000000016,470,0,0,0,0,0,0,0,0,0,0
27.400000000000162,452,0,0,0,0,0,0,0,0,0,0
27.450000000000163,456,0,0,0,0,0,0,0,0,0,0
27.500000000000163,454,0,0,0,0,0,0,0,0,0,0
27.550000000000164,436,0,0,0,0,0,0,0,0,0,0
27.600000000000165,476,0,0,0,0,0,0,0,0,0,0
27.650000000000166,462,0,0,0,0,0,0,0,0,0,0
27.700000000000166,484,0,0,0,0,0,0,0,0,0,0
27.750000000000167,464,0,0,0,0,0,0,0,0,0,0
27.800000000000168,461,0,0,0,0,0,0,0,0,0,0
27.85000000000017,479,0,0,0,0,0,0,0,0,0,0
27.90000000000017,465,0,0,0,0,0,0,0,0,0,0
27.95000000000017,449,0,0,0,0,0,0,0,0,0,0
28.00000000000017,491,0,0,0,0,0,0,0,0,0,0
28.05000000000017,440,0,0,0,0,0,0,0,0,0,0
28.100000000000172,468,0,0,0,0,0,0,0,0,0,0
28.150000000000173,463,0,0,0,0,0,0,0,0,0,0
28.200000000000173,481,0,0,0,0,0,0,0,0,0,0
28.250000000000174,484,0,0,0,0,0,0,0,0,0,0
28.300000000000175,429,0,0,0,0,0,0,0,0,0,0
28.350000000000176,487,0,0,0,0,0,0,0,0,0,0
28.400000000000176,478,0,0,0,0,0,0,0,0,0,0
28.450000000000177,473,0,0,0,0,0,0,0,0,0,0
28.500000000000178,440,0,0,0,0,0,0,0,0,0,0
28.55000000000018,496,0,0,0,0,0,0,0,0,0,0
28.60000000000018,468,0,0,0,0,0,0,0,0,0,0
28.65000000000018,482,0,0,0,0,0,0,0,0,0,0
28.70000000000018,436,0,0,0,0,0,0,0,0,0,0
28.75000000000018,468,0,0,0,0,0,0,0,0,0,0
28.800000000000182,473,0,0,0,0,0,0,0,0,0,0
28.850000000000183,475,0,0,0,0,0,0,0,0,0,0
28.900000000000183,448,0,0,0,0,0,0,0,0,0,0
28.950000000000184,460,0,0,0,0,0,0,0,0,0,0
29.000000000000185,478,0,0,0,0,0,0,0,0,0,0
29.050000000000185,445,0,0,0,0,0,0,0,0,0,0
29.100000000000186,464,0,0,0,0,0,0,0,0,0,0
29.150000000000187,459,0,0,0,0,0,0,0,0,0,0
29.200000000000188,487,0,0,0,0,0,0,0,0,0,0
29.25000000000019,434,0,0,0,0,0,0,0,0,0,0
29.30000000000019,490,0,0,0,0,0,0,0,0,0,0
29.35000000000019,481,0,0,0,0,0,0,0,0,0,0
29.40000000000019,466,0,0,0,0,0,0,0,0,0,0
29.45000000000019,497,0,0,0,0,0,0,0,0,0,0
29.500000000000192,475,0,0,0,0,0,0,0,0,0,0
29.550000000000193,445,0,0,0,0,0,0,0,0,0,0
29.600000000000193,475,0,0,0,0,0,0,0,0,0,0
29.650000000000194,527,0,0,0,0,0,0,0,0,0,0
29.700000000000195,467,0,0,0,0,0,0,0,0,0,0
29.750000000000195,461,0,0,0,0,0,0,0,0,0,0
29.800000000000196,463,0,0,0,0,0,0,0,0,0,0
29.850000000000197,456,0,0,0,0,0,0,0,0,0,0
29.900000000000198,499,0,0,0,0,0,0,0,0,0,0
29.9500000000002,448,0,0,0,0,0,0,0,0,0,0
30.0000000000002,437,0,0,0,0,0,0,0,0,0,0
30.0500000000002,468,0,0,0,0,0,0,0,0,0,0
30.1000000000002,446,0,0,0,0,0,0,0,0,0,0
30.1500000000002,466,0,0,0,0,0,0,0,0,0,0
30.200000000000202,460,0,0,0,0,0,0,0,0,0,0
30.250000000000203,467,0,0,0,0,0,0,0,0,0,0
30.300000000000203,504,0,0,0,0,0,0,0,0,0,0
30.350000000000204,516,0,0,0,0,0,0,0,0,0,0
30.400000000000205,425,0,0,0,0,0,0,0,0,0,0
30.450000000000205,474,0,0,0,0,0,0,0,0,0,0
30.500000000000206,488,0,0,0,0,0,0,0,0,0,0
30.550000000000207,505,0,0,0,0,0,0,0,0,0,0
30.600000000000207,478,0,0,0,0,0,0,0,0,0,0
30.650000000000208,498,0,0,0,0,0,0,0,0,0,0
30.70000000000021,471,0,0,0,0,0,0,0,0,0,0
30.75000000000021,471,0,0,0,0,0,0,0,0,0,0
30.80000000000021,440,0,0,0,0,0,0,0,0,0,0
30.85000000000021,445,0,0,0,0,0,0,0,0,0,0
30.90000000000021,440,0,0,0,0,0,0,0,0,0,0
30.950000000000212,456,0,0,0,0,0,0,0,0,0,0
31.000000000000213,491,0,0,0,0,0,0,0,0,0,0
31.050000000000214,478,0,0,0,0,0,0,0,0,0,0
31.100000000000215,448,0,0,0,0,0,0,0,0,0,0
31.150000000000215,488,0,0,0,0,0,0,0,0,0,0
31.200000000000216,474,0,0,0,0,0,0,0,0,0,0
31.250000000000217,501,0,0,0,0,0,0,0,0,0,0
31.300000000000217,461,0,0,0,0,0,0,0,0,0,0
31.350000000000218,418,0,0,0,0,0,0,0,0,0,0
31.40000000000022,506,0,0,0,0,0,0,0,0,0,0
31.45000000000022,451,0,0,0,0,0,0,0,0,0,0
31.50000000000022,488,0,0,0,0,0,0,0,0,0,0
31.55000000000022,448,0,0,0,0,0,0,0,0,0,0
31.60000000000022,449,0,0,0,0,0,0,0,0,0,0
31.650000000000222,447,0,0,0,0,0,0,0,0,0,0
31.700000000000223,453,0,0,0,0,0,0,0,0,0,0
31.750000000000224,511,0,0,0,0,0,0,0,0,0,0
31.800000000000225,471,0,0,0,0,0,0,0,0,0,0
31.850000000000225,455,0,0,0,0,0,0,0,0,0,0
31.900000000000226,461,0,0,0,0,0,0,0,0,0,0
31.950000000000227,492,0,0,0,0,0,0,0,0,0,0
32.00000000000023,423,0,0,0,0,0,0,0,0,0,0
32.050000000000225,410,0,0,0,0,0,0,0,0,0,0
32.10000000000022,412,0,0,0,0,0,0,0,0,0,0
32.15000000000022,395,0,0,0,0,0,0,0,0,0,0
32.200000000000216,371,0,0,0,0,0,0,0,0,0,0
32.25000000000021,306,0,0,0,0,0,0,0,0,0,0
32.30000000000021,336,0,0,0,0,0,0,0,0,0,0
32.35000000000021,313,0,0,0,0,0,0,0,0,0,0
32.400000000000205,272,0,0,0,0,0,0,0,0,0,0
32.4500000000002,269,0,0,0,0,0,0,0,0,0,0
32.5000000000002,203,0,0,0,0,0,0,0,0,0,0
32.550000000000196,220,0,0,0,0,0,0,0,0,0,0
32.60000000000019,178,0,0,0,0,0,0,0,0,0,0
32.65000000000019,161,0,0,0,0,0,0,0,0,0,0
32.70000000000019,117,0,0,0,0,0,0,0,0,0,0
32.750000000000185,104,0,0,0,0,0,0,0,0,0,0
32.80000000000018,88,0,0,0,0,0,0,0,0,0,0
32.85000000000018,52,0,0,0,0,0,0,0,0,0,0
32.900000000000176,43,0,0,0,0,0,0,0,0,0,0
32.95000000000017,14,0,0,0,0,0,0,0,0,0,0
33.00000000000017,0,0,0,0,0,0,0,0,0,0,0
33.05000000000017,0,0,0,0,0,0,0,0,0,0,0
33.100000000000165,0,0,0,0,0,0,0,0,0,0,0
33.15000000000016,0,0,0,0,0,0,0,0,0,0,0
33.20000000000016,0,0,0,0,0,0,0,0,0,0,0
33.250000000000156,0,0,0,0,0,0,0,0,0,0,0
33.30000000000015,0,0,0,0,0,0,0,0,0,0,0
33.35000000000015,0,0,0,0,0,0,0,0,0,0,0
33.40000000000015,0,0,0,0,0,0,0,0,0,0,0
33.450000000000145,0,0,0,0,0,0,0,0,0,0,0
33.50000000000014,0,0,0,0,0,0,0,0,0,0,0
33.55000000000014,0,0,0,0,0,0,0,0,0,0,0
33.600000000000136,0,0,0,0,0,0,0,0,0,0,0
33.650000000000134,0,0,0,0,0,0,0,0,0,0,0
33.70000000000013,0,0,0,0,0,0,0,0,0,0,0
33.75000000000013,0,0,0,0,0,0,0,0,0,0,0
33.800000000000125,0,0,0,0,0,0,0,0,0,0,0
33.85000000000012,0,0,0,0,0,0,0,0,0,0,0
33.90000000000012,0,0,0,0,0,0,0,0,0,0,0
33.95000000000012,0,0,0,0,0,0,0,0,0,0,0
34.000000000000114,0,0,0,0,0,0,0,0,0,0,0
34.05000000000011,0,0,0,0,0,0,0,0,0,0,0
34.10000000000011,0,0,0,0,0,0,0,0,0,0,0
34.150000000000105,0,0,0,0,0,0,0,0,0,0,0
34.2000000000001,0,0,0,0,0,0,0,0,0,0,0
34.2500000000001,0,0,0,0,0,0,0,0,0,0,0
34.3000000000001,0,0,0,0,0,0,0,0,0,0,0
34.350000000000094,0,0,0,0,0,0,0,0,0,0,0
34.40000000000009,0,0,0,0,0,0,0,0,0,0,0
34.45000000000009,0,0,0,0,0,0,0,0,0,0,0
34.500000000000085,0,0,0,0,0,0,0,0,0,0,0
34.55000000000008,0,0,0,0,0,0,0,0,0,0,0
34.60000000000008,0,0,0,0,0,0,0,0,0,0,0
34.65000000000008,0,0,0,0,0,0,0,0,0,0,0
34.700000000000074,0,0,0,0,0,0,0,0,0,0,0
34.75000000000007,0,0,0,0,0,0,0,0,0,0,0
34.80000000000007,0,0,0,0,0,0,0,0,0,0,0
34.850000000000065,0,0,0,0,0,0,0,0,0,0,0
34.90000000000006,0,0,0,0,0,0,0,0,0,0,0
34.95000000000006,0,0,0,0,0,0,0,0,0,0,0
35.00000000000006,0,0,0,0,0,0,0,0,0,0,0
35.050000000000054,0,0,0,0,0,0,0,0,0,0,0
35.10000000000005,0,0,0,0,0,0,0,0,0,0,0
35.15000000000005,0,0,0,0,0,0,0,0,0,0,0
35.200000000000045,0,0,0,0,0,0,0,0,0,0,0
35.25000000000004,0,0,0,0,0,0,0,0,0,0,0
35.30000000000004,0,0,0,0,0,0,0,0,0,0,0
35.35000000000004,0,0,0,0,0,0,0,0,0,0,0
35.400000000000034,0,0,0,0,0,0,0,0,0,0,0
35.45000000000003,0,0,0,0,0,0,0,0,0,0,0
35.50000000000003,0,0,0,0,0,0,0,0,0,0,0
35.550000000000026,0,0,0,0,0,0,0,0,0,0,0
35.60000000000002,0,0,0,0,0,0,0,0,0,0,0
35.65000000000002,0,0,0,0,0,0,0,0,0,0,0
35.70000000000002,0,0,0,0,0,0,0,0,0,0,0
35.750000000000014,0,0,0,0,0,0,0,0,0,0,0
35.80000000000001,0,0,0,0,0,0,0,0,0,0,0
35.85000000000001,0,0,0,0,0,0,0,0,0,0,0
35.900000000000006,0,0,0,0,0,0,0,0,0,0,0
35.95,0,0,0,0,0,0,0,0,0,0,0
36.0,0,0,0,0,0,0,0,0,0,0,0
36.05,0,0,0,0,0,0,0,0,0,0,0
36.099999999999994,0,0,0,0,0,0,0,0,0,0,0
36.14999999999999,0,0,0,0,0,0,0,0,0,0,0
36.19999999999999,0,0,0,0,0,0,0,0,0,0,0
36.249999999999986,0,0,0,0,0,0,0,0,0,0,0
36.29999999999998,0,0,0,0,0,0,0,0,0,0,0
36.34999999999998,0,0,0,0,0,0,0,0,0,0,0
36.39999999999998,0,0,0,0,0,0,0,0,0,0,0
36.449999999999974,0,0,0,0,0,0,0,0,0,0,0
36.49999999999997,0,0,0,0,0,0,0,0,0,0,0
36.54999999999997,0,0,0,0,0,0,0,0,0,0,0
36.599999999999966,0,0,0,0,0,0,0,0,0,0,0
36.64999999999996,0,0,0,0,0,0,0,0,0,0,0
36.69999999999996,0,0,0,0,0,0,0,0,0,0,0
36.74999999999996,0,0,0,0,0,0,0,0,0,0,0
36.799999999999955,0,0,0,0,0,0,0,0,0,0,0
36.84999999999995,0,0,0,0,0,0,0,0,0,0,0
36.89999999999995,0,0,0,0,0,0,0,0,0,0,0
36.949999999999946,0,0,0,0,0,0,0,0,0,0,0
36.99999999999994,0,0,0,0,0,0,0,0,0,0,0
37.04999999999994,0,0,0,0,0,0,0,0,0,0,0
37.09999999999994,0,0,0,0,0,0,0,0,0,0,0
37.149999999999935,0,0,0,0,0,0,0,0,0,0,0
37.19999999999993,0,0,0,0,0,0,0,0,0,0,0
37.24999999999993,0,0,0,0,0,0,0,0,0,0,0
37.299999999999926,0,0,0,0,0,0,0,0,0,0,0
37.34999999999992,0,0,0,0,0,0,0,0,0,0,0
37.39999999999992,0,0,0,0,0,0,0,0,0,0,0
37.44999999999992,0,0,0,0,0,0,0,0,0,0,0
37.499999999999915,0,0,0,0,0,0,0,0,0,0,0
37.54999999999991,0,0,0,0,0,0,0,0,0,0,0
37.59999999999991,0,0,0,0,0,0,0,0,0,0,0
37.649999999999906,0,0,0,0,0,0,0,0,0,0,0
37.6999999999999,0,0,0,0,0,0,0,0,0,0,0
37.7499999999999,0,0,0,0,0,0,0,0,0,0,0
37.7999999999999,0,0,0,0,0,0,0,0,0,0,0
37.849999999999895,0,0,0,0,0,0,0,0,0,0,0
37.89999999999989,0,0,0,0,0,0,0,0,0,0,0
37.94999999999989,0,0,0,0,0,0,0,0,0,0,0
37.999999999999886,0,0,0,0,0,0,0,0,0,0,0
38.04999999999988,0,0,0,0,0,0,0,0,0,0,0
38.09999999999988,0,0,0,0,0,0,0,0,0,0,0
38.14999999999988,0,0,0,0,0,0,0,0,0,0,0
38.199999999999875,0,0,0,0,0,0,0,0,0,0,0
38.24999999999987,0,0,0,0,0,0,0,0,0,0,0
38.29999999999987,0,0,0,0,0,0,0,0,0,0,0
38.349999999999866,0,0,0,0,0,0,0,0,0,0,0
38.399999999999864,0,0,0,0,0,0,0,0,0,0,0
38.44999999999986,0,0,0,0,0,0,0,0,0,0,0
38.49999999999986,0,0,0,0,0,0,0,0,0,0,0
38.549999999999855,0,0,0,0,0,0,0,0,0,0,0
38.59999999999985,0,0,0,0,0,0,0,0,0,0,0
38.64999999999985,0,0,0,0,0,0,0,0,0,0,0
38.69999999999985,0,0,0,0,0,0,0,0,0,0,0
38.749999999999844,0,0,0,0,0,0,0,0,0,0,0
38.79999999999984,0,0,0,0,0,0,0,0,0,0,0
38.84999999999984,0,0,0,0,0,0,0,0,0,0,0
38.899999999999835,0,0,0,0,0,0,0,0,0,0,0
38.94999999999983,0,0,0,0,0,0,0,0,0,0,0
38.99999999999983,0,0,0,0,0,0,0,0,0,0,0
39.04999999999983,0,0,0,0,0,0,0,0,0,0,0
39.099999999999824,0,0,0,0,0,0,0,0,0,0,0
39.14999999999982,0,0,0,0,0,0,0,0,0,0,0
39.19999999999982,0,0,0,0,0,0,0,0,0,0,0
39.249999999999815,0,0,0,0,0,0,0,0,0,0,0
39.29999999999981,0,0,0,0,0,0,0,0,0,0,0
39.34999999999981,0,0,0,0,0,0,0,0,0,0,0
39.39999999999981,0,0,0,0,0,0,0,0,0,0,0
39.449999999999804,0,0,0,0,0,0,0,0,0,0,0
39.4999999999998,0,0,0,0,0,0,0,0,0,0,0
39.5499999999998,0,0,0,0,0,0,0,0,0,0,0
39.599999999999795,0,0,0,0,0,0,0,0,0,0,0
39.64999999999979,0,0,0,0,0,0,0,0,0,0,0
39.69999999999979,0,0,0,0,0,0,0,0,0,0,0
39.74999999999979,0,0,0,0,0,0,0,0,0,0,0
39.799999999999784,0,0,0,0,0,0,0,0,0,0,0
39.84999999999978,0,0,0,0,0,0,0,0,0,0,0
39.89999999999978,0,0,0,0,0,0,0,0,0,0,0
39.949999999999775,0,0,0,0,0,0,0,0,0,0,0
39.99999999999977,0,0,0,0,0,0,0,0,0,0,0
40.04999999999977,0,0,0,0,0,0,0,0,0,0,0
40.09999999999977,0,0,0,0,0,0,0,0,0,0,0
40.149999999999764,0,0,0,0,0,0,0,0,0,0,0
40.19999999999976,0,0,0,0,0,0,0,0,0,0,0
40.24999999999976,0,0,0,0,0,0,0,0,0,0,0
40.299999999999756,0,0,0,0,0,0,0,0,0,0,0
40.34999999999975,0,0,0,0,0,0,0,0,0,0,0
40.39999999999975,0,0,0,0,0,0,0,0,0,0,0
40.44999999999975,0,0,0,0,0,0,0,0,0,0,0
40.499999999999744,0,0,0,0,0,0,0,0,0,0,0
40.54999999999974,0,0,0,0,0,0,0,0,0,0,0
40.59999999999974,0,0,0,0,0,0,0,0,0,0,0
40.649999999999736,0,0,0,0,0,0,0,0,0,0,0
40.69999999999973,0,0,0,0,0,0,0,0,0,0,0
40.74999999999973,0,0,0,0,0,0,0,0,0,0,0
40.79999999999973,0,0,0,0,0,0,0,0,0,0,0
40.849999999999724,0,0,0,0,0,0,0,0,0,0,0
40.89999999999972,0,0,0,0,0,0,0,0,0,0,0
40.94999999999972,0,0,0,0,0,0,0,0,0,0,0
40.999999999999716,0,0,0,0,0,0,0,0,0,0,0
41.04999999999971,0,0,0,0,0,0,0,0,0,0,0
41.09999999999971,0,0,0,0,0,0,0,0,0,0,0
41.14999999999971,0,0,0,0,0,0,0,0,0,0,0
41.199999999999704,0,0,0,0,0,0,0,0,0,0,0
41.2499999999997,0,0,0,0,0,0,0,0,0,0,0
41.2999999999997,0,0,0,0,0,0,0,0,0,0,0
41.349999999999696,0,0,0,0,0,0,0,0,0,0,0
41.39999999999969,0,0,0,0,0,0,0,0,0,0,0
41.44999999999969,0,0,0,0,0,0,0,0,0,0,0
41.49999999999969,0,0,0,0,0,0,0,0,0,0,0
41.549999999999685,0,0,0,0,0,0,0,0,0,0,0
*****
16,0.05,500,0,0.4,10,100,0.130921998163,0.0426836366557
16,500,500,500,500,500,0,0,0,0,0,0
16.05,481,481,481,481,481,0,0,0,0,0,0
16.1,458,458,458,458,458,0,0,0,0,0,0
16.150000000000002,485,485,485,485,485,0,0,0,0,0,0
16.200000000000003,511,511,511,511,511,0,0,0,0,0,0
16.250000000000004,484,484,484,484,484,0,0,0,0,0,0
16.300000000000004,470,470,470,470,470,0,0,0,0,0,0
16.350000000000005,459,459,459,459,459,0,0,0,0,0,0
16.400000000000006,500,500,500,500,500,0,0,0,0,0,0
16.450000000000006,469,469,469,469,469,0,0,0,0,0,0
16.500000000000007,489,489,489,489,489,0,0,0,0,0,0
16.550000000000008,447,447,447,447,447,0,0,0,0,0,0
16.60000000000001,515,515,515,515,515,0,0,0,0,0,0
16.65000000000001,464,464,464,464,464,0,0,0,0,0,0
16.70000000000001,454,454,454,454,454,0,0,0,0,0,0
16.75000000000001,491,491,491,491,491,0,0,0,0,0,0
16.80000000000001,507,507,507,507,507,0,0,0,0,0,0
16.850000000000012,497,497,497,497,497,0,0,0,0,0,0
16.900000000000013,490,490,490,490,490,0,0,0,0,0,0
16.950000000000014,458,458,458,458,458,0,0,0,0,0,0
17.000000000000014,501,501,501,501,501,0,0,0,0,0,0
17.050000000000015,481,481,481,481,481,0,0,0,0,0,0
17.100000000000016,488,488,488,488,488,0,0,0,0,0,0
17.150000000000016,479,479,479,479,479,0,0,0,0,0,0
17.200000000000017,478,478,478,478,478,0,0,0,0,0,0
17.250000000000018,454,454,454,454,454,0,0,0,0,0,0
17.30000000000002,477,477,477,477,477,0,0,0,0,0,0
17.35000000000002,456,456,456,456,456,0,0,0,0,0,0
17.40000000000002,482,482,482,482,482,0,0,0,0,0,0
17.45000000000002,466,466,466,466,466,0,0,0,0,0,0
17.50000000000002,517,517,517,517,517,0,0,0,0,0,0
17.550000000000022,456,456,456,456,456,0,0,0,0,0,0
17.600000000000023,505,505,505,505,505,0,0,0,0,0,0
17.650000000000023,493,493,493,493,493,0,0,0,0,0,0
17.700000000000024,448,448,448,448,448,0,0,0,0,0,0
17.750000000000025,457,457,457,457,457,0,0,0,0,0,0
17.800000000000026,472,472,472,472,472,0,0,0,0,0,0
17.850000000000026,520,520,520,520,520,0,0,0,0,0,0
17.900000000000027,485,485,485,485,485,0,0,0,0,0,0
17.950000000000028,492,492,492,492,492,0,0,0,0,0,0
18.00000000000003,473,473,473,473,473,0,0,0,0,0,0
18.05000000000003,467,467,467,467,467,0,0,0,0,0,0
18.10000000000003,470,470,470,470,470,0,0,0,0,0,0
18.15000000000003,501,501,501,501,501,0,0,0,0,0,0
18.20000000000003,450,450,450,450,450,0,0,0,0,0,0
18.250000000000032,503,503,503,503,503,0,0,0,0,0,0
18.300000000000033,488,488,488,488,488,0,0,0,0,0,0
18.350000000000033,436,436,436,436,436,0,0,0,0,0,0
18.400000000000034,475,475,475,475,475,0,0,0,0,0,0
18.450000000000035,446,446,446,446,446,0,0,0,0,0,0
18.500000000000036,487,487,487,487,487,0,0,0,0,0,0
18.550000000000036,506,506,506,506,506,0,0,0,0,0,0
18.600000000000037,468,468,468,468,468,0,0,0,0,0,0
18.650000000000038,460,460,460,460,460,0,0,0,0,0,0
18.70000000000004,495,495,495,495,495,0,0,0,0,0,0
18.75000000000004,494,494,494,494,494,0,0,0,0,0,0
18.80000000000004,470,470,470,470,470,0,0,0,0,0,0
18.85000000000004,477,477,477,477,477,0,0,0,0,0,0
18.90000000000004,514,514,514,514,514,0,0,0,0,0,0
18.950000000000042,471,471,471,471,471,0,0,0,0,0,0
19.000000000000043,448,448,448,448,448,0,0,0,0,0,0
19.050000000000043,503,503,503,503,503,0,0,0,0,0,0
19.100000000000044,508,508,508,508,508,0,0,0,0,0,0
19.150000000000045,505,505,505,505,505,0,0,0,0,0,0
19.200000000000045,485,485,485,485,485,0,0,0,0,0,0
19.250000000000046,473,473,473,473,473,0,0,0,0,0,0
19.300000000000047,494,494,494,494,494,0,0,0,0,0,0
19.350000000000048,437,437,437,437,437,0,0,0,0,0,0
19.40000000000005,491,491,491,491,491,0,0,0,0,0,0
19.45000000000005,447,447,447,447,447,0,0,0,0,0,0
19.50000000000005,511,511,510,511,511,0,0,0,0,0,0
19.55000000000005,476,476,476,476,476,0,0,0,0,0,0
19.60000000000005,458,458,458,458,458,0,0,0,0,0,0
19.650000000000052,521,521,521,521,521,0,0,0,0,0,0
19.700000000000053,460,460,460,460,460,0,0,0,0,0,0
19.750000000000053,483,483,483,483,483,0,0,0,0,0,0
19.800000000000054,482,481,481,482,481,0,0,0,0,0,0
19.850000000000055,507,504,504,507,504,0,0,0,0,0,0
19.900000000000055,491,486,486,490,486,0,0,0,0,0,0
19.950000000000056,459,454,454,459,454,0,0,0,0,0,0
20.000000000000057,483,476,476,483,477,0,0,0,0,0,0
20.050000000000058,469,467,467,468,467,0,0,0,0,0,0
20.10000000000006,483,474,471,483,474,0,0,0,0,0,0
20.15000000000006,453,445,443,448,445,0,0,0,0,0,0
20.20000000000006,483,471,471,481,472,0,0,0,0,0,0
20.25000000000006,491,469,467,490,470,0,0,0,0,0,0
20.30000000000006,485,469,467,481,469,0,0,0,0,0,0
20.350000000000062,526,487,485,521,487,0,0,0,0,0,0
20.400000000000063,470,432,427,461,432,0,0,0,0,0,0
20.450000000000063,467,418,415,464,420,0,0,0,0,0,0
20.500000000000064,447,397,393,438,398,0,0,0,0,0,0
20.550000000000065,464,409,408,449,411,0,0,0,0,0,0
20.600000000000065,486,406,402,462,406,0,0,0,0,0,0
20.650000000000066,495,403,401,465,405,0,0,0,0,0,0
20.700000000000067,470,357,357,440,360,0,0,0,0,0,0
20.750000000000068,477,346,344,432,349,0,0,0,0,0,0
20.800000000000068,433,286,284,386,290,0,0,0,0,0,0
20.85000000000007,497,301,299,444,303,0,0,0,0,0,0
20.90000000000007,501,279,280,422,282,0,0,0,0,0,0
20.95000000000007,488,260,257,394,262,0,0,0,0,0,0
21.00000000000007,490,238,239,362,242,0,0,0,0,0,0
21.05000000000007,466,202,202,323,206,0,0,0,0,0,0
21.100000000000072,448,146,145,278,149,0,0,0,0,0,0
21.150000000000073,470,128,128,252,130,0,0,0,0,0,0
21.200000000000074,485,130,130,241,132,0,0,0,0,0,0
21.250000000000075,475,104,105,208,105,0,0,0,0,0,0
21.300000000000075,497,86,86,189,86,0,0,0,0,0,0
21.350000000000076,450,74,75,140,76,0,0,0,0,0,0
21.400000000000077,459,47,46,94,48,0,0,0,0,0,0
21.450000000000077,513,42,42,89,42,0,0,0,0,0,0
21.500000000000078,466,34,34,73,34,0,0,0,0,0,0
21.55000000000008,497,20,21,50,21,0,0,0,0,0,0
21.60000000000008,479,22,22,53,22,0,0,0,0,0,0
21.65000000000008,488,8,8,29,8,0,0,0,0,0,0
21.70000000000008,462,8,8,21,8,0,0,0,0,0,0
21.75000000000008,518,5,5,16,5,0,0,0,0,0,0
21.800000000000082,460,5,5,12,5,0,0,0,0,0,0
21.850000000000083,468,2,1,3,2,0,0,0,0,0,0
21.900000000000084,499,3,3,6,3,0,0,0,0,0,0
21.950000000000085,489,1,1,2,1,0,0,0,0,0,0
22.000000000000085,456,0,0,1,0,0,0,0,0,0,0
22.050000000000086,476,0,0,2,0,0,0,0,0,0,0
22.100000000000087,455,1,1,1,1,0,0,0,0,0,0
22.150000000000087,506,0,0,3,0,0,0,0,0,0,0
22.200000000000088,476,0,0,0,0,0,0,0,0,0,0
22.25000000000009,491,0,0,1,0,0,0,0,0,0,0
22.30000000000009,512,0,0,0,0,0,0,0,0,0,0
22.35000000000009,471,0,0,0,0,0,0,0,0,0,0
22.40000000000009,448,0,0,0,0,0,0,0,0,0,0
22.45000000000009,481,0,0,0,0,0,0,0,0,0,0
22.500000000000092,510,0,0,0,0,0,0,0,0,0,0
22.550000000000093,466,0,0,0,0,0,0,0,0,0,0
22.600000000000094,513,0,0,0,0,0,0,0,0,0,0
22.650000000000095,483,0,0,0,0,0,0,0,0,0,0
22.700000000000095,459,0,0,0,0,0,0,0,0,0,0
22.750000000000096,469,0,0,0,0,0,0,0,0,0,0
22.800000000000097,489,0,0,0,0,0,0,0,0,0,0
22.850000000000097,450,0,0,0,0,0,0,0,0,0,0
22.900000000000098,436,0,0,0,0,0,0,0,0,0,0
22.9500000000001,481,0,0,0,0,0,0,0,0,0,0
23.0000000000001,500,0,0,0,0,0,0,0,0,0,0
23.0500000000001,469,0,0,0,0,0,0,0,0,0,0
23.1000000000001,502,0,0,0,0,0,0,0,0,0,0
23.1500000000001,471,0,0,0,0,0,0,0,0,0,0
23.200000000000102,503,0,0,0,0,0,0,0,0,0,0
23.250000000000103,462,0,0,0,0,0,0,0,0,0,0
23.300000000000104,500,0,0,0,0,0,0,0,0,0,0
23.350000000000104,492,0,0,0,0,0,0,0,0,0,0
23.400000000000105,486,0,0,0,0,0,0,0,0,0,0
23.450000000000106,467,0,0,0,0,0,0,0,0,0,0
23.500000000000107,462,0,0,0,0,0,0,0,0,0,0
23.550000000000107,459,0,0,0,0,0,0,0,0,0,0
23.600000000000108,469,0,0,0,0,0,0,0,0,0,0
23.65000000000011,493,0,0,0,0,0,0,0,0,0,0
23.70000000000011,466,0,0,0,0,0,0,0,0,0,0
23.75000000000011,450,0,0,0,0,0,0,0,0,0,0
23.80000000000011,527,0,0,0,0,0,0,0,0,0,0
23.85000000000011,459,0,0,0,0,0,0,0,0,0,0
23.900000000000112,518,0,0,0,0,0,0,0,0,0,0
23.950000000000113,509,0,0,0,0,0,0,0,0,0,0
24.000000000000114,483,0,0,0,0,0,0,0,0,0,0
24.050000000000114,432,0,0,0,0,0,0,0,0,0,0
24.100000000000115,435,0,0,0,0,0,0,0,0,0,0
24.150000000000116,516,0,0,0,0,0,0,0,0,0,0
24.200000000000117,498,0,0,0,0,0,0,0,0,0,0
24.250000000000117,462,0,0,0,0,0,0,0,0,0,0
24.300000000000118,501,0,0,0,0,0,0,0,0,0,0
24.35000000000012,435,0,0,0,0,0,0,0,0,0,0
24.40000000000012,450,0,0,0,0,0,0,0,0,0,0
24.45000000000012,498,0,0,0,0,0,0,0,0,0,0
24.50000000000012,476,0,0,0,0,0,0,0,0,0,0
24.55000000000012,523,0,0,0,0,0,0,0,0,0,0
24.600000000000122,456,0,0,0,0,0,0,0,0,0,0
24.650000000000123,480,0,0,0,0,0,0,0,0,0,0
24.700000000000124,528,0,0,0,0,0,0,0,0,0,0
24.750000000000124,468,0,0,0,0,0,0,0,0,0,0
24.800000000000125,461,0,0,0,0,0,0,0,0,0,0
24.850000000000126,448,0,0,0,0,0,0,0,0,0,0
24.900000000000126,486,0,0,0,0,0,0,0,0,0,0
24.950000000000127,465,0,0,0,0,0,0,0,0,0,0
25.000000000000128,493,0,0,0,0,0,0,0,0,0,0
25.05000000000013,476,0,0,0,0,0,0,0,0,0,0
25.10000000000013,472,0,0,0,0,0,0,0,0,0,0
25.15000000000013,483,0,0,0,0,0,0,0,0,0,0
25.20000000000013,459,0,0,0,0,0,0,0,0,0,0
25.25000000000013,472,0,0,0,0,0,0,0,0,0,0
25.300000000000132,475,0,0,0,0,0,0,0,0,0,0
25.350000000000133,475,0,0,0,0,0,0,0,0,0,0
25.400000000000134,451,0,0,0,0,0,0,0,0,0,0
25.450000000000134,452,0,0,0,0,0,0,0,0,0,0
25.500000000000135,540,0,0,0,0,0,0,0,0,0,0
25.550000000000136,462,0,0,0,0,0,0,0,0,0,0
25.600000000000136,473,0,0,0,0,0,0,0,0,0,0
25.650000000000137,482,0,0,0,0,0,0,0,0,0,0
25.700000000000138,484,0,0,0,0,0,0,0,0,0,0
25.75000000000014,477,0,0,0,0,0,0,0,0,0,0
25.80000000000014,467,0,0,0,0,0,0,0,0,0,0
25.85000000000014,504,0,0,0,0,0,0,0,0,0,0
25.90000000000014,490,0,0,0,0,0,0,0,0,0,0
25.95000000000014,460,0,0,0,0,0,0,0,0,0,0
26.000000000000142,451,0,0,0,0,0,0,0,0,0,0
26.050000000000143,473,0,0,0,0,0,0,0,0,0,0
26.100000000000144,463,0,0,0,0,0,0,0,0,0,0
26.150000000000144,482,0,0,0,0,0,0,0,0,0,0
26.200000000000145,511,0,0,0,0,0,0,0,0,0,0
26.250000000000146,470,0,0,0,0,0,0,0,0,0,0
26.300000000000146,469,0,0,0,0,0,0,0,0,0,0
26.350000000000147,475,0,0,0,0,0,0,0,0,0,0
26.400000000000148,457,0,0,0,0,0,0,0,0,0,0
26.45000000000015,495,0,0,0,0,0,0,0,0,0,0
26.50000000000015,473,0,0,0,0,0,0,0,0,0,0
26.55000000000015,444,0,0,0,0,0,0,0,0,0,0
26.60000000000015,459,0,0,0,0,0,0,0,0,0,0
26.65000000000015,453,0,0,0,0,0,0,0,0,0,0
26.700000000000152,490,0,0,0,0,0,0,0,0,0,0
26.750000000000153,462,0,0,0,0,0,0,0,0,0,0
26.800000000000153,473,0,0,0,0,0,0,0,0,0,0
26.850000000000154,481,0,0,0,0,0,0,0,0,0,0
26.900000000000155,461,0,0,0,0,0,0,0,0,0,0
26.950000000000156,470,0,0,0,0,0,0,0,0,0,0
27.000000000000156,454,0,0,0,0,0,0,0,0,0,0
27.050000000000157,434,0,0,0,0,0,0,0,0,0,0
27.100000000000158,491,0,0,0,0,0,0,0,0,0,0
27.15000000000016,539,0,0,0,0,0,0,0,0,0,0
27.20000000000016,477,0,0,0,0,0,0,0,0,0,0
27.25000000000016,486,0,0,0,0,0,0,0,0,0,0
27.30000000000016,478,0,0,0,0,0,0,0,0,0,0
27.35000000000016,447,0,0,0,0,0,0,0,0,0,0
27.400000000000162,486,0,0,0,0,0,0,0,0,0,0
27.450000000000163,510,0,0,0,0,0,0,0,0,0,0
27.500000000000163,459,0,0,0,0,0,0,0,0,0,0
27.550000000000164,491,0,0,0,0,0,0,0,0,0,0
27.600000000000165,451,0,0,0,0,0,0,0,0,0,0
27.650000000000166,510,0,0,0,0,0,0,0,0,0,0
27.700000000000166,432,0,0,0,0,0,0,0,0,0,0
27.750000000000167,523,0,0,0,0,0,0,0,0,0,0
27.800000000000168,457,0,0,0,0,0,0,0,0,0,0
27.85000000000017,524,0,0,0,0,0,0,0,0,0,0
27.90000000000017,477,0,0,0,0,0,0,0,0,0,0
27.95000000000017,476,0,0,0,0,0,0,0,0,0,0
28.00000000000017,460,0,0,0,0,0,0,0,0,0,0
28.05000000000017,471,0,0,0,0,0,0,0,0,0,0
28.100000000000172,478,0,0,0,0,0,0,0,0,0,0
28.150000000000173,448,0,0,0,0,0,0,0,0,0,0
28.200000000000173,494,0,0,0,0,0,0,0,0,0,0
28.250000000000174,475,0,0,0,0,0,0,0,0,0,0
28.300000000000175,465,0,0,0,0,0,0,0,0,0,0
28.350000000000176,470,0,0,0,0,0,0,0,0,0,0
28.400000000000176,492,0,0,0,0,0,0,0,0,0,0
28.450000000000177,464,0,0,0,0,0,0,0,0,0,0
28.500000000000178,472,0,0,0,0,0,0,0,0,0,0
28.55000000000018,496,0,0,0,0,0,0,0,0,0,0
28.60000000000018,490,0,0,0,0,0,0,0,0,0,0
28.65000000000018,497,0,0,0,0,0,0,0,0,0,0
28.70000000000018,456,0,0,0,0,0,0,0,0,0,0
28.75000000000018,470,0,0,0,0,0,0,0,0,0,0
28.800000000000182,494,0,0,0,0,0,0,0,0,0,0
28.850000000000183,491,0,0,0,0,0,0,0,0,0,0
28.900000000000183,493,0,0,0,0,0,0,0,0,0,0
28.950000000000184,468,0,0,0,0,0,0,0,0,0,0
29.000000000000185,497,0,0,0,0,0,0,0,0,0,0
29.050000000000185,446,0,0,0,0,0,0,0,0,0,0
29.100000000000186,469,0,0,0,0,0,0,0,0,0,0
29.150000000000187,495,0,0,0,0,0,0,0,0,0,0
29.200000000000188,491,0,0,0,0,0,0,0,0,0,0
29.25000000000019,502,0,0,0,0,0,0,0,0,0,0
29.30000000000019,471,0,0,0,0,0,0,0,0,0,0
29.35000000000019,480,0,0,0,0,0,0,0,0,0,0
29.40000000000019,452,0,0,0,0,0,0,0,0,0,0
29.45000000000019,475,0,0,0,0,0,0,0,0,0,0
29.500000000000192,480,0,0,0,0,0,0,0,0,0,0
29.550000000000193,504,0,0,0,0,0,0,0,0,0,0
29.600000000000193,432,0,0,0,0,0,0,0,0,0,0
29.650000000000194,492,0,0,0,0,0,0,0,0,0,0
29.700000000000195,508,0,0,0,0,0,0,0,0,0,0
29.750000000000195,442,0,0,0,0,0,0,0,0,0,0
29.800000000000196,461,0,0,0,0,0,0,0,0,0,0
29.850000000000197,477,0,0,0,0,0,0,0,0,0,0
29.900000000000198,496,0,0,0,0,0,0,0,0,0,0
29.9500000000002,485,0,0,0,0,0,0,0,0,0,0
30.0000000000002,464,0,0,0,0,0,0,0,0,0,0
30.0500000000002,475,0,0,0,0,0,0,0,0,0,0
30.1000000000002,489,0,0,0,0,0,0,0,0,0,0
30.1500000000002,443,0,0,0,0,0,0,0,0,0,0
30.200000000000202,487,0,0,0,0,0,0,0,0,0,0
30.250000000000203,473,0,0,0,0,0,0,0,0,0,0
30.300000000000203,511,0,0,0,0,0,0,0,0,0,0
30.350000000000204,479,0,0,0,0,0,0,0,0,0,0
30.400000000000205,511,0,0,0,0,0,0,0,0,0,0
30.450000000000205,509,0,0,0,0,0,0,0,0,0,0
30.500000000000206,468,0,0,0,0,0,0,0,0,0,0
30.550000000000207,435,0,0,0,0,0,0,0,0,0,0
30.600000000000207,495,0,0,0,0,0,0,0,0,0,0
30.650000000000208,486,0,0,0,0,0,0,0,0,0,0
30.70000000000021,458,0,0,0,0,0,0,0,0,0,0
30.75000000000021,509,0,0,0,0,0,0,0,0,0,0
30.80000000000021,518,0,0,0,0,0,0,0,0,0,0
30.85000000000021,451,0,0,0,0,0,0,0,0,0,0
30.90000000000021,491,0,0,0,0,0,0,0,0,0,0
30.950000000000212,473,0,0,0,0,0,0,0,0,0,0
31.000000000000213,467,0,0,0,0,0,0,0,0,0,0
31.050000000000214,448,0,0,0,0,0,0,0,0,0,0
31.100000000000215,467,0,0,0,0,0,0,0,0,0,0
31.150000000000215,506,0,0,0,0,0,0,0,0,0,0
31.200000000000216,491,0,0,0,0,0,0,0,0,0,0
31.250000000000217,466,0,0,0,0,0,0,0,0,0,0
31.300000000000217,507,0,0,0,0,0,0,0,0,0,0
31.350000000000218,440,0,0,0,0,0,0,0,0,0,0
31.40000000000022,490,0,0,0,0,0,0,0,0,0,0
31.45000000000022,449,0,0,0,0,0,0,0,0,0,0
31.50000000000022,487,0,0,0,0,0,0,0,0,0,0
31.55000000000022,485,0,0,0,0,0,0,0,0,0,0
31.60000000000022,496,0,0,0,0,0,0,0,0,0,0
31.650000000000222,476,0,0,0,0,0,0,0,0,0,0
31.700000000000223,520,0,0,0,0,0,0,0,0,0,0
31.750000000000224,446,0,0,0,0,0,0,0,0,0,0
31.800000000000225,470,0,0,0,0,0,0,0,0,0,0
31.850000000000225,511,0,0,0,0,0,0,0,0,0,0
31.900000000000226,496,0,0,0,0,0,0,0,0,0,0
31.950000000000227,438,0,0,0,0,0,0,0,0,0,0
32.00000000000023,432,0,0,0,0,0,0,0,0,0,0
32.050000000000225,397,0,0,0,0,0,0,0,0,0,0
32.10000000000022,340,0,0,0,0,0,0,0,0,0,0
32.15000000000022,273,0,0,0,0,0,0,0,0,0,0
32.200000000000216,234,0,0,0,0,0,0,0,0,0,0
32.25000000000021,129,0,0,0,0,0,0,0,0,0,0
32.30000000000021,79,0,0,0,0,0,0,0,0,0,0
32.35000000000021,29,0,0,0,0,0,0,0,0,0,0
32.400000000000205,0,0,0,0,0,0,0,0,0,0,0
32.4500000000002,0,0,0,0,0,0,0,0,0,0,0
32.5000000000002,0,0,0,0,0,0,0,0,0,0,0
32.550000000000196,0,0,0,0,0,0,0,0,0,0,0
32.60000000000019,0,0,0,0,0,0,0,0,0,0,0
32.65000000000019,0,0,0,0,0,0,0,0,0,0,0
32.70000000000019,0,0,0,0,0,0,0,0,0,0,0
32.750000000000185,0,0,0,0,0,0,0,0,0,0,0
32.80000000000018,0,0,0,0,0,0,0,0,0,0,0
32.85000000000018,0,0,0,0,0,0,0,0,0,0,0
32.900000000000176,0,0,0,0,0,0,0,0,0,0,0
32.95000000000017,0,0,0,0,0,0,0,0,0,0,0
33.00000000000017,0,0,0,0,0,0,0,0,0,0,0
33.05000000000017,0,0,0,0,0,0,0,0,0,0,0
33.100000000000165,0,0,0,0,0,0,0,0,0,0,0
33.15000000000016,0,0,0,0,0,0,0,0,0,0,0
33.20000000000016,0,0,0,0,0,0,0,0,0,0,0
33.250000000000156,0,0,0,0,0,0,0,0,0,0,0
33.30000000000015,0,0,0,0,0,0,0,0,0,0,0
33.35000000000015,0,0,0,0,0,0,0,0,0,0,0
33.40000000000015,0,0,0,0,0,0,0,0,0,0,0
33.450000000000145,0,0,0,0,0,0,0,0,0,0,0
33.50000000000014,0,0,0,0,0,0,0,0,0,0,0
33.55000000000014,0,0,0,0,0,0,0,0,0,0,0
33.600000000000136,0,0,0,0,0,0,0,0,0,0,0
33.650000000000134,0,0,0,0,0,0,0,0,0,0,0
33.70000000000013,0,0,0,0,0,0,0,0,0,0,0
33.75000000000013,0,0,0,0,0,0,0,0,0,0,0
33.800000000000125,0,0,0,0,0,0,0,0,0,0,0
33.85000000000012,0,0,0,0,0,0,0,0,0,0,0
33.90000000000012,0,0,0,0,0,0,0,0,0,0,0
33.95000000000012,0,0,0,0,0,0,0,0,0,0,0
34.000000000000114,0,0,0,0,0,0,0,0,0,0,0
34.05000000000011,0,0,0,0,0,0,0,0,0,0,0
34.10000000000011,0,0,0,0,0,0,0,0,0,0,0
34.150000000000105,0,0,0,0,0,0,0,0,0,0,0
34.2000000000001,0,0,0,0,0,0,0,0,0,0,0
34.2500000000001,0,0,0,0,0,0,0,0,0,0,0
34.3000000000001,0,0,0,0,0,0,0,0,0,0,0
34.350000000000094,0,0,0,0,0,0,0,0,0,0,0
34.40000000000009,0,0,0,0,0,0,0,0,0,0,0
34.45000000000009,0,0,0,0,0,0,0,0,0,0,0
34.500000000000085,0,0,0,0,0,0,0,0,0,0,0
34.55000000000008,0,0,0,0,0,0,0,0,0,0,0
34.60000000000008,0,0,0,0,0,0,0,0,0,0,0
34.65000000000008,0,0,0,0,0,0,0,0,0,0,0
34.700000000000074,0,0,0,0,0,0,0,0,0,0,0
34.75000000000007,0,0,0,0,0,0,0,0,0,0,0
34.80000000000007,0,0,0,0,0,0,0,0,0,0,0
34.850000000000065,0,0,0,0,0,0,0,0,0,0,0
34.90000000000006,0,0,0,0,0,0,0,0,0,0,0
34.95000000000006,0,0,0,0,0,0,0,0,0,0,0
35.00000000000006,0,0,0,0,0,0,0,0,0,0,0
35.050000000000054,0,0,0,0,0,0,0,0,0,0,0
35.10000000000005,0,0,0,0,0,0,0,0,0,0,0
35.15000000000005,0,0,0,0,0,0,0,0,0,0,0
35.200000000000045,0,0,0,0,0,0,0,0,0,0,0
35.25000000000004,0,0,0,0,0,0,0,0,0,0,0
35.30000000000004,0,0,0,0,0,0,0,0,0,0,0
35.35000000000004,0,0,0,0,0,0,0,0,0,0,0
35.400000000000034,0,0,0,0,0,0,0,0,0,0,0
35.45000000000003,0,0,0,0,0,0,0,0,0,0,0
35.50000000000003,0,0,0,0,0,0,0,0,0,0,0
35.550000000000026,0,0,0,0,0,0,0,0,0,0,0
35.60000000000002,0,0,0,0,0,0,0,0,0,0,0
35.65000000000002,0,0,0,0,0,0,0,0,0,0,0
35.70000000000002,0,0,0,0,0,0,0,0,0,0,0
35.750000000000014,0,0,0,0,0,0,0,0,0,0,0
35.80000000000001,0,0,0,0,0,0,0,0,0,0,0
35.85000000000001,0,0,0,0,0,0,0,0,0,0,0
35.900000000000006,0,0,0,0,0,0,0,0,0,0,0
35.95,0,0,0,0,0,0,0,0,0,0,0
36.0,0,0,0,0,0,0,0,0,0,0,0
36.05,0,0,0,0,0,0,0,0,0,0,0
36.099999999999994,0,0,0,0,0,0,0,0,0,0,0
36.14999999999999,0,0,0,0,0,0,0,0,0,0,0
36.19999999999999,0,0,0,0,0,0,0,0,0,0,0
36.249999999999986,0,0,0,0,0,0,0,0,0,0,0
36.29999999999998,0,0,0,0,0,0,0,0,0,0,0
36.34999999999998,0,0,0,0,0,0,0,0,0,0,0
36.39999999999998,0,0,0,0,0,0,0,0,0,0,0
36.449999999999974,0,0,0,0,0,0,0,0,0,0,0
36.49999999999997,0,0,0,0,0,0,0,0,0,0,0
36.54999999999997,0,0,0,0,0,0,0,0,0,0,0
36.599999999999966,0,0,0,0,0,0,0,0,0,0,0
36.64999999999996,0,0,0,0,0,0,0,0,0,0,0
36.69999999999996,0,0,0,0,0,0,0,0,0,0,0
36.74999999999996,0,0,0,0,0,0,0,0,0,0,0
36.799999999999955,0,0,0,0,0,0,0,0,0,0,0
36.84999999999995,0,0,0,0,0,0,0,0,0,0,0
36.89999999999995,0,0,0,0,0,0,0,0,0,0,0
36.949999999999946,0,0,0,0,0,0,0,0,0,0,0
36.99999999999994,0,0,0,0,0,0,0,0,0,0,0
37.04999999999994,0,0,0,0,0,0,0,0,0,0,0
37.09999999999994,0,0,0,0,0,0,0,0,0,0,0
37.149999999999935,0,0,0,0,0,0,0,0,0,0,0
37.19999999999993,0,0,0,0,0,0,0,0,0,0,0
37.24999999999993,0,0,0,0,0,0,0,0,0,0,0
37.299999999999926,0,0,0,0,0,0,0,0,0,0,0
37.34999999999992,0,0,0,0,0,0,0,0,0,0,0
37.39999999999992,0,0,0,0,0,0,0,0,0,0,0
37.44999999999992,0,0,0,0,0,0,0,0,0,0,0
37.499999999999915,0,0,0,0,0,0,0,0,0,0,0
37.54999999999991,0,0,0,0,0,0,0,0,0,0,0
37.59999999999991,0,0,0,0,0,0,0,0,0,0,0
37.649999999999906,0,0,0,0,0,0,0,0,0,0,0
37.6999999999999,0,0,0,0,0,0,0,0,0,0,0
37.7499999999999,0,0,0,0,0,0,0,0,0,0,0
37.7999999999999,0,0,0,0,0,0,0,0,0,0,0
37.849999999999895,0,0,0,0,0,0,0,0,0,0,0
37.89999999999989,0,0,0,0,0,0,0,0,0,0,0
37.94999999999989,0,0,0,0,0,0,0,0,0,0,0
37.999999999999886,0,0,0,0,0,0,0,0,0,0,0
38.04999999999988,0,0,0,0,0,0,0,0,0,0,0
38.09999999999988,0,0,0,0,0,0,0,0,0,0,0
38.14999999999988,0,0,0,0,0,0,0,0,0,0,0
38.199999999999875,0,0,0,0,0,0,0,0,0,0,0
38.24999999999987,0,0,0,0,0,0,0,0,0,0,0
38.29999999999987,0,0,0,0,0,0,0,0,0,0,0
38.349999999999866,0,0,0,0,0,0,0,0,0,0,0
38.399999999999864,0,0,0,0,0,0,0,0,0,0,0
38.44999999999986,0,0,0,0,0,0,0,0,0,0,0
38.49999999999986,0,0,0,0,0,0,0,0,0,0,0
38.549999999999855,0,0,0,0,0,0,0,0,0,0,0
38.59999999999985,0,0,0,0,0,0,0,0,0,0,0
38.64999999999985,0,0,0,0,0,0,0,0,0,0,0
38.69999999999985,0,0,0,0,0,0,0,0,0,0,0
38.749999999999844,0,0,0,0,0,0,0,0,0,0,0
38.79999999999984,0,0,0,0,0,0,0,0,0,0,0
38.84999999999984,0,0,0,0,0,0,0,0,0,0,0
38.899999999999835,0,0,0,0,0,0,0,0,0,0,0
38.94999999999983,0,0,0,0,0,0,0,0,0,0,0
38.99999999999983,0,0,0,0,0,0,0,0,0,0,0
39.04999999999983,0,0,0,0,0,0,0,0,0,0,0
39.099999999999824,0,0,0,0,0,0,0,0,0,0,0
39.14999999999982,0,0,0,0,0,0,0,0,0,0,0
39.19999999999982,0,0,0,0,0,0,0,0,0,0,0
39.249999999999815,0,0,0,0,0,0,0,0,0,0,0
39.29999999999981,0,0,0,0,0,0,0,0,0,0,0
39.34999999999981,0,0,0,0,0,0,0,0,0,0,0
39.39999999999981,0,0,0,0,0,0,0,0,0,0,0
39.449999999999804,0,0,0,0,0,0,0,0,0,0,0
39.4999999999998,0,0,0,0,0,0,0,0,0,0,0
39.5499999999998,0,0,0,0,0,0,0,0,0,0,0
39.599999999999795,0,0,0,0,0,0,0,0,0,0,0
39.64999999999979,0,0,0,0,0,0,0,0,0,0,0
39.69999999999979,0,0,0,0,0,0,0,0,0,0,0
39.74999999999979,0,0,0,0,0,0,0,0,0,0,0
39.799999999999784,0,0,0,0,0,0,0,0,0,0,0
39.84999999999978,0,0,0,0,0,0,0,0,0,0,0
39.89999999999978,0,0,0,0,0,0,0,0,0,0,0
39.949999999999775,0,0,0,0,0,0,0,0,0,0,0
39.99999999999977,0,0,0,0,0,0,0,0,0,0,0
40.04999999999977,0,0,0,0,0,0,0,0,0,0,0
40.09999999999977,0,0,0,0,0,0,0,0,0,0,0
40.149999999999764,0,0,0,0,0,0,0,0,0,0,0
40.19999999999976,0,0,0,0,0,0,0,0,0,0,0
40.24999999999976,0,0,0,0,0,0,0,0,0,0,0
40.299999999999756,0,0,0,0,0,0,0,0,0,0,0
40.34999999999975,0,0,0,0,0,0,0,0,0,0,0
40.39999999999975,0,0,0,0,0,0,0,0,0,0,0
40.44999999999975,0,0,0,0,0,0,0,0,0,0,0
40.499999999999744,0,0,0,0,0,0,0,0,0,0,0
40.54999999999974,0,0,0,0,0,0,0,0,0,0,0
40.59999999999974,0,0,0,0,0,0,0,0,0,0,0
40.649999999999736,0,0,0,0,0,0,0,0,0,0,0
40.69999999999973,0,0,0,0,0,0,0,0,0,0,0
40.74999999999973,0,0,0,0,0,0,0,0,0,0,0
40.79999999999973,0,0,0,0,0,0,0,0,0,0,0
40.849999999999724,0,0,0,0,0,0,0,0,0,0,0
40.89999999999972,0,0,0,0,0,0,0,0,0,0,0
40.94999999999972,0,0,0,0,0,0,0,0,0,0,0
40.999999999999716,0,0,0,0,0,0,0,0,0,0,0
41.04999999999971,0,0,0,0,0,0,0,0,0,0,0
41.09999999999971,0,0,0,0,0,0,0,0,0,0,0
41.14999999999971,0,0,0,0,0,0,0,0,0,0,0
41.199999999999704,0,0,0,0,0,0,0,0,0,0,0
41.2499999999997,0,0,0,0,0,0,0,0,0,0,0
41.2999999999997,0,0,0,0,0,0,0,0,0,0,0
41.349999999999696,0,0,0,0,0,0,0,0,0,0,0
41.39999999999969,0,0,0,0,0,0,0,0,0,0,0
41.44999999999969,0,0,0,0,0,0,0,0,0,0,0
41.49999999999969,0,0,0,0,0,0,0,0,0,0,0
41.549999999999685,0,0,0,0,0,0,0,0,0,0,0
*****
16,0.05,500,0.3,0.7,10,100,0.130921998163,0.0426836366557
16,500,500,500,499,500,0,0,0,0,0,0
16.05,472,472,472,471,472,0,0,0,0,0,0
16.1,537,537,537,537,537,0,0,0,0,0,0
16.150000000000002,477,477,477,476,477,0,0,0,0,0,0
16.200000000000003,491,491,491,489,491,0,0,0,0,0,0
16.250000000000004,519,519,519,519,519,0,0,0,0,0,0
16.300000000000004,461,461,461,460,461,0,0,0,0,0,0
16.350000000000005,501,501,501,500,501,0,0,0,0,0,0
16.400000000000006,506,506,506,505,506,0,0,0,0,0,0
16.450000000000006,494,494,494,493,494,0,0,0,0,0,0
16.500000000000007,498,498,498,497,498,0,0,0,0,0,0
16.550000000000008,479,479,479,477,479,0,0,0,0,0,0
16.60000000000001,492,492,492,491,492,0,0,0,0,0,0
16.65000000000001,510,510,510,507,510,0,0,0,0,0,0
16.70000000000001,498,498,498,497,498,0,0,0,0,0,0
16.75000000000001,482,482,482,478,482,0,0,0,0,0,0
16.80000000000001,456,456,456,453,456,0,0,0,0,0,0
16.850000000000012,492,492,492,489,492,0,0,0,0,0,0
16.900000000000013,541,541,541,535,541,0,0,0,0,0,0
16.950000000000014,491,491,491,488,491,0,0,0,0,0,0
17.000000000000014,535,535,535,528,535,0,0,0,0,0,0
17.050000000000015,490,490,490,487,490,0,0,0,0,0,0
17.100000000000016,504,504,504,496,504,0,0,0,0,0,0
17.150000000000016,445,445,445,439,445,0,0,0,0,0,0
17.200000000000017,477,477,477,470,477,0,0,0,0,0,0
17.250000000000018,519,519,519,511,519,0,0,0,0,0,0
17.30000000000002,490,490,490,484,490,0,0,0,0,0,0
17.35000000000002,500,500,500,491,500,0,0,0,0,0,0
17.40000000000002,513,513,513,505,513,0,0,0,0,0,0
17.45000000000002,501,501,501,492,501,0,0,0,0,0,0
17.50000000000002,505,505,505,496,505,0,0,0,0,0,0
17.550000000000022,479,479,479,466,479,0,0,0,0,0,0
17.600000000000023,489,489,489,475,489,0,0,0,0,0,0
17.650000000000023,513,513,513,503,513,0,0,0,0,0,0
17.700000000000024,496,496,496,484,496,0,0,0,0,0,0
17.750000000000025,536,536,536,529,536,0,0,0,0,0,0
17.800000000000026,466,466,466,451,466,0,0,0,0,0,0
17.850000000000026,507,507,507,490,507,0,0,0,0,0,0
17.900000000000027,503,503,503,483,503,0,0,0,0,0,0
17.950000000000028,460,460,460,449,460,0,0,0,0,0,0
18.00000000000003,523,523,523,500,523,0,0,0,0,0,0
18.05000000000003,500,500,500,485,500,0,0,0,0,0,0
18.10000000000003,466,466,466,449,466,0,0,0,0,0,0
18.15000000000003,495,495,495,472,495,0,0,0,0,0,0
18.20000000000003,504,504,504,484,504,0,0,0,0,0,0
18.250000000000032,493,493,493,473,493,0,0,0,0,0,0
18.300000000000033,498,498,498,472,498,0,0,0,0,0,0
18.350000000000033,537,537,537,512,537,0,0,0,0,0,0
18.400000000000034,538,538,538,513,538,0,0,0,0,0,0
18.450000000000035,467,467,467,450,467,0,0,0,0,0,0
18.500000000000036,502,502,502,478,502,0,0,0,0,0,0
18.550000000000036,454,454,454,419,454,0,0,0,0,0,0
18.600000000000037,519,519,519,491,519,0,0,0,0,0,0
18.650000000000038,469,469,469,438,469,0,0,0,0,0,0
18.70000000000004,482,481,481,453,481,0,0,0,0,0,0
18.75000000000004,525,522,522,491,522,0,0,0,0,0,0
18.80000000000004,480,480,480,447,480,0,0,0,0,0,0
18.85000000000004,482,481,481,447,481,0,0,0,0,0,0
18.90000000000004,513,512,512,480,512,0,0,0,0,0,0
18.950000000000042,512,508,510,467,510,0,0,0,0,0,0
19.000000000000043,520,520,520,483,520,0,0,0,0,0,0
19.050000000000043,474,473,473,425,473,0,0,0,0,0,0
19.100000000000044,472,470,470,431,470,0,0,0,0,0,0
19.150000000000045,509,499,501,460,501,0,0,0,0,0,0
19.200000000000045,475,471,473,425,473,0,0,0,0,0,0
19.250000000000046,511,503,506,457,506,0,0,0,0,0,0
19.300000000000047,505,496,498,455,498,0,0,0,0,0,0
19.350000000000048,501,490,492,449,493,0,0,0,0,0,0
19.40000000000005,511,504,504,455,504,0,0,0,0,0,0
19.45000000000005,473,452,460,401,460,0,0,0,0,0,0
19.50000000000005,489,469,472,426,472,0,0,0,0,0,0
19.55000000000005,481,453,455,401,455,0,0,0,0,0,0
19.60000000000005,490,465,469,423,470,0,0,0,0,0,0
19.650000000000052,494,456,466,415,466,0,0,0,0,0,0
19.700000000000053,492,459,463,405,463,0,0,0,0,0,0
19.750000000000053,497,450,455,419,456,0,0,0,0,0,0
19.800000000000054,527,469,479,426,480,0,0,0,0,0,0
19.850000000000055,536,461,471,439,473,0,0,0,0,0,0
19.900000000000055,464,394,402,367,402,0,0,0,0,0,0
19.950000000000056,475,406,412,377,413,0,0,0,0,0,0
20.000000000000057,490,402,412,355,413,0,0,0,0,0,0
20.050000000000058,505,397,404,395,405,0,0,0,0,0,0
20.10000000000006,457,364,371,338,371,0,0,0,0,0,0
20.15000000000006,495,372,379,357,380,0,0,0,0,0,0
20.20000000000006,519,392,402,366,403,0,0,0,0,0,0
20.25000000000006,552,384,400,387,401,0,0,0,0,0,0
20.30000000000006,533,353,370,370,372,0,0,0,0,0,0
20.350000000000062,468,294,305,300,305,0,0,0,0,0,0
20.400000000000063,489,309,324,316,324,0,0,0,0,0,0
20.450000000000063,471,267,278,291,279,0,0,0,0,0,0
20.500000000000064,489,261,278,287,278,0,0,0,0,0,0
20.550000000000065,463,221,230,253,231,0,0,0,0,0,0
20.600000000000065,525,239,253,271,254,0,0,0,0,0,0
20.650000000000066,473,220,235,228,235,0,0,0,0,0,0
20.700000000000067,502,228,234,239,236,0,0,0,0,0,0
20.750000000000068,493,191,211,222,211,0,0,0,0,0,0
20.800000000000068,518,174,186,216,188,0,0,0,0,0,0
20.85000000000007,492,154,167,181,167,0,0,0,0,0,0
20.90000000000007,479,150,163,172,163,0,0,0,0,0,0
20.95000000000007,517,139,146,164,146,0,0,0,0,0,0
21.00000000000007,493,103,112,137,112,0,0,0,0,0,0
21.05000000000007,487,111,115,140,116,0,0,0,0,0,0
21.100000000000072,477,83,84,107,84,0,0,0,0,0,0
21.150000000000073,526,85,90,104,91,0,0,0,0,0,0
21.200000000000074,496,70,72,81,72,0,0,0,0,0,0
21.250000000000075,487,64,67,78,67,0,0,0,0,0,0
21.300000000000075,513,52,57,71,57,0,0,0,0,0,0
21.350000000000076,457,38,44,64,44,0,0,0,0,0,0
21.400000000000077,503,37,41,55,42,0,0,0,0,0,0
21.450000000000077,524,30,33,41,33,0,0,0,0,0,0
21.500000000000078,483,34,37,41,37,0,0,0,0,0,0
21.55000000000008,483,18,19,27,19,0,0,0,0,0,0
21.60000000000008,528,20,20,26,20,0,0,0,0,0,0
21.65000000000008,520,16,16,22,16,0,0,0,0,0,0
21.70000000000008,494,18,18,19,18,0,0,0,0,0,0
21.75000000000008,478,8,8,16,8,0,0,0,0,0,0
21.800000000000082,528,9,10,6,10,0,0,0,0,0,0
21.850000000000083,475,5,6,8,6,0,0,0,0,0,0
21.900000000000084,475,5,6,5,6,0,0,0,0,0,0
21.950000000000085,513,8,8,8,8,0,0,0,0,0,0
22.000000000000085,510,4,4,5,4,0,0,0,0,0,0
22.050000000000086,489,2,2,1,2,0,0,0,0,0,0
22.100000000000087,470,4,4,4,4,0,0,0,0,0,0
22.150000000000087,474,3,3,5,3,0,0,0,0,0,0
22.200000000000088,467,0,0,0,0,0,0,0,0,0,0
22.25000000000009,506,2,2,2,2,0,0,0,0,0,0
22.30000000000009,490,1,1,2,1,0,0,0,0,0,0
22.35000000000009,533,0,0,1,0,0,0,0,0,0,0
22.40000000000009,527,0,0,0,0,0,0,0,0,0,0
22.45000000000009,485,0,0,0,0,0,0,0,0,0,0
22.500000000000092,469,0,0,0,0,0,0,0,0,0,0
22.550000000000093,497,0,0,0,0,0,0,0,0,0,0
22.600000000000094,479,0,0,0,0,0,0,0,0,0,0
22.650000000000095,499,0,0,0,0,0,0,0,0,0,0
22.700000000000095,462,0,0,0,0,0,0,0,0,0,0
22.750000000000096,490,0,0,0,0,0,0,0,0,0,0
22.800000000000097,502,0,0,0,0,0,0,0,0,0,0
22.850000000000097,482,0,0,0,0,0,0,0,0,0,0
22.900000000000098,518,0,0,0,0,0,0,0,0,0,0
22.9500000000001,518,0,0,0,0,0,0,0,0,0,0
23.0000000000001,526,0,0,0,0,0,0,0,0,0,0
23.0500000000001,497,0,0,0,0,0,0,0,0,0,0
23.1000000000001,434,0,0,0,0,0,0,0,0,0,0
23.1500000000001,488,0,0,0,0,0,0,0,0,0,0
23.200000000000102,546,0,0,0,0,0,0,0,0,0,0
23.250000000000103,475,0,0,0,0,0,0,0,0,0,0
23.300000000000104,514,0,0,0,0,0,0,0,0,0,0
23.350000000000104,500,0,0,0,0,0,0,0,0,0,0
23.400000000000105,525,0,0,0,0,0,0,0,0,0,0
23.450000000000106,490,0,0,0,0,0,0,0,0,0,0
23.500000000000107,506,0,0,0,0,0,0,0,0,0,0
23.550000000000107,475,0,0,0,0,0,0,0,0,0,0
23.600000000000108,476,0,0,0,0,0,0,0,0,0,0
23.65000000000011,467,0,0,0,0,0,0,0,0,0,0
23.70000000000011,479,0,0,0,0,0,0,0,0,0,0
23.75000000000011,499,0,0,0,0,0,0,0,0,0,0
23.80000000000011,502,0,0,0,0,0,0,0,0,0,0
23.85000000000011,506,0,0,0,0,0,0,0,0,0,0
23.900000000000112,477,0,0,0,0,0,0,0,0,0,0
23.950000000000113,497,0,0,0,0,0,0,0,0,0,0
24.000000000000114,496,0,0,0,0,0,0,0,0,0,0
24.050000000000114,507,0,0,0,0,0,0,0,0,0,0
24.100000000000115,496,0,0,0,0,0,0,0,0,0,0
24.150000000000116,495,0,0,0,0,0,0,0,0,0,0
24.200000000000117,473,0,0,0,0,0,0,0,0,0,0
24.250000000000117,491,0,0,0,0,0,0,0,0,0,0
24.300000000000118,510,0,0,0,0,0,0,0,0,0,0
24.35000000000012,503,0,0,0,0,0,0,0,0,0,0
24.40000000000012,491,0,0,0,0,0,0,0,0,0,0
24.45000000000012,497,0,0,0,0,0,0,0,0,0,0
24.50000000000012,540,0,0,0,0,0,0,0,0,0,0
24.55000000000012,480,0,0,0,0,0,0,0,0,0,0
24.600000000000122,484,0,0,0,0,0,0,0,0,0,0
24.650000000000123,496,0,0,0,0,0,0,0,0,0,0
24.700000000000124,469,0,0,0,0,0,0,0,0,0,0
24.750000000000124,512,0,0,0,0,0,0,0,0,0,0
24.800000000000125,513,0,0,0,0,0,0,0,0,0,0
24.850000000000126,480,0,0,0,0,0,0,0,0,0,0
24.900000000000126,485,0,0,0,0,0,0,0,0,0,0
24.950000000000127,488,0,0,0,0,0,0,0,0,0,0
25.000000000000128,496,0,0,0,0,0,0,0,0,0,0
25.05000000000013,510,0,0,0,0,0,0,0,0,0,0
25.10000000000013,521,0,0,0,0,0,0,0,0,0,0
25.15000000000013,492,0,0,0,0,0,0,0,0,0,0
25.20000000000013,459,0,0,0,0,0,0,0,0,0,0
25.25000000000013,501,0,0,0,0,0,0,0,0,0,0
25.300000000000132,504,0,0,0,0,0,0,0,0,0,0
25.350000000000133,518,0,0,0,0,0,0,0,0,0,0
25.400000000000134,516,0,0,0,0,0,0,0,0,0,0
25.450000000000134,517,0,0,0,0,0,0,0,0,0,0
25.500000000000135,475,0,0,0,0,0,0,0,0,0,0
25.550000000000136,471,0,0,0,0,0,0,0,0,0,0
25.600000000000136,490,0,0,0,0,0,0,0,0,0,0
25.650000000000137,505,0,0,0,0,0,0,0,0,0,0
25.700000000000138,483,0,0,0,0,0,0,0,0,0,0
25.75000000000014,495,0,0,0,0,0,0,0,0,0,0
25.80000000000014,502,0,0,0,0,0,0,0,0,0,0
25.85000000000014,513,0,0,0,0,0,0,0,0,0,0
25.90000000000014,499,0,0,0,0,0,0,0,0,0,0
25.95000000000014,473,0,0,0,0,0,0,0,0,0,0
26.000000000000142,512,0,0,0,0,0,0,0,0,0,0
26.050000000000143,510,0,0,0,0,0,0,0,0,0,0
26.100000000000144,479,0,0,0,0,0,0,0,0,0,0
26.150000000000144,501,0,0,0,0,0,0,0,0,0,0
26.200000000000145,464,0,0,0,0,0,0,0,0,0,0
26.250000000000146,552,0,0,0,0,0,0,0,0,0,0
26.300000000000146,460,0,0,0,0,0,0,0,0,0,0
26.350000000000147,465,0,0,0,0,0,0,0,0,0,0
26.400000000000148,553,0,0,0,0,0,0,0,0,0,0
26.45000000000015,478,0,0,0,0,0,0,0,0,0,0
26.50000000000015,510,0,0,0,0,0,0,0,0,0,0
26.55000000000015,483,0,0,0,0,0,0,0,0,0,0
26.60000000000015,496,0,0,0,0,0,0,0,0,0,0
26.65000000000015,475,0,0,0,0,0,0,0,0,0,0
26.700000000000152,486,0,0,0,0,0,0,0,0,0,0
26.750000000000153,506,0,0,0,0,0,0,0,0,0,0
26.800000000000153,501,0,0,0,0,0,0,0,0,0,0
26.850000000000154,491,0,0,0,0,0,0,0,0,0,0
26.900000000000155,522,0,0,0,0,0,0,0,0,0,0
26.950000000000156,503,0,0,0,0,0,0,0,0,0,0
27.000000000000156,443,0,0,0,0,0,0,0,0,0,0
27.050000000000157,524,0,0,0,0,0,0,0,0,0,0
27.100000000000158,532,0,0,0,0,0,0,0,0,0,0
27.15000000000016,509,0,0,0,0,0,0,0,0,0,0
27.20000000000016,484,0,0,0,0,0,0,0,0,0,0
27.25000000000016,472,0,0,0,0,0,0,0,0,0,0
27.30000000000016,526,0,0,0,0,0,0,0,0,0,0
27.35000000000016,508,0,0,0,0,0,0,0,0,0,0
27.400000000000162,487,0,0,0,0,0,0,0,0,0,0
27.450000000000163,486,0,0,0,0,0,0,0,0,0,0
27.500000000000163,521,0,0,0,0,0,0,0,0,0,0
27.550000000000164,502,0,0,0,0,0,0,0,0,0,0
27.600000000000165,473,0,0,0,0,0,0,0,0,0,0
27.650000000000166,504,0,0,0,0,0,0,0,0,0,0
27.700000000000166,489,0,0,0,0,0,0,0,0,0,0
27.750000000000167,498,0,0,0,0,0,0,0,0,0,0
27.800000000000168,469,0,0,0,0,0,0,0,0,0,0
27.85000000000017,498,0,0,0,0,0,0,0,0,0,0
27.90000000000017,495,0,0,0,0,0,0,0,0,0,0
27.95000000000017,545,0,0,0,0,0,0,0,0,0,0
28.00000000000017,482,0,0,0,0,0,0,0,0,0,0
28.05000000000017,494,0,0,0,0,0,0,0,0,0,0
28.100000000000172,498,0,0,0,0,0,0,0,0,0,0
28.150000000000173,496,0,0,0,0,0,0,0,0,0,0
28.200000000000173,468,0,0,0,0,0,0,0,0,0,0
28.250000000000174,487,0,0,0,0,0,0,0,0,0,0
28.300000000000175,481,0,0,0,0,0,0,0,0,0,0
28.350000000000176,511,0,0,0,0,0,0,0,0,0,0
28.400000000000176,501,0,0,0,0,0,0,0,0,0,0
28.450000000000177,500,0,0,0,0,0,0,0,0,0,0
28.500000000000178,504,0,0,0,0,0,0,0,0,0,0
28.55000000000018,485,0,0,0,0,0,0,0,0,0,0
28.60000000000018,536,0,0,0,0,0,0,0,0,0,0
28.65000000000018,510,0,0,0,0,0,0,0,0,0,0
28.70000000000018,499,0,0,0,0,0,0,0,0,0,0
28.75000000000018,488,0,0,0,0,0,0,0,0,0,0
28.800000000000182,420,0,0,0,0,0,0,0,0,0,0
28.850000000000183,478,0,0,0,0,0,0,0,0,0,0
28.900000000000183,474,0,0,0,0,0,0,0,0,0,0
28.950000000000184,523,0,0,0,0,0,0,0,0,0,0
29.000000000000185,477,0,0,0,0,0,0,0,0,0,0
29.050000000000185,513,0,0,0,0,0,0,0,0,0,0
29.100000000000186,523,0,0,0,0,0,0,0,0,0,0
29.150000000000187,486,0,0,0,0,0,0,0,0,0,0
29.200000000000188,492,0,0,0,0,0,0,0,0,0,0
29.25000000000019,491,0,0,0,0,0,0,0,0,0,0
29.30000000000019,491,0,0,0,0,0,0,0,0,0,0
29.35000000000019,522,0,0,0,0,0,0,0,0,0,0
29.40000000000019,478,0,0,0,0,0,0,0,0,0,0
29.45000000000019,486,0,0,0,0,0,0,0,0,0,0
29.500000000000192,488,0,0,0,0,0,0,0,0,0,0
29.550000000000193,499,0,0,0,0,0,0,0,0,0,0
29.600000000000193,491,0,0,0,0,0,0,0,0,0,0
29.650000000000194,495,0,0,0,0,0,0,0,0,0,0
29.700000000000195,512,0,0,0,0,0,0,0,0,0,0
29.750000000000195,493,0,0,0,0,0,0,0,0,0,0
29.800000000000196,506,0,0,0,0,0,0,0,0,0,0
29.850000000000197,461,0,0,0,0,0,0,0,0,0,0
29.900000000000198,502,0,0,0,0,0,0,0,0,0,0
29.9500000000002,500,0,0,0,0,0,0,0,0,0,0
30.0000000000002,473,0,0,0,0,0,0,0,0,0,0
30.0500000000002,490,0,0,0,0,0,0,0,0,0,0
30.1000000000002,545,0,0,0,0,0,0,0,0,0,0
30.1500000000002,480,0,0,0,0,0,0,0,0,0,0
30.200000000000202,503,0,0,0,0,0,0,0,0,0,0
30.250000000000203,482,0,0,0,0,0,0,0,0,0,0
30.300000000000203,498,0,0,0,0,0,0,0,0,0,0
30.350000000000204,515,0,0,0,0,0,0,0,0,0,0
30.400000000000205,494,0,0,0,0,0,0,0,0,0,0
30.450000000000205,520,0,0,0,0,0,0,0,0,0,0
30.500000000000206,479,0,0,0,0,0,0,0,0,0,0
30.550000000000207,482,0,0,0,0,0,0,0,0,0,0
30.600000000000207,496,0,0,0,0,0,0,0,0,0,0
30.650000000000208,529,0,0,0,0,0,0,0,0,0,0
30.70000000000021,477,0,0,0,0,0,0,0,0,0,0
30.75000000000021,473,0,0,0,0,0,0,0,0,0,0
30.80000000000021,490,0,0,0,0,0,0,0,0,0,0
30.85000000000021,526,0,0,0,0,0,0,0,0,0,0
30.90000000000021,490,0,0,0,0,0,0,0,0,0,0
30.950000000000212,523,0,0,0,0,0,0,0,0,0,0
31.000000000000213,458,0,0,0,0,0,0,0,0,0,0
31.050000000000214,527,0,0,0,0,0,0,0,0,0,0
31.100000000000215,486,0,0,0,0,0,0,0,0,0,0
31.150000000000215,463,0,0,0,0,0,0,0,0,0,0
31.200000000000216,511,0,0,0,0,0,0,0,0,0,0
31.250000000000217,494,0,0,0,0,0,0,0,0,0,0
31.300000000000217,510,0,0,0,0,0,0,0,0,0,0
31.350000000000218,512,0,0,0,0,0,0,0,0,0,0
31.40000000000022,505,0,0,0,0,0,0,0,0,0,0
31.45000000000022,471,0,0,0,0,0,0,0,0,0,0
31.50000000000022,495,0,0,0,0,0,0,0,0,0,0
31.55000000000022,507,0,0,0,0,0,0,0,0,0,0
31.60000000000022,529,0,0,0,0,0,0,0,0,0,0
31.650000000000222,469,0,0,0,0,0,0,0,0,0,0
31.700000000000223,495,0,0,0,0,0,0,0,0,0,0
31.750000000000224,475,0,0,0,0,0,0,0,0,0,0
31.800000000000225,489,0,0,0,0,0,0,0,0,0,0
31.850000000000225,492,0,0,0,0,0,0,0,0,0,0
31.900000000000226,500,0,0,0,0,0,0,0,0,0,0
31.950000000000227,506,0,0,0,0,0,0,0,0,0,0
32.00000000000023,496,0,0,0,0,0,0,0,0,0,0
32.050000000000225,517,0,0,0,0,0,0,0,0,0,0
32.10000000000022,461,0,0,0,0,0,0,0,0,0,0
32.15000000000022,500,0,0,0,0,0,0,0,0,0,0
32.200000000000216,536,0,0,0,0,0,0,0,0,0,0
32.25000000000021,483,0,0,0,0,0,0,0,0,0,0
32.30000000000021,446,0,0,0,0,0,0,0,0,0,0
32.35000000000021,405,0,0,0,0,0,0,0,0,0,0
32.400000000000205,315,0,0,0,0,0,0,0,0,0,0
32.4500000000002,264,0,0,0,0,0,0,0,0,0,0
32.5000000000002,226,0,0,0,0,0,0,0,0,0,0
32.550000000000196,164,0,0,0,0,0,0,0,0,0,0
32.60000000000019,115,0,0,0,0,0,0,0,0,0,0
32.65000000000019,30,0,0,0,0,0,0,0,0,0,0
32.70000000000019,0,0,0,0,0,0,0,0,0,0,0
32.750000000000185,0,0,0,0,0,0,0,0,0,0,0
32.80000000000018,0,0,0,0,0,0,0,0,0,0,0
32.85000000000018,0,0,0,0,0,0,0,0,0,0,0
32.900000000000176,0,0,0,0,0,0,0,0,0,0,0
32.95000000000017,0,0,0,0,0,0,0,0,0,0,0
33.00000000000017,0,0,0,0,0,0,0,0,0,0,0
33.05000000000017,0,0,0,0,0,0,0,0,0,0,0
33.100000000000165,0,0,0,0,0,0,0,0,0,0,0
33.15000000000016,0,0,0,0,0,0,0,0,0,0,0
33.20000000000016,0,0,0,0,0,0,0,0,0,0,0
33.250000000000156,0,0,0,0,0,0,0,0,0,0,0
33.30000000000015,0,0,0,0,0,0,0,0,0,0,0
33.35000000000015,0,0,0,0,0,0,0,0,0,0,0
33.40000000000015,0,0,0,0,0,0,0,0,0,0,0
33.450000000000145,0,0,0,0,0,0,0,0,0,0,0
33.50000000000014,0,0,0,0,0,0,0,0,0,0,0
33.55000000000014,0,0,0,0,0,0,0,0,0,0,0
33.600000000000136,0,0,0,0,0,0,0,0,0,0,0
33.650000000000134,0,0,0,0,0,0,0,0,0,0,0
33.70000000000013,0,0,0,0,0,0,0,0,0,0,0
33.75000000000013,0,0,0,0,0,0,0,0,0,0,0
33.800000000000125,0,0,0,0,0,0,0,0,0,0,0
33.85000000000012,0,0,0,0,0,0,0,0,0,0,0
33.90000000000012,0,0,0,0,0,0,0,0,0,0,0
33.95000000000012,0,0,0,0,0,0,0,0,0,0,0
34.000000000000114,0,0,0,0,0,0,0,0,0,0,0
34.05000000000011,0,0,0,0,0,0,0,0,0,0,0
34.10000000000011,0,0,0,0,0,0,0,0,0,0,0
34.150000000000105,0,0,0,0,0,0,0,0,0,0,0
34.2000000000001,0,0,0,0,0,0,0,0,0,0,0
34.2500000000001,0,0,0,0,0,0,0,0,0,0,0
34.3000000000001,0,0,0,0,0,0,0,0,0,0,0
34.350000000000094,0,0,0,0,0,0,0,0,0,0,0
34.40000000000009,0,0,0,0,0,0,0,0,0,0,0
34.45000000000009,0,0,0,0,0,0,0,0,0,0,0
34.500000000000085,0,0,0,0,0,0,0,0,0,0,0
34.55000000000008,0,0,0,0,0,0,0,0,0,0,0
34.60000000000008,0,0,0,0,0,0,0,0,0,0,0
34.65000000000008,0,0,0,0,0,0,0,0,0,0,0
34.700000000000074,0,0,0,0,0,0,0,0,0,0,0
34.75000000000007,0,0,0,0,0,0,0,0,0,0,0
34.80000000000007,0,0,0,0,0,0,0,0,0,0,0
34.850000000000065,0,0,0,0,0,0,0,0,0,0,0
34.90000000000006,0,0,0,0,0,0,0,0,0,0,0
34.95000000000006,0,0,0,0,0,0,0,0,0,0,0
35.00000000000006,0,0,0,0,0,0,0,0,0,0,0
35.050000000000054,0,0,0,0,0,0,0,0,0,0,0
35.10000000000005,0,0,0,0,0,0,0,0,0,0,0
35.15000000000005,0,0,0,0,0,0,0,0,0,0,0
35.200000000000045,0,0,0,0,0,0,0,0,0,0,0
35.25000000000004,0,0,0,0,0,0,0,0,0,0,0
35.30000000000004,0,0,0,0,0,0,0,0,0,0,0
35.35000000000004,0,0,0,0,0,0,0,0,0,0,0
35.400000000000034,0,0,0,0,0,0,0,0,0,0,0
35.45000000000003,0,0,0,0,0,0,0,0,0,0,0
35.50000000000003,0,0,0,0,0,0,0,0,0,0,0
35.550000000000026,0,0,0,0,0,0,0,0,0,0,0
35.60000000000002,0,0,0,0,0,0,0,0,0,0,0
35.65000000000002,0,0,0,0,0,0,0,0,0,0,0
35.70000000000002,0,0,0,0,0,0,0,0,0,0,0
35.750000000000014,0,0,0,0,0,0,0,0,0,0,0
35.80000000000001,0,0,0,0,0,0,0,0,0,0,0
35.85000000000001,0,0,0,0,0,0,0,0,0,0,0
35.900000000000006,0,0,0,0,0,0,0,0,0,0,0
35.95,0,0,0,0,0,0,0,0,0,0,0
36.0,0,0,0,0,0,0,0,0,0,0,0
36.05,0,0,0,0,0,0,0,0,0,0,0
36.099999999999994,0,0,0,0,0,0,0,0,0,0,0
36.14999999999999,0,0,0,0,0,0,0,0,0,0,0
36.19999999999999,0,0,0,0,0,0,0,0,0,0,0
36.249999999999986,0,0,0,0,0,0,0,0,0,0,0
36.29999999999998,0,0,0,0,0,0,0,0,0,0,0
36.34999999999998,0,0,0,0,0,0,0,0,0,0,0
36.39999999999998,0,0,0,0,0,0,0,0,0,0,0
36.449999999999974,0,0,0,0,0,0,0,0,0,0,0
36.49999999999997,0,0,0,0,0,0,0,0,0,0,0
36.54999999999997,0,0,0,0,0,0,0,0,0,0,0
36.599999999999966,0,0,0,0,0,0,0,0,0,0,0
36.64999999999996,0,0,0,0,0,0,0,0,0,0,0
36.69999999999996,0,0,0,0,0,0,0,0,0,0,0
36.74999999999996,0,0,0,0,0,0,0,0,0,0,0
36.799999999999955,0,0,0,0,0,0,0,0,0,0,0
36.84999999999995,0,0,0,0,0,0,0,0,0,0,0
36.89999999999995,0,0,0,0,0,0,0,0,0,0,0
36.949999999999946,0,0,0,0,0,0,0,0,0,0,0
36.99999999999994,0,0,0,0,0,0,0,0,0,0,0
37.04999999999994,0,0,0,0,0,0,0,0,0,0,0
37.09999999999994,0,0,0,0,0,0,0,0,0,0,0
37.149999999999935,0,0,0,0,0,0,0,0,0,0,0
37.19999999999993,0,0,0,0,0,0,0,0,0,0,0
37.24999999999993,0,0,0,0,0,0,0,0,0,0,0
37.299999999999926,0,0,0,0,0,0,0,0,0,0,0
37.34999999999992,0,0,0,0,0,0,0,0,0,0,0
37.39999999999992,0,0,0,0,0,0,0,0,0,0,0
37.44999999999992,0,0,0,0,0,0,0,0,0,0,0
37.499999999999915,0,0,0,0,0,0,0,0,0,0,0
37.54999999999991,0,0,0,0,0,0,0,0,0,0,0
37.59999999999991,0,0,0,0,0,0,0,0,0,0,0
37.649999999999906,0,0,0,0,0,0,0,0,0,0,0
37.6999999999999,0,0,0,0,0,0,0,0,0,0,0
37.7499999999999,0,0,0,0,0,0,0,0,0,0,0
37.7999999999999,0,0,0,0,0,0,0,0,0,0,0
37.849999999999895,0,0,0,0,0,0,0,0,0,0,0
37.89999999999989,0,0,0,0,0,0,0,0,0,0,0
37.94999999999989,0,0,0,0,0,0,0,0,0,0,0
37.999999999999886,0,0,0,0,0,0,0,0,0,0,0
38.04999999999988,0,0,0,0,0,0,0,0,0,0,0
38.09999999999988,0,0,0,0,0,0,0,0,0,0,0
38.14999999999988,0,0,0,0,0,0,0,0,0,0,0
38.199999999999875,0,0,0,0,0,0,0,0,0,0,0
38.24999999999987,0,0,0,0,0,0,0,0,0,0,0
38.29999999999987,0,0,0,0,0,0,0,0,0,0,0
38.349999999999866,0,0,0,0,0,0,0,0,0,0,0
38.399999999999864,0,0,0,0,0,0,0,0,0,0,0
38.44999999999986,0,0,0,0,0,0,0,0,0,0,0
38.49999999999986,0,0,0,0,0,0,0,0,0,0,0
38.549999999999855,0,0,0,0,0,0,0,0,0,0,0
38.59999999999985,0,0,0,0,0,0,0,0,0,0,0
38.64999999999985,0,0,0,0,0,0,0,0,0,0,0
38.69999999999985,0,0,0,0,0,0,0,0,0,0,0
38.749999999999844,0,0,0,0,0,0,0,0,0,0,0
38.79999999999984,0,0,0,0,0,0,0,0,0,0,0
38.84999999999984,0,0,0,0,0,0,0,0,0,0,0
38.899999999999835,0,0,0,0,0,0,0,0,0,0,0
38.94999999999983,0,0,0,0,0,0,0,0,0,0,0
38.99999999999983,0,0,0,0,0,0,0,0,0,0,0
39.04999999999983,0,0,0,0,0,0,0,0,0,0,0
39.099999999999824,0,0,0,0,0,0,0,0,0,0,0
39.14999999999982,0,0,0,0,0,0,0,0,0,0,0
39.19999999999982,0,0,0,0,0,0,0,0,0,0,0
39.249999999999815,0,0,0,0,0,0,0,0,0,0,0
39.29999999999981,0,0,0,0,0,0,0,0,0,0,0
39.34999999999981,0,0,0,0,0,0,0,0,0,0,0
39.39999999999981,0,0,0,0,0,0,0,0,0,0,0
39.449999999999804,0,0,0,0,0,0,0,0,0,0,0
39.4999999999998,0,0,0,0,0,0,0,0,0,0,0
39.5499999999998,0,0,0,0,0,0,0,0,0,0,0
39.599999999999795,0,0,0,0,0,0,0,0,0,0,0
39.64999999999979,0,0,0,0,0,0,0,0,0,0,0
39.69999999999979,0,0,0,0,0,0,0,0,0,0,0
39.74999999999979,0,0,0,0,0,0,0,0,0,0,0
39.799999999999784,0,0,0,0,0,0,0,0,0,0,0
39.84999999999978,0,0,0,0,0,0,0,0,0,0,0
39.89999999999978,0,0,0,0,0,0,0,0,0,0,0
39.949999999999775,0,0,0,0,0,0,0,0,0,0,0
39.99999999999977,0,0,0,0,0,0,0,0,0,0,0
40.04999999999977,0,0,0,0,0,0,0,0,0,0,0
40.09999999999977,0,0,0,0,0,0,0,0,0,0,0
40.149999999999764,0,0,0,0,0,0,0,0,0,0,0
40.19999999999976,0,0,0,0,0,0,0,0,0,0,0
40.24999999999976,0,0,0,0,0,0,0,0,0,0,0
40.299999999999756,0,0,0,0,0,0,0,0,0,0,0
40.34999999999975,0,0,0,0,0,0,0,0,0,0,0
40.39999999999975,0,0,0,0,0,0,0,0,0,0,0
40.44999999999975,0,0,0,0,0,0,0,0,0,0,0
40.499999999999744,0,0,0,0,0,0,0,0,0,0,0
40.54999999999974,0,0,0,0,0,0,0,0,0,0,0
40.59999999999974,0,0,0,0,0,0,0,0,0,0,0
40.649999999999736,0,0,0,0,0,0,0,0,0,0,0
40.69999999999973,0,0,0,0,0,0,0,0,0,0,0
40.74999999999973,0,0,0,0,0,0,0,0,0,0,0
40.79999999999973,0,0,0,0,0,0,0,0,0,0,0
40.849999999999724,0,0,0,0,0,0,0,0,0,0,0
40.89999999999972,0,0,0,0,0,0,0,0,0,0,0
40.94999999999972,0,0,0,0,0,0,0,0,0,0,0
40.999999999999716,0,0,0,0,0,0,0,0,0,0,0
41.04999999999971,0,0,0,0,0,0,0,0,0,0,0
41.09999999999971,0,0,0,0,0,0,0,0,0,0,0
41.14999999999971,0,0,0,0,0,0,0,0,0,0,0
41.199999999999704,0,0,0,0,0,0,0,0,0,0,0
41.2499999999997,0,0,0,0,0,0,0,0,0,0,0
41.2999999999997,0,0,0,0,0,0,0,0,0,0,0
41.349999999999696,0,0,0,0,0,0,0,0,0,0,0
41.39999999999969,0,0,0,0,0,0,0,0,0,0,0
41.44999999999969,0,0,0,0,0,0,0,0,0,0,0
41.49999999999969,0,0,0,0,0,0,0,0,0,0,0
41.549999999999685,0,0,0,0,0,0,0,0,0,0,0
*****
16,0.05,500,0.6,1,10,100,0.130921998163,0.0426836366557
16,500,136,150,127,150,0,0,0,0,0,0
16.05,518,136,140,120,140,0,0,0,0,0,0
16.1,538,138,157,142,157,0,0,0,0,0,0
16.150000000000002,482,96,148,145,148,0,0,0,0,0,0
16.200000000000003,495,104,152,151,152,0,0,0,0,0,0
16.250000000000004,545,102,122,118,122,0,0,0,0,0,0
16.300000000000004,512,122,158,144,158,0,0,0,0,0,0
16.350000000000005,524,127,144,123,144,0,0,0,0,0,0
16.400000000000006,485,104,130,124,130,0,0,0,0,0,0
16.450000000000006,516,104,136,122,136,0,0,0,0,0,0
16.500000000000007,530,95,147,148,147,0,0,0,0,0,0
16.550000000000008,506,90,135,115,135,0,0,0,0,0,0
16.60000000000001,495,101,134,105,134,0,0,0,0,0,0
16.65000000000001,511,112,135,107,135,0,0,0,0,0,0
16.70000000000001,491,109,129,95,129,0,0,0,0,0,0
16.75000000000001,509,77,112,101,112,0,0,0,0,0,0
16.80000000000001,485,59,97,79,97,0,0,0,0,0,0
16.850000000000012,496,47,97,87,97,0,0,0,0,0,0
16.900000000000013,515,53,79,64,79,0,0,0,0,0,0
16.950000000000014,507,53,80,63,80,0,0,0,0,0,0
17.000000000000014,515,52,82,69,82,0,0,0,0,0,0
17.050000000000015,517,63,98,74,98,0,0,0,0,0,0
17.100000000000016,521,46,89,70,89,0,0,0,0,0,0
17.150000000000016,545,42,82,52,82,0,0,0,0,0,0
17.200000000000017,507,30,56,47,56,0,0,0,0,0,0
17.250000000000018,548,32,69,64,69,0,0,0,0,0,0
17.30000000000002,493,22,40,34,40,0,0,0,0,0,0
17.35000000000002,527,19,44,39,44,0,0,0,0,0,0
17.40000000000002,475,24,35,24,35,0,0,0,0,0,0
17.45000000000002,499,20,38,28,38,0,0,0,0,0,0
17.50000000000002,478,24,37,29,37,0,0,0,0,0,0
17.550000000000022,487,13,27,22,27,0,0,0,0,0,0
17.600000000000023,530,21,36,26,36,0,0,0,0,0,0
17.650000000000023,497,10,24,20,24,0,0,0,0,0,0
17.700000000000024,490,5,14,12,14,0,0,0,0,0,0
17.750000000000025,498,11,21,13,21,0,0,0,0,0,0
17.800000000000026,496,4,7,8,7,0,0,0,0,0,0
17.850000000000026,536,10,14,11,14,0,0,0,0,0,0
17.900000000000027,533,1,6,3,6,0,0,0,0,0,0
17.950000000000028,529,0,3,6,3,0,0,0,0,0,0
18.00000000000003,521,1,3,3,3,0,0,0,0,0,0
18.05000000000003,521,2,8,5,8,0,0,0,0,0,0
18.10000000000003,481,4,10,9,10,0,0,0,0,0,0
18.15000000000003,521,2,4,3,4,0,0,0,0,0,0
18.20000000000003,483,1,1,0,1,0,0,0,0,0,0
18.250000000000032,522,2,4,3,4,0,0,0,0,0,0
18.300000000000033,507,0,1,2,1,0,0,0,0,0,0
18.350000000000033,498,1,2,2,2,0,0,0,0,0,0
18.400000000000034,498,1,3,4,3,0,0,0,0,0,0
18.450000000000035,525,2,4,3,4,0,0,0,0,0,0
18.500000000000036,529,0,0,1,0,0,0,0,0,0,0
18.550000000000036,500,0,0,0,0,0,0,0,0,0,0
18.600000000000037,506,0,0,0,0,0,0,0,0,0,0
18.650000000000038,505,0,0,0,0,0,0,0,0,0,0
18.70000000000004,501,0,0,0,0,0,0,0,0,0,0
18.75000000000004,506,0,0,0,0,0,0,0,0,0,0
18.80000000000004,485,0,0,0,0,0,0,0,0,0,0
18.85000000000004,535,0,0,0,0,0,0,0,0,0,0
18.90000000000004,491,0,0,0,0,0,0,0,0,0,0
18.950000000000042,519,0,0,0,0,0,0,0,0,0,0
19.000000000000043,518,0,0,0,0,0,0,0,0,0,0
19.050000000000043,481,0,0,0,0,0,0,0,0,0,0
19.100000000000044,526,0,0,0,0,0,0,0,0,0,0
19.150000000000045,501,0,0,0,0,0,0,0,0,0,0
19.200000000000045,508,0,0,0,0,0,0,0,0,0,0
19.250000000000046,512,0,0,0,0,0,0,0,0,0,0
19.300000000000047,510,0,0,0,0,0,0,0,0,0,0
19.350000000000048,521,0,0,0,0,0,0,0,0,0,0
19.40000000000005,510,0,0,0,0,0,0,0,0,0,0
19.45000000000005,482,0,0,0,0,0,0,0,0,0,0
19.50000000000005,531,0,0,0,0,0,0,0,0,0,0
19.55000000000005,508,0,0,0,0,0,0,0,0,0,0
19.60000000000005,549,0,0,0,0,0,0,0,0,0,0
19.650000000000052,479,0,0,0,0,0,0,0,0,0,0
19.700000000000053,528,0,0,0,0,0,0,0,0,0,0
19.750000000000053,508,0,0,0,0,0,0,0,0,0,0
19.800000000000054,508,0,0,0,0,0,0,0,0,0,0
19.850000000000055,500,0,0,0,0,0,0,0,0,0,0
19.900000000000055,473,0,0,0,0,0,0,0,0,0,0
19.950000000000056,501,0,0,0,0,0,0,0,0,0,0
20.000000000000057,503,0,0,0,0,0,0,0,0,0,0
20.050000000000058,513,0,0,0,0,0,0,0,0,0,0
20.10000000000006,503,0,0,0,0,0,0,0,0,0,0
20.15000000000006,533,0,0,0,0,0,0,0,0,0,0
20.20000000000006,482,0,0,0,0,0,0,0,0,0,0
20.25000000000006,503,0,0,0,0,0,0,0,0,0,0
20.30000000000006,537,0,0,0,0,0,0,0,0,0,0
20.350000000000062,474,0,0,0,0,0,0,0,0,0,0
20.400000000000063,525,0,0,0,0,0,0,0,0,0,0
20.450000000000063,494,0,0,0,0,0,0,0,0,0,0
20.500000000000064,531,0,0,0,0,0,0,0,0,0,0
20.550000000000065,542,0,0,0,0,0,0,0,0,0,0
20.600000000000065,519,0,0,0,0,0,0,0,0,0,0
20.650000000000066,507,0,0,0,0,0,0,0,0,0,0
20.700000000000067,479,0,0,0,0,0,0,0,0,0,0
20.750000000000068,523,0,0,0,0,0,0,0,0,0,0
20.800000000000068,494,0,0,0,0,0,0,0,0,0,0
20.85000000000007,496,0,0,0,0,0,0,0,0,0,0
20.90000000000007,550,0,0,0,0,0,0,0,0,0,0
20.95000000000007,515,0,0,0,0,0,0,0,0,0,0
21.00000000000007,473,0,0,0,0,0,0,0,0,0,0
21.05000000000007,510,0,0,0,0,0,0,0,0,0,0
21.100000000000072,504,0,0,0,0,0,0,0,0,0,0
21.150000000000073,543,0,0,0,0,0,0,0,0,0,0
21.200000000000074,488,0,0,0,0,0,0,0,0,0,0
21.250000000000075,518,0,0,0,0,0,0,0,0,0,0
21.300000000000075,490,0,0,0,0,0,0,0,0,0,0
21.350000000000076,511,0,0,0,0,0,0,0,0,0,0
21.400000000000077,514,0,0,0,0,0,0,0,0,0,0
21.450000000000077,533,0,0,0,0,0,0,0,0,0,0
21.500000000000078,502,0,0,0,0,0,0,0,0,0,0
21.55000000000008,495,0,0,0,0,0,0,0,0,0,0
21.60000000000008,533,0,0,0,0,0,0,0,0,0,0
21.65000000000008,491,0,0,0,0,0,0,0,0,0,0
21.70000000000008,459,0,0,0,0,0,0,0,0,0,0
21.75000000000008,522,0,0,0,0,0,0,0,0,0,0
21.800000000000082,523,0,0,0,0,0,0,0,0,0,0
21.850000000000083,507,0,0,0,0,0,0,0,0,0,0
21.900000000000084,530,0,0,0,0,0,0,0,0,0,0
21.950000000000085,489,0,0,0,0,0,0,0,0,0,0
22.000000000000085,529,0,0,0,0,0,0,0,0,0,0
22.050000000000086,491,0,0,0,0,0,0,0,0,0,0
22.100000000000087,517,0,0,0,0,0,0,0,0,0,0
22.150000000000087,487,0,0,0,0,0,0,0,0,0,0
22.200000000000088,499,0,0,0,0,0,0,0,0,0,0
22.25000000000009,512,0,0,0,0,0,0,0,0,0,0
22.30000000000009,524,0,0,0,0,0,0,0,0,0,0
22.35000000000009,493,0,0,0,0,0,0,0,0,0,0
22.40000000000009,552,0,0,0,0,0,0,0,0,0,0
22.45000000000009,511,0,0,0,0,0,0,0,0,0,0
22.500000000000092,503,0,0,0,0,0,0,0,0,0,0
22.550000000000093,514,0,0,0,0,0,0,0,0,0,0
22.600000000000094,500,0,0,0,0,0,0,0,0,0,0
22.650000000000095,483,0,0,0,0,0,0,0,0,0,0
22.700000000000095,525,0,0,0,0,0,0,0,0,0,0
22.750000000000096,493,0,0,0,0,0,0,0,0,0,0
22.800000000000097,521,0,0,0,0,0,0,0,0,0,0
22.850000000000097,517,0,0,0,0,0,0,0,0,0,0
22.900000000000098,504,0,0,0,0,0,0,0,0,0,0
22.9500000000001,500,0,0,0,0,0,0,0,0,0,0
23.0000000000001,512,0,0,0,0,0,0,0,0,0,0
23.0500000000001,519,0,0,0,0,0,0,0,0,0,0
23.1000000000001,531,0,0,0,0,0,0,0,0,0,0
23.1500000000001,482,0,0,0,0,0,0,0,0,0,0
23.200000000000102,514,0,0,0,0,0,0,0,0,0,0
23.250000000000103,494,0,0,0,0,0,0,0,0,0,0
23.300000000000104,526,0,0,0,0,0,0,0,0,0,0
23.350000000000104,534,0,0,0,0,0,0,0,0,0,0
23.400000000000105,524,0,0,0,0,0,0,0,0,0,0
23.450000000000106,501,0,0,0,0,0,0,0,0,0,0
23.500000000000107,512,0,0,0,0,0,0,0,0,0,0
23.550000000000107,484,0,0,0,0,0,0,0,0,0,0
23.600000000000108,506,0,0,0,0,0,0,0,0,0,0
23.65000000000011,517,0,0,0,0,0,0,0,0,0,0
23.70000000000011,501,0,0,0,0,0,0,0,0,0,0
23.75000000000011,492,0,0,0,0,0,0,0,0,0,0
23.80000000000011,551,0,0,0,0,0,0,0,0,0,0
23.85000000000011,545,0,0,0,0,0,0,0,0,0,0
23.900000000000112,475,0,0,0,0,0,0,0,0,0,0
23.950000000000113,494,0,0,0,0,0,0,0,0,0,0
24.000000000000114,517,0,0,0,0,0,0,0,0,0,0
24.050000000000114,542,0,0,0,0,0,0,0,0,0,0
24.100000000000115,480,0,0,0,0,0,0,0,0,0,0
24.150000000000116,539,0,0,0,0,0,0,0,0,0,0
24.200000000000117,489,0,0,0,0,0,0,0,0,0,0
24.250000000000117,508,0,0,0,0,0,0,0,0,0,0
24.300000000000118,496,0,0,0,0,0,0,0,0,0,0
24.35000000000012,507,0,0,0,0,0,0,0,0,0,0
24.40000000000012,466,0,0,0,0,0,0,0,0,0,0
24.45000000000012,519,0,0,0,0,0,0,0,0,0,0
24.50000000000012,506,0,0,0,0,0,0,0,0,0,0
24.55000000000012,524,0,0,0,0,0,0,0,0,0,0
24.600000000000122,513,0,0,0,0,0,0,0,0,0,0
24.650000000000123,551,0,0,0,0,0,0,0,0,0,0
24.700000000000124,545,0,0,0,0,0,0,0,0,0,0
24.750000000000124,513,0,0,0,0,0,0,0,0,0,0
24.800000000000125,491,0,0,0,0,0,0,0,0,0,0
24.850000000000126,519,0,0,0,0,0,0,0,0,0,0
24.900000000000126,481,0,0,0,0,0,0,0,0,0,0
24.950000000000127,487,0,0,0,0,0,0,0,0,0,0
25.000000000000128,478,0,0,0,0,0,0,0,0,0,0
25.05000000000013,542,0,0,0,0,0,0,0,0,0,0
25.10000000000013,533,0,0,0,0,0,0,0,0,0,0
25.15000000000013,493,0,0,0,0,0,0,0,0,0,0
25.20000000000013,471,0,0,0,0,0,0,0,0,0,0
25.25000000000013,513,0,0,0,0,0,0,0,0,0,0
25.300000000000132,508,0,0,0,0,0,0,0,0,0,0
25.350000000000133,538,0,0,0,0,0,0,0,0,0,0
25.400000000000134,522,0,0,0,0,0,0,0,0,0,0
25.450000000000134,528,0,0,0,0,0,0,0,0,0,0
25.500000000000135,514,0,0,0,0,0,0,0,0,0,0
25.550000000000136,526,0,0,0,0,0,0,0,0,0,0
25.600000000000136,505,0,0,0,0,0,0,0,0,0,0
25.650000000000137,501,0,0,0,0,0,0,0,0,0,0
25.700000000000138,480,0,0,0,0,0,0,0,0,0,0
25.75000000000014,515,0,0,0,0,0,0,0,0,0,0
25.80000000000014,497,0,0,0,0,0,0,0,0,0,0
25.85000000000014,510,0,0,0,0,0,0,0,0,0,0
25.90000000000014,503,0,0,0,0,0,0,0,0,0,0
25.95000000000014,496,0,0,0,0,0,0,0,0,0,0
26.000000000000142,529,0,0,0,0,0,0,0,0,0,0
26.050000000000143,460,0,0,0,0,0,0,0,0,0,0
26.100000000000144,525,0,0,0,0,0,0,0,0,0,0
26.150000000000144,507,0,0,0,0,0,0,0,0,0,0
26.200000000000145,525,0,0,0,0,0,0,0,0,0,0
26.250000000000146,558,0,0,0,0,0,0,0,0,0,0
26.300000000000146,526,0,0,0,0,0,0,0,0,0,0
26.350000000000147,493,0,0,0,0,0,0,0,0,0,0
26.400000000000148,492,0,0,0,0,0,0,0,0,0,0
26.45000000000015,543,0,0,0,0,0,0,0,0,0,0
26.50000000000015,507,0,0,0,0,0,0,0,0,0,0
26.55000000000015,481,0,0,0,0,0,0,0,0,0,0
26.60000000000015,471,0,0,0,0,0,0,0,0,0,0
26.65000000000015,506,0,0,0,0,0,0,0,0,0,0
26.700000000000152,497,0,0,0,0,0,0,0,0,0,0
26.750000000000153,510,0,0,0,0,0,0,0,0,0,0
26.800000000000153,498,0,0,0,0,0,0,0,0,0,0
26.850000000000154,517,0,0,0,0,0,0,0,0,0,0
26.900000000000155,496,0,0,0,0,0,0,0,0,0,0
26.950000000000156,555,0,0,0,0,0,0,0,0,0,0
27.000000000000156,456,0,0,0,0,0,0,0,0,0,0
27.050000000000157,547,0,0,0,0,0,0,0,0,0,0
27.100000000000158,506,0,0,0,0,0,0,0,0,0,0
27.15000000000016,538,0,0,0,0,0,0,0,0,0,0
27.20000000000016,542,0,0,0,0,0,0,0,0,0,0
27.25000000000016,502,0,0,0,0,0,0,0,0,0,0
27.30000000000016,510,0,0,0,0,0,0,0,0,0,0
27.35000000000016,510,0,0,0,0,0,0,0,0,0,0
27.400000000000162,499,0,0,0,0,0,0,0,0,0,0
27.450000000000163,483,0,0,0,0,0,0,0,0,0,0
27.500000000000163,461,0,0,0,0,0,0,0,0,0,0
27.550000000000164,516,0,0,0,0,0,0,0,0,0,0
27.600000000000165,492,0,0,0,0,0,0,0,0,0,0
27.650000000000166,492,0,0,0,0,0,0,0,0,0,0
27.700000000000166,528,0,0,0,0,0,0,0,0,0,0
27.750000000000167,527,0,0,0,0,0,0,0,0,0,0
27.800000000000168,526,0,0,0,0,0,0,0,0,0,0
27.85000000000017,567,0,0,0,0,0,0,0,0,0,0
27.90000000000017,499,0,0,0,0,0,0,0,0,0,0
27.95000000000017,507,0,0,0,0,0,0,0,0,0,0
28.00000000000017,501,0,0,0,0,0,0,0,0,0,0
28.05000000000017,493,0,0,0,0,0,0,0,0,0,0
28.100000000000172,523,0,0,0,0,0,0,0,0,0,0
28.150000000000173,546,0,0,0,0,0,0,0,0,0,0
28.200000000000173,485,0,0,0,0,0,0,0,0,0,0
28.250000000000174,503,0,0,0,0,0,0,0,0,0,0
28.300000000000175,495,0,0,0,0,0,0,0,0,0,0
28.350000000000176,512,0,0,0,0,0,0,0,0,0,0
28.400000000000176,499,0,0,0,0,0,0,0,0,0,0
28.450000000000177,483,0,0,0,0,0,0,0,0,0,0
28.500000000000178,542,0,0,0,0,0,0,0,0,0,0
28.55000000000018,526,0,0,0,0,0,0,0,0,0,0
28.60000000000018,490,0,0,0,0,0,0,0,0,0,0
28.65000000000018,528,0,0,0,0,0,0,0,0,0,0
28.70000000000018,531,0,0,0,0,0,0,0,0,0,0
28.75000000000018,504,0,0,0,0,0,0,0,0,0,0
28.800000000000182,513,0,0,0,0,0,0,0,0,0,0
28.850000000000183,489,0,0,0,0,0,0,0,0,0,0
28.900000000000183,523,0,0,0,0,0,0,0,0,0,0
28.950000000000184,492,0,0,0,0,0,0,0,0,0,0
29.000000000000185,509,0,0,0,0,0,0,0,0,0,0
29.050000000000185,521,0,0,0,0,0,0,0,0,0,0
29.100000000000186,508,0,0,0,0,0,0,0,0,0,0
29.150000000000187,512,0,0,0,0,0,0,0,0,0,0
29.200000000000188,517,0,0,0,0,0,0,0,0,0,0
29.25000000000019,499,0,0,0,0,0,0,0,0,0,0
29.30000000000019,476,0,0,0,0,0,0,0,0,0,0
29.35000000000019,506,0,0,0,0,0,0,0,0,0,0
29.40000000000019,507,0,0,0,0,0,0,0,0,0,0
29.45000000000019,510,0,0,0,0,0,0,0,0,0,0
29.500000000000192,537,0,0,0,0,0,0,0,0,0,0
29.550000000000193,486,0,0,0,0,0,0,0,0,0,0
29.600000000000193,532,0,0,0,0,0,0,0,0,0,0
29.650000000000194,494,0,0,0,0,0,0,0,0,0,0
29.700000000000195,502,0,0,0,0,0,0,0,0,0,0
29.750000000000195,518,0,0,0,0,0,0,0,0,0,0
29.800000000000196,539,0,0,0,0,0,0,0,0,0,0
29.850000000000197,528,0,0,0,0,0,0,0,0,0,0
29.900000000000198,511,0,0,0,0,0,0,0,0,0,0
29.9500000000002,497,0,0,0,0,0,0,0,0,0,0
30.0000000000002,460,0,0,0,0,0,0,0,0,0,0
30.0500000000002,517,0,0,0,0,0,0,0,0,0,0
30.1000000000002,522,0,0,0,0,0,0,0,0,0,0
30.1500000000002,515,0,0,0,0,0,0,0,0,0,0
30.200000000000202,524,0,0,0,0,0,0,0,0,0,0
30.250000000000203,495,0,0,0,0,0,0,0,0,0,0
30.300000000000203,521,0,0,0,0,0,0,0,0,0,0
30.350000000000204,457,0,0,0,0,0,0,0,0,0,0
30.400000000000205,495,0,0,0,0,0,0,0,0,0,0
30.450000000000205,538,0,0,0,0,0,0,0,0,0,0
30.500000000000206,518,0,0,0,0,0,0,0,0,0,0
30.550000000000207,526,0,0,0,0,0,0,0,0,0,0
30.600000000000207,516,0,0,0,0,0,0,0,0,0,0
30.650000000000208,514,0,0,0,0,0,0,0,0,0,0
30.70000000000021,532,0,0,0,0,0,0,0,0,0,0
30.75000000000021,507,0,0,0,0,0,0,0,0,0,0
30.80000000000021,491,0,0,0,0,0,0,0,0,0,0
30.85000000000021,534,0,0,0,0,0,0,0,0,0,0
30.90000000000021,497,0,0,0,0,0,0,0,0,0,0
30.950000000000212,495,0,0,0,0,0,0,0,0,0,0
31.000000000000213,540,0,0,0,0,0,0,0,0,0,0
31.050000000000214,490,0,0,0,0,0,0,0,0,0,0
31.100000000000215,495,0,0,0,0,0,0,0,0,0,0
31.150000000000215,499,0,0,0,0,0,0,0,0,0,0
31.200000000000216,510,0,0,0,0,0,0,0,0,0,0
31.250000000000217,537,0,0,0,0,0,0,0,0,0,0
31.300000000000217,491,0,0,0,0,0,0,0,0,0,0
31.350000000000218,500,0,0,0,0,0,0,0,0,0,0
31.40000000000022,506,0,0,0,0,0,0,0,0,0,0
31.45000000000022,513,0,0,0,0,0,0,0,0,0,0
31.50000000000022,550,0,0,0,0,0,0,0,0,0,0
31.55000000000022,528,0,0,0,0,0,0,0,0,0,0
31.60000000000022,486,0,0,0,0,0,0,0,0,0,0
31.650000000000222,491,0,0,0,0,0,0,0,0,0,0
31.700000000000223,479,0,0,0,0,0,0,0,0,0,0
31.750000000000224,523,0,0,0,0,0,0,0,0,0,0
31.800000000000225,530,0,0,0,0,0,0,0,0,0,0
31.850000000000225,505,0,0,0,0,0,0,0,0,0,0
31.900000000000226,536,0,0,0,0,0,0,0,0,0,0
31.950000000000227,526,0,0,0,0,0,0,0,0,0,0
32.00000000000023,527,0,0,0,0,0,0,0,0,0,0
32.050000000000225,454,0,0,0,0,0,0,0,0,0,0
32.10000000000022,530,0,0,0,0,0,0,0,0,0,0
32.15000000000022,506,0,0,0,0,0,0,0,0,0,0
32.200000000000216,526,0,0,0,0,0,0,0,0,0,0
32.25000000000021,517,0,0,0,0,0,0,0,0,0,0
32.30000000000021,483,0,0,0,0,0,0,0,0,0,0
32.35000000000021,508,0,0,0,0,0,0,0,0,0,0
32.400000000000205,500,0,0,0,0,0,0,0,0,0,0
32.4500000000002,502,0,0,0,0,0,0,0,0,0,0
32.5000000000002,512,0,0,0,0,0,0,0,0,0,0
32.550000000000196,485,0,0,0,0,0,0,0,0,0,0
32.60000000000019,453,0,0,0,0,0,0,0,0,0,0
32.65000000000019,451,0,0,0,0,0,0,0,0,0,0
32.70000000000019,362,0,0,0,0,0,0,0,0,0,0
32.750000000000185,287,0,0,0,0,0,0,0,0,0,0
32.80000000000018,243,0,0,0,0,0,0,0,0,0,0
32.85000000000018,172,0,0,0,0,0,0,0,0,0,0
32.900000000000176,90,0,0,0,0,0,0,0,0,0,0
32.95000000000017,39,0,0,0,0,0,0,0,0,0,0
33.00000000000017,0,0,0,0,0,0,0,0,0,0,0
33.05000000000017,0,0,0,0,0,0,0,0,0,0,0
33.100000000000165,0,0,0,0,0,0,0,0,0,0,0
33.15000000000016,0,0,0,0,0,0,0,0,0,0,0
33.20000000000016,0,0,0,0,0,0,0,0,0,0,0
33.250000000000156,0,0,0,0,0,0,0,0,0,0,0
33.30000000000015,0,0,0,0,0,0,0,0,0,0,0
33.35000000000015,0,0,0,0,0,0,0,0,0,0,0
33.40000000000015,0,0,0,0,0,0,0,0,0,0,0
33.450000000000145,0,0,0,0,0,0,0,0,0,0,0
33.50000000000014,0,0,0,0,0,0,0,0,0,0,0
33.55000000000014,0,0,0,0,0,0,0,0,0,0,0
33.600000000000136,0,0,0,0,0,0,0,0,0,0,0
33.650000000000134,0,0,0,0,0,0,0,0,0,0,0
33.70000000000013,0,0,0,0,0,0,0,0,0,0,0
33.75000000000013,0,0,0,0,0,0,0,0,0,0,0
33.800000000000125,0,0,0,0,0,0,0,0,0,0,0
33.85000000000012,0,0,0,0,0,0,0,0,0,0,0
33.90000000000012,0,0,0,0,0,0,0,0,0,0,0
33.95000000000012,0,0,0,0,0,0,0,0,0,0,0
34.000000000000114,0,0,0,0,0,0,0,0,0,0,0
34.05000000000011,0,0,0,0,0,0,0,0,0,0,0
34.10000000000011,0,0,0,0,0,0,0,0,0,0,0
34.150000000000105,0,0,0,0,0,0,0,0,0,0,0
34.2000000000001,0,0,0,0,0,0,0,0,0,0,0
34.2500000000001,0,0,0,0,0,0,0,0,0,0,0
34.3000000000001,0,0,0,0,0,0,0,0,0,0,0
34.350000000000094,0,0,0,0,0,0,0,0,0,0,0
34.40000000000009,0,0,0,0,0,0,0,0,0,0,0
34.45000000000009,0,0,0,0,0,0,0,0,0,0,0
34.500000000000085,0,0,0,0,0,0,0,0,0,0,0
34.55000000000008,0,0,0,0,0,0,0,0,0,0,0
34.60000000000008,0,0,0,0,0,0,0,0,0,0,0
34.65000000000008,0,0,0,0,0,0,0,0,0,0,0
34.700000000000074,0,0,0,0,0,0,0,0,0,0,0
34.75000000000007,0,0,0,0,0,0,0,0,0,0,0
34.80000000000007,0,0,0,0,0,0,0,0,0,0,0
34.850000000000065,0,0,0,0,0,0,0,0,0,0,0
34.90000000000006,0,0,0,0,0,0,0,0,0,0,0
34.95000000000006,0,0,0,0,0,0,0,0,0,0,0
35.00000000000006,0,0,0,0,0,0,0,0,0,0,0
35.050000000000054,0,0,0,0,0,0,0,0,0,0,0
35.10000000000005,0,0,0,0,0,0,0,0,0,0,0
35.15000000000005,0,0,0,0,0,0,0,0,0,0,0
35.200000000000045,0,0,0,0,0,0,0,0,0,0,0
35.25000000000004,0,0,0,0,0,0,0,0,0,0,0
35.30000000000004,0,0,0,0,0,0,0,0,0,0,0
35.35000000000004,0,0,0,0,0,0,0,0,0,0,0
35.400000000000034,0,0,0,0,0,0,0,0,0,0,0
35.45000000000003,0,0,0,0,0,0,0,0,0,0,0
35.50000000000003,0,0,0,0,0,0,0,0,0,0,0
35.550000000000026,0,0,0,0,0,0,0,0,0,0,0
35.60000000000002,0,0,0,0,0,0,0,0,0,0,0
35.65000000000002,0,0,0,0,0,0,0,0,0,0,0
35.70000000000002,0,0,0,0,0,0,0,0,0,0,0
35.750000000000014,0,0,0,0,0,0,0,0,0,0,0
35.80000000000001,0,0,0,0,0,0,0,0,0,0,0
35.85000000000001,0,0,0,0,0,0,0,0,0,0,0
35.900000000000006,0,0,0,0,0,0,0,0,0,0,0
35.95,0,0,0,0,0,0,0,0,0,0,0
36.0,0,0,0,0,0,0,0,0,0,0,0
36.05,0,0,0,0,0,0,0,0,0,0,0
36.099999999999994,0,0,0,0,0,0,0,0,0,0,0
36.14999999999999,0,0,0,0,0,0,0,0,0,0,0
36.19999999999999,0,0,0,0,0,0,0,0,0,0,0
36.249999999999986,0,0,0,0,0,0,0,0,0,0,0
36.29999999999998,0,0,0,0,0,0,0,0,0,0,0
36.34999999999998,0,0,0,0,0,0,0,0,0,0,0
36.39999999999998,0,0,0,0,0,0,0,0,0,0,0
36.449999999999974,0,0,0,0,0,0,0,0,0,0,0
36.49999999999997,0,0,0,0,0,0,0,0,0,0,0
36.54999999999997,0,0,0,0,0,0,0,0,0,0,0
36.599999999999966,0,0,0,0,0,0,0,0,0,0,0
36.64999999999996,0,0,0,0,0,0,0,0,0,0,0
36.69999999999996,0,0,0,0,0,0,0,0,0,0,0
36.74999999999996,0,0,0,0,0,0,0,0,0,0,0
36.799999999999955,0,0,0,0,0,0,0,0,0,0,0
36.84999999999995,0,0,0,0,0,0,0,0,0,0,0
36.89999999999995,0,0,0,0,0,0,0,0,0,0,0
36.949999999999946,0,0,0,0,0,0,0,0,0,0,0
36.99999999999994,0,0,0,0,0,0,0,0,0,0,0
37.04999999999994,0,0,0,0,0,0,0,0,0,0,0
37.09999999999994,0,0,0,0,0,0,0,0,0,0,0
37.149999999999935,0,0,0,0,0,0,0,0,0,0,0
37.19999999999993,0,0,0,0,0,0,0,0,0,0,0
37.24999999999993,0,0,0,0,0,0,0,0,0,0,0
37.299999999999926,0,0,0,0,0,0,0,0,0,0,0
37.34999999999992,0,0,0,0,0,0,0,0,0,0,0
37.39999999999992,0,0,0,0,0,0,0,0,0,0,0
37.44999999999992,0,0,0,0,0,0,0,0,0,0,0
37.499999999999915,0,0,0,0,0,0,0,0,0,0,0
37.54999999999991,0,0,0,0,0,0,0,0,0,0,0
37.59999999999991,0,0,0,0,0,0,0,0,0,0,0
37.649999999999906,0,0,0,0,0,0,0,0,0,0,0
37.6999999999999,0,0,0,0,0,0,0,0,0,0,0
37.7499999999999,0,0,0,0,0,0,0,0,0,0,0
37.7999999999999,0,0,0,0,0,0,0,0,0,0,0
37.849999999999895,0,0,0,0,0,0,0,0,0,0,0
37.89999999999989,0,0,0,0,0,0,0,0,0,0,0
37.94999999999989,0,0,0,0,0,0,0,0,0,0,0
37.999999999999886,0,0,0,0,0,0,0,0,0,0,0
38.04999999999988,0,0,0,0,0,0,0,0,0,0,0
38.09999999999988,0,0,0,0,0,0,0,0,0,0,0
38.14999999999988,0,0,0,0,0,0,0,0,0,0,0
38.199999999999875,0,0,0,0,0,0,0,0,0,0,0
38.24999999999987,0,0,0,0,0,0,0,0,0,0,0
38.29999999999987,0,0,0,0,0,0,0,0,0,0,0
38.349999999999866,0,0,0,0,0,0,0,0,0,0,0
38.399999999999864,0,0,0,0,0,0,0,0,0,0,0
38.44999999999986,0,0,0,0,0,0,0,0,0,0,0
38.49999999999986,0,0,0,0,0,0,0,0,0,0,0
38.549999999999855,0,0,0,0,0,0,0,0,0,0,0
38.59999999999985,0,0,0,0,0,0,0,0,0,0,0
38.64999999999985,0,0,0,0,0,0,0,0,0,0,0
38.69999999999985,0,0,0,0,0,0,0,0,0,0,0
38.749999999999844,0,0,0,0,0,0,0,0,0,0,0
38.79999999999984,0,0,0,0,0,0,0,0,0,0,0
38.84999999999984,0,0,0,0,0,0,0,0,0,0,0
38.899999999999835,0,0,0,0,0,0,0,0,0,0,0
38.94999999999983,0,0,0,0,0,0,0,0,0,0,0
38.99999999999983,0,0,0,0,0,0,0,0,0,0,0
39.04999999999983,0,0,0,0,0,0,0,0,0,0,0
39.099999999999824,0,0,0,0,0,0,0,0,0,0,0
39.14999999999982,0,0,0,0,0,0,0,0,0,0,0
39.19999999999982,0,0,0,0,0,0,0,0,0,0,0
39.249999999999815,0,0,0,0,0,0,0,0,0,0,0
39.29999999999981,0,0,0,0,0,0,0,0,0,0,0
39.34999999999981,0,0,0,0,0,0,0,0,0,0,0
39.39999999999981,0,0,0,0,0,0,0,0,0,0,0
39.449999999999804,0,0,0,0,0,0,0,0,0,0,0
39.4999999999998,0,0,0,0,0,0,0,0,0,0,0
39.5499999999998,0,0,0,0,0,0,0,0,0,0,0
39.599999999999795,0,0,0,0,0,0,0,0,0,0,0
39.64999999999979,0,0,0,0,0,0,0,0,0,0,0
39.69999999999979,0,0,0,0,0,0,0,0,0,0,0
39.74999999999979,0,0,0,0,0,0,0,0,0,0,0
39.799999999999784,0,0,0,0,0,0,0,0,0,0,0
39.84999999999978,0,0,0,0,0,0,0,0,0,0,0
39.89999999999978,0,0,0,0,0,0,0,0,0,0,0
39.949999999999775,0,0,0,0,0,0,0,0,0,0,0
39.99999999999977,0,0,0,0,0,0,0,0,0,0,0
40.04999999999977,0,0,0,0,0,0,0,0,0,0,0
40.09999999999977,0,0,0,0,0,0,0,0,0,0,0
40.149999999999764,0,0,0,0,0,0,0,0,0,0,0
40.19999999999976,0,0,0,0,0,0,0,0,0,0,0
40.24999999999976,0,0,0,0,0,0,0,0,0,0,0
40.299999999999756,0,0,0,0,0,0,0,0,0,0,0
40.34999999999975,0,0,0,0,0,0,0,0,0,0,0
40.39999999999975,0,0,0,0,0,0,0,0,0,0,0
40.44999999999975,0,0,0,0,0,0,0,0,0,0,0
40.499999999999744,0,0,0,0,0,0,0,0,0,0,0
40.54999999999974,0,0,0,0,0,0,0,0,0,0,0
40.59999999999974,0,0,0,0,0,0,0,0,0,0,0
40.649999999999736,0,0,0,0,0,0,0,0,0,0,0
40.69999999999973,0,0,0,0,0,0,0,0,0,0,0
40.74999999999973,0,0,0,0,0,0,0,0,0,0,0
40.79999999999973,0,0,0,0,0,0,0,0,0,0,0
40.849999999999724,0,0,0,0,0,0,0,0,0,0,0
40.89999999999972,0,0,0,0,0,0,0,0,0,0,0
40.94999999999972,0,0,0,0,0,0,0,0,0,0,0
40.999999999999716,0,0,0,0,0,0,0,0,0,0,0
41.04999999999971,0,0,0,0,0,0,0,0,0,0,0
41.09999999999971,0,0,0,0,0,0,0,0,0,0,0
41.14999999999971,0,0,0,0,0,0,0,0,0,0,0
41.199999999999704,0,0,0,0,0,0,0,0,0,0,0
41.2499999999997,0,0,0,0,0,0,0,0,0,0,0
41.2999999999997,0,0,0,0,0,0,0,0,0,0,0
41.349999999999696,0,0,0,0,0,0,0,0,0,0,0
41.39999999999969,0,0,0,0,0,0,0,0,0,0,0
41.44999999999969,0,0,0,0,0,0,0,0,0,0,0
41.49999999999969,0,0,0,0,0,0,0,0,0,0,0
41.549999999999685,0,0,0,0,0,0,0,0,0,0,0
