*****
16,0.05,500,0,1,10,100,0.261843996326,0.0853672733114
16,500,500,500,475,500,0,0,0,0,0,0
16.05,526,526,525,500,526,0,0,0,0,0,0
16.1,515,515,515,491,515,0,0,0,0,0,0
16.150000000000002,536,536,535,514,536,0,0,0,0,0,0
16.200000000000003,503,503,503,483,503,0,0,0,0,0,0
16.250000000000004,570,570,570,546,570,0,0,0,0,0,0
16.300000000000004,507,506,506,477,506,0,0,0,0,0,0
16.350000000000005,550,550,549,528,550,0,0,0,0,0,0
16.400000000000006,489,489,488,467,489,0,0,0,0,0,0
16.450000000000006,562,558,554,539,561,0,0,0,0,0,0
16.500000000000007,519,517,518,496,519,0,0,0,0,0,0
16.550000000000008,522,519,519,499,521,0,0,0,0,0,0
16.60000000000001,490,485,485,455,488,0,0,0,0,0,0
16.65000000000001,539,535,533,494,536,0,0,0,0,0,0
16.70000000000001,519,507,513,480,515,0,0,0,0,0,0
16.75000000000001,526,513,516,485,523,0,0,0,0,0,0
16.80000000000001,516,500,498,468,509,0,0,0,0,0,0
16.850000000000012,498,475,478,442,489,0,0,0,0,0,0
16.900000000000013,537,512,515,455,524,0,0,0,0,0,0
16.950000000000014,516,485,491,434,502,0,0,0,0,0,0
17.000000000000014,519,487,488,434,498,0,0,0,0,0,0
17.050000000000015,529,471,485,433,503,0,0,0,0,0,0
17.100000000000016,519,454,467,408,488,0,0,0,0,0,0
17.150000000000016,497,401,422,385,443,0,0,0,0,0,0
17.200000000000017,507,420,422,390,450,0,0,0,0,0,0
17.250000000000018,501,419,438,378,460,0,0,0,0,0,0
17.30000000000002,567,453,463,434,492,0,0,0,0,0,0
17.35000000000002,499,382,388,354,413,0,0,0,0,0,0
17.40000000000002,554,411,424,384,459,0,0,0,0,0,0
17.45000000000002,521,340,366,358,405,0,0,0,0,0,0
17.50000000000002,483,318,331,330,366,0,0,0,0,0,0
17.550000000000022,550,358,366,360,412,0,0,0,0,0,0
17.600000000000023,488,298,311,306,353,0,0,0,0,0,0
17.650000000000023,532,326,340,328,378,0,0,0,0,0,0
17.700000000000024,569,304,320,318,364,0,0,0,0,0,0
17.750000000000025,520,257,282,292,320,0,0,0,0,0,0
17.800000000000026,525,249,262,290,313,0,0,0,0,0,0
17.850000000000026,489,229,245,238,285,0,0,0,0,0,0
17.900000000000027,510,204,226,234,254,0,0,0,0,0,0
17.950000000000028,500,182,201,241,236,0,0,0,0,0,0
18.00000000000003,511,170,189,235,221,0,0,0,0,0,0
18.05000000000003,538,162,190,233,219,0,0,0,0,0,0
18.10000000000003,529,162,176,228,202,0,0,0,0,0,0
18.15000000000003,507,132,149,193,184,0,0,0,0,0,0
18.20000000000003,537,124,131,202,162,0,0,0,0,0,0
18.250000000000032,527,121,137,177,162,0,0,0,0,0,0
18.300000000000033,547,98,103,156,137,0,0,0,0,0,0
18.350000000000033,496,96,111,156,136,0,0,0,0,0,0
18.400000000000034,535,86,104,150,125,0,0,0,0,0,0
18.450000000000035,513,67,77,115,91,0,0,0,0,0,0
18.500000000000036,521,57,73,127,99,0,0,0,0,0,0
18.550000000000036,555,59,74,108,95,0,0,0,0,0,0
18.600000000000037,498,54,53,94,74,0,0,0,0,0,0
18.650000000000038,547,38,47,103,60,0,0,0,0,0,0
18.70000000000004,522,41,46,90,66,0,0,0,0,0,0
18.75000000000004,525,31,28,74,46,0,0,0,0,0,0
18.80000000000004,540,25,32,64,42,0,0,0,0,0,0
18.85000000000004,511,21,23,53,35,0,0,0,0,0,0
18.90000000000004,489,17,22,47,25,0,0,0,0,0,0
18.950000000000042,535,15,16,36,20,0,0,0,0,0,0
19.000000000000043,539,15,16,45,24,0,0,0,0,0,0
19.050000000000043,545,14,18,44,24,0,0,0,0,0,0
19.100000000000044,524,12,16,36,20,0,0,0,0,0,0
19.150000000000045,498,11,13,33,18,0,0,0,0,0,0
19.200000000000045,520,10,13,29,16,0,0,0,0,0,0
19.250000000000046,536,1,3,18,6,0,0,0,0,0,0
19.300000000000047,529,10,13,29,18,0,0,0,0,0,0
19.350000000000048,499,10,7,14,13,0,0,0,0,0,0
19.40000000000005,538,5,6,13,7,0,0,0,0,0,0
19.45000000000005,538,3,5,16,7,0,0,0,0,0,0
19.50000000000005,489,2,1,11,2,0,0,0,0,0,0
19.55000000000005,531,0,2,6,3,0,0,0,0,0,0
19.60000000000005,547,0,0,6,0,0,0,0,0,0,0
19.650000000000052,533,0,1,6,3,0,0,0,0,0,0
19.700000000000053,529,0,2,2,3,0,0,0,0,0,0
19.750000000000053,520,1,1,4,2,0,0,0,0,0,0
19.800000000000054,533,2,2,4,3,0,0,0,0,0,0
19.850000000000055,531,0,0,2,0,0,0,0,0,0,0
19.900000000000055,540,0,0,2,0,0,0,0,0,0,0
19.950000000000056,512,1,1,1,1,0,0,0,0,0,0
20.000000000000057,485,0,0,2,1,0,0,0,0,0,0
20.050000000000058,510,0,0,1,0,0,0,0,0,0,0
20.10000000000006,548,0,0,0,0,0,0,0,0,0,0
20.15000000000006,526,0,0,1,0,0,0,0,0,0,0
20.20000000000006,476,0,0,2,0,0,0,0,0,0,0
20.25000000000006,515,0,0,1,0,0,0,0,0,0,0
20.30000000000006,504,0,0,0,0,0,0,0,0,0,0
20.350000000000062,517,0,0,0,0,0,0,0,0,0,0
20.400000000000063,523,0,0,0,0,0,0,0,0,0,0
20.450000000000063,521,0,0,0,0,0,0,0,0,0,0
20.500000000000064,526,0,0,1,0,0,0,0,0,0,0
20.550000000000065,531,0,0,0,0,0,0,0,0,0,0
20.600000000000065,539,0,0,0,0,0,0,0,0,0,0
20.650000000000066,548,0,0,0,0,0,0,0,0,0,0
20.700000000000067,508,0,0,0,0,0,0,0,0,0,0
20.750000000000068,522,0,0,0,0,0,0,0,0,0,0
20.800000000000068,482,0,0,0,0,0,0,0,0,0,0
20.85000000000007,519,0,0,0,0,0,0,0,0,0,0
20.90000000000007,486,0,0,0,0,0,0,0,0,0,0
20.95000000000007,503,0,0,0,0,0,0,0,0,0,0
21.00000000000007,542,0,0,0,0,0,0,0,0,0,0
21.05000000000007,512,0,0,0,0,0,0,0,0,0,0
21.100000000000072,510,0,0,0,0,0,0,0,0,0,0
21.150000000000073,513,0,0,0,0,0,0,0,0,0,0
21.200000000000074,471,0,0,0,0,0,0,0,0,0,0
21.250000000000075,508,0,0,0,0,0,0,0,0,0,0
21.300000000000075,532,0,0,0,0,0,0,0,0,0,0
21.350000000000076,501,0,0,0,0,0,0,0,0,0,0
21.400000000000077,551,0,0,0,0,0,0,0,0,0,0
21.450000000000077,510,0,0,0,0,0,0,0,0,0,0
21.500000000000078,520,0,0,0,0,0,0,0,0,0,0
21.55000000000008,512,0,0,0,0,0,0,0,0,0,0
21.60000000000008,522,0,0,0,0,0,0,0,0,0,0
21.65000000000008,524,0,0,0,0,0,0,0,0,0,0
21.70000000000008,481,0,0,0,0,0,0,0,0,0,0
21.75000000000008,534,0,0,0,0,0,0,0,0,0,0
21.800000000000082,517,0,0,0,0,0,0,0,0,0,0
21.850000000000083,535,0,0,0,0,0,0,0,0,0,0
21.900000000000084,553,0,0,0,0,0,0,0,0,0,0
21.950000000000085,541,0,0,0,0,0,0,0,0,0,0
22.000000000000085,491,0,0,0,0,0,0,0,0,0,0
22.050000000000086,531,0,0,0,0,0,0,0,0,0,0
22.100000000000087,514,0,0,0,0,0,0,0,0,0,0
22.150000000000087,463,0,0,0,0,0,0,0,0,0,0
22.200000000000088,553,0,0,0,0,0,0,0,0,0,0
22.25000000000009,496,0,0,0,0,0,0,0,0,0,0
22.30000000000009,525,0,0,0,0,0,0,0,0,0,0
22.35000000000009,509,0,0,0,0,0,0,0,0,0,0
22.40000000000009,514,0,0,0,0,0,0,0,0,0,0
22.45000000000009,531,0,0,0,0,0,0,0,0,0,0
22.500000000000092,529,0,0,0,0,0,0,0,0,0,0
22.550000000000093,521,0,0,0,0,0,0,0,0,0,0
22.600000000000094,525,0,0,0,0,0,0,0,0,0,0
22.650000000000095,502,0,0,0,0,0,0,0,0,0,0
22.700000000000095,558,0,0,0,0,0,0,0,0,0,0
22.750000000000096,542,0,0,0,0,0,0,0,0,0,0
22.800000000000097,522,0,0,0,0,0,0,0,0,0,0
22.850000000000097,566,0,0,0,0,0,0,0,0,0,0
22.900000000000098,483,0,0,0,0,0,0,0,0,0,0
22.9500000000001,539,0,0,0,0,0,0,0,0,0,0
23.0000000000001,521,0,0,0,0,0,0,0,0,0,0
23.0500000000001,501,0,0,0,0,0,0,0,0,0,0
23.1000000000001,502,0,0,0,0,0,0,0,0,0,0
23.1500000000001,544,0,0,0,0,0,0,0,0,0,0
23.200000000000102,553,0,0,0,0,0,0,0,0,0,0
23.250000000000103,520,0,0,0,0,0,0,0,0,0,0
23.300000000000104,488,0,0,0,0,0,0,0,0,0,0
23.350000000000104,542,0,0,0,0,0,0,0,0,0,0
23.400000000000105,532,0,0,0,0,0,0,0,0,0,0
23.450000000000106,507,0,0,0,0,0,0,0,0,0,0
23.500000000000107,485,0,0,0,0,0,0,0,0,0,0
23.550000000000107,489,0,0,0,0,0,0,0,0,0,0
23.600000000000108,552,0,0,0,0,0,0,0,0,0,0
23.65000000000011,570,0,0,0,0,0,0,0,0,0,0
23.70000000000011,540,0,0,0,0,0,0,0,0,0,0
23.75000000000011,536,0,0,0,0,0,0,0,0,0,0
23.80000000000011,529,0,0,0,0,0,0,0,0,0,0
23.85000000000011,546,0,0,0,0,0,0,0,0,0,0
23.900000000000112,498,0,0,0,0,0,0,0,0,0,0
23.950000000000113,520,0,0,0,0,0,0,0,0,0,0
24.000000000000114,550,0,0,0,0,0,0,0,0,0,0
24.050000000000114,519,0,0,0,0,0,0,0,0,0,0
24.100000000000115,535,0,0,0,0,0,0,0,0,0,0
24.150000000000116,525,0,0,0,0,0,0,0,0,0,0
24.200000000000117,550,0,0,0,0,0,0,0,0,0,0
24.250000000000117,522,0,0,0,0,0,0,0,0,0,0
24.300000000000118,505,0,0,0,0,0,0,0,0,0,0
24.35000000000012,515,0,0,0,0,0,0,0,0,0,0
24.40000000000012,535,0,0,0,0,0,0,0,0,0,0
24.45000000000012,499,0,0,0,0,0,0,0,0,0,0
24.50000000000012,524,0,0,0,0,0,0,0,0,0,0
24.55000000000012,547,0,0,0,0,0,0,0,0,0,0
24.600000000000122,543,0,0,0,0,0,0,0,0,0,0
24.650000000000123,466,0,0,0,0,0,0,0,0,0,0
24.700000000000124,480,0,0,0,0,0,0,0,0,0,0
24.750000000000124,563,0,0,0,0,0,0,0,0,0,0
24.800000000000125,583,0,0,0,0,0,0,0,0,0,0
24.850000000000126,527,0,0,0,0,0,0,0,0,0,0
24.900000000000126,551,0,0,0,0,0,0,0,0,0,0
24.950000000000127,529,0,0,0,0,0,0,0,0,0,0
25.000000000000128,494,0,0,0,0,0,0,0,0,0,0
25.05000000000013,503,0,0,0,0,0,0,0,0,0,0
25.10000000000013,503,0,0,0,0,0,0,0,0,0,0
25.15000000000013,516,0,0,0,0,0,0,0,0,0,0
25.20000000000013,510,0,0,0,0,0,0,0,0,0,0
25.25000000000013,501,0,0,0,0,0,0,0,0,0,0
25.300000000000132,544,0,0,0,0,0,0,0,0,0,0
25.350000000000133,497,0,0,0,0,0,0,0,0,0,0
25.400000000000134,499,0,0,0,0,0,0,0,0,0,0
25.450000000000134,532,0,0,0,0,0,0,0,0,0,0
25.500000000000135,506,0,0,0,0,0,0,0,0,0,0
25.550000000000136,523,0,0,0,0,0,0,0,0,0,0
25.600000000000136,493,0,0,0,0,0,0,0,0,0,0
25.650000000000137,588,0,0,0,0,0,0,0,0,0,0
25.700000000000138,528,0,0,0,0,0,0,0,0,0,0
25.75000000000014,566,0,0,0,0,0,0,0,0,0,0
25.80000000000014,558,0,0,0,0,0,0,0,0,0,0
25.85000000000014,547,0,0,0,0,0,0,0,0,0,0
25.90000000000014,513,0,0,0,0,0,0,0,0,0,0
25.95000000000014,499,0,0,0,0,0,0,0,0,0,0
26.000000000000142,533,0,0,0,0,0,0,0,0,0,0
26.050000000000143,532,0,0,0,0,0,0,0,0,0,0
26.100000000000144,523,0,0,0,0,0,0,0,0,0,0
26.150000000000144,487,0,0,0,0,0,0,0,0,0,0
26.200000000000145,548,0,0,0,0,0,0,0,0,0,0
26.250000000000146,520,0,0,0,0,0,0,0,0,0,0
26.300000000000146,553,0,0,0,0,0,0,0,0,0,0
26.350000000000147,503,0,0,0,0,0,0,0,0,0,0
26.400000000000148,500,0,0,0,0,0,0,0,0,0,0
26.45000000000015,545,0,0,0,0,0,0,0,0,0,0
26.50000000000015,505,0,0,0,0,0,0,0,0,0,0
26.55000000000015,503,0,0,0,0,0,0,0,0,0,0
26.60000000000015,504,0,0,0,0,0,0,0,0,0,0
26.65000000000015,523,0,0,0,0,0,0,0,0,0,0
26.700000000000152,545,0,0,0,0,0,0,0,0,0,0
26.750000000000153,550,0,0,0,0,0,0,0,0,0,0
26.800000000000153,544,0,0,0,0,0,0,0,0,0,0
26.850000000000154,535,0,0,0,0,0,0,0,0,0,0
26.900000000000155,497,0,0,0,0,0,0,0,0,0,0
26.950000000000156,512,0,0,0,0,0,0,0,0,0,0
27.000000000000156,531,0,0,0,0,0,0,0,0,0,0
27.050000000000157,520,0,0,0,0,0,0,0,0,0,0
27.100000000000158,522,0,0,0,0,0,0,0,0,0,0
27.15000000000016,575,0,0,0,0,0,0,0,0,0,0
27.20000000000016,519,0,0,0,0,0,0,0,0,0,0
27.25000000000016,557,0,0,0,0,0,0,0,0,0,0
27.30000000000016,521,0,0,0,0,0,0,0,0,0,0
27.35000000000016,485,0,0,0,0,0,0,0,0,0,0
27.400000000000162,502,0,0,0,0,0,0,0,0,0,0
27.450000000000163,549,0,0,0,0,0,0,0,0,0,0
27.500000000000163,508,0,0,0,0,0,0,0,0,0,0
27.550000000000164,532,0,0,0,0,0,0,0,0,0,0
27.600000000000165,479,0,0,0,0,0,0,0,0,0,0
27.650000000000166,522,0,0,0,0,0,0,0,0,0,0
27.700000000000166,534,0,0,0,0,0,0,0,0,0,0
27.750000000000167,522,0,0,0,0,0,0,0,0,0,0
27.800000000000168,533,0,0,0,0,0,0,0,0,0,0
27.85000000000017,620,0,0,0,0,0,0,0,0,0,0
27.90000000000017,540,0,0,0,0,0,0,0,0,0,0
27.95000000000017,518,0,0,0,0,0,0,0,0,0,0
28.00000000000017,480,0,0,0,0,0,0,0,0,0,0
28.05000000000017,541,0,0,0,0,0,0,0,0,0,0
28.100000000000172,565,0,0,0,0,0,0,0,0,0,0
28.150000000000173,494,0,0,0,0,0,0,0,0,0,0
28.200000000000173,539,0,0,0,0,0,0,0,0,0,0
28.250000000000174,477,0,0,0,0,0,0,0,0,0,0
28.300000000000175,487,0,0,0,0,0,0,0,0,0,0
28.350000000000176,505,0,0,0,0,0,0,0,0,0,0
28.400000000000176,549,0,0,0,0,0,0,0,0,0,0
28.450000000000177,535,0,0,0,0,0,0,0,0,0,0
28.500000000000178,537,0,0,0,0,0,0,0,0,0,0
28.55000000000018,532,0,0,0,0,0,0,0,0,0,0
28.60000000000018,536,0,0,0,0,0,0,0,0,0,0
28.65000000000018,509,0,0,0,0,0,0,0,0,0,0
28.70000000000018,504,0,0,0,0,0,0,0,0,0,0
28.75000000000018,520,0,0,0,0,0,0,0,0,0,0
28.800000000000182,571,0,0,0,0,0,0,0,0,0,0
28.850000000000183,530,0,0,0,0,0,0,0,0,0,0
28.900000000000183,491,0,0,0,0,0,0,0,0,0,0
28.950000000000184,549,0,0,0,0,0,0,0,0,0,0
29.000000000000185,539,0,0,0,0,0,0,0,0,0,0
29.050000000000185,504,0,0,0,0,0,0,0,0,0,0
29.100000000000186,516,0,0,0,0,0,0,0,0,0,0
29.150000000000187,464,0,0,0,0,0,0,0,0,0,0
29.200000000000188,532,0,0,0,0,0,0,0,0,0,0
29.25000000000019,544,0,0,0,0,0,0,0,0,0,0
29.30000000000019,535,0,0,0,0,0,0,0,0,0,0
29.35000000000019,497,0,0,0,0,0,0,0,0,0,0
29.40000000000019,524,0,0,0,0,0,0,0,0,0,0
29.45000000000019,557,0,0,0,0,0,0,0,0,0,0
29.500000000000192,563,0,0,0,0,0,0,0,0,0,0
29.550000000000193,491,0,0,0,0,0,0,0,0,0,0
29.600000000000193,525,0,0,0,0,0,0,0,0,0,0
29.650000000000194,506,0,0,0,0,0,0,0,0,0,0
29.700000000000195,516,0,0,0,0,0,0,0,0,0,0
29.750000000000195,512,0,0,0,0,0,0,0,0,0,0
29.800000000000196,547,0,0,0,0,0,0,0,0,0,0
29.850000000000197,517,0,0,0,0,0,0,0,0,0,0
29.900000000000198,535,0,0,0,0,0,0,0,0,0,0
29.9500000000002,520,0,0,0,0,0,0,0,0,0,0
30.0000000000002,553,0,0,0,0,0,0,0,0,0,0
30.0500000000002,543,0,0,0,0,0,0,0,0,0,0
30.1000000000002,521,0,0,0,0,0,0,0,0,0,0
30.1500000000002,523,0,0,0,0,0,0,0,0,0,0
30.200000000000202,494,0,0,0,0,0,0,0,0,0,0
30.250000000000203,520,0,0,0,0,0,0,0,0,0,0
30.300000000000203,487,0,0,0,0,0,0,0,0,0,0
30.350000000000204,497,0,0,0,0,0,0,0,0,0,0
30.400000000000205,526,0,0,0,0,0,0,0,0,0,0
30.450000000000205,523,0,0,0,0,0,0,0,0,0,0
30.500000000000206,538,0,0,0,0,0,0,0,0,0,0
30.550000000000207,504,0,0,0,0,0,0,0,0,0,0
30.600000000000207,516,0,0,0,0,0,0,0,0,0,0
30.650000000000208,551,0,0,0,0,0,0,0,0,0,0
30.70000000000021,516,0,0,0,0,0,0,0,0,0,0
30.75000000000021,547,0,0,0,0,0,0,0,0,0,0
30.80000000000021,507,0,0,0,0,0,0,0,0,0,0
30.85000000000021,528,0,0,0,0,0,0,0,0,0,0
30.90000000000021,518,0,0,0,0,0,0,0,0,0,0
30.950000000000212,519,0,0,0,0,0,0,0,0,0,0
31.000000000000213,564,0,0,0,0,0,0,0,0,0,0
31.050000000000214,544,0,0,0,0,0,0,0,0,0,0
31.100000000000215,536,0,0,0,0,0,0,0,0,0,0
31.150000000000215,527,0,0,0,0,0,0,0,0,0,0
31.200000000000216,505,0,0,0,0,0,0,0,0,0,0
31.250000000000217,507,0,0,0,0,0,0,0,0,0,0
31.300000000000217,504,0,0,0,0,0,0,0,0,0,0
31.350000000000218,491,0,0,0,0,0,0,0,0,0,0
31.40000000000022,493,0,0,0,0,0,0,0,0,0,0
31.45000000000022,562,0,0,0,0,0,0,0,0,0,0
31.50000000000022,537,0,0,0,0,0,0,0,0,0,0
31.55000000000022,547,0,0,0,0,0,0,0,0,0,0
31.60000000000022,512,0,0,0,0,0,0,0,0,0,0
31.650000000000222,546,0,0,0,0,0,0,0,0,0,0
31.700000000000223,528,0,0,0,0,0,0,0,0,0,0
31.750000000000224,541,0,0,0,0,0,0,0,0,0,0
31.800000000000225,507,0,0,0,0,0,0,0,0,0,0
31.850000000000225,508,0,0,0,0,0,0,0,0,0,0
31.900000000000226,526,0,0,0,0,0,0,0,0,0,0
31.950000000000227,525,0,0,0,0,0,0,0,0,0,0
32.00000000000023,535,0,0,0,0,0,0,0,0,0,0
32.050000000000225,500,0,0,0,0,0,0,0,0,0,0
32.10000000000022,409,0,0,0,0,0,0,0,0,0,0
32.15000000000022,449,0,0,0,0,0,0,0,0,0,0
32.200000000000216,372,0,0,0,0,0,0,0,0,0,0
32.25000000000021,385,0,0,0,0,0,0,0,0,0,0
32.30000000000021,343,0,0,0,0,0,0,0,0,0,0
32.35000000000021,315,0,0,0,0,0,0,0,0,0,0
32.400000000000205,286,0,0,0,0,0,0,0,0,0,0
32.4500000000002,329,0,0,0,0,0,0,0,0,0,0
32.5000000000002,261,0,0,0,0,0,0,0,0,0,0
32.550000000000196,201,0,0,0,0,0,0,0,0,0,0
32.60000000000019,206,0,0,0,0,0,0,0,0,0,0
32.65000000000019,169,0,0,0,0,0,0,0,0,0,0
32.70000000000019,132,0,0,0,0,0,0,0,0,0,0
32.750000000000185,127,0,0,0,0,0,0,0,0,0,0
32.80000000000018,79,0,0,0,0,0,0,0,0,0,0
32.85000000000018,63,0,0,0,0,0,0,0,0,0,0
32.900000000000176,49,0,0,0,0,0,0,0,0,0,0
32.95000000000017,15,0,0,0,0,0,0,0,0,0,0
33.00000000000017,0,0,0,0,0,0,0,0,0,0,0
33.05000000000017,0,0,0,0,0,0,0,0,0,0,0
33.100000000000165,0,0,0,0,0,0,0,0,0,0,0
33.15000000000016,0,0,0,0,0,0,0,0,0,0,0
33.20000000000016,0,0,0,0,0,0,0,0,0,0,0
33.250000000000156,0,0,0,0,0,0,0,0,0,0,0
33.30000000000015,0,0,0,0,0,0,0,0,0,0,0
33.35000000000015,0,0,0,0,0,0,0,0,0,0,0
33.40000000000015,0,0,0,0,0,0,0,0,0,0,0
33.450000000000145,0,0,0,0,0,0,0,0,0,0,0
33.50000000000014,0,0,0,0,0,0,0,0,0,0,0
33.55000000000014,0,0,0,0,0,0,0,0,0,0,0
33.600000000000136,0,0,0,0,0,0,0,0,0,0,0
33.650000000000134,0,0,0,0,0,0,0,0,0,0,0
33.70000000000013,0,0,0,0,0,0,0,0,0,0,0
33.75000000000013,0,0,0,0,0,0,0,0,0,0,0
33.800000000000125,0,0,0,0,0,0,0,0,0,0,0
33.85000000000012,0,0,0,0,0,0,0,0,0,0,0
33.90000000000012,0,0,0,0,0,0,0,0,0,0,0
33.95000000000012,0,0,0,0,0,0,0,0,0,0,0
34.000000000000114,0,0,0,0,0,0,0,0,0,0,0
34.05000000000011,0,0,0,0,0,0,0,0,0,0,0
34.10000000000011,0,0,0,0,0,0,0,0,0,0,0
34.150000000000105,0,0,0,0,0,0,0,0,0,0,0
34.2000000000001,0,0,0,0,0,0,0,0,0,0,0
34.2500000000001,0,0,0,0,0,0,0,0,0,0,0
34.3000000000001,0,0,0,0,0,0,0,0,0,0,0
34.350000000000094,0,0,0,0,0,0,0,0,0,0,0
34.40000000000009,0,0,0,0,0,0,0,0,0,0,0
34.45000000000009,0,0,0,0,0,0,0,0,0,0,0
34.500000000000085,0,0,0,0,0,0,0,0,0,0,0
34.55000000000008,0,0,0,0,0,0,0,0,0,0,0
34.60000000000008,0,0,0,0,0,0,0,0,0,0,0
34.65000000000008,0,0,0,0,0,0,0,0,0,0,0
34.700000000000074,0,0,0,0,0,0,0,0,0,0,0
34.75000000000007,0,0,0,0,0,0,0,0,0,0,0
34.80000000000007,0,0,0,0,0,0,0,0,0,0,0
34.850000000000065,0,0,0,0,0,0,0,0,0,0,0
34.90000000000006,0,0,0,0,0,0,0,0,0,0,0
34.95000000000006,0,0,0,0,0,0,0,0,0,0,0
35.00000000000006,0,0,0,0,0,0,0,0,0,0,0
35.050000000000054,0,0,0,0,0,0,0,0,0,0,0
35.10000000000005,0,0,0,0,0,0,0,0,0,0,0
35.15000000000005,0,0,0,0,0,0,0,0,0,0,0
35.200000000000045,0,0,0,0,0,0,0,0,0,0,0
35.25000000000004,0,0,0,0,0,0,0,0,0,0,0
35.30000000000004,0,0,0,0,0,0,0,0,0,0,0
35.35000000000004,0,0,0,0,0,0,0,0,0,0,0
35.400000000000034,0,0,0,0,0,0,0,0,0,0,0
35.45000000000003,0,0,0,0,0,0,0,0,0,0,0
35.50000000000003,0,0,0,0,0,0,0,0,0,0,0
35.550000000000026,0,0,0,0,0,0,0,0,0,0,0
35.60000000000002,0,0,0,0,0,0,0,0,0,0,0
35.65000000000002,0,0,0,0,0,0,0,0,0,0,0
35.70000000000002,0,0,0,0,0,0,0,0,0,0,0
35.750000000000014,0,0,0,0,0,0,0,0,0,0,0
35.80000000000001,0,0,0,0,0,0,0,0,0,0,0
35.85000000000001,0,0,0,0,0,0,0,0,0,0,0
35.900000000000006,0,0,0,0,0,0,0,0,0,0,0
35.95,0,0,0,0,0,0,0,0,0,0,0
36.0,0,0,0,0,0,0,0,0,0,0,0
36.05,0,0,0,0,0,0,0,0,0,0,0
36.099999999999994,0,0,0,0,0,0,0,0,0,0,0
36.14999999999999,0,0,0,0,0,0,0,0,0,0,0
36.19999999999999,0,0,0,0,0,0,0,0,0,0,0
36.249999999999986,0,0,0,0,0,0,0,0,0,0,0
36.29999999999998,0,0,0,0,0,0,0,0,0,0,0
36.34999999999998,0,0,0,0,0,0,0,0,0,0,0
36.39999999999998,0,0,0,0,0,0,0,0,0,0,0
36.449999999999974,0,0,0,0,0,0,0,0,0,0,0
36.49999999999997,0,0,0,0,0,0,0,0,0,0,0
36.54999999999997,0,0,0,0,0,0,0,0,0,0,0
36.599999999999966,0,0,0,0,0,0,0,0,0,0,0
36.64999999999996,0,0,0,0,0,0,0,0,0,0,0
36.69999999999996,0,0,0,0,0,0,0,0,0,0,0
36.74999999999996,0,0,0,0,0,0,0,0,0,0,0
36.799999999999955,0,0,0,0,0,0,0,0,0,0,0
36.84999999999995,0,0,0,0,0,0,0,0,0,0,0
36.89999999999995,0,0,0,0,0,0,0,0,0,0,0
36.949999999999946,0,0,0,0,0,0,0,0,0,0,0
36.99999999999994,0,0,0,0,0,0,0,0,0,0,0
37.04999999999994,0,0,0,0,0,0,0,0,0,0,0
37.09999999999994,0,0,0,0,0,0,0,0,0,0,0
37.149999999999935,0,0,0,0,0,0,0,0,0,0,0
37.19999999999993,0,0,0,0,0,0,0,0,0,0,0
37.24999999999993,0,0,0,0,0,0,0,0,0,0,0
37.299999999999926,0,0,0,0,0,0,0,0,0,0,0
37.34999999999992,0,0,0,0,0,0,0,0,0,0,0
37.39999999999992,0,0,0,0,0,0,0,0,0,0,0
37.44999999999992,0,0,0,0,0,0,0,0,0,0,0
37.499999999999915,0,0,0,0,0,0,0,0,0,0,0
37.54999999999991,0,0,0,0,0,0,0,0,0,0,0
37.59999999999991,0,0,0,0,0,0,0,0,0,0,0
37.649999999999906,0,0,0,0,0,0,0,0,0,0,0
37.6999999999999,0,0,0,0,0,0,0,0,0,0,0
37.7499999999999,0,0,0,0,0,0,0,0,0,0,0
37.7999999999999,0,0,0,0,0,0,0,0,0,0,0
37.849999999999895,0,0,0,0,0,0,0,0,0,0,0
37.89999999999989,0,0,0,0,0,0,0,0,0,0,0
37.94999999999989,0,0,0,0,0,0,0,0,0,0,0
37.999999999999886,0,0,0,0,0,0,0,0,0,0,0
38.04999999999988,0,0,0,0,0,0,0,0,0,0,0
38.09999999999988,0,0,0,0,0,0,0,0,0,0,0
38.14999999999988,0,0,0,0,0,0,0,0,0,0,0
38.199999999999875,0,0,0,0,0,0,0,0,0,0,0
38.24999999999987,0,0,0,0,0,0,0,0,0,0,0
38.29999999999987,0,0,0,0,0,0,0,0,0,0,0
38.349999999999866,0,0,0,0,0,0,0,0,0,0,0
38.399999999999864,0,0,0,0,0,0,0,0,0,0,0
38.44999999999986,0,0,0,0,0,0,0,0,0,0,0
38.49999999999986,0,0,0,0,0,0,0,0,0,0,0
38.549999999999855,0,0,0,0,0,0,0,0,0,0,0
38.59999999999985,0,0,0,0,0,0,0,0,0,0,0
38.64999999999985,0,0,0,0,0,0,0,0,0,0,0
38.69999999999985,0,0,0,0,0,0,0,0,0,0,0
38.749999999999844,0,0,0,0,0,0,0,0,0,0,0
38.79999999999984,0,0,0,0,0,0,0,0,0,0,0
38.84999999999984,0,0,0,0,0,0,0,0,0,0,0
38.899999999999835,0,0,0,0,0,0,0,0,0,0,0
38.94999999999983,0,0,0,0,0,0,0,0,0,0,0
38.99999999999983,0,0,0,0,0,0,0,0,0,0,0
39.04999999999983,0,0,0,0,0,0,0,0,0,0,0
39.099999999999824,0,0,0,0,0,0,0,0,0,0,0
39.14999999999982,0,0,0,0,0,0,0,0,0,0,0
39.19999999999982,0,0,0,0,0,0,0,0,0,0,0
39.249999999999815,0,0,0,0,0,0,0,0,0,0,0
39.29999999999981,0,0,0,0,0,0,0,0,0,0,0
39.34999999999981,0,0,0,0,0,0,0,0,0,0,0
39.39999999999981,0,0,0,0,0,0,0,0,0,0,0
39.449999999999804,0,0,0,0,0,0,0,0,0,0,0
39.4999999999998,0,0,0,0,0,0,0,0,0,0,0
39.5499999999998,0,0,0,0,0,0,0,0,0,0,0
39.599999999999795,0,0,0,0,0,0,0,0,0,0,0
39.64999999999979,0,0,0,0,0,0,0,0,0,0,0
39.69999999999979,0,0,0,0,0,0,0,0,0,0,0
39.74999999999979,0,0,0,0,0,0,0,0,0,0,0
39.799999999999784,0,0,0,0,0,0,0,0,0,0,0
39.84999999999978,0,0,0,0,0,0,0,0,0,0,0
39.89999999999978,0,0,0,0,0,0,0,0,0,0,0
39.949999999999775,0,0,0,0,0,0,0,0,0,0,0
39.99999999999977,0,0,0,0,0,0,0,0,0,0,0
40.04999999999977,0,0,0,0,0,0,0,0,0,0,0
40.09999999999977,0,0,0,0,0,0,0,0,0,0,0
40.149999999999764,0,0,0,0,0,0,0,0,0,0,0
40.19999999999976,0,0,0,0,0,0,0,0,0,0,0
40.24999999999976,0,0,0,0,0,0,0,0,0,0,0
40.299999999999756,0,0,0,0,0,0,0,0,0,0,0
40.34999999999975,0,0,0,0,0,0,0,0,0,0,0
40.39999999999975,0,0,0,0,0,0,0,0,0,0,0
40.44999999999975,0,0,0,0,0,0,0,0,0,0,0
40.499999999999744,0,0,0,0,0,0,0,0,0,0,0
40.54999999999974,0,0,0,0,0,0,0,0,0,0,0
40.59999999999974,0,0,0,0,0,0,0,0,0,0,0
40.649999999999736,0,0,0,0,0,0,0,0,0,0,0
40.69999999999973,0,0,0,0,0,0,0,0,0,0,0
40.74999999999973,0,0,0,0,0,0,0,0,0,0,0
40.79999999999973,0,0,0,0,0,0,0,0,0,0,0
40.849999999999724,0,0,0,0,0,0,0,0,0,0,0
40.89999999999972,0,0,0,0,0,0,0,0,0,0,0
40.94999999999972,0,0,0,0,0,0,0,0,0,0,0
40.999999999999716,0,0,0,0,0,0,0,0,0,0,0
41.04999999999971,0,0,0,0,0,0,0,0,0,0,0
41.09999999999971,0,0,0,0,0,0,0,0,0,0,0
41.14999999999971,0,0,0,0,0,0,0,0,0,0,0
41.199999999999704,0,0,0,0,0,0,0,0,0,0,0
41.2499999999997,0,0,0,0,0,0,0,0,0,0,0
41.2999999999997,0,0,0,0,0,0,0,0,0,0,0
41.349999999999696,0,0,0,0,0,0,0,0,0,0,0
41.39999999999969,0,0,0,0,0,0,0,0,0,0,0
41.44999999999969,0,0,0,0,0,0,0,0,0,0,0
41.49999999999969,0,0,0,0,0,0,0,0,0,0,0
41.549999999999685,0,0,0,0,0,0,0,0,0,0,0
*****
16,0.05,500,0,0.4,10,100,0.261843996326,0.0853672733114
16,500,500,500,500,500,0,0,0,0,0,0
16.05,488,488,488,488,488,0,0,0,0,0,0
16.1,468,468,468,468,468,0,0,0,0,0,0
16.150000000000002,503,503,503,503,503,0,0,0,0,0,0
16.200000000000003,535,535,535,535,535,0,0,0,0,0,0
16.250000000000004,520,520,520,520,520,0,0,0,0,0,0
16.300000000000004,520,520,519,520,520,0,0,0,0,0,0
16.350000000000005,455,455,455,455,455,0,0,0,0,0,0
16.400000000000006,509,509,509,509,509,0,0,0,0,0,0
16.450000000000006,508,508,507,508,508,0,0,0,0,0,0
16.500000000000007,471,471,469,471,471,0,0,0,0,0,0
16.550000000000008,490,490,490,490,490,0,0,0,0,0,0
16.60000000000001,493,493,489,493,493,0,0,0,0,0,0
16.65000000000001,486,486,482,486,486,0,0,0,0,0,0
16.70000000000001,495,495,493,495,495,0,0,0,0,0,0
16.75000000000001,489,489,481,489,489,0,0,0,0,0,0
16.80000000000001,496,496,494,496,496,0,0,0,0,0,0
16.850000000000012,503,503,501,503,503,0,0,0,0,0,0
16.900000000000013,528,528,523,528,528,0,0,0,0,0,0
16.950000000000014,464,464,461,464,464,0,0,0,0,0,0
17.000000000000014,544,544,531,544,544,0,0,0,0,0,0
17.050000000000015,506,506,497,506,506,0,0,0,0,0,0
17.100000000000016,496,496,487,496,496,0,0,0,0,0,0
17.150000000000016,537,537,521,537,537,0,0,0,0,0,0
17.200000000000017,505,505,494,504,505,0,0,0,0,0,0
17.250000000000018,499,499,481,499,499,0,0,0,0,0,0
17.30000000000002,471,471,455,471,471,0,0,0,0,0,0
17.35000000000002,455,455,430,455,455,0,0,0,0,0,0
17.40000000000002,500,500,476,500,500,0,0,0,0,0,0
17.45000000000002,515,514,495,515,514,0,0,0,0,0,0
17.50000000000002,500,500,472,499,500,0,0,0,0,0,0
17.550000000000022,502,502,472,502,502,0,0,0,0,0,0
17.600000000000023,509,509,471,507,509,0,0,0,0,0,0
17.650000000000023,459,459,420,459,459,0,0,0,0,0,0
17.700000000000024,518,518,464,517,518,0,0,0,0,0,0
17.750000000000025,482,479,434,482,479,0,0,0,0,0,0
17.800000000000026,497,496,440,496,497,0,0,0,0,0,0
17.850000000000026,522,522,460,522,522,0,0,0,0,0,0
17.900000000000027,508,506,426,508,507,0,0,0,0,0,0
17.950000000000028,517,515,449,516,516,0,0,0,0,0,0
18.00000000000003,508,505,417,507,507,0,0,0,0,0,0
18.05000000000003,513,511,424,513,512,0,0,0,0,0,0
18.10000000000003,534,530,425,534,531,0,0,0,0,0,0
18.15000000000003,509,502,383,509,504,0,0,0,0,0,0
18.20000000000003,491,479,380,491,482,0,0,0,0,0,0
18.250000000000032,488,482,367,488,484,0,0,0,0,0,0
18.300000000000033,468,460,329,466,463,0,0,0,0,0,0
18.350000000000033,483,471,337,481,473,0,0,0,0,0,0
18.400000000000034,550,526,377,548,531,0,0,0,0,0,0
18.450000000000035,501,477,332,497,486,0,0,0,0,0,0
18.500000000000036,510,484,333,508,491,0,0,0,0,0,0
18.550000000000036,514,483,323,511,493,0,0,0,0,0,0
18.600000000000037,510,465,299,507,475,0,0,0,0,0,0
18.650000000000038,512,462,253,509,480,0,0,0,0,0,0
18.70000000000004,471,428,252,468,438,0,0,0,0,0,0
18.75000000000004,484,420,249,479,436,0,0,0,0,0,0
18.80000000000004,512,447,237,510,466,0,0,0,0,0,0
18.85000000000004,540,451,247,534,473,0,0,0,0,0,0
18.90000000000004,505,415,211,501,435,0,0,0,0,0,0
18.950000000000042,514,395,173,499,425,0,0,0,0,0,0
19.000000000000043,525,414,191,511,436,0,0,0,0,0,0
19.050000000000043,486,361,175,470,393,0,0,0,0,0,0
19.100000000000044,457,321,141,441,347,0,0,0,0,0,0
19.150000000000045,469,326,136,456,352,0,0,0,0,0,0
19.200000000000045,514,347,156,484,373,0,0,0,0,0,0
19.250000000000046,509,308,124,484,330,0,0,0,0,0,0
19.300000000000047,494,290,110,454,313,0,0,0,0,0,0
19.350000000000048,484,241,95,439,274,0,0,0,0,0,0
19.40000000000005,510,273,85,456,309,0,0,0,0,0,0
19.45000000000005,515,256,86,447,291,0,0,0,0,0,0
19.50000000000005,532,254,75,459,277,0,0,0,0,0,0
19.55000000000005,495,231,85,413,258,0,0,0,0,0,0
19.60000000000005,478,179,62,387,213,0,0,0,0,0,0
19.650000000000052,531,185,49,405,214,0,0,0,0,0,0
19.700000000000053,519,148,42,397,173,0,0,0,0,0,0
19.750000000000053,510,135,38,351,163,0,0,0,0,0,0
19.800000000000054,520,128,29,336,154,0,0,0,0,0,0
19.850000000000055,529,116,31,342,135,0,0,0,0,0,0
19.900000000000055,512,90,26,284,105,0,0,0,0,0,0
19.950000000000056,513,88,22,296,106,0,0,0,0,0,0
20.000000000000057,496,76,18,263,90,0,0,0,0,0,0
20.050000000000058,480,52,10,205,66,0,0,0,0,0,0
20.10000000000006,538,54,15,209,66,0,0,0,0,0,0
20.15000000000006,482,42,6,207,54,0,0,0,0,0,0
20.20000000000006,520,42,11,164,46,0,0,0,0,0,0
20.25000000000006,492,28,5,142,36,0,0,0,0,0,0
20.30000000000006,523,22,9,134,27,0,0,0,0,0,0
20.350000000000062,481,20,6,102,26,0,0,0,0,0,0
20.400000000000063,544,12,4,102,19,0,0,0,0,0,0
20.450000000000063,471,17,3,75,18,0,0,0,0,0,0
20.500000000000064,529,15,3,83,18,0,0,0,0,0,0
20.550000000000065,466,8,2,51,11,0,0,0,0,0,0
20.600000000000065,494,7,2,49,8,0,0,0,0,0,0
20.650000000000066,452,5,0,28,8,0,0,0,0,0,0
20.700000000000067,516,6,0,32,6,0,0,0,0,0,0
20.750000000000068,506,7,1,37,8,0,0,0,0,0,0
20.800000000000068,510,4,2,20,5,0,0,0,0,0,0
20.85000000000007,530,6,1,21,7,0,0,0,0,0,0
20.90000000000007,456,2,0,11,2,0,0,0,0,0,0
20.95000000000007,475,2,1,7,2,0,0,0,0,0,0
21.00000000000007,504,4,1,8,4,0,0,0,0,0,0
21.05000000000007,473,1,0,6,1,0,0,0,0,0,0
21.100000000000072,508,0,0,4,0,0,0,0,0,0,0
21.150000000000073,502,0,0,2,0,0,0,0,0,0,0
21.200000000000074,504,0,0,2,0,0,0,0,0,0,0
21.250000000000075,506,0,0,4,0,0,0,0,0,0,0
21.300000000000075,510,1,0,2,1,0,0,0,0,0,0
21.350000000000076,489,0,0,1,0,0,0,0,0,0,0
21.400000000000077,499,0,0,0,0,0,0,0,0,0,0
21.450000000000077,509,0,0,0,0,0,0,0,0,0,0
21.500000000000078,473,0,0,0,0,0,0,0,0,0,0
21.55000000000008,462,0,0,0,0,0,0,0,0,0,0
21.60000000000008,511,0,0,0,0,0,0,0,0,0,0
21.65000000000008,518,0,0,0,0,0,0,0,0,0,0
21.70000000000008,495,0,0,0,0,0,0,0,0,0,0
21.75000000000008,509,0,0,0,0,0,0,0,0,0,0
21.800000000000082,529,0,0,0,0,0,0,0,0,0,0
21.850000000000083,513,0,0,0,0,0,0,0,0,0,0
21.900000000000084,487,0,0,0,0,0,0,0,0,0,0
21.950000000000085,482,0,0,0,0,0,0,0,0,0,0
22.000000000000085,554,0,0,0,0,0,0,0,0,0,0
22.050000000000086,468,0,0,0,0,0,0,0,0,0,0
22.100000000000087,510,0,0,0,0,0,0,0,0,0,0
22.150000000000087,446,0,0,0,0,0,0,0,0,0,0
22.200000000000088,480,0,0,0,0,0,0,0,0,0,0
22.25000000000009,502,0,0,0,0,0,0,0,0,0,0
22.30000000000009,524,0,0,0,0,0,0,0,0,0,0
22.35000000000009,490,0,0,0,0,0,0,0,0,0,0
22.40000000000009,501,0,0,0,0,0,0,0,0,0,0
22.45000000000009,510,0,0,0,0,0,0,0,0,0,0
22.500000000000092,525,0,0,0,0,0,0,0,0,0,0
22.550000000000093,511,0,0,0,0,0,0,0,0,0,0
22.600000000000094,469,0,0,0,0,0,0,0,0,0,0
22.650000000000095,502,0,0,0,0,0,0,0,0,0,0
22.700000000000095,504,0,0,0,0,0,0,0,0,0,0
22.750000000000096,514,0,0,0,0,0,0,0,0,0,0
22.800000000000097,477,0,0,0,0,0,0,0,0,0,0
22.850000000000097,500,0,0,0,0,0,0,0,0,0,0
22.900000000000098,486,0,0,0,0,0,0,0,0,0,0
22.9500000000001,522,0,0,0,0,0,0,0,0,0,0
23.0000000000001,520,0,0,0,0,0,0,0,0,0,0
23.0500000000001,478,0,0,0,0,0,0,0,0,0,0
23.1000000000001,506,0,0,0,0,0,0,0,0,0,0
23.1500000000001,514,0,0,0,0,0,0,0,0,0,0
23.200000000000102,495,0,0,0,0,0,0,0,0,0,0
23.250000000000103,461,0,0,0,0,0,0,0,0,0,0
23.300000000000104,535,0,0,0,0,0,0,0,0,0,0
23.350000000000104,487,0,0,0,0,0,0,0,0,0,0
23.400000000000105,484,0,0,0,0,0,0,0,0,0,0
23.450000000000106,510,0,0,0,0,0,0,0,0,0,0
23.500000000000107,482,0,0,0,0,0,0,0,0,0,0
23.550000000000107,484,0,0,0,0,0,0,0,0,0,0
23.600000000000108,518,0,0,0,0,0,0,0,0,0,0
23.65000000000011,533,0,0,0,0,0,0,0,0,0,0
23.70000000000011,509,0,0,0,0,0,0,0,0,0,0
23.75000000000011,497,0,0,0,0,0,0,0,0,0,0
23.80000000000011,471,0,0,0,0,0,0,0,0,0,0
23.85000000000011,521,0,0,0,0,0,0,0,0,0,0
23.900000000000112,498,0,0,0,0,0,0,0,0,0,0
23.950000000000113,509,0,0,0,0,0,0,0,0,0,0
24.000000000000114,483,0,0,0,0,0,0,0,0,0,0
24.050000000000114,499,0,0,0,0,0,0,0,0,0,0
24.100000000000115,459,0,0,0,0,0,0,0,0,0,0
24.150000000000116,514,0,0,0,0,0,0,0,0,0,0
24.200000000000117,504,0,0,0,0,0,0,0,0,0,0
24.250000000000117,472,0,0,0,0,0,0,0,0,0,0
24.300000000000118,513,0,0,0,0,0,0,0,0,0,0
24.35000000000012,485,0,0,0,0,0,0,0,0,0,0
24.40000000000012,524,0,0,0,0,0,0,0,0,0,0
24.45000000000012,498,0,0,0,0,0,0,0,0,0,0
24.50000000000012,477,0,0,0,0,0,0,0,0,0,0
24.55000000000012,525,0,0,0,0,0,0,0,0,0,0
24.600000000000122,502,0,0,0,0,0,0,0,0,0,0
24.650000000000123,504,0,0,0,0,0,0,0,0,0,0
24.700000000000124,530,0,0,0,0,0,0,0,0,0,0
24.750000000000124,501,0,0,0,0,0,0,0,0,0,0
24.800000000000125,510,0,0,0,0,0,0,0,0,0,0
24.850000000000126,507,0,0,0,0,0,0,0,0,0,0
24.900000000000126,535,0,0,0,0,0,0,0,0,0,0
24.950000000000127,491,0,0,0,0,0,0,0,0,0,0
25.000000000000128,496,0,0,0,0,0,0,0,0,0,0
25.05000000000013,514,0,0,0,0,0,0,0,0,0,0
25.10000000000013,471,0,0,0,0,0,0,0,0,0,0
25.15000000000013,514,0,0,0,0,0,0,0,0,0,0
25.20000000000013,509,0,0,0,0,0,0,0,0,0,0
25.25000000000013,489,0,0,0,0,0,0,0,0,0,0
25.300000000000132,522,0,0,0,0,0,0,0,0,0,0
25.350000000000133,503,0,0,0,0,0,0,0,0,0,0
25.400000000000134,474,0,0,0,0,0,0,0,0,0,0
25.450000000000134,492,0,0,0,0,0,0,0,0,0,0
25.500000000000135,560,0,0,0,0,0,0,0,0,0,0
25.550000000000136,529,0,0,0,0,0,0,0,0,0,0
25.600000000000136,476,0,0,0,0,0,0,0,0,0,0
25.650000000000137,506,0,0,0,0,0,0,0,0,0,0
25.700000000000138,520,0,0,0,0,0,0,0,0,0,0
25.75000000000014,490,0,0,0,0,0,0,0,0,0,0
25.80000000000014,516,0,0,0,0,0,0,0,0,0,0
25.85000000000014,520,0,0,0,0,0,0,0,0,0,0
25.90000000000014,482,0,0,0,0,0,0,0,0,0,0
25.95000000000014,492,0,0,0,0,0,0,0,0,0,0
26.000000000000142,485,0,0,0,0,0,0,0,0,0,0
26.050000000000143,484,0,0,0,0,0,0,0,0,0,0
26.100000000000144,512,0,0,0,0,0,0,0,0,0,0
26.150000000000144,523,0,0,0,0,0,0,0,0,0,0
26.200000000000145,502,0,0,0,0,0,0,0,0,0,0
26.250000000000146,480,0,0,0,0,0,0,0,0,0,0
26.300000000000146,498,0,0,0,0,0,0,0,0,0,0
26.350000000000147,496,0,0,0,0,0,0,0,0,0,0
26.400000000000148,484,0,0,0,0,0,0,0,0,0,0
26.45000000000015,457,0,0,0,0,0,0,0,0,0,0
26.50000000000015,497,0,0,0,0,0,0,0,0,0,0
26.55000000000015,497,0,0,0,0,0,0,0,0,0,0
26.60000000000015,559,0,0,0,0,0,0,0,0,0,0
26.65000000000015,505,0,0,0,0,0,0,0,0,0,0
26.700000000000152,490,0,0,0,0,0,0,0,0,0,0
26.750000000000153,498,0,0,0,0,0,0,0,0,0,0
26.800000000000153,486,0,0,0,0,0,0,0,0,0,0
26.850000000000154,503,0,0,0,0,0,0,0,0,0,0
26.900000000000155,505,0,0,0,0,0,0,0,0,0,0
26.950000000000156,510,0,0,0,0,0,0,0,0,0,0
27.000000000000156,514,0,0,0,0,0,0,0,0,0,0
27.050000000000157,492,0,0,0,0,0,0,0,0,0,0
27.100000000000158,501,0,0,0,0,0,0,0,0,0,0
27.15000000000016,507,0,0,0,0,0,0,0,0,0,0
27.20000000000016,486,0,0,0,0,0,0,0,0,0,0
27.25000000000016,490,0,0,0,0,0,0,0,0,0,0
27.30000000000016,497,0,0,0,0,0,0,0,0,0,0
27.35000000000016,468,0,0,0,0,0,0,0,0,0,0
27.400000000000162,517,0,0,0,0,0,0,0,0,0,0
27.450000000000163,512,0,0,0,0,0,0,0,0,0,0
27.500000000000163,475,0,0,0,0,0,0,0,0,0,0
27.550000000000164,524,0,0,0,0,0,0,0,0,0,0
27.600000000000165,478,0,0,0,0,0,0,0,0,0,0
27.650000000000166,501,0,0,0,0,0,0,0,0,0,0
27.700000000000166,495,0,0,0,0,0,0,0,0,0,0
27.750000000000167,489,0,0,0,0,0,0,0,0,0,0
27.800000000000168,460,0,0,0,0,0,0,0,0,0,0
27.85000000000017,505,0,0,0,0,0,0,0,0,0,0
27.90000000000017,496,0,0,0,0,0,0,0,0,0,0
27.95000000000017,527,0,0,0,0,0,0,0,0,0,0
28.00000000000017,493,0,0,0,0,0,0,0,0,0,0
28.05000000000017,468,0,0,0,0,0,0,0,0,0,0
28.100000000000172,481,0,0,0,0,0,0,0,0,0,0
28.150000000000173,512,0,0,0,0,0,0,0,0,0,0
28.200000000000173,477,0,0,0,0,0,0,0,0,0,0
28.250000000000174,515,0,0,0,0,0,0,0,0,0,0
28.300000000000175,494,0,0,0,0,0,0,0,0,0,0
28.350000000000176,456,0,0,0,0,0,0,0,0,0,0
28.400000000000176,493,0,0,0,0,0,0,0,0,0,0
28.450000000000177,509,0,0,0,0,0,0,0,0,0,0
28.500000000000178,527,0,0,0,0,0,0,0,0,0,0
28.55000000000018,548,0,0,0,0,0,0,0,0,0,0
28.60000000000018,469,0,0,0,0,0,0,0,0,0,0
28.65000000000018,467,0,0,0,0,0,0,0,0,0,0
28.70000000000018,497,0,0,0,0,0,0,0,0,0,0
28.75000000000018,471,0,0,0,0,0,0,0,0,0,0
28.800000000000182,510,0,0,0,0,0,0,0,0,0,0
28.850000000000183,479,0,0,0,0,0,0,0,0,0,0
28.900000000000183,476,0,0,0,0,0,0,0,0,0,0
28.950000000000184,503,0,0,0,0,0,0,0,0,0,0
29.000000000000185,510,0,0,0,0,0,0,0,0,0,0
29.050000000000185,498,0,0,0,0,0,0,0,0,0,0
29.100000000000186,481,0,0,0,0,0,0,0,0,0,0
29.150000000000187,546,0,0,0,0,0,0,0,0,0,0
29.200000000000188,492,0,0,0,0,0,0,0,0,0,0
29.25000000000019,532,0,0,0,0,0,0,0,0,0,0
29.30000000000019,497,0,0,0,0,0,0,0,0,0,0
29.35000000000019,517,0,0,0,0,0,0,0,0,0,0
29.40000000000019,501,0,0,0,0,0,0,0,0,0,0
29.45000000000019,526,0,0,0,0,0,0,0,0,0,0
29.500000000000192,448,0,0,0,0,0,0,0,0,0,0
29.550000000000193,512,0,0,0,0,0,0,0,0,0,0
29.600000000000193,537,0,0,0,0,0,0,0,0,0,0
29.650000000000194,517,0,0,0,0,0,0,0,0,0,0
29.700000000000195,498,0,0,0,0,0,0,0,0,0,0
29.750000000000195,525,0,0,0,0,0,0,0,0,0,0
29.800000000000196,503,0,0,0,0,0,0,0,0,0,0
29.850000000000197,493,0,0,0,0,0,0,0,0,0,0
29.900000000000198,483,0,0,0,0,0,0,0,0,0,0
29.9500000000002,558,0,0,0,0,0,0,0,0,0,0
30.0000000000002,489,0,0,0,0,0,0,0,0,0,0
30.0500000000002,488,0,0,0,0,0,0,0,0,0,0
30.1000000000002,470,0,0,0,0,0,0,0,0,0,0
30.1500000000002,514,0,0,0,0,0,0,0,0,0,0
30.200000000000202,529,0,0,0,0,0,0,0,0,0,0
30.250000000000203,500,0,0,0,0,0,0,0,0,0,0
30.300000000000203,481,0,0,0,0,0,0,0,0,0,0
30.350000000000204,507,0,0,0,0,0,0,0,0,0,0
30.400000000000205,485,0,0,0,0,0,0,0,0,0,0
30.450000000000205,528,0,0,0,0,0,0,0,0,0,0
30.500000000000206,503,0,0,0,0,0,0,0,0,0,0
30.550000000000207,534,0,0,0,0,0,0,0,0,0,0
30.600000000000207,507,0,0,0,0,0,0,0,0,0,0
30.650000000000208,513,0,0,0,0,0,0,0,0,0,0
30.70000000000021,489,0,0,0,0,0,0,0,0,0,0
30.75000000000021,484,0,0,0,0,0,0,0,0,0,0
30.80000000000021,501,0,0,0,0,0,0,0,0,0,0
30.85000000000021,479,0,0,0,0,0,0,0,0,0,0
30.90000000000021,522,0,0,0,0,0,0,0,0,0,0
30.950000000000212,488,0,0,0,0,0,0,0,0,0,0
31.000000000000213,521,0,0,0,0,0,0,0,0,0,0
31.050000000000214,485,0,0,0,0,0,0,0,0,0,0
31.100000000000215,491,0,0,0,0,0,0,0,0,0,0
31.150000000000215,520,0,0,0,0,0,0,0,0,0,0
31.200000000000216,552,0,0,0,0,0,0,0,0,0,0
31.250000000000217,474,0,0,0,0,0,0,0,0,0,0
31.300000000000217,501,0,0,0,0,0,0,0,0,0,0
31.350000000000218,505,0,0,0,0,0,0,0,0,0,0
31.40000000000022,502,0,0,0,0,0,0,0,0,0,0
31.45000000000022,514,0,0,0,0,0,0,0,0,0,0
31.50000000000022,507,0,0,0,0,0,0,0,0,0,0
31.55000000000022,504,0,0,0,0,0,0,0,0,0,0
31.60000000000022,511,0,0,0,0,0,0,0,0,0,0
31.650000000000222,502,0,0,0,0,0,0,0,0,0,0
31.700000000000223,514,0,0,0,0,0,0,0,0,0,0
31.750000000000224,511,0,0,0,0,0,0,0,0,0,0
31.800000000000225,506,0,0,0,0,0,0,0,0,0,0
31.850000000000225,473,0,0,0,0,0,0,0,0,0,0
31.900000000000226,524,0,0,0,0,0,0,0,0,0,0
31.950000000000227,500,0,0,0,0,0,0,0,0,0,0
32.00000000000023,481,0,0,0,0,0,0,0,0,0,0
32.050000000000225,415,0,0,0,0,0,0,0,0,0,0
32.10000000000022,349,0,0,0,0,0,0,0,0,0,0
32.15000000000022,270,0,0,0,0,0,0,0,0,0,0
32.200000000000216,231,0,0,0,0,0,0,0,0,0,0
32.25000000000021,136,0,0,0,0,0,0,0,0,0,0
32.30000000000021,91,0,0,0,0,0,0,0,0,0,0
32.35000000000021,31,0,0,0,0,0,0,0,0,0,0
32.400000000000205,0,0,0,0,0,0,0,0,0,0,0
32.4500000000002,0,0,0,0,0,0,0,0,0,0,0
32.5000000000002,0,0,0,0,0,0,0,0,0,0,0
32.550000000000196,0,0,0,0,0,0,0,0,0,0,0
32.60000000000019,0,0,0,0,0,0,0,0,0,0,0
32.65000000000019,0,0,0,0,0,0,0,0,0,0,0
32.70000000000019,0,0,0,0,0,0,0,0,0,0,0
32.750000000000185,0,0,0,0,0,0,0,0,0,0,0
32.80000000000018,0,0,0,0,0,0,0,0,0,0,0
32.85000000000018,0,0,0,0,0,0,0,0,0,0,0
32.900000000000176,0,0,0,0,0,0,0,0,0,0,0
32.95000000000017,0,0,0,0,0,0,0,0,0,0,0
33.00000000000017,0,0,0,0,0,0,0,0,0,0,0
33.05000000000017,0,0,0,0,0,0,0,0,0,0,0
33.100000000000165,0,0,0,0,0,0,0,0,0,0,0
33.15000000000016,0,0,0,0,0,0,0,0,0,0,0
33.20000000000016,0,0,0,0,0,0,0,0,0,0,0
33.250000000000156,0,0,0,0,0,0,0,0,0,0,0
33.30000000000015,0,0,0,0,0,0,0,0,0,0,0
33.35000000000015,0,0,0,0,0,0,0,0,0,0,0
33.40000000000015,0,0,0,0,0,0,0,0,0,0,0
33.450000000000145,0,0,0,0,0,0,0,0,0,0,0
33.50000000000014,0,0,0,0,0,0,0,0,0,0,0
33.55000000000014,0,0,0,0,0,0,0,0,0,0,0
33.600000000000136,0,0,0,0,0,0,0,0,0,0,0
33.650000000000134,0,0,0,0,0,0,0,0,0,0,0
33.70000000000013,0,0,0,0,0,0,0,0,0,0,0
33.75000000000013,0,0,0,0,0,0,0,0,0,0,0
33.800000000000125,0,0,0,0,0,0,0,0,0,0,0
33.85000000000012,0,0,0,0,0,0,0,0,0,0,0
33.90000000000012,0,0,0,0,0,0,0,0,0,0,0
33.95000000000012,0,0,0,0,0,0,0,0,0,0,0
34.000000000000114,0,0,0,0,0,0,0,0,0,0,0
34.05000000000011,0,0,0,0,0,0,0,0,0,0,0
34.10000000000011,0,0,0,0,0,0,0,0,0,0,0
34.150000000000105,0,0,0,0,0,0,0,0,0,0,0
34.2000000000001,0,0,0,0,0,0,0,0,0,0,0
34.2500000000001,0,0,0,0,0,0,0,0,0,0,0
34.3000000000001,0,0,0,0,0,0,0,0,0,0,0
34.350000000000094,0,0,0,0,0,0,0,0,0,0,0
34.40000000000009,0,0,0,0,0,0,0,0,0,0,0
34.45000000000009,0,0,0,0,0,0,0,0,0,0,0
34.500000000000085,0,0,0,0,0,0,0,0,0,0,0
34.55000000000008,0,0,0,0,0,0,0,0,0,0,0
34.60000000000008,0,0,0,0,0,0,0,0,0,0,0
34.65000000000008,0,0,0,0,0,0,0,0,0,0,0
34.700000000000074,0,0,0,0,0,0,0,0,0,0,0
34.75000000000007,0,0,0,0,0,0,0,0,0,0,0
34.80000000000007,0,0,0,0,0,0,0,0,0,0,0
34.850000000000065,0,0,0,0,0,0,0,0,0,0,0
34.90000000000006,0,0,0,0,0,0,0,0,0,0,0
34.95000000000006,0,0,0,0,0,0,0,0,0,0,0
35.00000000000006,0,0,0,0,0,0,0,0,0,0,0
35.050000000000054,0,0,0,0,0,0,0,0,0,0,0
35.10000000000005,0,0,0,0,0,0,0,0,0,0,0
35.15000000000005,0,0,0,0,0,0,0,0,0,0,0
35.200000000000045,0,0,0,0,0,0,0,0,0,0,0
35.25000000000004,0,0,0,0,0,0,0,0,0,0,0
35.30000000000004,0,0,0,0,0,0,0,0,0,0,0
35.35000000000004,0,0,0,0,0,0,0,0,0,0,0
35.400000000000034,0,0,0,0,0,0,0,0,0,0,0
35.45000000000003,0,0,0,0,0,0,0,0,0,0,0
35.50000000000003,0,0,0,0,0,0,0,0,0,0,0
35.550000000000026,0,0,0,0,0,0,0,0,0,0,0
35.60000000000002,0,0,0,0,0,0,0,0,0,0,0
35.65000000000002,0,0,0,0,0,0,0,0,0,0,0
35.70000000000002,0,0,0,0,0,0,0,0,0,0,0
35.750000000000014,0,0,0,0,0,0,0,0,0,0,0
35.80000000000001,0,0,0,0,0,0,0,0,0,0,0
35.85000000000001,0,0,0,0,0,0,0,0,0,0,0
35.900000000000006,0,0,0,0,0,0,0,0,0,0,0
35.95,0,0,0,0,0,0,0,0,0,0,0
36.0,0,0,0,0,0,0,0,0,0,0,0
36.05,0,0,0,0,0,0,0,0,0,0,0
36.099999999999994,0,0,0,0,0,0,0,0,0,0,0
36.14999999999999,0,0,0,0,0,0,0,0,0,0,0
36.19999999999999,0,0,0,0,0,0,0,0,0,0,0
36.249999999999986,0,0,0,0,0,0,0,0,0,0,0
36.29999999999998,0,0,0,0,0,0,0,0,0,0,0
36.34999999999998,0,0,0,0,0,0,0,0,0,0,0
36.39999999999998,0,0,0,0,0,0,0,0,0,0,0
36.449999999999974,0,0,0,0,0,0,0,0,0,0,0
36.49999999999997,0,0,0,0,0,0,0,0,0,0,0
36.54999999999997,0,0,0,0,0,0,0,0,0,0,0
36.599999999999966,0,0,0,0,0,0,0,0,0,0,0
36.64999999999996,0,0,0,0,0,0,0,0,0,0,0
36.69999999999996,0,0,0,0,0,0,0,0,0,0,0
36.74999999999996,0,0,0,0,0,0,0,0,0,0,0
36.799999999999955,0,0,0,0,0,0,0,0,0,0,0
36.84999999999995,0,0,0,0,0,0,0,0,0,0,0
36.89999999999995,0,0,0,0,0,0,0,0,0,0,0
36.949999999999946,0,0,0,0,0,0,0,0,0,0,0
36.99999999999994,0,0,0,0,0,0,0,0,0,0,0
37.04999999999994,0,0,0,0,0,0,0,0,0,0,0
37.09999999999994,0,0,0,0,0,0,0,0,0,0,0
37.149999999999935,0,0,0,0,0,0,0,0,0,0,0
37.19999999999993,0,0,0,0,0,0,0,0,0,0,0
37.24999999999993,0,0,0,0,0,0,0,0,0,0,0
37.299999999999926,0,0,0,0,0,0,0,0,0,0,0
37.34999999999992,0,0,0,0,0,0,0,0,0,0,0
37.39999999999992,0,0,0,0,0,0,0,0,0,0,0
37.44999999999992,0,0,0,0,0,0,0,0,0,0,0
37.499999999999915,0,0,0,0,0,0,0,0,0,0,0
37.54999999999991,0,0,0,0,0,0,0,0,0,0,0
37.59999999999991,0,0,0,0,0,0,0,0,0,0,0
37.649999999999906,0,0,0,0,0,0,0,0,0,0,0
37.6999999999999,0,0,0,0,0,0,0,0,0,0,0
37.7499999999999,0,0,0,0,0,0,0,0,0,0,0
37.7999999999999,0,0,0,0,0,0,0,0,0,0,0
37.849999999999895,0,0,0,0,0,0,0,0,0,0,0
37.89999999999989,0,0,0,0,0,0,0,0,0,0,0
37.94999999999989,0,0,0,0,0,0,0,0,0,0,0
37.999999999999886,0,0,0,0,0,0,0,0,0,0,0
38.04999999999988,0,0,0,0,0,0,0,0,0,0,0
38.09999999999988,0,0,0,0,0,0,0,0,0,0,0
38.14999999999988,0,0,0,0,0,0,0,0,0,0,0
38.199999999999875,0,0,0,0,0,0,0,0,0,0,0
38.24999999999987,0,0,0,0,0,0,0,0,0,0,0
38.29999999999987,0,0,0,0,0,0,0,0,0,0,0
38.349999999999866,0,0,0,0,0,0,0,0,0,0,0
38.399999999999864,0,0,0,0,0,0,0,0,0,0,0
38.44999999999986,0,0,0,0,0,0,0,0,0,0,0
38.49999999999986,0,0,0,0,0,0,0,0,0,0,0
38.549999999999855,0,0,0,0,0,0,0,0,0,0,0
38.59999999999985,0,0,0,0,0,0,0,0,0,0,0
38.64999999999985,0,0,0,0,0,0,0,0,0,0,0
38.69999999999985,0,0,0,0,0,0,0,0,0,0,0
38.749999999999844,0,0,0,0,0,0,0,0,0,0,0
38.79999999999984,0,0,0,0,0,0,0,0,0,0,0
38.84999999999984,0,0,0,0,0,0,0,0,0,0,0
38.899999999999835,0,0,0,0,0,0,0,0,0,0,0
38.94999999999983,0,0,0,0,0,0,0,0,0,0,0
38.99999999999983,0,0,0,0,0,0,0,0,0,0,0
39.04999999999983,0,0,0,0,0,0,0,0,0,0,0
39.099999999999824,0,0,0,0,0,0,0,0,0,0,0
39.14999999999982,0,0,0,0,0,0,0,0,0,0,0
39.19999999999982,0,0,0,0,0,0,0,0,0,0,0
39.249999999999815,0,0,0,0,0,0,0,0,0,0,0
39.29999999999981,0,0,0,0,0,0,0,0,0,0,0
39.34999999999981,0,0,0,0,0,0,0,0,0,0,0
39.39999999999981,0,0,0,0,0,0,0,0,0,0,0
39.449999999999804,0,0,0,0,0,0,0,0,0,0,0
39.4999999999998,0,0,0,0,0,0,0,0,0,0,0
39.5499999999998,0,0,0,0,0,0,0,0,0,0,0
39.599999999999795,0,0,0,0,0,0,0,0,0,0,0
39.64999999999979,0,0,0,0,0,0,0,0,0,0,0
39.69999999999979,0,0,0,0,0,0,0,0,0,0,0
39.74999999999979,0,0,0,0,0,0,0,0,0,0,0
39.799999999999784,0,0,0,0,0,0,0,0,0,0,0
39.84999999999978,0,0,0,0,0,0,0,0,0,0,0
39.89999999999978,0,0,0,0,0,0,0,0,0,0,0
39.949999999999775,0,0,0,0,0,0,0,0,0,0,0
39.99999999999977,0,0,0,0,0,0,0,0,0,0,0
40.04999999999977,0,0,0,0,0,0,0,0,0,0,0
40.09999999999977,0,0,0,0,0,0,0,0,0,0,0
40.149999999999764,0,0,0,0,0,0,0,0,0,0,0
40.19999999999976,0,0,0,0,0,0,0,0,0,0,0
40.24999999999976,0,0,0,0,0,0,0,0,0,0,0
40.299999999999756,0,0,0,0,0,0,0,0,0,0,0
40.34999999999975,0,0,0,0,0,0,0,0,0,0,0
40.39999999999975,0,0,0,0,0,0,0,0,0,0,0
40.44999999999975,0,0,0,0,0,0,0,0,0,0,0
40.499999999999744,0,0,0,0,0,0,0,0,0,0,0
40.54999999999974,0,0,0,0,0,0,0,0,0,0,0
40.59999999999974,0,0,0,0,0,0,0,0,0,0,0
40.649999999999736,0,0,0,0,0,0,0,0,0,0,0
40.69999999999973,0,0,0,0,0,0,0,0,0,0,0
40.74999999999973,0,0,0,0,0,0,0,0,0,0,0
40.79999999999973,0,0,0,0,0,0,0,0,0,0,0
40.849999999999724,0,0,0,0,0,0,0,0,0,0,0
40.89999999999972,0,0,0,0,0,0,0,0,0,0,0
40.94999999999972,0,0,0,0,0,0,0,0,0,0,0
40.999999999999716,0,0,0,0,0,0,0,0,0,0,0
41.04999999999971,0,0,0,0,0,0,0,0,0,0,0
41.09999999999971,0,0,0,0,0,0,0,0,0,0,0
41.14999999999971,0,0,0,0,0,0,0,0,0,0,0
41.199999999999704,0,0,0,0,0,0,0,0,0,0,0
41.2499999999997,0,0,0,0,0,0,0,0,0,0,0
41.2999999999997,0,0,0,0,0,0,0,0,0,0,0
41.349999999999696,0,0,0,0,0,0,0,0,0,0,0
41.39999999999969,0,0,0,0,0,0,0,0,0,0,0
41.44999999999969,0,0,0,0,0,0,0,0,0,0,0
41.49999999999969,0,0,0,0,0,0,0,0,0,0,0
41.549999999999685,0,0,0,0,0,0,0,0,0,0,0
*****
16,0.05,500,0.3,0.7,10,100,0.261843996326,0.0853672733114
16,500,500,500,497,500,0,0,0,0,0,0
16.05,489,489,489,485,489,0,0,0,0,0,0
16.1,494,494,494,491,494,0,0,0,0,0,0
16.150000000000002,439,439,439,436,439,0,0,0,0,0,0
16.200000000000003,445,445,445,443,445,0,0,0,0,0,0
16.250000000000004,434,434,434,433,434,0,0,0,0,0,0
16.300000000000004,489,489,489,488,489,0,0,0,0,0,0
16.350000000000005,481,481,481,481,481,0,0,0,0,0,0
16.400000000000006,474,474,474,470,474,0,0,0,0,0,0
16.450000000000006,476,476,476,473,476,0,0,0,0,0,0
16.500000000000007,499,499,499,496,499,0,0,0,0,0,0
16.550000000000008,455,455,455,453,455,0,0,0,0,0,0
16.60000000000001,472,472,472,471,472,0,0,0,0,0,0
16.65000000000001,460,460,460,458,460,0,0,0,0,0,0
16.70000000000001,441,441,441,438,441,0,0,0,0,0,0
16.75000000000001,463,463,463,457,463,0,0,0,0,0,0
16.80000000000001,482,482,482,477,482,0,0,0,0,0,0
16.850000000000012,466,466,466,463,466,0,0,0,0,0,0
16.900000000000013,505,505,504,499,505,0,0,0,0,0,0
16.950000000000014,466,465,466,458,466,0,0,0,0,0,0
17.000000000000014,472,471,471,461,471,0,0,0,0,0,0
17.050000000000015,449,448,448,442,449,0,0,0,0,0,0
17.100000000000016,446,445,445,439,446,0,0,0,0,0,0
17.150000000000016,474,474,473,460,474,0,0,0,0,0,0
17.200000000000017,475,475,475,464,475,0,0,0,0,0,0
17.250000000000018,463,461,462,452,463,0,0,0,0,0,0
17.30000000000002,457,456,455,447,456,0,0,0,0,0,0
17.35000000000002,454,454,451,445,454,0,0,0,0,0,0
17.40000000000002,446,444,444,434,446,0,0,0,0,0,0
17.45000000000002,500,495,496,480,496,0,0,0,0,0,0
17.50000000000002,465,460,463,444,463,0,0,0,0,0,0
17.550000000000022,484,482,484,462,484,0,0,0,0,0,0
17.600000000000023,452,447,443,432,450,0,0,0,0,0,0
17.650000000000023,487,483,482,471,485,0,0,0,0,0,0
17.700000000000024,465,460,460,442,464,0,0,0,0,0,0
17.750000000000025,436,426,424,413,430,0,0,0,0,0,0
17.800000000000026,481,469,464,452,473,0,0,0,0,0,0
17.850000000000026,491,480,478,465,485,0,0,0,0,0,0
17.900000000000027,462,450,454,435,460,0,0,0,0,0,0
17.950000000000028,471,454,454,447,459,0,0,0,0,0,0
18.00000000000003,461,441,445,429,451,0,0,0,0,0,0
18.05000000000003,477,460,461,452,468,0,0,0,0,0,0
18.10000000000003,452,427,427,416,439,0,0,0,0,0,0
18.15000000000003,441,423,416,402,429,0,0,0,0,0,0
18.20000000000003,493,460,464,453,477,0,0,0,0,0,0
18.250000000000032,441,409,413,400,426,0,0,0,0,0,0
18.300000000000033,479,431,437,429,452,0,0,0,0,0,0
18.350000000000033,452,406,403,409,423,0,0,0,0,0,0
18.400000000000034,508,456,463,458,482,0,0,0,0,0,0
18.450000000000035,446,395,395,399,412,0,0,0,0,0,0
18.500000000000036,446,372,378,402,398,0,0,0,0,0,0
18.550000000000036,465,384,389,413,410,0,0,0,0,0,0
18.600000000000037,479,378,403,420,420,0,0,0,0,0,0
18.650000000000038,454,343,366,377,389,0,0,0,0,0,0
18.70000000000004,485,384,391,413,416,0,0,0,0,0,0
18.75000000000004,481,360,377,390,401,0,0,0,0,0,0
18.80000000000004,478,358,362,395,389,0,0,0,0,0,0
18.85000000000004,480,341,356,383,382,0,0,0,0,0,0
18.90000000000004,456,323,328,365,361,0,0,0,0,0,0
18.950000000000042,446,297,308,349,335,0,0,0,0,0,0
19.000000000000043,431,268,280,329,307,0,0,0,0,0,0
19.050000000000043,460,278,295,353,328,0,0,0,0,0,0
19.100000000000044,470,284,300,357,328,0,0,0,0,0,0
19.150000000000045,477,259,274,336,305,0,0,0,0,0,0
19.200000000000045,473,249,266,327,288,0,0,0,0,0,0
19.250000000000046,466,242,249,321,287,0,0,0,0,0,0
19.300000000000047,472,229,239,315,265,0,0,0,0,0,0
19.350000000000048,464,196,210,271,227,0,0,0,0,0,0
19.40000000000005,487,202,209,309,244,0,0,0,0,0,0
19.45000000000005,416,172,174,250,201,0,0,0,0,0,0
19.50000000000005,434,180,192,256,216,0,0,0,0,0,0
19.55000000000005,482,163,171,242,198,0,0,0,0,0,0
19.60000000000005,484,180,184,265,212,0,0,0,0,0,0
19.650000000000052,472,139,145,242,175,0,0,0,0,0,0
19.700000000000053,481,123,141,219,168,0,0,0,0,0,0
19.750000000000053,483,123,131,218,153,0,0,0,0,0,0
19.800000000000054,460,106,116,183,139,0,0,0,0,0,0
19.850000000000055,460,118,120,176,137,0,0,0,0,0,0
19.900000000000055,461,108,108,184,129,0,0,0,0,0,0
19.950000000000056,421,76,84,150,98,0,0,0,0,0,0
20.000000000000057,445,67,76,123,87,0,0,0,0,0,0
20.050000000000058,468,80,79,139,105,0,0,0,0,0,0
20.10000000000006,515,82,91,151,105,0,0,0,0,0,0
20.15000000000006,466,53,54,105,69,0,0,0,0,0,0
20.20000000000006,468,47,53,106,67,0,0,0,0,0,0
20.25000000000006,456,45,44,86,58,0,0,0,0,0,0
20.30000000000006,454,45,46,89,63,0,0,0,0,0,0
20.350000000000062,472,33,37,73,49,0,0,0,0,0,0
20.400000000000063,465,35,35,78,45,0,0,0,0,0,0
20.450000000000063,509,31,42,81,50,0,0,0,0,0,0
20.500000000000064,459,26,30,59,36,0,0,0,0,0,0
20.550000000000065,466,19,16,48,21,0,0,0,0,0,0
20.600000000000065,454,20,21,47,29,0,0,0,0,0,0
20.650000000000066,435,17,20,33,21,0,0,0,0,0,0
20.700000000000067,468,14,13,33,16,0,0,0,0,0,0
20.750000000000068,452,11,13,31,17,0,0,0,0,0,0
20.800000000000068,483,9,7,24,12,0,0,0,0,0,0
20.85000000000007,469,5,10,27,12,0,0,0,0,0,0
20.90000000000007,467,12,9,26,14,0,0,0,0,0,0
20.95000000000007,486,11,11,22,12,0,0,0,0,0,0
21.00000000000007,468,7,10,19,12,0,0,0,0,0,0
21.05000000000007,451,7,6,12,7,0,0,0,0,0,0
21.100000000000072,489,3,6,13,6,0,0,0,0,0,0
21.150000000000073,452,2,4,8,4,0,0,0,0,0,0
21.200000000000074,461,5,5,10,5,0,0,0,0,0,0
21.250000000000075,443,1,2,5,2,0,0,0,0,0,0
21.300000000000075,450,2,1,5,2,0,0,0,0,0,0
21.350000000000076,482,0,0,5,0,0,0,0,0,0,0
21.400000000000077,440,1,0,3,2,0,0,0,0,0,0
21.450000000000077,489,0,1,2,1,0,0,0,0,0,0
21.500000000000078,459,1,1,2,1,0,0,0,0,0,0
21.55000000000008,480,2,1,1,2,0,0,0,0,0,0
21.60000000000008,468,3,2,2,3,0,0,0,0,0,0
21.65000000000008,475,0,0,0,0,0,0,0,0,0,0
21.70000000000008,472,0,0,0,0,0,0,0,0,0,0
21.75000000000008,457,0,0,0,0,0,0,0,0,0,0
21.800000000000082,450,0,0,0,0,0,0,0,0,0,0
21.850000000000083,478,0,0,1,0,0,0,0,0,0,0
21.900000000000084,476,0,0,0,0,0,0,0,0,0,0
21.950000000000085,473,0,0,1,0,0,0,0,0,0,0
22.000000000000085,457,0,0,0,0,0,0,0,0,0,0
22.050000000000086,473,0,0,0,0,0,0,0,0,0,0
22.100000000000087,454,0,0,0,0,0,0,0,0,0,0
22.150000000000087,476,0,0,0,0,0,0,0,0,0,0
22.200000000000088,479,0,0,0,0,0,0,0,0,0,0
22.25000000000009,478,0,0,0,0,0,0,0,0,0,0
22.30000000000009,459,0,0,0,0,0,0,0,0,0,0
22.35000000000009,460,0,0,0,0,0,0,0,0,0,0
22.40000000000009,457,0,0,0,0,0,0,0,0,0,0
22.45000000000009,468,0,0,0,0,0,0,0,0,0,0
22.500000000000092,451,0,0,0,0,0,0,0,0,0,0
22.550000000000093,480,0,0,0,0,0,0,0,0,0,0
22.600000000000094,466,0,0,0,0,0,0,0,0,0,0
22.650000000000095,463,0,0,0,0,0,0,0,0,0,0
22.700000000000095,450,0,0,0,0,0,0,0,0,0,0
22.750000000000096,471,0,0,0,0,0,0,0,0,0,0
22.800000000000097,480,0,0,0,0,0,0,0,0,0,0
22.850000000000097,447,0,0,0,0,0,0,0,0,0,0
22.900000000000098,482,0,0,0,0,0,0,0,0,0,0
22.9500000000001,475,0,0,0,0,0,0,0,0,0,0
23.0000000000001,443,0,0,0,0,0,0,0,0,0,0
23.0500000000001,470,0,0,0,0,0,0,0,0,0,0
23.1000000000001,485,0,0,0,0,0,0,0,0,0,0
23.1500000000001,480,0,0,0,0,0,0,0,0,0,0
23.200000000000102,435,0,0,0,0,0,0,0,0,0,0
23.250000000000103,483,0,0,0,0,0,0,0,0,0,0
23.300000000000104,456,0,0,0,0,0,0,0,0,0,0
23.350000000000104,488,0,0,0,0,0,0,0,0,0,0
23.400000000000105,474,0,0,0,0,0,0,0,0,0,0
23.450000000000106,479,0,0,0,0,0,0,0,0,0,0
23.500000000000107,460,0,0,0,0,0,0,0,0,0,0
23.550000000000107,494,0,0,0,0,0,0,0,0,0,0
23.600000000000108,455,0,0,0,0,0,0,0,0,0,0
23.65000000000011,439,0,0,0,0,0,0,0,0,0,0
23.70000000000011,465,0,0,0,0,0,0,0,0,0,0
23.75000000000011,480,0,0,0,0,0,0,0,0,0,0
23.80000000000011,475,0,0,0,0,0,0,0,0,0,0
23.85000000000011,487,0,0,0,0,0,0,0,0,0,0
23.900000000000112,458,0,0,0,0,0,0,0,0,0,0
23.950000000000113,471,0,0,0,0,0,0,0,0,0,0
24.000000000000114,476,0,0,0,0,0,0,0,0,0,0
24.050000000000114,483,0,0,0,0,0,0,0,0,0,0
24.100000000000115,439,0,0,0,0,0,0,0,0,0,0
24.150000000000116,495,0,0,0,0,0,0,0,0,0,0
24.200000000000117,482,0,0,0,0,0,0,0,0,0,0
24.250000000000117,439,0,0,0,0,0,0,0,0,0,0
24.300000000000118,434,0,0,0,0,0,0,0,0,0,0
24.35000000000012,487,0,0,0,0,0,0,0,0,0,0
24.40000000000012,449,0,0,0,0,0,0,0,0,0,0
24.45000000000012,485,0,0,0,0,0,0,0,0,0,0
24.50000000000012,472,0,0,0,0,0,0,0,0,0,0
24.55000000000012,480,0,0,0,0,0,0,0,0,0,0
24.600000000000122,435,0,0,0,0,0,0,0,0,0,0
24.650000000000123,472,0,0,0,0,0,0,0,0,0,0
24.700000000000124,453,0,0,0,0,0,0,0,0,0,0
24.750000000000124,459,0,0,0,0,0,0,0,0,0,0
24.800000000000125,464,0,0,0,0,0,0,0,0,0,0
24.850000000000126,497,0,0,0,0,0,0,0,0,0,0
24.900000000000126,491,0,0,0,0,0,0,0,0,0,0
24.950000000000127,461,0,0,0,0,0,0,0,0,0,0
25.000000000000128,462,0,0,0,0,0,0,0,0,0,0
25.05000000000013,475,0,0,0,0,0,0,0,0,0,0
25.10000000000013,406,0,0,0,0,0,0,0,0,0,0
25.15000000000013,468,0,0,0,0,0,0,0,0,0,0
25.20000000000013,477,0,0,0,0,0,0,0,0,0,0
25.25000000000013,449,0,0,0,0,0,0,0,0,0,0
25.300000000000132,474,0,0,0,0,0,0,0,0,0,0
25.350000000000133,483,0,0,0,0,0,0,0,0,0,0
25.400000000000134,448,0,0,0,0,0,0,0,0,0,0
25.450000000000134,484,0,0,0,0,0,0,0,0,0,0
25.500000000000135,522,0,0,0,0,0,0,0,0,0,0
25.550000000000136,475,0,0,0,0,0,0,0,0,0,0
25.600000000000136,453,0,0,0,0,0,0,0,0,0,0
25.650000000000137,449,0,0,0,0,0,0,0,0,0,0
25.700000000000138,429,0,0,0,0,0,0,0,0,0,0
25.75000000000014,416,0,0,0,0,0,0,0,0,0,0
25.80000000000014,450,0,0,0,0,0,0,0,0,0,0
25.85000000000014,479,0,0,0,0,0,0,0,0,0,0
25.90000000000014,499,0,0,0,0,0,0,0,0,0,0
25.95000000000014,469,0,0,0,0,0,0,0,0,0,0
26.000000000000142,452,0,0,0,0,0,0,0,0,0,0
26.050000000000143,473,0,0,0,0,0,0,0,0,0,0
26.100000000000144,502,0,0,0,0,0,0,0,0,0,0
26.150000000000144,487,0,0,0,0,0,0,0,0,0,0
26.200000000000145,464,0,0,0,0,0,0,0,0,0,0
26.250000000000146,498,0,0,0,0,0,0,0,0,0,0
26.300000000000146,407,0,0,0,0,0,0,0,0,0,0
26.350000000000147,465,0,0,0,0,0,0,0,0,0,0
26.400000000000148,435,0,0,0,0,0,0,0,0,0,0
26.45000000000015,462,0,0,0,0,0,0,0,0,0,0
26.50000000000015,507,0,0,0,0,0,0,0,0,0,0
26.55000000000015,495,0,0,0,0,0,0,0,0,0,0
26.60000000000015,460,0,0,0,0,0,0,0,0,0,0
26.65000000000015,467,0,0,0,0,0,0,0,0,0,0
26.700000000000152,422,0,0,0,0,0,0,0,0,0,0
26.750000000000153,499,0,0,0,0,0,0,0,0,0,0
26.800000000000153,465,0,0,0,0,0,0,0,0,0,0
26.850000000000154,448,0,0,0,0,0,0,0,0,0,0
26.900000000000155,463,0,0,0,0,0,0,0,0,0,0
26.950000000000156,468,0,0,0,0,0,0,0,0,0,0
27.000000000000156,485,0,0,0,0,0,0,0,0,0,0
27.050000000000157,448,0,0,0,0,0,0,0,0,0,0
27.100000000000158,475,0,0,0,0,0,0,0,0,0,0
27.15000000000016,489,0,0,0,0,0,0,0,0,0,0
27.20000000000016,457,0,0,0,0,0,0,0,0,0,0
27.25000000000016,466,0,0,0,0,0,0,0,0,0,0
27.30000000000016,453,0,0,0,0,0,0,0,0,0,0
27.35000000000016,463,0,0,0,0,0,0,0,0,0,0
27.400000000000162,438,0,0,0,0,0,0,0,0,0,0
27.450000000000163,473,0,0,0,0,0,0,0,0,0,0
27.500000000000163,452,0,0,0,0,0,0,0,0,0,0
27.550000000000164,456,0,0,0,0,0,0,0,0,0,0
27.600000000000165,500,0,0,0,0,0,0,0,0,0,0
27.650000000000166,460,0,0,0,0,0,0,0,0,0,0
27.700000000000166,458,0,0,0,0,0,0,0,0,0,0
27.750000000000167,482,0,0,0,0,0,0,0,0,0,0
27.800000000000168,431,0,0,0,0,0,0,0,0,0,0
27.85000000000017,432,0,0,0,0,0,0,0,0,0,0
27.90000000000017,486,0,0,0,0,0,0,0,0,0,0
27.95000000000017,497,0,0,0,0,0,0,0,0,0,0
28.00000000000017,482,0,0,0,0,0,0,0,0,0,0
28.05000000000017,477,0,0,0,0,0,0,0,0,0,0
28.100000000000172,491,0,0,0,0,0,0,0,0,0,0
28.150000000000173,438,0,0,0,0,0,0,0,0,0,0
28.200000000000173,437,0,0,0,0,0,0,0,0,0,0
28.250000000000174,436,0,0,0,0,0,0,0,0,0,0
28.300000000000175,484,0,0,0,0,0,0,0,0,0,0
28.350000000000176,468,0,0,0,0,0,0,0,0,0,0
28.400000000000176,431,0,0,0,0,0,0,0,0,0,0
28.450000000000177,482,0,0,0,0,0,0,0,0,0,0
28.500000000000178,489,0,0,0,0,0,0,0,0,0,0
28.55000000000018,507,0,0,0,0,0,0,0,0,0,0
28.60000000000018,501,0,0,0,0,0,0,0,0,0,0
28.65000000000018,427,0,0,0,0,0,0,0,0,0,0
28.70000000000018,469,0,0,0,0,0,0,0,0,0,0
28.75000000000018,438,0,0,0,0,0,0,0,0,0,0
28.800000000000182,434,0,0,0,0,0,0,0,0,0,0
28.850000000000183,465,0,0,0,0,0,0,0,0,0,0
28.900000000000183,418,0,0,0,0,0,0,0,0,0,0
28.950000000000184,509,0,0,0,0,0,0,0,0,0,0
29.000000000000185,508,0,0,0,0,0,0,0,0,0,0
29.050000000000185,466,0,0,0,0,0,0,0,0,0,0
29.100000000000186,471,0,0,0,0,0,0,0,0,0,0
29.150000000000187,505,0,0,0,0,0,0,0,0,0,0
29.200000000000188,469,0,0,0,0,0,0,0,0,0,0
29.25000000000019,445,0,0,0,0,0,0,0,0,0,0
29.30000000000019,450,0,0,0,0,0,0,0,0,0,0
29.35000000000019,467,0,0,0,0,0,0,0,0,0,0
29.40000000000019,475,0,0,0,0,0,0,0,0,0,0
29.45000000000019,477,0,0,0,0,0,0,0,0,0,0
29.500000000000192,478,0,0,0,0,0,0,0,0,0,0
29.550000000000193,452,0,0,0,0,0,0,0,0,0,0
29.600000000000193,421,0,0,0,0,0,0,0,0,0,0
29.650000000000194,499,0,0,0,0,0,0,0,0,0,0
29.700000000000195,476,0,0,0,0,0,0,0,0,0,0
29.750000000000195,470,0,0,0,0,0,0,0,0,0,0
29.800000000000196,489,0,0,0,0,0,0,0,0,0,0
29.850000000000197,470,0,0,0,0,0,0,0,0,0,0
29.900000000000198,438,0,0,0,0,0,0,0,0,0,0
29.9500000000002,461,0,0,0,0,0,0,0,0,0,0
30.0000000000002,479,0,0,0,0,0,0,0,0,0,0
30.0500000000002,455,0,0,0,0,0,0,0,0,0,0
30.1000000000002,463,0,0,0,0,0,0,0,0,0,0
30.1500000000002,456,0,0,0,0,0,0,0,0,0,0
30.200000000000202,453,0,0,0,0,0,0,0,0,0,0
30.250000000000203,458,0,0,0,0,0,0,0,0,0,0
30.300000000000203,471,0,0,0,0,0,0,0,0,0,0
30.350000000000204,480,0,0,0,0,0,0,0,0,0,0
30.400000000000205,473,0,0,0,0,0,0,0,0,0,0
30.450000000000205,450,0,0,0,0,0,0,0,0,0,0
30.500000000000206,506,0,0,0,0,0,0,0,0,0,0
30.550000000000207,460,0,0,0,0,0,0,0,0,0,0
30.600000000000207,481,0,0,0,0,0,0,0,0,0,0
30.650000000000208,470,0,0,0,0,0,0,0,0,0,0
30.70000000000021,429,0,0,0,0,0,0,0,0,0,0
30.75000000000021,450,0,0,0,0,0,0,0,0,0,0
30.80000000000021,487,0,0,0,0,0,0,0,0,0,0
30.85000000000021,446,0,0,0,0,0,0,0,0,0,0
30.90000000000021,500,0,0,0,0,0,0,0,0,0,0
30.950000000000212,475,0,0,0,0,0,0,0,0,0,0
31.000000000000213,449,0,0,0,0,0,0,0,0,0,0
31.050000000000214,436,0,0,0,0,0,0,0,0,0,0
31.100000000000215,487,0,0,0,0,0,0,0,0,0,0
31.150000000000215,467,0,0,0,0,0,0,0,0,0,0
31.200000000000216,467,0,0,0,0,0,0,0,0,0,0
31.250000000000217,454,0,0,0,0,0,0,0,0,0,0
31.300000000000217,456,0,0,0,0,0,0,0,0,0,0
31.350000000000218,449,0,0,0,0,0,0,0,0,0,0
31.40000000000022,467,0,0,0,0,0,0,0,0,0,0
31.45000000000022,487,0,0,0,0,0,0,0,0,0,0
31.50000000000022,459,0,0,0,0,0,0,0,0,0,0
31.55000000000022,469,0,0,0,0,0,0,0,0,0,0
31.60000000000022,462,0,0,0,0,0,0,0,0,0,0
31.650000000000222,438,0,0,0,0,0,0,0,0,0,0
31.700000000000223,474,0,0,0,0,0,0,0,0,0,0
31.750000000000224,447,0,0,0,0,0,0,0,0,0,0
31.800000000000225,445,0,0,0,0,0,0,0,0,0,0
31.850000000000225,495,0,0,0,0,0,0,0,0,0,0
31.900000000000226,461,0,0,0,0,0,0,0,0,0,0
31.950000000000227,464,0,0,0,0,0,0,0,0,0,0
32.00000000000023,476,0,0,0,0,0,0,0,0,0,0
32.050000000000225,470,0,0,0,0,0,0,0,0,0,0
32.10000000000022,475,0,0,0,0,0,0,0,0,0,0
32.15000000000022,449,0,0,0,0,0,0,0,0,0,0
32.200000000000216,472,0,0,0,0,0,0,0,0,0,0
32.25000000000021,433,0,0,0,0,0,0,0,0,0,0
32.30000000000021,453,0,0,0,0,0,0,0,0,0,0
32.35000000000021,377,0,0,0,0,0,0,0,0,0,0
32.400000000000205,341,0,0,0,0,0,0,0,0,0,0
32.4500000000002,262,0,0,0,0,0,0,0,0,0,0
32.5000000000002,189,0,0,0,0,0,0,0,0,0,0
32.550000000000196,135,0,0,0,0,0,0,0,0,0,0
32.60000000000019,89,0,0,0,0,0,0,0,0,0,0
32.65000000000019,39,0,0,0,0,0,0,0,0,0,0
32.70000000000019,0,0,0,0,0,0,0,0,0,0,0
32.750000000000185,0,0,0,0,0,0,0,0,0,0,0
32.80000000000018,0,0,0,0,0,0,0,0,0,0,0
32.85000000000018,0,0,0,0,0,0,0,0,0,0,0
32.900000000000176,0,0,0,0,0,0,0,0,0,0,0
32.95000000000017,0,0,0,0,0,0,0,0,0,0,0
33.00000000000017,0,0,0,0,0,0,0,0,0,0,0
33.05000000000017,0,0,0,0,0,0,0,0,0,0,0
33.100000000000165,0,0,0,0,0,0,0,0,0,0,0
33.15000000000016,0,0,0,0,0,0,0,0,0,0,0
33.20000000000016,0,0,0,0,0,0,0,0,0,0,0
33.250000000000156,0,0,0,0,0,0,0,0,0,0,0
33.30000000000015,0,0,0,0,0,0,0,0,0,0,0
33.35000000000015,0,0,0,0,0,0,0,0,0,0,0
33.40000000000015,0,0,0,0,0,0,0,0,0,0,0
33.450000000000145,0,0,0,0,0,0,0,0,0,0,0
33.50000000000014,0,0,0,0,0,0,0,0,0,0,0
33.55000000000014,0,0,0,0,0,0,0,0,0,0,0
33.600000000000136,0,0,0,0,0,0,0,0,0,0,0
33.650000000000134,0,0,0,0,0,0,0,0,0,0,0
33.70000000000013,0,0,0,0,0,0,0,0,0,0,0
33.75000000000013,0,0,0,0,0,0,0,0,0,0,0
33.800000000000125,0,0,0,0,0,0,0,0,0,0,0
33.85000000000012,0,0,0,0,0,0,0,0,0,0,0
33.90000000000012,0,0,0,0,0,0,0,0,0,0,0
33.95000000000012,0,0,0,0,0,0,0,0,0,0,0
34.000000000000114,0,0,0,0,0,0,0,0,0,0,0
34.05000000000011,0,0,0,0,0,0,0,0,0,0,0
34.10000000000011,0,0,0,0,0,0,0,0,0,0,0
34.150000000000105,0,0,0,0,0,0,0,0,0,0,0
34.2000000000001,0,0,0,0,0,0,0,0,0,0,0
34.2500000000001,0,0,0,0,0,0,0,0,0,0,0
34.3000000000001,0,0,0,0,0,0,0,0,0,0,0
34.350000000000094,0,0,0,0,0,0,0,0,0,0,0
34.40000000000009,0,0,0,0,0,0,0,0,0,0,0
34.45000000000009,0,0,0,0,0,0,0,0,0,0,0
34.500000000000085,0,0,0,0,0,0,0,0,0,0,0
34.55000000000008,0,0,0,0,0,0,0,0,0,0,0
34.60000000000008,0,0,0,0,0,0,0,0,0,0,0
34.65000000000008,0,0,0,0,0,0,0,0,0,0,0
34.700000000000074,0,0,0,0,0,0,0,0,0,0,0
34.75000000000007,0,0,0,0,0,0,0,0,0,0,0
34.80000000000007,0,0,0,0,0,0,0,0,0,0,0
34.850000000000065,0,0,0,0,0,0,0,0,0,0,0
34.90000000000006,0,0,0,0,0,0,0,0,0,0,0
34.95000000000006,0,0,0,0,0,0,0,0,0,0,0
35.00000000000006,0,0,0,0,0,0,0,0,0,0,0
35.050000000000054,0,0,0,0,0,0,0,0,0,0,0
35.10000000000005,0,0,0,0,0,0,0,0,0,0,0
35.15000000000005,0,0,0,0,0,0,0,0,0,0,0
35.200000000000045,0,0,0,0,0,0,0,0,0,0,0
35.25000000000004,0,0,0,0,0,0,0,0,0,0,0
35.30000000000004,0,0,0,0,0,0,0,0,0,0,0
35.35000000000004,0,0,0,0,0,0,0,0,0,0,0
35.400000000000034,0,0,0,0,0,0,0,0,0,0,0
35.45000000000003,0,0,0,0,0,0,0,0,0,0,0
35.50000000000003,0,0,0,0,0,0,0,0,0,0,0
35.550000000000026,0,0,0,0,0,0,0,0,0,0,0
35.60000000000002,0,0,0,0,0,0,0,0,0,0,0
35.65000000000002,0,0,0,0,0,0,0,0,0,0,0
35.70000000000002,0,0,0,0,0,0,0,0,0,0,0
35.750000000000014,0,0,0,0,0,0,0,0,0,0,0
35.80000000000001,0,0,0,0,0,0,0,0,0,0,0
35.85000000000001,0,0,0,0,0,0,0,0,0,0,0
35.900000000000006,0,0,0,0,0,0,0,0,0,0,0
35.95,0,0,0,0,0,0,0,0,0,0,0
36.0,0,0,0,0,0,0,0,0,0,0,0
36.05,0,0,0,0,0,0,0,0,0,0,0
36.099999999999994,0,0,0,0,0,0,0,0,0,0,0
36.14999999999999,0,0,0,0,0,0,0,0,0,0,0
36.19999999999999,0,0,0,0,0,0,0,0,0,0,0
36.249999999999986,0,0,0,0,0,0,0,0,0,0,0
36.29999999999998,0,0,0,0,0,0,0,0,0,0,0
36.34999999999998,0,0,0,0,0,0,0,0,0,0,0
36.39999999999998,0,0,0,0,0,0,0,0,0,0,0
36.449999999999974,0,0,0,0,0,0,0,0,0,0,0
36.49999999999997,0,0,0,0,0,0,0,0,0,0,0
36.54999999999997,0,0,0,0,0,0,0,0,0,0,0
36.599999999999966,0,0,0,0,0,0,0,0,0,0,0
36.64999999999996,0,0,0,0,0,0,0,0,0,0,0
36.69999999999996,0,0,0,0,0,0,0,0,0,0,0
36.74999999999996,0,0,0,0,0,0,0,0,0,0,0
36.799999999999955,0,0,0,0,0,0,0,0,0,0,0
36.84999999999995,0,0,0,0,0,0,0,0,0,0,0
36.89999999999995,0,0,0,0,0,0,0,0,0,0,0
36.949999999999946,0,0,0,0,0,0,0,0,0,0,0
36.99999999999994,0,0,0,0,0,0,0,0,0,0,0
37.04999999999994,0,0,0,0,0,0,0,0,0,0,0
37.09999999999994,0,0,0,0,0,0,0,0,0,0,0
37.149999999999935,0,0,0,0,0,0,0,0,0,0,0
37.19999999999993,0,0,0,0,0,0,0,0,0,0,0
37.24999999999993,0,0,0,0,0,0,0,0,0,0,0
37.299999999999926,0,0,0,0,0,0,0,0,0,0,0
37.34999999999992,0,0,0,0,0,0,0,0,0,0,0
37.39999999999992,0,0,0,0,0,0,0,0,0,0,0
37.44999999999992,0,0,0,0,0,0,0,0,0,0,0
37.499999999999915,0,0,0,0,0,0,0,0,0,0,0
37.54999999999991,0,0,0,0,0,0,0,0,0,0,0
37.59999999999991,0,0,0,0,0,0,0,0,0,0,0
37.649999999999906,0,0,0,0,0,0,0,0,0,0,0
37.6999999999999,0,0,0,0,0,0,0,0,0,0,0
37.7499999999999,0,0,0,0,0,0,0,0,0,0,0
37.7999999999999,0,0,0,0,0,0,0,0,0,0,0
37.849999999999895,0,0,0,0,0,0,0,0,0,0,0
37.89999999999989,0,0,0,0,0,0,0,0,0,0,0
37.94999999999989,0,0,0,0,0,0,0,0,0,0,0
37.999999999999886,0,0,0,0,0,0,0,0,0,0,0
38.04999999999988,0,0,0,0,0,0,0,0,0,0,0
38.09999999999988,0,0,0,0,0,0,0,0,0,0,0
38.14999999999988,0,0,0,0,0,0,0,0,0,0,0
38.199999999999875,0,0,0,0,0,0,0,0,0,0,0
38.24999999999987,0,0,0,0,0,0,0,0,0,0,0
38.29999999999987,0,0,0,0,0,0,0,0,0,0,0
38.349999999999866,0,0,0,0,0,0,0,0,0,0,0
38.399999999999864,0,0,0,0,0,0,0,0,0,0,0
38.44999999999986,0,0,0,0,0,0,0,0,0,0,0
38.49999999999986,0,0,0,0,0,0,0,0,0,0,0
38.549999999999855,0,0,0,0,0,0,0,0,0,0,0
38.59999999999985,0,0,0,0,0,0,0,0,0,0,0
38.64999999999985,0,0,0,0,0,0,0,0,0,0,0
38.69999999999985,0,0,0,0,0,0,0,0,0,0,0
38.749999999999844,0,0,0,0,0,0,0,0,0,0,0
38.79999999999984,0,0,0,0,0,0,0,0,0,0,0
38.84999999999984,0,0,0,0,0,0,0,0,0,0,0
38.899999999999835,0,0,0,0,0,0,0,0,0,0,0
38.94999999999983,0,0,0,0,0,0,0,0,0,0,0
38.99999999999983,0,0,0,0,0,0,0,0,0,0,0
39.04999999999983,0,0,0,0,0,0,0,0,0,0,0
39.099999999999824,0,0,0,0,0,0,0,0,0,0,0
39.14999999999982,0,0,0,0,0,0,0,0,0,0,0
39.19999999999982,0,0,0,0,0,0,0,0,0,0,0
39.249999999999815,0,0,0,0,0,0,0,0,0,0,0
39.29999999999981,0,0,0,0,0,0,0,0,0,0,0
39.34999999999981,0,0,0,0,0,0,0,0,0,0,0
39.39999999999981,0,0,0,0,0,0,0,0,0,0,0
39.449999999999804,0,0,0,0,0,0,0,0,0,0,0
39.4999999999998,0,0,0,0,0,0,0,0,0,0,0
39.5499999999998,0,0,0,0,0,0,0,0,0,0,0
39.599999999999795,0,0,0,0,0,0,0,0,0,0,0
39.64999999999979,0,0,0,0,0,0,0,0,0,0,0
39.69999999999979,0,0,0,0,0,0,0,0,0,0,0
39.74999999999979,0,0,0,0,0,0,0,0,0,0,0
39.799999999999784,0,0,0,0,0,0,0,0,0,0,0
39.84999999999978,0,0,0,0,0,0,0,0,0,0,0
39.89999999999978,0,0,0,0,0,0,0,0,0,0,0
39.949999999999775,0,0,0,0,0,0,0,0,0,0,0
39.99999999999977,0,0,0,0,0,0,0,0,0,0,0
40.04999999999977,0,0,0,0,0,0,0,0,0,0,0
40.09999999999977,0,0,0,0,0,0,0,0,0,0,0
40.149999999999764,0,0,0,0,0,0,0,0,0,0,0
40.19999999999976,0,0,0,0,0,0,0,0,0,0,0
40.24999999999976,0,0,0,0,0,0,0,0,0,0,0
40.299999999999756,0,0,0,0,0,0,0,0,0,0,0
40.34999999999975,0,0,0,0,0,0,0,0,0,0,0
40.39999999999975,0,0,0,0,0,0,0,0,0,0,0
40.44999999999975,0,0,0,0,0,0,0,0,0,0,0
40.499999999999744,0,0,0,0,0,0,0,0,0,0,0
40.54999999999974,0,0,0,0,0,0,0,0,0,0,0
40.59999999999974,0,0,0,0,0,0,0,0,0,0,0
40.649999999999736,0,0,0,0,0,0,0,0,0,0,0
40.69999999999973,0,0,0,0,0,0,0,0,0,0,0
40.74999999999973,0,0,0,0,0,0,0,0,0,0,0
40.79999999999973,0,0,0,0,0,0,0,0,0,0,0
40.849999999999724,0,0,0,0,0,0,0,0,0,0,0
40.89999999999972,0,0,0,0,0,0,0,0,0,0,0
40.94999999999972,0,0,0,0,0,0,0,0,0,0,0
40.999999999999716,0,0,0,0,0,0,0,0,0,0,0
41.04999999999971,0,0,0,0,0,0,0,0,0,0,0
41.09999999999971,0,0,0,0,0,0,0,0,0,0,0
41.14999999999971,0,0,0,0,0,0,0,0,0,0,0
41.199999999999704,0,0,0,0,0,0,0,0,0,0,0
41.2499999999997,0,0,0,0,0,0,0,0,0,0,0
41.2999999999997,0,0,0,0,0,0,0,0,0,0,0
41.349999999999696,0,0,0,0,0,0,0,0,0,0,0
41.39999999999969,0,0,0,0,0,0,0,0,0,0,0
41.44999999999969,0,0,0,0,0,0,0,0,0,0,0
41.49999999999969,0,0,0,0,0,0,0,0,0,0,0
41.549999999999685,0,0,0,0,0,0,0,0,0,0,0
*****
16,0.05,500,0.6,1,10,100,0.261843996326,0.0853672733114
16,500,152,200,158,200,0,0,0,0,0,0
16.05,486,142,194,156,194,0,0,0,0,0,0
16.1,460,146,195,151,195,0,0,0,0,0,0
16.150000000000002,513,166,218,183,218,0,0,0,0,0,0
16.200000000000003,473,137,181,154,181,0,0,0,0,0,0
16.250000000000004,466,134,170,147,170,0,0,0,0,0,0
16.300000000000004,440,140,177,163,177,0,0,0,0,0,0
16.350000000000005,460,155,184,174,184,0,0,0,0,0,0
16.400000000000006,468,141,175,158,175,0,0,0,0,0,0
16.450000000000006,489,135,178,148,178,0,0,0,0,0,0
16.500000000000007,474,129,192,185,192,0,0,0,0,0,0
16.550000000000008,466,115,184,167,184,0,0,0,0,0,0
16.60000000000001,474,123,206,186,206,0,0,0,0,0,0
16.65000000000001,487,121,194,172,194,0,0,0,0,0,0
16.70000000000001,481,121,186,141,186,0,0,0,0,0,0
16.75000000000001,478,113,184,149,184,0,0,0,0,0,0
16.80000000000001,492,89,144,108,144,0,0,0,0,0,0
16.850000000000012,501,120,188,128,188,0,0,0,0,0,0
16.900000000000013,453,78,127,108,127,0,0,0,0,0,0
16.950000000000014,469,86,142,119,142,0,0,0,0,0,0
17.000000000000014,440,73,129,117,129,0,0,0,0,0,0
17.050000000000015,456,54,111,100,111,0,0,0,0,0,0
17.100000000000016,489,83,133,105,133,0,0,0,0,0,0
17.150000000000016,481,59,124,109,124,0,0,0,0,0,0
17.200000000000017,465,49,100,79,100,0,0,0,0,0,0
17.250000000000018,474,71,115,81,115,0,0,0,0,0,0
17.30000000000002,489,51,119,86,119,0,0,0,0,0,0
17.35000000000002,475,57,119,88,119,0,0,0,0,0,0
17.40000000000002,480,48,94,81,94,0,0,0,0,0,0
17.45000000000002,473,27,79,69,79,0,0,0,0,0,0
17.50000000000002,478,41,90,79,90,0,0,0,0,0,0
17.550000000000022,479,33,80,65,80,0,0,0,0,0,0
17.600000000000023,467,21,54,43,54,0,0,0,0,0,0
17.650000000000023,489,34,73,57,73,0,0,0,0,0,0
17.700000000000024,483,22,57,46,57,0,0,0,0,0,0
17.750000000000025,446,19,58,47,58,0,0,0,0,0,0
17.800000000000026,505,27,60,45,60,0,0,0,0,0,0
17.850000000000026,458,14,34,31,34,0,0,0,0,0,0
17.900000000000027,512,13,38,30,38,0,0,0,0,0,0
17.950000000000028,444,11,33,27,33,0,0,0,0,0,0
18.00000000000003,474,9,30,28,30,0,0,0,0,0,0
18.05000000000003,452,8,32,25,32,0,0,0,0,0,0
18.10000000000003,500,5,20,17,20,0,0,0,0,0,0
18.15000000000003,492,11,19,27,19,0,0,0,0,0,0
18.20000000000003,465,10,25,19,25,0,0,0,0,0,0
18.250000000000032,496,4,19,16,19,0,0,0,0,0,0
18.300000000000033,438,5,18,14,18,0,0,0,0,0,0
18.350000000000033,464,4,17,14,17,0,0,0,0,0,0
18.400000000000034,489,6,16,16,16,0,0,0,0,0,0
18.450000000000035,466,4,12,13,12,0,0,0,0,0,0
18.500000000000036,451,2,11,8,11,0,0,0,0,0,0
18.550000000000036,483,4,12,6,12,0,0,0,0,0,0
18.600000000000037,484,1,12,10,12,0,0,0,0,0,0
18.650000000000038,485,0,7,6,7,0,0,0,0,0,0
18.70000000000004,462,2,7,6,7,0,0,0,0,0,0
18.75000000000004,444,1,7,8,7,0,0,0,0,0,0
18.80000000000004,476,3,6,5,6,0,0,0,0,0,0
18.85000000000004,481,2,4,5,4,0,0,0,0,0,0
18.90000000000004,507,0,3,4,3,0,0,0,0,0,0
18.950000000000042,477,3,5,4,5,0,0,0,0,0,0
19.000000000000043,492,0,1,1,1,0,0,0,0,0,0
19.050000000000043,487,0,2,4,2,0,0,0,0,0,0
19.100000000000044,472,0,1,1,1,0,0,0,0,0,0
19.150000000000045,458,1,2,1,2,0,0,0,0,0,0
19.200000000000045,476,0,1,0,1,0,0,0,0,0,0
19.250000000000046,485,0,0,0,0,0,0,0,0,0,0
19.300000000000047,471,0,2,2,2,0,0,0,0,0,0
19.350000000000048,456,0,0,1,0,0,0,0,0,0,0
19.40000000000005,488,0,0,0,0,0,0,0,0,0,0
19.45000000000005,486,0,0,0,0,0,0,0,0,0,0
19.50000000000005,464,1,1,0,1,0,0,0,0,0,0
19.55000000000005,468,0,1,1,1,0,0,0,0,0,0
19.60000000000005,462,0,0,0,0,0,0,0,0,0,0
19.650000000000052,516,0,1,1,1,0,0,0,0,0,0
19.700000000000053,440,1,1,0,1,0,0,0,0,0,0
19.750000000000053,491,0,0,0,0,0,0,0,0,0,0
19.800000000000054,460,0,0,0,0,0,0,0,0,0,0
19.850000000000055,488,0,0,0,0,0,0,0,0,0,0
19.900000000000055,474,0,0,0,0,0,0,0,0,0,0
19.950000000000056,477,0,0,0,0,0,0,0,0,0,0
20.000000000000057,456,0,0,0,0,0,0,0,0,0,0
20.050000000000058,450,0,0,0,0,0,0,0,0,0,0
20.10000000000006,499,0,0,0,0,0,0,0,0,0,0
20.15000000000006,493,0,0,0,0,0,0,0,0,0,0
20.20000000000006,524,0,0,0,0,0,0,0,0,0,0
20.25000000000006,469,0,0,0,0,0,0,0,0,0,0
20.30000000000006,432,0,0,0,0,0,0,0,0,0,0
20.350000000000062,511,0,0,0,0,0,0,0,0,0,0
20.400000000000063,446,0,0,0,0,0,0,0,0,0,0
20.450000000000063,458,0,0,0,0,0,0,0,0,0,0
20.500000000000064,449,0,0,0,0,0,0,0,0,0,0
20.550000000000065,467,0,0,0,0,0,0,0,0,0,0
20.600000000000065,471,0,0,0,0,0,0,0,0,0,0
20.650000000000066,469,0,0,0,0,0,0,0,0,0,0
20.700000000000067,475,0,0,0,0,0,0,0,0,0,0
20.750000000000068,503,0,0,0,0,0,0,0,0,0,0
20.800000000000068,492,0,0,0,0,0,0,0,0,0,0
20.85000000000007,474,0,0,0,0,0,0,0,0,0,0
20.90000000000007,490,0,0,0,0,0,0,0,0,0,0
20.95000000000007,525,0,0,0,0,0,0,0,0,0,0
21.00000000000007,454,0,0,0,0,0,0,0,0,0,0
21.05000000000007,476,0,0,0,0,0,0,0,0,0,0
21.100000000000072,432,0,0,0,0,0,0,0,0,0,0
21.150000000000073,458,0,0,0,0,0,0,0,0,0,0
21.200000000000074,482,0,0,0,0,0,0,0,0,0,0
21.250000000000075,471,0,0,0,0,0,0,0,0,0,0
21.300000000000075,453,0,0,0,0,0,0,0,0,0,0
21.350000000000076,468,0,0,0,0,0,0,0,0,0,0
21.400000000000077,504,0,0,0,0,0,0,0,0,0,0
21.450000000000077,475,0,0,0,0,0,0,0,0,0,0
21.500000000000078,476,0,0,0,0,0,0,0,0,0,0
21.55000000000008,467,0,0,0,0,0,0,0,0,0,0
21.60000000000008,472,0,0,0,0,0,0,0,0,0,0
21.65000000000008,459,0,0,0,0,0,0,0,0,0,0
21.70000000000008,497,0,0,0,0,0,0,0,0,0,0
21.75000000000008,494,0,0,0,0,0,0,0,0,0,0
21.800000000000082,472,0,0,0,0,0,0,0,0,0,0
21.850000000000083,466,0,0,0,0,0,0,0,0,0,0
21.900000000000084,443,0,0,0,0,0,0,0,0,0,0
21.950000000000085,511,0,0,0,0,0,0,0,0,0,0
22.000000000000085,494,0,0,0,0,0,0,0,0,0,0
22.050000000000086,454,0,0,0,0,0,0,0,0,0,0
22.100000000000087,462,0,0,0,0,0,0,0,0,0,0
22.150000000000087,457,0,0,0,0,0,0,0,0,0,0
22.200000000000088,489,0,0,0,0,0,0,0,0,0,0
22.25000000000009,448,0,0,0,0,0,0,0,0,0,0
22.30000000000009,479,0,0,0,0,0,0,0,0,0,0
22.35000000000009,514,0,0,0,0,0,0,0,0,0,0
22.40000000000009,481,0,0,0,0,0,0,0,0,0,0
22.45000000000009,467,0,0,0,0,0,0,0,0,0,0
22.500000000000092,446,0,0,0,0,0,0,0,0,0,0
22.550000000000093,490,0,0,0,0,0,0,0,0,0,0
22.600000000000094,470,0,0,0,0,0,0,0,0,0,0
22.650000000000095,478,0,0,0,0,0,0,0,0,0,0
22.700000000000095,442,0,0,0,0,0,0,0,0,0,0
22.750000000000096,479,0,0,0,0,0,0,0,0,0,0
22.800000000000097,493,0,0,0,0,0,0,0,0,0,0
22.850000000000097,501,0,0,0,0,0,0,0,0,0,0
22.900000000000098,440,0,0,0,0,0,0,0,0,0,0
22.9500000000001,451,0,0,0,0,0,0,0,0,0,0
23.0000000000001,506,0,0,0,0,0,0,0,0,0,0
23.0500000000001,446,0,0,0,0,0,0,0,0,0,0
23.1000000000001,468,0,0,0,0,0,0,0,0,0,0
23.1500000000001,470,0,0,0,0,0,0,0,0,0,0
23.200000000000102,489,0,0,0,0,0,0,0,0,0,0
23.250000000000103,505,0,0,0,0,0,0,0,0,0,0
23.300000000000104,461,0,0,0,0,0,0,0,0,0,0
23.350000000000104,477,0,0,0,0,0,0,0,0,0,0
23.400000000000105,489,0,0,0,0,0,0,0,0,0,0
23.450000000000106,464,0,0,0,0,0,0,0,0,0,0
23.500000000000107,462,0,0,0,0,0,0,0,0,0,0
23.550000000000107,468,0,0,0,0,0,0,0,0,0,0
23.600000000000108,491,0,0,0,0,0,0,0,0,0,0
23.65000000000011,449,0,0,0,0,0,0,0,0,0,0
23.70000000000011,468,0,0,0,0,0,0,0,0,0,0
23.75000000000011,469,0,0,0,0,0,0,0,0,0,0
23.80000000000011,456,0,0,0,0,0,0,0,0,0,0
23.85000000000011,481,0,0,0,0,0,0,0,0,0,0
23.900000000000112,499,0,0,0,0,0,0,0,0,0,0
23.950000000000113,484,0,0,0,0,0,0,0,0,0,0
24.000000000000114,501,0,0,0,0,0,0,0,0,0,0
24.050000000000114,442,0,0,0,0,0,0,0,0,0,0
24.100000000000115,463,0,0,0,0,0,0,0,0,0,0
24.150000000000116,503,0,0,0,0,0,0,0,0,0,0
24.200000000000117,470,0,0,0,0,0,0,0,0,0,0
24.250000000000117,476,0,0,0,0,0,0,0,0,0,0
24.300000000000118,477,0,0,0,0,0,0,0,0,0,0
24.35000000000012,457,0,0,0,0,0,0,0,0,0,0
24.40000000000012,471,0,0,0,0,0,0,0,0,0,0
24.45000000000012,470,0,0,0,0,0,0,0,0,0,0
24.50000000000012,454,0,0,0,0,0,0,0,0,0,0
24.55000000000012,463,0,0,0,0,0,0,0,0,0,0
24.600000000000122,506,0,0,0,0,0,0,0,0,0,0
24.650000000000123,465,0,0,0,0,0,0,0,0,0,0
24.700000000000124,491,0,0,0,0,0,0,0,0,0,0
24.750000000000124,488,0,0,0,0,0,0,0,0,0,0
24.800000000000125,464,0,0,0,0,0,0,0,0,0,0
24.850000000000126,495,0,0,0,0,0,0,0,0,0,0
24.900000000000126,477,0,0,0,0,0,0,0,0,0,0
24.950000000000127,482,0,0,0,0,0,0,0,0,0,0
25.000000000000128,476,0,0,0,0,0,0,0,0,0,0
25.05000000000013,465,0,0,0,0,0,0,0,0,0,0
25.10000000000013,466,0,0,0,0,0,0,0,0,0,0
25.15000000000013,460,0,0,0,0,0,0,0,0,0,0
25.20000000000013,471,0,0,0,0,0,0,0,0,0,0
25.25000000000013,477,0,0,0,0,0,0,0,0,0,0
25.300000000000132,470,0,0,0,0,0,0,0,0,0,0
25.350000000000133,498,0,0,0,0,0,0,0,0,0,0
25.400000000000134,489,0,0,0,0,0,0,0,0,0,0
25.450000000000134,444,0,0,0,0,0,0,0,0,0,0
25.500000000000135,458,0,0,0,0,0,0,0,0,0,0
25.550000000000136,481,0,0,0,0,0,0,0,0,0,0
25.600000000000136,486,0,0,0,0,0,0,0,0,0,0
25.650000000000137,482,0,0,0,0,0,0,0,0,0,0
25.700000000000138,463,0,0,0,0,0,0,0,0,0,0
25.75000000000014,465,0,0,0,0,0,0,0,0,0,0
25.80000000000014,477,0,0,0,0,0,0,0,0,0,0
25.85000000000014,462,0,0,0,0,0,0,0,0,0,0
25.90000000000014,485,0,0,0,0,0,0,0,0,0,0
25.95000000000014,479,0,0,0,0,0,0,0,0,0,0
26.000000000000142,499,0,0,0,0,0,0,0,0,0,0
26.050000000000143,473,0,0,0,0,0,0,0,0,0,0
26.100000000000144,458,0,0,0,0,0,0,0,0,0,0
26.150000000000144,475,0,0,0,0,0,0,0,0,0,0
26.200000000000145,449,0,0,0,0,0,0,0,0,0,0
26.250000000000146,514,0,0,0,0,0,0,0,0,0,0
26.300000000000146,458,0,0,0,0,0,0,0,0,0,0
26.350000000000147,466,0,0,0,0,0,0,0,0,0,0
26.400000000000148,461,0,0,0,0,0,0,0,0,0,0
26.45000000000015,483,0,0,0,0,0,0,0,0,0,0
26.50000000000015,462,0,0,0,0,0,0,0,0,0,0
26.55000000000015,465,0,0,0,0,0,0,0,0,0,0
26.60000000000015,491,0,0,0,0,0,0,0,0,0,0
26.65000000000015,495,0,0,0,0,0,0,0,0,0,0
26.700000000000152,453,0,0,0,0,0,0,0,0,0,0
26.750000000000153,437,0,0,0,0,0,0,0,0,0,0
26.800000000000153,494,0,0,0,0,0,0,0,0,0,0
26.850000000000154,509,0,0,0,0,0,0,0,0,0,0
26.900000000000155,458,0,0,0,0,0,0,0,0,0,0
26.950000000000156,510,0,0,0,0,0,0,0,0,0,0
27.000000000000156,471,0,0,0,0,0,0,0,0,0,0
27.050000000000157,480,0,0,0,0,0,0,0,0,0,0
27.100000000000158,503,0,0,0,0,0,0,0,0,0,0
27.15000000000016,460,0,0,0,0,0,0,0,0,0,0
27.20000000000016,488,0,0,0,0,0,0,0,0,0,0
27.25000000000016,475,0,0,0,0,0,0,0,0,0,0
27.30000000000016,482,0,0,0,0,0,0,0,0,0,0
27.35000000000016,469,0,0,0,0,0,0,0,0,0,0
27.400000000000162,454,0,0,0,0,0,0,0,0,0,0
27.450000000000163,447,0,0,0,0,0,0,0,0,0,0
27.500000000000163,431,0,0,0,0,0,0,0,0,0,0
27.550000000000164,452,0,0,0,0,0,0,0,0,0,0
27.600000000000165,527,0,0,0,0,0,0,0,0,0,0
27.650000000000166,500,0,0,0,0,0,0,0,0,0,0
27.700000000000166,440,0,0,0,0,0,0,0,0,0,0
27.750000000000167,481,0,0,0,0,0,0,0,0,0,0
27.800000000000168,487,0,0,0,0,0,0,0,0,0,0
27.85000000000017,476,0,0,0,0,0,0,0,0,0,0
27.90000000000017,467,0,0,0,0,0,0,0,0,0,0
27.95000000000017,489,0,0,0,0,0,0,0,0,0,0
28.00000000000017,506,0,0,0,0,0,0,0,0,0,0
28.05000000000017,500,0,0,0,0,0,0,0,0,0,0
28.100000000000172,481,0,0,0,0,0,0,0,0,0,0
28.150000000000173,451,0,0,0,0,0,0,0,0,0,0
28.200000000000173,482,0,0,0,0,0,0,0,0,0,0
28.250000000000174,460,0,0,0,0,0,0,0,0,0,0
28.300000000000175,468,0,0,0,0,0,0,0,0,0,0
28.350000000000176,491,0,0,0,0,0,0,0,0,0,0
28.400000000000176,473,0,0,0,0,0,0,0,0,0,0
28.450000000000177,444,0,0,0,0,0,0,0,0,0,0
28.500000000000178,465,0,0,0,0,0,0,0,0,0,0
28.55000000000018,461,0,0,0,0,0,0,0,0,0,0
28.60000000000018,475,0,0,0,0,0,0,0,0,0,0
28.65000000000018,497,0,0,0,0,0,0,0,0,0,0
28.70000000000018,483,0,0,0,0,0,0,0,0,0,0
28.75000000000018,488,0,0,0,0,0,0,0,0,0,0
28.800000000000182,472,0,0,0,0,0,0,0,0,0,0
28.850000000000183,473,0,0,0,0,0,0,0,0,0,0
28.900000000000183,473,0,0,0,0,0,0,0,0,0,0
28.950000000000184,505,0,0,0,0,0,0,0,0,0,0
29.000000000000185,451,0,0,0,0,0,0,0,0,0,0
29.050000000000185,458,0,0,0,0,0,0,0,0,0,0
29.100000000000186,506,0,0,0,0,0,0,0,0,0,0
29.150000000000187,479,0,0,0,0,0,0,0,0,0,0
29.200000000000188,447,0,0,0,0,0,0,0,0,0,0
29.25000000000019,484,0,0,0,0,0,0,0,0,0,0
29.30000000000019,470,0,0,0,0,0,0,0,0,0,0
29.35000000000019,480,0,0,0,0,0,0,0,0,0,0
29.40000000000019,458,0,0,0,0,0,0,0,0,0,0
29.45000000000019,481,0,0,0,0,0,0,0,0,0,0
29.500000000000192,481,0,0,0,0,0,0,0,0,0,0
29.550000000000193,461,0,0,0,0,0,0,0,0,0,0
29.600000000000193,470,0,0,0,0,0,0,0,0,0,0
29.650000000000194,460,0,0,0,0,0,0,0,0,0,0
29.700000000000195,480,0,0,0,0,0,0,0,0,0,0
29.750000000000195,507,0,0,0,0,0,0,0,0,0,0
29.800000000000196,499,0,0,0,0,0,0,0,0,0,0
29.850000000000197,462,0,0,0,0,0,0,0,0,0,0
29.900000000000198,473,0,0,0,0,0,0,0,0,0,0
29.9500000000002,494,0,0,0,0,0,0,0,0,0,0
30.0000000000002,471,0,0,0,0,0,0,0,0,0,0
30.0500000000002,482,0,0,0,0,0,0,0,0,0,0
30.1000000000002,462,0,0,0,0,0,0,0,0,0,0
30.1500000000002,438,0,0,0,0,0,0,0,0,0,0
30.200000000000202,461,0,0,0,0,0,0,0,0,0,0
30.250000000000203,480,0,0,0,0,0,0,0,0,0,0
30.300000000000203,463,0,0,0,0,0,0,0,0,0,0
30.350000000000204,510,0,0,0,0,0,0,0,0,0,0
30.400000000000205,459,0,0,0,0,0,0,0,0,0,0
30.450000000000205,489,0,0,0,0,0,0,0,0,0,0
30.500000000000206,484,0,0,0,0,0,0,0,0,0,0
30.550000000000207,444,0,0,0,0,0,0,0,0,0,0
30.600000000000207,486,0,0,0,0,0,0,0,0,0,0
30.650000000000208,477,0,0,0,0,0,0,0,0,0,0
30.70000000000021,501,0,0,0,0,0,0,0,0,0,0
30.75000000000021,471,0,0,0,0,0,0,0,0,0,0
30.80000000000021,525,0,0,0,0,0,0,0,0,0,0
30.85000000000021,438,0,0,0,0,0,0,0,0,0,0
30.90000000000021,451,0,0,0,0,0,0,0,0,0,0
30.950000000000212,461,0,0,0,0,0,0,0,0,0,0
31.000000000000213,459,0,0,0,0,0,0,0,0,0,0
31.050000000000214,428,0,0,0,0,0,0,0,0,0,0
31.100000000000215,489,0,0,0,0,0,0,0,0,0,0
31.150000000000215,474,0,0,0,0,0,0,0,0,0,0
31.200000000000216,502,0,0,0,0,0,0,0,0,0,0
31.250000000000217,500,0,0,0,0,0,0,0,0,0,0
31.300000000000217,507,0,0,0,0,0,0,0,0,0,0
31.350000000000218,496,0,0,0,0,0,0,0,0,0,0
31.40000000000022,427,0,0,0,0,0,0,0,0,0,0
31.45000000000022,508,0,0,0,0,0,0,0,0,0,0
31.50000000000022,447,0,0,0,0,0,0,0,0,0,0
31.55000000000022,496,0,0,0,0,0,0,0,0,0,0
31.60000000000022,482,0,0,0,0,0,0,0,0,0,0
31.650000000000222,451,0,0,0,0,0,0,0,0,0,0
31.700000000000223,457,0,0,0,0,0,0,0,0,0,0
31.750000000000224,462,0,0,0,0,0,0,0,0,0,0
31.800000000000225,474,0,0,0,0,0,0,0,0,0,0
31.850000000000225,462,0,0,0,0,0,0,0,0,0,0
31.900000000000226,457,0,0,0,0,0,0,0,0,0,0
31.950000000000227,503,0,0,0,0,0,0,0,0,0,0
32.00000000000023,457,0,0,0,0,0,0,0,0,0,0
32.050000000000225,471,0,0,0,0,0,0,0,0,0,0
32.10000000000022,469,0,0,0,0,0,0,0,0,0,0
32.15000000000022,490,0,0,0,0,0,0,0,0,0,0
32.200000000000216,508,0,0,0,0,0,0,0,0,0,0
32.25000000000021,487,0,0,0,0,0,0,0,0,0,0
32.30000000000021,505,0,0,0,0,0,0,0,0,0,0
32.35000000000021,483,0,0,0,0,0,0,0,0,0,0
32.400000000000205,448,0,0,0,0,0,0,0,0,0,0
32.4500000000002,494,0,0,0,0,0,0,0,0,0,0
32.5000000000002,469,0,0,0,0,0,0,0,0,0,0
32.550000000000196,432,0,0,0,0,0,0,0,0,0,0
32.60000000000019,437,0,0,0,0,0,0,0,0,0,0
32.65000000000019,352,0,0,0,0,0,0,0,0,0,0
32.70000000000019,344,0,0,0,0,0,0,0,0,0,0
32.750000000000185,282,0,0,0,0,0,0,0,0,0,0
32.80000000000018,200,0,0,0,0,0,0,0,0,0,0
32.85000000000018,134,0,0,0,0,0,0,0,0,0,0
32.900000000000176,99,0,0,0,0,0,0,0,0,0,0
32.95000000000017,35,0,0,0,0,0,0,0,0,0,0
33.00000000000017,0,0,0,0,0,0,0,0,0,0,0
33.05000000000017,0,0,0,0,0,0,0,0,0,0,0
33.100000000000165,0,0,0,0,0,0,0,0,0,0,0
33.15000000000016,0,0,0,0,0,0,0,0,0,0,0
33.20000000000016,0,0,0,0,0,0,0,0,0,0,0
33.250000000000156,0,0,0,0,0,0,0,0,0,0,0
33.30000000000015,0,0,0,0,0,0,0,0,0,0,0
33.35000000000015,0,0,0,0,0,0,0,0,0,0,0
33.40000000000015,0,0,0,0,0,0,0,0,0,0,0
33.450000000000145,0,0,0,0,0,0,0,0,0,0,0
33.50000000000014,0,0,0,0,0,0,0,0,0,0,0
33.55000000000014,0,0,0,0,0,0,0,0,0,0,0
33.600000000000136,0,0,0,0,0,0,0,0,0,0,0
33.650000000000134,0,0,0,0,0,0,0,0,0,0,0
33.70000000000013,0,0,0,0,0,0,0,0,0,0,0
33.75000000000013,0,0,0,0,0,0,0,0,0,0,0
33.800000000000125,0,0,0,0,0,0,0,0,0,0,0
33.85000000000012,0,0,0,0,0,0,0,0,0,0,0
33.90000000000012,0,0,0,0,0,0,0,0,0,0,0
33.95000000000012,0,0,0,0,0,0,0,0,0,0,0
34.000000000000114,0,0,0,0,0,0,0,0,0,0,0
34.05000000000011,0,0,0,0,0,0,0,0,0,0,0
34.10000000000011,0,0,0,0,0,0,0,0,0,0,0
34.150000000000105,0,0,0,0,0,0,0,0,0,0,0
34.2000000000001,0,0,0,0,0,0,0,0,0,0,0
34.2500000000001,0,0,0,0,0,0,0,0,0,0,0
34.3000000000001,0,0,0,0,0,0,0,0,0,0,0
34.350000000000094,0,0,0,0,0,0,0,0,0,0,0
34.40000000000009,0,0,0,0,0,0,0,0,0,0,0
34.45000000000009,0,0,0,0,0,0,0,0,0,0,0
34.500000000000085,0,0,0,0,0,0,0,0,0,0,0
34.55000000000008,0,0,0,0,0,0,0,0,0,0,0
34.60000000000008,0,0,0,0,0,0,0,0,0,0,0
34.65000000000008,0,0,0,0,0,0,0,0,0,0,0
34.700000000000074,0,0,0,0,0,0,0,0,0,0,0
34.75000000000007,0,0,0,0,0,0,0,0,0,0,0
34.80000000000007,0,0,0,0,0,0,0,0,0,0,0
34.850000000000065,0,0,0,0,0,0,0,0,0,0,0
34.90000000000006,0,0,0,0,0,0,0,0,0,0,0
34.95000000000006,0,0,0,0,0,0,0,0,0,0,0
35.00000000000006,0,0,0,0,0,0,0,0,0,0,0
35.050000000000054,0,0,0,0,0,0,0,0,0,0,0
35.10000000000005,0,0,0,0,0,0,0,0,0,0,0
35.15000000000005,0,0,0,0,0,0,0,0,0,0,0
35.200000000000045,0,0,0,0,0,0,0,0,0,0,0
35.25000000000004,0,0,0,0,0,0,0,0,0,0,0
35.30000000000004,0,0,0,0,0,0,0,0,0,0,0
35.35000000000004,0,0,0,0,0,0,0,0,0,0,0
35.400000000000034,0,0,0,0,0,0,0,0,0,0,0
35.45000000000003,0,0,0,0,0,0,0,0,0,0,0
35.50000000000003,0,0,0,0,0,0,0,0,0,0,0
35.550000000000026,0,0,0,0,0,0,0,0,0,0,0
35.60000000000002,0,0,0,0,0,0,0,0,0,0,0
35.65000000000002,0,0,0,0,0,0,0,0,0,0,0
35.70000000000002,0,0,0,0,0,0,0,0,0,0,0
35.750000000000014,0,0,0,0,0,0,0,0,0,0,0
35.80000000000001,0,0,0,0,0,0,0,0,0,0,0
35.85000000000001,0,0,0,0,0,0,0,0,0,0,0
35.900000000000006,0,0,0,0,0,0,0,0,0,0,0
35.95,0,0,0,0,0,0,0,0,0,0,0
36.0,0,0,0,0,0,0,0,0,0,0,0
36.05,0,0,0,0,0,0,0,0,0,0,0
36.099999999999994,0,0,0,0,0,0,0,0,0,0,0
36.14999999999999,0,0,0,0,0,0,0,0,0,0,0
36.19999999999999,0,0,0,0,0,0,0,0,0,0,0
36.249999999999986,0,0,0,0,0,0,0,0,0,0,0
36.29999999999998,0,0,0,0,0,0,0,0,0,0,0
36.34999999999998,0,0,0,0,0,0,0,0,0,0,0
36.39999999999998,0,0,0,0,0,0,0,0,0,0,0
36.449999999999974,0,0,0,0,0,0,0,0,0,0,0
36.49999999999997,0,0,0,0,0,0,0,0,0,0,0
36.54999999999997,0,0,0,0,0,0,0,0,0,0,0
36.599999999999966,0,0,0,0,0,0,0,0,0,0,0
36.64999999999996,0,0,0,0,0,0,0,0,0,0,0
36.69999999999996,0,0,0,0,0,0,0,0,0,0,0
36.74999999999996,0,0,0,0,0,0,0,0,0,0,0
36.799999999999955,0,0,0,0,0,0,0,0,0,0,0
36.84999999999995,0,0,0,0,0,0,0,0,0,0,0
36.89999999999995,0,0,0,0,0,0,0,0,0,0,0
36.949999999999946,0,0,0,0,0,0,0,0,0,0,0
36.99999999999994,0,0,0,0,0,0,0,0,0,0,0
37.04999999999994,0,0,0,0,0,0,0,0,0,0,0
37.09999999999994,0,0,0,0,0,0,0,0,0,0,0
37.149999999999935,0,0,0,0,0,0,0,0,0,0,0
37.19999999999993,0,0,0,0,0,0,0,0,0,0,0
37.24999999999993,0,0,0,0,0,0,0,0,0,0,0
37.299999999999926,0,0,0,0,0,0,0,0,0,0,0
37.34999999999992,0,0,0,0,0,0,0,0,0,0,0
37.39999999999992,0,0,0,0,0,0,0,0,0,0,0
37.44999999999992,0,0,0,0,0,0,0,0,0,0,0
37.499999999999915,0,0,0,0,0,0,0,0,0,0,0
37.54999999999991,0,0,0,0,0,0,0,0,0,0,0
37.59999999999991,0,0,0,0,0,0,0,0,0,0,0
37.649999999999906,0,0,0,0,0,0,0,0,0,0,0
37.6999999999999,0,0,0,0,0,0,0,0,0,0,0
37.7499999999999,0,0,0,0,0,0,0,0,0,0,0
37.7999999999999,0,0,0,0,0,0,0,0,0,0,0
37.849999999999895,0,0,0,0,0,0,0,0,0,0,0
37.89999999999989,0,0,0,0,0,0,0,0,0,0,0
37.94999999999989,0,0,0,0,0,0,0,0,0,0,0
37.999999999999886,0,0,0,0,0,0,0,0,0,0,0
38.04999999999988,0,0,0,0,0,0,0,0,0,0,0
38.09999999999988,0,0,0,0,0,0,0,0,0,0,0
38.14999999999988,0,0,0,0,0,0,0,0,0,0,0
38.199999999999875,0,0,0,0,0,0,0,0,0,0,0
38.24999999999987,0,0,0,0,0,0,0,0,0,0,0
38.29999999999987,0,0,0,0,0,0,0,0,0,0,0
38.349999999999866,0,0,0,0,0,0,0,0,0,0,0
38.399999999999864,0,0,0,0,0,0,0,0,0,0,0
38.44999999999986,0,0,0,0,0,0,0,0,0,0,0
38.49999999999986,0,0,0,0,0,0,0,0,0,0,0
38.549999999999855,0,0,0,0,0,0,0,0,0,0,0
38.59999999999985,0,0,0,0,0,0,0,0,0,0,0
38.64999999999985,0,0,0,0,0,0,0,0,0,0,0
38.69999999999985,0,0,0,0,0,0,0,0,0,0,0
38.749999999999844,0,0,0,0,0,0,0,0,0,0,0
38.79999999999984,0,0,0,0,0,0,0,0,0,0,0
38.84999999999984,0,0,0,0,0,0,0,0,0,0,0
38.899999999999835,0,0,0,0,0,0,0,0,0,0,0
38.94999999999983,0,0,0,0,0,0,0,0,0,0,0
38.99999999999983,0,0,0,0,0,0,0,0,0,0,0
39.04999999999983,0,0,0,0,0,0,0,0,0,0,0
39.099999999999824,0,0,0,0,0,0,0,0,0,0,0
39.14999999999982,0,0,0,0,0,0,0,0,0,0,0
39.19999999999982,0,0,0,0,0,0,0,0,0,0,0
39.249999999999815,0,0,0,0,0,0,0,0,0,0,0
39.29999999999981,0,0,0,0,0,0,0,0,0,0,0
39.34999999999981,0,0,0,0,0,0,0,0,0,0,0
39.39999999999981,0,0,0,0,0,0,0,0,0,0,0
39.449999999999804,0,0,0,0,0,0,0,0,0,0,0
39.4999999999998,0,0,0,0,0,0,0,0,0,0,0
39.5499999999998,0,0,0,0,0,0,0,0,0,0,0
39.599999999999795,0,0,0,0,0,0,0,0,0,0,0
39.64999999999979,0,0,0,0,0,0,0,0,0,0,0
39.69999999999979,0,0,0,0,0,0,0,0,0,0,0
39.74999999999979,0,0,0,0,0,0,0,0,0,0,0
39.799999999999784,0,0,0,0,0,0,0,0,0,0,0
39.84999999999978,0,0,0,0,0,0,0,0,0,0,0
39.89999999999978,0,0,0,0,0,0,0,0,0,0,0
39.949999999999775,0,0,0,0,0,0,0,0,0,0,0
39.99999999999977,0,0,0,0,0,0,0,0,0,0,0
40.04999999999977,0,0,0,0,0,0,0,0,0,0,0
40.09999999999977,0,0,0,0,0,0,0,0,0,0,0
40.149999999999764,0,0,0,0,0,0,0,0,0,0,0
40.19999999999976,0,0,0,0,0,0,0,0,0,0,0
40.24999999999976,0,0,0,0,0,0,0,0,0,0,0
40.299999999999756,0,0,0,0,0,0,0,0,0,0,0
40.34999999999975,0,0,0,0,0,0,0,0,0,0,0
40.39999999999975,0,0,0,0,0,0,0,0,0,0,0
40.44999999999975,0,0,0,0,0,0,0,0,0,0,0
40.499999999999744,0,0,0,0,0,0,0,0,0,0,0
40.54999999999974,0,0,0,0,0,0,0,0,0,0,0
40.59999999999974,0,0,0,0,0,0,0,0,0,0,0
40.649999999999736,0,0,0,0,0,0,0,0,0,0,0
40.69999999999973,0,0,0,0,0,0,0,0,0,0,0
40.74999999999973,0,0,0,0,0,0,0,0,0,0,0
40.79999999999973,0,0,0,0,0,0,0,0,0,0,0
40.849999999999724,0,0,0,0,0,0,0,0,0,0,0
40.89999999999972,0,0,0,0,0,0,0,0,0,0,0
40.94999999999972,0,0,0,0,0,0,0,0,0,0,0
40.999999999999716,0,0,0,0,0,0,0,0,0,0,0
41.04999999999971,0,0,0,0,0,0,0,0,0,0,0
41.09999999999971,0,0,0,0,0,0,0,0,0,0,0
41.14999999999971,0,0,0,0,0,0,0,0,0,0,0
41.199999999999704,0,0,0,0,0,0,0,0,0,0,0
41.2499999999997,0,0,0,0,0,0,0,0,0,0,0
41.2999999999997,0,0,0,0,0,0,0,0,0,0,0
41.349999999999696,0,0,0,0,0,0,0,0,0,0,0
41.39999999999969,0,0,0,0,0,0,0,0,0,0,0
41.44999999999969,0,0,0,0,0,0,0,0,0,0,0
41.49999999999969,0,0,0,0,0,0,0,0,0,0,0
41.549999999999685,0,0,0,0,0,0,0,0,0,0,0
