*****
32,0.05,1000,0,1,10,100,0.39276599448899996,0.0426836366557
32,1000,1000,1000,995,1000,0,0,0,0,0,0
32.05,965,965,965,957,965,0,0,0,0,0,0
32.099999999999994,1068,1068,1068,1060,1068,0,0,0,0,0,0
32.14999999999999,957,957,957,948,957,0,0,0,0,0,0
32.19999999999999,980,980,980,972,980,0,0,0,0,0,0
32.249999999999986,1042,1042,1042,1033,1042,0,0,0,0,0,0
32.29999999999998,1021,1021,1021,1018,1021,0,0,0,0,0,0
32.34999999999998,1025,1025,1025,1020,1025,0,0,0,0,0,0
32.39999999999998,1006,1006,1006,996,1006,0,0,0,0,0,0
32.449999999999974,1003,1003,1003,993,1003,0,0,0,0,0,0
32.49999999999997,1001,1001,1001,998,1001,0,0,0,0,0,0
32.54999999999997,993,993,993,987,993,0,0,0,0,0,0
32.599999999999966,1036,1036,1036,1028,1036,0,0,0,0,0,0
32.64999999999996,977,977,977,972,977,0,0,0,0,0,0
32.69999999999996,973,973,973,962,973,0,0,0,0,0,0
32.74999999999996,961,961,961,952,961,0,0,0,0,0,0
32.799999999999955,1078,1078,1078,1074,1078,0,0,0,0,0,0
32.84999999999995,931,931,931,922,931,0,0,0,0,0,0
32.89999999999995,978,978,978,964,978,0,0,0,0,0,0
32.949999999999946,1066,1066,1066,1050,1066,0,0,0,0,0,0
32.99999999999994,994,994,994,976,994,0,0,0,0,0,0
33.04999999999994,1040,1040,1040,1018,1040,0,0,0,0,0,0
33.09999999999994,1066,1066,1066,1045,1066,0,0,0,0,0,0
33.149999999999935,1037,1037,1037,1007,1037,0,0,0,0,0,0
33.19999999999993,1010,1010,1010,988,1010,0,0,0,0,0,0
33.24999999999993,1022,1022,1022,1001,1022,0,0,0,0,0,0
33.299999999999926,958,958,958,935,958,0,0,0,0,0,0
33.34999999999992,1046,1046,1046,1001,1046,0,0,0,0,0,0
33.39999999999992,985,985,985,945,985,0,0,0,0,0,0
33.44999999999992,994,994,994,966,994,0,0,0,0,0,0
33.499999999999915,986,986,986,948,986,0,0,0,0,0,0
33.54999999999991,995,995,995,954,995,0,0,0,0,0,0
33.59999999999991,957,957,957,914,957,0,0,0,0,0,0
33.649999999999906,953,953,953,908,953,0,0,0,0,0,0
33.6999999999999,980,980,980,937,980,0,0,0,0,0,0
33.7499999999999,998,998,997,946,998,0,0,0,0,0,0
33.7999999999999,992,992,992,945,992,0,0,0,0,0,0
33.849999999999895,1052,1052,1052,1000,1052,0,0,0,0,0,0
33.89999999999989,1023,1023,1023,973,1023,0,0,0,0,0,0
33.94999999999989,960,960,960,898,960,0,0,0,0,0,0
33.999999999999886,1003,1003,1003,934,1003,0,0,0,0,0,0
34.04999999999988,1059,1058,1058,979,1059,0,0,0,0,0,0
34.09999999999988,1033,1033,1033,967,1033,0,0,0,0,0,0
34.14999999999988,979,977,978,916,979,0,0,0,0,0,0
34.199999999999875,962,962,962,884,962,0,0,0,0,0,0
34.24999999999987,963,962,962,901,962,0,0,0,0,0,0
34.29999999999987,1032,1029,1028,947,1030,0,0,0,0,0,0
34.349999999999866,1025,1025,1022,949,1025,0,0,0,0,0,0
34.399999999999864,1027,1026,1025,936,1026,0,0,0,0,0,0
34.44999999999986,1008,1008,1005,936,1008,0,0,0,0,0,0
34.49999999999986,1029,1027,1026,926,1028,0,0,0,0,0,0
34.549999999999855,1021,1021,1019,926,1021,0,0,0,0,0,0
34.59999999999985,982,981,978,900,982,0,0,0,0,0,0
34.64999999999985,977,976,973,881,977,0,0,0,0,0,0
34.69999999999985,1037,1034,1033,924,1035,0,0,0,0,0,0
34.749999999999844,1025,1021,1020,931,1023,0,0,0,0,0,0
34.79999999999984,988,981,982,865,985,0,0,0,0,0,0
34.84999999999984,980,975,974,874,978,0,0,0,0,0,0
34.899999999999835,1028,1025,1024,915,1027,0,0,0,0,0,0
34.94999999999983,1011,1009,1003,897,1011,0,0,0,0,0,0
34.99999999999983,1002,995,992,877,999,0,0,0,0,0,0
35.04999999999983,991,983,978,877,988,0,0,0,0,0,0
35.099999999999824,952,945,942,848,950,0,0,0,0,0,0
35.14999999999982,999,994,989,872,997,0,0,0,0,0,0
35.19999999999982,969,966,960,831,966,0,0,0,0,0,0
35.249999999999815,1035,1021,1014,889,1026,0,0,0,0,0,0
35.29999999999981,1044,1037,1024,886,1040,0,0,0,0,0,0
35.34999999999981,1031,1009,1005,902,1017,0,0,0,0,0,0
35.39999999999981,1005,991,980,862,994,0,0,0,0,0,0
35.449999999999804,1017,1000,988,851,1005,0,0,0,0,0,0
35.4999999999998,1038,1022,1005,903,1027,0,0,0,0,0,0
35.5499999999998,1004,980,967,859,987,0,0,0,0,0,0
35.599999999999795,1036,1018,1000,867,1029,0,0,0,0,0,0
35.64999999999979,1022,999,974,834,1006,0,0,0,0,0,0
35.69999999999979,984,954,937,847,962,0,0,0,0,0,0
35.74999999999979,1020,991,971,838,1001,0,0,0,0,0,0
35.799999999999784,973,940,905,803,950,0,0,0,0,0,0
35.84999999999978,970,935,918,814,953,0,0,0,0,0,0
35.89999999999978,974,925,906,782,941,0,0,0,0,0,0
35.949999999999775,979,933,899,794,947,0,0,0,0,0,0
35.99999999999977,999,945,931,806,962,0,0,0,0,0,0
36.04999999999977,1013,954,923,813,967,0,0,0,0,0,0
36.09999999999977,998,944,908,803,957,0,0,0,0,0,0
36.149999999999764,929,856,822,727,877,0,0,0,0,0,0
36.19999999999976,1035,963,925,837,988,0,0,0,0,0,0
36.24999999999976,966,892,871,770,922,0,0,0,0,0,0
36.299999999999756,1022,926,896,797,954,0,0,0,0,0,0
36.34999999999975,1004,935,876,779,946,0,0,0,0,0,0
36.39999999999975,989,892,852,763,916,0,0,0,0,0,0
36.44999999999975,966,852,806,750,880,0,0,0,0,0,0
36.499999999999744,881,773,731,662,806,0,0,0,0,0,0
36.54999999999974,973,840,798,742,867,0,0,0,0,0,0
36.59999999999974,966,817,757,704,859,0,0,0,0,0,0
36.649999999999736,946,807,752,703,841,0,0,0,0,0,0
36.69999999999973,922,794,749,716,827,0,0,0,0,0,0
36.74999999999973,890,779,728,656,806,0,0,0,0,0,0
36.79999999999973,940,773,707,697,814,0,0,0,0,0,0
36.849999999999724,914,754,706,671,798,0,0,0,0,0,0
36.89999999999972,962,787,725,698,841,0,0,0,0,0,0
36.94999999999972,907,735,665,653,773,0,0,0,0,0,0
36.999999999999716,956,746,680,676,792,0,0,0,0,0,0
37.04999999999971,896,712,631,639,750,0,0,0,0,0,0
37.09999999999971,910,677,618,650,743,0,0,0,0,0,0
37.14999999999971,833,625,579,597,681,0,0,0,0,0,0
37.199999999999704,859,637,578,597,694,0,0,0,0,0,0
37.2499999999997,839,622,569,546,678,0,0,0,0,0,0
37.2999999999997,860,613,545,570,684,0,0,0,0,0,0
37.349999999999696,857,605,555,558,658,0,0,0,0,0,0
37.39999999999969,847,595,516,527,635,0,0,0,0,0,0
37.44999999999969,816,541,492,514,591,0,0,0,0,0,0
37.49999999999969,792,542,484,507,581,0,0,0,0,0,0
37.549999999999685,744,504,426,484,563,0,0,0,0,0,0
37.59999999999968,780,512,456,505,569,0,0,0,0,0,0
37.64999999999968,802,526,465,528,584,0,0,0,0,0,0
37.699999999999676,701,423,380,421,475,0,0,0,0,0,0
37.74999999999967,680,428,360,401,467,0,0,0,0,0,0
37.79999999999967,734,428,380,438,493,0,0,0,0,0,0
37.84999999999967,676,408,344,413,462,0,0,0,0,0,0
37.899999999999665,698,410,354,424,458,0,0,0,0,0,0
37.94999999999966,685,374,312,414,429,0,0,0,0,0,0
37.99999999999966,638,385,349,384,437,0,0,0,0,0,0
38.049999999999656,657,355,306,363,406,0,0,0,0,0,0
38.09999999999965,628,356,296,360,385,0,0,0,0,0,0
38.14999999999965,612,324,278,358,360,0,0,0,0,0,0
38.19999999999965,554,269,223,307,311,0,0,0,0,0,0
38.249999999999645,552,268,232,299,323,0,0,0,0,0,0
38.29999999999964,568,256,223,288,299,0,0,0,0,0,0
38.34999999999964,524,268,217,285,301,0,0,0,0,0,0
38.399999999999636,519,242,209,275,290,0,0,0,0,0,0
38.44999999999963,472,219,181,253,251,0,0,0,0,0,0
38.49999999999963,489,205,167,225,242,0,0,0,0,0,0
38.54999999999963,431,203,172,230,229,0,0,0,0,0,0
38.599999999999625,448,181,157,244,221,0,0,0,0,0,0
38.64999999999962,439,186,149,210,213,0,0,0,0,0,0
38.69999999999962,391,152,131,183,185,0,0,0,0,0,0
38.749999999999616,416,185,144,202,210,0,0,0,0,0,0
38.79999999999961,375,141,109,171,161,0,0,0,0,0,0
38.84999999999961,359,140,113,160,165,0,0,0,0,0,0
38.89999999999961,305,113,88,133,134,0,0,0,0,0,0
38.949999999999605,349,129,100,160,150,0,0,0,0,0,0
38.9999999999996,316,124,100,160,151,0,0,0,0,0,0
39.0499999999996,297,119,90,136,144,0,0,0,0,0,0
39.099999999999596,265,89,70,106,114,0,0,0,0,0,0
39.149999999999594,277,103,82,129,124,0,0,0,0,0,0
39.19999999999959,274,90,66,130,115,0,0,0,0,0,0
39.24999999999959,269,91,64,113,107,0,0,0,0,0,0
39.299999999999585,235,76,60,109,103,0,0,0,0,0,0
39.34999999999958,198,64,48,91,82,0,0,0,0,0,0
39.39999999999958,203,58,50,70,71,0,0,0,0,0,0
39.44999999999958,182,55,39,73,65,0,0,0,0,0,0
39.499999999999574,191,61,46,83,74,0,0,0,0,0,0
39.54999999999957,179,41,31,64,52,0,0,0,0,0,0
39.59999999999957,151,40,26,65,57,0,0,0,0,0,0
39.649999999999565,122,36,22,51,40,0,0,0,0,0,0
39.69999999999956,155,32,26,47,42,0,0,0,0,0,0
39.74999999999956,151,36,29,59,47,0,0,0,0,0,0
39.79999999999956,130,25,22,54,37,0,0,0,0,0,0
39.849999999999554,126,32,22,50,37,0,0,0,0,0,0
39.89999999999955,116,26,13,35,37,0,0,0,0,0,0
39.94999999999955,112,29,20,41,39,0,0,0,0,0,0
39.999999999999545,108,29,23,39,35,0,0,0,0,0,0
40.04999999999954,102,28,19,42,33,0,0,0,0,0,0
40.09999999999954,80,19,13,29,22,0,0,0,0,0,0
40.14999999999954,74,18,13,36,28,0,0,0,0,0,0
40.199999999999534,68,16,10,29,19,0,0,0,0,0,0
40.24999999999953,55,9,11,18,13,0,0,0,0,0,0
40.29999999999953,61,18,15,21,22,0,0,0,0,0,0
40.349999999999525,63,10,11,19,12,0,0,0,0,0,0
40.39999999999952,53,8,3,14,14,0,0,0,0,0,0
40.44999999999952,51,5,4,15,9,0,0,0,0,0,0
40.49999999999952,39,4,3,6,6,0,0,0,0,0,0
40.549999999999514,39,7,3,12,9,0,0,0,0,0,0
40.59999999999951,41,9,5,17,13,0,0,0,0,0,0
40.64999999999951,33,3,2,8,3,0,0,0,0,0,0
40.699999999999505,39,8,5,14,11,0,0,0,0,0,0
40.7499999999995,26,1,2,7,4,0,0,0,0,0,0
40.7999999999995,27,9,2,10,9,0,0,0,0,0,0
40.8499999999995,25,6,4,5,6,0,0,0,0,0,0
40.899999999999494,12,2,2,3,3,0,0,0,0,0,0
40.94999999999949,16,3,3,5,4,0,0,0,0,0,0
40.99999999999949,13,5,5,6,6,0,0,0,0,0,0
41.049999999999486,23,6,2,6,6,0,0,0,0,0,0
41.09999999999948,16,2,3,7,4,0,0,0,0,0,0
41.14999999999948,8,1,1,3,2,0,0,0,0,0,0
41.19999999999948,16,3,1,4,3,0,0,0,0,0,0
41.249999999999474,14,1,1,1,1,0,0,0,0,0,0
41.29999999999947,14,3,1,5,4,0,0,0,0,0,0
41.34999999999947,9,1,1,1,2,0,0,0,0,0,0
41.399999999999466,2,1,0,0,1,0,0,0,0,0,0
41.44999999999946,11,0,1,2,2,0,0,0,0,0,0
41.49999999999946,5,0,0,2,1,0,0,0,0,0,0
41.54999999999946,8,1,1,1,1,0,0,0,0,0,0
41.599999999999454,4,1,0,0,1,0,0,0,0,0,0
41.64999999999945,2,1,1,1,1,0,0,0,0,0,0
41.69999999999945,3,0,0,1,0,0,0,0,0,0,0
41.749999999999446,2,1,0,1,1,0,0,0,0,0,0
41.79999999999944,8,0,0,0,0,0,0,0,0,0,0
41.84999999999944,5,1,0,1,1,0,0,0,0,0,0
41.89999999999944,4,0,0,0,0,0,0,0,0,0,0
41.949999999999434,4,1,0,4,2,0,0,0,0,0,0
41.99999999999943,3,1,0,1,1,0,0,0,0,0,0
42.04999999999943,1,0,0,0,0,0,0,0,0,0,0
42.099999999999426,4,0,0,0,0,0,0,0,0,0,0
42.14999999999942,1,0,0,0,0,0,0,0,0,0,0
42.19999999999942,1,0,0,1,0,0,0,0,0,0,0
42.24999999999942,1,0,0,0,0,0,0,0,0,0,0
42.299999999999415,2,0,0,0,0,0,0,0,0,0,0
42.34999999999941,1,0,0,0,0,0,0,0,0,0,0
42.39999999999941,1,0,0,0,0,0,0,0,0,0,0
42.449999999999406,1,0,0,0,0,0,0,0,0,0,0
42.4999999999994,0,0,0,0,0,0,0,0,0,0,0
42.5499999999994,0,0,0,0,0,0,0,0,0,0,0
42.5999999999994,0,0,0,0,0,0,0,0,0,0,0
42.649999999999395,0,0,0,0,0,0,0,0,0,0,0
42.69999999999939,1,0,0,0,0,0,0,0,0,0,0
42.74999999999939,0,0,0,0,0,0,0,0,0,0,0
42.799999999999386,0,0,0,0,0,0,0,0,0,0,0
42.84999999999938,1,0,0,0,0,0,0,0,0,0,0
42.89999999999938,1,0,0,0,0,0,0,0,0,0,0
42.94999999999938,0,0,0,0,0,0,0,0,0,0,0
42.999999999999375,0,0,0,0,0,0,0,0,0,0,0
43.04999999999937,0,0,0,0,0,0,0,0,0,0,0
43.09999999999937,0,0,0,0,0,0,0,0,0,0,0
43.149999999999366,0,0,0,0,0,0,0,0,0,0,0
43.19999999999936,0,0,0,0,0,0,0,0,0,0,0
43.24999999999936,0,0,0,0,0,0,0,0,0,0,0
43.29999999999936,0,0,0,0,0,0,0,0,0,0,0
43.349999999999355,0,0,0,0,0,0,0,0,0,0,0
43.39999999999935,0,0,0,0,0,0,0,0,0,0,0
43.44999999999935,0,0,0,0,0,0,0,0,0,0,0
43.499999999999346,0,0,0,0,0,0,0,0,0,0,0
43.54999999999934,0,0,0,0,0,0,0,0,0,0,0
43.59999999999934,0,0,0,0,0,0,0,0,0,0,0
43.64999999999934,0,0,0,0,0,0,0,0,0,0,0
43.699999999999335,0,0,0,0,0,0,0,0,0,0,0
43.74999999999933,0,0,0,0,0,0,0,0,0,0,0
43.79999999999933,0,0,0,0,0,0,0,0,0,0,0
43.849999999999326,0,0,0,0,0,0,0,0,0,0,0
43.899999999999324,0,0,0,0,0,0,0,0,0,0,0
43.94999999999932,0,0,0,0,0,0,0,0,0,0,0
43.99999999999932,0,0,0,0,0,0,0,0,0,0,0
44.049999999999315,0,0,0,0,0,0,0,0,0,0,0
44.09999999999931,0,0,0,0,0,0,0,0,0,0,0
44.14999999999931,0,0,0,0,0,0,0,0,0,0,0
44.19999999999931,0,0,0,0,0,0,0,0,0,0,0
44.249999999999304,0,0,0,0,0,0,0,0,0,0,0
44.2999999999993,0,0,0,0,0,0,0,0,0,0,0
44.3499999999993,0,0,0,0,0,0,0,0,0,0,0
44.399999999999295,0,0,0,0,0,0,0,0,0,0,0
44.44999999999929,0,0,0,0,0,0,0,0,0,0,0
44.49999999999929,0,0,0,0,0,0,0,0,0,0,0
44.54999999999929,0,0,0,0,0,0,0,0,0,0,0
44.599999999999284,0,0,0,0,0,0,0,0,0,0,0
44.64999999999928,0,0,0,0,0,0,0,0,0,0,0
44.69999999999928,0,0,0,0,0,0,0,0,0,0,0
44.749999999999275,0,0,0,0,0,0,0,0,0,0,0
44.79999999999927,0,0,0,0,0,0,0,0,0,0,0
44.84999999999927,0,0,0,0,0,0,0,0,0,0,0
44.89999999999927,0,0,0,0,0,0,0,0,0,0,0
44.949999999999264,0,0,0,0,0,0,0,0,0,0,0
44.99999999999926,0,0,0,0,0,0,0,0,0,0,0
45.04999999999926,0,0,0,0,0,0,0,0,0,0,0
45.099999999999255,0,0,0,0,0,0,0,0,0,0,0
45.14999999999925,0,0,0,0,0,0,0,0,0,0,0
45.19999999999925,0,0,0,0,0,0,0,0,0,0,0
45.24999999999925,0,0,0,0,0,0,0,0,0,0,0
45.299999999999244,0,0,0,0,0,0,0,0,0,0,0
45.34999999999924,0,0,0,0,0,0,0,0,0,0,0
45.39999999999924,0,0,0,0,0,0,0,0,0,0,0
45.449999999999235,0,0,0,0,0,0,0,0,0,0,0
45.49999999999923,0,0,0,0,0,0,0,0,0,0,0
45.54999999999923,0,0,0,0,0,0,0,0,0,0,0
45.59999999999923,0,0,0,0,0,0,0,0,0,0,0
45.649999999999224,0,0,0,0,0,0,0,0,0,0,0
45.69999999999922,0,0,0,0,0,0,0,0,0,0,0
45.74999999999922,0,0,0,0,0,0,0,0,0,0,0
45.799999999999216,0,0,0,0,0,0,0,0,0,0,0
45.84999999999921,0,0,0,0,0,0,0,0,0,0,0
45.89999999999921,0,0,0,0,0,0,0,0,0,0,0
45.94999999999921,0,0,0,0,0,0,0,0,0,0,0
45.999999999999204,0,0,0,0,0,0,0,0,0,0,0
46.0499999999992,0,0,0,0,0,0,0,0,0,0,0
46.0999999999992,0,0,0,0,0,0,0,0,0,0,0
46.149999999999196,0,0,0,0,0,0,0,0,0,0,0
46.19999999999919,0,0,0,0,0,0,0,0,0,0,0
46.24999999999919,0,0,0,0,0,0,0,0,0,0,0
46.29999999999919,0,0,0,0,0,0,0,0,0,0,0
46.349999999999184,0,0,0,0,0,0,0,0,0,0,0
46.39999999999918,0,0,0,0,0,0,0,0,0,0,0
46.44999999999918,0,0,0,0,0,0,0,0,0,0,0
46.499999999999176,0,0,0,0,0,0,0,0,0,0,0
46.54999999999917,0,0,0,0,0,0,0,0,0,0,0
46.59999999999917,0,0,0,0,0,0,0,0,0,0,0
46.64999999999917,0,0,0,0,0,0,0,0,0,0,0
46.699999999999164,0,0,0,0,0,0,0,0,0,0,0
46.74999999999916,0,0,0,0,0,0,0,0,0,0,0
46.79999999999916,0,0,0,0,0,0,0,0,0,0,0
46.849999999999156,0,0,0,0,0,0,0,0,0,0,0
46.89999999999915,0,0,0,0,0,0,0,0,0,0,0
46.94999999999915,0,0,0,0,0,0,0,0,0,0,0
46.99999999999915,0,0,0,0,0,0,0,0,0,0,0
47.049999999999145,0,0,0,0,0,0,0,0,0,0,0
47.09999999999914,0,0,0,0,0,0,0,0,0,0,0
47.14999999999914,0,0,0,0,0,0,0,0,0,0,0
47.199999999999136,0,0,0,0,0,0,0,0,0,0,0
47.24999999999913,0,0,0,0,0,0,0,0,0,0,0
47.29999999999913,0,0,0,0,0,0,0,0,0,0,0
47.34999999999913,0,0,0,0,0,0,0,0,0,0,0
47.399999999999125,0,0,0,0,0,0,0,0,0,0,0
47.44999999999912,0,0,0,0,0,0,0,0,0,0,0
47.49999999999912,0,0,0,0,0,0,0,0,0,0,0
47.549999999999116,0,0,0,0,0,0,0,0,0,0,0
47.59999999999911,0,0,0,0,0,0,0,0,0,0,0
47.64999999999911,0,0,0,0,0,0,0,0,0,0,0
47.69999999999911,0,0,0,0,0,0,0,0,0,0,0
47.749999999999105,0,0,0,0,0,0,0,0,0,0,0
47.7999999999991,0,0,0,0,0,0,0,0,0,0,0
47.8499999999991,0,0,0,0,0,0,0,0,0,0,0
47.899999999999096,0,0,0,0,0,0,0,0,0,0,0
47.94999999999909,0,0,0,0,0,0,0,0,0,0,0
47.99999999999909,0,0,0,0,0,0,0,0,0,0,0
48.04999999999909,0,0,0,0,0,0,0,0,0,0,0
48.099999999999085,0,0,0,0,0,0,0,0,0,0,0
48.14999999999908,0,0,0,0,0,0,0,0,0,0,0
48.19999999999908,0,0,0,0,0,0,0,0,0,0,0
48.249999999999076,0,0,0,0,0,0,0,0,0,0,0
48.29999999999907,0,0,0,0,0,0,0,0,0,0,0
48.34999999999907,0,0,0,0,0,0,0,0,0,0,0
48.39999999999907,0,0,0,0,0,0,0,0,0,0,0
48.449999999999065,0,0,0,0,0,0,0,0,0,0,0
48.49999999999906,0,0,0,0,0,0,0,0,0,0,0
48.54999999999906,0,0,0,0,0,0,0,0,0,0,0
48.599999999999056,0,0,0,0,0,0,0,0,0,0,0
48.649999999999054,0,0,0,0,0,0,0,0,0,0,0
48.69999999999905,0,0,0,0,0,0,0,0,0,0,0
48.74999999999905,0,0,0,0,0,0,0,0,0,0,0
48.799999999999045,0,0,0,0,0,0,0,0,0,0,0
48.84999999999904,0,0,0,0,0,0,0,0,0,0,0
48.89999999999904,0,0,0,0,0,0,0,0,0,0,0
48.94999999999904,0,0,0,0,0,0,0,0,0,0,0
48.999999999999034,0,0,0,0,0,0,0,0,0,0,0
49.04999999999903,0,0,0,0,0,0,0,0,0,0,0
49.09999999999903,0,0,0,0,0,0,0,0,0,0,0
49.149999999999025,0,0,0,0,0,0,0,0,0,0,0
49.19999999999902,0,0,0,0,0,0,0,0,0,0,0
49.24999999999902,0,0,0,0,0,0,0,0,0,0,0
49.29999999999902,0,0,0,0,0,0,0,0,0,0,0
49.349999999999014,0,0,0,0,0,0,0,0,0,0,0
49.39999999999901,0,0,0,0,0,0,0,0,0,0,0
49.44999999999901,0,0,0,0,0,0,0,0,0,0,0
49.499999999999005,0,0,0,0,0,0,0,0,0,0,0
49.549999999999,0,0,0,0,0,0,0,0,0,0,0
49.599999999999,0,0,0,0,0,0,0,0,0,0,0
49.649999999999,0,0,0,0,0,0,0,0,0,0,0
49.699999999998994,0,0,0,0,0,0,0,0,0,0,0
49.74999999999899,0,0,0,0,0,0,0,0,0,0,0
49.79999999999899,0,0,0,0,0,0,0,0,0,0,0
49.849999999998985,0,0,0,0,0,0,0,0,0,0,0
49.89999999999898,0,0,0,0,0,0,0,0,0,0,0
49.94999999999898,0,0,0,0,0,0,0,0,0,0,0
49.99999999999898,0,0,0,0,0,0,0,0,0,0,0
50.049999999998974,0,0,0,0,0,0,0,0,0,0,0
50.09999999999897,0,0,0,0,0,0,0,0,0,0,0
50.14999999999897,0,0,0,0,0,0,0,0,0,0,0
50.199999999998965,0,0,0,0,0,0,0,0,0,0,0
50.24999999999896,0,0,0,0,0,0,0,0,0,0,0
50.29999999999896,0,0,0,0,0,0,0,0,0,0,0
50.34999999999896,0,0,0,0,0,0,0,0,0,0,0
50.399999999998954,0,0,0,0,0,0,0,0,0,0,0
50.44999999999895,0,0,0,0,0,0,0,0,0,0,0
50.49999999999895,0,0,0,0,0,0,0,0,0,0,0
50.549999999998946,0,0,0,0,0,0,0,0,0,0,0
50.59999999999894,0,0,0,0,0,0,0,0,0,0,0
50.64999999999894,0,0,0,0,0,0,0,0,0,0,0
50.69999999999894,0,0,0,0,0,0,0,0,0,0,0
50.749999999998934,0,0,0,0,0,0,0,0,0,0,0
50.79999999999893,0,0,0,0,0,0,0,0,0,0,0
50.84999999999893,0,0,0,0,0,0,0,0,0,0,0
50.899999999998926,0,0,0,0,0,0,0,0,0,0,0
50.94999999999892,0,0,0,0,0,0,0,0,0,0,0
50.99999999999892,0,0,0,0,0,0,0,0,0,0,0
51.04999999999892,0,0,0,0,0,0,0,0,0,0,0
51.099999999998914,0,0,0,0,0,0,0,0,0,0,0
51.14999999999891,0,0,0,0,0,0,0,0,0,0,0
51.19999999999891,0,0,0,0,0,0,0,0,0,0,0
51.249999999998906,0,0,0,0,0,0,0,0,0,0,0
51.2999999999989,0,0,0,0,0,0,0,0,0,0,0
51.3499999999989,0,0,0,0,0,0,0,0,0,0,0
51.3999999999989,0,0,0,0,0,0,0,0,0,0,0
51.449999999998894,0,0,0,0,0,0,0,0,0,0,0
51.49999999999889,0,0,0,0,0,0,0,0,0,0,0
51.54999999999889,0,0,0,0,0,0,0,0,0,0,0
51.599999999998886,0,0,0,0,0,0,0,0,0,0,0
51.64999999999888,0,0,0,0,0,0,0,0,0,0,0
51.69999999999888,0,0,0,0,0,0,0,0,0,0,0
51.74999999999888,0,0,0,0,0,0,0,0,0,0,0
51.799999999998875,0,0,0,0,0,0,0,0,0,0,0
51.84999999999887,0,0,0,0,0,0,0,0,0,0,0
51.89999999999887,0,0,0,0,0,0,0,0,0,0,0
51.949999999998866,0,0,0,0,0,0,0,0,0,0,0
51.99999999999886,0,0,0,0,0,0,0,0,0,0,0
52.04999999999886,0,0,0,0,0,0,0,0,0,0,0
52.09999999999886,0,0,0,0,0,0,0,0,0,0,0
52.149999999998855,0,0,0,0,0,0,0,0,0,0,0
52.19999999999885,0,0,0,0,0,0,0,0,0,0,0
52.24999999999885,0,0,0,0,0,0,0,0,0,0,0
52.299999999998846,0,0,0,0,0,0,0,0,0,0,0
52.34999999999884,0,0,0,0,0,0,0,0,0,0,0
52.39999999999884,0,0,0,0,0,0,0,0,0,0,0
52.44999999999884,0,0,0,0,0,0,0,0,0,0,0
52.499999999998835,0,0,0,0,0,0,0,0,0,0,0
52.54999999999883,0,0,0,0,0,0,0,0,0,0,0
52.59999999999883,0,0,0,0,0,0,0,0,0,0,0
52.649999999998826,0,0,0,0,0,0,0,0,0,0,0
52.69999999999882,0,0,0,0,0,0,0,0,0,0,0
52.74999999999882,0,0,0,0,0,0,0,0,0,0,0
52.79999999999882,0,0,0,0,0,0,0,0,0,0,0
52.849999999998815,0,0,0,0,0,0,0,0,0,0,0
52.89999999999881,0,0,0,0,0,0,0,0,0,0,0
52.94999999999881,0,0,0,0,0,0,0,0,0,0,0
52.999999999998806,0,0,0,0,0,0,0,0,0,0,0
53.0499999999988,0,0,0,0,0,0,0,0,0,0,0
53.0999999999988,0,0,0,0,0,0,0,0,0,0,0
53.1499999999988,0,0,0,0,0,0,0,0,0,0,0
53.199999999998795,0,0,0,0,0,0,0,0,0,0,0
53.24999999999879,0,0,0,0,0,0,0,0,0,0,0
53.29999999999879,0,0,0,0,0,0,0,0,0,0,0
53.349999999998786,0,0,0,0,0,0,0,0,0,0,0
53.39999999999878,0,0,0,0,0,0,0,0,0,0,0
53.44999999999878,0,0,0,0,0,0,0,0,0,0,0
53.49999999999878,0,0,0,0,0,0,0,0,0,0,0
53.549999999998775,0,0,0,0,0,0,0,0,0,0,0
53.59999999999877,0,0,0,0,0,0,0,0,0,0,0
53.64999999999877,0,0,0,0,0,0,0,0,0,0,0
53.69999999999877,0,0,0,0,0,0,0,0,0,0,0
53.749999999998764,0,0,0,0,0,0,0,0,0,0,0
53.79999999999876,0,0,0,0,0,0,0,0,0,0,0
53.84999999999876,0,0,0,0,0,0,0,0,0,0,0
53.899999999998755,0,0,0,0,0,0,0,0,0,0,0
53.94999999999875,0,0,0,0,0,0,0,0,0,0,0
53.99999999999875,0,0,0,0,0,0,0,0,0,0,0
54.04999999999875,0,0,0,0,0,0,0,0,0,0,0
54.099999999998744,0,0,0,0,0,0,0,0,0,0,0
54.14999999999874,0,0,0,0,0,0,0,0,0,0,0
54.19999999999874,0,0,0,0,0,0,0,0,0,0,0
54.249999999998735,0,0,0,0,0,0,0,0,0,0,0
54.29999999999873,0,0,0,0,0,0,0,0,0,0,0
54.34999999999873,0,0,0,0,0,0,0,0,0,0,0
54.39999999999873,0,0,0,0,0,0,0,0,0,0,0
54.449999999998724,0,0,0,0,0,0,0,0,0,0,0
54.49999999999872,0,0,0,0,0,0,0,0,0,0,0
54.54999999999872,0,0,0,0,0,0,0,0,0,0,0
54.599999999998715,0,0,0,0,0,0,0,0,0,0,0
54.64999999999871,0,0,0,0,0,0,0,0,0,0,0
54.69999999999871,0,0,0,0,0,0,0,0,0,0,0
54.74999999999871,0,0,0,0,0,0,0,0,0,0,0
54.799999999998704,0,0,0,0,0,0,0,0,0,0,0
54.8499999999987,0,0,0,0,0,0,0,0,0,0,0
54.8999999999987,0,0,0,0,0,0,0,0,0,0,0
54.949999999998695,0,0,0,0,0,0,0,0,0,0,0
54.99999999999869,0,0,0,0,0,0,0,0,0,0,0
55.04999999999869,0,0,0,0,0,0,0,0,0,0,0
55.09999999999869,0,0,0,0,0,0,0,0,0,0,0
55.149999999998684,0,0,0,0,0,0,0,0,0,0,0
55.19999999999868,0,0,0,0,0,0,0,0,0,0,0
55.24999999999868,0,0,0,0,0,0,0,0,0,0,0
55.299999999998676,0,0,0,0,0,0,0,0,0,0,0
55.34999999999867,0,0,0,0,0,0,0,0,0,0,0
55.39999999999867,0,0,0,0,0,0,0,0,0,0,0
55.44999999999867,0,0,0,0,0,0,0,0,0,0,0
55.499999999998664,0,0,0,0,0,0,0,0,0,0,0
55.54999999999866,0,0,0,0,0,0,0,0,0,0,0
55.59999999999866,0,0,0,0,0,0,0,0,0,0,0
55.649999999998656,0,0,0,0,0,0,0,0,0,0,0
55.69999999999865,0,0,0,0,0,0,0,0,0,0,0
55.74999999999865,0,0,0,0,0,0,0,0,0,0,0
55.79999999999865,0,0,0,0,0,0,0,0,0,0,0
55.849999999998644,0,0,0,0,0,0,0,0,0,0,0
55.89999999999864,0,0,0,0,0,0,0,0,0,0,0
55.94999999999864,0,0,0,0,0,0,0,0,0,0,0
