*****
32,0.05,1000,0,1,10,100,0.130921998163,0.1280509099671
32,1000,1000,993,877,1000,0,0,0,0,0,0
32.05,921,921,915,810,921,0,0,0,0,0,0
32.099999999999994,887,887,879,775,887,0,0,0,0,0,0
32.14999999999999,943,939,928,830,942,0,0,0,0,0,0
32.19999999999999,943,939,919,855,943,0,0,0,0,0,0
32.249999999999986,919,912,902,832,917,0,0,0,0,0,0
32.29999999999998,919,912,904,823,919,0,0,0,0,0,0
32.34999999999998,958,932,926,849,949,0,0,0,0,0,0
32.39999999999998,932,912,912,824,928,0,0,0,0,0,0
32.449999999999974,923,883,886,829,914,0,0,0,0,0,0
32.49999999999997,876,841,846,786,870,0,0,0,0,0,0
32.54999999999997,949,891,897,849,938,0,0,0,0,0,0
32.599999999999966,948,884,903,829,934,0,0,0,0,0,0
32.64999999999996,890,828,835,743,871,0,0,0,0,0,0
32.69999999999996,989,897,923,817,970,0,0,0,0,0,0
32.74999999999996,865,761,795,685,832,0,0,0,0,0,0
32.799999999999955,944,835,869,760,916,0,0,0,0,0,0
32.84999999999995,929,788,830,716,873,0,0,0,0,0,0
32.89999999999995,854,684,736,613,797,0,0,0,0,0,0
32.949999999999946,951,766,832,685,896,0,0,0,0,0,0
32.99999999999994,928,720,782,631,853,0,0,0,0,0,0
33.04999999999994,919,709,767,606,839,0,0,0,0,0,0
33.09999999999994,882,637,720,578,783,0,0,0,0,0,0
33.149999999999935,853,582,681,510,747,0,0,0,0,0,0
33.19999999999993,888,598,688,531,766,0,0,0,0,0,0
33.24999999999993,952,606,732,564,819,0,0,0,0,0,0
33.299999999999926,885,535,662,524,730,0,0,0,0,0,0
33.34999999999992,939,533,674,548,761,0,0,0,0,0,0
33.39999999999992,872,496,586,481,678,0,0,0,0,0,0
33.44999999999992,886,445,589,481,681,0,0,0,0,0,0
33.499999999999915,891,438,581,457,663,0,0,0,0,0,0
33.54999999999991,948,441,596,485,685,0,0,0,0,0,0
33.59999999999991,871,393,539,422,617,0,0,0,0,0,0
33.649999999999906,814,323,465,363,541,0,0,0,0,0,0
33.6999999999999,908,336,492,435,590,0,0,0,0,0,0
33.7499999999999,809,298,440,363,507,0,0,0,0,0,0
33.7999999999999,850,265,434,381,518,0,0,0,0,0,0
33.849999999999895,848,255,411,354,511,0,0,0,0,0,0
33.89999999999989,760,233,356,312,426,0,0,0,0,0,0
33.94999999999989,747,188,329,319,418,0,0,0,0,0,0
33.999999999999886,736,174,313,298,371,0,0,0,0,0,0
34.04999999999988,722,152,282,292,353,0,0,0,0,0,0
34.09999999999988,713,135,270,281,340,0,0,0,0,0,0
34.14999999999988,729,144,289,266,355,0,0,0,0,0,0
34.199999999999875,683,117,226,269,286,0,0,0,0,0,0
34.24999999999987,665,121,215,255,279,0,0,0,0,0,0
34.29999999999987,636,102,207,244,255,0,0,0,0,0,0
34.349999999999866,705,87,178,248,234,0,0,0,0,0,0
34.399999999999864,595,62,150,218,188,0,0,0,0,0,0
34.44999999999986,606,73,157,237,200,0,0,0,0,0,0
34.49999999999986,553,62,132,182,167,0,0,0,0,0,0
34.549999999999855,538,46,111,192,152,0,0,0,0,0,0
34.59999999999985,491,39,105,160,128,0,0,0,0,0,0
34.64999999999985,463,38,102,173,132,0,0,0,0,0,0
34.69999999999985,470,36,84,173,112,0,0,0,0,0,0
34.749999999999844,439,22,78,144,104,0,0,0,0,0,0
34.79999999999984,405,20,58,147,79,0,0,0,0,0,0
34.84999999999984,441,25,61,153,92,0,0,0,0,0,0
34.899999999999835,369,19,43,126,60,0,0,0,0,0,0
34.94999999999983,352,13,47,118,65,0,0,0,0,0,0
34.99999999999983,346,8,41,113,61,0,0,0,0,0,0
35.04999999999983,315,12,27,92,43,0,0,0,0,0,0
35.099999999999824,280,5,23,89,29,0,0,0,0,0,0
35.14999999999982,241,6,26,92,35,0,0,0,0,0,0
35.19999999999982,247,5,24,66,32,0,0,0,0,0,0
35.249999999999815,273,7,30,78,38,0,0,0,0,0,0
35.29999999999981,217,4,17,67,24,0,0,0,0,0,0
35.34999999999981,174,2,12,63,23,0,0,0,0,0,0
35.39999999999981,188,4,10,68,15,0,0,0,0,0,0
35.449999999999804,191,1,6,53,12,0,0,0,0,0,0
35.4999999999998,173,0,11,49,19,0,0,0,0,0,0
35.5499999999998,153,2,5,36,6,0,0,0,0,0,0
35.599999999999795,134,2,4,39,5,0,0,0,0,0,0
35.64999999999979,145,1,9,50,12,0,0,0,0,0,0
35.69999999999979,110,0,5,24,7,0,0,0,0,0,0
35.74999999999979,106,3,4,18,7,0,0,0,0,0,0
35.799999999999784,109,0,2,32,5,0,0,0,0,0,0
35.84999999999978,94,0,1,15,1,0,0,0,0,0,0
35.89999999999978,86,0,1,24,3,0,0,0,0,0,0
35.949999999999775,56,0,2,10,3,0,0,0,0,0,0
35.99999999999977,67,0,2,11,2,0,0,0,0,0,0
36.04999999999977,67,0,2,14,3,0,0,0,0,0,0
36.09999999999977,43,0,0,12,1,0,0,0,0,0,0
36.149999999999764,54,0,1,15,1,0,0,0,0,0,0
36.19999999999976,52,0,0,17,0,0,0,0,0,0,0
36.24999999999976,37,0,0,4,0,0,0,0,0,0,0
36.299999999999756,35,0,0,13,0,0,0,0,0,0,0
36.34999999999975,26,0,0,5,0,0,0,0,0,0,0
36.39999999999975,26,0,0,6,0,0,0,0,0,0,0
36.44999999999975,28,0,0,1,0,0,0,0,0,0,0
36.499999999999744,27,0,0,5,0,0,0,0,0,0,0
36.54999999999974,14,0,0,1,0,0,0,0,0,0,0
36.59999999999974,24,0,0,3,0,0,0,0,0,0,0
36.649999999999736,21,0,1,3,1,0,0,0,0,0,0
36.69999999999973,7,0,1,2,1,0,0,0,0,0,0
36.74999999999973,7,0,0,0,0,0,0,0,0,0,0
36.79999999999973,5,0,0,0,0,0,0,0,0,0,0
36.849999999999724,3,0,0,1,0,0,0,0,0,0,0
36.89999999999972,10,0,0,0,0,0,0,0,0,0,0
36.94999999999972,10,0,1,2,1,0,0,0,0,0,0
36.999999999999716,7,0,0,0,0,0,0,0,0,0,0
37.04999999999971,2,0,0,0,0,0,0,0,0,0,0
37.09999999999971,7,0,1,0,1,0,0,0,0,0,0
37.14999999999971,4,0,0,0,0,0,0,0,0,0,0
37.199999999999704,3,0,0,0,0,0,0,0,0,0,0
37.2499999999997,2,0,0,0,0,0,0,0,0,0,0
37.2999999999997,3,0,0,0,0,0,0,0,0,0,0
37.349999999999696,2,0,0,0,0,0,0,0,0,0,0
37.39999999999969,1,0,0,0,0,0,0,0,0,0,0
37.44999999999969,1,0,0,0,0,0,0,0,0,0,0
37.49999999999969,2,0,0,0,0,0,0,0,0,0,0
37.549999999999685,1,0,0,0,0,0,0,0,0,0,0
37.59999999999968,0,0,0,0,0,0,0,0,0,0,0
37.64999999999968,0,0,0,0,0,0,0,0,0,0,0
37.699999999999676,0,0,0,0,0,0,0,0,0,0,0
37.74999999999967,1,0,0,0,0,0,0,0,0,0,0
37.79999999999967,0,0,0,0,0,0,0,0,0,0,0
37.84999999999967,0,0,0,0,0,0,0,0,0,0,0
37.899999999999665,0,0,0,0,0,0,0,0,0,0,0
37.94999999999966,0,0,0,0,0,0,0,0,0,0,0
37.99999999999966,0,0,0,0,0,0,0,0,0,0,0
38.049999999999656,0,0,0,0,0,0,0,0,0,0,0
38.09999999999965,0,0,0,0,0,0,0,0,0,0,0
38.14999999999965,0,0,0,0,0,0,0,0,0,0,0
38.19999999999965,0,0,0,0,0,0,0,0,0,0,0
38.249999999999645,0,0,0,0,0,0,0,0,0,0,0
38.29999999999964,0,0,0,0,0,0,0,0,0,0,0
38.34999999999964,0,0,0,0,0,0,0,0,0,0,0
38.399999999999636,0,0,0,0,0,0,0,0,0,0,0
38.44999999999963,0,0,0,0,0,0,0,0,0,0,0
38.49999999999963,0,0,0,0,0,0,0,0,0,0,0
38.54999999999963,0,0,0,0,0,0,0,0,0,0,0
38.599999999999625,0,0,0,0,0,0,0,0,0,0,0
38.64999999999962,0,0,0,0,0,0,0,0,0,0,0
38.69999999999962,0,0,0,0,0,0,0,0,0,0,0
38.749999999999616,0,0,0,0,0,0,0,0,0,0,0
38.79999999999961,0,0,0,0,0,0,0,0,0,0,0
38.84999999999961,0,0,0,0,0,0,0,0,0,0,0
38.89999999999961,0,0,0,0,0,0,0,0,0,0,0
38.949999999999605,0,0,0,0,0,0,0,0,0,0,0
38.9999999999996,0,0,0,0,0,0,0,0,0,0,0
39.0499999999996,0,0,0,0,0,0,0,0,0,0,0
39.099999999999596,0,0,0,0,0,0,0,0,0,0,0
39.149999999999594,0,0,0,0,0,0,0,0,0,0,0
39.19999999999959,0,0,0,0,0,0,0,0,0,0,0
39.24999999999959,0,0,0,0,0,0,0,0,0,0,0
39.299999999999585,0,0,0,0,0,0,0,0,0,0,0
39.34999999999958,0,0,0,0,0,0,0,0,0,0,0
39.39999999999958,0,0,0,0,0,0,0,0,0,0,0
39.44999999999958,0,0,0,0,0,0,0,0,0,0,0
39.499999999999574,0,0,0,0,0,0,0,0,0,0,0
39.54999999999957,0,0,0,0,0,0,0,0,0,0,0
39.59999999999957,0,0,0,0,0,0,0,0,0,0,0
39.649999999999565,0,0,0,0,0,0,0,0,0,0,0
39.69999999999956,0,0,0,0,0,0,0,0,0,0,0
39.74999999999956,0,0,0,0,0,0,0,0,0,0,0
39.79999999999956,0,0,0,0,0,0,0,0,0,0,0
39.849999999999554,0,0,0,0,0,0,0,0,0,0,0
39.89999999999955,0,0,0,0,0,0,0,0,0,0,0
39.94999999999955,0,0,0,0,0,0,0,0,0,0,0
39.999999999999545,0,0,0,0,0,0,0,0,0,0,0
40.04999999999954,0,0,0,0,0,0,0,0,0,0,0
40.09999999999954,0,0,0,0,0,0,0,0,0,0,0
40.14999999999954,0,0,0,0,0,0,0,0,0,0,0
40.199999999999534,0,0,0,0,0,0,0,0,0,0,0
40.24999999999953,0,0,0,0,0,0,0,0,0,0,0
40.29999999999953,0,0,0,0,0,0,0,0,0,0,0
40.349999999999525,0,0,0,0,0,0,0,0,0,0,0
40.39999999999952,0,0,0,0,0,0,0,0,0,0,0
40.44999999999952,0,0,0,0,0,0,0,0,0,0,0
40.49999999999952,0,0,0,0,0,0,0,0,0,0,0
40.549999999999514,0,0,0,0,0,0,0,0,0,0,0
40.59999999999951,0,0,0,0,0,0,0,0,0,0,0
40.64999999999951,0,0,0,0,0,0,0,0,0,0,0
40.699999999999505,0,0,0,0,0,0,0,0,0,0,0
40.7499999999995,0,0,0,0,0,0,0,0,0,0,0
40.7999999999995,0,0,0,0,0,0,0,0,0,0,0
40.8499999999995,0,0,0,0,0,0,0,0,0,0,0
40.899999999999494,0,0,0,0,0,0,0,0,0,0,0
40.94999999999949,0,0,0,0,0,0,0,0,0,0,0
40.99999999999949,0,0,0,0,0,0,0,0,0,0,0
41.049999999999486,0,0,0,0,0,0,0,0,0,0,0
41.09999999999948,0,0,0,0,0,0,0,0,0,0,0
41.14999999999948,0,0,0,0,0,0,0,0,0,0,0
41.19999999999948,0,0,0,0,0,0,0,0,0,0,0
41.249999999999474,0,0,0,0,0,0,0,0,0,0,0
41.29999999999947,0,0,0,0,0,0,0,0,0,0,0
41.34999999999947,0,0,0,0,0,0,0,0,0,0,0
41.399999999999466,0,0,0,0,0,0,0,0,0,0,0
41.44999999999946,0,0,0,0,0,0,0,0,0,0,0
41.49999999999946,0,0,0,0,0,0,0,0,0,0,0
41.54999999999946,0,0,0,0,0,0,0,0,0,0,0
41.599999999999454,0,0,0,0,0,0,0,0,0,0,0
41.64999999999945,0,0,0,0,0,0,0,0,0,0,0
41.69999999999945,0,0,0,0,0,0,0,0,0,0,0
41.749999999999446,0,0,0,0,0,0,0,0,0,0,0
41.79999999999944,0,0,0,0,0,0,0,0,0,0,0
41.84999999999944,0,0,0,0,0,0,0,0,0,0,0
41.89999999999944,0,0,0,0,0,0,0,0,0,0,0
41.949999999999434,0,0,0,0,0,0,0,0,0,0,0
41.99999999999943,0,0,0,0,0,0,0,0,0,0,0
42.04999999999943,0,0,0,0,0,0,0,0,0,0,0
42.099999999999426,0,0,0,0,0,0,0,0,0,0,0
42.14999999999942,0,0,0,0,0,0,0,0,0,0,0
42.19999999999942,0,0,0,0,0,0,0,0,0,0,0
42.24999999999942,0,0,0,0,0,0,0,0,0,0,0
42.299999999999415,0,0,0,0,0,0,0,0,0,0,0
42.34999999999941,0,0,0,0,0,0,0,0,0,0,0
42.39999999999941,0,0,0,0,0,0,0,0,0,0,0
42.449999999999406,0,0,0,0,0,0,0,0,0,0,0
42.4999999999994,0,0,0,0,0,0,0,0,0,0,0
42.5499999999994,0,0,0,0,0,0,0,0,0,0,0
42.5999999999994,0,0,0,0,0,0,0,0,0,0,0
42.649999999999395,0,0,0,0,0,0,0,0,0,0,0
42.69999999999939,0,0,0,0,0,0,0,0,0,0,0
42.74999999999939,0,0,0,0,0,0,0,0,0,0,0
42.799999999999386,0,0,0,0,0,0,0,0,0,0,0
42.84999999999938,0,0,0,0,0,0,0,0,0,0,0
42.89999999999938,0,0,0,0,0,0,0,0,0,0,0
42.94999999999938,0,0,0,0,0,0,0,0,0,0,0
42.999999999999375,0,0,0,0,0,0,0,0,0,0,0
43.04999999999937,0,0,0,0,0,0,0,0,0,0,0
43.09999999999937,0,0,0,0,0,0,0,0,0,0,0
43.149999999999366,0,0,0,0,0,0,0,0,0,0,0
43.19999999999936,0,0,0,0,0,0,0,0,0,0,0
43.24999999999936,0,0,0,0,0,0,0,0,0,0,0
43.29999999999936,0,0,0,0,0,0,0,0,0,0,0
43.349999999999355,0,0,0,0,0,0,0,0,0,0,0
43.39999999999935,0,0,0,0,0,0,0,0,0,0,0
43.44999999999935,0,0,0,0,0,0,0,0,0,0,0
43.499999999999346,0,0,0,0,0,0,0,0,0,0,0
43.54999999999934,0,0,0,0,0,0,0,0,0,0,0
43.59999999999934,0,0,0,0,0,0,0,0,0,0,0
43.64999999999934,0,0,0,0,0,0,0,0,0,0,0
43.699999999999335,0,0,0,0,0,0,0,0,0,0,0
43.74999999999933,0,0,0,0,0,0,0,0,0,0,0
43.79999999999933,0,0,0,0,0,0,0,0,0,0,0
43.849999999999326,0,0,0,0,0,0,0,0,0,0,0
43.899999999999324,0,0,0,0,0,0,0,0,0,0,0
43.94999999999932,0,0,0,0,0,0,0,0,0,0,0
43.99999999999932,0,0,0,0,0,0,0,0,0,0,0
44.049999999999315,0,0,0,0,0,0,0,0,0,0,0
44.09999999999931,0,0,0,0,0,0,0,0,0,0,0
44.14999999999931,0,0,0,0,0,0,0,0,0,0,0
44.19999999999931,0,0,0,0,0,0,0,0,0,0,0
44.249999999999304,0,0,0,0,0,0,0,0,0,0,0
44.2999999999993,0,0,0,0,0,0,0,0,0,0,0
44.3499999999993,0,0,0,0,0,0,0,0,0,0,0
44.399999999999295,0,0,0,0,0,0,0,0,0,0,0
44.44999999999929,0,0,0,0,0,0,0,0,0,0,0
44.49999999999929,0,0,0,0,0,0,0,0,0,0,0
44.54999999999929,0,0,0,0,0,0,0,0,0,0,0
44.599999999999284,0,0,0,0,0,0,0,0,0,0,0
44.64999999999928,0,0,0,0,0,0,0,0,0,0,0
44.69999999999928,0,0,0,0,0,0,0,0,0,0,0
44.749999999999275,0,0,0,0,0,0,0,0,0,0,0
44.79999999999927,0,0,0,0,0,0,0,0,0,0,0
44.84999999999927,0,0,0,0,0,0,0,0,0,0,0
44.89999999999927,0,0,0,0,0,0,0,0,0,0,0
44.949999999999264,0,0,0,0,0,0,0,0,0,0,0
44.99999999999926,0,0,0,0,0,0,0,0,0,0,0
45.04999999999926,0,0,0,0,0,0,0,0,0,0,0
45.099999999999255,0,0,0,0,0,0,0,0,0,0,0
45.14999999999925,0,0,0,0,0,0,0,0,0,0,0
45.19999999999925,0,0,0,0,0,0,0,0,0,0,0
45.24999999999925,0,0,0,0,0,0,0,0,0,0,0
45.299999999999244,0,0,0,0,0,0,0,0,0,0,0
45.34999999999924,0,0,0,0,0,0,0,0,0,0,0
45.39999999999924,0,0,0,0,0,0,0,0,0,0,0
45.449999999999235,0,0,0,0,0,0,0,0,0,0,0
45.49999999999923,0,0,0,0,0,0,0,0,0,0,0
45.54999999999923,0,0,0,0,0,0,0,0,0,0,0
45.59999999999923,0,0,0,0,0,0,0,0,0,0,0
45.649999999999224,0,0,0,0,0,0,0,0,0,0,0
45.69999999999922,0,0,0,0,0,0,0,0,0,0,0
45.74999999999922,0,0,0,0,0,0,0,0,0,0,0
45.799999999999216,0,0,0,0,0,0,0,0,0,0,0
45.84999999999921,0,0,0,0,0,0,0,0,0,0,0
45.89999999999921,0,0,0,0,0,0,0,0,0,0,0
45.94999999999921,0,0,0,0,0,0,0,0,0,0,0
45.999999999999204,0,0,0,0,0,0,0,0,0,0,0
46.0499999999992,0,0,0,0,0,0,0,0,0,0,0
46.0999999999992,0,0,0,0,0,0,0,0,0,0,0
46.149999999999196,0,0,0,0,0,0,0,0,0,0,0
46.19999999999919,0,0,0,0,0,0,0,0,0,0,0
46.24999999999919,0,0,0,0,0,0,0,0,0,0,0
46.29999999999919,0,0,0,0,0,0,0,0,0,0,0
46.349999999999184,0,0,0,0,0,0,0,0,0,0,0
46.39999999999918,0,0,0,0,0,0,0,0,0,0,0
46.44999999999918,0,0,0,0,0,0,0,0,0,0,0
46.499999999999176,0,0,0,0,0,0,0,0,0,0,0
46.54999999999917,0,0,0,0,0,0,0,0,0,0,0
46.59999999999917,0,0,0,0,0,0,0,0,0,0,0
46.64999999999917,0,0,0,0,0,0,0,0,0,0,0
46.699999999999164,0,0,0,0,0,0,0,0,0,0,0
46.74999999999916,0,0,0,0,0,0,0,0,0,0,0
46.79999999999916,0,0,0,0,0,0,0,0,0,0,0
46.849999999999156,0,0,0,0,0,0,0,0,0,0,0
46.89999999999915,0,0,0,0,0,0,0,0,0,0,0
46.94999999999915,0,0,0,0,0,0,0,0,0,0,0
46.99999999999915,0,0,0,0,0,0,0,0,0,0,0
47.049999999999145,0,0,0,0,0,0,0,0,0,0,0
47.09999999999914,0,0,0,0,0,0,0,0,0,0,0
47.14999999999914,0,0,0,0,0,0,0,0,0,0,0
47.199999999999136,0,0,0,0,0,0,0,0,0,0,0
47.24999999999913,0,0,0,0,0,0,0,0,0,0,0
47.29999999999913,0,0,0,0,0,0,0,0,0,0,0
47.34999999999913,0,0,0,0,0,0,0,0,0,0,0
47.399999999999125,0,0,0,0,0,0,0,0,0,0,0
47.44999999999912,0,0,0,0,0,0,0,0,0,0,0
47.49999999999912,0,0,0,0,0,0,0,0,0,0,0
47.549999999999116,0,0,0,0,0,0,0,0,0,0,0
47.59999999999911,0,0,0,0,0,0,0,0,0,0,0
47.64999999999911,0,0,0,0,0,0,0,0,0,0,0
47.69999999999911,0,0,0,0,0,0,0,0,0,0,0
47.749999999999105,0,0,0,0,0,0,0,0,0,0,0
47.7999999999991,0,0,0,0,0,0,0,0,0,0,0
47.8499999999991,0,0,0,0,0,0,0,0,0,0,0
47.899999999999096,0,0,0,0,0,0,0,0,0,0,0
47.94999999999909,0,0,0,0,0,0,0,0,0,0,0
47.99999999999909,0,0,0,0,0,0,0,0,0,0,0
48.04999999999909,0,0,0,0,0,0,0,0,0,0,0
48.099999999999085,0,0,0,0,0,0,0,0,0,0,0
48.14999999999908,0,0,0,0,0,0,0,0,0,0,0
48.19999999999908,0,0,0,0,0,0,0,0,0,0,0
48.249999999999076,0,0,0,0,0,0,0,0,0,0,0
48.29999999999907,0,0,0,0,0,0,0,0,0,0,0
48.34999999999907,0,0,0,0,0,0,0,0,0,0,0
48.39999999999907,0,0,0,0,0,0,0,0,0,0,0
48.449999999999065,0,0,0,0,0,0,0,0,0,0,0
48.49999999999906,0,0,0,0,0,0,0,0,0,0,0
48.54999999999906,0,0,0,0,0,0,0,0,0,0,0
48.599999999999056,0,0,0,0,0,0,0,0,0,0,0
48.649999999999054,0,0,0,0,0,0,0,0,0,0,0
48.69999999999905,0,0,0,0,0,0,0,0,0,0,0
48.74999999999905,0,0,0,0,0,0,0,0,0,0,0
48.799999999999045,0,0,0,0,0,0,0,0,0,0,0
48.84999999999904,0,0,0,0,0,0,0,0,0,0,0
48.89999999999904,0,0,0,0,0,0,0,0,0,0,0
48.94999999999904,0,0,0,0,0,0,0,0,0,0,0
48.999999999999034,0,0,0,0,0,0,0,0,0,0,0
49.04999999999903,0,0,0,0,0,0,0,0,0,0,0
49.09999999999903,0,0,0,0,0,0,0,0,0,0,0
49.149999999999025,0,0,0,0,0,0,0,0,0,0,0
49.19999999999902,0,0,0,0,0,0,0,0,0,0,0
49.24999999999902,0,0,0,0,0,0,0,0,0,0,0
49.29999999999902,0,0,0,0,0,0,0,0,0,0,0
49.349999999999014,0,0,0,0,0,0,0,0,0,0,0
49.39999999999901,0,0,0,0,0,0,0,0,0,0,0
49.44999999999901,0,0,0,0,0,0,0,0,0,0,0
49.499999999999005,0,0,0,0,0,0,0,0,0,0,0
49.549999999999,0,0,0,0,0,0,0,0,0,0,0
49.599999999999,0,0,0,0,0,0,0,0,0,0,0
49.649999999999,0,0,0,0,0,0,0,0,0,0,0
49.699999999998994,0,0,0,0,0,0,0,0,0,0,0
49.74999999999899,0,0,0,0,0,0,0,0,0,0,0
49.79999999999899,0,0,0,0,0,0,0,0,0,0,0
49.849999999998985,0,0,0,0,0,0,0,0,0,0,0
49.89999999999898,0,0,0,0,0,0,0,0,0,0,0
49.94999999999898,0,0,0,0,0,0,0,0,0,0,0
49.99999999999898,0,0,0,0,0,0,0,0,0,0,0
50.049999999998974,0,0,0,0,0,0,0,0,0,0,0
50.09999999999897,0,0,0,0,0,0,0,0,0,0,0
50.14999999999897,0,0,0,0,0,0,0,0,0,0,0
50.199999999998965,0,0,0,0,0,0,0,0,0,0,0
50.24999999999896,0,0,0,0,0,0,0,0,0,0,0
50.29999999999896,0,0,0,0,0,0,0,0,0,0,0
50.34999999999896,0,0,0,0,0,0,0,0,0,0,0
50.399999999998954,0,0,0,0,0,0,0,0,0,0,0
50.44999999999895,0,0,0,0,0,0,0,0,0,0,0
50.49999999999895,0,0,0,0,0,0,0,0,0,0,0
50.549999999998946,0,0,0,0,0,0,0,0,0,0,0
50.59999999999894,0,0,0,0,0,0,0,0,0,0,0
50.64999999999894,0,0,0,0,0,0,0,0,0,0,0
50.69999999999894,0,0,0,0,0,0,0,0,0,0,0
50.749999999998934,0,0,0,0,0,0,0,0,0,0,0
50.79999999999893,0,0,0,0,0,0,0,0,0,0,0
50.84999999999893,0,0,0,0,0,0,0,0,0,0,0
50.899999999998926,0,0,0,0,0,0,0,0,0,0,0
50.94999999999892,0,0,0,0,0,0,0,0,0,0,0
50.99999999999892,0,0,0,0,0,0,0,0,0,0,0
51.04999999999892,0,0,0,0,0,0,0,0,0,0,0
51.099999999998914,0,0,0,0,0,0,0,0,0,0,0
51.14999999999891,0,0,0,0,0,0,0,0,0,0,0
51.19999999999891,0,0,0,0,0,0,0,0,0,0,0
51.249999999998906,0,0,0,0,0,0,0,0,0,0,0
51.2999999999989,0,0,0,0,0,0,0,0,0,0,0
51.3499999999989,0,0,0,0,0,0,0,0,0,0,0
51.3999999999989,0,0,0,0,0,0,0,0,0,0,0
51.449999999998894,0,0,0,0,0,0,0,0,0,0,0
51.49999999999889,0,0,0,0,0,0,0,0,0,0,0
51.54999999999889,0,0,0,0,0,0,0,0,0,0,0
51.599999999998886,0,0,0,0,0,0,0,0,0,0,0
51.64999999999888,0,0,0,0,0,0,0,0,0,0,0
51.69999999999888,0,0,0,0,0,0,0,0,0,0,0
51.74999999999888,0,0,0,0,0,0,0,0,0,0,0
51.799999999998875,0,0,0,0,0,0,0,0,0,0,0
51.84999999999887,0,0,0,0,0,0,0,0,0,0,0
51.89999999999887,0,0,0,0,0,0,0,0,0,0,0
51.949999999998866,0,0,0,0,0,0,0,0,0,0,0
51.99999999999886,0,0,0,0,0,0,0,0,0,0,0
52.04999999999886,0,0,0,0,0,0,0,0,0,0,0
52.09999999999886,0,0,0,0,0,0,0,0,0,0,0
52.149999999998855,0,0,0,0,0,0,0,0,0,0,0
52.19999999999885,0,0,0,0,0,0,0,0,0,0,0
52.24999999999885,0,0,0,0,0,0,0,0,0,0,0
52.299999999998846,0,0,0,0,0,0,0,0,0,0,0
52.34999999999884,0,0,0,0,0,0,0,0,0,0,0
52.39999999999884,0,0,0,0,0,0,0,0,0,0,0
52.44999999999884,0,0,0,0,0,0,0,0,0,0,0
52.499999999998835,0,0,0,0,0,0,0,0,0,0,0
52.54999999999883,0,0,0,0,0,0,0,0,0,0,0
52.59999999999883,0,0,0,0,0,0,0,0,0,0,0
52.649999999998826,0,0,0,0,0,0,0,0,0,0,0
52.69999999999882,0,0,0,0,0,0,0,0,0,0,0
52.74999999999882,0,0,0,0,0,0,0,0,0,0,0
52.79999999999882,0,0,0,0,0,0,0,0,0,0,0
52.849999999998815,0,0,0,0,0,0,0,0,0,0,0
52.89999999999881,0,0,0,0,0,0,0,0,0,0,0
52.94999999999881,0,0,0,0,0,0,0,0,0,0,0
52.999999999998806,0,0,0,0,0,0,0,0,0,0,0
53.0499999999988,0,0,0,0,0,0,0,0,0,0,0
53.0999999999988,0,0,0,0,0,0,0,0,0,0,0
53.1499999999988,0,0,0,0,0,0,0,0,0,0,0
53.199999999998795,0,0,0,0,0,0,0,0,0,0,0
53.24999999999879,0,0,0,0,0,0,0,0,0,0,0
53.29999999999879,0,0,0,0,0,0,0,0,0,0,0
53.349999999998786,0,0,0,0,0,0,0,0,0,0,0
53.39999999999878,0,0,0,0,0,0,0,0,0,0,0
53.44999999999878,0,0,0,0,0,0,0,0,0,0,0
53.49999999999878,0,0,0,0,0,0,0,0,0,0,0
53.549999999998775,0,0,0,0,0,0,0,0,0,0,0
53.59999999999877,0,0,0,0,0,0,0,0,0,0,0
53.64999999999877,0,0,0,0,0,0,0,0,0,0,0
53.69999999999877,0,0,0,0,0,0,0,0,0,0,0
53.749999999998764,0,0,0,0,0,0,0,0,0,0,0
53.79999999999876,0,0,0,0,0,0,0,0,0,0,0
53.84999999999876,0,0,0,0,0,0,0,0,0,0,0
53.899999999998755,0,0,0,0,0,0,0,0,0,0,0
53.94999999999875,0,0,0,0,0,0,0,0,0,0,0
53.99999999999875,0,0,0,0,0,0,0,0,0,0,0
54.04999999999875,0,0,0,0,0,0,0,0,0,0,0
54.099999999998744,0,0,0,0,0,0,0,0,0,0,0
54.14999999999874,0,0,0,0,0,0,0,0,0,0,0
54.19999999999874,0,0,0,0,0,0,0,0,0,0,0
54.249999999998735,0,0,0,0,0,0,0,0,0,0,0
54.29999999999873,0,0,0,0,0,0,0,0,0,0,0
54.34999999999873,0,0,0,0,0,0,0,0,0,0,0
54.39999999999873,0,0,0,0,0,0,0,0,0,0,0
54.449999999998724,0,0,0,0,0,0,0,0,0,0,0
54.49999999999872,0,0,0,0,0,0,0,0,0,0,0
54.54999999999872,0,0,0,0,0,0,0,0,0,0,0
54.599999999998715,0,0,0,0,0,0,0,0,0,0,0
54.64999999999871,0,0,0,0,0,0,0,0,0,0,0
54.69999999999871,0,0,0,0,0,0,0,0,0,0,0
54.74999999999871,0,0,0,0,0,0,0,0,0,0,0
54.799999999998704,0,0,0,0,0,0,0,0,0,0,0
54.8499999999987,0,0,0,0,0,0,0,0,0,0,0
54.8999999999987,0,0,0,0,0,0,0,0,0,0,0
54.949999999998695,0,0,0,0,0,0,0,0,0,0,0
54.99999999999869,0,0,0,0,0,0,0,0,0,0,0
55.04999999999869,0,0,0,0,0,0,0,0,0,0,0
55.09999999999869,0,0,0,0,0,0,0,0,0,0,0
55.149999999998684,0,0,0,0,0,0,0,0,0,0,0
55.19999999999868,0,0,0,0,0,0,0,0,0,0,0
55.24999999999868,0,0,0,0,0,0,0,0,0,0,0
55.299999999998676,0,0,0,0,0,0,0,0,0,0,0
55.34999999999867,0,0,0,0,0,0,0,0,0,0,0
55.39999999999867,0,0,0,0,0,0,0,0,0,0,0
55.44999999999867,0,0,0,0,0,0,0,0,0,0,0
55.499999999998664,0,0,0,0,0,0,0,0,0,0,0
55.54999999999866,0,0,0,0,0,0,0,0,0,0,0
55.59999999999866,0,0,0,0,0,0,0,0,0,0,0
55.649999999998656,0,0,0,0,0,0,0,0,0,0,0
55.69999999999865,0,0,0,0,0,0,0,0,0,0,0
55.74999999999865,0,0,0,0,0,0,0,0,0,0,0
55.79999999999865,0,0,0,0,0,0,0,0,0,0,0
55.849999999998644,0,0,0,0,0,0,0,0,0,0,0
55.89999999999864,0,0,0,0,0,0,0,0,0,0,0
55.94999999999864,0,0,0,0,0,0,0,0,0,0,0
