*****
32,0.05,1000,0,1,10,100,0.261843996326,0.0426836366557
32,1000,1000,1000,988,1000,0,0,0,0,0,0
32.05,982,982,982,973,982,0,0,0,0,0,0
32.099999999999994,1024,1024,1024,1014,1024,0,0,0,0,0,0
32.14999999999999,1050,1050,1050,1035,1050,0,0,0,0,0,0
32.19999999999999,992,992,992,974,992,0,0,0,0,0,0
32.249999999999986,1013,1013,1013,1000,1013,0,0,0,0,0,0
32.29999999999998,1045,1045,1045,1030,1045,0,0,0,0,0,0
32.34999999999998,1024,1024,1024,1009,1024,0,0,0,0,0,0
32.39999999999998,1033,1033,1033,1021,1033,0,0,0,0,0,0
32.449999999999974,1001,1001,1001,984,1001,0,0,0,0,0,0
32.49999999999997,1036,1036,1036,1023,1036,0,0,0,0,0,0
32.54999999999997,1024,1024,1024,1003,1024,0,0,0,0,0,0
32.599999999999966,975,975,975,965,975,0,0,0,0,0,0
32.64999999999996,1014,1014,1014,996,1014,0,0,0,0,0,0
32.69999999999996,980,980,980,966,980,0,0,0,0,0,0
32.74999999999996,1015,1015,1015,986,1015,0,0,0,0,0,0
32.799999999999955,1039,1039,1039,1011,1039,0,0,0,0,0,0
32.84999999999995,1020,1020,1020,982,1020,0,0,0,0,0,0
32.89999999999995,1038,1038,1038,994,1038,0,0,0,0,0,0
32.949999999999946,1000,1000,1000,955,1000,0,0,0,0,0,0
32.99999999999994,1009,1009,1009,961,1009,0,0,0,0,0,0
33.04999999999994,984,984,984,940,984,0,0,0,0,0,0
33.09999999999994,1041,1041,1041,993,1041,0,0,0,0,0,0
33.149999999999935,990,990,990,922,990,0,0,0,0,0,0
33.19999999999993,1041,1041,1041,977,1041,0,0,0,0,0,0
33.24999999999993,1027,1027,1027,964,1027,0,0,0,0,0,0
33.299999999999926,1077,1077,1077,996,1077,0,0,0,0,0,0
33.34999999999992,1030,1030,1030,965,1030,0,0,0,0,0,0
33.39999999999992,1021,1021,1021,942,1021,0,0,0,0,0,0
33.44999999999992,1055,1055,1055,963,1055,0,0,0,0,0,0
33.499999999999915,1021,1021,1021,946,1021,0,0,0,0,0,0
33.54999999999991,1009,1009,1009,926,1009,0,0,0,0,0,0
33.59999999999991,1070,1070,1070,957,1070,0,0,0,0,0,0
33.649999999999906,988,988,988,903,988,0,0,0,0,0,0
33.6999999999999,988,988,988,897,988,0,0,0,0,0,0
33.7499999999999,1077,1077,1077,961,1077,0,0,0,0,0,0
33.7999999999999,1039,1039,1039,921,1039,0,0,0,0,0,0
33.849999999999895,962,962,962,848,962,0,0,0,0,0,0
33.89999999999989,996,996,996,875,996,0,0,0,0,0,0
33.94999999999989,998,998,998,856,998,0,0,0,0,0,0
33.999999999999886,1023,1023,1023,907,1023,0,0,0,0,0,0
34.04999999999988,1001,1000,1001,861,1001,0,0,0,0,0,0
34.09999999999988,987,987,987,851,987,0,0,0,0,0,0
34.14999999999988,1021,1019,1018,891,1021,0,0,0,0,0,0
34.199999999999875,1075,1073,1073,921,1074,0,0,0,0,0,0
34.24999999999987,1037,1037,1036,872,1037,0,0,0,0,0,0
34.29999999999987,1040,1040,1037,863,1040,0,0,0,0,0,0
34.349999999999866,1044,1043,1040,878,1044,0,0,0,0,0,0
34.399999999999864,1026,1025,1023,863,1025,0,0,0,0,0,0
34.44999999999986,1018,1014,1013,832,1016,0,0,0,0,0,0
34.49999999999986,1005,996,998,833,1000,0,0,0,0,0,0
34.549999999999855,1032,1027,1027,843,1028,0,0,0,0,0,0
34.59999999999985,1039,1028,1028,840,1032,0,0,0,0,0,0
34.64999999999985,1089,1084,1084,887,1085,0,0,0,0,0,0
34.69999999999985,967,961,959,761,962,0,0,0,0,0,0
34.749999999999844,1045,1037,1037,833,1040,0,0,0,0,0,0
34.79999999999984,1031,1019,1020,815,1025,0,0,0,0,0,0
34.84999999999984,964,944,944,765,950,0,0,0,0,0,0
34.899999999999835,1016,1001,1001,795,1008,0,0,0,0,0,0
34.94999999999983,1054,1038,1037,820,1043,0,0,0,0,0,0
34.99999999999983,1038,1014,1012,794,1022,0,0,0,0,0,0
35.04999999999983,1015,982,985,791,994,0,0,0,0,0,0
35.099999999999824,1066,1039,1036,804,1049,0,0,0,0,0,0
35.14999999999982,1022,988,985,772,994,0,0,0,0,0,0
35.19999999999982,1028,996,994,768,1008,0,0,0,0,0,0
35.249999999999815,1009,955,956,762,970,0,0,0,0,0,0
35.29999999999981,1004,965,954,750,971,0,0,0,0,0,0
35.34999999999981,1008,943,935,734,958,0,0,0,0,0,0
35.39999999999981,984,920,925,715,939,0,0,0,0,0,0
35.449999999999804,1054,972,981,733,999,0,0,0,0,0,0
35.4999999999998,989,910,908,707,934,0,0,0,0,0,0
35.5499999999998,983,891,898,690,918,0,0,0,0,0,0
35.599999999999795,1020,907,905,695,933,0,0,0,0,0,0
35.64999999999979,1010,886,885,707,916,0,0,0,0,0,0
35.69999999999979,1041,924,922,712,946,0,0,0,0,0,0
35.74999999999979,1096,943,943,712,973,0,0,0,0,0,0
35.799999999999784,1099,925,923,686,964,0,0,0,0,0,0
35.84999999999978,1022,845,860,648,893,0,0,0,0,0,0
35.89999999999978,997,833,838,655,867,0,0,0,0,0,0
35.949999999999775,1008,797,797,624,839,0,0,0,0,0,0
35.99999999999977,963,743,746,581,779,0,0,0,0,0,0
36.04999999999977,1043,797,810,634,850,0,0,0,0,0,0
36.09999999999977,996,754,759,579,799,0,0,0,0,0,0
36.149999999999764,1034,761,773,623,803,0,0,0,0,0,0
36.19999999999976,988,727,728,592,777,0,0,0,0,0,0
36.24999999999976,1067,711,714,588,764,0,0,0,0,0,0
36.299999999999756,1055,742,744,595,793,0,0,0,0,0,0
36.34999999999975,1030,661,668,538,720,0,0,0,0,0,0
36.39999999999975,1029,653,663,552,714,0,0,0,0,0,0
36.44999999999975,1034,646,656,539,696,0,0,0,0,0,0
36.499999999999744,1032,604,605,507,653,0,0,0,0,0,0
36.54999999999974,1011,598,616,518,653,0,0,0,0,0,0
36.59999999999974,1018,594,594,486,638,0,0,0,0,0,0
36.649999999999736,942,495,510,415,545,0,0,0,0,0,0
36.69999999999973,1040,538,533,483,596,0,0,0,0,0,0
36.74999999999973,1060,502,509,441,564,0,0,0,0,0,0
36.79999999999973,1080,531,529,449,580,0,0,0,0,0,0
36.849999999999724,1013,474,468,423,522,0,0,0,0,0,0
36.89999999999972,1033,455,456,415,504,0,0,0,0,0,0
36.94999999999972,1002,405,419,379,465,0,0,0,0,0,0
36.999999999999716,1111,420,434,401,487,0,0,0,0,0,0
37.04999999999971,1021,369,370,361,429,0,0,0,0,0,0
37.09999999999971,1077,399,417,372,471,0,0,0,0,0,0
37.14999999999971,1084,364,367,359,415,0,0,0,0,0,0
37.199999999999704,1012,306,298,296,353,0,0,0,0,0,0
37.2499999999997,1000,302,303,298,352,0,0,0,0,0,0
37.2999999999997,1005,265,284,293,322,0,0,0,0,0,0
37.349999999999696,1034,280,288,289,337,0,0,0,0,0,0
37.39999999999969,1037,275,268,302,322,0,0,0,0,0,0
37.44999999999969,996,213,220,229,254,0,0,0,0,0,0
37.49999999999969,1021,225,233,226,263,0,0,0,0,0,0
37.549999999999685,1003,207,203,210,241,0,0,0,0,0,0
37.59999999999968,978,160,159,177,196,0,0,0,0,0,0
37.64999999999968,1033,169,167,199,200,0,0,0,0,0,0
37.699999999999676,1001,156,149,198,175,0,0,0,0,0,0
37.74999999999967,999,149,155,182,180,0,0,0,0,0,0
37.79999999999967,1045,158,160,188,181,0,0,0,0,0,0
37.84999999999967,1058,132,136,171,163,0,0,0,0,0,0
37.899999999999665,1028,121,129,165,153,0,0,0,0,0,0
37.94999999999966,1020,103,105,127,128,0,0,0,0,0,0
37.99999999999966,1062,92,107,145,127,0,0,0,0,0,0
38.049999999999656,1019,89,94,129,108,0,0,0,0,0,0
38.09999999999965,991,70,72,93,94,0,0,0,0,0,0
38.14999999999965,1018,71,68,81,89,0,0,0,0,0,0
38.19999999999965,1047,69,73,89,90,0,0,0,0,0,0
38.249999999999645,1016,76,79,85,98,0,0,0,0,0,0
38.29999999999964,1027,54,56,78,66,0,0,0,0,0,0
38.34999999999964,1072,62,62,74,79,0,0,0,0,0,0
38.399999999999636,994,48,49,71,63,0,0,0,0,0,0
38.44999999999963,1020,44,44,72,55,0,0,0,0,0,0
38.49999999999963,1014,44,42,47,52,0,0,0,0,0,0
38.54999999999963,1025,31,28,43,33,0,0,0,0,0,0
38.599999999999625,1004,33,34,50,43,0,0,0,0,0,0
38.64999999999962,1085,34,35,45,44,0,0,0,0,0,0
38.69999999999962,1012,27,24,37,34,0,0,0,0,0,0
38.749999999999616,984,18,18,32,23,0,0,0,0,0,0
38.79999999999961,1054,34,35,34,39,0,0,0,0,0,0
38.84999999999961,1023,13,15,24,20,0,0,0,0,0,0
38.89999999999961,1003,14,14,24,17,0,0,0,0,0,0
38.949999999999605,1006,20,22,32,24,0,0,0,0,0,0
38.9999999999996,1016,15,13,21,17,0,0,0,0,0,0
39.0499999999996,1030,13,14,16,19,0,0,0,0,0,0
39.099999999999596,1002,8,8,15,9,0,0,0,0,0,0
39.149999999999594,1094,6,5,10,8,0,0,0,0,0,0
39.19999999999959,976,6,10,15,12,0,0,0,0,0,0
39.24999999999959,982,8,9,14,11,0,0,0,0,0,0
39.299999999999585,988,5,4,9,8,0,0,0,0,0,0
39.34999999999958,999,5,8,10,8,0,0,0,0,0,0
39.39999999999958,1042,7,7,18,11,0,0,0,0,0,0
39.44999999999958,1023,7,9,11,10,0,0,0,0,0,0
39.499999999999574,1032,4,6,10,6,0,0,0,0,0,0
39.54999999999957,1026,2,1,2,2,0,0,0,0,0,0
39.59999999999957,1026,1,3,3,3,0,0,0,0,0,0
39.649999999999565,1037,4,6,9,6,0,0,0,0,0,0
39.69999999999956,1047,1,1,0,1,0,0,0,0,0,0
39.74999999999956,1076,5,6,9,7,0,0,0,0,0,0
39.79999999999956,990,1,2,4,2,0,0,0,0,0,0
39.849999999999554,1064,1,1,1,1,0,0,0,0,0,0
39.89999999999955,1006,2,0,4,2,0,0,0,0,0,0
39.94999999999955,1063,0,0,0,0,0,0,0,0,0,0
39.999999999999545,1021,0,2,3,2,0,0,0,0,0,0
40.04999999999954,1053,0,0,2,0,0,0,0,0,0,0
40.09999999999954,994,1,0,0,1,0,0,0,0,0,0
40.14999999999954,1008,2,1,4,4,0,0,0,0,0,0
40.199999999999534,1047,1,0,1,1,0,0,0,0,0,0
40.24999999999953,1038,0,0,1,0,0,0,0,0,0,0
40.29999999999953,1058,0,0,0,0,0,0,0,0,0,0
40.349999999999525,1018,0,0,1,1,0,0,0,0,0,0
40.39999999999952,971,1,1,1,1,0,0,0,0,0,0
40.44999999999952,1008,0,0,0,0,0,0,0,0,0,0
40.49999999999952,1032,0,0,1,0,0,0,0,0,0,0
40.549999999999514,987,1,1,2,1,0,0,0,0,0,0
40.59999999999951,1098,0,0,1,0,0,0,0,0,0,0
40.64999999999951,1034,0,0,0,0,0,0,0,0,0,0
40.699999999999505,987,0,0,0,0,0,0,0,0,0,0
40.7499999999995,1064,0,0,0,0,0,0,0,0,0,0
40.7999999999995,1003,0,0,0,0,0,0,0,0,0,0
40.8499999999995,1029,2,2,2,2,0,0,0,0,0,0
40.899999999999494,1039,0,0,0,0,0,0,0,0,0,0
40.94999999999949,1020,0,0,0,0,0,0,0,0,0,0
40.99999999999949,981,0,0,0,0,0,0,0,0,0,0
41.049999999999486,1054,1,1,1,1,0,0,0,0,0,0
41.09999999999948,1021,0,0,0,0,0,0,0,0,0,0
41.14999999999948,994,0,0,0,0,0,0,0,0,0,0
41.19999999999948,1044,0,0,1,1,0,0,0,0,0,0
41.249999999999474,987,0,0,1,1,0,0,0,0,0,0
41.29999999999947,982,0,0,0,0,0,0,0,0,0,0
41.34999999999947,1024,0,0,0,0,0,0,0,0,0,0
41.399999999999466,1081,0,0,0,0,0,0,0,0,0,0
41.44999999999946,1000,0,0,0,0,0,0,0,0,0,0
41.49999999999946,1009,0,0,0,0,0,0,0,0,0,0
41.54999999999946,1035,0,0,0,0,0,0,0,0,0,0
41.599999999999454,1071,0,0,0,0,0,0,0,0,0,0
41.64999999999945,999,0,0,0,0,0,0,0,0,0,0
41.69999999999945,1010,0,0,0,0,0,0,0,0,0,0
41.749999999999446,1050,0,0,0,0,0,0,0,0,0,0
41.79999999999944,1036,0,0,0,0,0,0,0,0,0,0
41.84999999999944,1054,0,0,0,0,0,0,0,0,0,0
41.89999999999944,1031,0,0,0,0,0,0,0,0,0,0
41.949999999999434,1018,0,0,0,0,0,0,0,0,0,0
41.99999999999943,993,0,0,0,0,0,0,0,0,0,0
42.04999999999943,1024,0,0,0,0,0,0,0,0,0,0
42.099999999999426,1059,0,0,0,0,0,0,0,0,0,0
42.14999999999942,1024,0,0,0,0,0,0,0,0,0,0
42.19999999999942,1019,0,0,0,0,0,0,0,0,0,0
42.24999999999942,987,0,0,0,0,0,0,0,0,0,0
42.299999999999415,1068,0,0,0,0,0,0,0,0,0,0
42.34999999999941,1074,0,0,0,0,0,0,0,0,0,0
42.39999999999941,1016,0,0,0,0,0,0,0,0,0,0
42.449999999999406,1000,0,0,0,0,0,0,0,0,0,0
42.4999999999994,1038,0,0,0,0,0,0,0,0,0,0
42.5499999999994,1058,0,0,0,0,0,0,0,0,0,0
42.5999999999994,1033,0,0,0,0,0,0,0,0,0,0
42.649999999999395,1008,0,0,0,0,0,0,0,0,0,0
42.69999999999939,997,0,0,0,0,0,0,0,0,0,0
42.74999999999939,998,0,0,0,0,0,0,0,0,0,0
42.799999999999386,1013,0,0,0,0,0,0,0,0,0,0
42.84999999999938,1063,0,0,0,0,0,0,0,0,0,0
42.89999999999938,1040,0,0,0,0,0,0,0,0,0,0
42.94999999999938,1030,0,0,0,0,0,0,0,0,0,0
42.999999999999375,1035,0,0,0,0,0,0,0,0,0,0
43.04999999999937,1050,0,0,0,0,0,0,0,0,0,0
43.09999999999937,1042,0,0,0,0,0,0,0,0,0,0
43.149999999999366,1023,0,0,0,0,0,0,0,0,0,0
43.19999999999936,1012,0,0,0,0,0,0,0,0,0,0
43.24999999999936,1034,0,0,0,0,0,0,0,0,0,0
43.29999999999936,1020,0,0,0,0,0,0,0,0,0,0
43.349999999999355,992,0,0,0,0,0,0,0,0,0,0
43.39999999999935,936,0,0,0,0,0,0,0,0,0,0
43.44999999999935,1040,0,0,0,0,0,0,0,0,0,0
43.499999999999346,1024,0,0,0,0,0,0,0,0,0,0
43.54999999999934,1007,0,0,0,0,0,0,0,0,0,0
43.59999999999934,1067,0,0,0,0,0,0,0,0,0,0
43.64999999999934,1009,0,0,0,0,0,0,0,0,0,0
43.699999999999335,1012,0,0,0,0,0,0,0,0,0,0
43.74999999999933,1003,0,0,0,0,0,0,0,0,0,0
43.79999999999933,1020,0,0,0,0,0,0,0,0,0,0
43.849999999999326,1044,0,0,0,0,0,0,0,0,0,0
43.899999999999324,1080,0,0,0,0,0,0,0,0,0,0
43.94999999999932,1033,0,0,0,0,0,0,0,0,0,0
43.99999999999932,1028,0,0,0,0,0,0,0,0,0,0
44.049999999999315,1016,0,0,0,0,0,0,0,0,0,0
44.09999999999931,977,0,0,0,0,0,0,0,0,0,0
44.14999999999931,1033,0,0,0,0,0,0,0,0,0,0
44.19999999999931,980,0,0,0,0,0,0,0,0,0,0
44.249999999999304,1017,0,0,0,0,0,0,0,0,0,0
44.2999999999993,960,0,0,0,0,0,0,0,0,0,0
44.3499999999993,1021,0,0,0,0,0,0,0,0,0,0
44.399999999999295,1019,0,0,0,0,0,0,0,0,0,0
44.44999999999929,1028,0,0,0,0,0,0,0,0,0,0
44.49999999999929,1047,0,0,0,0,0,0,0,0,0,0
44.54999999999929,1082,0,0,0,0,0,0,0,0,0,0
44.599999999999284,1041,0,0,0,0,0,0,0,0,0,0
44.64999999999928,1054,0,0,0,0,0,0,0,0,0,0
44.69999999999928,987,0,0,0,0,0,0,0,0,0,0
44.749999999999275,1025,0,0,0,0,0,0,0,0,0,0
44.79999999999927,1052,0,0,0,0,0,0,0,0,0,0
44.84999999999927,994,0,0,0,0,0,0,0,0,0,0
44.89999999999927,1031,0,0,0,0,0,0,0,0,0,0
44.949999999999264,996,0,0,0,0,0,0,0,0,0,0
44.99999999999926,1035,0,0,0,0,0,0,0,0,0,0
45.04999999999926,956,0,0,0,0,0,0,0,0,0,0
45.099999999999255,1001,0,0,0,0,0,0,0,0,0,0
45.14999999999925,1063,0,0,0,0,0,0,0,0,0,0
45.19999999999925,1048,0,0,0,0,0,0,0,0,0,0
45.24999999999925,1042,0,0,0,0,0,0,0,0,0,0
45.299999999999244,1004,0,0,0,0,0,0,0,0,0,0
45.34999999999924,1024,0,0,0,0,0,0,0,0,0,0
45.39999999999924,1042,0,0,0,0,0,0,0,0,0,0
45.449999999999235,996,0,0,0,0,0,0,0,0,0,0
45.49999999999923,1060,0,0,0,0,0,0,0,0,0,0
45.54999999999923,1027,0,0,0,0,0,0,0,0,0,0
45.59999999999923,1028,0,0,0,0,0,0,0,0,0,0
45.649999999999224,1041,0,0,0,0,0,0,0,0,0,0
45.69999999999922,1044,0,0,0,0,0,0,0,0,0,0
45.74999999999922,999,0,0,0,0,0,0,0,0,0,0
45.799999999999216,1058,0,0,0,0,0,0,0,0,0,0
45.84999999999921,1041,0,0,0,0,0,0,0,0,0,0
45.89999999999921,1034,0,0,0,0,0,0,0,0,0,0
45.94999999999921,984,0,0,0,0,0,0,0,0,0,0
45.999999999999204,1000,0,0,0,0,0,0,0,0,0,0
46.0499999999992,1011,0,0,0,0,0,0,0,0,0,0
46.0999999999992,1038,0,0,0,0,0,0,0,0,0,0
46.149999999999196,1036,0,0,0,0,0,0,0,0,0,0
46.19999999999919,1058,0,0,0,0,0,0,0,0,0,0
46.24999999999919,1019,0,0,0,0,0,0,0,0,0,0
46.29999999999919,969,0,0,0,0,0,0,0,0,0,0
46.349999999999184,1058,0,0,0,0,0,0,0,0,0,0
46.39999999999918,1043,0,0,0,0,0,0,0,0,0,0
46.44999999999918,1035,0,0,0,0,0,0,0,0,0,0
46.499999999999176,1079,0,0,0,0,0,0,0,0,0,0
46.54999999999917,1050,0,0,0,0,0,0,0,0,0,0
46.59999999999917,1003,0,0,0,0,0,0,0,0,0,0
46.64999999999917,1026,0,0,0,0,0,0,0,0,0,0
46.699999999999164,1044,0,0,0,0,0,0,0,0,0,0
46.74999999999916,1025,0,0,0,0,0,0,0,0,0,0
46.79999999999916,1019,0,0,0,0,0,0,0,0,0,0
46.849999999999156,1032,0,0,0,0,0,0,0,0,0,0
46.89999999999915,1040,0,0,0,0,0,0,0,0,0,0
46.94999999999915,944,0,0,0,0,0,0,0,0,0,0
46.99999999999915,1010,0,0,0,0,0,0,0,0,0,0
47.049999999999145,1002,0,0,0,0,0,0,0,0,0,0
47.09999999999914,1050,0,0,0,0,0,0,0,0,0,0
47.14999999999914,1007,0,0,0,0,0,0,0,0,0,0
47.199999999999136,951,0,0,0,0,0,0,0,0,0,0
47.24999999999913,1017,0,0,0,0,0,0,0,0,0,0
47.29999999999913,1076,0,0,0,0,0,0,0,0,0,0
47.34999999999913,1049,0,0,0,0,0,0,0,0,0,0
47.399999999999125,1028,0,0,0,0,0,0,0,0,0,0
47.44999999999912,964,0,0,0,0,0,0,0,0,0,0
47.49999999999912,1000,0,0,0,0,0,0,0,0,0,0
47.549999999999116,1020,0,0,0,0,0,0,0,0,0,0
47.59999999999911,971,0,0,0,0,0,0,0,0,0,0
47.64999999999911,1018,0,0,0,0,0,0,0,0,0,0
47.69999999999911,1044,0,0,0,0,0,0,0,0,0,0
47.749999999999105,1040,0,0,0,0,0,0,0,0,0,0
47.7999999999991,1010,0,0,0,0,0,0,0,0,0,0
47.8499999999991,1064,0,0,0,0,0,0,0,0,0,0
47.899999999999096,1005,0,0,0,0,0,0,0,0,0,0
47.94999999999909,1114,0,0,0,0,0,0,0,0,0,0
47.99999999999909,988,0,0,0,0,0,0,0,0,0,0
48.04999999999909,961,0,0,0,0,0,0,0,0,0,0
48.099999999999085,1033,0,0,0,0,0,0,0,0,0,0
48.14999999999908,1019,0,0,0,0,0,0,0,0,0,0
48.19999999999908,1026,0,0,0,0,0,0,0,0,0,0
48.249999999999076,1084,0,0,0,0,0,0,0,0,0,0
48.29999999999907,1013,0,0,0,0,0,0,0,0,0,0
48.34999999999907,1021,0,0,0,0,0,0,0,0,0,0
48.39999999999907,1028,0,0,0,0,0,0,0,0,0,0
48.449999999999065,992,0,0,0,0,0,0,0,0,0,0
48.49999999999906,1071,0,0,0,0,0,0,0,0,0,0
48.54999999999906,1047,0,0,0,0,0,0,0,0,0,0
48.599999999999056,1084,0,0,0,0,0,0,0,0,0,0
48.649999999999054,1008,0,0,0,0,0,0,0,0,0,0
48.69999999999905,1002,0,0,0,0,0,0,0,0,0,0
48.74999999999905,1027,0,0,0,0,0,0,0,0,0,0
48.799999999999045,1084,0,0,0,0,0,0,0,0,0,0
48.84999999999904,985,0,0,0,0,0,0,0,0,0,0
48.89999999999904,1041,0,0,0,0,0,0,0,0,0,0
48.94999999999904,1058,0,0,0,0,0,0,0,0,0,0
48.999999999999034,998,0,0,0,0,0,0,0,0,0,0
49.04999999999903,1001,0,0,0,0,0,0,0,0,0,0
49.09999999999903,1014,0,0,0,0,0,0,0,0,0,0
49.149999999999025,987,0,0,0,0,0,0,0,0,0,0
49.19999999999902,1039,0,0,0,0,0,0,0,0,0,0
49.24999999999902,1006,0,0,0,0,0,0,0,0,0,0
49.29999999999902,1047,0,0,0,0,0,0,0,0,0,0
49.349999999999014,1064,0,0,0,0,0,0,0,0,0,0
49.39999999999901,1020,0,0,0,0,0,0,0,0,0,0
49.44999999999901,990,0,0,0,0,0,0,0,0,0,0
49.499999999999005,1003,0,0,0,0,0,0,0,0,0,0
49.549999999999,1018,0,0,0,0,0,0,0,0,0,0
49.599999999999,1063,0,0,0,0,0,0,0,0,0,0
49.649999999999,1025,0,0,0,0,0,0,0,0,0,0
49.699999999998994,1010,0,0,0,0,0,0,0,0,0,0
49.74999999999899,1067,0,0,0,0,0,0,0,0,0,0
49.79999999999899,1041,0,0,0,0,0,0,0,0,0,0
49.849999999998985,1041,0,0,0,0,0,0,0,0,0,0
49.89999999999898,1059,0,0,0,0,0,0,0,0,0,0
49.94999999999898,972,0,0,0,0,0,0,0,0,0,0
49.99999999999898,971,0,0,0,0,0,0,0,0,0,0
50.049999999998974,1019,0,0,0,0,0,0,0,0,0,0
50.09999999999897,1045,0,0,0,0,0,0,0,0,0,0
50.14999999999897,995,0,0,0,0,0,0,0,0,0,0
50.199999999998965,1070,0,0,0,0,0,0,0,0,0,0
50.24999999999896,1100,0,0,0,0,0,0,0,0,0,0
50.29999999999896,1030,0,0,0,0,0,0,0,0,0,0
50.34999999999896,1011,0,0,0,0,0,0,0,0,0,0
50.399999999998954,1013,0,0,0,0,0,0,0,0,0,0
50.44999999999895,1033,0,0,0,0,0,0,0,0,0,0
50.49999999999895,988,0,0,0,0,0,0,0,0,0,0
50.549999999998946,1020,0,0,0,0,0,0,0,0,0,0
50.59999999999894,980,0,0,0,0,0,0,0,0,0,0
50.64999999999894,1020,0,0,0,0,0,0,0,0,0,0
50.69999999999894,1044,0,0,0,0,0,0,0,0,0,0
50.749999999998934,1041,0,0,0,0,0,0,0,0,0,0
50.79999999999893,1037,0,0,0,0,0,0,0,0,0,0
50.84999999999893,971,0,0,0,0,0,0,0,0,0,0
50.899999999998926,993,0,0,0,0,0,0,0,0,0,0
50.94999999999892,1066,0,0,0,0,0,0,0,0,0,0
50.99999999999892,1035,0,0,0,0,0,0,0,0,0,0
51.04999999999892,976,0,0,0,0,0,0,0,0,0,0
51.099999999998914,997,0,0,0,0,0,0,0,0,0,0
51.14999999999891,1004,0,0,0,0,0,0,0,0,0,0
51.19999999999891,1039,0,0,0,0,0,0,0,0,0,0
51.249999999998906,1041,0,0,0,0,0,0,0,0,0,0
51.2999999999989,1037,0,0,0,0,0,0,0,0,0,0
51.3499999999989,1030,0,0,0,0,0,0,0,0,0,0
51.3999999999989,1028,0,0,0,0,0,0,0,0,0,0
51.449999999998894,1012,0,0,0,0,0,0,0,0,0,0
51.49999999999889,1018,0,0,0,0,0,0,0,0,0,0
51.54999999999889,1050,0,0,0,0,0,0,0,0,0,0
51.599999999998886,968,0,0,0,0,0,0,0,0,0,0
51.64999999999888,1012,0,0,0,0,0,0,0,0,0,0
51.69999999999888,1039,0,0,0,0,0,0,0,0,0,0
51.74999999999888,1058,0,0,0,0,0,0,0,0,0,0
51.799999999998875,981,0,0,0,0,0,0,0,0,0,0
51.84999999999887,1005,0,0,0,0,0,0,0,0,0,0
51.89999999999887,1060,0,0,0,0,0,0,0,0,0,0
51.949999999998866,1047,0,0,0,0,0,0,0,0,0,0
51.99999999999886,1042,0,0,0,0,0,0,0,0,0,0
52.04999999999886,976,0,0,0,0,0,0,0,0,0,0
52.09999999999886,974,0,0,0,0,0,0,0,0,0,0
52.149999999998855,1071,0,0,0,0,0,0,0,0,0,0
52.19999999999885,1030,0,0,0,0,0,0,0,0,0,0
52.24999999999885,1030,0,0,0,0,0,0,0,0,0,0
52.299999999998846,1066,0,0,0,0,0,0,0,0,0,0
52.34999999999884,1029,0,0,0,0,0,0,0,0,0,0
52.39999999999884,1039,0,0,0,0,0,0,0,0,0,0
52.44999999999884,1042,0,0,0,0,0,0,0,0,0,0
52.499999999998835,988,0,0,0,0,0,0,0,0,0,0
52.54999999999883,1008,0,0,0,0,0,0,0,0,0,0
52.59999999999883,1046,0,0,0,0,0,0,0,0,0,0
52.649999999998826,1131,0,0,0,0,0,0,0,0,0,0
52.69999999999882,993,0,0,0,0,0,0,0,0,0,0
52.74999999999882,1021,0,0,0,0,0,0,0,0,0,0
52.79999999999882,1033,0,0,0,0,0,0,0,0,0,0
52.849999999998815,1065,0,0,0,0,0,0,0,0,0,0
52.89999999999881,970,0,0,0,0,0,0,0,0,0,0
52.94999999999881,1013,0,0,0,0,0,0,0,0,0,0
52.999999999998806,987,0,0,0,0,0,0,0,0,0,0
53.0499999999988,1016,0,0,0,0,0,0,0,0,0,0
53.0999999999988,1029,0,0,0,0,0,0,0,0,0,0
53.1499999999988,1009,0,0,0,0,0,0,0,0,0,0
53.199999999998795,1040,0,0,0,0,0,0,0,0,0,0
53.24999999999879,982,0,0,0,0,0,0,0,0,0,0
53.29999999999879,1028,0,0,0,0,0,0,0,0,0,0
53.349999999998786,1016,0,0,0,0,0,0,0,0,0,0
53.39999999999878,1004,0,0,0,0,0,0,0,0,0,0
53.44999999999878,970,0,0,0,0,0,0,0,0,0,0
53.49999999999878,1033,0,0,0,0,0,0,0,0,0,0
53.549999999998775,1067,0,0,0,0,0,0,0,0,0,0
53.59999999999877,1029,0,0,0,0,0,0,0,0,0,0
53.64999999999877,1041,0,0,0,0,0,0,0,0,0,0
53.69999999999877,981,0,0,0,0,0,0,0,0,0,0
53.749999999998764,999,0,0,0,0,0,0,0,0,0,0
53.79999999999876,1022,0,0,0,0,0,0,0,0,0,0
53.84999999999876,975,0,0,0,0,0,0,0,0,0,0
53.899999999998755,1003,0,0,0,0,0,0,0,0,0,0
53.94999999999875,1080,0,0,0,0,0,0,0,0,0,0
53.99999999999875,1001,0,0,0,0,0,0,0,0,0,0
54.04999999999875,1013,0,0,0,0,0,0,0,0,0,0
54.099999999998744,1036,0,0,0,0,0,0,0,0,0,0
54.14999999999874,1024,0,0,0,0,0,0,0,0,0,0
54.19999999999874,1035,0,0,0,0,0,0,0,0,0,0
54.249999999998735,1031,0,0,0,0,0,0,0,0,0,0
54.29999999999873,1069,0,0,0,0,0,0,0,0,0,0
54.34999999999873,973,0,0,0,0,0,0,0,0,0,0
54.39999999999873,1068,0,0,0,0,0,0,0,0,0,0
54.449999999998724,997,0,0,0,0,0,0,0,0,0,0
54.49999999999872,973,0,0,0,0,0,0,0,0,0,0
54.54999999999872,1058,0,0,0,0,0,0,0,0,0,0
54.599999999998715,1046,0,0,0,0,0,0,0,0,0,0
54.64999999999871,1105,0,0,0,0,0,0,0,0,0,0
54.69999999999871,1003,0,0,0,0,0,0,0,0,0,0
54.74999999999871,1032,0,0,0,0,0,0,0,0,0,0
54.799999999998704,962,0,0,0,0,0,0,0,0,0,0
54.8499999999987,987,0,0,0,0,0,0,0,0,0,0
54.8999999999987,985,0,0,0,0,0,0,0,0,0,0
54.949999999998695,1032,0,0,0,0,0,0,0,0,0,0
54.99999999999869,1027,0,0,0,0,0,0,0,0,0,0
55.04999999999869,1076,0,0,0,0,0,0,0,0,0,0
55.09999999999869,1092,0,0,0,0,0,0,0,0,0,0
55.149999999998684,1037,0,0,0,0,0,0,0,0,0,0
55.19999999999868,1011,0,0,0,0,0,0,0,0,0,0
55.24999999999868,982,0,0,0,0,0,0,0,0,0,0
55.299999999998676,1005,0,0,0,0,0,0,0,0,0,0
55.34999999999867,998,0,0,0,0,0,0,0,0,0,0
55.39999999999867,1022,0,0,0,0,0,0,0,0,0,0
55.44999999999867,1054,0,0,0,0,0,0,0,0,0,0
55.499999999998664,1036,0,0,0,0,0,0,0,0,0,0
55.54999999999866,1057,0,0,0,0,0,0,0,0,0,0
55.59999999999866,991,0,0,0,0,0,0,0,0,0,0
55.649999999998656,984,0,0,0,0,0,0,0,0,0,0
55.69999999999865,985,0,0,0,0,0,0,0,0,0,0
55.74999999999865,1048,0,0,0,0,0,0,0,0,0,0
55.79999999999865,1029,0,0,0,0,0,0,0,0,0,0
55.849999999998644,1005,0,0,0,0,0,0,0,0,0,0
55.89999999999864,1008,0,0,0,0,0,0,0,0,0,0
55.94999999999864,1009,0,0,0,0,0,0,0,0,0,0
55.999999999998636,1027,0,0,0,0,0,0,0,0,0,0
56.04999999999863,1029,0,0,0,0,0,0,0,0,0,0
56.09999999999863,1028,0,0,0,0,0,0,0,0,0,0
56.14999999999863,978,0,0,0,0,0,0,0,0,0,0
56.199999999998624,1008,0,0,0,0,0,0,0,0,0,0
56.24999999999862,1011,0,0,0,0,0,0,0,0,0,0
56.29999999999862,1051,0,0,0,0,0,0,0,0,0,0
56.349999999998616,1019,0,0,0,0,0,0,0,0,0,0
56.39999999999861,1027,0,0,0,0,0,0,0,0,0,0
56.44999999999861,1050,0,0,0,0,0,0,0,0,0,0
56.49999999999861,1101,0,0,0,0,0,0,0,0,0,0
56.549999999998604,1031,0,0,0,0,0,0,0,0,0,0
56.5999999999986,1020,0,0,0,0,0,0,0,0,0,0
56.6499999999986,994,0,0,0,0,0,0,0,0,0,0
56.699999999998596,1012,0,0,0,0,0,0,0,0,0,0
56.74999999999859,1035,0,0,0,0,0,0,0,0,0,0
56.79999999999859,1030,0,0,0,0,0,0,0,0,0,0
56.84999999999859,1049,0,0,0,0,0,0,0,0,0,0
56.899999999998585,1068,0,0,0,0,0,0,0,0,0,0
56.94999999999858,1035,0,0,0,0,0,0,0,0,0,0
56.99999999999858,1073,0,0,0,0,0,0,0,0,0,0
57.049999999998576,1004,0,0,0,0,0,0,0,0,0,0
57.09999999999857,1007,0,0,0,0,0,0,0,0,0,0
57.14999999999857,1014,0,0,0,0,0,0,0,0,0,0
57.19999999999857,965,0,0,0,0,0,0,0,0,0,0
57.249999999998565,1062,0,0,0,0,0,0,0,0,0,0
57.29999999999856,990,0,0,0,0,0,0,0,0,0,0
57.34999999999856,1010,0,0,0,0,0,0,0,0,0,0
57.399999999998556,978,0,0,0,0,0,0,0,0,0,0
57.44999999999855,978,0,0,0,0,0,0,0,0,0,0
57.49999999999855,1036,0,0,0,0,0,0,0,0,0,0
57.54999999999855,1062,0,0,0,0,0,0,0,0,0,0
57.599999999998545,1024,0,0,0,0,0,0,0,0,0,0
57.64999999999854,992,0,0,0,0,0,0,0,0,0,0
57.69999999999854,1051,0,0,0,0,0,0,0,0,0,0
57.749999999998536,966,0,0,0,0,0,0,0,0,0,0
57.79999999999853,1081,0,0,0,0,0,0,0,0,0,0
57.84999999999853,1046,0,0,0,0,0,0,0,0,0,0
57.89999999999853,1064,0,0,0,0,0,0,0,0,0,0
57.949999999998525,1033,0,0,0,0,0,0,0,0,0,0
57.99999999999852,1028,0,0,0,0,0,0,0,0,0,0
58.04999999999852,1024,0,0,0,0,0,0,0,0,0,0
58.099999999998516,1048,0,0,0,0,0,0,0,0,0,0
58.14999999999851,1018,0,0,0,0,0,0,0,0,0,0
58.19999999999851,1026,0,0,0,0,0,0,0,0,0,0
58.24999999999851,1074,0,0,0,0,0,0,0,0,0,0
58.299999999998505,989,0,0,0,0,0,0,0,0,0,0
58.3499999999985,1017,0,0,0,0,0,0,0,0,0,0
58.3999999999985,935,0,0,0,0,0,0,0,0,0,0
58.4499999999985,998,0,0,0,0,0,0,0,0,0,0
58.499999999998494,1044,0,0,0,0,0,0,0,0,0,0
58.54999999999849,1011,0,0,0,0,0,0,0,0,0,0
58.59999999999849,1031,0,0,0,0,0,0,0,0,0,0
58.649999999998485,993,0,0,0,0,0,0,0,0,0,0
58.69999999999848,1038,0,0,0,0,0,0,0,0,0,0
58.74999999999848,1020,0,0,0,0,0,0,0,0,0,0
58.79999999999848,1000,0,0,0,0,0,0,0,0,0,0
58.849999999998474,983,0,0,0,0,0,0,0,0,0,0
58.89999999999847,1030,0,0,0,0,0,0,0,0,0,0
58.94999999999847,1031,0,0,0,0,0,0,0,0,0,0
58.999999999998465,969,0,0,0,0,0,0,0,0,0,0
59.04999999999846,996,0,0,0,0,0,0,0,0,0,0
59.09999999999846,977,0,0,0,0,0,0,0,0,0,0
59.14999999999846,1050,0,0,0,0,0,0,0,0,0,0
59.199999999998454,981,0,0,0,0,0,0,0,0,0,0
59.24999999999845,1057,0,0,0,0,0,0,0,0,0,0
59.29999999999845,1048,0,0,0,0,0,0,0,0,0,0
59.349999999998445,1000,0,0,0,0,0,0,0,0,0,0
59.39999999999844,1050,0,0,0,0,0,0,0,0,0,0
59.44999999999844,1039,0,0,0,0,0,0,0,0,0,0
59.49999999999844,1031,0,0,0,0,0,0,0,0,0,0
59.549999999998434,1004,0,0,0,0,0,0,0,0,0,0
59.59999999999843,993,0,0,0,0,0,0,0,0,0,0
59.64999999999843,1074,0,0,0,0,0,0,0,0,0,0
59.699999999998425,1054,0,0,0,0,0,0,0,0,0,0
59.74999999999842,984,0,0,0,0,0,0,0,0,0,0
59.79999999999842,1043,0,0,0,0,0,0,0,0,0,0
59.84999999999842,1049,0,0,0,0,0,0,0,0,0,0
59.899999999998414,1056,0,0,0,0,0,0,0,0,0,0
59.94999999999841,988,0,0,0,0,0,0,0,0,0,0
59.99999999999841,1025,0,0,0,0,0,0,0,0,0,0
60.049999999998406,980,0,0,0,0,0,0,0,0,0,0
60.0999999999984,1053,0,0,0,0,0,0,0,0,0,0
60.1499999999984,1036,0,0,0,0,0,0,0,0,0,0
60.1999999999984,1016,0,0,0,0,0,0,0,0,0,0
60.249999999998394,1022,0,0,0,0,0,0,0,0,0,0
60.29999999999839,1047,0,0,0,0,0,0,0,0,0,0
60.34999999999839,1037,0,0,0,0,0,0,0,0,0,0
60.399999999998386,1001,0,0,0,0,0,0,0,0,0,0
60.44999999999838,1038,0,0,0,0,0,0,0,0,0,0
60.49999999999838,1038,0,0,0,0,0,0,0,0,0,0
60.54999999999838,999,0,0,0,0,0,0,0,0,0,0
60.599999999998374,1063,0,0,0,0,0,0,0,0,0,0
60.64999999999837,1020,0,0,0,0,0,0,0,0,0,0
60.69999999999837,1065,0,0,0,0,0,0,0,0,0,0
60.749999999998366,977,0,0,0,0,0,0,0,0,0,0
60.79999999999836,1028,0,0,0,0,0,0,0,0,0,0
60.84999999999836,1008,0,0,0,0,0,0,0,0,0,0
60.89999999999836,1027,0,0,0,0,0,0,0,0,0,0
60.949999999998354,1033,0,0,0,0,0,0,0,0,0,0
60.99999999999835,983,0,0,0,0,0,0,0,0,0,0
61.04999999999835,985,0,0,0,0,0,0,0,0,0,0
61.099999999998346,1000,0,0,0,0,0,0,0,0,0,0
61.14999999999834,1032,0,0,0,0,0,0,0,0,0,0
61.19999999999834,1005,0,0,0,0,0,0,0,0,0,0
61.24999999999834,1018,0,0,0,0,0,0,0,0,0,0
61.299999999998334,1038,0,0,0,0,0,0,0,0,0,0
61.34999999999833,974,0,0,0,0,0,0,0,0,0,0
61.39999999999833,1013,0,0,0,0,0,0,0,0,0,0
61.449999999998326,1065,0,0,0,0,0,0,0,0,0,0
61.49999999999832,1010,0,0,0,0,0,0,0,0,0,0
61.54999999999832,1048,0,0,0,0,0,0,0,0,0,0
61.59999999999832,986,0,0,0,0,0,0,0,0,0,0
61.649999999998315,1050,0,0,0,0,0,0,0,0,0,0
61.69999999999831,1090,0,0,0,0,0,0,0,0,0,0
61.74999999999831,1000,0,0,0,0,0,0,0,0,0,0
61.799999999998306,1036,0,0,0,0,0,0,0,0,0,0
61.8499999999983,1078,0,0,0,0,0,0,0,0,0,0
61.8999999999983,1007,0,0,0,0,0,0,0,0,0,0
61.9499999999983,1003,0,0,0,0,0,0,0,0,0,0
61.999999999998295,1018,0,0,0,0,0,0,0,0,0,0
62.04999999999829,1001,0,0,0,0,0,0,0,0,0,0
62.09999999999829,1016,0,0,0,0,0,0,0,0,0,0
62.149999999998286,1005,0,0,0,0,0,0,0,0,0,0
62.19999999999828,1063,0,0,0,0,0,0,0,0,0,0
62.24999999999828,1006,0,0,0,0,0,0,0,0,0,0
62.29999999999828,1063,0,0,0,0,0,0,0,0,0,0
62.349999999998275,1000,0,0,0,0,0,0,0,0,0,0
62.39999999999827,1056,0,0,0,0,0,0,0,0,0,0
62.44999999999827,992,0,0,0,0,0,0,0,0,0,0
62.499999999998266,1024,0,0,0,0,0,0,0,0,0,0
62.54999999999826,1002,0,0,0,0,0,0,0,0,0,0
62.59999999999826,969,0,0,0,0,0,0,0,0,0,0
62.64999999999826,1065,0,0,0,0,0,0,0,0,0,0
62.699999999998255,1090,0,0,0,0,0,0,0,0,0,0
62.74999999999825,1036,0,0,0,0,0,0,0,0,0,0
62.79999999999825,1012,0,0,0,0,0,0,0,0,0,0
62.849999999998246,1038,0,0,0,0,0,0,0,0,0,0
62.89999999999824,1028,0,0,0,0,0,0,0,0,0,0
62.94999999999824,1070,0,0,0,0,0,0,0,0,0,0
62.99999999999824,1037,0,0,0,0,0,0,0,0,0,0
63.049999999998235,958,0,0,0,0,0,0,0,0,0,0
63.09999999999823,1012,0,0,0,0,0,0,0,0,0,0
63.14999999999823,1022,0,0,0,0,0,0,0,0,0,0
63.19999999999823,1006,0,0,0,0,0,0,0,0,0,0
63.249999999998224,957,0,0,0,0,0,0,0,0,0,0
63.29999999999822,1049,0,0,0,0,0,0,0,0,0,0
63.34999999999822,1077,0,0,0,0,0,0,0,0,0,0
63.399999999998215,972,0,0,0,0,0,0,0,0,0,0
63.44999999999821,990,0,0,0,0,0,0,0,0,0,0
63.49999999999821,1044,0,0,0,0,0,0,0,0,0,0
63.54999999999821,1005,0,0,0,0,0,0,0,0,0,0
63.599999999998204,1083,0,0,0,0,0,0,0,0,0,0
63.6499999999982,1018,0,0,0,0,0,0,0,0,0,0
63.6999999999982,1053,0,0,0,0,0,0,0,0,0,0
63.749999999998195,1030,0,0,0,0,0,0,0,0,0,0
63.79999999999819,1004,0,0,0,0,0,0,0,0,0,0
63.84999999999819,991,0,0,0,0,0,0,0,0,0,0
63.89999999999819,1034,0,0,0,0,0,0,0,0,0,0
63.949999999998184,1045,0,0,0,0,0,0,0,0,0,0
63.99999999999818,1014,0,0,0,0,0,0,0,0,0,0
64.04999999999818,956,0,0,0,0,0,0,0,0,0,0
64.09999999999818,865,0,0,0,0,0,0,0,0,0,0
64.14999999999817,831,0,0,0,0,0,0,0,0,0,0
64.19999999999817,811,0,0,0,0,0,0,0,0,0,0
64.24999999999817,737,0,0,0,0,0,0,0,0,0,0
64.29999999999816,711,0,0,0,0,0,0,0,0,0,0
64.34999999999816,596,0,0,0,0,0,0,0,0,0,0
64.39999999999816,608,0,0,0,0,0,0,0,0,0,0
64.44999999999816,487,0,0,0,0,0,0,0,0,0,0
64.49999999999815,486,0,0,0,0,0,0,0,0,0,0
64.54999999999815,481,0,0,0,0,0,0,0,0,0,0
64.59999999999815,366,0,0,0,0,0,0,0,0,0,0
64.64999999999814,307,0,0,0,0,0,0,0,0,0,0
64.69999999999814,288,0,0,0,0,0,0,0,0,0,0
64.74999999999814,231,0,0,0,0,0,0,0,0,0,0
64.79999999999814,169,0,0,0,0,0,0,0,0,0,0
64.84999999999813,144,0,0,0,0,0,0,0,0,0,0
64.89999999999813,98,0,0,0,0,0,0,0,0,0,0
64.94999999999813,30,0,0,0,0,0,0,0,0,0,0
64.99999999999812,0,0,0,0,0,0,0,0,0,0,0
65.04999999999812,0,0,0,0,0,0,0,0,0,0,0
65.09999999999812,0,0,0,0,0,0,0,0,0,0,0
65.14999999999812,0,0,0,0,0,0,0,0,0,0,0
65.19999999999811,0,0,0,0,0,0,0,0,0,0,0
65.24999999999811,0,0,0,0,0,0,0,0,0,0,0
65.29999999999811,0,0,0,0,0,0,0,0,0,0,0
65.3499999999981,0,0,0,0,0,0,0,0,0,0,0
65.3999999999981,0,0,0,0,0,0,0,0,0,0,0
65.4499999999981,0,0,0,0,0,0,0,0,0,0,0
65.4999999999981,0,0,0,0,0,0,0,0,0,0,0
65.5499999999981,0,0,0,0,0,0,0,0,0,0,0
65.59999999999809,0,0,0,0,0,0,0,0,0,0,0
65.64999999999809,0,0,0,0,0,0,0,0,0,0,0
65.69999999999808,0,0,0,0,0,0,0,0,0,0,0
65.74999999999808,0,0,0,0,0,0,0,0,0,0,0
65.79999999999808,0,0,0,0,0,0,0,0,0,0,0
65.84999999999808,0,0,0,0,0,0,0,0,0,0,0
65.89999999999807,0,0,0,0,0,0,0,0,0,0,0
65.94999999999807,0,0,0,0,0,0,0,0,0,0,0
65.99999999999807,0,0,0,0,0,0,0,0,0,0,0
66.04999999999806,0,0,0,0,0,0,0,0,0,0,0
66.09999999999806,0,0,0,0,0,0,0,0,0,0,0
66.14999999999806,0,0,0,0,0,0,0,0,0,0,0
66.19999999999806,0,0,0,0,0,0,0,0,0,0,0
66.24999999999805,0,0,0,0,0,0,0,0,0,0,0
66.29999999999805,0,0,0,0,0,0,0,0,0,0,0
66.34999999999805,0,0,0,0,0,0,0,0,0,0,0
66.39999999999804,0,0,0,0,0,0,0,0,0,0,0
66.44999999999804,0,0,0,0,0,0,0,0,0,0,0
66.49999999999804,0,0,0,0,0,0,0,0,0,0,0
66.54999999999804,0,0,0,0,0,0,0,0,0,0,0
66.59999999999803,0,0,0,0,0,0,0,0,0,0,0
66.64999999999803,0,0,0,0,0,0,0,0,0,0,0
66.69999999999803,0,0,0,0,0,0,0,0,0,0,0
66.74999999999802,0,0,0,0,0,0,0,0,0,0,0
66.79999999999802,0,0,0,0,0,0,0,0,0,0,0
66.84999999999802,0,0,0,0,0,0,0,0,0,0,0
66.89999999999802,0,0,0,0,0,0,0,0,0,0,0
66.94999999999801,0,0,0,0,0,0,0,0,0,0,0
66.99999999999801,0,0,0,0,0,0,0,0,0,0,0
67.04999999999801,0,0,0,0,0,0,0,0,0,0,0
67.099999999998,0,0,0,0,0,0,0,0,0,0,0
67.149999999998,0,0,0,0,0,0,0,0,0,0,0
67.199999999998,0,0,0,0,0,0,0,0,0,0,0
67.249999999998,0,0,0,0,0,0,0,0,0,0,0
67.299999999998,0,0,0,0,0,0,0,0,0,0,0
67.34999999999799,0,0,0,0,0,0,0,0,0,0,0
67.39999999999799,0,0,0,0,0,0,0,0,0,0,0
67.44999999999798,0,0,0,0,0,0,0,0,0,0,0
67.49999999999798,0,0,0,0,0,0,0,0,0,0,0
67.54999999999798,0,0,0,0,0,0,0,0,0,0,0
67.59999999999798,0,0,0,0,0,0,0,0,0,0,0
67.64999999999797,0,0,0,0,0,0,0,0,0,0,0
67.69999999999797,0,0,0,0,0,0,0,0,0,0,0
67.74999999999797,0,0,0,0,0,0,0,0,0,0,0
67.79999999999797,0,0,0,0,0,0,0,0,0,0,0
67.84999999999796,0,0,0,0,0,0,0,0,0,0,0
67.89999999999796,0,0,0,0,0,0,0,0,0,0,0
67.94999999999796,0,0,0,0,0,0,0,0,0,0,0
67.99999999999795,0,0,0,0,0,0,0,0,0,0,0
68.04999999999795,0,0,0,0,0,0,0,0,0,0,0
68.09999999999795,0,0,0,0,0,0,0,0,0,0,0
68.14999999999795,0,0,0,0,0,0,0,0,0,0,0
68.19999999999794,0,0,0,0,0,0,0,0,0,0,0
68.24999999999794,0,0,0,0,0,0,0,0,0,0,0
68.29999999999794,0,0,0,0,0,0,0,0,0,0,0
68.34999999999793,0,0,0,0,0,0,0,0,0,0,0
68.39999999999793,0,0,0,0,0,0,0,0,0,0,0
68.44999999999793,0,0,0,0,0,0,0,0,0,0,0
68.49999999999793,0,0,0,0,0,0,0,0,0,0,0
68.54999999999792,0,0,0,0,0,0,0,0,0,0,0
68.59999999999792,0,0,0,0,0,0,0,0,0,0,0
68.64999999999792,0,0,0,0,0,0,0,0,0,0,0
68.69999999999791,0,0,0,0,0,0,0,0,0,0,0
68.74999999999791,0,0,0,0,0,0,0,0,0,0,0
68.79999999999791,0,0,0,0,0,0,0,0,0,0,0
68.8499999999979,0,0,0,0,0,0,0,0,0,0,0
68.8999999999979,0,0,0,0,0,0,0,0,0,0,0
68.9499999999979,0,0,0,0,0,0,0,0,0,0,0
68.9999999999979,0,0,0,0,0,0,0,0,0,0,0
69.0499999999979,0,0,0,0,0,0,0,0,0,0,0
69.09999999999789,0,0,0,0,0,0,0,0,0,0,0
69.14999999999789,0,0,0,0,0,0,0,0,0,0,0
69.19999999999789,0,0,0,0,0,0,0,0,0,0,0
69.24999999999788,0,0,0,0,0,0,0,0,0,0,0
69.29999999999788,0,0,0,0,0,0,0,0,0,0,0
69.34999999999788,0,0,0,0,0,0,0,0,0,0,0
69.39999999999787,0,0,0,0,0,0,0,0,0,0,0
69.44999999999787,0,0,0,0,0,0,0,0,0,0,0
69.49999999999787,0,0,0,0,0,0,0,0,0,0,0
69.54999999999787,0,0,0,0,0,0,0,0,0,0,0
69.59999999999786,0,0,0,0,0,0,0,0,0,0,0
69.64999999999786,0,0,0,0,0,0,0,0,0,0,0
69.69999999999786,0,0,0,0,0,0,0,0,0,0,0
69.74999999999785,0,0,0,0,0,0,0,0,0,0,0
69.79999999999785,0,0,0,0,0,0,0,0,0,0,0
69.84999999999785,0,0,0,0,0,0,0,0,0,0,0
69.89999999999785,0,0,0,0,0,0,0,0,0,0,0
69.94999999999784,0,0,0,0,0,0,0,0,0,0,0
69.99999999999784,0,0,0,0,0,0,0,0,0,0,0
70.04999999999784,0,0,0,0,0,0,0,0,0,0,0
70.09999999999783,0,0,0,0,0,0,0,0,0,0,0
70.14999999999783,0,0,0,0,0,0,0,0,0,0,0
70.19999999999783,0,0,0,0,0,0,0,0,0,0,0
70.24999999999783,0,0,0,0,0,0,0,0,0,0,0
70.29999999999782,0,0,0,0,0,0,0,0,0,0,0
70.34999999999782,0,0,0,0,0,0,0,0,0,0,0
70.39999999999782,0,0,0,0,0,0,0,0,0,0,0
70.44999999999781,0,0,0,0,0,0,0,0,0,0,0
70.49999999999781,0,0,0,0,0,0,0,0,0,0,0
70.54999999999781,0,0,0,0,0,0,0,0,0,0,0
70.5999999999978,0,0,0,0,0,0,0,0,0,0,0
70.6499999999978,0,0,0,0,0,0,0,0,0,0,0
70.6999999999978,0,0,0,0,0,0,0,0,0,0,0
70.7499999999978,0,0,0,0,0,0,0,0,0,0,0
70.7999999999978,0,0,0,0,0,0,0,0,0,0,0
70.84999999999779,0,0,0,0,0,0,0,0,0,0,0
70.89999999999779,0,0,0,0,0,0,0,0,0,0,0
70.94999999999779,0,0,0,0,0,0,0,0,0,0,0
70.99999999999778,0,0,0,0,0,0,0,0,0,0,0
71.04999999999778,0,0,0,0,0,0,0,0,0,0,0
71.09999999999778,0,0,0,0,0,0,0,0,0,0,0
71.14999999999777,0,0,0,0,0,0,0,0,0,0,0
71.19999999999777,0,0,0,0,0,0,0,0,0,0,0
71.24999999999777,0,0,0,0,0,0,0,0,0,0,0
71.29999999999777,0,0,0,0,0,0,0,0,0,0,0
71.34999999999776,0,0,0,0,0,0,0,0,0,0,0
71.39999999999776,0,0,0,0,0,0,0,0,0,0,0
71.44999999999776,0,0,0,0,0,0,0,0,0,0,0
71.49999999999775,0,0,0,0,0,0,0,0,0,0,0
71.54999999999775,0,0,0,0,0,0,0,0,0,0,0
71.59999999999775,0,0,0,0,0,0,0,0,0,0,0
71.64999999999775,0,0,0,0,0,0,0,0,0,0,0
71.69999999999774,0,0,0,0,0,0,0,0,0,0,0
71.74999999999774,0,0,0,0,0,0,0,0,0,0,0
71.79999999999774,0,0,0,0,0,0,0,0,0,0,0
71.84999999999773,0,0,0,0,0,0,0,0,0,0,0
71.89999999999773,0,0,0,0,0,0,0,0,0,0,0
71.94999999999773,0,0,0,0,0,0,0,0,0,0,0
71.99999999999773,0,0,0,0,0,0,0,0,0,0,0
72.04999999999772,0,0,0,0,0,0,0,0,0,0,0
72.09999999999772,0,0,0,0,0,0,0,0,0,0,0
72.14999999999772,0,0,0,0,0,0,0,0,0,0,0
72.19999999999771,0,0,0,0,0,0,0,0,0,0,0
72.24999999999771,0,0,0,0,0,0,0,0,0,0,0
72.29999999999771,0,0,0,0,0,0,0,0,0,0,0
72.3499999999977,0,0,0,0,0,0,0,0,0,0,0
72.3999999999977,0,0,0,0,0,0,0,0,0,0,0
72.4499999999977,0,0,0,0,0,0,0,0,0,0,0
72.4999999999977,0,0,0,0,0,0,0,0,0,0,0
72.5499999999977,0,0,0,0,0,0,0,0,0,0,0
72.59999999999769,0,0,0,0,0,0,0,0,0,0,0
72.64999999999769,0,0,0,0,0,0,0,0,0,0,0
72.69999999999769,0,0,0,0,0,0,0,0,0,0,0
72.74999999999768,0,0,0,0,0,0,0,0,0,0,0
72.79999999999768,0,0,0,0,0,0,0,0,0,0,0
72.84999999999768,0,0,0,0,0,0,0,0,0,0,0
72.89999999999768,0,0,0,0,0,0,0,0,0,0,0
72.94999999999767,0,0,0,0,0,0,0,0,0,0,0
72.99999999999767,0,0,0,0,0,0,0,0,0,0,0
73.04999999999767,0,0,0,0,0,0,0,0,0,0,0
73.09999999999766,0,0,0,0,0,0,0,0,0,0,0
73.14999999999766,0,0,0,0,0,0,0,0,0,0,0
73.19999999999766,0,0,0,0,0,0,0,0,0,0,0
73.24999999999766,0,0,0,0,0,0,0,0,0,0,0
73.29999999999765,0,0,0,0,0,0,0,0,0,0,0
73.34999999999765,0,0,0,0,0,0,0,0,0,0,0
73.39999999999765,0,0,0,0,0,0,0,0,0,0,0
73.44999999999764,0,0,0,0,0,0,0,0,0,0,0
73.49999999999764,0,0,0,0,0,0,0,0,0,0,0
73.54999999999764,0,0,0,0,0,0,0,0,0,0,0
73.59999999999764,0,0,0,0,0,0,0,0,0,0,0
73.64999999999763,0,0,0,0,0,0,0,0,0,0,0
73.69999999999763,0,0,0,0,0,0,0,0,0,0,0
73.74999999999763,0,0,0,0,0,0,0,0,0,0,0
73.79999999999762,0,0,0,0,0,0,0,0,0,0,0
73.84999999999762,0,0,0,0,0,0,0,0,0,0,0
73.89999999999762,0,0,0,0,0,0,0,0,0,0,0
73.94999999999762,0,0,0,0,0,0,0,0,0,0,0
73.99999999999761,0,0,0,0,0,0,0,0,0,0,0
74.04999999999761,0,0,0,0,0,0,0,0,0,0,0
74.0999999999976,0,0,0,0,0,0,0,0,0,0,0
74.1499999999976,0,0,0,0,0,0,0,0,0,0,0
74.1999999999976,0,0,0,0,0,0,0,0,0,0,0
74.2499999999976,0,0,0,0,0,0,0,0,0,0,0
74.2999999999976,0,0,0,0,0,0,0,0,0,0,0
74.34999999999759,0,0,0,0,0,0,0,0,0,0,0
74.39999999999759,0,0,0,0,0,0,0,0,0,0,0
74.44999999999759,0,0,0,0,0,0,0,0,0,0,0
74.49999999999758,0,0,0,0,0,0,0,0,0,0,0
74.54999999999758,0,0,0,0,0,0,0,0,0,0,0
74.59999999999758,0,0,0,0,0,0,0,0,0,0,0
74.64999999999758,0,0,0,0,0,0,0,0,0,0,0
74.69999999999757,0,0,0,0,0,0,0,0,0,0,0
74.74999999999757,0,0,0,0,0,0,0,0,0,0,0
74.79999999999757,0,0,0,0,0,0,0,0,0,0,0
74.84999999999756,0,0,0,0,0,0,0,0,0,0,0
74.89999999999756,0,0,0,0,0,0,0,0,0,0,0
74.94999999999756,0,0,0,0,0,0,0,0,0,0,0
74.99999999999756,0,0,0,0,0,0,0,0,0,0,0
75.04999999999755,0,0,0,0,0,0,0,0,0,0,0
75.09999999999755,0,0,0,0,0,0,0,0,0,0,0
75.14999999999755,0,0,0,0,0,0,0,0,0,0,0
75.19999999999754,0,0,0,0,0,0,0,0,0,0,0
75.24999999999754,0,0,0,0,0,0,0,0,0,0,0
75.29999999999754,0,0,0,0,0,0,0,0,0,0,0
75.34999999999754,0,0,0,0,0,0,0,0,0,0,0
75.39999999999753,0,0,0,0,0,0,0,0,0,0,0
75.44999999999753,0,0,0,0,0,0,0,0,0,0,0
75.49999999999753,0,0,0,0,0,0,0,0,0,0,0
75.54999999999752,0,0,0,0,0,0,0,0,0,0,0
75.59999999999752,0,0,0,0,0,0,0,0,0,0,0
75.64999999999752,0,0,0,0,0,0,0,0,0,0,0
75.69999999999752,0,0,0,0,0,0,0,0,0,0,0
75.74999999999751,0,0,0,0,0,0,0,0,0,0,0
75.79999999999751,0,0,0,0,0,0,0,0,0,0,0
75.84999999999751,0,0,0,0,0,0,0,0,0,0,0
75.8999999999975,0,0,0,0,0,0,0,0,0,0,0
75.9499999999975,0,0,0,0,0,0,0,0,0,0,0
75.9999999999975,0,0,0,0,0,0,0,0,0,0,0
76.0499999999975,0,0,0,0,0,0,0,0,0,0,0
76.0999999999975,0,0,0,0,0,0,0,0,0,0,0
76.14999999999749,0,0,0,0,0,0,0,0,0,0,0
76.19999999999749,0,0,0,0,0,0,0,0,0,0,0
76.24999999999748,0,0,0,0,0,0,0,0,0,0,0
76.29999999999748,0,0,0,0,0,0,0,0,0,0,0
76.34999999999748,0,0,0,0,0,0,0,0,0,0,0
76.39999999999748,0,0,0,0,0,0,0,0,0,0,0
76.44999999999747,0,0,0,0,0,0,0,0,0,0,0
76.49999999999747,0,0,0,0,0,0,0,0,0,0,0
76.54999999999747,0,0,0,0,0,0,0,0,0,0,0
76.59999999999746,0,0,0,0,0,0,0,0,0,0,0
76.64999999999746,0,0,0,0,0,0,0,0,0,0,0
76.69999999999746,0,0,0,0,0,0,0,0,0,0,0
76.74999999999746,0,0,0,0,0,0,0,0,0,0,0
76.79999999999745,0,0,0,0,0,0,0,0,0,0,0
76.84999999999745,0,0,0,0,0,0,0,0,0,0,0
76.89999999999745,0,0,0,0,0,0,0,0,0,0,0
76.94999999999744,0,0,0,0,0,0,0,0,0,0,0
76.99999999999744,0,0,0,0,0,0,0,0,0,0,0
77.04999999999744,0,0,0,0,0,0,0,0,0,0,0
77.09999999999744,0,0,0,0,0,0,0,0,0,0,0
77.14999999999743,0,0,0,0,0,0,0,0,0,0,0
77.19999999999743,0,0,0,0,0,0,0,0,0,0,0
77.24999999999743,0,0,0,0,0,0,0,0,0,0,0
77.29999999999742,0,0,0,0,0,0,0,0,0,0,0
77.34999999999742,0,0,0,0,0,0,0,0,0,0,0
77.39999999999742,0,0,0,0,0,0,0,0,0,0,0
77.44999999999742,0,0,0,0,0,0,0,0,0,0,0
77.49999999999741,0,0,0,0,0,0,0,0,0,0,0
77.54999999999741,0,0,0,0,0,0,0,0,0,0,0
77.59999999999741,0,0,0,0,0,0,0,0,0,0,0
77.6499999999974,0,0,0,0,0,0,0,0,0,0,0
77.6999999999974,0,0,0,0,0,0,0,0,0,0,0
77.7499999999974,0,0,0,0,0,0,0,0,0,0,0
77.7999999999974,0,0,0,0,0,0,0,0,0,0,0
77.8499999999974,0,0,0,0,0,0,0,0,0,0,0
77.89999999999739,0,0,0,0,0,0,0,0,0,0,0
77.94999999999739,0,0,0,0,0,0,0,0,0,0,0
77.99999999999739,0,0,0,0,0,0,0,0,0,0,0
78.04999999999738,0,0,0,0,0,0,0,0,0,0,0
78.09999999999738,0,0,0,0,0,0,0,0,0,0,0
78.14999999999738,0,0,0,0,0,0,0,0,0,0,0
78.19999999999737,0,0,0,0,0,0,0,0,0,0,0
78.24999999999737,0,0,0,0,0,0,0,0,0,0,0
78.29999999999737,0,0,0,0,0,0,0,0,0,0,0
78.34999999999737,0,0,0,0,0,0,0,0,0,0,0
78.39999999999736,0,0,0,0,0,0,0,0,0,0,0
78.44999999999736,0,0,0,0,0,0,0,0,0,0,0
78.49999999999736,0,0,0,0,0,0,0,0,0,0,0
78.54999999999735,0,0,0,0,0,0,0,0,0,0,0
78.59999999999735,0,0,0,0,0,0,0,0,0,0,0
78.64999999999735,0,0,0,0,0,0,0,0,0,0,0
78.69999999999735,0,0,0,0,0,0,0,0,0,0,0
78.74999999999734,0,0,0,0,0,0,0,0,0,0,0
78.79999999999734,0,0,0,0,0,0,0,0,0,0,0
78.84999999999734,0,0,0,0,0,0,0,0,0,0,0
78.89999999999733,0,0,0,0,0,0,0,0,0,0,0
78.94999999999733,0,0,0,0,0,0,0,0,0,0,0
78.99999999999733,0,0,0,0,0,0,0,0,0,0,0
79.04999999999733,0,0,0,0,0,0,0,0,0,0,0
79.09999999999732,0,0,0,0,0,0,0,0,0,0,0
79.14999999999732,0,0,0,0,0,0,0,0,0,0,0
79.19999999999732,0,0,0,0,0,0,0,0,0,0,0
79.24999999999731,0,0,0,0,0,0,0,0,0,0,0
79.29999999999731,0,0,0,0,0,0,0,0,0,0,0
79.34999999999731,0,0,0,0,0,0,0,0,0,0,0
79.3999999999973,0,0,0,0,0,0,0,0,0,0,0
79.4499999999973,0,0,0,0,0,0,0,0,0,0,0
79.4999999999973,0,0,0,0,0,0,0,0,0,0,0
79.5499999999973,0,0,0,0,0,0,0,0,0,0,0
79.5999999999973,0,0,0,0,0,0,0,0,0,0,0
79.64999999999729,0,0,0,0,0,0,0,0,0,0,0
79.69999999999729,0,0,0,0,0,0,0,0,0,0,0
79.74999999999729,0,0,0,0,0,0,0,0,0,0,0
79.79999999999728,0,0,0,0,0,0,0,0,0,0,0
79.84999999999728,0,0,0,0,0,0,0,0,0,0,0
79.89999999999728,0,0,0,0,0,0,0,0,0,0,0
79.94999999999727,0,0,0,0,0,0,0,0,0,0,0
79.99999999999727,0,0,0,0,0,0,0,0,0,0,0
80.04999999999727,0,0,0,0,0,0,0,0,0,0,0
80.09999999999727,0,0,0,0,0,0,0,0,0,0,0
80.14999999999726,0,0,0,0,0,0,0,0,0,0,0
80.19999999999726,0,0,0,0,0,0,0,0,0,0,0
80.24999999999726,0,0,0,0,0,0,0,0,0,0,0
80.29999999999725,0,0,0,0,0,0,0,0,0,0,0
80.34999999999725,0,0,0,0,0,0,0,0,0,0,0
80.39999999999725,0,0,0,0,0,0,0,0,0,0,0
80.44999999999725,0,0,0,0,0,0,0,0,0,0,0
80.49999999999724,0,0,0,0,0,0,0,0,0,0,0
80.54999999999724,0,0,0,0,0,0,0,0,0,0,0
80.59999999999724,0,0,0,0,0,0,0,0,0,0,0
80.64999999999723,0,0,0,0,0,0,0,0,0,0,0
80.69999999999723,0,0,0,0,0,0,0,0,0,0,0
80.74999999999723,0,0,0,0,0,0,0,0,0,0,0
80.79999999999723,0,0,0,0,0,0,0,0,0,0,0
80.84999999999722,0,0,0,0,0,0,0,0,0,0,0
80.89999999999722,0,0,0,0,0,0,0,0,0,0,0
80.94999999999722,0,0,0,0,0,0,0,0,0,0,0
80.99999999999721,0,0,0,0,0,0,0,0,0,0,0
81.04999999999721,0,0,0,0,0,0,0,0,0,0,0
81.09999999999721,0,0,0,0,0,0,0,0,0,0,0
81.1499999999972,0,0,0,0,0,0,0,0,0,0,0
81.1999999999972,0,0,0,0,0,0,0,0,0,0,0
81.2499999999972,0,0,0,0,0,0,0,0,0,0,0
81.2999999999972,0,0,0,0,0,0,0,0,0,0,0
81.3499999999972,0,0,0,0,0,0,0,0,0,0,0
81.39999999999719,0,0,0,0,0,0,0,0,0,0,0
81.44999999999719,0,0,0,0,0,0,0,0,0,0,0
81.49999999999719,0,0,0,0,0,0,0,0,0,0,0
81.54999999999718,0,0,0,0,0,0,0,0,0,0,0
81.59999999999718,0,0,0,0,0,0,0,0,0,0,0
81.64999999999718,0,0,0,0,0,0,0,0,0,0,0
81.69999999999717,0,0,0,0,0,0,0,0,0,0,0
81.74999999999717,0,0,0,0,0,0,0,0,0,0,0
81.79999999999717,0,0,0,0,0,0,0,0,0,0,0
81.84999999999717,0,0,0,0,0,0,0,0,0,0,0
81.89999999999716,0,0,0,0,0,0,0,0,0,0,0
81.94999999999716,0,0,0,0,0,0,0,0,0,0,0
81.99999999999716,0,0,0,0,0,0,0,0,0,0,0
82.04999999999715,0,0,0,0,0,0,0,0,0,0,0
82.09999999999715,0,0,0,0,0,0,0,0,0,0,0
82.14999999999715,0,0,0,0,0,0,0,0,0,0,0
82.19999999999715,0,0,0,0,0,0,0,0,0,0,0
82.24999999999714,0,0,0,0,0,0,0,0,0,0,0
82.29999999999714,0,0,0,0,0,0,0,0,0,0,0
82.34999999999714,0,0,0,0,0,0,0,0,0,0,0
82.39999999999714,0,0,0,0,0,0,0,0,0,0,0
82.44999999999713,0,0,0,0,0,0,0,0,0,0,0
82.49999999999713,0,0,0,0,0,0,0,0,0,0,0
82.54999999999713,0,0,0,0,0,0,0,0,0,0,0
82.59999999999712,0,0,0,0,0,0,0,0,0,0,0
82.64999999999712,0,0,0,0,0,0,0,0,0,0,0
82.69999999999712,0,0,0,0,0,0,0,0,0,0,0
82.74999999999712,0,0,0,0,0,0,0,0,0,0,0
82.79999999999711,0,0,0,0,0,0,0,0,0,0,0
82.84999999999711,0,0,0,0,0,0,0,0,0,0,0
82.8999999999971,0,0,0,0,0,0,0,0,0,0,0
82.9499999999971,0,0,0,0,0,0,0,0,0,0,0
82.9999999999971,0,0,0,0,0,0,0,0,0,0,0
83.0499999999971,0,0,0,0,0,0,0,0,0,0,0
83.0999999999971,0,0,0,0,0,0,0,0,0,0,0
83.14999999999709,0,0,0,0,0,0,0,0,0,0,0
