*****
4,0.05,100,0,1,10,100,0.130921998163,0.0426836366557
4,100,97,96,91,96,0,0,0,0,0,0
4.05,112,109,110,105,110,0,0,0,0,0,0
4.1,116,106,107,101,107,0,0,0,0,0,0
4.1499999999999995,98,89,90,86,90,0,0,0,0,0,0
4.199999999999999,104,93,93,88,93,0,0,0,0,0,0
4.249999999999999,103,91,95,91,94,0,0,0,0,0,0
4.299999999999999,103,88,88,86,88,0,0,0,0,0,0
4.349999999999999,96,78,80,75,80,0,0,0,0,0,0
4.399999999999999,119,78,84,84,84,0,0,0,0,0,0
4.449999999999998,126,88,92,88,92,0,0,0,0,0,0
4.499999999999998,95,65,67,65,67,0,0,0,0,0,0
4.549999999999998,106,61,67,65,67,0,0,0,0,0,0
4.599999999999998,110,47,50,58,50,0,0,0,0,0,0
4.649999999999998,118,50,57,59,57,0,0,0,0,0,0
4.6999999999999975,118,38,40,38,40,0,0,0,0,0,0
4.749999999999997,105,28,33,34,33,0,0,0,0,0,0
4.799999999999997,99,23,27,29,27,0,0,0,0,0,0
4.849999999999997,91,21,25,29,25,0,0,0,0,0,0
4.899999999999997,109,14,16,17,16,0,0,0,0,0,0
4.949999999999997,118,17,21,20,21,0,0,0,0,0,0
4.9999999999999964,119,12,16,16,16,0,0,0,0,0,0
5.049999999999996,106,4,4,5,4,0,0,0,0,0,0
5.099999999999996,113,7,8,8,8,0,0,0,0,0,0
5.149999999999996,118,13,13,12,13,0,0,0,0,0,0
5.199999999999996,109,1,2,2,2,0,0,0,0,0,0
5.249999999999996,109,4,4,5,4,0,0,0,0,0,0
5.299999999999995,106,4,4,4,4,0,0,0,0,0,0
5.349999999999995,110,1,1,1,1,0,0,0,0,0,0
5.399999999999995,109,1,1,1,1,0,0,0,0,0,0
5.449999999999995,116,1,1,1,1,0,0,0,0,0,0
5.499999999999995,120,1,1,1,1,0,0,0,0,0,0
5.5499999999999945,120,0,0,0,0,0,0,0,0,0,0
5.599999999999994,116,0,0,0,0,0,0,0,0,0,0
5.649999999999994,94,0,0,0,0,0,0,0,0,0,0
5.699999999999994,108,0,0,0,0,0,0,0,0,0,0
5.749999999999994,106,0,0,0,0,0,0,0,0,0,0
5.799999999999994,87,0,0,0,0,0,0,0,0,0,0
5.849999999999993,123,1,1,1,1,0,0,0,0,0,0
5.899999999999993,109,0,0,0,0,0,0,0,0,0,0
5.949999999999993,105,0,0,0,0,0,0,0,0,0,0
5.999999999999993,113,0,0,0,0,0,0,0,0,0,0
6.049999999999993,110,0,0,0,0,0,0,0,0,0,0
6.0999999999999925,105,0,0,0,0,0,0,0,0,0,0
6.149999999999992,120,0,0,0,0,0,0,0,0,0,0
6.199999999999992,120,0,0,0,0,0,0,0,0,0,0
6.249999999999992,125,0,0,0,0,0,0,0,0,0,0
6.299999999999992,92,0,0,0,0,0,0,0,0,0,0
6.349999999999992,126,0,0,0,0,0,0,0,0,0,0
6.3999999999999915,107,0,0,0,0,0,0,0,0,0,0
6.449999999999991,112,0,0,0,0,0,0,0,0,0,0
6.499999999999991,102,0,0,0,0,0,0,0,0,0,0
6.549999999999991,110,0,0,0,0,0,0,0,0,0,0
6.599999999999991,99,0,0,0,0,0,0,0,0,0,0
6.649999999999991,106,0,0,0,0,0,0,0,0,0,0
6.69999999999999,100,0,0,0,0,0,0,0,0,0,0
6.74999999999999,108,0,0,0,0,0,0,0,0,0,0
6.79999999999999,127,0,0,0,0,0,0,0,0,0,0
6.84999999999999,115,0,0,0,0,0,0,0,0,0,0
6.89999999999999,120,0,0,0,0,0,0,0,0,0,0
6.9499999999999895,106,0,0,0,0,0,0,0,0,0,0
6.999999999999989,113,0,0,0,0,0,0,0,0,0,0
7.049999999999989,120,0,0,0,0,0,0,0,0,0,0
7.099999999999989,130,0,0,0,0,0,0,0,0,0,0
7.149999999999989,95,0,0,0,0,0,0,0,0,0,0
7.199999999999989,116,0,0,0,0,0,0,0,0,0,0
7.2499999999999885,112,0,0,0,0,0,0,0,0,0,0
7.299999999999988,108,0,0,0,0,0,0,0,0,0,0
7.349999999999988,100,0,0,0,0,0,0,0,0,0,0
7.399999999999988,130,0,0,0,0,0,0,0,0,0,0
7.449999999999988,117,0,0,0,0,0,0,0,0,0,0
7.499999999999988,123,0,0,0,0,0,0,0,0,0,0
7.549999999999987,106,0,0,0,0,0,0,0,0,0,0
7.599999999999987,92,0,0,0,0,0,0,0,0,0,0
7.649999999999987,94,0,0,0,0,0,0,0,0,0,0
7.699999999999987,113,0,0,0,0,0,0,0,0,0,0
7.749999999999987,107,0,0,0,0,0,0,0,0,0,0
7.7999999999999865,124,0,0,0,0,0,0,0,0,0,0
7.849999999999986,137,0,0,0,0,0,0,0,0,0,0
7.899999999999986,113,0,0,0,0,0,0,0,0,0,0
7.949999999999986,104,0,0,0,0,0,0,0,0,0,0
7.999999999999986,98,0,0,0,0,0,0,0,0,0,0
8.049999999999986,86,0,0,0,0,0,0,0,0,0,0
8.099999999999987,116,0,0,0,0,0,0,0,0,0,0
8.149999999999988,106,0,0,0,0,0,0,0,0,0,0
8.199999999999989,79,0,0,0,0,0,0,0,0,0,0
8.24999999999999,82,0,0,0,0,0,0,0,0,0,0
8.29999999999999,71,0,0,0,0,0,0,0,0,0,0
8.34999999999999,53,0,0,0,0,0,0,0,0,0,0
8.399999999999991,50,0,0,0,0,0,0,0,0,0,0
8.449999999999992,61,0,0,0,0,0,0,0,0,0,0
8.499999999999993,62,0,0,0,0,0,0,0,0,0,0
8.549999999999994,45,0,0,0,0,0,0,0,0,0,0
8.599999999999994,43,0,0,0,0,0,0,0,0,0,0
8.649999999999995,37,0,0,0,0,0,0,0,0,0,0
8.699999999999996,45,0,0,0,0,0,0,0,0,0,0
8.749999999999996,27,0,0,0,0,0,0,0,0,0,0
8.799999999999997,28,0,0,0,0,0,0,0,0,0,0
8.849999999999998,11,0,0,0,0,0,0,0,0,0,0
8.899999999999999,7,0,0,0,0,0,0,0,0,0,0
8.95,5,0,0,0,0,0,0,0,0,0,0
9.0,0,0,0,0,0,0,0,0,0,0,0
9.05,0,0,0,0,0,0,0,0,0,0,0
9.100000000000001,0,0,0,0,0,0,0,0,0,0,0
9.150000000000002,0,0,0,0,0,0,0,0,0,0,0
9.200000000000003,0,0,0,0,0,0,0,0,0,0,0
9.250000000000004,0,0,0,0,0,0,0,0,0,0,0
9.300000000000004,0,0,0,0,0,0,0,0,0,0,0
9.350000000000005,0,0,0,0,0,0,0,0,0,0,0
9.400000000000006,0,0,0,0,0,0,0,0,0,0,0
9.450000000000006,0,0,0,0,0,0,0,0,0,0,0
9.500000000000007,0,0,0,0,0,0,0,0,0,0,0
9.550000000000008,0,0,0,0,0,0,0,0,0,0,0
9.600000000000009,0,0,0,0,0,0,0,0,0,0,0
9.65000000000001,0,0,0,0,0,0,0,0,0,0,0
9.70000000000001,0,0,0,0,0,0,0,0,0,0,0
9.75000000000001,0,0,0,0,0,0,0,0,0,0,0
9.800000000000011,0,0,0,0,0,0,0,0,0,0,0
9.850000000000012,0,0,0,0,0,0,0,0,0,0,0
9.900000000000013,0,0,0,0,0,0,0,0,0,0,0
9.950000000000014,0,0,0,0,0,0,0,0,0,0,0
10.000000000000014,0,0,0,0,0,0,0,0,0,0,0
10.050000000000015,0,0,0,0,0,0,0,0,0,0,0
10.100000000000016,0,0,0,0,0,0,0,0,0,0,0
10.150000000000016,0,0,0,0,0,0,0,0,0,0,0
10.200000000000017,0,0,0,0,0,0,0,0,0,0,0
10.250000000000018,0,0,0,0,0,0,0,0,0,0,0
10.300000000000018,0,0,0,0,0,0,0,0,0,0,0
10.35000000000002,0,0,0,0,0,0,0,0,0,0,0
*****
4,0.05,100,0,0.4,10,100,0.130921998163,0.0426836366557
4,100,100,100,100,100,0,0,0,0,0,0
4.05,92,92,92,92,92,0,0,0,0,0,0
4.1,69,69,69,69,69,0,0,0,0,0,0
4.1499999999999995,79,79,79,79,79,0,0,0,0,0,0
4.199999999999999,79,79,79,79,79,0,0,0,0,0,0
4.249999999999999,61,61,61,61,61,0,0,0,0,0,0
4.299999999999999,77,77,77,77,77,0,0,0,0,0,0
4.349999999999999,100,100,100,100,100,0,0,0,0,0,0
4.399999999999999,85,85,85,85,85,0,0,0,0,0,0
4.449999999999998,87,87,87,87,87,0,0,0,0,0,0
4.499999999999998,68,68,68,68,68,0,0,0,0,0,0
4.549999999999998,73,73,73,73,73,0,0,0,0,0,0
4.599999999999998,77,77,77,77,77,0,0,0,0,0,0
4.649999999999998,85,85,85,85,85,0,0,0,0,0,0
4.6999999999999975,73,73,73,73,73,0,0,0,0,0,0
4.749999999999997,89,89,89,89,89,0,0,0,0,0,0
4.799999999999997,60,60,60,60,60,0,0,0,0,0,0
4.849999999999997,93,93,93,93,93,0,0,0,0,0,0
4.899999999999997,87,87,87,87,87,0,0,0,0,0,0
4.949999999999997,80,80,80,80,80,0,0,0,0,0,0
4.9999999999999964,89,87,87,88,87,0,0,0,0,0,0
5.049999999999996,81,77,77,80,77,0,0,0,0,0,0
5.099999999999996,75,70,70,74,70,0,0,0,0,0,0
5.149999999999996,75,66,66,71,67,0,0,0,0,0,0
5.199999999999996,69,57,57,61,57,0,0,0,0,0,0
5.249999999999996,74,49,49,57,49,0,0,0,0,0,0
5.299999999999995,65,33,35,40,35,0,0,0,0,0,0
5.349999999999995,80,31,31,39,31,0,0,0,0,0,0
5.399999999999995,84,24,24,28,24,0,0,0,0,0,0
5.449999999999995,76,12,13,16,13,0,0,0,0,0,0
5.499999999999995,84,6,6,9,6,0,0,0,0,0,0
5.5499999999999945,79,8,8,9,8,0,0,0,0,0,0
5.599999999999994,94,2,2,2,2,0,0,0,0,0,0
5.649999999999994,85,0,0,0,0,0,0,0,0,0,0
5.699999999999994,82,0,0,0,0,0,0,0,0,0,0
5.749999999999994,89,0,0,0,0,0,0,0,0,0,0
5.799999999999994,66,0,0,0,0,0,0,0,0,0,0
5.849999999999993,67,0,0,0,0,0,0,0,0,0,0
5.899999999999993,91,0,0,0,0,0,0,0,0,0,0
5.949999999999993,89,0,0,0,0,0,0,0,0,0,0
5.999999999999993,74,0,0,0,0,0,0,0,0,0,0
6.049999999999993,80,0,0,0,0,0,0,0,0,0,0
6.0999999999999925,75,0,0,0,0,0,0,0,0,0,0
6.149999999999992,75,0,0,0,0,0,0,0,0,0,0
6.199999999999992,73,0,0,0,0,0,0,0,0,0,0
6.249999999999992,97,0,0,0,0,0,0,0,0,0,0
6.299999999999992,81,0,0,0,0,0,0,0,0,0,0
6.349999999999992,91,0,0,0,0,0,0,0,0,0,0
6.3999999999999915,77,0,0,0,0,0,0,0,0,0,0
6.449999999999991,81,0,0,0,0,0,0,0,0,0,0
6.499999999999991,69,0,0,0,0,0,0,0,0,0,0
6.549999999999991,86,0,0,0,0,0,0,0,0,0,0
6.599999999999991,73,0,0,0,0,0,0,0,0,0,0
6.649999999999991,82,0,0,0,0,0,0,0,0,0,0
6.69999999999999,77,0,0,0,0,0,0,0,0,0,0
6.74999999999999,85,0,0,0,0,0,0,0,0,0,0
6.79999999999999,76,0,0,0,0,0,0,0,0,0,0
6.84999999999999,68,0,0,0,0,0,0,0,0,0,0
6.89999999999999,78,0,0,0,0,0,0,0,0,0,0
6.9499999999999895,77,0,0,0,0,0,0,0,0,0,0
6.999999999999989,81,0,0,0,0,0,0,0,0,0,0
7.049999999999989,80,0,0,0,0,0,0,0,0,0,0
7.099999999999989,70,0,0,0,0,0,0,0,0,0,0
7.149999999999989,76,0,0,0,0,0,0,0,0,0,0
7.199999999999989,82,0,0,0,0,0,0,0,0,0,0
7.2499999999999885,98,0,0,0,0,0,0,0,0,0,0
7.299999999999988,70,0,0,0,0,0,0,0,0,0,0
7.349999999999988,73,0,0,0,0,0,0,0,0,0,0
7.399999999999988,94,0,0,0,0,0,0,0,0,0,0
7.449999999999988,69,0,0,0,0,0,0,0,0,0,0
7.499999999999988,80,0,0,0,0,0,0,0,0,0,0
7.549999999999987,68,0,0,0,0,0,0,0,0,0,0
7.599999999999987,80,0,0,0,0,0,0,0,0,0,0
7.649999999999987,93,0,0,0,0,0,0,0,0,0,0
7.699999999999987,70,0,0,0,0,0,0,0,0,0,0
7.749999999999987,85,0,0,0,0,0,0,0,0,0,0
7.7999999999999865,82,0,0,0,0,0,0,0,0,0,0
7.849999999999986,68,0,0,0,0,0,0,0,0,0,0
7.899999999999986,82,0,0,0,0,0,0,0,0,0,0
7.949999999999986,93,0,0,0,0,0,0,0,0,0,0
7.999999999999986,70,0,0,0,0,0,0,0,0,0,0
8.049999999999986,52,0,0,0,0,0,0,0,0,0,0
8.099999999999987,60,0,0,0,0,0,0,0,0,0,0
8.149999999999988,40,0,0,0,0,0,0,0,0,0,0
8.199999999999989,49,0,0,0,0,0,0,0,0,0,0
8.24999999999999,22,0,0,0,0,0,0,0,0,0,0
8.29999999999999,15,0,0,0,0,0,0,0,0,0,0
8.34999999999999,8,0,0,0,0,0,0,0,0,0,0
8.399999999999991,0,0,0,0,0,0,0,0,0,0,0
8.449999999999992,0,0,0,0,0,0,0,0,0,0,0
8.499999999999993,0,0,0,0,0,0,0,0,0,0,0
8.549999999999994,0,0,0,0,0,0,0,0,0,0,0
8.599999999999994,0,0,0,0,0,0,0,0,0,0,0
8.649999999999995,0,0,0,0,0,0,0,0,0,0,0
8.699999999999996,0,0,0,0,0,0,0,0,0,0,0
8.749999999999996,0,0,0,0,0,0,0,0,0,0,0
8.799999999999997,0,0,0,0,0,0,0,0,0,0,0
8.849999999999998,0,0,0,0,0,0,0,0,0,0,0
8.899999999999999,0,0,0,0,0,0,0,0,0,0,0
8.95,0,0,0,0,0,0,0,0,0,0,0
9.0,0,0,0,0,0,0,0,0,0,0,0
9.05,0,0,0,0,0,0,0,0,0,0,0
9.100000000000001,0,0,0,0,0,0,0,0,0,0,0
9.150000000000002,0,0,0,0,0,0,0,0,0,0,0
9.200000000000003,0,0,0,0,0,0,0,0,0,0,0
9.250000000000004,0,0,0,0,0,0,0,0,0,0,0
9.300000000000004,0,0,0,0,0,0,0,0,0,0,0
9.350000000000005,0,0,0,0,0,0,0,0,0,0,0
9.400000000000006,0,0,0,0,0,0,0,0,0,0,0
9.450000000000006,0,0,0,0,0,0,0,0,0,0,0
9.500000000000007,0,0,0,0,0,0,0,0,0,0,0
9.550000000000008,0,0,0,0,0,0,0,0,0,0,0
9.600000000000009,0,0,0,0,0,0,0,0,0,0,0
9.65000000000001,0,0,0,0,0,0,0,0,0,0,0
9.70000000000001,0,0,0,0,0,0,0,0,0,0,0
9.75000000000001,0,0,0,0,0,0,0,0,0,0,0
9.800000000000011,0,0,0,0,0,0,0,0,0,0,0
9.850000000000012,0,0,0,0,0,0,0,0,0,0,0
9.900000000000013,0,0,0,0,0,0,0,0,0,0,0
9.950000000000014,0,0,0,0,0,0,0,0,0,0,0
10.000000000000014,0,0,0,0,0,0,0,0,0,0,0
10.050000000000015,0,0,0,0,0,0,0,0,0,0,0
10.100000000000016,0,0,0,0,0,0,0,0,0,0,0
10.150000000000016,0,0,0,0,0,0,0,0,0,0,0
10.200000000000017,0,0,0,0,0,0,0,0,0,0,0
10.250000000000018,0,0,0,0,0,0,0,0,0,0,0
10.300000000000018,0,0,0,0,0,0,0,0,0,0,0
10.35000000000002,0,0,0,0,0,0,0,0,0,0,0
*****
4,0.05,100,0.3,0.7,10,100,0.130921998163,0.0426836366557
4,100,100,100,100,100,0,0,0,0,0,0
4.05,127,126,126,125,126,0,0,0,0,0,0
4.1,127,126,127,126,127,0,0,0,0,0,0
4.1499999999999995,120,117,117,115,117,0,0,0,0,0,0
4.199999999999999,116,114,115,112,115,0,0,0,0,0,0
4.249999999999999,134,133,134,132,134,0,0,0,0,0,0
4.299999999999999,131,131,131,128,131,0,0,0,0,0,0
4.349999999999999,134,134,134,133,134,0,0,0,0,0,0
4.399999999999999,116,114,114,112,114,0,0,0,0,0,0
4.449999999999998,120,119,119,119,119,0,0,0,0,0,0
4.499999999999998,115,111,111,109,111,0,0,0,0,0,0
4.549999999999998,128,127,127,123,127,0,0,0,0,0,0
4.599999999999998,109,107,108,101,108,0,0,0,0,0,0
4.649999999999998,128,128,128,123,128,0,0,0,0,0,0
4.6999999999999975,143,140,140,137,140,0,0,0,0,0,0
4.749999999999997,133,127,127,128,127,0,0,0,0,0,0
4.799999999999997,111,106,107,108,107,0,0,0,0,0,0
4.849999999999997,107,99,101,97,101,0,0,0,0,0,0
4.899999999999997,143,129,129,131,130,0,0,0,0,0,0
4.949999999999997,120,103,106,107,106,0,0,0,0,0,0
4.9999999999999964,123,95,96,97,96,0,0,0,0,0,0
5.049999999999996,119,96,96,96,97,0,0,0,0,0,0
5.099999999999996,119,83,83,84,83,0,0,0,0,0,0
5.149999999999996,111,69,71,74,71,0,0,0,0,0,0
5.199999999999996,118,82,83,80,83,0,0,0,0,0,0
5.249999999999996,143,81,84,84,84,0,0,0,0,0,0
5.299999999999995,111,56,59,62,59,0,0,0,0,0,0
5.349999999999995,124,55,55,56,55,0,0,0,0,0,0
5.399999999999995,132,35,38,41,38,0,0,0,0,0,0
5.449999999999995,115,28,29,30,29,0,0,0,0,0,0
5.499999999999995,120,26,27,32,27,0,0,0,0,0,0
5.5499999999999945,134,22,23,25,23,0,0,0,0,0,0
5.599999999999994,134,11,12,12,12,0,0,0,0,0,0
5.649999999999994,112,5,6,6,6,0,0,0,0,0,0
5.699999999999994,121,2,2,2,2,0,0,0,0,0,0
5.749999999999994,125,3,3,3,3,0,0,0,0,0,0
5.799999999999994,106,0,0,0,0,0,0,0,0,0,0
5.849999999999993,115,3,3,3,3,0,0,0,0,0,0
5.899999999999993,142,0,0,0,0,0,0,0,0,0,0
5.949999999999993,122,0,0,0,0,0,0,0,0,0,0
5.999999999999993,142,0,0,0,0,0,0,0,0,0,0
6.049999999999993,111,0,0,0,0,0,0,0,0,0,0
6.0999999999999925,110,0,0,0,0,0,0,0,0,0,0
6.149999999999992,134,0,0,0,0,0,0,0,0,0,0
6.199999999999992,121,0,0,0,0,0,0,0,0,0,0
6.249999999999992,124,0,0,0,0,0,0,0,0,0,0
6.299999999999992,118,0,0,0,0,0,0,0,0,0,0
6.349999999999992,118,0,0,0,0,0,0,0,0,0,0
6.3999999999999915,118,0,0,0,0,0,0,0,0,0,0
6.449999999999991,131,0,0,0,0,0,0,0,0,0,0
6.499999999999991,116,0,0,0,0,0,0,0,0,0,0
6.549999999999991,135,0,0,0,0,0,0,0,0,0,0
6.599999999999991,115,0,0,0,0,0,0,0,0,0,0
6.649999999999991,107,0,0,0,0,0,0,0,0,0,0
6.69999999999999,112,0,0,0,0,0,0,0,0,0,0
6.74999999999999,112,0,0,0,0,0,0,0,0,0,0
6.79999999999999,131,0,0,0,0,0,0,0,0,0,0
6.84999999999999,138,0,0,0,0,0,0,0,0,0,0
6.89999999999999,138,0,0,0,0,0,0,0,0,0,0
6.9499999999999895,120,0,0,0,0,0,0,0,0,0,0
6.999999999999989,115,0,0,0,0,0,0,0,0,0,0
7.049999999999989,120,0,0,0,0,0,0,0,0,0,0
7.099999999999989,128,0,0,0,0,0,0,0,0,0,0
7.149999999999989,131,0,0,0,0,0,0,0,0,0,0
7.199999999999989,128,0,0,0,0,0,0,0,0,0,0
7.2499999999999885,119,0,0,0,0,0,0,0,0,0,0
7.299999999999988,124,0,0,0,0,0,0,0,0,0,0
7.349999999999988,131,0,0,0,0,0,0,0,0,0,0
7.399999999999988,112,0,0,0,0,0,0,0,0,0,0
7.449999999999988,118,0,0,0,0,0,0,0,0,0,0
7.499999999999988,121,0,0,0,0,0,0,0,0,0,0
7.549999999999987,138,0,0,0,0,0,0,0,0,0,0
7.599999999999987,111,0,0,0,0,0,0,0,0,0,0
7.649999999999987,125,0,0,0,0,0,0,0,0,0,0
7.699999999999987,109,0,0,0,0,0,0,0,0,0,0
7.749999999999987,133,0,0,0,0,0,0,0,0,0,0
7.7999999999999865,135,0,0,0,0,0,0,0,0,0,0
7.849999999999986,113,0,0,0,0,0,0,0,0,0,0
7.899999999999986,122,0,0,0,0,0,0,0,0,0,0
7.949999999999986,119,0,0,0,0,0,0,0,0,0,0
7.999999999999986,110,0,0,0,0,0,0,0,0,0,0
8.049999999999986,110,0,0,0,0,0,0,0,0,0,0
8.099999999999987,140,0,0,0,0,0,0,0,0,0,0
8.149999999999988,118,0,0,0,0,0,0,0,0,0,0
8.199999999999989,116,0,0,0,0,0,0,0,0,0,0
8.24999999999999,133,0,0,0,0,0,0,0,0,0,0
8.29999999999999,130,0,0,0,0,0,0,0,0,0,0
8.34999999999999,99,0,0,0,0,0,0,0,0,0,0
8.399999999999991,87,0,0,0,0,0,0,0,0,0,0
8.449999999999992,71,0,0,0,0,0,0,0,0,0,0
8.499999999999993,43,0,0,0,0,0,0,0,0,0,0
8.549999999999994,40,0,0,0,0,0,0,0,0,0,0
8.599999999999994,21,0,0,0,0,0,0,0,0,0,0
8.649999999999995,8,0,0,0,0,0,0,0,0,0,0
8.699999999999996,0,0,0,0,0,0,0,0,0,0,0
8.749999999999996,0,0,0,0,0,0,0,0,0,0,0
8.799999999999997,0,0,0,0,0,0,0,0,0,0,0
8.849999999999998,0,0,0,0,0,0,0,0,0,0,0
8.899999999999999,0,0,0,0,0,0,0,0,0,0,0
8.95,0,0,0,0,0,0,0,0,0,0,0
9.0,0,0,0,0,0,0,0,0,0,0,0
9.05,0,0,0,0,0,0,0,0,0,0,0
9.100000000000001,0,0,0,0,0,0,0,0,0,0,0
9.150000000000002,0,0,0,0,0,0,0,0,0,0,0
9.200000000000003,0,0,0,0,0,0,0,0,0,0,0
9.250000000000004,0,0,0,0,0,0,0,0,0,0,0
9.300000000000004,0,0,0,0,0,0,0,0,0,0,0
9.350000000000005,0,0,0,0,0,0,0,0,0,0,0
9.400000000000006,0,0,0,0,0,0,0,0,0,0,0
9.450000000000006,0,0,0,0,0,0,0,0,0,0,0
9.500000000000007,0,0,0,0,0,0,0,0,0,0,0
9.550000000000008,0,0,0,0,0,0,0,0,0,0,0
9.600000000000009,0,0,0,0,0,0,0,0,0,0,0
9.65000000000001,0,0,0,0,0,0,0,0,0,0,0
9.70000000000001,0,0,0,0,0,0,0,0,0,0,0
9.75000000000001,0,0,0,0,0,0,0,0,0,0,0
9.800000000000011,0,0,0,0,0,0,0,0,0,0,0
9.850000000000012,0,0,0,0,0,0,0,0,0,0,0
9.900000000000013,0,0,0,0,0,0,0,0,0,0,0
9.950000000000014,0,0,0,0,0,0,0,0,0,0,0
10.000000000000014,0,0,0,0,0,0,0,0,0,0,0
10.050000000000015,0,0,0,0,0,0,0,0,0,0,0
10.100000000000016,0,0,0,0,0,0,0,0,0,0,0
10.150000000000016,0,0,0,0,0,0,0,0,0,0,0
10.200000000000017,0,0,0,0,0,0,0,0,0,0,0
10.250000000000018,0,0,0,0,0,0,0,0,0,0,0
10.300000000000018,0,0,0,0,0,0,0,0,0,0,0
10.35000000000002,0,0,0,0,0,0,0,0,0,0,0
*****
4,0.05,100,0.6,1,10,100,0.130921998163,0.0426836366557
4,100,0,1,0,1,0,0,0,0,0,0
4.05,125,0,0,0,0,0,0,0,0,0,0
4.1,84,1,0,0,0,0,0,0,0,0,0
4.1499999999999995,104,0,0,0,0,0,0,0,0,0,0
4.199999999999999,97,3,1,2,1,0,0,0,0,0,0
4.249999999999999,59,4,4,3,4,0,0,0,0,0,0
4.299999999999999,88,9,8,4,8,0,0,0,0,0,0
4.349999999999999,70,6,4,4,4,0,0,0,0,0,0
4.399999999999999,62,2,2,5,2,0,0,0,0,0,0
4.449999999999998,78,3,5,5,5,0,0,0,0,0,0
4.499999999999998,66,0,2,1,2,0,0,0,0,0,0
4.549999999999998,77,0,1,1,1,0,0,0,0,0,0
4.599999999999998,82,1,1,1,1,0,0,0,0,0,0
4.649999999999998,99,0,0,0,0,0,0,0,0,0,0
4.6999999999999975,96,0,0,0,0,0,0,0,0,0,0
4.749999999999997,114,0,0,0,0,0,0,0,0,0,0
4.799999999999997,92,0,0,0,0,0,0,0,0,0,0
4.849999999999997,92,0,0,0,0,0,0,0,0,0,0
4.899999999999997,88,0,0,0,0,0,0,0,0,0,0
4.949999999999997,99,0,0,0,0,0,0,0,0,0,0
4.9999999999999964,85,0,0,0,0,0,0,0,0,0,0
5.049999999999996,106,0,0,0,0,0,0,0,0,0,0
5.099999999999996,83,0,0,0,0,0,0,0,0,0,0
5.149999999999996,72,0,0,0,0,0,0,0,0,0,0
5.199999999999996,72,0,0,0,0,0,0,0,0,0,0
5.249999999999996,80,0,0,0,0,0,0,0,0,0,0
5.299999999999995,84,0,0,0,0,0,0,0,0,0,0
5.349999999999995,73,0,0,0,0,0,0,0,0,0,0
5.399999999999995,86,0,0,0,0,0,0,0,0,0,0
5.449999999999995,86,0,0,0,0,0,0,0,0,0,0
5.499999999999995,77,0,0,0,0,0,0,0,0,0,0
5.5499999999999945,101,0,0,0,0,0,0,0,0,0,0
5.599999999999994,94,0,0,0,0,0,0,0,0,0,0
5.649999999999994,85,0,0,0,0,0,0,0,0,0,0
5.699999999999994,101,0,0,0,0,0,0,0,0,0,0
5.749999999999994,96,0,0,0,0,0,0,0,0,0,0
5.799999999999994,96,0,0,0,0,0,0,0,0,0,0
5.849999999999993,86,0,0,0,0,0,0,0,0,0,0
5.899999999999993,83,0,0,0,0,0,0,0,0,0,0
5.949999999999993,76,0,0,0,0,0,0,0,0,0,0
5.999999999999993,82,0,0,0,0,0,0,0,0,0,0
6.049999999999993,93,0,0,0,0,0,0,0,0,0,0
6.0999999999999925,75,0,0,0,0,0,0,0,0,0,0
6.149999999999992,66,0,0,0,0,0,0,0,0,0,0
6.199999999999992,94,0,0,0,0,0,0,0,0,0,0
6.249999999999992,85,0,0,0,0,0,0,0,0,0,0
6.299999999999992,89,0,0,0,0,0,0,0,0,0,0
6.349999999999992,95,0,0,0,0,0,0,0,0,0,0
6.3999999999999915,95,0,0,0,0,0,0,0,0,0,0
6.449999999999991,94,0,0,0,0,0,0,0,0,0,0
6.499999999999991,89,0,0,0,0,0,0,0,0,0,0
6.549999999999991,87,0,0,0,0,0,0,0,0,0,0
6.599999999999991,90,0,0,0,0,0,0,0,0,0,0
6.649999999999991,86,0,0,0,0,0,0,0,0,0,0
6.69999999999999,82,0,0,0,0,0,0,0,0,0,0
6.74999999999999,94,0,0,0,0,0,0,0,0,0,0
6.79999999999999,76,0,0,0,0,0,0,0,0,0,0
6.84999999999999,83,0,0,0,0,0,0,0,0,0,0
6.89999999999999,93,0,0,0,0,0,0,0,0,0,0
6.9499999999999895,86,0,0,0,0,0,0,0,0,0,0
6.999999999999989,61,0,0,0,0,0,0,0,0,0,0
7.049999999999989,79,0,0,0,0,0,0,0,0,0,0
7.099999999999989,100,0,0,0,0,0,0,0,0,0,0
7.149999999999989,83,0,0,0,0,0,0,0,0,0,0
7.199999999999989,92,0,0,0,0,0,0,0,0,0,0
7.2499999999999885,81,0,0,0,0,0,0,0,0,0,0
7.299999999999988,105,0,0,0,0,0,0,0,0,0,0
7.349999999999988,95,0,0,0,0,0,0,0,0,0,0
7.399999999999988,83,0,0,0,0,0,0,0,0,0,0
7.449999999999988,89,0,0,0,0,0,0,0,0,0,0
7.499999999999988,89,0,0,0,0,0,0,0,0,0,0
7.549999999999987,99,0,0,0,0,0,0,0,0,0,0
7.599999999999987,84,0,0,0,0,0,0,0,0,0,0
7.649999999999987,79,0,0,0,0,0,0,0,0,0,0
7.699999999999987,72,0,0,0,0,0,0,0,0,0,0
7.749999999999987,75,0,0,0,0,0,0,0,0,0,0
7.7999999999999865,95,0,0,0,0,0,0,0,0,0,0
7.849999999999986,73,0,0,0,0,0,0,0,0,0,0
7.899999999999986,85,0,0,0,0,0,0,0,0,0,0
7.949999999999986,91,0,0,0,0,0,0,0,0,0,0
7.999999999999986,84,0,0,0,0,0,0,0,0,0,0
8.049999999999986,87,0,0,0,0,0,0,0,0,0,0
8.099999999999987,102,0,0,0,0,0,0,0,0,0,0
8.149999999999988,93,0,0,0,0,0,0,0,0,0,0
8.199999999999989,101,0,0,0,0,0,0,0,0,0,0
8.24999999999999,84,0,0,0,0,0,0,0,0,0,0
8.29999999999999,106,0,0,0,0,0,0,0,0,0,0
8.34999999999999,73,0,0,0,0,0,0,0,0,0,0
8.399999999999991,79,0,0,0,0,0,0,0,0,0,0
8.449999999999992,88,0,0,0,0,0,0,0,0,0,0
8.499999999999993,88,0,0,0,0,0,0,0,0,0,0
8.549999999999994,88,0,0,0,0,0,0,0,0,0,0
8.599999999999994,78,0,0,0,0,0,0,0,0,0,0
8.649999999999995,62,0,0,0,0,0,0,0,0,0,0
8.699999999999996,55,0,0,0,0,0,0,0,0,0,0
8.749999999999996,53,0,0,0,0,0,0,0,0,0,0
8.799999999999997,33,0,0,0,0,0,0,0,0,0,0
8.849999999999998,22,0,0,0,0,0,0,0,0,0,0
8.899999999999999,9,0,0,0,0,0,0,0,0,0,0
8.95,4,0,0,0,0,0,0,0,0,0,0
9.0,0,0,0,0,0,0,0,0,0,0,0
9.05,0,0,0,0,0,0,0,0,0,0,0
9.100000000000001,0,0,0,0,0,0,0,0,0,0,0
9.150000000000002,0,0,0,0,0,0,0,0,0,0,0
9.200000000000003,0,0,0,0,0,0,0,0,0,0,0
9.250000000000004,0,0,0,0,0,0,0,0,0,0,0
9.300000000000004,0,0,0,0,0,0,0,0,0,0,0
9.350000000000005,0,0,0,0,0,0,0,0,0,0,0
9.400000000000006,0,0,0,0,0,0,0,0,0,0,0
9.450000000000006,0,0,0,0,0,0,0,0,0,0,0
9.500000000000007,0,0,0,0,0,0,0,0,0,0,0
9.550000000000008,0,0,0,0,0,0,0,0,0,0,0
9.600000000000009,0,0,0,0,0,0,0,0,0,0,0
9.65000000000001,0,0,0,0,0,0,0,0,0,0,0
9.70000000000001,0,0,0,0,0,0,0,0,0,0,0
9.75000000000001,0,0,0,0,0,0,0,0,0,0,0
9.800000000000011,0,0,0,0,0,0,0,0,0,0,0
9.850000000000012,0,0,0,0,0,0,0,0,0,0,0
9.900000000000013,0,0,0,0,0,0,0,0,0,0,0
9.950000000000014,0,0,0,0,0,0,0,0,0,0,0
10.000000000000014,0,0,0,0,0,0,0,0,0,0,0
10.050000000000015,0,0,0,0,0,0,0,0,0,0,0
10.100000000000016,0,0,0,0,0,0,0,0,0,0,0
10.150000000000016,0,0,0,0,0,0,0,0,0,0,0
10.200000000000017,0,0,0,0,0,0,0,0,0,0,0
10.250000000000018,0,0,0,0,0,0,0,0,0,0,0
10.300000000000018,0,0,0,0,0,0,0,0,0,0,0
10.35000000000002,0,0,0,0,0,0,0,0,0,0,0
