*****
4,0.05,1000,0,1,10,100,0.261843996326,0.0853672733114
4,1000,905,921,831,911,0,0,0,0,0,0
4.05,1004,872,912,833,892,0,0,0,0,0,0
4.1,1042,920,944,880,939,0,0,0,0,0,0
4.1499999999999995,1000,844,880,826,863,0,0,0,0,0,0
4.199999999999999,975,805,833,805,838,0,0,0,0,0,0
4.249999999999999,955,758,802,785,793,0,0,0,0,0,0
4.299999999999999,1119,820,881,884,889,0,0,0,0,0,0
4.349999999999999,1011,683,726,756,747,0,0,0,0,0,0
4.399999999999999,1046,650,710,726,725,0,0,0,0,0,0
4.449999999999998,978,584,623,660,644,0,0,0,0,0,0
4.499999999999998,1015,512,577,637,593,0,0,0,0,0,0
4.549999999999998,1053,452,503,583,529,0,0,0,0,0,0
4.599999999999998,1081,418,457,526,476,0,0,0,0,0,0
4.649999999999998,1004,350,386,443,411,0,0,0,0,0,0
4.6999999999999975,998,291,327,386,344,0,0,0,0,0,0
4.749999999999997,1004,260,284,353,299,0,0,0,0,0,0
4.799999999999997,1015,220,249,324,268,0,0,0,0,0,0
4.849999999999997,1001,172,192,244,206,0,0,0,0,0,0
4.899999999999997,1071,144,162,219,178,0,0,0,0,0,0
4.949999999999997,1038,107,123,164,129,0,0,0,0,0,0
4.9999999999999964,984,85,101,143,111,0,0,0,0,0,0
5.049999999999996,1023,84,98,134,108,0,0,0,0,0,0
5.099999999999996,977,65,67,88,70,0,0,0,0,0,0
5.149999999999996,1022,38,49,77,52,0,0,0,0,0,0
5.199999999999996,1068,45,53,68,60,0,0,0,0,0,0
5.249999999999996,1057,29,33,58,36,0,0,0,0,0,0
5.299999999999995,1035,24,25,35,28,0,0,0,0,0,0
5.349999999999995,1033,14,20,28,20,0,0,0,0,0,0
5.399999999999995,1030,2,4,12,4,0,0,0,0,0,0
5.449999999999995,1066,11,11,16,11,0,0,0,0,0,0
5.499999999999995,994,5,6,14,7,0,0,0,0,0,0
5.5499999999999945,1004,6,6,9,7,0,0,0,0,0,0
5.599999999999994,1008,3,4,6,6,0,0,0,0,0,0
5.649999999999994,1029,1,1,3,1,0,0,0,0,0,0
5.699999999999994,993,0,0,1,0,0,0,0,0,0,0
5.749999999999994,976,0,0,1,0,0,0,0,0,0,0
5.799999999999994,1025,0,1,1,1,0,0,0,0,0,0
5.849999999999993,1015,1,1,1,1,0,0,0,0,0,0
5.899999999999993,961,0,0,1,0,0,0,0,0,0,0
5.949999999999993,1062,1,1,1,1,0,0,0,0,0,0
5.999999999999993,1040,0,0,0,0,0,0,0,0,0,0
6.049999999999993,975,1,1,1,1,0,0,0,0,0,0
6.0999999999999925,1052,0,0,0,0,0,0,0,0,0,0
6.149999999999992,1021,0,0,0,0,0,0,0,0,0,0
6.199999999999992,985,1,1,1,1,0,0,0,0,0,0
6.249999999999992,976,0,0,0,0,0,0,0,0,0,0
6.299999999999992,1022,0,0,0,0,0,0,0,0,0,0
6.349999999999992,1001,0,0,0,0,0,0,0,0,0,0
6.3999999999999915,1073,0,0,0,0,0,0,0,0,0,0
6.449999999999991,1042,0,0,0,0,0,0,0,0,0,0
6.499999999999991,1024,0,0,0,0,0,0,0,0,0,0
6.549999999999991,1037,1,1,1,1,0,0,0,0,0,0
6.599999999999991,1032,0,0,0,0,0,0,0,0,0,0
6.649999999999991,1012,0,0,0,0,0,0,0,0,0,0
6.69999999999999,1064,0,0,0,0,0,0,0,0,0,0
6.74999999999999,1026,0,0,0,0,0,0,0,0,0,0
6.79999999999999,1018,0,0,0,0,0,0,0,0,0,0
6.84999999999999,1010,0,0,0,0,0,0,0,0,0,0
6.89999999999999,1100,0,0,0,0,0,0,0,0,0,0
6.9499999999999895,996,0,0,0,0,0,0,0,0,0,0
6.999999999999989,1017,0,0,0,0,0,0,0,0,0,0
7.049999999999989,1002,0,0,0,0,0,0,0,0,0,0
7.099999999999989,1020,0,0,0,0,0,0,0,0,0,0
7.149999999999989,967,0,0,0,0,0,0,0,0,0,0
7.199999999999989,1056,0,0,0,0,0,0,0,0,0,0
7.2499999999999885,1024,0,0,0,0,0,0,0,0,0,0
7.299999999999988,1010,0,0,0,0,0,0,0,0,0,0
7.349999999999988,1025,0,0,0,0,0,0,0,0,0,0
7.399999999999988,1008,0,0,0,0,0,0,0,0,0,0
7.449999999999988,972,0,0,0,0,0,0,0,0,0,0
7.499999999999988,952,0,0,0,0,0,0,0,0,0,0
7.549999999999987,1051,0,0,0,0,0,0,0,0,0,0
7.599999999999987,1038,0,0,0,0,0,0,0,0,0,0
7.649999999999987,1028,0,0,0,0,0,0,0,0,0,0
7.699999999999987,976,0,0,0,0,0,0,0,0,0,0
7.749999999999987,1029,0,0,0,0,0,0,0,0,0,0
7.7999999999999865,991,0,0,0,0,0,0,0,0,0,0
7.849999999999986,1093,0,0,0,0,0,0,0,0,0,0
7.899999999999986,1018,0,0,0,0,0,0,0,0,0,0
7.949999999999986,1063,0,0,0,0,0,0,0,0,0,0
7.999999999999986,989,0,0,0,0,0,0,0,0,0,0
8.049999999999986,958,0,0,0,0,0,0,0,0,0,0
8.099999999999987,879,0,0,0,0,0,0,0,0,0,0
8.149999999999988,808,0,0,0,0,0,0,0,0,0,0
8.199999999999989,793,0,0,0,0,0,0,0,0,0,0
8.24999999999999,724,0,0,0,0,0,0,0,0,0,0
8.29999999999999,679,0,0,0,0,0,0,0,0,0,0
8.34999999999999,621,0,0,0,0,0,0,0,0,0,0
8.399999999999991,592,0,0,0,0,0,0,0,0,0,0
8.449999999999992,533,0,0,0,0,0,0,0,0,0,0
8.499999999999993,492,0,0,0,0,0,0,0,0,0,0
8.549999999999994,477,0,0,0,0,0,0,0,0,0,0
8.599999999999994,381,0,0,0,0,0,0,0,0,0,0
8.649999999999995,359,0,0,0,0,0,0,0,0,0,0
8.699999999999996,283,0,0,0,0,0,0,0,0,0,0
8.749999999999996,216,0,0,0,0,0,0,0,0,0,0
8.799999999999997,195,0,0,0,0,0,0,0,0,0,0
8.849999999999998,123,0,0,0,0,0,0,0,0,0,0
8.899999999999999,95,0,0,0,0,0,0,0,0,0,0
8.95,27,0,0,0,0,0,0,0,0,0,0
9.0,0,0,0,0,0,0,0,0,0,0,0
9.05,0,0,0,0,0,0,0,0,0,0,0
9.100000000000001,0,0,0,0,0,0,0,0,0,0,0
9.150000000000002,0,0,0,0,0,0,0,0,0,0,0
9.200000000000003,0,0,0,0,0,0,0,0,0,0,0
9.250000000000004,0,0,0,0,0,0,0,0,0,0,0
9.300000000000004,0,0,0,0,0,0,0,0,0,0,0
9.350000000000005,0,0,0,0,0,0,0,0,0,0,0
9.400000000000006,0,0,0,0,0,0,0,0,0,0,0
9.450000000000006,0,0,0,0,0,0,0,0,0,0,0
9.500000000000007,0,0,0,0,0,0,0,0,0,0,0
9.550000000000008,0,0,0,0,0,0,0,0,0,0,0
9.600000000000009,0,0,0,0,0,0,0,0,0,0,0
9.65000000000001,0,0,0,0,0,0,0,0,0,0,0
9.70000000000001,0,0,0,0,0,0,0,0,0,0,0
9.75000000000001,0,0,0,0,0,0,0,0,0,0,0
9.800000000000011,0,0,0,0,0,0,0,0,0,0,0
9.850000000000012,0,0,0,0,0,0,0,0,0,0,0
9.900000000000013,0,0,0,0,0,0,0,0,0,0,0
9.950000000000014,0,0,0,0,0,0,0,0,0,0,0
10.000000000000014,0,0,0,0,0,0,0,0,0,0,0
10.050000000000015,0,0,0,0,0,0,0,0,0,0,0
10.100000000000016,0,0,0,0,0,0,0,0,0,0,0
10.150000000000016,0,0,0,0,0,0,0,0,0,0,0
10.200000000000017,0,0,0,0,0,0,0,0,0,0,0
10.250000000000018,0,0,0,0,0,0,0,0,0,0,0
10.300000000000018,0,0,0,0,0,0,0,0,0,0,0
10.35000000000002,0,0,0,0,0,0,0,0,0,0,0
*****
4,0.05,1000,0,0.4,10,100,0.261843996326,0.0853672733114
4,1000,1000,998,1000,1000,0,0,0,0,0,0
4.05,1060,1060,1056,1060,1060,0,0,0,0,0,0
4.1,1017,1017,1009,1017,1017,0,0,0,0,0,0
4.1499999999999995,1104,1104,1093,1104,1104,0,0,0,0,0,0
4.199999999999999,1079,1079,1059,1079,1079,0,0,0,0,0,0
4.249999999999999,1089,1089,1067,1089,1089,0,0,0,0,0,0
4.299999999999999,1060,1060,1031,1060,1060,0,0,0,0,0,0
4.349999999999999,1087,1085,1047,1083,1085,0,0,0,0,0,0
4.399999999999999,1073,1068,993,1067,1069,0,0,0,0,0,0
4.449999999999998,1099,1093,1025,1096,1093,0,0,0,0,0,0
4.499999999999998,1036,1016,925,1029,1021,0,0,0,0,0,0
4.549999999999998,1065,1031,893,1059,1042,0,0,0,0,0,0
4.599999999999998,1060,1013,894,1042,1026,0,0,0,0,0,0
4.649999999999998,1078,994,822,1055,1017,0,0,0,0,0,0
4.6999999999999975,1046,929,748,999,954,0,0,0,0,0,0
4.749999999999997,1090,908,709,1000,940,0,0,0,0,0,0
4.799999999999997,1021,822,603,912,857,0,0,0,0,0,0
4.849999999999997,1026,698,505,842,737,0,0,0,0,0,0
4.899999999999997,1050,660,475,823,708,0,0,0,0,0,0
4.949999999999997,1066,600,425,767,647,0,0,0,0,0,0
4.9999999999999964,1065,470,319,654,511,0,0,0,0,0,0
5.049999999999996,1078,415,302,585,468,0,0,0,0,0,0
5.099999999999996,1117,336,224,510,374,0,0,0,0,0,0
5.149999999999996,1050,221,149,368,245,0,0,0,0,0,0
5.199999999999996,1017,171,113,289,190,0,0,0,0,0,0
5.249999999999996,1068,125,75,225,146,0,0,0,0,0,0
5.299999999999995,1125,89,67,172,106,0,0,0,0,0,0
5.349999999999995,1034,60,44,96,64,0,0,0,0,0,0
5.399999999999995,1113,39,30,81,45,0,0,0,0,0,0
5.449999999999995,1029,29,21,56,35,0,0,0,0,0,0
5.499999999999995,1069,13,12,29,17,0,0,0,0,0,0
5.5499999999999945,1071,2,2,6,3,0,0,0,0,0,0
5.599999999999994,1017,0,0,6,2,0,0,0,0,0,0
5.649999999999994,1060,2,1,8,2,0,0,0,0,0,0
5.699999999999994,1065,3,0,1,3,0,0,0,0,0,0
5.749999999999994,1081,1,1,1,1,0,0,0,0,0,0
5.799999999999994,1045,0,0,0,0,0,0,0,0,0,0
5.849999999999993,1089,0,0,0,0,0,0,0,0,0,0
5.899999999999993,1050,0,0,0,0,0,0,0,0,0,0
5.949999999999993,1044,0,0,0,0,0,0,0,0,0,0
5.999999999999993,1031,0,0,0,0,0,0,0,0,0,0
6.049999999999993,1068,0,0,0,0,0,0,0,0,0,0
6.0999999999999925,1008,0,0,0,0,0,0,0,0,0,0
6.149999999999992,1074,0,0,0,0,0,0,0,0,0,0
6.199999999999992,1080,0,0,0,0,0,0,0,0,0,0
6.249999999999992,1070,0,0,0,0,0,0,0,0,0,0
6.299999999999992,1024,0,0,0,0,0,0,0,0,0,0
6.349999999999992,1064,0,0,0,0,0,0,0,0,0,0
6.3999999999999915,1074,0,0,0,0,0,0,0,0,0,0
6.449999999999991,1029,0,0,0,0,0,0,0,0,0,0
6.499999999999991,1077,0,0,0,0,0,0,0,0,0,0
6.549999999999991,1051,0,0,0,0,0,0,0,0,0,0
6.599999999999991,1045,0,0,0,0,0,0,0,0,0,0
6.649999999999991,1129,0,0,0,0,0,0,0,0,0,0
6.69999999999999,1066,0,0,0,0,0,0,0,0,0,0
6.74999999999999,1043,0,0,0,0,0,0,0,0,0,0
6.79999999999999,1052,0,0,0,0,0,0,0,0,0,0
6.84999999999999,1060,0,0,0,0,0,0,0,0,0,0
6.89999999999999,1106,0,0,0,0,0,0,0,0,0,0
6.9499999999999895,1118,0,0,0,0,0,0,0,0,0,0
6.999999999999989,1096,0,0,0,0,0,0,0,0,0,0
7.049999999999989,1055,0,0,0,0,0,0,0,0,0,0
7.099999999999989,1043,0,0,0,0,0,0,0,0,0,0
7.149999999999989,1056,0,0,0,0,0,0,0,0,0,0
7.199999999999989,1033,0,0,0,0,0,0,0,0,0,0
7.2499999999999885,1087,0,0,0,0,0,0,0,0,0,0
7.299999999999988,1038,0,0,0,0,0,0,0,0,0,0
7.349999999999988,1093,0,0,0,0,0,0,0,0,0,0
7.399999999999988,1060,0,0,0,0,0,0,0,0,0,0
7.449999999999988,1075,0,0,0,0,0,0,0,0,0,0
7.499999999999988,1034,0,0,0,0,0,0,0,0,0,0
7.549999999999987,1110,0,0,0,0,0,0,0,0,0,0
7.599999999999987,1063,0,0,0,0,0,0,0,0,0,0
7.649999999999987,1078,0,0,0,0,0,0,0,0,0,0
7.699999999999987,1078,0,0,0,0,0,0,0,0,0,0
7.749999999999987,1044,0,0,0,0,0,0,0,0,0,0
7.7999999999999865,1088,0,0,0,0,0,0,0,0,0,0
7.849999999999986,1063,0,0,0,0,0,0,0,0,0,0
7.899999999999986,1078,0,0,0,0,0,0,0,0,0,0
7.949999999999986,1060,0,0,0,0,0,0,0,0,0,0
7.999999999999986,965,0,0,0,0,0,0,0,0,0,0
8.049999999999986,835,0,0,0,0,0,0,0,0,0,0
8.099999999999987,732,0,0,0,0,0,0,0,0,0,0
8.149999999999988,603,0,0,0,0,0,0,0,0,0,0
8.199999999999989,496,0,0,0,0,0,0,0,0,0,0
8.24999999999999,340,0,0,0,0,0,0,0,0,0,0
8.29999999999999,207,0,0,0,0,0,0,0,0,0,0
8.34999999999999,66,0,0,0,0,0,0,0,0,0,0
8.399999999999991,0,0,0,0,0,0,0,0,0,0,0
8.449999999999992,0,0,0,0,0,0,0,0,0,0,0
8.499999999999993,0,0,0,0,0,0,0,0,0,0,0
8.549999999999994,0,0,0,0,0,0,0,0,0,0,0
8.599999999999994,0,0,0,0,0,0,0,0,0,0,0
8.649999999999995,0,0,0,0,0,0,0,0,0,0,0
8.699999999999996,0,0,0,0,0,0,0,0,0,0,0
8.749999999999996,0,0,0,0,0,0,0,0,0,0,0
8.799999999999997,0,0,0,0,0,0,0,0,0,0,0
8.849999999999998,0,0,0,0,0,0,0,0,0,0,0
8.899999999999999,0,0,0,0,0,0,0,0,0,0,0
8.95,0,0,0,0,0,0,0,0,0,0,0
9.0,0,0,0,0,0,0,0,0,0,0,0
9.05,0,0,0,0,0,0,0,0,0,0,0
9.100000000000001,0,0,0,0,0,0,0,0,0,0,0
9.150000000000002,0,0,0,0,0,0,0,0,0,0,0
9.200000000000003,0,0,0,0,0,0,0,0,0,0,0
9.250000000000004,0,0,0,0,0,0,0,0,0,0,0
9.300000000000004,0,0,0,0,0,0,0,0,0,0,0
9.350000000000005,0,0,0,0,0,0,0,0,0,0,0
9.400000000000006,0,0,0,0,0,0,0,0,0,0,0
9.450000000000006,0,0,0,0,0,0,0,0,0,0,0
9.500000000000007,0,0,0,0,0,0,0,0,0,0,0
9.550000000000008,0,0,0,0,0,0,0,0,0,0,0
9.600000000000009,0,0,0,0,0,0,0,0,0,0,0
9.65000000000001,0,0,0,0,0,0,0,0,0,0,0
9.70000000000001,0,0,0,0,0,0,0,0,0,0,0
9.75000000000001,0,0,0,0,0,0,0,0,0,0,0
9.800000000000011,0,0,0,0,0,0,0,0,0,0,0
9.850000000000012,0,0,0,0,0,0,0,0,0,0,0
9.900000000000013,0,0,0,0,0,0,0,0,0,0,0
9.950000000000014,0,0,0,0,0,0,0,0,0,0,0
10.000000000000014,0,0,0,0,0,0,0,0,0,0,0
10.050000000000015,0,0,0,0,0,0,0,0,0,0,0
10.100000000000016,0,0,0,0,0,0,0,0,0,0,0
10.150000000000016,0,0,0,0,0,0,0,0,0,0,0
10.200000000000017,0,0,0,0,0,0,0,0,0,0,0
10.250000000000018,0,0,0,0,0,0,0,0,0,0,0
10.300000000000018,0,0,0,0,0,0,0,0,0,0,0
10.35000000000002,0,0,0,0,0,0,0,0,0,0,0
*****
4,0.05,1000,0.3,0.7,10,100,0.261843996326,0.0853672733114
4,1000,948,963,917,955,0,0,0,0,0,0
4.05,1016,956,971,944,968,0,0,0,0,0,0
4.1,1068,1010,1032,995,1026,0,0,0,0,0,0
4.1499999999999995,1067,1021,1035,993,1034,0,0,0,0,0,0
4.199999999999999,1028,979,987,968,992,0,0,0,0,0,0
4.249999999999999,1006,952,958,954,968,0,0,0,0,0,0
4.299999999999999,971,923,940,912,931,0,0,0,0,0,0
4.349999999999999,1056,985,1010,993,1008,0,0,0,0,0,0
4.399999999999999,953,882,899,875,902,0,0,0,0,0,0
4.449999999999998,1020,937,946,936,956,0,0,0,0,0,0
4.499999999999998,1034,927,947,942,964,0,0,0,0,0,0
4.549999999999998,1059,919,944,939,955,0,0,0,0,0,0
4.599999999999998,1018,881,898,901,915,0,0,0,0,0,0
4.649999999999998,1047,866,892,894,911,0,0,0,0,0,0
4.6999999999999975,1047,821,856,874,877,0,0,0,0,0,0
4.749999999999997,998,726,746,767,770,0,0,0,0,0,0
4.799999999999997,1023,730,753,795,778,0,0,0,0,0,0
4.849999999999997,1019,646,683,728,708,0,0,0,0,0,0
4.899999999999997,972,568,597,636,616,0,0,0,0,0,0
4.949999999999997,974,493,515,573,545,0,0,0,0,0,0
4.9999999999999964,1031,446,486,534,499,0,0,0,0,0,0
5.049999999999996,1036,443,482,513,500,0,0,0,0,0,0
5.099999999999996,1039,382,406,455,435,0,0,0,0,0,0
5.149999999999996,1004,341,370,386,383,0,0,0,0,0,0
5.199999999999996,1080,308,326,370,345,0,0,0,0,0,0
5.249999999999996,1030,212,227,280,243,0,0,0,0,0,0
5.299999999999995,999,191,206,239,220,0,0,0,0,0,0
5.349999999999995,1015,127,141,164,148,0,0,0,0,0,0
5.399999999999995,993,108,117,135,121,0,0,0,0,0,0
5.449999999999995,996,99,103,125,113,0,0,0,0,0,0
5.499999999999995,1035,72,71,84,75,0,0,0,0,0,0
5.5499999999999945,1000,52,55,62,58,0,0,0,0,0,0
5.599999999999994,1042,49,51,62,56,0,0,0,0,0,0
5.649999999999994,1035,36,46,47,47,0,0,0,0,0,0
5.699999999999994,997,16,16,23,18,0,0,0,0,0,0
5.749999999999994,1052,18,19,20,19,0,0,0,0,0,0
5.799999999999994,1006,13,14,16,14,0,0,0,0,0,0
5.849999999999993,968,11,13,14,14,0,0,0,0,0,0
5.899999999999993,1019,4,4,3,4,0,0,0,0,0,0
5.949999999999993,1054,2,2,2,2,0,0,0,0,0,0
5.999999999999993,987,3,2,3,3,0,0,0,0,0,0
6.049999999999993,1085,2,2,2,2,0,0,0,0,0,0
6.0999999999999925,1016,1,1,1,1,0,0,0,0,0,0
6.149999999999992,1008,0,0,0,0,0,0,0,0,0,0
6.199999999999992,1011,0,0,0,0,0,0,0,0,0,0
6.249999999999992,1006,0,0,0,0,0,0,0,0,0,0
6.299999999999992,1004,0,0,0,0,0,0,0,0,0,0
6.349999999999992,1019,2,2,2,2,0,0,0,0,0,0
6.3999999999999915,998,0,0,0,0,0,0,0,0,0,0
6.449999999999991,1022,0,0,0,0,0,0,0,0,0,0
6.499999999999991,1053,0,0,0,0,0,0,0,0,0,0
6.549999999999991,993,0,0,0,0,0,0,0,0,0,0
6.599999999999991,1040,0,0,0,0,0,0,0,0,0,0
6.649999999999991,1048,0,0,0,0,0,0,0,0,0,0
6.69999999999999,1001,0,0,0,0,0,0,0,0,0,0
6.74999999999999,1002,0,0,0,0,0,0,0,0,0,0
6.79999999999999,993,0,0,0,0,0,0,0,0,0,0
6.84999999999999,1038,0,0,0,0,0,0,0,0,0,0
6.89999999999999,1052,0,0,0,0,0,0,0,0,0,0
6.9499999999999895,1046,0,0,0,0,0,0,0,0,0,0
6.999999999999989,1025,0,0,0,0,0,0,0,0,0,0
7.049999999999989,956,0,0,0,0,0,0,0,0,0,0
7.099999999999989,1007,0,0,0,0,0,0,0,0,0,0
7.149999999999989,1021,0,0,0,0,0,0,0,0,0,0
7.199999999999989,1031,0,0,0,0,0,0,0,0,0,0
7.2499999999999885,1065,0,0,0,0,0,0,0,0,0,0
7.299999999999988,1032,0,0,0,0,0,0,0,0,0,0
7.349999999999988,1042,0,0,0,0,0,0,0,0,0,0
7.399999999999988,999,0,0,0,0,0,0,0,0,0,0
7.449999999999988,928,0,0,0,0,0,0,0,0,0,0
7.499999999999988,994,0,0,0,0,0,0,0,0,0,0
7.549999999999987,1025,0,0,0,0,0,0,0,0,0,0
7.599999999999987,1018,0,0,0,0,0,0,0,0,0,0
7.649999999999987,1072,0,0,0,0,0,0,0,0,0,0
7.699999999999987,1002,0,0,0,0,0,0,0,0,0,0
7.749999999999987,1044,0,0,0,0,0,0,0,0,0,0
7.7999999999999865,989,0,0,0,0,0,0,0,0,0,0
7.849999999999986,959,0,0,0,0,0,0,0,0,0,0
7.899999999999986,1031,0,0,0,0,0,0,0,0,0,0
7.949999999999986,1029,0,0,0,0,0,0,0,0,0,0
7.999999999999986,1024,0,0,0,0,0,0,0,0,0,0
8.049999999999986,1040,0,0,0,0,0,0,0,0,0,0
8.099999999999987,1011,0,0,0,0,0,0,0,0,0,0
8.149999999999988,1028,0,0,0,0,0,0,0,0,0,0
8.199999999999989,1026,0,0,0,0,0,0,0,0,0,0
8.24999999999999,980,0,0,0,0,0,0,0,0,0,0
8.29999999999999,865,0,0,0,0,0,0,0,0,0,0
8.34999999999999,810,0,0,0,0,0,0,0,0,0,0
8.399999999999991,765,0,0,0,0,0,0,0,0,0,0
8.449999999999992,618,0,0,0,0,0,0,0,0,0,0
8.499999999999993,444,0,0,0,0,0,0,0,0,0,0
8.549999999999994,307,0,0,0,0,0,0,0,0,0,0
8.599999999999994,171,0,0,0,0,0,0,0,0,0,0
8.649999999999995,89,0,0,0,0,0,0,0,0,0,0
8.699999999999996,0,0,0,0,0,0,0,0,0,0,0
8.749999999999996,0,0,0,0,0,0,0,0,0,0,0
8.799999999999997,0,0,0,0,0,0,0,0,0,0,0
8.849999999999998,0,0,0,0,0,0,0,0,0,0,0
8.899999999999999,0,0,0,0,0,0,0,0,0,0,0
8.95,0,0,0,0,0,0,0,0,0,0,0
9.0,0,0,0,0,0,0,0,0,0,0,0
9.05,0,0,0,0,0,0,0,0,0,0,0
9.100000000000001,0,0,0,0,0,0,0,0,0,0,0
9.150000000000002,0,0,0,0,0,0,0,0,0,0,0
9.200000000000003,0,0,0,0,0,0,0,0,0,0,0
9.250000000000004,0,0,0,0,0,0,0,0,0,0,0
9.300000000000004,0,0,0,0,0,0,0,0,0,0,0
9.350000000000005,0,0,0,0,0,0,0,0,0,0,0
9.400000000000006,0,0,0,0,0,0,0,0,0,0,0
9.450000000000006,0,0,0,0,0,0,0,0,0,0,0
9.500000000000007,0,0,0,0,0,0,0,0,0,0,0
9.550000000000008,0,0,0,0,0,0,0,0,0,0,0
9.600000000000009,0,0,0,0,0,0,0,0,0,0,0
9.65000000000001,0,0,0,0,0,0,0,0,0,0,0
9.70000000000001,0,0,0,0,0,0,0,0,0,0,0
9.75000000000001,0,0,0,0,0,0,0,0,0,0,0
9.800000000000011,0,0,0,0,0,0,0,0,0,0,0
9.850000000000012,0,0,0,0,0,0,0,0,0,0,0
9.900000000000013,0,0,0,0,0,0,0,0,0,0,0
9.950000000000014,0,0,0,0,0,0,0,0,0,0,0
10.000000000000014,0,0,0,0,0,0,0,0,0,0,0
10.050000000000015,0,0,0,0,0,0,0,0,0,0,0
10.100000000000016,0,0,0,0,0,0,0,0,0,0,0
10.150000000000016,0,0,0,0,0,0,0,0,0,0,0
10.200000000000017,0,0,0,0,0,0,0,0,0,0,0
10.250000000000018,0,0,0,0,0,0,0,0,0,0,0
10.300000000000018,0,0,0,0,0,0,0,0,0,0,0
10.35000000000002,0,0,0,0,0,0,0,0,0,0,0
*****
4,0.05,1000,0.6,1,10,100,0.261843996326,0.0853672733114
4,1000,7,6,3,6,0,0,0,0,0,0
4.05,960,11,11,11,11,0,0,0,0,0,0
4.1,887,20,20,17,20,0,0,0,0,0,0
4.1499999999999995,829,18,19,21,19,0,0,0,0,0,0
4.199999999999999,843,36,43,43,43,0,0,0,0,0,0
4.249999999999999,749,41,41,44,41,0,0,0,0,0,0
4.299999999999999,721,68,73,74,73,0,0,0,0,0,0
4.349999999999999,721,97,104,97,104,0,0,0,0,0,0
4.399999999999999,675,109,121,116,121,0,0,0,0,0,0
4.449999999999998,656,81,96,97,96,0,0,0,0,0,0
4.499999999999998,676,78,94,97,94,0,0,0,0,0,0
4.549999999999998,748,53,75,77,75,0,0,0,0,0,0
4.599999999999998,802,31,38,60,38,0,0,0,0,0,0
4.649999999999998,830,6,16,18,16,0,0,0,0,0,0
4.6999999999999975,863,6,5,9,5,0,0,0,0,0,0
4.749999999999997,949,5,6,8,6,0,0,0,0,0,0
4.799999999999997,894,9,11,11,11,0,0,0,0,0,0
4.849999999999997,900,6,11,11,11,0,0,0,0,0,0
4.899999999999997,890,4,9,8,9,0,0,0,0,0,0
4.949999999999997,891,5,7,8,7,0,0,0,0,0,0
4.9999999999999964,829,6,11,12,11,0,0,0,0,0,0
5.049999999999996,781,3,7,8,7,0,0,0,0,0,0
5.099999999999996,753,0,3,4,3,0,0,0,0,0,0
5.149999999999996,717,1,3,4,3,0,0,0,0,0,0
5.199999999999996,707,1,3,3,3,0,0,0,0,0,0
5.249999999999996,709,2,5,5,5,0,0,0,0,0,0
5.299999999999995,692,0,0,1,0,0,0,0,0,0,0
5.349999999999995,772,0,0,0,0,0,0,0,0,0,0
5.399999999999995,826,0,0,1,0,0,0,0,0,0,0
5.449999999999995,813,0,0,0,0,0,0,0,0,0,0
5.499999999999995,849,0,0,0,0,0,0,0,0,0,0
5.5499999999999945,910,0,0,0,0,0,0,0,0,0,0
5.599999999999994,924,0,0,0,0,0,0,0,0,0,0
5.649999999999994,851,0,0,0,0,0,0,0,0,0,0
5.699999999999994,848,0,0,0,0,0,0,0,0,0,0
5.749999999999994,857,0,0,0,0,0,0,0,0,0,0
5.799999999999994,805,0,0,0,0,0,0,0,0,0,0
5.849999999999993,791,0,0,0,0,0,0,0,0,0,0
5.899999999999993,779,0,0,0,0,0,0,0,0,0,0
5.949999999999993,736,0,0,0,0,0,0,0,0,0,0
5.999999999999993,763,0,0,0,0,0,0,0,0,0,0
6.049999999999993,771,0,0,0,0,0,0,0,0,0,0
6.0999999999999925,706,0,0,0,0,0,0,0,0,0,0
6.149999999999992,773,0,0,0,0,0,0,0,0,0,0
6.199999999999992,790,0,0,0,0,0,0,0,0,0,0
6.249999999999992,815,0,0,0,0,0,0,0,0,0,0
6.299999999999992,836,0,0,0,0,0,0,0,0,0,0
6.349999999999992,894,0,0,0,0,0,0,0,0,0,0
6.3999999999999915,852,0,0,0,0,0,0,0,0,0,0
6.449999999999991,856,0,0,0,0,0,0,0,0,0,0
6.499999999999991,823,0,0,0,0,0,0,0,0,0,0
6.549999999999991,822,0,0,0,0,0,0,0,0,0,0
6.599999999999991,812,0,0,0,0,0,0,0,0,0,0
6.649999999999991,790,0,0,0,0,0,0,0,0,0,0
6.69999999999999,786,0,0,0,0,0,0,0,0,0,0
6.74999999999999,834,0,0,0,0,0,0,0,0,0,0
6.79999999999999,753,0,0,0,0,0,0,0,0,0,0
6.84999999999999,748,0,0,0,0,0,0,0,0,0,0
6.89999999999999,717,0,0,0,0,0,0,0,0,0,0
6.9499999999999895,803,0,0,0,0,0,0,0,0,0,0
6.999999999999989,808,0,0,0,0,0,0,0,0,0,0
7.049999999999989,803,0,0,0,0,0,0,0,0,0,0
7.099999999999989,794,0,0,0,0,0,0,0,0,0,0
7.149999999999989,854,0,0,0,0,0,0,0,0,0,0
7.199999999999989,845,0,0,0,0,0,0,0,0,0,0
7.2499999999999885,863,0,0,0,0,0,0,0,0,0,0
7.299999999999988,837,0,0,0,0,0,0,0,0,0,0
7.349999999999988,834,0,0,0,0,0,0,0,0,0,0
7.399999999999988,803,0,0,0,0,0,0,0,0,0,0
7.449999999999988,827,0,0,0,0,0,0,0,0,0,0
7.499999999999988,815,0,0,0,0,0,0,0,0,0,0
7.549999999999987,754,0,0,0,0,0,0,0,0,0,0
7.599999999999987,748,0,0,0,0,0,0,0,0,0,0
7.649999999999987,785,0,0,0,0,0,0,0,0,0,0
7.699999999999987,772,0,0,0,0,0,0,0,0,0,0
7.749999999999987,806,0,0,0,0,0,0,0,0,0,0
7.7999999999999865,821,0,0,0,0,0,0,0,0,0,0
7.849999999999986,805,0,0,0,0,0,0,0,0,0,0
7.899999999999986,799,0,0,0,0,0,0,0,0,0,0
7.949999999999986,831,0,0,0,0,0,0,0,0,0,0
7.999999999999986,824,0,0,0,0,0,0,0,0,0,0
8.049999999999986,833,0,0,0,0,0,0,0,0,0,0
8.099999999999987,830,0,0,0,0,0,0,0,0,0,0
8.149999999999988,857,0,0,0,0,0,0,0,0,0,0
8.199999999999989,808,0,0,0,0,0,0,0,0,0,0
8.24999999999999,801,0,0,0,0,0,0,0,0,0,0
8.29999999999999,779,0,0,0,0,0,0,0,0,0,0
8.34999999999999,800,0,0,0,0,0,0,0,0,0,0
8.399999999999991,771,0,0,0,0,0,0,0,0,0,0
8.449999999999992,791,0,0,0,0,0,0,0,0,0,0
8.499999999999993,811,0,0,0,0,0,0,0,0,0,0
8.549999999999994,840,0,0,0,0,0,0,0,0,0,0
8.599999999999994,708,0,0,0,0,0,0,0,0,0,0
8.649999999999995,636,0,0,0,0,0,0,0,0,0,0
8.699999999999996,530,0,0,0,0,0,0,0,0,0,0
8.749999999999996,489,0,0,0,0,0,0,0,0,0,0
8.799999999999997,359,0,0,0,0,0,0,0,0,0,0
8.849999999999998,253,0,0,0,0,0,0,0,0,0,0
8.899999999999999,142,0,0,0,0,0,0,0,0,0,0
8.95,48,0,0,0,0,0,0,0,0,0,0
9.0,0,0,0,0,0,0,0,0,0,0,0
9.05,0,0,0,0,0,0,0,0,0,0,0
9.100000000000001,0,0,0,0,0,0,0,0,0,0,0
9.150000000000002,0,0,0,0,0,0,0,0,0,0,0
9.200000000000003,0,0,0,0,0,0,0,0,0,0,0
9.250000000000004,0,0,0,0,0,0,0,0,0,0,0
9.300000000000004,0,0,0,0,0,0,0,0,0,0,0
9.350000000000005,0,0,0,0,0,0,0,0,0,0,0
9.400000000000006,0,0,0,0,0,0,0,0,0,0,0
9.450000000000006,0,0,0,0,0,0,0,0,0,0,0
9.500000000000007,0,0,0,0,0,0,0,0,0,0,0
9.550000000000008,0,0,0,0,0,0,0,0,0,0,0
9.600000000000009,0,0,0,0,0,0,0,0,0,0,0
9.65000000000001,0,0,0,0,0,0,0,0,0,0,0
9.70000000000001,0,0,0,0,0,0,0,0,0,0,0
9.75000000000001,0,0,0,0,0,0,0,0,0,0,0
9.800000000000011,0,0,0,0,0,0,0,0,0,0,0
9.850000000000012,0,0,0,0,0,0,0,0,0,0,0
9.900000000000013,0,0,0,0,0,0,0,0,0,0,0
9.950000000000014,0,0,0,0,0,0,0,0,0,0,0
10.000000000000014,0,0,0,0,0,0,0,0,0,0,0
10.050000000000015,0,0,0,0,0,0,0,0,0,0,0
10.100000000000016,0,0,0,0,0,0,0,0,0,0,0
10.150000000000016,0,0,0,0,0,0,0,0,0,0,0
10.200000000000017,0,0,0,0,0,0,0,0,0,0,0
10.250000000000018,0,0,0,0,0,0,0,0,0,0,0
10.300000000000018,0,0,0,0,0,0,0,0,0,0,0
10.35000000000002,0,0,0,0,0,0,0,0,0,0,0
