*****
4,0.05,1000,0,1,10,100,0.39276599448899996,0.1280509099671
4,1000,859,905,803,868,0,0,0,0,0,0
4.05,1008,835,891,813,866,0,0,0,0,0,0
4.1,1058,854,914,842,879,0,0,0,0,0,0
4.1499999999999995,1019,805,848,806,843,0,0,0,0,0,0
4.199999999999999,1031,781,829,820,851,0,0,0,0,0,0
4.249999999999999,1058,753,828,829,832,0,0,0,0,0,0
4.299999999999999,994,666,730,737,742,0,0,0,0,0,0
4.349999999999999,1041,653,720,766,746,0,0,0,0,0,0
4.399999999999999,1080,642,694,766,725,0,0,0,0,0,0
4.449999999999998,1021,505,579,628,611,0,0,0,0,0,0
4.499999999999998,990,494,546,609,588,0,0,0,0,0,0
4.549999999999998,961,407,455,553,516,0,0,0,0,0,0
4.599999999999998,1035,403,441,545,496,0,0,0,0,0,0
4.649999999999998,1049,333,365,477,418,0,0,0,0,0,0
4.6999999999999975,1103,338,372,484,427,0,0,0,0,0,0
4.749999999999997,1052,285,319,416,367,0,0,0,0,0,0
4.799999999999997,995,197,212,308,262,0,0,0,0,0,0
4.849999999999997,1022,188,214,298,260,0,0,0,0,0,0
4.899999999999997,1013,161,189,282,228,0,0,0,0,0,0
4.949999999999997,998,140,163,221,187,0,0,0,0,0,0
4.9999999999999964,1065,122,144,213,175,0,0,0,0,0,0
5.049999999999996,1039,86,87,148,112,0,0,0,0,0,0
5.099999999999996,1035,77,95,145,115,0,0,0,0,0,0
5.149999999999996,1044,54,65,107,84,0,0,0,0,0,0
5.199999999999996,1034,52,65,93,78,0,0,0,0,0,0
5.249999999999996,1068,51,59,90,68,0,0,0,0,0,0
5.299999999999995,1015,28,40,62,46,0,0,0,0,0,0
5.349999999999995,1030,27,34,53,38,0,0,0,0,0,0
5.399999999999995,1015,21,25,42,27,0,0,0,0,0,0
5.449999999999995,1055,16,15,27,18,0,0,0,0,0,0
5.499999999999995,1043,16,18,31,21,0,0,0,0,0,0
5.5499999999999945,1013,7,10,21,12,0,0,0,0,0,0
5.599999999999994,1029,13,14,23,14,0,0,0,0,0,0
5.649999999999994,984,3,4,7,4,0,0,0,0,0,0
5.699999999999994,1046,4,3,8,6,0,0,0,0,0,0
5.749999999999994,1052,2,5,6,5,0,0,0,0,0,0
5.799999999999994,1018,2,0,5,2,0,0,0,0,0,0
5.849999999999993,1080,2,2,2,2,0,0,0,0,0,0
5.899999999999993,1050,1,1,1,1,0,0,0,0,0,0
5.949999999999993,1024,0,0,1,1,0,0,0,0,0,0
5.999999999999993,1029,2,2,3,2,0,0,0,0,0,0
6.049999999999993,1023,1,1,1,1,0,0,0,0,0,0
6.0999999999999925,1054,0,0,1,0,0,0,0,0,0,0
6.149999999999992,1036,0,0,0,0,0,0,0,0,0,0
6.199999999999992,1022,0,0,0,0,0,0,0,0,0,0
6.249999999999992,999,0,0,0,0,0,0,0,0,0,0
6.299999999999992,971,0,0,0,0,0,0,0,0,0,0
6.349999999999992,1005,0,0,0,0,0,0,0,0,0,0
6.3999999999999915,1067,0,0,0,0,0,0,0,0,0,0
6.449999999999991,1023,0,0,0,0,0,0,0,0,0,0
6.499999999999991,1076,0,0,0,0,0,0,0,0,0,0
6.549999999999991,1074,0,0,0,0,0,0,0,0,0,0
6.599999999999991,967,0,0,0,0,0,0,0,0,0,0
6.649999999999991,1034,0,0,0,0,0,0,0,0,0,0
6.69999999999999,1020,0,0,0,0,0,0,0,0,0,0
6.74999999999999,1007,0,0,0,0,0,0,0,0,0,0
6.79999999999999,1075,0,0,0,0,0,0,0,0,0,0
6.84999999999999,1035,0,0,0,0,0,0,0,0,0,0
6.89999999999999,1028,0,0,0,0,0,0,0,0,0,0
6.9499999999999895,1062,0,0,0,0,0,0,0,0,0,0
6.999999999999989,1044,0,0,0,0,0,0,0,0,0,0
7.049999999999989,1041,0,0,0,0,0,0,0,0,0,0
7.099999999999989,1070,0,0,0,0,0,0,0,0,0,0
7.149999999999989,998,0,0,0,0,0,0,0,0,0,0
7.199999999999989,1062,0,0,0,0,0,0,0,0,0,0
7.2499999999999885,1082,0,0,0,0,0,0,0,0,0,0
7.299999999999988,935,0,0,0,0,0,0,0,0,0,0
7.349999999999988,1037,0,0,0,0,0,0,0,0,0,0
7.399999999999988,1036,0,0,0,0,0,0,0,0,0,0
7.449999999999988,1068,0,0,0,0,0,0,0,0,0,0
7.499999999999988,1052,0,0,0,0,0,0,0,0,0,0
7.549999999999987,1035,0,0,0,0,0,0,0,0,0,0
7.599999999999987,1059,0,0,0,0,0,0,0,0,0,0
7.649999999999987,986,0,0,0,0,0,0,0,0,0,0
7.699999999999987,1024,0,0,0,0,0,0,0,0,0,0
7.749999999999987,994,0,0,0,0,0,0,0,0,0,0
7.7999999999999865,1002,0,0,0,0,0,0,0,0,0,0
7.849999999999986,1005,0,0,0,0,0,0,0,0,0,0
7.899999999999986,979,0,0,0,0,0,0,0,0,0,0
7.949999999999986,1091,0,0,0,0,0,0,0,0,0,0
7.999999999999986,1037,0,0,0,0,0,0,0,0,0,0
8.049999999999986,953,0,0,0,0,0,0,0,0,0,0
8.099999999999987,942,0,0,0,0,0,0,0,0,0,0
8.149999999999988,821,0,0,0,0,0,0,0,0,0,0
8.199999999999989,790,0,0,0,0,0,0,0,0,0,0
8.24999999999999,735,0,0,0,0,0,0,0,0,0,0
8.29999999999999,697,0,0,0,0,0,0,0,0,0,0
8.34999999999999,661,0,0,0,0,0,0,0,0,0,0
8.399999999999991,561,0,0,0,0,0,0,0,0,0,0
8.449999999999992,555,0,0,0,0,0,0,0,0,0,0
8.499999999999993,498,0,0,0,0,0,0,0,0,0,0
8.549999999999994,429,0,0,0,0,0,0,0,0,0,0
8.599999999999994,394,0,0,0,0,0,0,0,0,0,0
8.649999999999995,315,0,0,0,0,0,0,0,0,0,0
8.699999999999996,261,0,0,0,0,0,0,0,0,0,0
8.749999999999996,252,0,0,0,0,0,0,0,0,0,0
8.799999999999997,158,0,0,0,0,0,0,0,0,0,0
8.849999999999998,150,0,0,0,0,0,0,0,0,0,0
8.899999999999999,94,0,0,0,0,0,0,0,0,0,0
8.95,24,0,0,0,0,0,0,0,0,0,0
9.0,0,0,0,0,0,0,0,0,0,0,0
9.05,0,0,0,0,0,0,0,0,0,0,0
9.100000000000001,0,0,0,0,0,0,0,0,0,0,0
9.150000000000002,0,0,0,0,0,0,0,0,0,0,0
9.200000000000003,0,0,0,0,0,0,0,0,0,0,0
9.250000000000004,0,0,0,0,0,0,0,0,0,0,0
9.300000000000004,0,0,0,0,0,0,0,0,0,0,0
9.350000000000005,0,0,0,0,0,0,0,0,0,0,0
9.400000000000006,0,0,0,0,0,0,0,0,0,0,0
9.450000000000006,0,0,0,0,0,0,0,0,0,0,0
9.500000000000007,0,0,0,0,0,0,0,0,0,0,0
9.550000000000008,0,0,0,0,0,0,0,0,0,0,0
9.600000000000009,0,0,0,0,0,0,0,0,0,0,0
9.65000000000001,0,0,0,0,0,0,0,0,0,0,0
9.70000000000001,0,0,0,0,0,0,0,0,0,0,0
9.75000000000001,0,0,0,0,0,0,0,0,0,0,0
9.800000000000011,0,0,0,0,0,0,0,0,0,0,0
9.850000000000012,0,0,0,0,0,0,0,0,0,0,0
9.900000000000013,0,0,0,0,0,0,0,0,0,0,0
9.950000000000014,0,0,0,0,0,0,0,0,0,0,0
10.000000000000014,0,0,0,0,0,0,0,0,0,0,0
10.050000000000015,0,0,0,0,0,0,0,0,0,0,0
10.100000000000016,0,0,0,0,0,0,0,0,0,0,0
10.150000000000016,0,0,0,0,0,0,0,0,0,0,0
10.200000000000017,0,0,0,0,0,0,0,0,0,0,0
10.250000000000018,0,0,0,0,0,0,0,0,0,0,0
10.300000000000018,0,0,0,0,0,0,0,0,0,0,0
10.35000000000002,0,0,0,0,0,0,0,0,0,0,0
*****
4,0.05,1000,0,0.4,10,100,0.39276599448899996,0.1280509099671
4,1000,1000,912,998,1000,0,0,0,0,0,0
4.05,1047,1047,945,1044,1047,0,0,0,0,0,0
4.1,967,965,830,966,967,0,0,0,0,0,0
4.1499999999999995,986,986,840,983,986,0,0,0,0,0,0
4.199999999999999,1015,1012,815,1011,1015,0,0,0,0,0,0
4.249999999999999,1003,997,771,995,1003,0,0,0,0,0,0
4.299999999999999,1017,998,728,1012,1010,0,0,0,0,0,0
4.349999999999999,1045,1022,723,1029,1036,0,0,0,0,0,0
4.399999999999999,1056,1008,655,1026,1031,0,0,0,0,0,0
4.449999999999998,982,929,582,950,953,0,0,0,0,0,0
4.499999999999998,1026,910,532,972,965,0,0,0,0,0,0
4.549999999999998,1011,871,469,958,930,0,0,0,0,0,0
4.599999999999998,1011,824,436,925,880,0,0,0,0,0,0
4.649999999999998,1011,768,384,885,838,0,0,0,0,0,0
4.6999999999999975,1043,729,320,884,810,0,0,0,0,0,0
4.749999999999997,1011,604,238,781,681,0,0,0,0,0,0
4.799999999999997,1018,539,214,741,632,0,0,0,0,0,0
4.849999999999997,1034,441,146,651,545,0,0,0,0,0,0
4.899999999999997,1031,358,141,586,455,0,0,0,0,0,0
4.949999999999997,1014,309,101,480,366,0,0,0,0,0,0
4.9999999999999964,962,243,97,431,311,0,0,0,0,0,0
5.049999999999996,940,201,67,322,252,0,0,0,0,0,0
5.099999999999996,1055,140,42,272,197,0,0,0,0,0,0
5.149999999999996,1032,98,29,189,139,0,0,0,0,0,0
5.199999999999996,1026,77,27,169,108,0,0,0,0,0,0
5.249999999999996,937,67,19,134,87,0,0,0,0,0,0
5.299999999999995,986,27,9,75,42,0,0,0,0,0,0
5.349999999999995,986,20,7,65,32,0,0,0,0,0,0
5.399999999999995,965,10,3,37,17,0,0,0,0,0,0
5.449999999999995,1066,8,5,31,14,0,0,0,0,0,0
5.499999999999995,996,8,3,16,10,0,0,0,0,0,0
5.5499999999999945,1030,8,3,18,11,0,0,0,0,0,0
5.599999999999994,964,2,1,9,2,0,0,0,0,0,0
5.649999999999994,1053,1,0,3,1,0,0,0,0,0,0
5.699999999999994,988,0,0,4,0,0,0,0,0,0,0
5.749999999999994,1042,0,0,1,0,0,0,0,0,0,0
5.799999999999994,969,0,0,0,0,0,0,0,0,0,0
5.849999999999993,1053,0,0,0,0,0,0,0,0,0,0
5.899999999999993,1022,0,0,0,0,0,0,0,0,0,0
5.949999999999993,963,0,0,0,0,0,0,0,0,0,0
5.999999999999993,1059,0,0,0,0,0,0,0,0,0,0
6.049999999999993,1056,0,0,0,0,0,0,0,0,0,0
6.0999999999999925,1009,0,0,0,0,0,0,0,0,0,0
6.149999999999992,1011,0,0,0,0,0,0,0,0,0,0
6.199999999999992,982,0,0,0,0,0,0,0,0,0,0
6.249999999999992,1027,0,0,0,0,0,0,0,0,0,0
6.299999999999992,964,0,0,0,0,0,0,0,0,0,0
6.349999999999992,1023,0,0,0,0,0,0,0,0,0,0
6.3999999999999915,1069,0,0,0,0,0,0,0,0,0,0
6.449999999999991,1038,0,0,0,0,0,0,0,0,0,0
6.499999999999991,937,0,0,0,0,0,0,0,0,0,0
6.549999999999991,1013,0,0,0,0,0,0,0,0,0,0
6.599999999999991,1012,0,0,0,0,0,0,0,0,0,0
6.649999999999991,998,0,0,0,0,0,0,0,0,0,0
6.69999999999999,997,0,0,0,0,0,0,0,0,0,0
6.74999999999999,991,0,0,0,0,0,0,0,0,0,0
6.79999999999999,991,0,0,0,0,0,0,0,0,0,0
6.84999999999999,1030,0,0,0,0,0,0,0,0,0,0
6.89999999999999,1010,0,0,0,0,0,0,0,0,0,0
6.9499999999999895,942,0,0,0,0,0,0,0,0,0,0
6.999999999999989,1048,0,0,0,0,0,0,0,0,0,0
7.049999999999989,1015,0,0,0,0,0,0,0,0,0,0
7.099999999999989,985,0,0,0,0,0,0,0,0,0,0
7.149999999999989,1008,0,0,0,0,0,0,0,0,0,0
7.199999999999989,1040,0,0,0,0,0,0,0,0,0,0
7.2499999999999885,997,0,0,0,0,0,0,0,0,0,0
7.299999999999988,983,0,0,0,0,0,0,0,0,0,0
7.349999999999988,999,0,0,0,0,0,0,0,0,0,0
7.399999999999988,1016,0,0,0,0,0,0,0,0,0,0
7.449999999999988,1038,0,0,0,0,0,0,0,0,0,0
7.499999999999988,1016,0,0,0,0,0,0,0,0,0,0
7.549999999999987,1025,0,0,0,0,0,0,0,0,0,0
7.599999999999987,983,0,0,0,0,0,0,0,0,0,0
7.649999999999987,984,0,0,0,0,0,0,0,0,0,0
7.699999999999987,1003,0,0,0,0,0,0,0,0,0,0
7.749999999999987,1034,0,0,0,0,0,0,0,0,0,0
7.7999999999999865,1046,0,0,0,0,0,0,0,0,0,0
7.849999999999986,1069,0,0,0,0,0,0,0,0,0,0
7.899999999999986,1017,0,0,0,0,0,0,0,0,0,0
7.949999999999986,1071,0,0,0,0,0,0,0,0,0,0
7.999999999999986,887,0,0,0,0,0,0,0,0,0,0
8.049999999999986,811,0,0,0,0,0,0,0,0,0,0
8.099999999999987,687,0,0,0,0,0,0,0,0,0,0
8.149999999999988,640,0,0,0,0,0,0,0,0,0,0
8.199999999999989,411,0,0,0,0,0,0,0,0,0,0
8.24999999999999,344,0,0,0,0,0,0,0,0,0,0
8.29999999999999,200,0,0,0,0,0,0,0,0,0,0
8.34999999999999,69,0,0,0,0,0,0,0,0,0,0
8.399999999999991,0,0,0,0,0,0,0,0,0,0,0
8.449999999999992,0,0,0,0,0,0,0,0,0,0,0
8.499999999999993,0,0,0,0,0,0,0,0,0,0,0
8.549999999999994,0,0,0,0,0,0,0,0,0,0,0
8.599999999999994,0,0,0,0,0,0,0,0,0,0,0
8.649999999999995,0,0,0,0,0,0,0,0,0,0,0
8.699999999999996,0,0,0,0,0,0,0,0,0,0,0
8.749999999999996,0,0,0,0,0,0,0,0,0,0,0
8.799999999999997,0,0,0,0,0,0,0,0,0,0,0
8.849999999999998,0,0,0,0,0,0,0,0,0,0,0
8.899999999999999,0,0,0,0,0,0,0,0,0,0,0
8.95,0,0,0,0,0,0,0,0,0,0,0
9.0,0,0,0,0,0,0,0,0,0,0,0
9.05,0,0,0,0,0,0,0,0,0,0,0
9.100000000000001,0,0,0,0,0,0,0,0,0,0,0
9.150000000000002,0,0,0,0,0,0,0,0,0,0,0
9.200000000000003,0,0,0,0,0,0,0,0,0,0,0
9.250000000000004,0,0,0,0,0,0,0,0,0,0,0
9.300000000000004,0,0,0,0,0,0,0,0,0,0,0
9.350000000000005,0,0,0,0,0,0,0,0,0,0,0
9.400000000000006,0,0,0,0,0,0,0,0,0,0,0
9.450000000000006,0,0,0,0,0,0,0,0,0,0,0
9.500000000000007,0,0,0,0,0,0,0,0,0,0,0
9.550000000000008,0,0,0,0,0,0,0,0,0,0,0
9.600000000000009,0,0,0,0,0,0,0,0,0,0,0
9.65000000000001,0,0,0,0,0,0,0,0,0,0,0
9.70000000000001,0,0,0,0,0,0,0,0,0,0,0
9.75000000000001,0,0,0,0,0,0,0,0,0,0,0
9.800000000000011,0,0,0,0,0,0,0,0,0,0,0
9.850000000000012,0,0,0,0,0,0,0,0,0,0,0
9.900000000000013,0,0,0,0,0,0,0,0,0,0,0
9.950000000000014,0,0,0,0,0,0,0,0,0,0,0
10.000000000000014,0,0,0,0,0,0,0,0,0,0,0
10.050000000000015,0,0,0,0,0,0,0,0,0,0,0
10.100000000000016,0,0,0,0,0,0,0,0,0,0,0
10.150000000000016,0,0,0,0,0,0,0,0,0,0,0
10.200000000000017,0,0,0,0,0,0,0,0,0,0,0
10.250000000000018,0,0,0,0,0,0,0,0,0,0,0
10.300000000000018,0,0,0,0,0,0,0,0,0,0,0
10.35000000000002,0,0,0,0,0,0,0,0,0,0,0
*****
4,0.05,1000,0.3,0.7,10,100,0.39276599448899996,0.1280509099671
4,1000,906,940,905,936,0,0,0,0,0,0
4.05,1024,915,960,928,942,0,0,0,0,0,0
4.1,954,855,879,861,880,0,0,0,0,0,0
4.1499999999999995,982,871,912,883,907,0,0,0,0,0,0
4.199999999999999,953,847,894,861,883,0,0,0,0,0,0
4.249999999999999,958,856,888,883,893,0,0,0,0,0,0
4.299999999999999,1001,865,915,895,912,0,0,0,0,0,0
4.349999999999999,996,872,907,888,914,0,0,0,0,0,0
4.399999999999999,972,854,883,873,891,0,0,0,0,0,0
4.449999999999998,923,760,808,799,829,0,0,0,0,0,0
4.499999999999998,988,794,842,845,862,0,0,0,0,0,0
4.549999999999998,956,733,785,807,807,0,0,0,0,0,0
4.599999999999998,1007,732,790,806,819,0,0,0,0,0,0
4.649999999999998,997,680,728,772,775,0,0,0,0,0,0
4.6999999999999975,975,638,679,717,721,0,0,0,0,0,0
4.749999999999997,992,607,667,702,706,0,0,0,0,0,0
4.799999999999997,977,575,628,658,668,0,0,0,0,0,0
4.849999999999997,962,502,558,608,595,0,0,0,0,0,0
4.899999999999997,1025,462,520,569,557,0,0,0,0,0,0
4.949999999999997,966,405,445,504,486,0,0,0,0,0,0
4.9999999999999964,931,353,395,460,424,0,0,0,0,0,0
5.049999999999996,941,275,315,364,347,0,0,0,0,0,0
5.099999999999996,984,304,336,380,368,0,0,0,0,0,0
5.149999999999996,1010,239,254,321,292,0,0,0,0,0,0
5.199999999999996,998,190,224,273,244,0,0,0,0,0,0
5.249999999999996,1005,176,197,235,215,0,0,0,0,0,0
5.299999999999995,994,139,155,196,174,0,0,0,0,0,0
5.349999999999995,975,132,138,167,153,0,0,0,0,0,0
5.399999999999995,964,106,113,137,127,0,0,0,0,0,0
5.449999999999995,923,60,67,88,76,0,0,0,0,0,0
5.499999999999995,963,70,74,93,85,0,0,0,0,0,0
5.5499999999999945,949,51,49,64,57,0,0,0,0,0,0
5.599999999999994,947,32,40,56,45,0,0,0,0,0,0
5.649999999999994,1027,22,29,36,31,0,0,0,0,0,0
5.699999999999994,983,16,19,25,20,0,0,0,0,0,0
5.749999999999994,996,21,24,30,29,0,0,0,0,0,0
5.799999999999994,968,7,12,13,13,0,0,0,0,0,0
5.849999999999993,984,8,11,14,13,0,0,0,0,0,0
5.899999999999993,970,8,11,12,11,0,0,0,0,0,0
5.949999999999993,960,4,5,6,5,0,0,0,0,0,0
5.999999999999993,938,4,4,3,4,0,0,0,0,0,0
6.049999999999993,1007,4,4,5,5,0,0,0,0,0,0
6.0999999999999925,996,1,1,1,1,0,0,0,0,0,0
6.149999999999992,978,1,1,1,1,0,0,0,0,0,0
6.199999999999992,939,1,1,1,1,0,0,0,0,0,0
6.249999999999992,988,1,2,3,2,0,0,0,0,0,0
6.299999999999992,972,0,0,0,0,0,0,0,0,0,0
6.349999999999992,946,1,1,1,1,0,0,0,0,0,0
6.3999999999999915,970,0,0,0,0,0,0,0,0,0,0
6.449999999999991,1000,0,0,0,0,0,0,0,0,0,0
6.499999999999991,993,0,0,0,0,0,0,0,0,0,0
6.549999999999991,952,0,0,0,0,0,0,0,0,0,0
6.599999999999991,1043,0,0,0,0,0,0,0,0,0,0
6.649999999999991,938,0,0,0,0,0,0,0,0,0,0
6.69999999999999,984,0,0,0,0,0,0,0,0,0,0
6.74999999999999,955,0,0,0,0,0,0,0,0,0,0
6.79999999999999,1016,0,0,0,0,0,0,0,0,0,0
6.84999999999999,987,0,0,0,0,0,0,0,0,0,0
6.89999999999999,956,0,0,0,0,0,0,0,0,0,0
6.9499999999999895,966,0,0,0,0,0,0,0,0,0,0
6.999999999999989,1035,0,0,0,0,0,0,0,0,0,0
7.049999999999989,975,0,0,0,0,0,0,0,0,0,0
7.099999999999989,972,0,0,0,0,0,0,0,0,0,0
7.149999999999989,961,0,0,0,0,0,0,0,0,0,0
7.199999999999989,976,0,0,0,0,0,0,0,0,0,0
7.2499999999999885,970,0,0,0,0,0,0,0,0,0,0
7.299999999999988,975,0,0,0,0,0,0,0,0,0,0
7.349999999999988,1039,0,0,0,0,0,0,0,0,0,0
7.399999999999988,899,0,0,0,0,0,0,0,0,0,0
7.449999999999988,974,0,0,0,0,0,0,0,0,0,0
7.499999999999988,1009,0,0,0,0,0,0,0,0,0,0
7.549999999999987,961,0,0,0,0,0,0,0,0,0,0
7.599999999999987,997,0,0,0,0,0,0,0,0,0,0
7.649999999999987,978,0,0,0,0,0,0,0,0,0,0
7.699999999999987,964,0,0,0,0,0,0,0,0,0,0
7.749999999999987,967,0,0,0,0,0,0,0,0,0,0
7.7999999999999865,974,0,0,0,0,0,0,0,0,0,0
7.849999999999986,1015,0,0,0,0,0,0,0,0,0,0
7.899999999999986,935,0,0,0,0,0,0,0,0,0,0
7.949999999999986,1039,0,0,0,0,0,0,0,0,0,0
7.999999999999986,991,0,0,0,0,0,0,0,0,0,0
8.049999999999986,955,0,0,0,0,0,0,0,0,0,0
8.099999999999987,987,0,0,0,0,0,0,0,0,0,0
8.149999999999988,1016,0,0,0,0,0,0,0,0,0,0
8.199999999999989,965,0,0,0,0,0,0,0,0,0,0
8.24999999999999,921,0,0,0,0,0,0,0,0,0,0
8.29999999999999,904,0,0,0,0,0,0,0,0,0,0
8.34999999999999,794,0,0,0,0,0,0,0,0,0,0
8.399999999999991,668,0,0,0,0,0,0,0,0,0,0
8.449999999999992,557,0,0,0,0,0,0,0,0,0,0
8.499999999999993,437,0,0,0,0,0,0,0,0,0,0
8.549999999999994,332,0,0,0,0,0,0,0,0,0,0
8.599999999999994,181,0,0,0,0,0,0,0,0,0,0
8.649999999999995,69,0,0,0,0,0,0,0,0,0,0
8.699999999999996,0,0,0,0,0,0,0,0,0,0,0
8.749999999999996,0,0,0,0,0,0,0,0,0,0,0
8.799999999999997,0,0,0,0,0,0,0,0,0,0,0
8.849999999999998,0,0,0,0,0,0,0,0,0,0,0
8.899999999999999,0,0,0,0,0,0,0,0,0,0,0
8.95,0,0,0,0,0,0,0,0,0,0,0
9.0,0,0,0,0,0,0,0,0,0,0,0
9.05,0,0,0,0,0,0,0,0,0,0,0
9.100000000000001,0,0,0,0,0,0,0,0,0,0,0
9.150000000000002,0,0,0,0,0,0,0,0,0,0,0
9.200000000000003,0,0,0,0,0,0,0,0,0,0,0
9.250000000000004,0,0,0,0,0,0,0,0,0,0,0
9.300000000000004,0,0,0,0,0,0,0,0,0,0,0
9.350000000000005,0,0,0,0,0,0,0,0,0,0,0
9.400000000000006,0,0,0,0,0,0,0,0,0,0,0
9.450000000000006,0,0,0,0,0,0,0,0,0,0,0
9.500000000000007,0,0,0,0,0,0,0,0,0,0,0
9.550000000000008,0,0,0,0,0,0,0,0,0,0,0
9.600000000000009,0,0,0,0,0,0,0,0,0,0,0
9.65000000000001,0,0,0,0,0,0,0,0,0,0,0
9.70000000000001,0,0,0,0,0,0,0,0,0,0,0
9.75000000000001,0,0,0,0,0,0,0,0,0,0,0
9.800000000000011,0,0,0,0,0,0,0,0,0,0,0
9.850000000000012,0,0,0,0,0,0,0,0,0,0,0
9.900000000000013,0,0,0,0,0,0,0,0,0,0,0
9.950000000000014,0,0,0,0,0,0,0,0,0,0,0
10.000000000000014,0,0,0,0,0,0,0,0,0,0,0
10.050000000000015,0,0,0,0,0,0,0,0,0,0,0
10.100000000000016,0,0,0,0,0,0,0,0,0,0,0
10.150000000000016,0,0,0,0,0,0,0,0,0,0,0
10.200000000000017,0,0,0,0,0,0,0,0,0,0,0
10.250000000000018,0,0,0,0,0,0,0,0,0,0,0
10.300000000000018,0,0,0,0,0,0,0,0,0,0,0
10.35000000000002,0,0,0,0,0,0,0,0,0,0,0
*****
4,0.05,1000,0.6,1,10,100,0.39276599448899996,0.1280509099671
4,1000,4,6,5,6,0,0,0,0,0,0
4.05,1026,18,20,20,20,0,0,0,0,0,0
4.1,1076,23,24,27,24,0,0,0,0,0,0
4.1499999999999995,978,30,39,42,39,0,0,0,0,0,0
4.199999999999999,922,31,46,46,46,0,0,0,0,0,0
4.249999999999999,840,54,63,74,63,0,0,0,0,0,0
4.299999999999999,720,82,91,94,91,0,0,0,0,0,0
4.349999999999999,764,106,112,128,112,0,0,0,0,0,0
4.399999999999999,705,121,135,151,135,0,0,0,0,0,0
4.449999999999998,744,168,194,182,194,0,0,0,0,0,0
4.499999999999998,798,149,181,193,181,0,0,0,0,0,0
4.549999999999998,878,128,176,202,176,0,0,0,0,0,0
4.599999999999998,869,87,112,146,112,0,0,0,0,0,0
4.649999999999998,935,58,92,119,92,0,0,0,0,0,0
4.6999999999999975,980,19,33,52,33,0,0,0,0,0,0
4.749999999999997,1003,9,14,22,14,0,0,0,0,0,0
4.799999999999997,1022,13,19,24,19,0,0,0,0,0,0
4.849999999999997,1069,9,12,13,12,0,0,0,0,0,0
4.899999999999997,978,10,15,17,15,0,0,0,0,0,0
4.949999999999997,957,10,17,18,17,0,0,0,0,0,0
4.9999999999999964,865,9,21,15,21,0,0,0,0,0,0
5.049999999999996,834,10,19,21,19,0,0,0,0,0,0
5.099999999999996,798,11,21,28,21,0,0,0,0,0,0
5.149999999999996,792,15,22,21,22,0,0,0,0,0,0
5.199999999999996,850,9,17,19,17,0,0,0,0,0,0
5.249999999999996,812,5,10,15,10,0,0,0,0,0,0
5.299999999999995,845,3,12,11,12,0,0,0,0,0,0
5.349999999999995,790,4,5,6,5,0,0,0,0,0,0
5.399999999999995,874,1,3,4,3,0,0,0,0,0,0
5.449999999999995,965,3,3,3,3,0,0,0,0,0,0
5.499999999999995,963,2,5,5,5,0,0,0,0,0,0
5.5499999999999945,945,0,1,1,1,0,0,0,0,0,0
5.599999999999994,972,0,2,3,2,0,0,0,0,0,0
5.649999999999994,949,1,3,2,3,0,0,0,0,0,0
5.699999999999994,960,0,0,0,0,0,0,0,0,0,0
5.749999999999994,915,1,1,1,1,0,0,0,0,0,0
5.799999999999994,905,0,0,0,0,0,0,0,0,0,0
5.849999999999993,924,0,1,1,1,0,0,0,0,0,0
5.899999999999993,863,0,0,0,0,0,0,0,0,0,0
5.949999999999993,806,0,0,0,0,0,0,0,0,0,0
5.999999999999993,811,0,0,0,0,0,0,0,0,0,0
6.049999999999993,816,0,0,0,0,0,0,0,0,0,0
6.0999999999999925,886,0,0,1,0,0,0,0,0,0,0
6.149999999999992,893,0,0,0,0,0,0,0,0,0,0
6.199999999999992,867,0,0,0,0,0,0,0,0,0,0
6.249999999999992,879,0,0,0,0,0,0,0,0,0,0
6.299999999999992,913,0,0,0,0,0,0,0,0,0,0
6.349999999999992,942,0,0,0,0,0,0,0,0,0,0
6.3999999999999915,949,0,0,0,0,0,0,0,0,0,0
6.449999999999991,992,0,0,0,0,0,0,0,0,0,0
6.499999999999991,966,0,0,0,0,0,0,0,0,0,0
6.549999999999991,911,0,0,0,0,0,0,0,0,0,0
6.599999999999991,907,0,0,0,0,0,0,0,0,0,0
6.649999999999991,852,0,0,0,0,0,0,0,0,0,0
6.69999999999999,852,0,0,0,0,0,0,0,0,0,0
6.74999999999999,825,0,0,0,0,0,0,0,0,0,0
6.79999999999999,896,0,0,0,0,0,0,0,0,0,0
6.84999999999999,789,0,0,0,0,0,0,0,0,0,0
6.89999999999999,863,0,0,0,0,0,0,0,0,0,0
6.9499999999999895,838,0,0,0,0,0,0,0,0,0,0
6.999999999999989,897,0,0,0,0,0,0,0,0,0,0
7.049999999999989,884,0,0,0,0,0,0,0,0,0,0
7.099999999999989,966,0,0,0,0,0,0,0,0,0,0
7.149999999999989,926,0,0,0,0,0,0,0,0,0,0
7.199999999999989,912,0,0,0,0,0,0,0,0,0,0
7.2499999999999885,971,0,0,0,0,0,0,0,0,0,0
7.299999999999988,911,0,0,0,0,0,0,0,0,0,0
7.349999999999988,897,0,0,0,0,0,0,0,0,0,0
7.399999999999988,963,0,0,0,0,0,0,0,0,0,0
7.449999999999988,920,0,0,0,0,0,0,0,0,0,0
7.499999999999988,831,0,0,0,0,0,0,0,0,0,0
7.549999999999987,857,0,0,0,0,0,0,0,0,0,0
7.599999999999987,878,0,0,0,0,0,0,0,0,0,0
7.649999999999987,849,0,0,0,0,0,0,0,0,0,0
7.699999999999987,835,0,0,0,0,0,0,0,0,0,0
7.749999999999987,885,0,0,0,0,0,0,0,0,0,0
7.7999999999999865,891,0,0,0,0,0,0,0,0,0,0
7.849999999999986,887,0,0,0,0,0,0,0,0,0,0
7.899999999999986,910,0,0,0,0,0,0,0,0,0,0
7.949999999999986,930,0,0,0,0,0,0,0,0,0,0
7.999999999999986,904,0,0,0,0,0,0,0,0,0,0
8.049999999999986,903,0,0,0,0,0,0,0,0,0,0
8.099999999999987,905,0,0,0,0,0,0,0,0,0,0
8.149999999999988,898,0,0,0,0,0,0,0,0,0,0
8.199999999999989,922,0,0,0,0,0,0,0,0,0,0
8.24999999999999,931,0,0,0,0,0,0,0,0,0,0
8.29999999999999,907,0,0,0,0,0,0,0,0,0,0
8.34999999999999,855,0,0,0,0,0,0,0,0,0,0
8.399999999999991,841,0,0,0,0,0,0,0,0,0,0
8.449999999999992,871,0,0,0,0,0,0,0,0,0,0
8.499999999999993,834,0,0,0,0,0,0,0,0,0,0
8.549999999999994,864,0,0,0,0,0,0,0,0,0,0
8.599999999999994,835,0,0,0,0,0,0,0,0,0,0
8.649999999999995,760,0,0,0,0,0,0,0,0,0,0
8.699999999999996,631,0,0,0,0,0,0,0,0,0,0
8.749999999999996,495,0,0,0,0,0,0,0,0,0,0
8.799999999999997,408,0,0,0,0,0,0,0,0,0,0
8.849999999999998,293,0,0,0,0,0,0,0,0,0,0
8.899999999999999,183,0,0,0,0,0,0,0,0,0,0
8.95,54,0,0,0,0,0,0,0,0,0,0
9.0,0,0,0,0,0,0,0,0,0,0,0
9.05,0,0,0,0,0,0,0,0,0,0,0
9.100000000000001,0,0,0,0,0,0,0,0,0,0,0
9.150000000000002,0,0,0,0,0,0,0,0,0,0,0
9.200000000000003,0,0,0,0,0,0,0,0,0,0,0
9.250000000000004,0,0,0,0,0,0,0,0,0,0,0
9.300000000000004,0,0,0,0,0,0,0,0,0,0,0
9.350000000000005,0,0,0,0,0,0,0,0,0,0,0
9.400000000000006,0,0,0,0,0,0,0,0,0,0,0
9.450000000000006,0,0,0,0,0,0,0,0,0,0,0
9.500000000000007,0,0,0,0,0,0,0,0,0,0,0
9.550000000000008,0,0,0,0,0,0,0,0,0,0,0
9.600000000000009,0,0,0,0,0,0,0,0,0,0,0
9.65000000000001,0,0,0,0,0,0,0,0,0,0,0
9.70000000000001,0,0,0,0,0,0,0,0,0,0,0
9.75000000000001,0,0,0,0,0,0,0,0,0,0,0
9.800000000000011,0,0,0,0,0,0,0,0,0,0,0
9.850000000000012,0,0,0,0,0,0,0,0,0,0,0
9.900000000000013,0,0,0,0,0,0,0,0,0,0,0
9.950000000000014,0,0,0,0,0,0,0,0,0,0,0
10.000000000000014,0,0,0,0,0,0,0,0,0,0,0
10.050000000000015,0,0,0,0,0,0,0,0,0,0,0
10.100000000000016,0,0,0,0,0,0,0,0,0,0,0
10.150000000000016,0,0,0,0,0,0,0,0,0,0,0
10.200000000000017,0,0,0,0,0,0,0,0,0,0,0
10.250000000000018,0,0,0,0,0,0,0,0,0,0,0
10.300000000000018,0,0,0,0,0,0,0,0,0,0,0
10.35000000000002,0,0,0,0,0,0,0,0,0,0,0
