*****
4,0.05,1000,0,1,10,100,0.261843996326,0.0426836366557
4,1000,922,936,889,928,0,0,0,0,0,0
4.05,1016,939,952,902,947,0,0,0,0,0,0
4.1,950,861,875,848,866,0,0,0,0,0,0
4.1499999999999995,965,869,881,856,876,0,0,0,0,0,0
4.199999999999999,998,884,893,862,893,0,0,0,0,0,0
4.249999999999999,962,806,832,792,826,0,0,0,0,0,0
4.299999999999999,988,810,833,819,833,0,0,0,0,0,0
4.349999999999999,999,803,817,815,827,0,0,0,0,0,0
4.399999999999999,968,713,738,736,744,0,0,0,0,0,0
4.449999999999998,995,694,713,723,727,0,0,0,0,0,0
4.499999999999998,966,635,658,672,671,0,0,0,0,0,0
4.549999999999998,959,585,607,618,621,0,0,0,0,0,0
4.599999999999998,1030,564,587,598,596,0,0,0,0,0,0
4.649999999999998,993,522,542,562,555,0,0,0,0,0,0
4.6999999999999975,974,427,444,462,456,0,0,0,0,0,0
4.749999999999997,921,377,386,418,398,0,0,0,0,0,0
4.799999999999997,1009,331,351,366,361,0,0,0,0,0,0
4.849999999999997,1020,303,310,335,320,0,0,0,0,0,0
4.899999999999997,937,241,249,266,261,0,0,0,0,0,0
4.949999999999997,951,193,192,219,202,0,0,0,0,0,0
4.9999999999999964,979,202,205,226,211,0,0,0,0,0,0
5.049999999999996,941,138,145,164,150,0,0,0,0,0,0
5.099999999999996,970,143,148,163,153,0,0,0,0,0,0
5.149999999999996,986,99,107,120,111,0,0,0,0,0,0
5.199999999999996,969,80,80,95,81,0,0,0,0,0,0
5.249999999999996,989,65,70,81,73,0,0,0,0,0,0
5.299999999999995,1003,77,76,85,82,0,0,0,0,0,0
5.349999999999995,944,49,51,59,54,0,0,0,0,0,0
5.399999999999995,970,40,41,40,41,0,0,0,0,0,0
5.449999999999995,990,23,23,26,25,0,0,0,0,0,0
5.499999999999995,943,18,19,28,20,0,0,0,0,0,0
5.5499999999999945,1013,13,15,17,15,0,0,0,0,0,0
5.599999999999994,952,10,12,13,13,0,0,0,0,0,0
5.649999999999994,986,7,7,10,7,0,0,0,0,0,0
5.699999999999994,963,2,2,3,2,0,0,0,0,0,0
5.749999999999994,929,7,6,8,7,0,0,0,0,0,0
5.799999999999994,953,3,3,6,3,0,0,0,0,0,0
5.849999999999993,909,2,2,2,2,0,0,0,0,0,0
5.899999999999993,960,0,0,1,0,0,0,0,0,0,0
5.949999999999993,997,1,1,1,1,0,0,0,0,0,0
5.999999999999993,996,2,2,2,2,0,0,0,0,0,0
6.049999999999993,1014,0,0,0,0,0,0,0,0,0,0
6.0999999999999925,955,0,0,0,0,0,0,0,0,0,0
6.149999999999992,975,0,0,0,0,0,0,0,0,0,0
6.199999999999992,988,0,0,0,0,0,0,0,0,0,0
6.249999999999992,989,0,0,0,0,0,0,0,0,0,0
6.299999999999992,984,0,0,0,0,0,0,0,0,0,0
6.349999999999992,965,0,0,0,0,0,0,0,0,0,0
6.3999999999999915,981,0,0,0,0,0,0,0,0,0,0
6.449999999999991,1003,0,0,0,0,0,0,0,0,0,0
6.499999999999991,948,0,0,0,0,0,0,0,0,0,0
6.549999999999991,965,0,0,0,0,0,0,0,0,0,0
6.599999999999991,955,0,0,0,0,0,0,0,0,0,0
6.649999999999991,976,0,0,0,0,0,0,0,0,0,0
6.69999999999999,993,0,0,0,0,0,0,0,0,0,0
6.74999999999999,940,0,0,0,0,0,0,0,0,0,0
6.79999999999999,1019,0,0,0,0,0,0,0,0,0,0
6.84999999999999,1004,0,0,0,0,0,0,0,0,0,0
6.89999999999999,978,0,0,0,0,0,0,0,0,0,0
6.9499999999999895,997,0,0,0,0,0,0,0,0,0,0
6.999999999999989,916,0,0,0,0,0,0,0,0,0,0
7.049999999999989,948,0,0,0,0,0,0,0,0,0,0
7.099999999999989,967,0,0,0,0,0,0,0,0,0,0
7.149999999999989,974,0,0,0,0,0,0,0,0,0,0
7.199999999999989,929,0,0,0,0,0,0,0,0,0,0
7.2499999999999885,983,0,0,0,0,0,0,0,0,0,0
7.299999999999988,989,0,0,0,0,0,0,0,0,0,0
7.349999999999988,985,0,0,0,0,0,0,0,0,0,0
7.399999999999988,991,0,0,0,0,0,0,0,0,0,0
7.449999999999988,1025,0,0,0,0,0,0,0,0,0,0
7.499999999999988,905,0,0,0,0,0,0,0,0,0,0
7.549999999999987,958,0,0,0,0,0,0,0,0,0,0
7.599999999999987,974,0,0,0,0,0,0,0,0,0,0
7.649999999999987,1019,0,0,0,0,0,0,0,0,0,0
7.699999999999987,985,0,0,0,0,0,0,0,0,0,0
7.749999999999987,1017,0,0,0,0,0,0,0,0,0,0
7.7999999999999865,940,0,0,0,0,0,0,0,0,0,0
7.849999999999986,978,0,0,0,0,0,0,0,0,0,0
7.899999999999986,931,0,0,0,0,0,0,0,0,0,0
7.949999999999986,989,0,0,0,0,0,0,0,0,0,0
7.999999999999986,901,0,0,0,0,0,0,0,0,0,0
8.049999999999986,898,0,0,0,0,0,0,0,0,0,0
8.099999999999987,850,0,0,0,0,0,0,0,0,0,0
8.149999999999988,831,0,0,0,0,0,0,0,0,0,0
8.199999999999989,766,0,0,0,0,0,0,0,0,0,0
8.24999999999999,702,0,0,0,0,0,0,0,0,0,0
8.29999999999999,646,0,0,0,0,0,0,0,0,0,0
8.34999999999999,574,0,0,0,0,0,0,0,0,0,0
8.399999999999991,583,0,0,0,0,0,0,0,0,0,0
8.449999999999992,513,0,0,0,0,0,0,0,0,0,0
8.499999999999993,514,0,0,0,0,0,0,0,0,0,0
8.549999999999994,437,0,0,0,0,0,0,0,0,0,0
8.599999999999994,348,0,0,0,0,0,0,0,0,0,0
8.649999999999995,307,0,0,0,0,0,0,0,0,0,0
8.699999999999996,267,0,0,0,0,0,0,0,0,0,0
8.749999999999996,209,0,0,0,0,0,0,0,0,0,0
8.799999999999997,164,0,0,0,0,0,0,0,0,0,0
8.849999999999998,130,0,0,0,0,0,0,0,0,0,0
8.899999999999999,76,0,0,0,0,0,0,0,0,0,0
8.95,20,0,0,0,0,0,0,0,0,0,0
9.0,0,0,0,0,0,0,0,0,0,0,0
9.05,0,0,0,0,0,0,0,0,0,0,0
9.100000000000001,0,0,0,0,0,0,0,0,0,0,0
9.150000000000002,0,0,0,0,0,0,0,0,0,0,0
9.200000000000003,0,0,0,0,0,0,0,0,0,0,0
9.250000000000004,0,0,0,0,0,0,0,0,0,0,0
9.300000000000004,0,0,0,0,0,0,0,0,0,0,0
9.350000000000005,0,0,0,0,0,0,0,0,0,0,0
9.400000000000006,0,0,0,0,0,0,0,0,0,0,0
9.450000000000006,0,0,0,0,0,0,0,0,0,0,0
9.500000000000007,0,0,0,0,0,0,0,0,0,0,0
9.550000000000008,0,0,0,0,0,0,0,0,0,0,0
9.600000000000009,0,0,0,0,0,0,0,0,0,0,0
9.65000000000001,0,0,0,0,0,0,0,0,0,0,0
9.70000000000001,0,0,0,0,0,0,0,0,0,0,0
9.75000000000001,0,0,0,0,0,0,0,0,0,0,0
9.800000000000011,0,0,0,0,0,0,0,0,0,0,0
9.850000000000012,0,0,0,0,0,0,0,0,0,0,0
9.900000000000013,0,0,0,0,0,0,0,0,0,0,0
9.950000000000014,0,0,0,0,0,0,0,0,0,0,0
10.000000000000014,0,0,0,0,0,0,0,0,0,0,0
10.050000000000015,0,0,0,0,0,0,0,0,0,0,0
10.100000000000016,0,0,0,0,0,0,0,0,0,0,0
10.150000000000016,0,0,0,0,0,0,0,0,0,0,0
10.200000000000017,0,0,0,0,0,0,0,0,0,0,0
10.250000000000018,0,0,0,0,0,0,0,0,0,0,0
10.300000000000018,0,0,0,0,0,0,0,0,0,0,0
10.35000000000002,0,0,0,0,0,0,0,0,0,0,0
*****
4,0.05,1000,0,0.4,10,100,0.261843996326,0.0426836366557
4,1000,1000,1000,1000,1000,0,0,0,0,0,0
4.05,1000,1000,1000,1000,1000,0,0,0,0,0,0
4.1,973,973,973,973,973,0,0,0,0,0,0
4.1499999999999995,974,974,974,974,974,0,0,0,0,0,0
4.199999999999999,985,985,985,985,985,0,0,0,0,0,0
4.249999999999999,994,994,994,994,994,0,0,0,0,0,0
4.299999999999999,962,962,962,961,962,0,0,0,0,0,0
4.349999999999999,977,977,976,976,977,0,0,0,0,0,0
4.399999999999999,967,967,962,967,967,0,0,0,0,0,0
4.449999999999998,948,948,944,946,948,0,0,0,0,0,0
4.499999999999998,926,926,917,926,926,0,0,0,0,0,0
4.549999999999998,1011,1010,1005,1009,1010,0,0,0,0,0,0
4.599999999999998,950,948,936,948,949,0,0,0,0,0,0
4.649999999999998,961,960,941,961,960,0,0,0,0,0,0
4.6999999999999975,992,985,955,985,987,0,0,0,0,0,0
4.749999999999997,952,943,904,944,945,0,0,0,0,0,0
4.799999999999997,955,936,890,937,940,0,0,0,0,0,0
4.849999999999997,1009,963,894,972,964,0,0,0,0,0,0
4.899999999999997,987,927,845,945,932,0,0,0,0,0,0
4.949999999999997,986,898,782,914,901,0,0,0,0,0,0
4.9999999999999964,1025,864,752,890,879,0,0,0,0,0,0
5.049999999999996,980,779,652,816,792,0,0,0,0,0,0
5.099999999999996,978,726,611,764,732,0,0,0,0,0,0
5.149999999999996,1011,681,542,721,696,0,0,0,0,0,0
5.199999999999996,996,582,476,635,589,0,0,0,0,0,0
5.249999999999996,921,462,362,513,471,0,0,0,0,0,0
5.299999999999995,976,387,299,429,398,0,0,0,0,0,0
5.349999999999995,1039,325,252,353,335,0,0,0,0,0,0
5.399999999999995,958,243,184,286,256,0,0,0,0,0,0
5.449999999999995,933,156,124,181,160,0,0,0,0,0,0
5.499999999999995,998,132,108,155,135,0,0,0,0,0,0
5.5499999999999945,999,75,60,92,79,0,0,0,0,0,0
5.599999999999994,991,49,29,65,56,0,0,0,0,0,0
5.649999999999994,989,31,24,38,35,0,0,0,0,0,0
5.699999999999994,1008,25,20,31,26,0,0,0,0,0,0
5.749999999999994,958,10,11,13,11,0,0,0,0,0,0
5.799999999999994,939,6,4,8,6,0,0,0,0,0,0
5.849999999999993,1025,2,1,4,2,0,0,0,0,0,0
5.899999999999993,941,0,0,1,0,0,0,0,0,0,0
5.949999999999993,968,0,0,0,0,0,0,0,0,0,0
5.999999999999993,945,0,0,0,0,0,0,0,0,0,0
6.049999999999993,1011,0,0,0,0,0,0,0,0,0,0
6.0999999999999925,1007,0,0,0,0,0,0,0,0,0,0
6.149999999999992,960,0,0,0,0,0,0,0,0,0,0
6.199999999999992,965,0,0,0,0,0,0,0,0,0,0
6.249999999999992,979,0,0,0,0,0,0,0,0,0,0
6.299999999999992,966,0,0,0,0,0,0,0,0,0,0
6.349999999999992,907,0,0,0,0,0,0,0,0,0,0
6.3999999999999915,1036,0,0,0,0,0,0,0,0,0,0
6.449999999999991,981,0,0,0,0,0,0,0,0,0,0
6.499999999999991,973,0,0,0,0,0,0,0,0,0,0
6.549999999999991,996,0,0,0,0,0,0,0,0,0,0
6.599999999999991,1031,0,0,0,0,0,0,0,0,0,0
6.649999999999991,992,0,0,0,0,0,0,0,0,0,0
6.69999999999999,963,0,0,0,0,0,0,0,0,0,0
6.74999999999999,977,0,0,0,0,0,0,0,0,0,0
6.79999999999999,903,0,0,0,0,0,0,0,0,0,0
6.84999999999999,994,0,0,0,0,0,0,0,0,0,0
6.89999999999999,946,0,0,0,0,0,0,0,0,0,0
6.9499999999999895,1017,0,0,0,0,0,0,0,0,0,0
6.999999999999989,979,0,0,0,0,0,0,0,0,0,0
7.049999999999989,1003,0,0,0,0,0,0,0,0,0,0
7.099999999999989,925,0,0,0,0,0,0,0,0,0,0
7.149999999999989,980,0,0,0,0,0,0,0,0,0,0
7.199999999999989,1015,0,0,0,0,0,0,0,0,0,0
7.2499999999999885,978,0,0,0,0,0,0,0,0,0,0
7.299999999999988,983,0,0,0,0,0,0,0,0,0,0
7.349999999999988,990,0,0,0,0,0,0,0,0,0,0
7.399999999999988,968,0,0,0,0,0,0,0,0,0,0
7.449999999999988,971,0,0,0,0,0,0,0,0,0,0
7.499999999999988,943,0,0,0,0,0,0,0,0,0,0
7.549999999999987,983,0,0,0,0,0,0,0,0,0,0
7.599999999999987,1014,0,0,0,0,0,0,0,0,0,0
7.649999999999987,961,0,0,0,0,0,0,0,0,0,0
7.699999999999987,1010,0,0,0,0,0,0,0,0,0,0
7.749999999999987,955,0,0,0,0,0,0,0,0,0,0
7.7999999999999865,1038,0,0,0,0,0,0,0,0,0,0
7.849999999999986,951,0,0,0,0,0,0,0,0,0,0
7.899999999999986,961,0,0,0,0,0,0,0,0,0,0
7.949999999999986,954,0,0,0,0,0,0,0,0,0,0
7.999999999999986,870,0,0,0,0,0,0,0,0,0,0
8.049999999999986,766,0,0,0,0,0,0,0,0,0,0
8.099999999999987,720,0,0,0,0,0,0,0,0,0,0
8.149999999999988,552,0,0,0,0,0,0,0,0,0,0
8.199999999999989,448,0,0,0,0,0,0,0,0,0,0
8.24999999999999,317,0,0,0,0,0,0,0,0,0,0
8.29999999999999,177,0,0,0,0,0,0,0,0,0,0
8.34999999999999,67,0,0,0,0,0,0,0,0,0,0
8.399999999999991,0,0,0,0,0,0,0,0,0,0,0
8.449999999999992,0,0,0,0,0,0,0,0,0,0,0
8.499999999999993,0,0,0,0,0,0,0,0,0,0,0
8.549999999999994,0,0,0,0,0,0,0,0,0,0,0
8.599999999999994,0,0,0,0,0,0,0,0,0,0,0
8.649999999999995,0,0,0,0,0,0,0,0,0,0,0
8.699999999999996,0,0,0,0,0,0,0,0,0,0,0
8.749999999999996,0,0,0,0,0,0,0,0,0,0,0
8.799999999999997,0,0,0,0,0,0,0,0,0,0,0
8.849999999999998,0,0,0,0,0,0,0,0,0,0,0
8.899999999999999,0,0,0,0,0,0,0,0,0,0,0
8.95,0,0,0,0,0,0,0,0,0,0,0
9.0,0,0,0,0,0,0,0,0,0,0,0
9.05,0,0,0,0,0,0,0,0,0,0,0
9.100000000000001,0,0,0,0,0,0,0,0,0,0,0
9.150000000000002,0,0,0,0,0,0,0,0,0,0,0
9.200000000000003,0,0,0,0,0,0,0,0,0,0,0
9.250000000000004,0,0,0,0,0,0,0,0,0,0,0
9.300000000000004,0,0,0,0,0,0,0,0,0,0,0
9.350000000000005,0,0,0,0,0,0,0,0,0,0,0
9.400000000000006,0,0,0,0,0,0,0,0,0,0,0
9.450000000000006,0,0,0,0,0,0,0,0,0,0,0
9.500000000000007,0,0,0,0,0,0,0,0,0,0,0
9.550000000000008,0,0,0,0,0,0,0,0,0,0,0
9.600000000000009,0,0,0,0,0,0,0,0,0,0,0
9.65000000000001,0,0,0,0,0,0,0,0,0,0,0
9.70000000000001,0,0,0,0,0,0,0,0,0,0,0
9.75000000000001,0,0,0,0,0,0,0,0,0,0,0
9.800000000000011,0,0,0,0,0,0,0,0,0,0,0
9.850000000000012,0,0,0,0,0,0,0,0,0,0,0
9.900000000000013,0,0,0,0,0,0,0,0,0,0,0
9.950000000000014,0,0,0,0,0,0,0,0,0,0,0
10.000000000000014,0,0,0,0,0,0,0,0,0,0,0
10.050000000000015,0,0,0,0,0,0,0,0,0,0,0
10.100000000000016,0,0,0,0,0,0,0,0,0,0,0
10.150000000000016,0,0,0,0,0,0,0,0,0,0,0
10.200000000000017,0,0,0,0,0,0,0,0,0,0,0
10.250000000000018,0,0,0,0,0,0,0,0,0,0,0
10.300000000000018,0,0,0,0,0,0,0,0,0,0,0
10.35000000000002,0,0,0,0,0,0,0,0,0,0,0
*****
4,0.05,1000,0.3,0.7,10,100,0.261843996326,0.0426836366557
4,1000,981,981,954,981,0,0,0,0,0,0
4.05,1073,1044,1053,1029,1045,0,0,0,0,0,0
4.1,1114,1095,1101,1082,1100,0,0,0,0,0,0
4.1499999999999995,1045,1029,1029,1008,1027,0,0,0,0,0,0
4.199999999999999,1092,1066,1070,1059,1071,0,0,0,0,0,0
4.249999999999999,1066,1051,1059,1039,1055,0,0,0,0,0,0
4.299999999999999,1071,1054,1058,1043,1056,0,0,0,0,0,0
4.349999999999999,1059,1037,1042,1020,1041,0,0,0,0,0,0
4.399999999999999,1074,1050,1057,1034,1055,0,0,0,0,0,0
4.449999999999998,1032,1000,1001,984,1007,0,0,0,0,0,0
4.499999999999998,1047,1002,1009,993,1010,0,0,0,0,0,0
4.549999999999998,1018,977,983,960,986,0,0,0,0,0,0
4.599999999999998,1065,1017,1020,996,1023,0,0,0,0,0,0
4.649999999999998,1048,983,986,958,993,0,0,0,0,0,0
4.6999999999999975,1124,1043,1042,1018,1051,0,0,0,0,0,0
4.749999999999997,1082,993,995,986,1007,0,0,0,0,0,0
4.799999999999997,1072,945,948,936,964,0,0,0,0,0,0
4.849999999999997,1006,845,850,846,862,0,0,0,0,0,0
4.899999999999997,1034,832,838,822,848,0,0,0,0,0,0
4.949999999999997,1096,822,839,822,849,0,0,0,0,0,0
4.9999999999999964,1098,790,806,798,820,0,0,0,0,0,0
5.049999999999996,1048,668,684,684,701,0,0,0,0,0,0
5.099999999999996,1073,681,688,699,703,0,0,0,0,0,0
5.149999999999996,1054,586,589,597,608,0,0,0,0,0,0
5.199999999999996,1016,517,522,539,541,0,0,0,0,0,0
5.249999999999996,1062,479,482,490,492,0,0,0,0,0,0
5.299999999999995,1081,409,418,432,433,0,0,0,0,0,0
5.349999999999995,1067,366,373,390,387,0,0,0,0,0,0
5.399999999999995,1054,280,287,301,298,0,0,0,0,0,0
5.449999999999995,1016,234,242,249,250,0,0,0,0,0,0
5.499999999999995,1052,215,215,226,226,0,0,0,0,0,0
5.5499999999999945,1113,176,179,191,186,0,0,0,0,0,0
5.599999999999994,1119,127,133,137,138,0,0,0,0,0,0
5.649999999999994,1035,106,105,111,110,0,0,0,0,0,0
5.699999999999994,1105,69,70,76,73,0,0,0,0,0,0
5.749999999999994,1056,66,65,67,69,0,0,0,0,0,0
5.799999999999994,1064,53,52,56,56,0,0,0,0,0,0
5.849999999999993,1055,31,33,34,34,0,0,0,0,0,0
5.899999999999993,1071,28,27,28,28,0,0,0,0,0,0
5.949999999999993,1026,12,12,13,13,0,0,0,0,0,0
5.999999999999993,1040,7,7,7,7,0,0,0,0,0,0
6.049999999999993,1024,4,4,4,4,0,0,0,0,0,0
6.0999999999999925,1081,6,6,6,6,0,0,0,0,0,0
6.149999999999992,1089,3,3,3,3,0,0,0,0,0,0
6.199999999999992,1049,2,2,2,2,0,0,0,0,0,0
6.249999999999992,1057,0,0,0,0,0,0,0,0,0,0
6.299999999999992,1090,0,0,0,0,0,0,0,0,0,0
6.349999999999992,1040,0,0,0,0,0,0,0,0,0,0
6.3999999999999915,1080,0,0,0,0,0,0,0,0,0,0
6.449999999999991,1027,0,0,0,0,0,0,0,0,0,0
6.499999999999991,1062,0,0,0,0,0,0,0,0,0,0
6.549999999999991,1067,1,1,1,1,0,0,0,0,0,0
6.599999999999991,1070,0,0,0,0,0,0,0,0,0,0
6.649999999999991,1036,0,0,0,0,0,0,0,0,0,0
6.69999999999999,1057,0,0,0,0,0,0,0,0,0,0
6.74999999999999,1077,0,0,0,0,0,0,0,0,0,0
6.79999999999999,1034,0,0,0,0,0,0,0,0,0,0
6.84999999999999,1060,0,0,0,0,0,0,0,0,0,0
6.89999999999999,1088,0,0,0,0,0,0,0,0,0,0
6.9499999999999895,1052,0,0,0,0,0,0,0,0,0,0
6.999999999999989,1113,0,0,0,0,0,0,0,0,0,0
7.049999999999989,1102,0,0,0,0,0,0,0,0,0,0
7.099999999999989,1021,0,0,0,0,0,0,0,0,0,0
7.149999999999989,1066,0,0,0,0,0,0,0,0,0,0
7.199999999999989,1114,0,0,0,0,0,0,0,0,0,0
7.2499999999999885,1034,0,0,0,0,0,0,0,0,0,0
7.299999999999988,1033,0,0,0,0,0,0,0,0,0,0
7.349999999999988,1063,0,0,0,0,0,0,0,0,0,0
7.399999999999988,1001,0,0,0,0,0,0,0,0,0,0
7.449999999999988,1061,0,0,0,0,0,0,0,0,0,0
7.499999999999988,1122,0,0,0,0,0,0,0,0,0,0
7.549999999999987,1127,0,0,0,0,0,0,0,0,0,0
7.599999999999987,1030,0,0,0,0,0,0,0,0,0,0
7.649999999999987,1087,0,0,0,0,0,0,0,0,0,0
7.699999999999987,1063,0,0,0,0,0,0,0,0,0,0
7.749999999999987,1077,0,0,0,0,0,0,0,0,0,0
7.7999999999999865,1017,0,0,0,0,0,0,0,0,0,0
7.849999999999986,1027,0,0,0,0,0,0,0,0,0,0
7.899999999999986,1074,0,0,0,0,0,0,0,0,0,0
7.949999999999986,1030,0,0,0,0,0,0,0,0,0,0
7.999999999999986,1075,0,0,0,0,0,0,0,0,0,0
8.049999999999986,1062,0,0,0,0,0,0,0,0,0,0
8.099999999999987,1104,0,0,0,0,0,0,0,0,0,0
8.149999999999988,1060,0,0,0,0,0,0,0,0,0,0
8.199999999999989,1083,0,0,0,0,0,0,0,0,0,0
8.24999999999999,1066,0,0,0,0,0,0,0,0,0,0
8.29999999999999,926,0,0,0,0,0,0,0,0,0,0
8.34999999999999,857,0,0,0,0,0,0,0,0,0,0
8.399999999999991,710,0,0,0,0,0,0,0,0,0,0
8.449999999999992,616,0,0,0,0,0,0,0,0,0,0
8.499999999999993,464,0,0,0,0,0,0,0,0,0,0
8.549999999999994,324,0,0,0,0,0,0,0,0,0,0
8.599999999999994,202,0,0,0,0,0,0,0,0,0,0
8.649999999999995,65,0,0,0,0,0,0,0,0,0,0
8.699999999999996,0,0,0,0,0,0,0,0,0,0,0
8.749999999999996,0,0,0,0,0,0,0,0,0,0,0
8.799999999999997,0,0,0,0,0,0,0,0,0,0,0
8.849999999999998,0,0,0,0,0,0,0,0,0,0,0
8.899999999999999,0,0,0,0,0,0,0,0,0,0,0
8.95,0,0,0,0,0,0,0,0,0,0,0
9.0,0,0,0,0,0,0,0,0,0,0,0
9.05,0,0,0,0,0,0,0,0,0,0,0
9.100000000000001,0,0,0,0,0,0,0,0,0,0,0
9.150000000000002,0,0,0,0,0,0,0,0,0,0,0
9.200000000000003,0,0,0,0,0,0,0,0,0,0,0
9.250000000000004,0,0,0,0,0,0,0,0,0,0,0
9.300000000000004,0,0,0,0,0,0,0,0,0,0,0
9.350000000000005,0,0,0,0,0,0,0,0,0,0,0
9.400000000000006,0,0,0,0,0,0,0,0,0,0,0
9.450000000000006,0,0,0,0,0,0,0,0,0,0,0
9.500000000000007,0,0,0,0,0,0,0,0,0,0,0
9.550000000000008,0,0,0,0,0,0,0,0,0,0,0
9.600000000000009,0,0,0,0,0,0,0,0,0,0,0
9.65000000000001,0,0,0,0,0,0,0,0,0,0,0
9.70000000000001,0,0,0,0,0,0,0,0,0,0,0
9.75000000000001,0,0,0,0,0,0,0,0,0,0,0
9.800000000000011,0,0,0,0,0,0,0,0,0,0,0
9.850000000000012,0,0,0,0,0,0,0,0,0,0,0
9.900000000000013,0,0,0,0,0,0,0,0,0,0,0
9.950000000000014,0,0,0,0,0,0,0,0,0,0,0
10.000000000000014,0,0,0,0,0,0,0,0,0,0,0
10.050000000000015,0,0,0,0,0,0,0,0,0,0,0
10.100000000000016,0,0,0,0,0,0,0,0,0,0,0
10.150000000000016,0,0,0,0,0,0,0,0,0,0,0
10.200000000000017,0,0,0,0,0,0,0,0,0,0,0
10.250000000000018,0,0,0,0,0,0,0,0,0,0,0
10.300000000000018,0,0,0,0,0,0,0,0,0,0,0
10.35000000000002,0,0,0,0,0,0,0,0,0,0,0
*****
4,0.05,1000,0.6,1,10,100,0.261843996326,0.0426836366557
4,1000,9,8,6,8,0,0,0,0,0,0
4.05,983,9,11,10,11,0,0,0,0,0,0
4.1,855,13,16,16,16,0,0,0,0,0,0
4.1499999999999995,918,36,48,45,48,0,0,0,0,0,0
4.199999999999999,757,37,40,37,40,0,0,0,0,0,0
4.249999999999999,764,58,58,57,58,0,0,0,0,0,0
4.299999999999999,703,75,77,62,77,0,0,0,0,0,0
4.349999999999999,701,108,114,99,114,0,0,0,0,0,0
4.399999999999999,683,113,122,113,122,0,0,0,0,0,0
4.449999999999998,689,111,126,128,126,0,0,0,0,0,0
4.499999999999998,714,56,69,63,69,0,0,0,0,0,0
4.549999999999998,728,50,58,50,58,0,0,0,0,0,0
4.599999999999998,783,31,33,36,33,0,0,0,0,0,0
4.649999999999998,852,16,21,22,21,0,0,0,0,0,0
4.6999999999999975,899,6,8,12,8,0,0,0,0,0,0
4.749999999999997,881,5,8,7,8,0,0,0,0,0,0
4.799999999999997,913,6,8,6,8,0,0,0,0,0,0
4.849999999999997,884,3,4,5,4,0,0,0,0,0,0
4.899999999999997,864,2,2,3,2,0,0,0,0,0,0
4.949999999999997,868,10,12,14,12,0,0,0,0,0,0
4.9999999999999964,764,5,5,5,5,0,0,0,0,0,0
5.049999999999996,804,10,14,14,14,0,0,0,0,0,0
5.099999999999996,753,4,8,9,8,0,0,0,0,0,0
5.149999999999996,728,10,11,12,11,0,0,0,0,0,0
5.199999999999996,756,5,5,5,5,0,0,0,0,0,0
5.249999999999996,711,1,1,1,1,0,0,0,0,0,0
5.299999999999995,735,1,1,1,1,0,0,0,0,0,0
5.349999999999995,776,0,1,1,1,0,0,0,0,0,0
5.399999999999995,831,1,1,0,1,0,0,0,0,0,0
5.449999999999995,786,1,1,1,1,0,0,0,0,0,0
5.499999999999995,830,0,0,1,0,0,0,0,0,0,0
5.5499999999999945,885,0,0,0,0,0,0,0,0,0,0
5.599999999999994,868,0,0,0,0,0,0,0,0,0,0
5.649999999999994,846,1,1,1,1,0,0,0,0,0,0
5.699999999999994,864,0,0,0,0,0,0,0,0,0,0
5.749999999999994,798,0,0,0,0,0,0,0,0,0,0
5.799999999999994,799,0,0,0,0,0,0,0,0,0,0
5.849999999999993,820,0,0,0,0,0,0,0,0,0,0
5.899999999999993,723,0,0,0,0,0,0,0,0,0,0
5.949999999999993,780,0,0,0,0,0,0,0,0,0,0
5.999999999999993,747,0,0,0,0,0,0,0,0,0,0
6.049999999999993,753,0,0,0,0,0,0,0,0,0,0
6.0999999999999925,802,0,0,0,0,0,0,0,0,0,0
6.149999999999992,778,0,0,0,0,0,0,0,0,0,0
6.199999999999992,809,0,0,0,0,0,0,0,0,0,0
6.249999999999992,802,0,0,0,0,0,0,0,0,0,0
6.299999999999992,821,0,0,0,0,0,0,0,0,0,0
6.349999999999992,858,0,0,0,0,0,0,0,0,0,0
6.3999999999999915,813,0,0,0,0,0,0,0,0,0,0
6.449999999999991,827,0,0,0,0,0,0,0,0,0,0
6.499999999999991,875,0,0,0,0,0,0,0,0,0,0
6.549999999999991,792,0,0,0,0,0,0,0,0,0,0
6.599999999999991,771,0,0,0,0,0,0,0,0,0,0
6.649999999999991,818,0,0,0,0,0,0,0,0,0,0
6.69999999999999,809,0,0,0,0,0,0,0,0,0,0
6.74999999999999,774,0,0,0,0,0,0,0,0,0,0
6.79999999999999,763,0,0,0,0,0,0,0,0,0,0
6.84999999999999,778,0,0,0,0,0,0,0,0,0,0
6.89999999999999,825,0,0,0,0,0,0,0,0,0,0
6.9499999999999895,722,0,0,0,0,0,0,0,0,0,0
6.999999999999989,788,0,0,0,0,0,0,0,0,0,0
7.049999999999989,789,0,0,0,0,0,0,0,0,0,0
7.099999999999989,793,0,0,0,0,0,0,0,0,0,0
7.149999999999989,870,0,0,0,0,0,0,0,0,0,0
7.199999999999989,881,0,0,0,0,0,0,0,0,0,0
7.2499999999999885,805,0,0,0,0,0,0,0,0,0,0
7.299999999999988,785,0,0,0,0,0,0,0,0,0,0
7.349999999999988,834,0,0,0,0,0,0,0,0,0,0
7.399999999999988,840,0,0,0,0,0,0,0,0,0,0
7.449999999999988,786,0,0,0,0,0,0,0,0,0,0
7.499999999999988,807,0,0,0,0,0,0,0,0,0,0
7.549999999999987,780,0,0,0,0,0,0,0,0,0,0
7.599999999999987,742,0,0,0,0,0,0,0,0,0,0
7.649999999999987,774,0,0,0,0,0,0,0,0,0,0
7.699999999999987,856,0,0,0,0,0,0,0,0,0,0
7.749999999999987,827,0,0,0,0,0,0,0,0,0,0
7.7999999999999865,772,0,0,0,0,0,0,0,0,0,0
7.849999999999986,781,0,0,0,0,0,0,0,0,0,0
7.899999999999986,822,0,0,0,0,0,0,0,0,0,0
7.949999999999986,790,0,0,0,0,0,0,0,0,0,0
7.999999999999986,804,0,0,0,0,0,0,0,0,0,0
8.049999999999986,841,0,0,0,0,0,0,0,0,0,0
8.099999999999987,831,0,0,0,0,0,0,0,0,0,0
8.149999999999988,817,0,0,0,0,0,0,0,0,0,0
8.199999999999989,761,0,0,0,0,0,0,0,0,0,0
8.24999999999999,767,0,0,0,0,0,0,0,0,0,0
8.29999999999999,776,0,0,0,0,0,0,0,0,0,0
8.34999999999999,849,0,0,0,0,0,0,0,0,0,0
8.399999999999991,790,0,0,0,0,0,0,0,0,0,0
8.449999999999992,816,0,0,0,0,0,0,0,0,0,0
8.499999999999993,832,0,0,0,0,0,0,0,0,0,0
8.549999999999994,830,0,0,0,0,0,0,0,0,0,0
8.599999999999994,705,0,0,0,0,0,0,0,0,0,0
8.649999999999995,637,0,0,0,0,0,0,0,0,0,0
8.699999999999996,548,0,0,0,0,0,0,0,0,0,0
8.749999999999996,421,0,0,0,0,0,0,0,0,0,0
8.799999999999997,350,0,0,0,0,0,0,0,0,0,0
8.849999999999998,259,0,0,0,0,0,0,0,0,0,0
8.899999999999999,164,0,0,0,0,0,0,0,0,0,0
8.95,50,0,0,0,0,0,0,0,0,0,0
9.0,0,0,0,0,0,0,0,0,0,0,0
9.05,0,0,0,0,0,0,0,0,0,0,0
9.100000000000001,0,0,0,0,0,0,0,0,0,0,0
9.150000000000002,0,0,0,0,0,0,0,0,0,0,0
9.200000000000003,0,0,0,0,0,0,0,0,0,0,0
9.250000000000004,0,0,0,0,0,0,0,0,0,0,0
9.300000000000004,0,0,0,0,0,0,0,0,0,0,0
9.350000000000005,0,0,0,0,0,0,0,0,0,0,0
9.400000000000006,0,0,0,0,0,0,0,0,0,0,0
9.450000000000006,0,0,0,0,0,0,0,0,0,0,0
9.500000000000007,0,0,0,0,0,0,0,0,0,0,0
9.550000000000008,0,0,0,0,0,0,0,0,0,0,0
9.600000000000009,0,0,0,0,0,0,0,0,0,0,0
9.65000000000001,0,0,0,0,0,0,0,0,0,0,0
9.70000000000001,0,0,0,0,0,0,0,0,0,0,0
9.75000000000001,0,0,0,0,0,0,0,0,0,0,0
9.800000000000011,0,0,0,0,0,0,0,0,0,0,0
9.850000000000012,0,0,0,0,0,0,0,0,0,0,0
9.900000000000013,0,0,0,0,0,0,0,0,0,0,0
9.950000000000014,0,0,0,0,0,0,0,0,0,0,0
10.000000000000014,0,0,0,0,0,0,0,0,0,0,0
10.050000000000015,0,0,0,0,0,0,0,0,0,0,0
10.100000000000016,0,0,0,0,0,0,0,0,0,0,0
10.150000000000016,0,0,0,0,0,0,0,0,0,0,0
10.200000000000017,0,0,0,0,0,0,0,0,0,0,0
10.250000000000018,0,0,0,0,0,0,0,0,0,0,0
10.300000000000018,0,0,0,0,0,0,0,0,0,0,0
10.35000000000002,0,0,0,0,0,0,0,0,0,0,0
