*****
4,0.05,100,0,1,10,100,0.261843996326,0.0853672733114
4,100,90,95,81,90,0,0,0,0,0,0
4.05,96,88,94,87,92,0,0,0,0,0,0
4.1,106,90,95,89,91,0,0,0,0,0,0
4.1499999999999995,94,87,88,88,87,0,0,0,0,0,0
4.199999999999999,122,100,106,97,104,0,0,0,0,0,0
4.249999999999999,86,70,73,68,72,0,0,0,0,0,0
4.299999999999999,85,64,68,68,68,0,0,0,0,0,0
4.349999999999999,118,82,85,89,86,0,0,0,0,0,0
4.399999999999999,96,65,67,73,70,0,0,0,0,0,0
4.449999999999998,99,57,61,68,63,0,0,0,0,0,0
4.499999999999998,106,57,59,62,60,0,0,0,0,0,0
4.549999999999998,98,46,52,59,52,0,0,0,0,0,0
4.599999999999998,79,31,33,40,35,0,0,0,0,0,0
4.649999999999998,118,46,47,61,50,0,0,0,0,0,0
4.6999999999999975,114,34,36,48,38,0,0,0,0,0,0
4.749999999999997,96,26,28,34,31,0,0,0,0,0,0
4.799999999999997,90,20,26,32,27,0,0,0,0,0,0
4.849999999999997,106,18,19,23,22,0,0,0,0,0,0
4.899999999999997,99,13,15,20,17,0,0,0,0,0,0
4.949999999999997,99,12,13,21,14,0,0,0,0,0,0
4.9999999999999964,91,8,13,19,14,0,0,0,0,0,0
5.049999999999996,104,5,7,9,7,0,0,0,0,0,0
5.099999999999996,95,7,9,12,9,0,0,0,0,0,0
5.149999999999996,106,7,7,12,7,0,0,0,0,0,0
5.199999999999996,95,2,3,5,3,0,0,0,0,0,0
5.249999999999996,115,2,4,6,4,0,0,0,0,0,0
5.299999999999995,109,1,1,5,1,0,0,0,0,0,0
5.349999999999995,97,1,1,2,1,0,0,0,0,0,0
5.399999999999995,90,1,1,2,1,0,0,0,0,0,0
5.449999999999995,86,2,2,2,2,0,0,0,0,0,0
5.499999999999995,108,0,0,1,0,0,0,0,0,0,0
5.5499999999999945,109,0,0,0,0,0,0,0,0,0,0
5.599999999999994,98,0,0,0,0,0,0,0,0,0,0
5.649999999999994,97,0,0,1,0,0,0,0,0,0,0
5.699999999999994,87,0,0,0,0,0,0,0,0,0,0
5.749999999999994,105,0,0,0,0,0,0,0,0,0,0
5.799999999999994,110,0,0,0,0,0,0,0,0,0,0
5.849999999999993,92,0,0,0,0,0,0,0,0,0,0
5.899999999999993,96,0,0,0,0,0,0,0,0,0,0
5.949999999999993,89,0,0,0,0,0,0,0,0,0,0
5.999999999999993,97,0,0,0,0,0,0,0,0,0,0
6.049999999999993,98,0,0,0,0,0,0,0,0,0,0
6.0999999999999925,96,0,0,0,0,0,0,0,0,0,0
6.149999999999992,105,0,0,0,0,0,0,0,0,0,0
6.199999999999992,85,0,0,0,0,0,0,0,0,0,0
6.249999999999992,95,0,0,0,0,0,0,0,0,0,0
6.299999999999992,93,0,0,0,0,0,0,0,0,0,0
6.349999999999992,112,0,0,0,0,0,0,0,0,0,0
6.3999999999999915,91,0,0,0,0,0,0,0,0,0,0
6.449999999999991,95,0,0,0,0,0,0,0,0,0,0
6.499999999999991,92,0,0,0,0,0,0,0,0,0,0
6.549999999999991,85,0,0,0,0,0,0,0,0,0,0
6.599999999999991,93,0,0,0,0,0,0,0,0,0,0
6.649999999999991,100,0,0,0,0,0,0,0,0,0,0
6.69999999999999,97,0,0,0,0,0,0,0,0,0,0
6.74999999999999,105,0,0,0,0,0,0,0,0,0,0
6.79999999999999,98,0,0,0,0,0,0,0,0,0,0
6.84999999999999,104,0,0,0,0,0,0,0,0,0,0
6.89999999999999,93,0,0,0,0,0,0,0,0,0,0
6.9499999999999895,110,0,0,0,0,0,0,0,0,0,0
6.999999999999989,96,0,0,0,0,0,0,0,0,0,0
7.049999999999989,83,0,0,0,0,0,0,0,0,0,0
7.099999999999989,99,0,0,0,0,0,0,0,0,0,0
7.149999999999989,107,0,0,0,0,0,0,0,0,0,0
7.199999999999989,94,0,0,0,0,0,0,0,0,0,0
7.2499999999999885,95,0,0,0,0,0,0,0,0,0,0
7.299999999999988,91,0,0,0,0,0,0,0,0,0,0
7.349999999999988,87,0,0,0,0,0,0,0,0,0,0
7.399999999999988,108,0,0,0,0,0,0,0,0,0,0
7.449999999999988,103,0,0,0,0,0,0,0,0,0,0
7.499999999999988,96,0,0,0,0,0,0,0,0,0,0
7.549999999999987,90,0,0,0,0,0,0,0,0,0,0
7.599999999999987,95,0,0,0,0,0,0,0,0,0,0
7.649999999999987,98,0,0,0,0,0,0,0,0,0,0
7.699999999999987,95,0,0,0,0,0,0,0,0,0,0
7.749999999999987,115,0,0,0,0,0,0,0,0,0,0
7.7999999999999865,97,0,0,0,0,0,0,0,0,0,0
7.849999999999986,78,0,0,0,0,0,0,0,0,0,0
7.899999999999986,121,0,0,0,0,0,0,0,0,0,0
7.949999999999986,95,0,0,0,0,0,0,0,0,0,0
7.999999999999986,100,0,0,0,0,0,0,0,0,0,0
8.049999999999986,93,0,0,0,0,0,0,0,0,0,0
8.099999999999987,80,0,0,0,0,0,0,0,0,0,0
8.149999999999988,84,0,0,0,0,0,0,0,0,0,0
8.199999999999989,65,0,0,0,0,0,0,0,0,0,0
8.24999999999999,57,0,0,0,0,0,0,0,0,0,0
8.29999999999999,61,0,0,0,0,0,0,0,0,0,0
8.34999999999999,63,0,0,0,0,0,0,0,0,0,0
8.399999999999991,61,0,0,0,0,0,0,0,0,0,0
8.449999999999992,65,0,0,0,0,0,0,0,0,0,0
8.499999999999993,50,0,0,0,0,0,0,0,0,0,0
8.549999999999994,47,0,0,0,0,0,0,0,0,0,0
8.599999999999994,46,0,0,0,0,0,0,0,0,0,0
8.649999999999995,28,0,0,0,0,0,0,0,0,0,0
8.699999999999996,23,0,0,0,0,0,0,0,0,0,0
8.749999999999996,18,0,0,0,0,0,0,0,0,0,0
8.799999999999997,17,0,0,0,0,0,0,0,0,0,0
8.849999999999998,5,0,0,0,0,0,0,0,0,0,0
8.899999999999999,8,0,0,0,0,0,0,0,0,0,0
8.95,2,0,0,0,0,0,0,0,0,0,0
9.0,0,0,0,0,0,0,0,0,0,0,0
9.05,0,0,0,0,0,0,0,0,0,0,0
9.100000000000001,0,0,0,0,0,0,0,0,0,0,0
9.150000000000002,0,0,0,0,0,0,0,0,0,0,0
9.200000000000003,0,0,0,0,0,0,0,0,0,0,0
9.250000000000004,0,0,0,0,0,0,0,0,0,0,0
9.300000000000004,0,0,0,0,0,0,0,0,0,0,0
9.350000000000005,0,0,0,0,0,0,0,0,0,0,0
9.400000000000006,0,0,0,0,0,0,0,0,0,0,0
9.450000000000006,0,0,0,0,0,0,0,0,0,0,0
9.500000000000007,0,0,0,0,0,0,0,0,0,0,0
9.550000000000008,0,0,0,0,0,0,0,0,0,0,0
9.600000000000009,0,0,0,0,0,0,0,0,0,0,0
9.65000000000001,0,0,0,0,0,0,0,0,0,0,0
9.70000000000001,0,0,0,0,0,0,0,0,0,0,0
9.75000000000001,0,0,0,0,0,0,0,0,0,0,0
9.800000000000011,0,0,0,0,0,0,0,0,0,0,0
9.850000000000012,0,0,0,0,0,0,0,0,0,0,0
9.900000000000013,0,0,0,0,0,0,0,0,0,0,0
9.950000000000014,0,0,0,0,0,0,0,0,0,0,0
10.000000000000014,0,0,0,0,0,0,0,0,0,0,0
10.050000000000015,0,0,0,0,0,0,0,0,0,0,0
10.100000000000016,0,0,0,0,0,0,0,0,0,0,0
10.150000000000016,0,0,0,0,0,0,0,0,0,0,0
10.200000000000017,0,0,0,0,0,0,0,0,0,0,0
10.250000000000018,0,0,0,0,0,0,0,0,0,0,0
10.300000000000018,0,0,0,0,0,0,0,0,0,0,0
10.35000000000002,0,0,0,0,0,0,0,0,0,0,0
*****
4,0.05,100,0,0.4,10,100,0.261843996326,0.0853672733114
4,100,100,100,100,100,0,0,0,0,0,0
4.05,103,103,102,103,103,0,0,0,0,0,0
4.1,97,97,96,97,97,0,0,0,0,0,0
4.1499999999999995,90,90,89,90,90,0,0,0,0,0,0
4.199999999999999,96,96,94,96,96,0,0,0,0,0,0
4.249999999999999,101,101,98,101,101,0,0,0,0,0,0
4.299999999999999,98,98,94,98,98,0,0,0,0,0,0
4.349999999999999,104,104,101,104,104,0,0,0,0,0,0
4.399999999999999,106,106,97,106,106,0,0,0,0,0,0
4.449999999999998,94,93,82,94,93,0,0,0,0,0,0
4.499999999999998,98,92,84,94,93,0,0,0,0,0,0
4.549999999999998,95,92,82,93,92,0,0,0,0,0,0
4.599999999999998,96,93,77,95,94,0,0,0,0,0,0
4.649999999999998,107,100,82,104,101,0,0,0,0,0,0
4.6999999999999975,104,90,70,96,90,0,0,0,0,0,0
4.749999999999997,101,84,71,91,84,0,0,0,0,0,0
4.799999999999997,107,80,61,92,83,0,0,0,0,0,0
4.849999999999997,101,68,52,80,73,0,0,0,0,0,0
4.899999999999997,102,59,43,78,64,0,0,0,0,0,0
4.949999999999997,109,69,48,86,72,0,0,0,0,0,0
4.9999999999999964,79,39,32,54,44,0,0,0,0,0,0
5.049999999999996,103,36,29,55,41,0,0,0,0,0,0
5.099999999999996,103,27,24,48,31,0,0,0,0,0,0
5.149999999999996,95,15,12,27,17,0,0,0,0,0,0
5.199999999999996,90,11,9,21,12,0,0,0,0,0,0
5.249999999999996,90,8,4,8,8,0,0,0,0,0,0
5.299999999999995,97,13,12,21,14,0,0,0,0,0,0
5.349999999999995,105,8,6,10,8,0,0,0,0,0,0
5.399999999999995,93,6,2,9,6,0,0,0,0,0,0
5.449999999999995,115,2,1,3,2,0,0,0,0,0,0
5.499999999999995,92,2,1,3,2,0,0,0,0,0,0
5.5499999999999945,97,2,1,3,2,0,0,0,0,0,0
5.599999999999994,91,1,1,1,1,0,0,0,0,0,0
5.649999999999994,99,0,0,0,0,0,0,0,0,0,0
5.699999999999994,120,0,0,0,0,0,0,0,0,0,0
5.749999999999994,100,0,0,0,0,0,0,0,0,0,0
5.799999999999994,102,0,0,0,0,0,0,0,0,0,0
5.849999999999993,113,0,0,0,0,0,0,0,0,0,0
5.899999999999993,112,0,0,0,0,0,0,0,0,0,0
5.949999999999993,85,0,0,0,0,0,0,0,0,0,0
5.999999999999993,104,0,0,0,0,0,0,0,0,0,0
6.049999999999993,89,0,0,0,0,0,0,0,0,0,0
6.0999999999999925,114,0,0,0,0,0,0,0,0,0,0
6.149999999999992,92,0,0,0,0,0,0,0,0,0,0
6.199999999999992,111,0,0,0,0,0,0,0,0,0,0
6.249999999999992,90,0,0,0,0,0,0,0,0,0,0
6.299999999999992,84,0,0,0,0,0,0,0,0,0,0
6.349999999999992,101,0,0,0,0,0,0,0,0,0,0
6.3999999999999915,99,0,0,0,0,0,0,0,0,0,0
6.449999999999991,97,0,0,0,0,0,0,0,0,0,0
6.499999999999991,103,0,0,0,0,0,0,0,0,0,0
6.549999999999991,97,0,0,0,0,0,0,0,0,0,0
6.599999999999991,95,0,0,0,0,0,0,0,0,0,0
6.649999999999991,90,0,0,0,0,0,0,0,0,0,0
6.69999999999999,113,0,0,0,0,0,0,0,0,0,0
6.74999999999999,94,0,0,0,0,0,0,0,0,0,0
6.79999999999999,109,0,0,0,0,0,0,0,0,0,0
6.84999999999999,112,0,0,0,0,0,0,0,0,0,0
6.89999999999999,89,0,0,0,0,0,0,0,0,0,0
6.9499999999999895,111,0,0,0,0,0,0,0,0,0,0
6.999999999999989,86,0,0,0,0,0,0,0,0,0,0
7.049999999999989,118,0,0,0,0,0,0,0,0,0,0
7.099999999999989,96,0,0,0,0,0,0,0,0,0,0
7.149999999999989,101,0,0,0,0,0,0,0,0,0,0
7.199999999999989,94,0,0,0,0,0,0,0,0,0,0
7.2499999999999885,93,0,0,0,0,0,0,0,0,0,0
7.299999999999988,104,0,0,0,0,0,0,0,0,0,0
7.349999999999988,84,0,0,0,0,0,0,0,0,0,0
7.399999999999988,95,0,0,0,0,0,0,0,0,0,0
7.449999999999988,94,0,0,0,0,0,0,0,0,0,0
7.499999999999988,97,0,0,0,0,0,0,0,0,0,0
7.549999999999987,103,0,0,0,0,0,0,0,0,0,0
7.599999999999987,101,0,0,0,0,0,0,0,0,0,0
7.649999999999987,83,0,0,0,0,0,0,0,0,0,0
7.699999999999987,94,0,0,0,0,0,0,0,0,0,0
7.749999999999987,101,0,0,0,0,0,0,0,0,0,0
7.7999999999999865,92,0,0,0,0,0,0,0,0,0,0
7.849999999999986,99,0,0,0,0,0,0,0,0,0,0
7.899999999999986,104,0,0,0,0,0,0,0,0,0,0
7.949999999999986,94,0,0,0,0,0,0,0,0,0,0
7.999999999999986,87,0,0,0,0,0,0,0,0,0,0
8.049999999999986,84,0,0,0,0,0,0,0,0,0,0
8.099999999999987,68,0,0,0,0,0,0,0,0,0,0
8.149999999999988,54,0,0,0,0,0,0,0,0,0,0
8.199999999999989,46,0,0,0,0,0,0,0,0,0,0
8.24999999999999,35,0,0,0,0,0,0,0,0,0,0
8.29999999999999,14,0,0,0,0,0,0,0,0,0,0
8.34999999999999,8,0,0,0,0,0,0,0,0,0,0
8.399999999999991,0,0,0,0,0,0,0,0,0,0,0
8.449999999999992,0,0,0,0,0,0,0,0,0,0,0
8.499999999999993,0,0,0,0,0,0,0,0,0,0,0
8.549999999999994,0,0,0,0,0,0,0,0,0,0,0
8.599999999999994,0,0,0,0,0,0,0,0,0,0,0
8.649999999999995,0,0,0,0,0,0,0,0,0,0,0
8.699999999999996,0,0,0,0,0,0,0,0,0,0,0
8.749999999999996,0,0,0,0,0,0,0,0,0,0,0
8.799999999999997,0,0,0,0,0,0,0,0,0,0,0
8.849999999999998,0,0,0,0,0,0,0,0,0,0,0
8.899999999999999,0,0,0,0,0,0,0,0,0,0,0
8.95,0,0,0,0,0,0,0,0,0,0,0
9.0,0,0,0,0,0,0,0,0,0,0,0
9.05,0,0,0,0,0,0,0,0,0,0,0
9.100000000000001,0,0,0,0,0,0,0,0,0,0,0
9.150000000000002,0,0,0,0,0,0,0,0,0,0,0
9.200000000000003,0,0,0,0,0,0,0,0,0,0,0
9.250000000000004,0,0,0,0,0,0,0,0,0,0,0
9.300000000000004,0,0,0,0,0,0,0,0,0,0,0
9.350000000000005,0,0,0,0,0,0,0,0,0,0,0
9.400000000000006,0,0,0,0,0,0,0,0,0,0,0
9.450000000000006,0,0,0,0,0,0,0,0,0,0,0
9.500000000000007,0,0,0,0,0,0,0,0,0,0,0
9.550000000000008,0,0,0,0,0,0,0,0,0,0,0
9.600000000000009,0,0,0,0,0,0,0,0,0,0,0
9.65000000000001,0,0,0,0,0,0,0,0,0,0,0
9.70000000000001,0,0,0,0,0,0,0,0,0,0,0
9.75000000000001,0,0,0,0,0,0,0,0,0,0,0
9.800000000000011,0,0,0,0,0,0,0,0,0,0,0
9.850000000000012,0,0,0,0,0,0,0,0,0,0,0
9.900000000000013,0,0,0,0,0,0,0,0,0,0,0
9.950000000000014,0,0,0,0,0,0,0,0,0,0,0
10.000000000000014,0,0,0,0,0,0,0,0,0,0,0
10.050000000000015,0,0,0,0,0,0,0,0,0,0,0
10.100000000000016,0,0,0,0,0,0,0,0,0,0,0
10.150000000000016,0,0,0,0,0,0,0,0,0,0,0
10.200000000000017,0,0,0,0,0,0,0,0,0,0,0
10.250000000000018,0,0,0,0,0,0,0,0,0,0,0
10.300000000000018,0,0,0,0,0,0,0,0,0,0,0
10.35000000000002,0,0,0,0,0,0,0,0,0,0,0
*****
4,0.05,100,0.3,0.7,10,100,0.261843996326,0.0853672733114
4,100,98,98,94,98,0,0,0,0,0,0
4.05,106,101,101,98,101,0,0,0,0,0,0
4.1,84,81,82,80,81,0,0,0,0,0,0
4.1499999999999995,87,77,79,80,78,0,0,0,0,0,0
4.199999999999999,76,67,67,71,69,0,0,0,0,0,0
4.249999999999999,76,73,73,73,73,0,0,0,0,0,0
4.299999999999999,79,78,78,77,78,0,0,0,0,0,0
4.349999999999999,80,77,77,76,78,0,0,0,0,0,0
4.399999999999999,102,96,95,92,97,0,0,0,0,0,0
4.449999999999998,100,94,96,98,96,0,0,0,0,0,0
4.499999999999998,93,79,81,80,82,0,0,0,0,0,0
4.549999999999998,95,81,83,87,83,0,0,0,0,0,0
4.599999999999998,71,61,60,64,62,0,0,0,0,0,0
4.649999999999998,88,77,80,78,81,0,0,0,0,0,0
4.6999999999999975,86,67,70,71,74,0,0,0,0,0,0
4.749999999999997,73,55,60,63,61,0,0,0,0,0,0
4.799999999999997,85,65,70,73,72,0,0,0,0,0,0
4.849999999999997,102,63,68,78,71,0,0,0,0,0,0
4.899999999999997,100,55,59,64,61,0,0,0,0,0,0
4.949999999999997,82,50,51,54,53,0,0,0,0,0,0
4.9999999999999964,84,41,42,43,44,0,0,0,0,0,0
5.049999999999996,85,33,36,41,38,0,0,0,0,0,0
5.099999999999996,92,45,45,49,48,0,0,0,0,0,0
5.149999999999996,96,35,35,40,37,0,0,0,0,0,0
5.199999999999996,80,18,18,21,18,0,0,0,0,0,0
5.249999999999996,82,22,20,26,23,0,0,0,0,0,0
5.299999999999995,74,9,11,16,11,0,0,0,0,0,0
5.349999999999995,95,14,15,21,15,0,0,0,0,0,0
5.399999999999995,94,11,12,13,13,0,0,0,0,0,0
5.449999999999995,92,6,7,12,7,0,0,0,0,0,0
5.499999999999995,88,6,7,10,7,0,0,0,0,0,0
5.5499999999999945,71,2,5,5,5,0,0,0,0,0,0
5.599999999999994,110,6,6,6,6,0,0,0,0,0,0
5.649999999999994,89,5,5,5,5,0,0,0,0,0,0
5.699999999999994,83,3,3,2,3,0,0,0,0,0,0
5.749999999999994,88,1,1,1,1,0,0,0,0,0,0
5.799999999999994,78,1,1,2,1,0,0,0,0,0,0
5.849999999999993,92,0,0,0,0,0,0,0,0,0,0
5.899999999999993,90,0,0,0,0,0,0,0,0,0,0
5.949999999999993,74,0,0,0,0,0,0,0,0,0,0
5.999999999999993,84,0,0,0,0,0,0,0,0,0,0
6.049999999999993,116,0,0,0,0,0,0,0,0,0,0
6.0999999999999925,83,0,0,0,0,0,0,0,0,0,0
6.149999999999992,79,0,0,0,0,0,0,0,0,0,0
6.199999999999992,100,0,0,0,0,0,0,0,0,0,0
6.249999999999992,88,0,0,0,0,0,0,0,0,0,0
6.299999999999992,78,0,0,0,0,0,0,0,0,0,0
6.349999999999992,84,0,0,0,0,0,0,0,0,0,0
6.3999999999999915,95,0,0,0,0,0,0,0,0,0,0
6.449999999999991,88,0,0,0,0,0,0,0,0,0,0
6.499999999999991,90,0,0,0,0,0,0,0,0,0,0
6.549999999999991,89,0,0,0,0,0,0,0,0,0,0
6.599999999999991,79,0,0,0,0,0,0,0,0,0,0
6.649999999999991,89,0,0,0,0,0,0,0,0,0,0
6.69999999999999,86,0,0,0,0,0,0,0,0,0,0
6.74999999999999,89,0,0,0,0,0,0,0,0,0,0
6.79999999999999,103,0,0,0,0,0,0,0,0,0,0
6.84999999999999,95,0,0,0,0,0,0,0,0,0,0
6.89999999999999,90,0,0,0,0,0,0,0,0,0,0
6.9499999999999895,87,0,0,0,0,0,0,0,0,0,0
6.999999999999989,78,0,0,0,0,0,0,0,0,0,0
7.049999999999989,81,0,0,0,0,0,0,0,0,0,0
7.099999999999989,81,0,0,0,0,0,0,0,0,0,0
7.149999999999989,101,0,0,0,0,0,0,0,0,0,0
7.199999999999989,95,0,0,0,0,0,0,0,0,0,0
7.2499999999999885,88,0,0,0,0,0,0,0,0,0,0
7.299999999999988,73,0,0,0,0,0,0,0,0,0,0
7.349999999999988,97,0,0,0,0,0,0,0,0,0,0
7.399999999999988,90,0,0,0,0,0,0,0,0,0,0
7.449999999999988,91,0,0,0,0,0,0,0,0,0,0
7.499999999999988,91,0,0,0,0,0,0,0,0,0,0
7.549999999999987,79,0,0,0,0,0,0,0,0,0,0
7.599999999999987,89,0,0,0,0,0,0,0,0,0,0
7.649999999999987,102,0,0,0,0,0,0,0,0,0,0
7.699999999999987,85,0,0,0,0,0,0,0,0,0,0
7.749999999999987,78,0,0,0,0,0,0,0,0,0,0
7.7999999999999865,87,0,0,0,0,0,0,0,0,0,0
7.849999999999986,80,0,0,0,0,0,0,0,0,0,0
7.899999999999986,102,0,0,0,0,0,0,0,0,0,0
7.949999999999986,81,0,0,0,0,0,0,0,0,0,0
7.999999999999986,86,0,0,0,0,0,0,0,0,0,0
8.049999999999986,90,0,0,0,0,0,0,0,0,0,0
8.099999999999987,82,0,0,0,0,0,0,0,0,0,0
8.149999999999988,95,0,0,0,0,0,0,0,0,0,0
8.199999999999989,92,0,0,0,0,0,0,0,0,0,0
8.24999999999999,102,0,0,0,0,0,0,0,0,0,0
8.29999999999999,87,0,0,0,0,0,0,0,0,0,0
8.34999999999999,68,0,0,0,0,0,0,0,0,0,0
8.399999999999991,49,0,0,0,0,0,0,0,0,0,0
8.449999999999992,38,0,0,0,0,0,0,0,0,0,0
8.499999999999993,48,0,0,0,0,0,0,0,0,0,0
8.549999999999994,30,0,0,0,0,0,0,0,0,0,0
8.599999999999994,13,0,0,0,0,0,0,0,0,0,0
8.649999999999995,5,0,0,0,0,0,0,0,0,0,0
8.699999999999996,0,0,0,0,0,0,0,0,0,0,0
8.749999999999996,0,0,0,0,0,0,0,0,0,0,0
8.799999999999997,0,0,0,0,0,0,0,0,0,0,0
8.849999999999998,0,0,0,0,0,0,0,0,0,0,0
8.899999999999999,0,0,0,0,0,0,0,0,0,0,0
8.95,0,0,0,0,0,0,0,0,0,0,0
9.0,0,0,0,0,0,0,0,0,0,0,0
9.05,0,0,0,0,0,0,0,0,0,0,0
9.100000000000001,0,0,0,0,0,0,0,0,0,0,0
9.150000000000002,0,0,0,0,0,0,0,0,0,0,0
9.200000000000003,0,0,0,0,0,0,0,0,0,0,0
9.250000000000004,0,0,0,0,0,0,0,0,0,0,0
9.300000000000004,0,0,0,0,0,0,0,0,0,0,0
9.350000000000005,0,0,0,0,0,0,0,0,0,0,0
9.400000000000006,0,0,0,0,0,0,0,0,0,0,0
9.450000000000006,0,0,0,0,0,0,0,0,0,0,0
9.500000000000007,0,0,0,0,0,0,0,0,0,0,0
9.550000000000008,0,0,0,0,0,0,0,0,0,0,0
9.600000000000009,0,0,0,0,0,0,0,0,0,0,0
9.65000000000001,0,0,0,0,0,0,0,0,0,0,0
9.70000000000001,0,0,0,0,0,0,0,0,0,0,0
9.75000000000001,0,0,0,0,0,0,0,0,0,0,0
9.800000000000011,0,0,0,0,0,0,0,0,0,0,0
9.850000000000012,0,0,0,0,0,0,0,0,0,0,0
9.900000000000013,0,0,0,0,0,0,0,0,0,0,0
9.950000000000014,0,0,0,0,0,0,0,0,0,0,0
10.000000000000014,0,0,0,0,0,0,0,0,0,0,0
10.050000000000015,0,0,0,0,0,0,0,0,0,0,0
10.100000000000016,0,0,0,0,0,0,0,0,0,0,0
10.150000000000016,0,0,0,0,0,0,0,0,0,0,0
10.200000000000017,0,0,0,0,0,0,0,0,0,0,0
10.250000000000018,0,0,0,0,0,0,0,0,0,0,0
10.300000000000018,0,0,0,0,0,0,0,0,0,0,0
10.35000000000002,0,0,0,0,0,0,0,0,0,0,0
*****
4,0.05,100,0.6,1,10,100,0.261843996326,0.0853672733114
4,100,1,1,1,1,0,0,0,0,0,0
4.05,91,2,2,1,2,0,0,0,0,0,0
4.1,79,1,4,4,4,0,0,0,0,0,0
4.1499999999999995,77,4,4,4,4,0,0,0,0,0,0
4.199999999999999,81,6,5,5,5,0,0,0,0,0,0
4.249999999999999,54,3,4,4,4,0,0,0,0,0,0
4.299999999999999,49,10,11,9,11,0,0,0,0,0,0
4.349999999999999,57,7,10,13,10,0,0,0,0,0,0
4.399999999999999,66,8,11,7,11,0,0,0,0,0,0
4.449999999999998,49,3,5,7,5,0,0,0,0,0,0
4.499999999999998,65,4,8,14,8,0,0,0,0,0,0
4.549999999999998,62,4,3,10,3,0,0,0,0,0,0
4.599999999999998,74,5,5,10,5,0,0,0,0,0,0
4.649999999999998,88,3,4,4,4,0,0,0,0,0,0
4.6999999999999975,73,2,2,1,2,0,0,0,0,0,0
4.749999999999997,80,0,1,1,1,0,0,0,0,0,0
4.799999999999997,85,1,1,1,1,0,0,0,0,0,0
4.849999999999997,79,0,1,1,1,0,0,0,0,0,0
4.899999999999997,76,0,0,0,0,0,0,0,0,0,0
4.949999999999997,63,2,2,2,2,0,0,0,0,0,0
4.9999999999999964,79,0,0,0,0,0,0,0,0,0,0
5.049999999999996,80,0,0,0,0,0,0,0,0,0,0
5.099999999999996,55,0,1,1,1,0,0,0,0,0,0
5.149999999999996,57,0,0,0,0,0,0,0,0,0,0
5.199999999999996,53,0,0,0,0,0,0,0,0,0,0
5.249999999999996,50,0,0,0,0,0,0,0,0,0,0
5.299999999999995,71,0,0,0,0,0,0,0,0,0,0
5.349999999999995,65,0,0,0,0,0,0,0,0,0,0
5.399999999999995,79,0,0,0,0,0,0,0,0,0,0
5.449999999999995,80,0,0,0,0,0,0,0,0,0,0
5.499999999999995,68,0,0,0,0,0,0,0,0,0,0
5.5499999999999945,78,0,0,0,0,0,0,0,0,0,0
5.599999999999994,69,0,0,0,0,0,0,0,0,0,0
5.649999999999994,77,0,0,0,0,0,0,0,0,0,0
5.699999999999994,90,0,0,0,0,0,0,0,0,0,0
5.749999999999994,88,0,0,0,0,0,0,0,0,0,0
5.799999999999994,55,0,0,0,0,0,0,0,0,0,0
5.849999999999993,62,0,0,0,0,0,0,0,0,0,0
5.899999999999993,66,0,0,0,0,0,0,0,0,0,0
5.949999999999993,70,0,0,0,0,0,0,0,0,0,0
5.999999999999993,51,0,0,0,0,0,0,0,0,0,0
6.049999999999993,66,0,0,0,0,0,0,0,0,0,0
6.0999999999999925,75,0,0,0,0,0,0,0,0,0,0
6.149999999999992,66,0,0,0,0,0,0,0,0,0,0
6.199999999999992,71,0,0,0,0,0,0,0,0,0,0
6.249999999999992,74,0,0,0,0,0,0,0,0,0,0
6.299999999999992,70,0,0,0,0,0,0,0,0,0,0
6.349999999999992,73,0,0,0,0,0,0,0,0,0,0
6.3999999999999915,76,0,0,0,0,0,0,0,0,0,0
6.449999999999991,80,0,0,0,0,0,0,0,0,0,0
6.499999999999991,66,0,0,0,0,0,0,0,0,0,0
6.549999999999991,68,0,0,0,0,0,0,0,0,0,0
6.599999999999991,91,0,0,0,0,0,0,0,0,0,0
6.649999999999991,71,0,0,0,0,0,0,0,0,0,0
6.69999999999999,63,0,0,0,0,0,0,0,0,0,0
6.74999999999999,76,0,0,0,0,0,0,0,0,0,0
6.79999999999999,68,0,0,0,0,0,0,0,0,0,0
6.84999999999999,64,0,0,0,0,0,0,0,0,0,0
6.89999999999999,46,0,0,0,0,0,0,0,0,0,0
6.9499999999999895,67,0,0,0,0,0,0,0,0,0,0
6.999999999999989,73,0,0,0,0,0,0,0,0,0,0
7.049999999999989,61,0,0,0,0,0,0,0,0,0,0
7.099999999999989,75,0,0,0,0,0,0,0,0,0,0
7.149999999999989,62,0,0,0,0,0,0,0,0,0,0
7.199999999999989,85,0,0,0,0,0,0,0,0,0,0
7.2499999999999885,76,0,0,0,0,0,0,0,0,0,0
7.299999999999988,91,0,0,0,0,0,0,0,0,0,0
7.349999999999988,70,0,0,0,0,0,0,0,0,0,0
7.399999999999988,78,0,0,0,0,0,0,0,0,0,0
7.449999999999988,60,0,0,0,0,0,0,0,0,0,0
7.499999999999988,69,0,0,0,0,0,0,0,0,0,0
7.549999999999987,59,0,0,0,0,0,0,0,0,0,0
7.599999999999987,80,0,0,0,0,0,0,0,0,0,0
7.649999999999987,71,0,0,0,0,0,0,0,0,0,0
7.699999999999987,55,0,0,0,0,0,0,0,0,0,0
7.749999999999987,49,0,0,0,0,0,0,0,0,0,0
7.7999999999999865,76,0,0,0,0,0,0,0,0,0,0
7.849999999999986,77,0,0,0,0,0,0,0,0,0,0
7.899999999999986,71,0,0,0,0,0,0,0,0,0,0
7.949999999999986,72,0,0,0,0,0,0,0,0,0,0
7.999999999999986,84,0,0,0,0,0,0,0,0,0,0
8.049999999999986,68,0,0,0,0,0,0,0,0,0,0
8.099999999999987,85,0,0,0,0,0,0,0,0,0,0
8.149999999999988,54,0,0,0,0,0,0,0,0,0,0
8.199999999999989,70,0,0,0,0,0,0,0,0,0,0
8.24999999999999,82,0,0,0,0,0,0,0,0,0,0
8.29999999999999,60,0,0,0,0,0,0,0,0,0,0
8.34999999999999,77,0,0,0,0,0,0,0,0,0,0
8.399999999999991,69,0,0,0,0,0,0,0,0,0,0
8.449999999999992,68,0,0,0,0,0,0,0,0,0,0
8.499999999999993,58,0,0,0,0,0,0,0,0,0,0
8.549999999999994,69,0,0,0,0,0,0,0,0,0,0
8.599999999999994,59,0,0,0,0,0,0,0,0,0,0
8.649999999999995,47,0,0,0,0,0,0,0,0,0,0
8.699999999999996,45,0,0,0,0,0,0,0,0,0,0
8.749999999999996,45,0,0,0,0,0,0,0,0,0,0
8.799999999999997,33,0,0,0,0,0,0,0,0,0,0
8.849999999999998,34,0,0,0,0,0,0,0,0,0,0
8.899999999999999,11,0,0,0,0,0,0,0,0,0,0
8.95,6,0,0,0,0,0,0,0,0,0,0
9.0,0,0,0,0,0,0,0,0,0,0,0
9.05,0,0,0,0,0,0,0,0,0,0,0
9.100000000000001,0,0,0,0,0,0,0,0,0,0,0
9.150000000000002,0,0,0,0,0,0,0,0,0,0,0
9.200000000000003,0,0,0,0,0,0,0,0,0,0,0
9.250000000000004,0,0,0,0,0,0,0,0,0,0,0
9.300000000000004,0,0,0,0,0,0,0,0,0,0,0
9.350000000000005,0,0,0,0,0,0,0,0,0,0,0
9.400000000000006,0,0,0,0,0,0,0,0,0,0,0
9.450000000000006,0,0,0,0,0,0,0,0,0,0,0
9.500000000000007,0,0,0,0,0,0,0,0,0,0,0
9.550000000000008,0,0,0,0,0,0,0,0,0,0,0
9.600000000000009,0,0,0,0,0,0,0,0,0,0,0
9.65000000000001,0,0,0,0,0,0,0,0,0,0,0
9.70000000000001,0,0,0,0,0,0,0,0,0,0,0
9.75000000000001,0,0,0,0,0,0,0,0,0,0,0
9.800000000000011,0,0,0,0,0,0,0,0,0,0,0
9.850000000000012,0,0,0,0,0,0,0,0,0,0,0
9.900000000000013,0,0,0,0,0,0,0,0,0,0,0
9.950000000000014,0,0,0,0,0,0,0,0,0,0,0
10.000000000000014,0,0,0,0,0,0,0,0,0,0,0
10.050000000000015,0,0,0,0,0,0,0,0,0,0,0
10.100000000000016,0,0,0,0,0,0,0,0,0,0,0
10.150000000000016,0,0,0,0,0,0,0,0,0,0,0
10.200000000000017,0,0,0,0,0,0,0,0,0,0,0
10.250000000000018,0,0,0,0,0,0,0,0,0,0,0
10.300000000000018,0,0,0,0,0,0,0,0,0,0,0
10.35000000000002,0,0,0,0,0,0,0,0,0,0,0
