*****
4,0.05,1000,0,1,10,100,0.39276599448899996,0.0426836366557
4,1000,909,937,870,910,0,0,0,0,0,0
4.05,987,915,918,882,914,0,0,0,0,0,0
4.1,1021,936,952,908,939,0,0,0,0,0,0
4.1499999999999995,1012,905,913,872,906,0,0,0,0,0,0
4.199999999999999,981,853,872,831,866,0,0,0,0,0,0
4.249999999999999,970,862,874,850,877,0,0,0,0,0,0
4.299999999999999,1034,870,889,870,893,0,0,0,0,0,0
4.349999999999999,940,788,800,799,805,0,0,0,0,0,0
4.399999999999999,975,779,791,799,798,0,0,0,0,0,0
4.449999999999998,916,710,715,732,738,0,0,0,0,0,0
4.499999999999998,928,669,679,686,690,0,0,0,0,0,0
4.549999999999998,926,662,667,681,687,0,0,0,0,0,0
4.599999999999998,872,589,587,618,617,0,0,0,0,0,0
4.649999999999998,861,558,550,576,582,0,0,0,0,0,0
4.6999999999999975,872,533,533,555,562,0,0,0,0,0,0
4.749999999999997,859,495,484,536,522,0,0,0,0,0,0
4.799999999999997,820,432,432,472,458,0,0,0,0,0,0
4.849999999999997,796,371,363,400,395,0,0,0,0,0,0
4.899999999999997,797,382,380,407,408,0,0,0,0,0,0
4.949999999999997,732,313,306,336,332,0,0,0,0,0,0
4.9999999999999964,718,284,287,320,312,0,0,0,0,0,0
5.049999999999996,658,221,223,250,243,0,0,0,0,0,0
5.099999999999996,659,220,214,243,230,0,0,0,0,0,0
5.149999999999996,563,163,151,183,173,0,0,0,0,0,0
5.199999999999996,582,165,153,173,173,0,0,0,0,0,0
5.249999999999996,518,129,125,146,140,0,0,0,0,0,0
5.299999999999995,506,117,108,127,126,0,0,0,0,0,0
5.349999999999995,481,96,99,110,107,0,0,0,0,0,0
5.399999999999995,440,86,86,93,93,0,0,0,0,0,0
5.449999999999995,400,67,58,80,75,0,0,0,0,0,0
5.499999999999995,366,50,50,60,53,0,0,0,0,0,0
5.5499999999999945,313,35,30,38,37,0,0,0,0,0,0
5.599999999999994,264,33,30,36,35,0,0,0,0,0,0
5.649999999999994,249,28,25,30,28,0,0,0,0,0,0
5.699999999999994,205,22,18,25,26,0,0,0,0,0,0
5.749999999999994,205,24,22,27,26,0,0,0,0,0,0
5.799999999999994,181,14,15,16,15,0,0,0,0,0,0
5.849999999999993,134,11,8,11,11,0,0,0,0,0,0
5.899999999999993,136,5,4,6,5,0,0,0,0,0,0
5.949999999999993,106,4,4,6,5,0,0,0,0,0,0
5.999999999999993,94,4,4,5,5,0,0,0,0,0,0
6.049999999999993,69,2,2,3,3,0,0,0,0,0,0
6.0999999999999925,66,1,1,1,1,0,0,0,0,0,0
6.149999999999992,60,4,5,5,5,0,0,0,0,0,0
6.199999999999992,43,0,1,2,1,0,0,0,0,0,0
6.249999999999992,44,1,1,1,1,0,0,0,0,0,0
6.299999999999992,31,0,0,0,0,0,0,0,0,0,0
6.349999999999992,31,0,0,0,0,0,0,0,0,0,0
6.3999999999999915,19,0,0,0,0,0,0,0,0,0,0
6.449999999999991,18,0,0,0,0,0,0,0,0,0,0
6.499999999999991,8,0,0,0,0,0,0,0,0,0,0
6.549999999999991,11,0,0,0,0,0,0,0,0,0,0
6.599999999999991,8,0,0,0,0,0,0,0,0,0,0
6.649999999999991,5,0,0,0,0,0,0,0,0,0,0
6.69999999999999,5,0,0,0,0,0,0,0,0,0,0
6.74999999999999,3,0,0,0,0,0,0,0,0,0,0
6.79999999999999,1,0,0,0,0,0,0,0,0,0,0
6.84999999999999,4,0,0,0,0,0,0,0,0,0,0
6.89999999999999,1,0,0,0,0,0,0,0,0,0,0
6.9499999999999895,2,0,0,0,0,0,0,0,0,0,0
*****
4,0.05,1000,0,0.4,10,100,0.39276599448899996,0.0426836366557
4,1000,1000,997,1000,1000,0,0,0,0,0,0
4.05,1041,1041,1037,1041,1041,0,0,0,0,0,0
4.1,1024,1024,1018,1023,1024,0,0,0,0,0,0
4.1499999999999995,1103,1103,1094,1101,1103,0,0,0,0,0,0
4.199999999999999,940,940,933,938,940,0,0,0,0,0,0
4.249999999999999,1001,1001,995,999,1001,0,0,0,0,0,0
4.299999999999999,980,980,960,979,980,0,0,0,0,0,0
4.349999999999999,1023,1023,991,1018,1023,0,0,0,0,0,0
4.399999999999999,1057,1057,1016,1054,1057,0,0,0,0,0,0
4.449999999999998,1025,1024,971,1020,1025,0,0,0,0,0,0
4.499999999999998,1046,1046,957,1043,1046,0,0,0,0,0,0
4.549999999999998,1058,1053,940,1051,1055,0,0,0,0,0,0
4.599999999999998,1045,1039,921,1039,1040,0,0,0,0,0,0
4.649999999999998,1046,1036,877,1029,1037,0,0,0,0,0,0
4.6999999999999975,975,955,809,954,959,0,0,0,0,0,0
4.749999999999997,1027,1004,797,1004,1007,0,0,0,0,0,0
4.799999999999997,1046,997,760,1005,1004,0,0,0,0,0,0
4.849999999999997,1015,941,690,942,947,0,0,0,0,0,0
4.899999999999997,989,903,613,917,913,0,0,0,0,0,0
4.949999999999997,982,882,582,898,896,0,0,0,0,0,0
4.9999999999999964,954,815,535,835,835,0,0,0,0,0,0
5.049999999999996,972,804,490,817,817,0,0,0,0,0,0
5.099999999999996,962,736,435,771,763,0,0,0,0,0,0
5.149999999999996,869,618,355,639,631,0,0,0,0,0,0
5.199999999999996,834,535,282,556,553,0,0,0,0,0,0
5.249999999999996,835,509,257,549,541,0,0,0,0,0,0
5.299999999999995,703,399,203,422,414,0,0,0,0,0,0
5.349999999999995,687,337,170,373,353,0,0,0,0,0,0
5.399999999999995,584,263,124,291,282,0,0,0,0,0,0
5.449999999999995,555,257,130,280,267,0,0,0,0,0,0
5.499999999999995,443,166,78,185,177,0,0,0,0,0,0
5.5499999999999945,394,131,61,144,137,0,0,0,0,0,0
5.599999999999994,298,80,29,88,86,0,0,0,0,0,0
5.649999999999994,278,61,28,69,63,0,0,0,0,0,0
5.699999999999994,178,38,12,40,41,0,0,0,0,0,0
5.749999999999994,182,34,9,39,38,0,0,0,0,0,0
5.799999999999994,134,15,7,18,15,0,0,0,0,0,0
5.849999999999993,105,23,12,25,24,0,0,0,0,0,0
5.899999999999993,66,5,3,6,6,0,0,0,0,0,0
5.949999999999993,32,4,3,5,5,0,0,0,0,0,0
5.999999999999993,36,3,1,4,3,0,0,0,0,0,0
6.049999999999993,21,0,0,0,0,0,0,0,0,0,0
6.0999999999999925,10,0,0,0,0,0,0,0,0,0,0
6.149999999999992,7,2,0,2,2,0,0,0,0,0,0
6.199999999999992,4,0,0,0,0,0,0,0,0,0,0
6.249999999999992,3,0,0,0,0,0,0,0,0,0,0
6.299999999999992,4,0,0,0,0,0,0,0,0,0,0
6.349999999999992,2,0,0,0,0,0,0,0,0,0,0
6.3999999999999915,0,0,0,0,0,0,0,0,0,0,0
6.449999999999991,0,0,0,0,0,0,0,0,0,0,0
6.499999999999991,0,0,0,0,0,0,0,0,0,0,0
6.549999999999991,0,0,0,0,0,0,0,0,0,0,0
6.599999999999991,0,0,0,0,0,0,0,0,0,0,0
6.649999999999991,0,0,0,0,0,0,0,0,0,0,0
6.69999999999999,0,0,0,0,0,0,0,0,0,0,0
6.74999999999999,0,0,0,0,0,0,0,0,0,0,0
6.79999999999999,0,0,0,0,0,0,0,0,0,0,0
6.84999999999999,0,0,0,0,0,0,0,0,0,0,0
6.89999999999999,0,0,0,0,0,0,0,0,0,0,0
6.9499999999999895,0,0,0,0,0,0,0,0,0,0,0
