*****
4,0.05,1000,0,1,10,100,0.130921998163,0.0426836366557
4,1000,933,933,885,932,0,0,0,0,0,0
4.05,928,862,862,811,862,0,0,0,0,0,0
4.1,915,846,847,800,847,0,0,0,0,0,0
4.1499999999999995,947,865,873,834,874,0,0,0,0,0,0
4.199999999999999,969,861,872,825,871,0,0,0,0,0,0
4.249999999999999,941,788,808,791,808,0,0,0,0,0,0
4.299999999999999,960,777,795,776,795,0,0,0,0,0,0
4.349999999999999,956,738,765,733,765,0,0,0,0,0,0
4.399999999999999,962,710,734,724,734,0,0,0,0,0,0
4.449999999999998,945,616,657,623,657,0,0,0,0,0,0
4.499999999999998,930,578,610,605,610,0,0,0,0,0,0
4.549999999999998,998,512,552,553,552,0,0,0,0,0,0
4.599999999999998,979,457,491,494,492,0,0,0,0,0,0
4.649999999999998,987,398,419,430,419,0,0,0,0,0,0
4.6999999999999975,1010,362,386,397,386,0,0,0,0,0,0
4.749999999999997,933,273,291,301,291,0,0,0,0,0,0
4.799999999999997,974,228,246,266,246,0,0,0,0,0,0
4.849999999999997,1004,213,233,241,233,0,0,0,0,0,0
4.899999999999997,951,147,170,175,171,0,0,0,0,0,0
4.949999999999997,949,127,135,149,135,0,0,0,0,0,0
4.9999999999999964,911,73,81,91,82,0,0,0,0,0,0
5.049999999999996,928,62,66,80,67,0,0,0,0,0,0
5.099999999999996,941,58,62,68,62,0,0,0,0,0,0
5.149999999999996,965,39,44,48,44,0,0,0,0,0,0
5.199999999999996,966,33,35,42,35,0,0,0,0,0,0
5.249999999999996,961,27,31,37,31,0,0,0,0,0,0
5.299999999999995,968,15,16,18,16,0,0,0,0,0,0
5.349999999999995,976,12,13,16,13,0,0,0,0,0,0
5.399999999999995,950,9,9,10,9,0,0,0,0,0,0
5.449999999999995,942,6,6,8,6,0,0,0,0,0,0
5.499999999999995,995,3,4,4,4,0,0,0,0,0,0
5.5499999999999945,907,1,1,1,1,0,0,0,0,0,0
5.599999999999994,929,3,3,3,3,0,0,0,0,0,0
5.649999999999994,925,1,1,1,1,0,0,0,0,0,0
5.699999999999994,977,1,2,2,2,0,0,0,0,0,0
5.749999999999994,958,0,0,0,0,0,0,0,0,0,0
5.799999999999994,928,0,0,0,0,0,0,0,0,0,0
5.849999999999993,989,0,0,0,0,0,0,0,0,0,0
5.899999999999993,979,0,0,0,0,0,0,0,0,0,0
5.949999999999993,973,0,0,0,0,0,0,0,0,0,0
5.999999999999993,944,0,0,0,0,0,0,0,0,0,0
6.049999999999993,932,0,0,0,0,0,0,0,0,0,0
6.0999999999999925,934,0,0,0,0,0,0,0,0,0,0
6.149999999999992,937,0,0,0,0,0,0,0,0,0,0
6.199999999999992,973,0,0,0,0,0,0,0,0,0,0
6.249999999999992,1010,0,0,0,0,0,0,0,0,0,0
6.299999999999992,982,0,0,0,0,0,0,0,0,0,0
6.349999999999992,985,0,0,0,0,0,0,0,0,0,0
6.3999999999999915,943,0,0,0,0,0,0,0,0,0,0
6.449999999999991,973,0,0,0,0,0,0,0,0,0,0
6.499999999999991,993,0,0,0,0,0,0,0,0,0,0
6.549999999999991,925,0,0,0,0,0,0,0,0,0,0
6.599999999999991,976,0,0,0,0,0,0,0,0,0,0
6.649999999999991,953,0,0,0,0,0,0,0,0,0,0
6.69999999999999,990,0,0,0,0,0,0,0,0,0,0
6.74999999999999,976,0,0,0,0,0,0,0,0,0,0
6.79999999999999,1000,0,0,0,0,0,0,0,0,0,0
6.84999999999999,938,0,0,0,0,0,0,0,0,0,0
6.89999999999999,966,0,0,0,0,0,0,0,0,0,0
6.9499999999999895,959,0,0,0,0,0,0,0,0,0,0
6.999999999999989,967,0,0,0,0,0,0,0,0,0,0
7.049999999999989,935,0,0,0,0,0,0,0,0,0,0
7.099999999999989,916,0,0,0,0,0,0,0,0,0,0
7.149999999999989,973,0,0,0,0,0,0,0,0,0,0
7.199999999999989,983,0,0,0,0,0,0,0,0,0,0
7.2499999999999885,1003,0,0,0,0,0,0,0,0,0,0
7.299999999999988,946,0,0,0,0,0,0,0,0,0,0
7.349999999999988,957,0,0,0,0,0,0,0,0,0,0
7.399999999999988,952,0,0,0,0,0,0,0,0,0,0
7.449999999999988,993,0,0,0,0,0,0,0,0,0,0
7.499999999999988,944,0,0,0,0,0,0,0,0,0,0
7.549999999999987,918,0,0,0,0,0,0,0,0,0,0
7.599999999999987,941,0,0,0,0,0,0,0,0,0,0
7.649999999999987,954,0,0,0,0,0,0,0,0,0,0
7.699999999999987,958,0,0,0,0,0,0,0,0,0,0
7.749999999999987,961,0,0,0,0,0,0,0,0,0,0
7.7999999999999865,1015,0,0,0,0,0,0,0,0,0,0
7.849999999999986,999,0,0,0,0,0,0,0,0,0,0
7.899999999999986,968,0,0,0,0,0,0,0,0,0,0
7.949999999999986,948,0,0,0,0,0,0,0,0,0,0
7.999999999999986,985,0,0,0,0,0,0,0,0,0,0
8.049999999999986,917,0,0,0,0,0,0,0,0,0,0
8.099999999999987,784,0,0,0,0,0,0,0,0,0,0
8.149999999999988,840,0,0,0,0,0,0,0,0,0,0
8.199999999999989,720,0,0,0,0,0,0,0,0,0,0
8.24999999999999,719,0,0,0,0,0,0,0,0,0,0
8.29999999999999,638,0,0,0,0,0,0,0,0,0,0
8.34999999999999,564,0,0,0,0,0,0,0,0,0,0
8.399999999999991,533,0,0,0,0,0,0,0,0,0,0
8.449999999999992,493,0,0,0,0,0,0,0,0,0,0
8.499999999999993,452,0,0,0,0,0,0,0,0,0,0
8.549999999999994,431,0,0,0,0,0,0,0,0,0,0
8.599999999999994,350,0,0,0,0,0,0,0,0,0,0
8.649999999999995,300,0,0,0,0,0,0,0,0,0,0
8.699999999999996,259,0,0,0,0,0,0,0,0,0,0
8.749999999999996,210,0,0,0,0,0,0,0,0,0,0
8.799999999999997,189,0,0,0,0,0,0,0,0,0,0
8.849999999999998,114,0,0,0,0,0,0,0,0,0,0
8.899999999999999,66,0,0,0,0,0,0,0,0,0,0
8.95,32,0,0,0,0,0,0,0,0,0,0
9.0,0,0,0,0,0,0,0,0,0,0,0
9.05,0,0,0,0,0,0,0,0,0,0,0
9.100000000000001,0,0,0,0,0,0,0,0,0,0,0
9.150000000000002,0,0,0,0,0,0,0,0,0,0,0
9.200000000000003,0,0,0,0,0,0,0,0,0,0,0
9.250000000000004,0,0,0,0,0,0,0,0,0,0,0
9.300000000000004,0,0,0,0,0,0,0,0,0,0,0
9.350000000000005,0,0,0,0,0,0,0,0,0,0,0
9.400000000000006,0,0,0,0,0,0,0,0,0,0,0
9.450000000000006,0,0,0,0,0,0,0,0,0,0,0
9.500000000000007,0,0,0,0,0,0,0,0,0,0,0
9.550000000000008,0,0,0,0,0,0,0,0,0,0,0
9.600000000000009,0,0,0,0,0,0,0,0,0,0,0
9.65000000000001,0,0,0,0,0,0,0,0,0,0,0
9.70000000000001,0,0,0,0,0,0,0,0,0,0,0
9.75000000000001,0,0,0,0,0,0,0,0,0,0,0
9.800000000000011,0,0,0,0,0,0,0,0,0,0,0
9.850000000000012,0,0,0,0,0,0,0,0,0,0,0
9.900000000000013,0,0,0,0,0,0,0,0,0,0,0
9.950000000000014,0,0,0,0,0,0,0,0,0,0,0
10.000000000000014,0,0,0,0,0,0,0,0,0,0,0
10.050000000000015,0,0,0,0,0,0,0,0,0,0,0
10.100000000000016,0,0,0,0,0,0,0,0,0,0,0
10.150000000000016,0,0,0,0,0,0,0,0,0,0,0
10.200000000000017,0,0,0,0,0,0,0,0,0,0,0
10.250000000000018,0,0,0,0,0,0,0,0,0,0,0
10.300000000000018,0,0,0,0,0,0,0,0,0,0,0
10.35000000000002,0,0,0,0,0,0,0,0,0,0,0
*****
4,0.05,1000,0,0.4,10,100,0.130921998163,0.0426836366557
4,1000,1000,1000,1000,1000,0,0,0,0,0,0
4.05,993,993,993,993,993,0,0,0,0,0,0
4.1,948,948,948,948,948,0,0,0,0,0,0
4.1499999999999995,961,961,961,961,961,0,0,0,0,0,0
4.199999999999999,988,988,988,988,988,0,0,0,0,0,0
4.249999999999999,960,960,960,960,960,0,0,0,0,0,0
4.299999999999999,1021,1021,1021,1021,1021,0,0,0,0,0,0
4.349999999999999,1009,1009,1009,1009,1009,0,0,0,0,0,0
4.399999999999999,998,998,998,998,998,0,0,0,0,0,0
4.449999999999998,1008,1008,1008,1008,1008,0,0,0,0,0,0
4.499999999999998,910,910,910,910,910,0,0,0,0,0,0
4.549999999999998,997,997,997,997,997,0,0,0,0,0,0
4.599999999999998,967,967,967,967,967,0,0,0,0,0,0
4.649999999999998,998,998,998,998,998,0,0,0,0,0,0
4.6999999999999975,998,998,998,998,998,0,0,0,0,0,0
4.749999999999997,1024,1024,1024,1024,1024,0,0,0,0,0,0
4.799999999999997,932,932,930,932,932,0,0,0,0,0,0
4.849999999999997,1022,1021,1020,1022,1021,0,0,0,0,0,0
4.899999999999997,930,929,926,930,929,0,0,0,0,0,0
4.949999999999997,1014,1000,999,1012,1000,0,0,0,0,0,0
4.9999999999999964,976,955,955,972,956,0,0,0,0,0,0
5.049999999999996,995,957,953,974,960,0,0,0,0,0,0
5.099999999999996,995,909,908,954,911,0,0,0,0,0,0
5.149999999999996,1028,891,892,937,897,0,0,0,0,0,0
5.199999999999996,969,736,740,806,743,0,0,0,0,0,0
5.249999999999996,932,613,608,693,620,0,0,0,0,0,0
5.299999999999995,1024,550,556,641,558,0,0,0,0,0,0
5.349999999999995,986,402,407,499,412,0,0,0,0,0,0
5.399999999999995,949,257,262,325,264,0,0,0,0,0,0
5.449999999999995,1035,195,198,231,198,0,0,0,0,0,0
5.499999999999995,995,82,83,110,83,0,0,0,0,0,0
5.5499999999999945,1002,41,43,56,43,0,0,0,0,0,0
5.599999999999994,946,30,30,38,30,0,0,0,0,0,0
5.649999999999994,993,12,12,15,12,0,0,0,0,0,0
5.699999999999994,1011,1,1,2,1,0,0,0,0,0,0
5.749999999999994,1056,1,1,1,1,0,0,0,0,0,0
5.799999999999994,948,1,1,1,1,0,0,0,0,0,0
5.849999999999993,939,0,0,0,0,0,0,0,0,0,0
5.899999999999993,992,0,0,0,0,0,0,0,0,0,0
5.949999999999993,1020,0,0,0,0,0,0,0,0,0,0
5.999999999999993,972,0,0,0,0,0,0,0,0,0,0
6.049999999999993,1031,0,0,0,0,0,0,0,0,0,0
6.0999999999999925,946,0,0,0,0,0,0,0,0,0,0
6.149999999999992,1026,0,0,0,0,0,0,0,0,0,0
6.199999999999992,999,0,0,0,0,0,0,0,0,0,0
6.249999999999992,1018,0,0,0,0,0,0,0,0,0,0
6.299999999999992,986,0,0,0,0,0,0,0,0,0,0
6.349999999999992,995,0,0,0,0,0,0,0,0,0,0
6.3999999999999915,961,0,0,0,0,0,0,0,0,0,0
6.449999999999991,975,0,0,0,0,0,0,0,0,0,0
6.499999999999991,973,0,0,0,0,0,0,0,0,0,0
6.549999999999991,961,0,0,0,0,0,0,0,0,0,0
6.599999999999991,975,0,0,0,0,0,0,0,0,0,0
6.649999999999991,1016,0,0,0,0,0,0,0,0,0,0
6.69999999999999,1055,0,0,0,0,0,0,0,0,0,0
6.74999999999999,987,0,0,0,0,0,0,0,0,0,0
6.79999999999999,991,0,0,0,0,0,0,0,0,0,0
6.84999999999999,974,0,0,0,0,0,0,0,0,0,0
6.89999999999999,1001,0,0,0,0,0,0,0,0,0,0
6.9499999999999895,999,0,0,0,0,0,0,0,0,0,0
6.999999999999989,964,0,0,0,0,0,0,0,0,0,0
7.049999999999989,1075,0,0,0,0,0,0,0,0,0,0
7.099999999999989,963,0,0,0,0,0,0,0,0,0,0
7.149999999999989,971,0,0,0,0,0,0,0,0,0,0
7.199999999999989,952,0,0,0,0,0,0,0,0,0,0
7.2499999999999885,1002,0,0,0,0,0,0,0,0,0,0
7.299999999999988,995,0,0,0,0,0,0,0,0,0,0
7.349999999999988,1002,0,0,0,0,0,0,0,0,0,0
7.399999999999988,974,0,0,0,0,0,0,0,0,0,0
7.449999999999988,974,0,0,0,0,0,0,0,0,0,0
7.499999999999988,975,0,0,0,0,0,0,0,0,0,0
7.549999999999987,1048,0,0,0,0,0,0,0,0,0,0
7.599999999999987,977,0,0,0,0,0,0,0,0,0,0
7.649999999999987,965,0,0,0,0,0,0,0,0,0,0
7.699999999999987,986,0,0,0,0,0,0,0,0,0,0
7.749999999999987,1036,0,0,0,0,0,0,0,0,0,0
7.7999999999999865,1036,0,0,0,0,0,0,0,0,0,0
7.849999999999986,966,0,0,0,0,0,0,0,0,0,0
7.899999999999986,948,0,0,0,0,0,0,0,0,0,0
7.949999999999986,970,0,0,0,0,0,0,0,0,0,0
7.999999999999986,899,0,0,0,0,0,0,0,0,0,0
8.049999999999986,835,0,0,0,0,0,0,0,0,0,0
8.099999999999987,678,0,0,0,0,0,0,0,0,0,0
8.149999999999988,559,0,0,0,0,0,0,0,0,0,0
8.199999999999989,431,0,0,0,0,0,0,0,0,0,0
8.24999999999999,311,0,0,0,0,0,0,0,0,0,0
8.29999999999999,175,0,0,0,0,0,0,0,0,0,0
8.34999999999999,62,0,0,0,0,0,0,0,0,0,0
8.399999999999991,0,0,0,0,0,0,0,0,0,0,0
8.449999999999992,0,0,0,0,0,0,0,0,0,0,0
8.499999999999993,0,0,0,0,0,0,0,0,0,0,0
8.549999999999994,0,0,0,0,0,0,0,0,0,0,0
8.599999999999994,0,0,0,0,0,0,0,0,0,0,0
8.649999999999995,0,0,0,0,0,0,0,0,0,0,0
8.699999999999996,0,0,0,0,0,0,0,0,0,0,0
8.749999999999996,0,0,0,0,0,0,0,0,0,0,0
8.799999999999997,0,0,0,0,0,0,0,0,0,0,0
8.849999999999998,0,0,0,0,0,0,0,0,0,0,0
8.899999999999999,0,0,0,0,0,0,0,0,0,0,0
8.95,0,0,0,0,0,0,0,0,0,0,0
9.0,0,0,0,0,0,0,0,0,0,0,0
9.05,0,0,0,0,0,0,0,0,0,0,0
9.100000000000001,0,0,0,0,0,0,0,0,0,0,0
9.150000000000002,0,0,0,0,0,0,0,0,0,0,0
9.200000000000003,0,0,0,0,0,0,0,0,0,0,0
9.250000000000004,0,0,0,0,0,0,0,0,0,0,0
9.300000000000004,0,0,0,0,0,0,0,0,0,0,0
9.350000000000005,0,0,0,0,0,0,0,0,0,0,0
9.400000000000006,0,0,0,0,0,0,0,0,0,0,0
9.450000000000006,0,0,0,0,0,0,0,0,0,0,0
9.500000000000007,0,0,0,0,0,0,0,0,0,0,0
9.550000000000008,0,0,0,0,0,0,0,0,0,0,0
9.600000000000009,0,0,0,0,0,0,0,0,0,0,0
9.65000000000001,0,0,0,0,0,0,0,0,0,0,0
9.70000000000001,0,0,0,0,0,0,0,0,0,0,0
9.75000000000001,0,0,0,0,0,0,0,0,0,0,0
9.800000000000011,0,0,0,0,0,0,0,0,0,0,0
9.850000000000012,0,0,0,0,0,0,0,0,0,0,0
9.900000000000013,0,0,0,0,0,0,0,0,0,0,0
9.950000000000014,0,0,0,0,0,0,0,0,0,0,0
10.000000000000014,0,0,0,0,0,0,0,0,0,0,0
10.050000000000015,0,0,0,0,0,0,0,0,0,0,0
10.100000000000016,0,0,0,0,0,0,0,0,0,0,0
10.150000000000016,0,0,0,0,0,0,0,0,0,0,0
10.200000000000017,0,0,0,0,0,0,0,0,0,0,0
10.250000000000018,0,0,0,0,0,0,0,0,0,0,0
10.300000000000018,0,0,0,0,0,0,0,0,0,0,0
10.35000000000002,0,0,0,0,0,0,0,0,0,0,0
*****
4,0.05,1000,0.3,0.7,10,100,0.130921998163,0.0426836366557
4,1000,989,992,968,992,0,0,0,0,0,0
4.05,1047,1031,1034,1010,1034,0,0,0,0,0,0
4.1,1044,1028,1030,1007,1030,0,0,0,0,0,0
4.1499999999999995,982,955,959,949,959,0,0,0,0,0,0
4.199999999999999,967,954,958,944,957,0,0,0,0,0,0
4.249999999999999,1049,1039,1041,1026,1040,0,0,0,0,0,0
4.299999999999999,960,954,955,937,955,0,0,0,0,0,0
4.349999999999999,1011,1000,1003,982,1003,0,0,0,0,0,0
4.399999999999999,1070,1061,1061,1044,1061,0,0,0,0,0,0
4.449999999999998,1097,1082,1084,1057,1084,0,0,0,0,0,0
4.499999999999998,978,966,969,942,969,0,0,0,0,0,0
4.549999999999998,1044,1014,1018,1000,1018,0,0,0,0,0,0
4.599999999999998,1005,989,991,963,992,0,0,0,0,0,0
4.649999999999998,950,924,931,902,931,0,0,0,0,0,0
4.6999999999999975,998,963,970,932,970,0,0,0,0,0,0
4.749999999999997,1031,997,1000,977,1000,0,0,0,0,0,0
4.799999999999997,1036,975,983,945,983,0,0,0,0,0,0
4.849999999999997,1003,935,948,910,948,0,0,0,0,0,0
4.899999999999997,1046,931,947,918,949,0,0,0,0,0,0
4.949999999999997,1005,856,868,843,868,0,0,0,0,0,0
4.9999999999999964,1065,900,919,890,919,0,0,0,0,0,0
5.049999999999996,1049,823,838,834,840,0,0,0,0,0,0
5.099999999999996,959,691,706,705,706,0,0,0,0,0,0
5.149999999999996,1043,706,728,737,729,0,0,0,0,0,0
5.199999999999996,1008,605,629,644,629,0,0,0,0,0,0
5.249999999999996,1003,537,554,562,554,0,0,0,0,0,0
5.299999999999995,1039,460,481,502,482,0,0,0,0,0,0
5.349999999999995,1011,373,388,401,390,0,0,0,0,0,0
5.399999999999995,1012,326,336,350,337,0,0,0,0,0,0
5.449999999999995,1087,229,236,255,236,0,0,0,0,0,0
5.499999999999995,975,155,162,172,162,0,0,0,0,0,0
5.5499999999999945,991,124,128,131,128,0,0,0,0,0,0
5.599999999999994,1041,103,106,106,106,0,0,0,0,0,0
5.649999999999994,1022,80,84,85,84,0,0,0,0,0,0
5.699999999999994,1012,39,41,42,41,0,0,0,0,0,0
5.749999999999994,1064,14,15,16,15,0,0,0,0,0,0
5.799999999999994,1032,10,10,10,10,0,0,0,0,0,0
5.849999999999993,1016,5,7,7,7,0,0,0,0,0,0
5.899999999999993,994,2,2,2,2,0,0,0,0,0,0
5.949999999999993,1042,0,0,0,0,0,0,0,0,0,0
5.999999999999993,1016,0,0,0,0,0,0,0,0,0,0
6.049999999999993,1017,0,0,0,0,0,0,0,0,0,0
6.0999999999999925,1044,0,0,0,0,0,0,0,0,0,0
6.149999999999992,1051,0,0,0,0,0,0,0,0,0,0
6.199999999999992,973,0,0,0,0,0,0,0,0,0,0
6.249999999999992,1034,0,0,0,0,0,0,0,0,0,0
6.299999999999992,1002,0,0,0,0,0,0,0,0,0,0
6.349999999999992,1012,0,0,0,0,0,0,0,0,0,0
6.3999999999999915,1032,0,0,0,0,0,0,0,0,0,0
6.449999999999991,1039,0,0,0,0,0,0,0,0,0,0
6.499999999999991,1026,0,0,0,0,0,0,0,0,0,0
6.549999999999991,1026,0,0,0,0,0,0,0,0,0,0
6.599999999999991,980,0,0,0,0,0,0,0,0,0,0
6.649999999999991,1020,0,0,0,0,0,0,0,0,0,0
6.69999999999999,1069,0,0,0,0,0,0,0,0,0,0
6.74999999999999,1002,0,0,0,0,0,0,0,0,0,0
6.79999999999999,1078,0,0,0,0,0,0,0,0,0,0
6.84999999999999,982,0,0,0,0,0,0,0,0,0,0
6.89999999999999,1031,0,0,0,0,0,0,0,0,0,0
6.9499999999999895,934,0,0,0,0,0,0,0,0,0,0
6.999999999999989,1026,0,0,0,0,0,0,0,0,0,0
7.049999999999989,1007,0,0,0,0,0,0,0,0,0,0
7.099999999999989,1093,0,0,0,0,0,0,0,0,0,0
7.149999999999989,1065,0,0,0,0,0,0,0,0,0,0
7.199999999999989,1022,0,0,0,0,0,0,0,0,0,0
7.2499999999999885,1016,0,0,0,0,0,0,0,0,0,0
7.299999999999988,984,0,0,0,0,0,0,0,0,0,0
7.349999999999988,1022,0,0,0,0,0,0,0,0,0,0
7.399999999999988,1033,0,0,0,0,0,0,0,0,0,0
7.449999999999988,1007,0,0,0,0,0,0,0,0,0,0
7.499999999999988,984,0,0,0,0,0,0,0,0,0,0
7.549999999999987,1027,0,0,0,0,0,0,0,0,0,0
7.599999999999987,1064,0,0,0,0,0,0,0,0,0,0
7.649999999999987,1017,0,0,0,0,0,0,0,0,0,0
7.699999999999987,1019,0,0,0,0,0,0,0,0,0,0
7.749999999999987,1019,0,0,0,0,0,0,0,0,0,0
7.7999999999999865,1029,0,0,0,0,0,0,0,0,0,0
7.849999999999986,1004,0,0,0,0,0,0,0,0,0,0
7.899999999999986,999,0,0,0,0,0,0,0,0,0,0
7.949999999999986,1008,0,0,0,0,0,0,0,0,0,0
7.999999999999986,1057,0,0,0,0,0,0,0,0,0,0
8.049999999999986,1029,0,0,0,0,0,0,0,0,0,0
8.099999999999987,1002,0,0,0,0,0,0,0,0,0,0
8.149999999999988,1011,0,0,0,0,0,0,0,0,0,0
8.199999999999989,1001,0,0,0,0,0,0,0,0,0,0
8.24999999999999,1012,0,0,0,0,0,0,0,0,0,0
8.29999999999999,955,0,0,0,0,0,0,0,0,0,0
8.34999999999999,820,0,0,0,0,0,0,0,0,0,0
8.399999999999991,718,0,0,0,0,0,0,0,0,0,0
8.449999999999992,556,0,0,0,0,0,0,0,0,0,0
8.499999999999993,459,0,0,0,0,0,0,0,0,0,0
8.549999999999994,342,0,0,0,0,0,0,0,0,0,0
8.599999999999994,186,0,0,0,0,0,0,0,0,0,0
8.649999999999995,61,0,0,0,0,0,0,0,0,0,0
8.699999999999996,0,0,0,0,0,0,0,0,0,0,0
8.749999999999996,0,0,0,0,0,0,0,0,0,0,0
8.799999999999997,0,0,0,0,0,0,0,0,0,0,0
8.849999999999998,0,0,0,0,0,0,0,0,0,0,0
8.899999999999999,0,0,0,0,0,0,0,0,0,0,0
8.95,0,0,0,0,0,0,0,0,0,0,0
9.0,0,0,0,0,0,0,0,0,0,0,0
9.05,0,0,0,0,0,0,0,0,0,0,0
9.100000000000001,0,0,0,0,0,0,0,0,0,0,0
9.150000000000002,0,0,0,0,0,0,0,0,0,0,0
9.200000000000003,0,0,0,0,0,0,0,0,0,0,0
9.250000000000004,0,0,0,0,0,0,0,0,0,0,0
9.300000000000004,0,0,0,0,0,0,0,0,0,0,0
9.350000000000005,0,0,0,0,0,0,0,0,0,0,0
9.400000000000006,0,0,0,0,0,0,0,0,0,0,0
9.450000000000006,0,0,0,0,0,0,0,0,0,0,0
9.500000000000007,0,0,0,0,0,0,0,0,0,0,0
9.550000000000008,0,0,0,0,0,0,0,0,0,0,0
9.600000000000009,0,0,0,0,0,0,0,0,0,0,0
9.65000000000001,0,0,0,0,0,0,0,0,0,0,0
9.70000000000001,0,0,0,0,0,0,0,0,0,0,0
9.75000000000001,0,0,0,0,0,0,0,0,0,0,0
9.800000000000011,0,0,0,0,0,0,0,0,0,0,0
9.850000000000012,0,0,0,0,0,0,0,0,0,0,0
9.900000000000013,0,0,0,0,0,0,0,0,0,0,0
9.950000000000014,0,0,0,0,0,0,0,0,0,0,0
10.000000000000014,0,0,0,0,0,0,0,0,0,0,0
10.050000000000015,0,0,0,0,0,0,0,0,0,0,0
10.100000000000016,0,0,0,0,0,0,0,0,0,0,0
10.150000000000016,0,0,0,0,0,0,0,0,0,0,0
10.200000000000017,0,0,0,0,0,0,0,0,0,0,0
10.250000000000018,0,0,0,0,0,0,0,0,0,0,0
10.300000000000018,0,0,0,0,0,0,0,0,0,0,0
10.35000000000002,0,0,0,0,0,0,0,0,0,0,0
*****
4,0.05,1000,0.6,1,10,100,0.130921998163,0.0426836366557
4,1000,1,1,1,1,0,0,0,0,0,0
4.05,1043,12,12,9,12,0,0,0,0,0,0
4.1,924,10,14,15,14,0,0,0,0,0,0
4.1499999999999995,960,15,20,20,20,0,0,0,0,0,0
4.199999999999999,905,14,17,17,17,0,0,0,0,0,0
4.249999999999999,787,28,33,25,33,0,0,0,0,0,0
4.299999999999999,759,44,36,29,36,0,0,0,0,0,0
4.349999999999999,709,51,49,54,49,0,0,0,0,0,0
4.399999999999999,707,44,53,49,53,0,0,0,0,0,0
4.449999999999998,716,30,38,41,38,0,0,0,0,0,0
4.499999999999998,711,11,15,18,15,0,0,0,0,0,0
4.549999999999998,797,1,6,10,6,0,0,0,0,0,0
4.599999999999998,863,1,3,4,3,0,0,0,0,0,0
4.649999999999998,863,1,1,2,1,0,0,0,0,0,0
4.6999999999999975,928,3,3,3,3,0,0,0,0,0,0
4.749999999999997,940,2,2,2,2,0,0,0,0,0,0
4.799999999999997,1014,1,2,2,2,0,0,0,0,0,0
4.849999999999997,963,3,6,6,6,0,0,0,0,0,0
4.899999999999997,895,1,2,2,2,0,0,0,0,0,0
4.949999999999997,926,0,1,1,1,0,0,0,0,0,0
4.9999999999999964,826,0,0,1,0,0,0,0,0,0,0
5.049999999999996,815,0,2,2,2,0,0,0,0,0,0
5.099999999999996,777,0,0,0,0,0,0,0,0,0,0
5.149999999999996,776,0,0,0,0,0,0,0,0,0,0
5.199999999999996,786,0,0,0,0,0,0,0,0,0,0
5.249999999999996,793,0,1,1,1,0,0,0,0,0,0
5.299999999999995,772,0,0,0,0,0,0,0,0,0,0
5.349999999999995,814,0,0,0,0,0,0,0,0,0,0
5.399999999999995,818,0,0,0,0,0,0,0,0,0,0
5.449999999999995,855,0,0,0,0,0,0,0,0,0,0
5.499999999999995,891,0,0,0,0,0,0,0,0,0,0
5.5499999999999945,896,0,0,0,0,0,0,0,0,0,0
5.599999999999994,912,0,0,0,0,0,0,0,0,0,0
5.649999999999994,929,0,0,0,0,0,0,0,0,0,0
5.699999999999994,945,0,0,0,0,0,0,0,0,0,0
5.749999999999994,880,0,0,0,0,0,0,0,0,0,0
5.799999999999994,811,0,0,0,0,0,0,0,0,0,0
5.849999999999993,819,0,0,0,0,0,0,0,0,0,0
5.899999999999993,822,0,0,0,0,0,0,0,0,0,0
5.949999999999993,801,0,0,0,0,0,0,0,0,0,0
5.999999999999993,820,0,0,0,0,0,0,0,0,0,0
6.049999999999993,788,0,0,0,0,0,0,0,0,0,0
6.0999999999999925,774,0,0,0,0,0,0,0,0,0,0
6.149999999999992,811,0,0,0,0,0,0,0,0,0,0
6.199999999999992,894,0,0,0,0,0,0,0,0,0,0
6.249999999999992,862,0,0,0,0,0,0,0,0,0,0
6.299999999999992,863,0,0,0,0,0,0,0,0,0,0
6.349999999999992,893,0,0,0,0,0,0,0,0,0,0
6.3999999999999915,883,0,0,0,0,0,0,0,0,0,0
6.449999999999991,906,0,0,0,0,0,0,0,0,0,0
6.499999999999991,859,0,0,0,0,0,0,0,0,0,0
6.549999999999991,877,0,0,0,0,0,0,0,0,0,0
6.599999999999991,877,0,0,0,0,0,0,0,0,0,0
6.649999999999991,826,0,0,0,0,0,0,0,0,0,0
6.69999999999999,802,0,0,0,0,0,0,0,0,0,0
6.74999999999999,805,0,0,0,0,0,0,0,0,0,0
6.79999999999999,840,0,0,0,0,0,0,0,0,0,0
6.84999999999999,862,0,0,0,0,0,0,0,0,0,0
6.89999999999999,817,0,0,0,0,0,0,0,0,0,0
6.9499999999999895,869,0,0,0,0,0,0,0,0,0,0
6.999999999999989,838,0,0,0,0,0,0,0,0,0,0
7.049999999999989,792,0,0,0,0,0,0,0,0,0,0
7.099999999999989,846,0,0,0,0,0,0,0,0,0,0
7.149999999999989,910,0,0,0,0,0,0,0,0,0,0
7.199999999999989,874,0,0,0,0,0,0,0,0,0,0
7.2499999999999885,815,0,0,0,0,0,0,0,0,0,0
7.299999999999988,877,0,0,0,0,0,0,0,0,0,0
7.349999999999988,902,0,0,0,0,0,0,0,0,0,0
7.399999999999988,862,0,0,0,0,0,0,0,0,0,0
7.449999999999988,786,0,0,0,0,0,0,0,0,0,0
7.499999999999988,827,0,0,0,0,0,0,0,0,0,0
7.549999999999987,896,0,0,0,0,0,0,0,0,0,0
7.599999999999987,856,0,0,0,0,0,0,0,0,0,0
7.649999999999987,823,0,0,0,0,0,0,0,0,0,0
7.699999999999987,813,0,0,0,0,0,0,0,0,0,0
7.749999999999987,836,0,0,0,0,0,0,0,0,0,0
7.7999999999999865,837,0,0,0,0,0,0,0,0,0,0
7.849999999999986,827,0,0,0,0,0,0,0,0,0,0
7.899999999999986,846,0,0,0,0,0,0,0,0,0,0
7.949999999999986,877,0,0,0,0,0,0,0,0,0,0
7.999999999999986,919,0,0,0,0,0,0,0,0,0,0
8.049999999999986,836,0,0,0,0,0,0,0,0,0,0
8.099999999999987,835,0,0,0,0,0,0,0,0,0,0
8.149999999999988,852,0,0,0,0,0,0,0,0,0,0
8.199999999999989,888,0,0,0,0,0,0,0,0,0,0
8.24999999999999,809,0,0,0,0,0,0,0,0,0,0
8.29999999999999,860,0,0,0,0,0,0,0,0,0,0
8.34999999999999,850,0,0,0,0,0,0,0,0,0,0
8.399999999999991,858,0,0,0,0,0,0,0,0,0,0
8.449999999999992,839,0,0,0,0,0,0,0,0,0,0
8.499999999999993,852,0,0,0,0,0,0,0,0,0,0
8.549999999999994,819,0,0,0,0,0,0,0,0,0,0
8.599999999999994,790,0,0,0,0,0,0,0,0,0,0
8.649999999999995,668,0,0,0,0,0,0,0,0,0,0
8.699999999999996,573,0,0,0,0,0,0,0,0,0,0
8.749999999999996,495,0,0,0,0,0,0,0,0,0,0
8.799999999999997,333,0,0,0,0,0,0,0,0,0,0
8.849999999999998,272,0,0,0,0,0,0,0,0,0,0
8.899999999999999,179,0,0,0,0,0,0,0,0,0,0
8.95,60,0,0,0,0,0,0,0,0,0,0
9.0,0,0,0,0,0,0,0,0,0,0,0
9.05,0,0,0,0,0,0,0,0,0,0,0
9.100000000000001,0,0,0,0,0,0,0,0,0,0,0
9.150000000000002,0,0,0,0,0,0,0,0,0,0,0
9.200000000000003,0,0,0,0,0,0,0,0,0,0,0
9.250000000000004,0,0,0,0,0,0,0,0,0,0,0
9.300000000000004,0,0,0,0,0,0,0,0,0,0,0
9.350000000000005,0,0,0,0,0,0,0,0,0,0,0
9.400000000000006,0,0,0,0,0,0,0,0,0,0,0
9.450000000000006,0,0,0,0,0,0,0,0,0,0,0
9.500000000000007,0,0,0,0,0,0,0,0,0,0,0
9.550000000000008,0,0,0,0,0,0,0,0,0,0,0
9.600000000000009,0,0,0,0,0,0,0,0,0,0,0
9.65000000000001,0,0,0,0,0,0,0,0,0,0,0
9.70000000000001,0,0,0,0,0,0,0,0,0,0,0
9.75000000000001,0,0,0,0,0,0,0,0,0,0,0
9.800000000000011,0,0,0,0,0,0,0,0,0,0,0
9.850000000000012,0,0,0,0,0,0,0,0,0,0,0
9.900000000000013,0,0,0,0,0,0,0,0,0,0,0
9.950000000000014,0,0,0,0,0,0,0,0,0,0,0
10.000000000000014,0,0,0,0,0,0,0,0,0,0,0
10.050000000000015,0,0,0,0,0,0,0,0,0,0,0
10.100000000000016,0,0,0,0,0,0,0,0,0,0,0
10.150000000000016,0,0,0,0,0,0,0,0,0,0,0
10.200000000000017,0,0,0,0,0,0,0,0,0,0,0
10.250000000000018,0,0,0,0,0,0,0,0,0,0,0
10.300000000000018,0,0,0,0,0,0,0,0,0,0,0
10.35000000000002,0,0,0,0,0,0,0,0,0,0,0
