*****
4,0.05,500,0,1,10,100,0.261843996326,0.0426836366557
4,500,456,456,435,454,0,0,0,0,0,0
4.05,533,479,485,470,482,0,0,0,0,0,0
4.1,487,453,453,428,453,0,0,0,0,0,0
4.1499999999999995,522,472,475,453,473,0,0,0,0,0,0
4.199999999999999,509,451,458,441,456,0,0,0,0,0,0
4.249999999999999,542,452,467,455,464,0,0,0,0,0,0
4.299999999999999,454,359,371,362,370,0,0,0,0,0,0
4.349999999999999,500,384,396,380,394,0,0,0,0,0,0
4.399999999999999,536,396,407,412,412,0,0,0,0,0,0
4.449999999999998,540,388,382,390,388,0,0,0,0,0,0
4.499999999999998,521,337,340,356,349,0,0,0,0,0,0
4.549999999999998,522,316,320,317,325,0,0,0,0,0,0
4.599999999999998,525,307,318,318,323,0,0,0,0,0,0
4.649999999999998,532,264,270,269,273,0,0,0,0,0,0
4.6999999999999975,513,238,244,249,247,0,0,0,0,0,0
4.749999999999997,538,196,205,212,209,0,0,0,0,0,0
4.799999999999997,524,187,190,203,198,0,0,0,0,0,0
4.849999999999997,535,140,145,155,151,0,0,0,0,0,0
4.899999999999997,498,135,140,157,143,0,0,0,0,0,0
4.949999999999997,524,109,115,123,118,0,0,0,0,0,0
4.9999999999999964,481,78,79,88,81,0,0,0,0,0,0
5.049999999999996,510,81,80,90,84,0,0,0,0,0,0
5.099999999999996,521,74,75,81,77,0,0,0,0,0,0
5.149999999999996,479,55,55,59,59,0,0,0,0,0,0
5.199999999999996,482,48,50,56,55,0,0,0,0,0,0
5.249999999999996,525,38,37,45,40,0,0,0,0,0,0
5.299999999999995,517,27,26,31,29,0,0,0,0,0,0
5.349999999999995,533,28,27,30,30,0,0,0,0,0,0
5.399999999999995,547,18,21,26,22,0,0,0,0,0,0
5.449999999999995,481,13,14,15,15,0,0,0,0,0,0
5.499999999999995,524,9,10,12,11,0,0,0,0,0,0
5.5499999999999945,536,7,7,8,8,0,0,0,0,0,0
5.599999999999994,530,2,2,4,3,0,0,0,0,0,0
5.649999999999994,521,2,2,3,2,0,0,0,0,0,0
5.699999999999994,473,1,1,1,1,0,0,0,0,0,0
5.749999999999994,554,3,3,3,3,0,0,0,0,0,0
5.799999999999994,516,0,0,0,0,0,0,0,0,0,0
5.849999999999993,511,0,0,0,0,0,0,0,0,0,0
5.899999999999993,539,0,0,0,0,0,0,0,0,0,0
5.949999999999993,490,1,1,1,1,0,0,0,0,0,0
5.999999999999993,504,0,0,0,0,0,0,0,0,0,0
6.049999999999993,539,0,0,1,0,0,0,0,0,0,0
6.0999999999999925,516,0,0,0,0,0,0,0,0,0,0
6.149999999999992,548,0,0,0,0,0,0,0,0,0,0
6.199999999999992,515,0,0,2,0,0,0,0,0,0,0
6.249999999999992,532,0,0,0,0,0,0,0,0,0,0
6.299999999999992,533,0,0,0,0,0,0,0,0,0,0
6.349999999999992,515,0,0,0,0,0,0,0,0,0,0
6.3999999999999915,499,0,0,0,0,0,0,0,0,0,0
6.449999999999991,497,0,0,0,0,0,0,0,0,0,0
6.499999999999991,497,0,0,0,0,0,0,0,0,0,0
6.549999999999991,567,0,0,0,0,0,0,0,0,0,0
6.599999999999991,469,0,0,0,0,0,0,0,0,0,0
6.649999999999991,535,0,0,0,0,0,0,0,0,0,0
6.69999999999999,526,0,0,0,0,0,0,0,0,0,0
6.74999999999999,505,0,0,0,0,0,0,0,0,0,0
6.79999999999999,526,0,0,0,0,0,0,0,0,0,0
6.84999999999999,497,0,0,0,0,0,0,0,0,0,0
6.89999999999999,486,0,0,0,0,0,0,0,0,0,0
6.9499999999999895,483,0,0,0,0,0,0,0,0,0,0
6.999999999999989,545,0,0,0,0,0,0,0,0,0,0
7.049999999999989,486,0,0,0,0,0,0,0,0,0,0
7.099999999999989,537,0,0,0,0,0,0,0,0,0,0
7.149999999999989,497,0,0,0,0,0,0,0,0,0,0
7.199999999999989,514,0,0,0,0,0,0,0,0,0,0
7.2499999999999885,470,0,0,0,0,0,0,0,0,0,0
7.299999999999988,467,0,0,0,0,0,0,0,0,0,0
7.349999999999988,534,0,0,0,0,0,0,0,0,0,0
7.399999999999988,487,0,0,0,0,0,0,0,0,0,0
7.449999999999988,533,0,0,0,0,0,0,0,0,0,0
7.499999999999988,522,0,0,0,0,0,0,0,0,0,0
7.549999999999987,523,0,0,0,0,0,0,0,0,0,0
7.599999999999987,512,0,0,0,0,0,0,0,0,0,0
7.649999999999987,564,0,0,0,0,0,0,0,0,0,0
7.699999999999987,516,0,0,0,0,0,0,0,0,0,0
7.749999999999987,496,0,0,0,0,0,0,0,0,0,0
7.7999999999999865,509,0,0,0,0,0,0,0,0,0,0
7.849999999999986,551,0,0,0,0,0,0,0,0,0,0
7.899999999999986,508,0,0,0,0,0,0,0,0,0,0
7.949999999999986,480,0,0,0,0,0,0,0,0,0,0
7.999999999999986,524,0,0,0,0,0,0,0,0,0,0
8.049999999999986,491,0,0,0,0,0,0,0,0,0,0
8.099999999999987,438,0,0,0,0,0,0,0,0,0,0
8.149999999999988,406,0,0,0,0,0,0,0,0,0,0
8.199999999999989,382,0,0,0,0,0,0,0,0,0,0
8.24999999999999,357,0,0,0,0,0,0,0,0,0,0
8.29999999999999,371,0,0,0,0,0,0,0,0,0,0
8.34999999999999,315,0,0,0,0,0,0,0,0,0,0
8.399999999999991,331,0,0,0,0,0,0,0,0,0,0
8.449999999999992,296,0,0,0,0,0,0,0,0,0,0
8.499999999999993,236,0,0,0,0,0,0,0,0,0,0
8.549999999999994,238,0,0,0,0,0,0,0,0,0,0
8.599999999999994,172,0,0,0,0,0,0,0,0,0,0
8.649999999999995,170,0,0,0,0,0,0,0,0,0,0
8.699999999999996,125,0,0,0,0,0,0,0,0,0,0
8.749999999999996,108,0,0,0,0,0,0,0,0,0,0
8.799999999999997,96,0,0,0,0,0,0,0,0,0,0
8.849999999999998,61,0,0,0,0,0,0,0,0,0,0
8.899999999999999,36,0,0,0,0,0,0,0,0,0,0
8.95,11,0,0,0,0,0,0,0,0,0,0
9.0,0,0,0,0,0,0,0,0,0,0,0
9.05,0,0,0,0,0,0,0,0,0,0,0
9.100000000000001,0,0,0,0,0,0,0,0,0,0,0
9.150000000000002,0,0,0,0,0,0,0,0,0,0,0
9.200000000000003,0,0,0,0,0,0,0,0,0,0,0
9.250000000000004,0,0,0,0,0,0,0,0,0,0,0
9.300000000000004,0,0,0,0,0,0,0,0,0,0,0
9.350000000000005,0,0,0,0,0,0,0,0,0,0,0
9.400000000000006,0,0,0,0,0,0,0,0,0,0,0
9.450000000000006,0,0,0,0,0,0,0,0,0,0,0
9.500000000000007,0,0,0,0,0,0,0,0,0,0,0
9.550000000000008,0,0,0,0,0,0,0,0,0,0,0
9.600000000000009,0,0,0,0,0,0,0,0,0,0,0
9.65000000000001,0,0,0,0,0,0,0,0,0,0,0
9.70000000000001,0,0,0,0,0,0,0,0,0,0,0
9.75000000000001,0,0,0,0,0,0,0,0,0,0,0
9.800000000000011,0,0,0,0,0,0,0,0,0,0,0
9.850000000000012,0,0,0,0,0,0,0,0,0,0,0
9.900000000000013,0,0,0,0,0,0,0,0,0,0,0
9.950000000000014,0,0,0,0,0,0,0,0,0,0,0
10.000000000000014,0,0,0,0,0,0,0,0,0,0,0
10.050000000000015,0,0,0,0,0,0,0,0,0,0,0
10.100000000000016,0,0,0,0,0,0,0,0,0,0,0
10.150000000000016,0,0,0,0,0,0,0,0,0,0,0
10.200000000000017,0,0,0,0,0,0,0,0,0,0,0
10.250000000000018,0,0,0,0,0,0,0,0,0,0,0
10.300000000000018,0,0,0,0,0,0,0,0,0,0,0
10.35000000000002,0,0,0,0,0,0,0,0,0,0,0
*****
4,0.05,500,0,0.4,10,100,0.261843996326,0.0426836366557
4,500,500,500,500,500,0,0,0,0,0,0
4.05,426,426,426,426,426,0,0,0,0,0,0
4.1,503,503,503,503,503,0,0,0,0,0,0
4.1499999999999995,490,490,490,489,490,0,0,0,0,0,0
4.199999999999999,494,494,494,494,494,0,0,0,0,0,0
4.249999999999999,467,467,467,467,467,0,0,0,0,0,0
4.299999999999999,505,505,504,505,505,0,0,0,0,0,0
4.349999999999999,493,493,492,493,493,0,0,0,0,0,0
4.399999999999999,510,510,507,510,510,0,0,0,0,0,0
4.449999999999998,493,493,489,492,493,0,0,0,0,0,0
4.499999999999998,503,503,501,503,503,0,0,0,0,0,0
4.549999999999998,468,466,464,466,467,0,0,0,0,0,0
4.599999999999998,469,466,461,466,466,0,0,0,0,0,0
4.649999999999998,485,480,473,481,481,0,0,0,0,0,0
4.6999999999999975,504,499,491,499,499,0,0,0,0,0,0
4.749999999999997,482,473,456,474,473,0,0,0,0,0,0
4.799999999999997,504,491,464,495,491,0,0,0,0,0,0
4.849999999999997,455,439,417,443,440,0,0,0,0,0,0
4.899999999999997,523,487,449,503,496,0,0,0,0,0,0
4.949999999999997,525,483,439,490,488,0,0,0,0,0,0
4.9999999999999964,494,432,368,444,436,0,0,0,0,0,0
5.049999999999996,489,391,333,411,394,0,0,0,0,0,0
5.099999999999996,492,370,301,394,375,0,0,0,0,0,0
5.149999999999996,453,295,237,316,298,0,0,0,0,0,0
5.199999999999996,491,279,222,299,288,0,0,0,0,0,0
5.249999999999996,520,251,210,273,258,0,0,0,0,0,0
5.299999999999995,526,235,172,248,237,0,0,0,0,0,0
5.349999999999995,455,141,116,160,146,0,0,0,0,0,0
5.399999999999995,504,125,96,147,135,0,0,0,0,0,0
5.449999999999995,477,88,58,100,93,0,0,0,0,0,0
5.499999999999995,451,43,27,51,46,0,0,0,0,0,0
5.5499999999999945,531,43,32,54,47,0,0,0,0,0,0
5.599999999999994,477,33,25,37,33,0,0,0,0,0,0
5.649999999999994,494,25,22,27,25,0,0,0,0,0,0
5.699999999999994,505,6,6,9,7,0,0,0,0,0,0
5.749999999999994,504,4,4,6,5,0,0,0,0,0,0
5.799999999999994,493,2,2,3,2,0,0,0,0,0,0
5.849999999999993,490,0,0,0,0,0,0,0,0,0,0
5.899999999999993,519,1,1,1,1,0,0,0,0,0,0
5.949999999999993,498,1,0,1,1,0,0,0,0,0,0
5.999999999999993,495,0,0,0,0,0,0,0,0,0,0
6.049999999999993,474,0,0,0,0,0,0,0,0,0,0
6.0999999999999925,521,0,0,0,0,0,0,0,0,0,0
6.149999999999992,495,0,0,0,0,0,0,0,0,0,0
6.199999999999992,518,0,0,0,0,0,0,0,0,0,0
6.249999999999992,482,0,0,0,0,0,0,0,0,0,0
6.299999999999992,487,0,0,0,0,0,0,0,0,0,0
6.349999999999992,515,0,0,0,0,0,0,0,0,0,0
6.3999999999999915,500,0,0,0,0,0,0,0,0,0,0
6.449999999999991,494,0,0,0,0,0,0,0,0,0,0
6.499999999999991,481,0,0,0,0,0,0,0,0,0,0
6.549999999999991,503,0,0,0,0,0,0,0,0,0,0
6.599999999999991,475,0,0,0,0,0,0,0,0,0,0
6.649999999999991,505,0,0,0,0,0,0,0,0,0,0
6.69999999999999,486,0,0,0,0,0,0,0,0,0,0
6.74999999999999,459,0,0,0,0,0,0,0,0,0,0
6.79999999999999,487,0,0,0,0,0,0,0,0,0,0
6.84999999999999,531,0,0,0,0,0,0,0,0,0,0
6.89999999999999,497,0,0,0,0,0,0,0,0,0,0
6.9499999999999895,499,0,0,0,0,0,0,0,0,0,0
6.999999999999989,519,0,0,0,0,0,0,0,0,0,0
7.049999999999989,486,0,0,0,0,0,0,0,0,0,0
7.099999999999989,460,0,0,0,0,0,0,0,0,0,0
7.149999999999989,497,0,0,0,0,0,0,0,0,0,0
7.199999999999989,511,0,0,0,0,0,0,0,0,0,0
7.2499999999999885,495,0,0,0,0,0,0,0,0,0,0
7.299999999999988,509,0,0,0,0,0,0,0,0,0,0
7.349999999999988,473,0,0,0,0,0,0,0,0,0,0
7.399999999999988,484,0,0,0,0,0,0,0,0,0,0
7.449999999999988,489,0,0,0,0,0,0,0,0,0,0
7.499999999999988,496,0,0,0,0,0,0,0,0,0,0
7.549999999999987,501,0,0,0,0,0,0,0,0,0,0
7.599999999999987,506,0,0,0,0,0,0,0,0,0,0
7.649999999999987,485,0,0,0,0,0,0,0,0,0,0
7.699999999999987,493,0,0,0,0,0,0,0,0,0,0
7.749999999999987,491,0,0,0,0,0,0,0,0,0,0
7.7999999999999865,539,0,0,0,0,0,0,0,0,0,0
7.849999999999986,516,0,0,0,0,0,0,0,0,0,0
7.899999999999986,545,0,0,0,0,0,0,0,0,0,0
7.949999999999986,475,0,0,0,0,0,0,0,0,0,0
7.999999999999986,459,0,0,0,0,0,0,0,0,0,0
8.049999999999986,402,0,0,0,0,0,0,0,0,0,0
8.099999999999987,328,0,0,0,0,0,0,0,0,0,0
8.149999999999988,277,0,0,0,0,0,0,0,0,0,0
8.199999999999989,214,0,0,0,0,0,0,0,0,0,0
8.24999999999999,165,0,0,0,0,0,0,0,0,0,0
8.29999999999999,96,0,0,0,0,0,0,0,0,0,0
8.34999999999999,34,0,0,0,0,0,0,0,0,0,0
8.399999999999991,0,0,0,0,0,0,0,0,0,0,0
8.449999999999992,0,0,0,0,0,0,0,0,0,0,0
8.499999999999993,0,0,0,0,0,0,0,0,0,0,0
8.549999999999994,0,0,0,0,0,0,0,0,0,0,0
8.599999999999994,0,0,0,0,0,0,0,0,0,0,0
8.649999999999995,0,0,0,0,0,0,0,0,0,0,0
8.699999999999996,0,0,0,0,0,0,0,0,0,0,0
8.749999999999996,0,0,0,0,0,0,0,0,0,0,0
8.799999999999997,0,0,0,0,0,0,0,0,0,0,0
8.849999999999998,0,0,0,0,0,0,0,0,0,0,0
8.899999999999999,0,0,0,0,0,0,0,0,0,0,0
8.95,0,0,0,0,0,0,0,0,0,0,0
9.0,0,0,0,0,0,0,0,0,0,0,0
9.05,0,0,0,0,0,0,0,0,0,0,0
9.100000000000001,0,0,0,0,0,0,0,0,0,0,0
9.150000000000002,0,0,0,0,0,0,0,0,0,0,0
9.200000000000003,0,0,0,0,0,0,0,0,0,0,0
9.250000000000004,0,0,0,0,0,0,0,0,0,0,0
9.300000000000004,0,0,0,0,0,0,0,0,0,0,0
9.350000000000005,0,0,0,0,0,0,0,0,0,0,0
9.400000000000006,0,0,0,0,0,0,0,0,0,0,0
9.450000000000006,0,0,0,0,0,0,0,0,0,0,0
9.500000000000007,0,0,0,0,0,0,0,0,0,0,0
9.550000000000008,0,0,0,0,0,0,0,0,0,0,0
9.600000000000009,0,0,0,0,0,0,0,0,0,0,0
9.65000000000001,0,0,0,0,0,0,0,0,0,0,0
9.70000000000001,0,0,0,0,0,0,0,0,0,0,0
9.75000000000001,0,0,0,0,0,0,0,0,0,0,0
9.800000000000011,0,0,0,0,0,0,0,0,0,0,0
9.850000000000012,0,0,0,0,0,0,0,0,0,0,0
9.900000000000013,0,0,0,0,0,0,0,0,0,0,0
9.950000000000014,0,0,0,0,0,0,0,0,0,0,0
10.000000000000014,0,0,0,0,0,0,0,0,0,0,0
10.050000000000015,0,0,0,0,0,0,0,0,0,0,0
10.100000000000016,0,0,0,0,0,0,0,0,0,0,0
10.150000000000016,0,0,0,0,0,0,0,0,0,0,0
10.200000000000017,0,0,0,0,0,0,0,0,0,0,0
10.250000000000018,0,0,0,0,0,0,0,0,0,0,0
10.300000000000018,0,0,0,0,0,0,0,0,0,0,0
10.35000000000002,0,0,0,0,0,0,0,0,0,0,0
*****
4,0.05,500,0.3,0.7,10,100,0.261843996326,0.0426836366557
4,500,481,484,467,482,0,0,0,0,0,0
4.05,485,473,472,459,470,0,0,0,0,0,0
4.1,484,476,479,471,479,0,0,0,0,0,0
4.1499999999999995,487,471,476,470,474,0,0,0,0,0,0
4.199999999999999,508,501,505,500,505,0,0,0,0,0,0
4.249999999999999,515,502,508,497,506,0,0,0,0,0,0
4.299999999999999,491,486,486,475,485,0,0,0,0,0,0
4.349999999999999,505,493,495,485,496,0,0,0,0,0,0
4.399999999999999,459,449,452,444,449,0,0,0,0,0,0
4.449999999999998,481,462,466,460,467,0,0,0,0,0,0
4.499999999999998,481,470,473,460,476,0,0,0,0,0,0
4.549999999999998,432,413,411,406,416,0,0,0,0,0,0
4.599999999999998,501,479,482,468,484,0,0,0,0,0,0
4.649999999999998,510,471,473,463,479,0,0,0,0,0,0
4.6999999999999975,530,494,496,488,500,0,0,0,0,0,0
4.749999999999997,503,444,449,442,450,0,0,0,0,0,0
4.799999999999997,489,423,423,432,432,0,0,0,0,0,0
4.849999999999997,483,407,409,399,415,0,0,0,0,0,0
4.899999999999997,519,410,415,403,421,0,0,0,0,0,0
4.949999999999997,471,360,366,359,370,0,0,0,0,0,0
4.9999999999999964,464,340,347,338,352,0,0,0,0,0,0
5.049999999999996,509,322,326,331,333,0,0,0,0,0,0
5.099999999999996,477,281,284,291,293,0,0,0,0,0,0
5.149999999999996,501,298,294,299,304,0,0,0,0,0,0
5.199999999999996,500,243,244,251,250,0,0,0,0,0,0
5.249999999999996,476,209,213,213,220,0,0,0,0,0,0
5.299999999999995,488,176,187,196,193,0,0,0,0,0,0
5.349999999999995,507,179,184,187,189,0,0,0,0,0,0
5.399999999999995,505,145,143,155,153,0,0,0,0,0,0
5.449999999999995,486,115,118,122,123,0,0,0,0,0,0
5.499999999999995,501,93,93,100,97,0,0,0,0,0,0
5.5499999999999945,492,78,78,83,82,0,0,0,0,0,0
5.599999999999994,491,54,53,59,56,0,0,0,0,0,0
5.649999999999994,530,61,62,64,63,0,0,0,0,0,0
5.699999999999994,469,40,41,43,44,0,0,0,0,0,0
5.749999999999994,490,25,25,26,26,0,0,0,0,0,0
5.799999999999994,498,22,24,24,24,0,0,0,0,0,0
5.849999999999993,473,14,14,14,14,0,0,0,0,0,0
5.899999999999993,492,16,18,20,18,0,0,0,0,0,0
5.949999999999993,471,4,4,5,5,0,0,0,0,0,0
5.999999999999993,539,3,3,3,3,0,0,0,0,0,0
6.049999999999993,478,1,1,1,1,0,0,0,0,0,0
6.0999999999999925,523,4,4,4,4,0,0,0,0,0,0
6.149999999999992,502,1,1,1,1,0,0,0,0,0,0
6.199999999999992,486,0,0,0,0,0,0,0,0,0,0
6.249999999999992,454,1,1,1,1,0,0,0,0,0,0
6.299999999999992,513,0,0,0,0,0,0,0,0,0,0
6.349999999999992,469,0,0,0,0,0,0,0,0,0,0
6.3999999999999915,485,0,0,0,0,0,0,0,0,0,0
6.449999999999991,490,0,0,0,0,0,0,0,0,0,0
6.499999999999991,499,0,0,0,0,0,0,0,0,0,0
6.549999999999991,466,0,0,0,0,0,0,0,0,0,0
6.599999999999991,531,0,0,0,0,0,0,0,0,0,0
6.649999999999991,459,0,0,0,0,0,0,0,0,0,0
6.69999999999999,536,0,0,0,0,0,0,0,0,0,0
6.74999999999999,476,0,0,0,0,0,0,0,0,0,0
6.79999999999999,507,0,0,0,0,0,0,0,0,0,0
6.84999999999999,496,0,0,0,0,0,0,0,0,0,0
6.89999999999999,484,0,0,0,0,0,0,0,0,0,0
6.9499999999999895,471,0,0,0,0,0,0,0,0,0,0
6.999999999999989,486,0,0,0,0,0,0,0,0,0,0
7.049999999999989,478,0,0,0,0,0,0,0,0,0,0
7.099999999999989,514,0,0,0,0,0,0,0,0,0,0
7.149999999999989,536,0,0,0,0,0,0,0,0,0,0
7.199999999999989,474,0,0,0,0,0,0,0,0,0,0
7.2499999999999885,471,0,0,0,0,0,0,0,0,0,0
7.299999999999988,494,0,0,0,0,0,0,0,0,0,0
7.349999999999988,479,0,0,0,0,0,0,0,0,0,0
7.399999999999988,499,0,0,0,0,0,0,0,0,0,0
7.449999999999988,484,0,0,0,0,0,0,0,0,0,0
7.499999999999988,465,0,0,0,0,0,0,0,0,0,0
7.549999999999987,506,0,0,0,0,0,0,0,0,0,0
7.599999999999987,488,0,0,0,0,0,0,0,0,0,0
7.649999999999987,504,0,0,0,0,0,0,0,0,0,0
7.699999999999987,470,0,0,0,0,0,0,0,0,0,0
7.749999999999987,492,0,0,0,0,0,0,0,0,0,0
7.7999999999999865,497,0,0,0,0,0,0,0,0,0,0
7.849999999999986,489,0,0,0,0,0,0,0,0,0,0
7.899999999999986,473,0,0,0,0,0,0,0,0,0,0
7.949999999999986,495,0,0,0,0,0,0,0,0,0,0
7.999999999999986,490,0,0,0,0,0,0,0,0,0,0
8.049999999999986,493,0,0,0,0,0,0,0,0,0,0
8.099999999999987,511,0,0,0,0,0,0,0,0,0,0
8.149999999999988,505,0,0,0,0,0,0,0,0,0,0
8.199999999999989,493,0,0,0,0,0,0,0,0,0,0
8.24999999999999,471,0,0,0,0,0,0,0,0,0,0
8.29999999999999,433,0,0,0,0,0,0,0,0,0,0
8.34999999999999,385,0,0,0,0,0,0,0,0,0,0
8.399999999999991,355,0,0,0,0,0,0,0,0,0,0
8.449999999999992,272,0,0,0,0,0,0,0,0,0,0
8.499999999999993,216,0,0,0,0,0,0,0,0,0,0
8.549999999999994,157,0,0,0,0,0,0,0,0,0,0
8.599999999999994,89,0,0,0,0,0,0,0,0,0,0
8.649999999999995,42,0,0,0,0,0,0,0,0,0,0
8.699999999999996,0,0,0,0,0,0,0,0,0,0,0
8.749999999999996,0,0,0,0,0,0,0,0,0,0,0
8.799999999999997,0,0,0,0,0,0,0,0,0,0,0
8.849999999999998,0,0,0,0,0,0,0,0,0,0,0
8.899999999999999,0,0,0,0,0,0,0,0,0,0,0
8.95,0,0,0,0,0,0,0,0,0,0,0
9.0,0,0,0,0,0,0,0,0,0,0,0
9.05,0,0,0,0,0,0,0,0,0,0,0
9.100000000000001,0,0,0,0,0,0,0,0,0,0,0
9.150000000000002,0,0,0,0,0,0,0,0,0,0,0
9.200000000000003,0,0,0,0,0,0,0,0,0,0,0
9.250000000000004,0,0,0,0,0,0,0,0,0,0,0
9.300000000000004,0,0,0,0,0,0,0,0,0,0,0
9.350000000000005,0,0,0,0,0,0,0,0,0,0,0
9.400000000000006,0,0,0,0,0,0,0,0,0,0,0
9.450000000000006,0,0,0,0,0,0,0,0,0,0,0
9.500000000000007,0,0,0,0,0,0,0,0,0,0,0
9.550000000000008,0,0,0,0,0,0,0,0,0,0,0
9.600000000000009,0,0,0,0,0,0,0,0,0,0,0
9.65000000000001,0,0,0,0,0,0,0,0,0,0,0
9.70000000000001,0,0,0,0,0,0,0,0,0,0,0
9.75000000000001,0,0,0,0,0,0,0,0,0,0,0
9.800000000000011,0,0,0,0,0,0,0,0,0,0,0
9.850000000000012,0,0,0,0,0,0,0,0,0,0,0
9.900000000000013,0,0,0,0,0,0,0,0,0,0,0
9.950000000000014,0,0,0,0,0,0,0,0,0,0,0
10.000000000000014,0,0,0,0,0,0,0,0,0,0,0
10.050000000000015,0,0,0,0,0,0,0,0,0,0,0
10.100000000000016,0,0,0,0,0,0,0,0,0,0,0
10.150000000000016,0,0,0,0,0,0,0,0,0,0,0
10.200000000000017,0,0,0,0,0,0,0,0,0,0,0
10.250000000000018,0,0,0,0,0,0,0,0,0,0,0
10.300000000000018,0,0,0,0,0,0,0,0,0,0,0
10.35000000000002,0,0,0,0,0,0,0,0,0,0,0
*****
4,0.05,500,0.6,1,10,100,0.261843996326,0.0426836366557
4,500,3,5,6,5,0,0,0,0,0,0
4.05,490,4,4,4,4,0,0,0,0,0,0
4.1,490,11,11,11,11,0,0,0,0,0,0
4.1499999999999995,470,15,16,17,16,0,0,0,0,0,0
4.199999999999999,412,24,24,22,24,0,0,0,0,0,0
4.249999999999999,391,38,38,32,38,0,0,0,0,0,0
4.299999999999999,364,44,38,35,38,0,0,0,0,0,0
4.349999999999999,349,50,52,50,52,0,0,0,0,0,0
4.399999999999999,312,58,59,50,59,0,0,0,0,0,0
4.449999999999998,324,56,60,43,60,0,0,0,0,0,0
4.499999999999998,372,35,42,34,42,0,0,0,0,0,0
4.549999999999998,404,30,45,41,45,0,0,0,0,0,0
4.599999999999998,438,19,25,27,25,0,0,0,0,0,0
4.649999999999998,423,6,9,12,9,0,0,0,0,0,0
4.6999999999999975,457,7,9,7,9,0,0,0,0,0,0
4.749999999999997,448,3,3,5,3,0,0,0,0,0,0
4.799999999999997,465,1,2,2,2,0,0,0,0,0,0
4.849999999999997,464,5,5,4,5,0,0,0,0,0,0
4.899999999999997,447,2,2,1,2,0,0,0,0,0,0
4.949999999999997,459,5,6,6,6,0,0,0,0,0,0
4.9999999999999964,441,5,6,6,6,0,0,0,0,0,0
5.049999999999996,403,3,6,4,6,0,0,0,0,0,0
5.099999999999996,390,2,2,2,2,0,0,0,0,0,0
5.149999999999996,358,2,3,3,3,0,0,0,0,0,0
5.199999999999996,371,0,0,0,0,0,0,0,0,0,0
5.249999999999996,386,1,2,2,2,0,0,0,0,0,0
5.299999999999995,374,0,0,0,0,0,0,0,0,0,0
5.349999999999995,397,0,0,0,0,0,0,0,0,0,0
5.399999999999995,407,0,0,0,0,0,0,0,0,0,0
5.449999999999995,404,0,1,0,1,0,0,0,0,0,0
5.499999999999995,490,0,0,0,0,0,0,0,0,0,0
5.5499999999999945,426,0,0,0,0,0,0,0,0,0,0
5.599999999999994,435,0,0,0,0,0,0,0,0,0,0
5.649999999999994,452,0,0,0,0,0,0,0,0,0,0
5.699999999999994,421,0,0,0,0,0,0,0,0,0,0
5.749999999999994,447,0,0,0,0,0,0,0,0,0,0
5.799999999999994,425,0,0,0,0,0,0,0,0,0,0
5.849999999999993,403,0,0,0,0,0,0,0,0,0,0
5.899999999999993,425,0,0,0,0,0,0,0,0,0,0
5.949999999999993,400,0,0,0,0,0,0,0,0,0,0
5.999999999999993,373,0,0,0,0,0,0,0,0,0,0
6.049999999999993,395,0,0,0,0,0,0,0,0,0,0
6.0999999999999925,395,0,0,0,0,0,0,0,0,0,0
6.149999999999992,403,0,0,0,0,0,0,0,0,0,0
6.199999999999992,400,0,0,0,0,0,0,0,0,0,0
6.249999999999992,378,0,0,0,0,0,0,0,0,0,0
6.299999999999992,444,0,0,0,0,0,0,0,0,0,0
6.349999999999992,433,0,0,0,0,0,0,0,0,0,0
6.3999999999999915,439,0,0,0,0,0,0,0,0,0,0
6.449999999999991,447,0,0,0,0,0,0,0,0,0,0
6.499999999999991,396,0,0,0,0,0,0,0,0,0,0
6.549999999999991,436,0,0,0,0,0,0,0,0,0,0
6.599999999999991,442,0,0,0,0,0,0,0,0,0,0
6.649999999999991,428,0,0,0,0,0,0,0,0,0,0
6.69999999999999,407,0,0,0,0,0,0,0,0,0,0
6.74999999999999,379,0,0,0,0,0,0,0,0,0,0
6.79999999999999,398,0,0,0,0,0,0,0,0,0,0
6.84999999999999,416,0,0,0,0,0,0,0,0,0,0
6.89999999999999,406,0,0,0,0,0,0,0,0,0,0
6.9499999999999895,409,0,0,0,0,0,0,0,0,0,0
6.999999999999989,412,0,0,0,0,0,0,0,0,0,0
7.049999999999989,406,0,0,0,0,0,0,0,0,0,0
7.099999999999989,422,0,0,0,0,0,0,0,0,0,0
7.149999999999989,426,0,0,0,0,0,0,0,0,0,0
7.199999999999989,394,0,0,0,0,0,0,0,0,0,0
7.2499999999999885,439,0,0,0,0,0,0,0,0,0,0
7.299999999999988,459,0,0,0,0,0,0,0,0,0,0
7.349999999999988,416,0,0,0,0,0,0,0,0,0,0
7.399999999999988,417,0,0,0,0,0,0,0,0,0,0
7.449999999999988,386,0,0,0,0,0,0,0,0,0,0
7.499999999999988,433,0,0,0,0,0,0,0,0,0,0
7.549999999999987,411,0,0,0,0,0,0,0,0,0,0
7.599999999999987,405,0,0,0,0,0,0,0,0,0,0
7.649999999999987,443,0,0,0,0,0,0,0,0,0,0
7.699999999999987,397,0,0,0,0,0,0,0,0,0,0
7.749999999999987,386,0,0,0,0,0,0,0,0,0,0
7.7999999999999865,431,0,0,0,0,0,0,0,0,0,0
7.849999999999986,375,0,0,0,0,0,0,0,0,0,0
7.899999999999986,411,0,0,0,0,0,0,0,0,0,0
7.949999999999986,395,0,0,0,0,0,0,0,0,0,0
7.999999999999986,418,0,0,0,0,0,0,0,0,0,0
8.049999999999986,416,0,0,0,0,0,0,0,0,0,0
8.099999999999987,450,0,0,0,0,0,0,0,0,0,0
8.149999999999988,438,0,0,0,0,0,0,0,0,0,0
8.199999999999989,400,0,0,0,0,0,0,0,0,0,0
8.24999999999999,421,0,0,0,0,0,0,0,0,0,0
8.29999999999999,439,0,0,0,0,0,0,0,0,0,0
8.34999999999999,441,0,0,0,0,0,0,0,0,0,0
8.399999999999991,441,0,0,0,0,0,0,0,0,0,0
8.449999999999992,374,0,0,0,0,0,0,0,0,0,0
8.499999999999993,420,0,0,0,0,0,0,0,0,0,0
8.549999999999994,380,0,0,0,0,0,0,0,0,0,0
8.599999999999994,367,0,0,0,0,0,0,0,0,0,0
8.649999999999995,328,0,0,0,0,0,0,0,0,0,0
8.699999999999996,271,0,0,0,0,0,0,0,0,0,0
8.749999999999996,236,0,0,0,0,0,0,0,0,0,0
8.799999999999997,181,0,0,0,0,0,0,0,0,0,0
8.849999999999998,130,0,0,0,0,0,0,0,0,0,0
8.899999999999999,70,0,0,0,0,0,0,0,0,0,0
8.95,23,0,0,0,0,0,0,0,0,0,0
9.0,0,0,0,0,0,0,0,0,0,0,0
9.05,0,0,0,0,0,0,0,0,0,0,0
9.100000000000001,0,0,0,0,0,0,0,0,0,0,0
9.150000000000002,0,0,0,0,0,0,0,0,0,0,0
9.200000000000003,0,0,0,0,0,0,0,0,0,0,0
9.250000000000004,0,0,0,0,0,0,0,0,0,0,0
9.300000000000004,0,0,0,0,0,0,0,0,0,0,0
9.350000000000005,0,0,0,0,0,0,0,0,0,0,0
9.400000000000006,0,0,0,0,0,0,0,0,0,0,0
9.450000000000006,0,0,0,0,0,0,0,0,0,0,0
9.500000000000007,0,0,0,0,0,0,0,0,0,0,0
9.550000000000008,0,0,0,0,0,0,0,0,0,0,0
9.600000000000009,0,0,0,0,0,0,0,0,0,0,0
9.65000000000001,0,0,0,0,0,0,0,0,0,0,0
9.70000000000001,0,0,0,0,0,0,0,0,0,0,0
9.75000000000001,0,0,0,0,0,0,0,0,0,0,0
9.800000000000011,0,0,0,0,0,0,0,0,0,0,0
9.850000000000012,0,0,0,0,0,0,0,0,0,0,0
9.900000000000013,0,0,0,0,0,0,0,0,0,0,0
9.950000000000014,0,0,0,0,0,0,0,0,0,0,0
10.000000000000014,0,0,0,0,0,0,0,0,0,0,0
10.050000000000015,0,0,0,0,0,0,0,0,0,0,0
10.100000000000016,0,0,0,0,0,0,0,0,0,0,0
10.150000000000016,0,0,0,0,0,0,0,0,0,0,0
10.200000000000017,0,0,0,0,0,0,0,0,0,0,0
10.250000000000018,0,0,0,0,0,0,0,0,0,0,0
10.300000000000018,0,0,0,0,0,0,0,0,0,0,0
10.35000000000002,0,0,0,0,0,0,0,0,0,0,0
