*****
4,0.05,500,0,1,10,100,0.130921998163,0.0426836366557
4,500,466,462,437,462,0,0,0,0,0,0
4.05,492,457,456,432,456,0,0,0,0,0,0
4.1,506,464,471,439,471,0,0,0,0,0,0
4.1499999999999995,514,473,479,459,479,0,0,0,0,0,0
4.199999999999999,520,456,461,445,461,0,0,0,0,0,0
4.249999999999999,513,437,449,427,448,0,0,0,0,0,0
4.299999999999999,489,412,423,408,424,0,0,0,0,0,0
4.349999999999999,510,411,418,405,418,0,0,0,0,0,0
4.399999999999999,540,400,418,405,418,0,0,0,0,0,0
4.449999999999998,527,368,383,375,383,0,0,0,0,0,0
4.499999999999998,541,324,339,332,339,0,0,0,0,0,0
4.549999999999998,488,271,287,285,288,0,0,0,0,0,0
4.599999999999998,516,246,260,261,260,0,0,0,0,0,0
4.649999999999998,483,192,210,217,210,0,0,0,0,0,0
4.6999999999999975,516,195,206,213,206,0,0,0,0,0,0
4.749999999999997,533,172,188,195,188,0,0,0,0,0,0
4.799999999999997,551,133,147,162,147,0,0,0,0,0,0
4.849999999999997,477,107,122,134,122,0,0,0,0,0,0
4.899999999999997,494,73,80,81,80,0,0,0,0,0,0
4.949999999999997,505,60,71,72,71,0,0,0,0,0,0
4.9999999999999964,560,55,60,69,61,0,0,0,0,0,0
5.049999999999996,531,40,44,51,44,0,0,0,0,0,0
5.099999999999996,533,32,33,42,33,0,0,0,0,0,0
5.149999999999996,531,11,11,18,11,0,0,0,0,0,0
5.199999999999996,474,19,19,18,19,0,0,0,0,0,0
5.249999999999996,524,11,12,13,12,0,0,0,0,0,0
5.299999999999995,492,8,9,8,9,0,0,0,0,0,0
5.349999999999995,533,8,8,10,8,0,0,0,0,0,0
5.399999999999995,467,3,4,5,4,0,0,0,0,0,0
5.449999999999995,506,3,5,5,5,0,0,0,0,0,0
5.499999999999995,511,3,3,3,3,0,0,0,0,0,0
5.5499999999999945,515,2,2,2,2,0,0,0,0,0,0
5.599999999999994,511,1,1,1,1,0,0,0,0,0,0
5.649999999999994,505,0,0,0,0,0,0,0,0,0,0
5.699999999999994,505,0,0,0,0,0,0,0,0,0,0
5.749999999999994,497,0,0,0,0,0,0,0,0,0,0
5.799999999999994,571,0,0,0,0,0,0,0,0,0,0
5.849999999999993,504,0,0,0,0,0,0,0,0,0,0
5.899999999999993,515,0,0,0,0,0,0,0,0,0,0
5.949999999999993,526,0,0,0,0,0,0,0,0,0,0
5.999999999999993,512,0,0,0,0,0,0,0,0,0,0
6.049999999999993,534,0,0,0,0,0,0,0,0,0,0
6.0999999999999925,490,0,0,0,0,0,0,0,0,0,0
6.149999999999992,472,0,0,0,0,0,0,0,0,0,0
6.199999999999992,484,0,0,0,0,0,0,0,0,0,0
6.249999999999992,526,0,0,0,0,0,0,0,0,0,0
6.299999999999992,514,0,0,0,0,0,0,0,0,0,0
6.349999999999992,535,0,0,0,0,0,0,0,0,0,0
6.3999999999999915,498,0,0,0,0,0,0,0,0,0,0
6.449999999999991,474,0,0,0,0,0,0,0,0,0,0
6.499999999999991,541,0,0,0,0,0,0,0,0,0,0
6.549999999999991,516,0,0,0,0,0,0,0,0,0,0
6.599999999999991,532,0,0,0,0,0,0,0,0,0,0
6.649999999999991,462,0,0,0,0,0,0,0,0,0,0
6.69999999999999,534,0,0,0,0,0,0,0,0,0,0
6.74999999999999,483,0,0,0,0,0,0,0,0,0,0
6.79999999999999,503,0,0,0,0,0,0,0,0,0,0
6.84999999999999,490,0,0,0,0,0,0,0,0,0,0
6.89999999999999,486,0,0,0,0,0,0,0,0,0,0
6.9499999999999895,519,0,0,0,0,0,0,0,0,0,0
6.999999999999989,467,0,0,0,0,0,0,0,0,0,0
7.049999999999989,559,0,0,0,0,0,0,0,0,0,0
7.099999999999989,519,0,0,0,0,0,0,0,0,0,0
7.149999999999989,519,0,0,0,0,0,0,0,0,0,0
7.199999999999989,561,0,0,0,0,0,0,0,0,0,0
7.2499999999999885,504,0,0,0,0,0,0,0,0,0,0
7.299999999999988,497,0,0,0,0,0,0,0,0,0,0
7.349999999999988,545,0,0,0,0,0,0,0,0,0,0
7.399999999999988,507,0,0,0,0,0,0,0,0,0,0
7.449999999999988,483,0,0,0,0,0,0,0,0,0,0
7.499999999999988,499,0,0,0,0,0,0,0,0,0,0
7.549999999999987,492,0,0,0,0,0,0,0,0,0,0
7.599999999999987,525,0,0,0,0,0,0,0,0,0,0
7.649999999999987,502,0,0,0,0,0,0,0,0,0,0
7.699999999999987,516,0,0,0,0,0,0,0,0,0,0
7.749999999999987,534,0,0,0,0,0,0,0,0,0,0
7.7999999999999865,516,0,0,0,0,0,0,0,0,0,0
7.849999999999986,497,0,0,0,0,0,0,0,0,0,0
7.899999999999986,508,0,0,0,0,0,0,0,0,0,0
7.949999999999986,511,0,0,0,0,0,0,0,0,0,0
7.999999999999986,518,0,0,0,0,0,0,0,0,0,0
8.049999999999986,443,0,0,0,0,0,0,0,0,0,0
8.099999999999987,477,0,0,0,0,0,0,0,0,0,0
8.149999999999988,442,0,0,0,0,0,0,0,0,0,0
8.199999999999989,392,0,0,0,0,0,0,0,0,0,0
8.24999999999999,335,0,0,0,0,0,0,0,0,0,0
8.29999999999999,347,0,0,0,0,0,0,0,0,0,0
8.34999999999999,291,0,0,0,0,0,0,0,0,0,0
8.399999999999991,285,0,0,0,0,0,0,0,0,0,0
8.449999999999992,310,0,0,0,0,0,0,0,0,0,0
8.499999999999993,237,0,0,0,0,0,0,0,0,0,0
8.549999999999994,235,0,0,0,0,0,0,0,0,0,0
8.599999999999994,189,0,0,0,0,0,0,0,0,0,0
8.649999999999995,155,0,0,0,0,0,0,0,0,0,0
8.699999999999996,144,0,0,0,0,0,0,0,0,0,0
8.749999999999996,117,0,0,0,0,0,0,0,0,0,0
8.799999999999997,91,0,0,0,0,0,0,0,0,0,0
8.849999999999998,63,0,0,0,0,0,0,0,0,0,0
8.899999999999999,46,0,0,0,0,0,0,0,0,0,0
8.95,11,0,0,0,0,0,0,0,0,0,0
9.0,0,0,0,0,0,0,0,0,0,0,0
9.05,0,0,0,0,0,0,0,0,0,0,0
9.100000000000001,0,0,0,0,0,0,0,0,0,0,0
9.150000000000002,0,0,0,0,0,0,0,0,0,0,0
9.200000000000003,0,0,0,0,0,0,0,0,0,0,0
9.250000000000004,0,0,0,0,0,0,0,0,0,0,0
9.300000000000004,0,0,0,0,0,0,0,0,0,0,0
9.350000000000005,0,0,0,0,0,0,0,0,0,0,0
9.400000000000006,0,0,0,0,0,0,0,0,0,0,0
9.450000000000006,0,0,0,0,0,0,0,0,0,0,0
9.500000000000007,0,0,0,0,0,0,0,0,0,0,0
9.550000000000008,0,0,0,0,0,0,0,0,0,0,0
9.600000000000009,0,0,0,0,0,0,0,0,0,0,0
9.65000000000001,0,0,0,0,0,0,0,0,0,0,0
9.70000000000001,0,0,0,0,0,0,0,0,0,0,0
9.75000000000001,0,0,0,0,0,0,0,0,0,0,0
9.800000000000011,0,0,0,0,0,0,0,0,0,0,0
9.850000000000012,0,0,0,0,0,0,0,0,0,0,0
9.900000000000013,0,0,0,0,0,0,0,0,0,0,0
9.950000000000014,0,0,0,0,0,0,0,0,0,0,0
10.000000000000014,0,0,0,0,0,0,0,0,0,0,0
10.050000000000015,0,0,0,0,0,0,0,0,0,0,0
10.100000000000016,0,0,0,0,0,0,0,0,0,0,0
10.150000000000016,0,0,0,0,0,0,0,0,0,0,0
10.200000000000017,0,0,0,0,0,0,0,0,0,0,0
10.250000000000018,0,0,0,0,0,0,0,0,0,0,0
10.300000000000018,0,0,0,0,0,0,0,0,0,0,0
10.35000000000002,0,0,0,0,0,0,0,0,0,0,0
*****
4,0.05,500,0,0.4,10,100,0.130921998163,0.0426836366557
4,500,500,500,500,500,0,0,0,0,0,0
4.05,545,545,545,545,545,0,0,0,0,0,0
4.1,529,529,529,529,529,0,0,0,0,0,0
4.1499999999999995,522,522,522,522,522,0,0,0,0,0,0
4.199999999999999,497,497,497,497,497,0,0,0,0,0,0
4.249999999999999,515,515,515,515,515,0,0,0,0,0,0
4.299999999999999,541,541,541,541,541,0,0,0,0,0,0
4.349999999999999,507,507,507,507,507,0,0,0,0,0,0
4.399999999999999,469,469,469,469,469,0,0,0,0,0,0
4.449999999999998,478,478,478,478,478,0,0,0,0,0,0
4.499999999999998,526,526,526,526,526,0,0,0,0,0,0
4.549999999999998,504,504,504,504,504,0,0,0,0,0,0
4.599999999999998,474,474,474,474,474,0,0,0,0,0,0
4.649999999999998,489,489,489,489,489,0,0,0,0,0,0
4.6999999999999975,485,485,485,485,485,0,0,0,0,0,0
4.749999999999997,510,510,510,510,510,0,0,0,0,0,0
4.799999999999997,517,517,517,517,517,0,0,0,0,0,0
4.849999999999997,512,511,510,512,511,0,0,0,0,0,0
4.899999999999997,548,548,547,548,548,0,0,0,0,0,0
4.949999999999997,463,460,460,463,460,0,0,0,0,0,0
4.9999999999999964,504,495,494,502,495,0,0,0,0,0,0
5.049999999999996,504,482,482,494,483,0,0,0,0,0,0
5.099999999999996,515,473,472,497,476,0,0,0,0,0,0
5.149999999999996,516,460,458,481,461,0,0,0,0,0,0
5.199999999999996,558,449,448,485,451,0,0,0,0,0,0
5.249999999999996,487,327,330,376,333,0,0,0,0,0,0
5.299999999999995,489,258,259,302,261,0,0,0,0,0,0
5.349999999999995,518,208,207,250,208,0,0,0,0,0,0
5.399999999999995,516,144,145,183,146,0,0,0,0,0,0
5.449999999999995,509,91,91,109,92,0,0,0,0,0,0
5.499999999999995,557,56,56,66,56,0,0,0,0,0,0
5.5499999999999945,448,23,25,34,25,0,0,0,0,0,0
5.599999999999994,518,19,19,21,19,0,0,0,0,0,0
5.649999999999994,491,4,4,6,4,0,0,0,0,0,0
5.699999999999994,488,1,1,1,1,0,0,0,0,0,0
5.749999999999994,517,0,0,0,0,0,0,0,0,0,0
5.799999999999994,497,0,0,0,0,0,0,0,0,0,0
5.849999999999993,518,0,0,0,0,0,0,0,0,0,0
5.899999999999993,525,0,0,0,0,0,0,0,0,0,0
5.949999999999993,515,0,0,0,0,0,0,0,0,0,0
5.999999999999993,506,0,0,0,0,0,0,0,0,0,0
6.049999999999993,522,0,0,0,0,0,0,0,0,0,0
6.0999999999999925,478,0,0,0,0,0,0,0,0,0,0
6.149999999999992,505,0,0,0,0,0,0,0,0,0,0
6.199999999999992,518,0,0,0,0,0,0,0,0,0,0
6.249999999999992,502,0,0,0,0,0,0,0,0,0,0
6.299999999999992,522,0,0,0,0,0,0,0,0,0,0
6.349999999999992,505,0,0,0,0,0,0,0,0,0,0
6.3999999999999915,514,0,0,0,0,0,0,0,0,0,0
6.449999999999991,525,0,0,0,0,0,0,0,0,0,0
6.499999999999991,522,0,0,0,0,0,0,0,0,0,0
6.549999999999991,513,0,0,0,0,0,0,0,0,0,0
6.599999999999991,426,0,0,0,0,0,0,0,0,0,0
6.649999999999991,490,0,0,0,0,0,0,0,0,0,0
6.69999999999999,512,0,0,0,0,0,0,0,0,0,0
6.74999999999999,523,0,0,0,0,0,0,0,0,0,0
6.79999999999999,492,0,0,0,0,0,0,0,0,0,0
6.84999999999999,525,0,0,0,0,0,0,0,0,0,0
6.89999999999999,480,0,0,0,0,0,0,0,0,0,0
6.9499999999999895,497,0,0,0,0,0,0,0,0,0,0
6.999999999999989,488,0,0,0,0,0,0,0,0,0,0
7.049999999999989,526,0,0,0,0,0,0,0,0,0,0
7.099999999999989,465,0,0,0,0,0,0,0,0,0,0
7.149999999999989,532,0,0,0,0,0,0,0,0,0,0
7.199999999999989,474,0,0,0,0,0,0,0,0,0,0
7.2499999999999885,526,0,0,0,0,0,0,0,0,0,0
7.299999999999988,510,0,0,0,0,0,0,0,0,0,0
7.349999999999988,499,0,0,0,0,0,0,0,0,0,0
7.399999999999988,504,0,0,0,0,0,0,0,0,0,0
7.449999999999988,468,0,0,0,0,0,0,0,0,0,0
7.499999999999988,510,0,0,0,0,0,0,0,0,0,0
7.549999999999987,476,0,0,0,0,0,0,0,0,0,0
7.599999999999987,536,0,0,0,0,0,0,0,0,0,0
7.649999999999987,516,0,0,0,0,0,0,0,0,0,0
7.699999999999987,507,0,0,0,0,0,0,0,0,0,0
7.749999999999987,525,0,0,0,0,0,0,0,0,0,0
7.7999999999999865,510,0,0,0,0,0,0,0,0,0,0
7.849999999999986,502,0,0,0,0,0,0,0,0,0,0
7.899999999999986,493,0,0,0,0,0,0,0,0,0,0
7.949999999999986,484,0,0,0,0,0,0,0,0,0,0
7.999999999999986,480,0,0,0,0,0,0,0,0,0,0
8.049999999999986,387,0,0,0,0,0,0,0,0,0,0
8.099999999999987,331,0,0,0,0,0,0,0,0,0,0
8.149999999999988,321,0,0,0,0,0,0,0,0,0,0
8.199999999999989,214,0,0,0,0,0,0,0,0,0,0
8.24999999999999,157,0,0,0,0,0,0,0,0,0,0
8.29999999999999,108,0,0,0,0,0,0,0,0,0,0
8.34999999999999,26,0,0,0,0,0,0,0,0,0,0
8.399999999999991,0,0,0,0,0,0,0,0,0,0,0
8.449999999999992,0,0,0,0,0,0,0,0,0,0,0
8.499999999999993,0,0,0,0,0,0,0,0,0,0,0
8.549999999999994,0,0,0,0,0,0,0,0,0,0,0
8.599999999999994,0,0,0,0,0,0,0,0,0,0,0
8.649999999999995,0,0,0,0,0,0,0,0,0,0,0
8.699999999999996,0,0,0,0,0,0,0,0,0,0,0
8.749999999999996,0,0,0,0,0,0,0,0,0,0,0
8.799999999999997,0,0,0,0,0,0,0,0,0,0,0
8.849999999999998,0,0,0,0,0,0,0,0,0,0,0
8.899999999999999,0,0,0,0,0,0,0,0,0,0,0
8.95,0,0,0,0,0,0,0,0,0,0,0
9.0,0,0,0,0,0,0,0,0,0,0,0
9.05,0,0,0,0,0,0,0,0,0,0,0
9.100000000000001,0,0,0,0,0,0,0,0,0,0,0
9.150000000000002,0,0,0,0,0,0,0,0,0,0,0
9.200000000000003,0,0,0,0,0,0,0,0,0,0,0
9.250000000000004,0,0,0,0,0,0,0,0,0,0,0
9.300000000000004,0,0,0,0,0,0,0,0,0,0,0
9.350000000000005,0,0,0,0,0,0,0,0,0,0,0
9.400000000000006,0,0,0,0,0,0,0,0,0,0,0
9.450000000000006,0,0,0,0,0,0,0,0,0,0,0
9.500000000000007,0,0,0,0,0,0,0,0,0,0,0
9.550000000000008,0,0,0,0,0,0,0,0,0,0,0
9.600000000000009,0,0,0,0,0,0,0,0,0,0,0
9.65000000000001,0,0,0,0,0,0,0,0,0,0,0
9.70000000000001,0,0,0,0,0,0,0,0,0,0,0
9.75000000000001,0,0,0,0,0,0,0,0,0,0,0
9.800000000000011,0,0,0,0,0,0,0,0,0,0,0
9.850000000000012,0,0,0,0,0,0,0,0,0,0,0
9.900000000000013,0,0,0,0,0,0,0,0,0,0,0
9.950000000000014,0,0,0,0,0,0,0,0,0,0,0
10.000000000000014,0,0,0,0,0,0,0,0,0,0,0
10.050000000000015,0,0,0,0,0,0,0,0,0,0,0
10.100000000000016,0,0,0,0,0,0,0,0,0,0,0
10.150000000000016,0,0,0,0,0,0,0,0,0,0,0
10.200000000000017,0,0,0,0,0,0,0,0,0,0,0
10.250000000000018,0,0,0,0,0,0,0,0,0,0,0
10.300000000000018,0,0,0,0,0,0,0,0,0,0,0
10.35000000000002,0,0,0,0,0,0,0,0,0,0,0
*****
4,0.05,500,0.3,0.7,10,100,0.130921998163,0.0426836366557
4,500,496,496,488,496,0,0,0,0,0,0
4.05,535,528,531,518,531,0,0,0,0,0,0
4.1,582,576,577,564,577,0,0,0,0,0,0
4.1499999999999995,551,545,545,539,545,0,0,0,0,0,0
4.199999999999999,564,555,555,548,555,0,0,0,0,0,0
4.249999999999999,577,573,575,564,575,0,0,0,0,0,0
4.299999999999999,568,564,565,552,565,0,0,0,0,0,0
4.349999999999999,542,541,541,527,541,0,0,0,0,0,0
4.399999999999999,556,552,553,543,553,0,0,0,0,0,0
4.449999999999998,550,547,548,534,548,0,0,0,0,0,0
4.499999999999998,582,576,577,560,577,0,0,0,0,0,0
4.549999999999998,539,527,530,513,530,0,0,0,0,0,0
4.599999999999998,531,521,523,510,523,0,0,0,0,0,0
4.649999999999998,524,518,518,503,518,0,0,0,0,0,0
4.6999999999999975,549,532,536,519,536,0,0,0,0,0,0
4.749999999999997,557,536,538,523,538,0,0,0,0,0,0
4.799999999999997,600,570,575,557,575,0,0,0,0,0,0
4.849999999999997,548,506,512,483,512,0,0,0,0,0,0
4.899999999999997,596,531,546,528,546,0,0,0,0,0,0
4.949999999999997,559,504,515,493,515,0,0,0,0,0,0
4.9999999999999964,567,452,464,444,464,0,0,0,0,0,0
5.049999999999996,573,449,456,442,456,0,0,0,0,0,0
5.099999999999996,504,369,378,371,380,0,0,0,0,0,0
5.149999999999996,547,351,369,372,369,0,0,0,0,0,0
5.199999999999996,549,337,347,354,347,0,0,0,0,0,0
5.249999999999996,552,292,305,315,305,0,0,0,0,0,0
5.299999999999995,549,248,254,259,255,0,0,0,0,0,0
5.349999999999995,593,226,233,234,233,0,0,0,0,0,0
5.399999999999995,578,176,185,193,187,0,0,0,0,0,0
5.449999999999995,545,127,130,132,130,0,0,0,0,0,0
5.499999999999995,569,108,112,121,112,0,0,0,0,0,0
5.5499999999999945,541,73,76,80,76,0,0,0,0,0,0
5.599999999999994,524,51,54,59,54,0,0,0,0,0,0
5.649999999999994,538,26,29,30,29,0,0,0,0,0,0
5.699999999999994,555,19,19,20,19,0,0,0,0,0,0
5.749999999999994,550,8,8,8,8,0,0,0,0,0,0
5.799999999999994,570,8,9,9,9,0,0,0,0,0,0
5.849999999999993,564,3,3,3,3,0,0,0,0,0,0
5.899999999999993,566,1,1,1,1,0,0,0,0,0,0
5.949999999999993,566,0,0,0,0,0,0,0,0,0,0
5.999999999999993,575,0,0,0,0,0,0,0,0,0,0
6.049999999999993,552,0,0,0,0,0,0,0,0,0,0
6.0999999999999925,534,0,0,0,0,0,0,0,0,0,0
6.149999999999992,611,0,0,0,0,0,0,0,0,0,0
6.199999999999992,530,0,0,0,0,0,0,0,0,0,0
6.249999999999992,573,0,0,0,0,0,0,0,0,0,0
6.299999999999992,557,0,0,0,0,0,0,0,0,0,0
6.349999999999992,543,0,0,0,0,0,0,0,0,0,0
6.3999999999999915,598,0,0,0,0,0,0,0,0,0,0
6.449999999999991,538,0,0,0,0,0,0,0,0,0,0
6.499999999999991,556,0,0,0,0,0,0,0,0,0,0
6.549999999999991,548,0,0,0,0,0,0,0,0,0,0
6.599999999999991,581,0,0,0,0,0,0,0,0,0,0
6.649999999999991,585,0,0,0,0,0,0,0,0,0,0
6.69999999999999,541,0,0,0,0,0,0,0,0,0,0
6.74999999999999,600,0,0,0,0,0,0,0,0,0,0
6.79999999999999,529,0,0,0,0,0,0,0,0,0,0
6.84999999999999,544,0,0,0,0,0,0,0,0,0,0
6.89999999999999,566,0,0,0,0,0,0,0,0,0,0
6.9499999999999895,554,0,0,0,0,0,0,0,0,0,0
6.999999999999989,520,0,0,0,0,0,0,0,0,0,0
7.049999999999989,592,0,0,0,0,0,0,0,0,0,0
7.099999999999989,560,0,0,0,0,0,0,0,0,0,0
7.149999999999989,564,0,0,0,0,0,0,0,0,0,0
7.199999999999989,524,0,0,0,0,0,0,0,0,0,0
7.2499999999999885,535,0,0,0,0,0,0,0,0,0,0
7.299999999999988,566,0,0,0,0,0,0,0,0,0,0
7.349999999999988,553,0,0,0,0,0,0,0,0,0,0
7.399999999999988,547,0,0,0,0,0,0,0,0,0,0
7.449999999999988,569,0,0,0,0,0,0,0,0,0,0
7.499999999999988,598,0,0,0,0,0,0,0,0,0,0
7.549999999999987,564,0,0,0,0,0,0,0,0,0,0
7.599999999999987,538,0,0,0,0,0,0,0,0,0,0
7.649999999999987,558,0,0,0,0,0,0,0,0,0,0
7.699999999999987,575,0,0,0,0,0,0,0,0,0,0
7.749999999999987,566,0,0,0,0,0,0,0,0,0,0
7.7999999999999865,545,0,0,0,0,0,0,0,0,0,0
7.849999999999986,551,0,0,0,0,0,0,0,0,0,0
7.899999999999986,561,0,0,0,0,0,0,0,0,0,0
7.949999999999986,523,0,0,0,0,0,0,0,0,0,0
7.999999999999986,566,0,0,0,0,0,0,0,0,0,0
8.049999999999986,589,0,0,0,0,0,0,0,0,0,0
8.099999999999987,530,0,0,0,0,0,0,0,0,0,0
8.149999999999988,571,0,0,0,0,0,0,0,0,0,0
8.199999999999989,572,0,0,0,0,0,0,0,0,0,0
8.24999999999999,561,0,0,0,0,0,0,0,0,0,0
8.29999999999999,501,0,0,0,0,0,0,0,0,0,0
8.34999999999999,464,0,0,0,0,0,0,0,0,0,0
8.399999999999991,397,0,0,0,0,0,0,0,0,0,0
8.449999999999992,308,0,0,0,0,0,0,0,0,0,0
8.499999999999993,225,0,0,0,0,0,0,0,0,0,0
8.549999999999994,173,0,0,0,0,0,0,0,0,0,0
8.599999999999994,81,0,0,0,0,0,0,0,0,0,0
8.649999999999995,35,0,0,0,0,0,0,0,0,0,0
8.699999999999996,0,0,0,0,0,0,0,0,0,0,0
8.749999999999996,0,0,0,0,0,0,0,0,0,0,0
8.799999999999997,0,0,0,0,0,0,0,0,0,0,0
8.849999999999998,0,0,0,0,0,0,0,0,0,0,0
8.899999999999999,0,0,0,0,0,0,0,0,0,0,0
8.95,0,0,0,0,0,0,0,0,0,0,0
9.0,0,0,0,0,0,0,0,0,0,0,0
9.05,0,0,0,0,0,0,0,0,0,0,0
9.100000000000001,0,0,0,0,0,0,0,0,0,0,0
9.150000000000002,0,0,0,0,0,0,0,0,0,0,0
9.200000000000003,0,0,0,0,0,0,0,0,0,0,0
9.250000000000004,0,0,0,0,0,0,0,0,0,0,0
9.300000000000004,0,0,0,0,0,0,0,0,0,0,0
9.350000000000005,0,0,0,0,0,0,0,0,0,0,0
9.400000000000006,0,0,0,0,0,0,0,0,0,0,0
9.450000000000006,0,0,0,0,0,0,0,0,0,0,0
9.500000000000007,0,0,0,0,0,0,0,0,0,0,0
9.550000000000008,0,0,0,0,0,0,0,0,0,0,0
9.600000000000009,0,0,0,0,0,0,0,0,0,0,0
9.65000000000001,0,0,0,0,0,0,0,0,0,0,0
9.70000000000001,0,0,0,0,0,0,0,0,0,0,0
9.75000000000001,0,0,0,0,0,0,0,0,0,0,0
9.800000000000011,0,0,0,0,0,0,0,0,0,0,0
9.850000000000012,0,0,0,0,0,0,0,0,0,0,0
9.900000000000013,0,0,0,0,0,0,0,0,0,0,0
9.950000000000014,0,0,0,0,0,0,0,0,0,0,0
10.000000000000014,0,0,0,0,0,0,0,0,0,0,0
10.050000000000015,0,0,0,0,0,0,0,0,0,0,0
10.100000000000016,0,0,0,0,0,0,0,0,0,0,0
10.150000000000016,0,0,0,0,0,0,0,0,0,0,0
10.200000000000017,0,0,0,0,0,0,0,0,0,0,0
10.250000000000018,0,0,0,0,0,0,0,0,0,0,0
10.300000000000018,0,0,0,0,0,0,0,0,0,0,0
10.35000000000002,0,0,0,0,0,0,0,0,0,0,0
*****
4,0.05,500,0.6,1,10,100,0.130921998163,0.0426836366557
4,500,3,3,2,3,0,0,0,0,0,0
4.05,477,4,6,6,6,0,0,0,0,0,0
4.1,497,12,8,9,8,0,0,0,0,0,0
4.1499999999999995,423,6,6,4,6,0,0,0,0,0,0
4.199999999999999,440,5,11,12,11,0,0,0,0,0,0
4.249999999999999,408,15,15,17,15,0,0,0,0,0,0
4.299999999999999,359,23,23,18,23,0,0,0,0,0,0
4.349999999999999,347,32,36,29,36,0,0,0,0,0,0
4.399999999999999,346,21,23,24,23,0,0,0,0,0,0
4.449999999999998,342,9,12,20,12,0,0,0,0,0,0
4.499999999999998,379,6,14,16,14,0,0,0,0,0,0
4.549999999999998,390,1,3,4,3,0,0,0,0,0,0
4.599999999999998,423,0,0,0,0,0,0,0,0,0,0
4.649999999999998,408,1,2,3,2,0,0,0,0,0,0
4.6999999999999975,476,2,2,2,2,0,0,0,0,0,0
4.749999999999997,473,3,2,2,2,0,0,0,0,0,0
4.799999999999997,460,1,2,2,2,0,0,0,0,0,0
4.849999999999997,457,1,0,0,0,0,0,0,0,0,0
4.899999999999997,464,0,1,1,1,0,0,0,0,0,0
4.949999999999997,405,1,1,1,1,0,0,0,0,0,0
4.9999999999999964,442,0,0,0,0,0,0,0,0,0,0
5.049999999999996,393,0,0,0,0,0,0,0,0,0,0
5.099999999999996,442,0,0,0,0,0,0,0,0,0,0
5.149999999999996,354,0,0,0,0,0,0,0,0,0,0
5.199999999999996,400,0,0,0,0,0,0,0,0,0,0
5.249999999999996,397,0,0,0,0,0,0,0,0,0,0
5.299999999999995,361,0,0,0,0,0,0,0,0,0,0
5.349999999999995,366,0,0,0,0,0,0,0,0,0,0
5.399999999999995,407,0,0,0,0,0,0,0,0,0,0
5.449999999999995,441,0,0,0,0,0,0,0,0,0,0
5.499999999999995,443,0,0,0,0,0,0,0,0,0,0
5.5499999999999945,416,0,0,0,0,0,0,0,0,0,0
5.599999999999994,444,0,0,0,0,0,0,0,0,0,0
5.649999999999994,423,0,0,0,0,0,0,0,0,0,0
5.699999999999994,464,0,0,0,0,0,0,0,0,0,0
5.749999999999994,443,0,0,0,0,0,0,0,0,0,0
5.799999999999994,442,0,0,0,0,0,0,0,0,0,0
5.849999999999993,409,0,0,0,0,0,0,0,0,0,0
5.899999999999993,373,0,0,0,0,0,0,0,0,0,0
5.949999999999993,369,0,0,0,0,0,0,0,0,0,0
5.999999999999993,416,0,0,0,0,0,0,0,0,0,0
6.049999999999993,416,0,0,0,0,0,0,0,0,0,0
6.0999999999999925,405,0,0,0,0,0,0,0,0,0,0
6.149999999999992,411,0,0,0,0,0,0,0,0,0,0
6.199999999999992,421,0,0,0,0,0,0,0,0,0,0
6.249999999999992,400,0,0,0,0,0,0,0,0,0,0
6.299999999999992,396,0,0,0,0,0,0,0,0,0,0
6.349999999999992,430,0,0,0,0,0,0,0,0,0,0
6.3999999999999915,454,0,0,0,0,0,0,0,0,0,0
6.449999999999991,421,0,0,0,0,0,0,0,0,0,0
6.499999999999991,469,0,0,0,0,0,0,0,0,0,0
6.549999999999991,381,0,0,0,0,0,0,0,0,0,0
6.599999999999991,415,0,0,0,0,0,0,0,0,0,0
6.649999999999991,414,0,0,0,0,0,0,0,0,0,0
6.69999999999999,422,0,0,0,0,0,0,0,0,0,0
6.74999999999999,415,0,0,0,0,0,0,0,0,0,0
6.79999999999999,433,0,0,0,0,0,0,0,0,0,0
6.84999999999999,384,0,0,0,0,0,0,0,0,0,0
6.89999999999999,419,0,0,0,0,0,0,0,0,0,0
6.9499999999999895,384,0,0,0,0,0,0,0,0,0,0
6.999999999999989,440,0,0,0,0,0,0,0,0,0,0
7.049999999999989,403,0,0,0,0,0,0,0,0,0,0
7.099999999999989,414,0,0,0,0,0,0,0,0,0,0
7.149999999999989,423,0,0,0,0,0,0,0,0,0,0
7.199999999999989,429,0,0,0,0,0,0,0,0,0,0
7.2499999999999885,421,0,0,0,0,0,0,0,0,0,0
7.299999999999988,438,0,0,0,0,0,0,0,0,0,0
7.349999999999988,445,0,0,0,0,0,0,0,0,0,0
7.399999999999988,410,0,0,0,0,0,0,0,0,0,0
7.449999999999988,425,0,0,0,0,0,0,0,0,0,0
7.499999999999988,433,0,0,0,0,0,0,0,0,0,0
7.549999999999987,399,0,0,0,0,0,0,0,0,0,0
7.599999999999987,388,0,0,0,0,0,0,0,0,0,0
7.649999999999987,429,0,0,0,0,0,0,0,0,0,0
7.699999999999987,442,0,0,0,0,0,0,0,0,0,0
7.749999999999987,389,0,0,0,0,0,0,0,0,0,0
7.7999999999999865,415,0,0,0,0,0,0,0,0,0,0
7.849999999999986,366,0,0,0,0,0,0,0,0,0,0
7.899999999999986,393,0,0,0,0,0,0,0,0,0,0
7.949999999999986,454,0,0,0,0,0,0,0,0,0,0
7.999999999999986,423,0,0,0,0,0,0,0,0,0,0
8.049999999999986,433,0,0,0,0,0,0,0,0,0,0
8.099999999999987,413,0,0,0,0,0,0,0,0,0,0
8.149999999999988,431,0,0,0,0,0,0,0,0,0,0
8.199999999999989,408,0,0,0,0,0,0,0,0,0,0
8.24999999999999,396,0,0,0,0,0,0,0,0,0,0
8.29999999999999,412,0,0,0,0,0,0,0,0,0,0
8.34999999999999,405,0,0,0,0,0,0,0,0,0,0
8.399999999999991,427,0,0,0,0,0,0,0,0,0,0
8.449999999999992,426,0,0,0,0,0,0,0,0,0,0
8.499999999999993,436,0,0,0,0,0,0,0,0,0,0
8.549999999999994,413,0,0,0,0,0,0,0,0,0,0
8.599999999999994,352,0,0,0,0,0,0,0,0,0,0
8.649999999999995,362,0,0,0,0,0,0,0,0,0,0
8.699999999999996,265,0,0,0,0,0,0,0,0,0,0
8.749999999999996,232,0,0,0,0,0,0,0,0,0,0
8.799999999999997,167,0,0,0,0,0,0,0,0,0,0
8.849999999999998,141,0,0,0,0,0,0,0,0,0,0
8.899999999999999,84,0,0,0,0,0,0,0,0,0,0
8.95,35,0,0,0,0,0,0,0,0,0,0
9.0,0,0,0,0,0,0,0,0,0,0,0
9.05,0,0,0,0,0,0,0,0,0,0,0
9.100000000000001,0,0,0,0,0,0,0,0,0,0,0
9.150000000000002,0,0,0,0,0,0,0,0,0,0,0
9.200000000000003,0,0,0,0,0,0,0,0,0,0,0
9.250000000000004,0,0,0,0,0,0,0,0,0,0,0
9.300000000000004,0,0,0,0,0,0,0,0,0,0,0
9.350000000000005,0,0,0,0,0,0,0,0,0,0,0
9.400000000000006,0,0,0,0,0,0,0,0,0,0,0
9.450000000000006,0,0,0,0,0,0,0,0,0,0,0
9.500000000000007,0,0,0,0,0,0,0,0,0,0,0
9.550000000000008,0,0,0,0,0,0,0,0,0,0,0
9.600000000000009,0,0,0,0,0,0,0,0,0,0,0
9.65000000000001,0,0,0,0,0,0,0,0,0,0,0
9.70000000000001,0,0,0,0,0,0,0,0,0,0,0
9.75000000000001,0,0,0,0,0,0,0,0,0,0,0
9.800000000000011,0,0,0,0,0,0,0,0,0,0,0
9.850000000000012,0,0,0,0,0,0,0,0,0,0,0
9.900000000000013,0,0,0,0,0,0,0,0,0,0,0
9.950000000000014,0,0,0,0,0,0,0,0,0,0,0
10.000000000000014,0,0,0,0,0,0,0,0,0,0,0
10.050000000000015,0,0,0,0,0,0,0,0,0,0,0
10.100000000000016,0,0,0,0,0,0,0,0,0,0,0
10.150000000000016,0,0,0,0,0,0,0,0,0,0,0
10.200000000000017,0,0,0,0,0,0,0,0,0,0,0
10.250000000000018,0,0,0,0,0,0,0,0,0,0,0
10.300000000000018,0,0,0,0,0,0,0,0,0,0,0
10.35000000000002,0,0,0,0,0,0,0,0,0,0,0
