*****
8,0.05,100,0,0.4,10,100,0.261843996326,0.1280509099671
8,100,100,92,100,100,0,0,0,0,0,0
8.05,93,93,83,93,93,0,0,0,0,0,0
8.100000000000001,107,107,97,107,107,0,0,0,0,0,0
8.150000000000002,83,83,74,83,83,0,0,0,0,0,0
8.200000000000003,98,98,83,98,98,0,0,0,0,0,0
8.250000000000004,105,105,87,105,105,0,0,0,0,0,0
8.300000000000004,98,97,83,98,97,0,0,0,0,0,0
8.350000000000005,95,95,81,95,95,0,0,0,0,0,0
8.400000000000006,78,77,61,78,78,0,0,0,0,0,0
8.450000000000006,95,95,69,95,95,0,0,0,0,0,0
8.500000000000007,101,97,77,101,100,0,0,0,0,0,0
8.550000000000008,87,86,61,87,86,0,0,0,0,0,0
8.600000000000009,105,100,67,105,102,0,0,0,0,0,0
8.65000000000001,100,94,68,100,97,0,0,0,0,0,0
8.70000000000001,86,81,53,86,85,0,0,0,0,0,0
8.75000000000001,82,79,52,82,80,0,0,0,0,0,0
8.800000000000011,91,79,51,91,84,0,0,0,0,0,0
8.850000000000012,99,87,52,99,92,0,0,0,0,0,0
8.900000000000013,95,81,49,93,87,0,0,0,0,0,0
8.950000000000014,112,98,56,112,107,0,0,0,0,0,0
9.000000000000014,100,73,34,100,88,0,0,0,0,0,0
9.050000000000015,98,66,35,96,79,0,0,0,0,0,0
9.100000000000016,85,60,31,83,68,0,0,0,0,0,0
9.150000000000016,101,64,31,98,72,0,0,0,0,0,0
9.200000000000017,96,63,21,94,72,0,0,0,0,0,0
9.250000000000018,87,48,20,80,59,0,0,0,0,0,0
9.300000000000018,100,56,19,91,72,0,0,0,0,0,0
9.35000000000002,101,48,20,88,63,0,0,0,0,0,0
9.40000000000002,111,41,18,87,57,0,0,0,0,0,0
9.45000000000002,97,29,11,77,37,0,0,0,0,0,0
9.500000000000021,108,27,10,78,40,0,0,0,0,0,0
9.550000000000022,67,16,4,49,24,0,0,0,0,0,0
9.600000000000023,88,16,4,58,20,0,0,0,0,0,0
9.650000000000023,94,18,5,60,27,0,0,0,0,0,0
9.700000000000024,101,16,5,59,21,0,0,0,0,0,0
9.750000000000025,114,11,2,55,17,0,0,0,0,0,0
9.800000000000026,99,13,5,43,20,0,0,0,0,0,0
9.850000000000026,105,4,2,34,6,0,0,0,0,0,0
9.900000000000027,95,2,1,30,4,0,0,0,0,0,0
9.950000000000028,97,5,2,28,8,0,0,0,0,0,0
10.000000000000028,82,2,0,17,4,0,0,0,0,0,0
10.05000000000003,102,2,2,20,6,0,0,0,0,0,0
10.10000000000003,112,2,1,15,4,0,0,0,0,0,0
10.15000000000003,91,1,0,12,1,0,0,0,0,0,0
10.200000000000031,102,0,0,6,1,0,0,0,0,0,0
10.250000000000032,97,0,0,2,0,0,0,0,0,0,0
10.300000000000033,94,2,0,3,2,0,0,0,0,0,0
10.350000000000033,100,0,0,2,0,0,0,0,0,0,0
10.400000000000034,100,0,0,0,0,0,0,0,0,0,0
10.450000000000035,99,0,0,4,2,0,0,0,0,0,0
10.500000000000036,98,1,0,2,1,0,0,0,0,0,0
10.550000000000036,83,0,0,0,0,0,0,0,0,0,0
10.600000000000037,94,0,0,0,0,0,0,0,0,0,0
10.650000000000038,109,0,0,1,1,0,0,0,0,0,0
10.700000000000038,92,0,0,1,0,0,0,0,0,0,0
10.750000000000039,89,0,0,1,0,0,0,0,0,0,0
10.80000000000004,86,0,0,0,0,0,0,0,0,0,0
10.85000000000004,119,0,0,0,0,0,0,0,0,0,0
10.900000000000041,90,0,0,0,0,0,0,0,0,0,0
10.950000000000042,99,0,0,0,0,0,0,0,0,0,0
11.000000000000043,95,0,0,0,0,0,0,0,0,0,0
11.050000000000043,88,0,0,0,0,0,0,0,0,0,0
11.100000000000044,92,0,0,0,0,0,0,0,0,0,0
11.150000000000045,99,0,0,0,0,0,0,0,0,0,0
11.200000000000045,98,0,0,0,0,0,0,0,0,0,0
11.250000000000046,116,0,0,0,0,0,0,0,0,0,0
11.300000000000047,87,0,0,0,0,0,0,0,0,0,0
11.350000000000048,89,0,0,0,0,0,0,0,0,0,0
11.400000000000048,90,0,0,0,0,0,0,0,0,0,0
11.450000000000049,102,0,0,0,0,0,0,0,0,0,0
11.50000000000005,87,0,0,0,0,0,0,0,0,0,0
11.55000000000005,113,0,0,0,0,0,0,0,0,0,0
11.600000000000051,106,0,0,0,0,0,0,0,0,0,0
11.650000000000052,109,0,0,0,0,0,0,0,0,0,0
11.700000000000053,98,0,0,0,0,0,0,0,0,0,0
11.750000000000053,85,0,0,0,0,0,0,0,0,0,0
11.800000000000054,109,0,0,0,0,0,0,0,0,0,0
11.850000000000055,100,0,0,0,0,0,0,0,0,0,0
11.900000000000055,101,0,0,0,0,0,0,0,0,0,0
11.950000000000056,101,0,0,0,0,0,0,0,0,0,0
12.000000000000057,94,0,0,0,0,0,0,0,0,0,0
12.050000000000058,104,0,0,0,0,0,0,0,0,0,0
12.100000000000058,97,0,0,0,0,0,0,0,0,0,0
12.150000000000059,84,0,0,0,0,0,0,0,0,0,0
12.20000000000006,108,0,0,0,0,0,0,0,0,0,0
12.25000000000006,100,0,0,0,0,0,0,0,0,0,0
12.300000000000061,87,0,0,0,0,0,0,0,0,0,0
12.350000000000062,100,0,0,0,0,0,0,0,0,0,0
12.400000000000063,86,0,0,0,0,0,0,0,0,0,0
12.450000000000063,90,0,0,0,0,0,0,0,0,0,0
12.500000000000064,100,0,0,0,0,0,0,0,0,0,0
12.550000000000065,103,0,0,0,0,0,0,0,0,0,0
12.600000000000065,79,0,0,0,0,0,0,0,0,0,0
12.650000000000066,86,0,0,0,0,0,0,0,0,0,0
12.700000000000067,102,0,0,0,0,0,0,0,0,0,0
12.750000000000068,87,0,0,0,0,0,0,0,0,0,0
12.800000000000068,100,0,0,0,0,0,0,0,0,0,0
12.850000000000069,93,0,0,0,0,0,0,0,0,0,0
12.90000000000007,107,0,0,0,0,0,0,0,0,0,0
12.95000000000007,101,0,0,0,0,0,0,0,0,0,0
13.000000000000071,85,0,0,0,0,0,0,0,0,0,0
13.050000000000072,96,0,0,0,0,0,0,0,0,0,0
13.100000000000072,83,0,0,0,0,0,0,0,0,0,0
13.150000000000073,103,0,0,0,0,0,0,0,0,0,0
13.200000000000074,100,0,0,0,0,0,0,0,0,0,0
13.250000000000075,99,0,0,0,0,0,0,0,0,0,0
13.300000000000075,89,0,0,0,0,0,0,0,0,0,0
13.350000000000076,99,0,0,0,0,0,0,0,0,0,0
13.400000000000077,100,0,0,0,0,0,0,0,0,0,0
13.450000000000077,93,0,0,0,0,0,0,0,0,0,0
13.500000000000078,98,0,0,0,0,0,0,0,0,0,0
13.550000000000079,124,0,0,0,0,0,0,0,0,0,0
13.60000000000008,104,0,0,0,0,0,0,0,0,0,0
13.65000000000008,95,0,0,0,0,0,0,0,0,0,0
13.700000000000081,95,0,0,0,0,0,0,0,0,0,0
13.750000000000082,108,0,0,0,0,0,0,0,0,0,0
13.800000000000082,91,0,0,0,0,0,0,0,0,0,0
13.850000000000083,97,0,0,0,0,0,0,0,0,0,0
13.900000000000084,100,0,0,0,0,0,0,0,0,0,0
13.950000000000085,107,0,0,0,0,0,0,0,0,0,0
14.000000000000085,94,0,0,0,0,0,0,0,0,0,0
14.050000000000086,116,0,0,0,0,0,0,0,0,0,0
14.100000000000087,81,0,0,0,0,0,0,0,0,0,0
14.150000000000087,89,0,0,0,0,0,0,0,0,0,0
14.200000000000088,83,0,0,0,0,0,0,0,0,0,0
14.250000000000089,102,0,0,0,0,0,0,0,0,0,0
14.30000000000009,87,0,0,0,0,0,0,0,0,0,0
14.35000000000009,86,0,0,0,0,0,0,0,0,0,0
14.400000000000091,98,0,0,0,0,0,0,0,0,0,0
14.450000000000092,103,0,0,0,0,0,0,0,0,0,0
14.500000000000092,95,0,0,0,0,0,0,0,0,0,0
14.550000000000093,98,0,0,0,0,0,0,0,0,0,0
14.600000000000094,86,0,0,0,0,0,0,0,0,0,0
14.650000000000095,103,0,0,0,0,0,0,0,0,0,0
14.700000000000095,99,0,0,0,0,0,0,0,0,0,0
14.750000000000096,90,0,0,0,0,0,0,0,0,0,0
14.800000000000097,87,0,0,0,0,0,0,0,0,0,0
14.850000000000097,104,0,0,0,0,0,0,0,0,0,0
14.900000000000098,79,0,0,0,0,0,0,0,0,0,0
14.950000000000099,107,0,0,0,0,0,0,0,0,0,0
15.0000000000001,94,0,0,0,0,0,0,0,0,0,0
15.0500000000001,111,0,0,0,0,0,0,0,0,0,0
15.100000000000101,92,0,0,0,0,0,0,0,0,0,0
15.150000000000102,87,0,0,0,0,0,0,0,0,0,0
15.200000000000102,110,0,0,0,0,0,0,0,0,0,0
15.250000000000103,91,0,0,0,0,0,0,0,0,0,0
15.300000000000104,95,0,0,0,0,0,0,0,0,0,0
15.350000000000104,113,0,0,0,0,0,0,0,0,0,0
15.400000000000105,102,0,0,0,0,0,0,0,0,0,0
15.450000000000106,96,0,0,0,0,0,0,0,0,0,0
15.500000000000107,85,0,0,0,0,0,0,0,0,0,0
15.550000000000107,99,0,0,0,0,0,0,0,0,0,0
15.600000000000108,96,0,0,0,0,0,0,0,0,0,0
15.650000000000109,104,0,0,0,0,0,0,0,0,0,0
15.70000000000011,85,0,0,0,0,0,0,0,0,0,0
15.75000000000011,111,0,0,0,0,0,0,0,0,0,0
15.80000000000011,88,0,0,0,0,0,0,0,0,0,0
15.850000000000112,92,0,0,0,0,0,0,0,0,0,0
15.900000000000112,86,0,0,0,0,0,0,0,0,0,0
15.950000000000113,100,0,0,0,0,0,0,0,0,0,0
16.000000000000114,105,0,0,0,0,0,0,0,0,0,0
16.050000000000114,68,0,0,0,0,0,0,0,0,0,0
16.100000000000115,70,0,0,0,0,0,0,0,0,0,0
16.150000000000116,52,0,0,0,0,0,0,0,0,0,0
16.200000000000117,36,0,0,0,0,0,0,0,0,0,0
16.250000000000117,39,0,0,0,0,0,0,0,0,0,0
16.300000000000118,15,0,0,0,0,0,0,0,0,0,0
16.35000000000012,4,0,0,0,0,0,0,0,0,0,0
16.40000000000012,0,0,0,0,0,0,0,0,0,0,0
16.45000000000012,0,0,0,0,0,0,0,0,0,0,0
16.50000000000012,0,0,0,0,0,0,0,0,0,0,0
16.55000000000012,0,0,0,0,0,0,0,0,0,0,0
16.600000000000122,0,0,0,0,0,0,0,0,0,0,0
16.650000000000123,0,0,0,0,0,0,0,0,0,0,0
16.700000000000124,0,0,0,0,0,0,0,0,0,0,0
16.750000000000124,0,0,0,0,0,0,0,0,0,0,0
16.800000000000125,0,0,0,0,0,0,0,0,0,0,0
16.850000000000126,0,0,0,0,0,0,0,0,0,0,0
16.900000000000126,0,0,0,0,0,0,0,0,0,0,0
16.950000000000127,0,0,0,0,0,0,0,0,0,0,0
17.000000000000128,0,0,0,0,0,0,0,0,0,0,0
17.05000000000013,0,0,0,0,0,0,0,0,0,0,0
17.10000000000013,0,0,0,0,0,0,0,0,0,0,0
17.15000000000013,0,0,0,0,0,0,0,0,0,0,0
17.20000000000013,0,0,0,0,0,0,0,0,0,0,0
17.25000000000013,0,0,0,0,0,0,0,0,0,0,0
17.300000000000132,0,0,0,0,0,0,0,0,0,0,0
17.350000000000133,0,0,0,0,0,0,0,0,0,0,0
17.400000000000134,0,0,0,0,0,0,0,0,0,0,0
17.450000000000134,0,0,0,0,0,0,0,0,0,0,0
17.500000000000135,0,0,0,0,0,0,0,0,0,0,0
17.550000000000136,0,0,0,0,0,0,0,0,0,0,0
17.600000000000136,0,0,0,0,0,0,0,0,0,0,0
17.650000000000137,0,0,0,0,0,0,0,0,0,0,0
17.700000000000138,0,0,0,0,0,0,0,0,0,0,0
17.75000000000014,0,0,0,0,0,0,0,0,0,0,0
17.80000000000014,0,0,0,0,0,0,0,0,0,0,0
17.85000000000014,0,0,0,0,0,0,0,0,0,0,0
17.90000000000014,0,0,0,0,0,0,0,0,0,0,0
17.95000000000014,0,0,0,0,0,0,0,0,0,0,0
18.000000000000142,0,0,0,0,0,0,0,0,0,0,0
18.050000000000143,0,0,0,0,0,0,0,0,0,0,0
18.100000000000144,0,0,0,0,0,0,0,0,0,0,0
18.150000000000144,0,0,0,0,0,0,0,0,0,0,0
18.200000000000145,0,0,0,0,0,0,0,0,0,0,0
18.250000000000146,0,0,0,0,0,0,0,0,0,0,0
18.300000000000146,0,0,0,0,0,0,0,0,0,0,0
18.350000000000147,0,0,0,0,0,0,0,0,0,0,0
18.400000000000148,0,0,0,0,0,0,0,0,0,0,0
18.45000000000015,0,0,0,0,0,0,0,0,0,0,0
18.50000000000015,0,0,0,0,0,0,0,0,0,0,0
18.55000000000015,0,0,0,0,0,0,0,0,0,0,0
18.60000000000015,0,0,0,0,0,0,0,0,0,0,0
18.65000000000015,0,0,0,0,0,0,0,0,0,0,0
18.700000000000152,0,0,0,0,0,0,0,0,0,0,0
18.750000000000153,0,0,0,0,0,0,0,0,0,0,0
18.800000000000153,0,0,0,0,0,0,0,0,0,0,0
18.850000000000154,0,0,0,0,0,0,0,0,0,0,0
18.900000000000155,0,0,0,0,0,0,0,0,0,0,0
18.950000000000156,0,0,0,0,0,0,0,0,0,0,0
19.000000000000156,0,0,0,0,0,0,0,0,0,0,0
19.050000000000157,0,0,0,0,0,0,0,0,0,0,0
19.100000000000158,0,0,0,0,0,0,0,0,0,0,0
19.15000000000016,0,0,0,0,0,0,0,0,0,0,0
19.20000000000016,0,0,0,0,0,0,0,0,0,0,0
19.25000000000016,0,0,0,0,0,0,0,0,0,0,0
19.30000000000016,0,0,0,0,0,0,0,0,0,0,0
19.35000000000016,0,0,0,0,0,0,0,0,0,0,0
19.400000000000162,0,0,0,0,0,0,0,0,0,0,0
19.450000000000163,0,0,0,0,0,0,0,0,0,0,0
19.500000000000163,0,0,0,0,0,0,0,0,0,0,0
19.550000000000164,0,0,0,0,0,0,0,0,0,0,0
19.600000000000165,0,0,0,0,0,0,0,0,0,0,0
19.650000000000166,0,0,0,0,0,0,0,0,0,0,0
19.700000000000166,0,0,0,0,0,0,0,0,0,0,0
19.750000000000167,0,0,0,0,0,0,0,0,0,0,0
19.800000000000168,0,0,0,0,0,0,0,0,0,0,0
19.85000000000017,0,0,0,0,0,0,0,0,0,0,0
19.90000000000017,0,0,0,0,0,0,0,0,0,0,0
19.95000000000017,0,0,0,0,0,0,0,0,0,0,0
20.00000000000017,0,0,0,0,0,0,0,0,0,0,0
20.05000000000017,0,0,0,0,0,0,0,0,0,0,0
20.100000000000172,0,0,0,0,0,0,0,0,0,0,0
20.150000000000173,0,0,0,0,0,0,0,0,0,0,0
20.200000000000173,0,0,0,0,0,0,0,0,0,0,0
20.250000000000174,0,0,0,0,0,0,0,0,0,0,0
20.300000000000175,0,0,0,0,0,0,0,0,0,0,0
20.350000000000176,0,0,0,0,0,0,0,0,0,0,0
20.400000000000176,0,0,0,0,0,0,0,0,0,0,0
20.450000000000177,0,0,0,0,0,0,0,0,0,0,0
20.500000000000178,0,0,0,0,0,0,0,0,0,0,0
20.55000000000018,0,0,0,0,0,0,0,0,0,0,0
20.60000000000018,0,0,0,0,0,0,0,0,0,0,0
20.65000000000018,0,0,0,0,0,0,0,0,0,0,0
20.70000000000018,0,0,0,0,0,0,0,0,0,0,0
20.75000000000018,0,0,0,0,0,0,0,0,0,0,0
*****
8,0.05,100,0.3,0.7,10,100,0.261843996326,0.1280509099671
8,100,100,100,98,100,0,0,0,0,0,0
8.05,93,93,93,92,93,0,0,0,0,0,0
8.100000000000001,96,96,96,94,96,0,0,0,0,0,0
8.150000000000002,110,109,110,109,110,0,0,0,0,0,0
8.200000000000003,75,75,74,75,75,0,0,0,0,0,0
8.250000000000004,82,82,81,81,82,0,0,0,0,0,0
8.300000000000004,93,92,92,92,92,0,0,0,0,0,0
8.350000000000005,95,94,94,95,95,0,0,0,0,0,0
8.400000000000006,93,92,90,91,92,0,0,0,0,0,0
8.450000000000006,101,99,98,101,99,0,0,0,0,0,0
8.500000000000007,115,111,113,114,115,0,0,0,0,0,0
8.550000000000008,104,100,99,101,102,0,0,0,0,0,0
8.600000000000009,97,90,89,93,91,0,0,0,0,0,0
8.65000000000001,84,80,80,82,83,0,0,0,0,0,0
8.70000000000001,89,86,88,87,89,0,0,0,0,0,0
8.75000000000001,90,82,85,86,87,0,0,0,0,0,0
8.800000000000011,83,78,79,80,81,0,0,0,0,0,0
8.850000000000012,84,71,77,79,78,0,0,0,0,0,0
8.900000000000013,99,83,86,90,92,0,0,0,0,0,0
8.950000000000014,86,68,69,75,70,0,0,0,0,0,0
9.000000000000014,101,76,87,89,91,0,0,0,0,0,0
9.050000000000015,103,75,79,92,87,0,0,0,0,0,0
9.100000000000016,89,63,67,80,75,0,0,0,0,0,0
9.150000000000016,100,71,79,89,84,0,0,0,0,0,0
9.200000000000017,108,62,69,78,77,0,0,0,0,0,0
9.250000000000018,105,61,62,85,68,0,0,0,0,0,0
9.300000000000018,73,36,43,56,50,0,0,0,0,0,0
9.35000000000002,93,52,58,70,65,0,0,0,0,0,0
9.40000000000002,89,41,50,61,55,0,0,0,0,0,0
9.45000000000002,94,38,48,63,56,0,0,0,0,0,0
9.500000000000021,104,39,45,63,55,0,0,0,0,0,0
9.550000000000022,89,30,35,55,40,0,0,0,0,0,0
9.600000000000023,91,28,40,54,42,0,0,0,0,0,0
9.650000000000023,81,17,18,38,21,0,0,0,0,0,0
9.700000000000024,94,23,25,42,29,0,0,0,0,0,0
9.750000000000025,102,31,35,47,44,0,0,0,0,0,0
9.800000000000026,98,18,25,43,30,0,0,0,0,0,0
9.850000000000026,89,15,26,36,28,0,0,0,0,0,0
9.900000000000027,109,17,21,35,24,0,0,0,0,0,0
9.950000000000028,69,11,14,20,17,0,0,0,0,0,0
10.000000000000028,87,6,14,27,17,0,0,0,0,0,0
10.05000000000003,92,8,11,18,12,0,0,0,0,0,0
10.10000000000003,111,7,9,16,9,0,0,0,0,0,0
10.15000000000003,100,3,4,16,8,0,0,0,0,0,0
10.200000000000031,99,4,6,14,8,0,0,0,0,0,0
10.250000000000032,84,3,3,12,5,0,0,0,0,0,0
10.300000000000033,96,4,7,8,8,0,0,0,0,0,0
10.350000000000033,99,5,5,9,8,0,0,0,0,0,0
10.400000000000034,78,5,6,9,7,0,0,0,0,0,0
10.450000000000035,81,2,2,4,2,0,0,0,0,0,0
10.500000000000036,85,1,1,3,2,0,0,0,0,0,0
10.550000000000036,97,1,4,5,4,0,0,0,0,0,0
10.600000000000037,105,2,1,2,2,0,0,0,0,0,0
10.650000000000038,109,0,2,1,2,0,0,0,0,0,0
10.700000000000038,78,0,0,2,0,0,0,0,0,0,0
10.750000000000039,107,0,0,0,0,0,0,0,0,0,0
10.80000000000004,100,1,0,2,1,0,0,0,0,0,0
10.85000000000004,99,1,1,2,1,0,0,0,0,0,0
10.900000000000041,88,0,0,0,1,0,0,0,0,0,0
10.950000000000042,83,0,0,0,0,0,0,0,0,0,0
11.000000000000043,103,0,0,1,0,0,0,0,0,0,0
11.050000000000043,94,0,0,0,0,0,0,0,0,0,0
11.100000000000044,87,0,0,0,0,0,0,0,0,0,0
11.150000000000045,96,0,0,0,0,0,0,0,0,0,0
11.200000000000045,92,0,0,0,0,0,0,0,0,0,0
11.250000000000046,100,0,0,0,0,0,0,0,0,0,0
11.300000000000047,90,0,0,0,0,0,0,0,0,0,0
11.350000000000048,103,0,0,0,0,0,0,0,0,0,0
11.400000000000048,92,0,0,0,0,0,0,0,0,0,0
11.450000000000049,93,0,0,0,0,0,0,0,0,0,0
11.50000000000005,93,0,0,0,0,0,0,0,0,0,0
11.55000000000005,100,0,0,0,0,0,0,0,0,0,0
11.600000000000051,89,0,0,0,0,0,0,0,0,0,0
11.650000000000052,96,0,0,0,0,0,0,0,0,0,0
11.700000000000053,80,0,0,0,0,0,0,0,0,0,0
11.750000000000053,90,0,0,0,0,0,0,0,0,0,0
11.800000000000054,99,0,0,0,0,0,0,0,0,0,0
11.850000000000055,91,0,0,0,0,0,0,0,0,0,0
11.900000000000055,109,0,0,0,0,0,0,0,0,0,0
11.950000000000056,94,0,0,0,0,0,0,0,0,0,0
12.000000000000057,90,0,0,0,0,0,0,0,0,0,0
12.050000000000058,109,0,0,0,0,0,0,0,0,0,0
12.100000000000058,88,0,0,0,0,0,0,0,0,0,0
12.150000000000059,81,0,0,0,0,0,0,0,0,0,0
12.20000000000006,97,0,0,0,0,0,0,0,0,0,0
12.25000000000006,92,0,0,0,0,0,0,0,0,0,0
12.300000000000061,87,0,0,0,0,0,0,0,0,0,0
12.350000000000062,82,0,0,0,0,0,0,0,0,0,0
12.400000000000063,113,0,0,0,0,0,0,0,0,0,0
12.450000000000063,97,0,0,0,0,0,0,0,0,0,0
12.500000000000064,87,0,0,0,0,0,0,0,0,0,0
12.550000000000065,113,0,0,0,0,0,0,0,0,0,0
12.600000000000065,95,0,0,0,0,0,0,0,0,0,0
12.650000000000066,88,0,0,0,0,0,0,0,0,0,0
12.700000000000067,94,0,0,0,0,0,0,0,0,0,0
12.750000000000068,99,0,0,0,0,0,0,0,0,0,0
12.800000000000068,82,0,0,0,0,0,0,0,0,0,0
12.850000000000069,106,0,0,0,0,0,0,0,0,0,0
12.90000000000007,88,0,0,0,0,0,0,0,0,0,0
12.95000000000007,94,0,0,0,0,0,0,0,0,0,0
13.000000000000071,90,0,0,0,0,0,0,0,0,0,0
13.050000000000072,96,0,0,0,0,0,0,0,0,0,0
13.100000000000072,86,0,0,0,0,0,0,0,0,0,0
13.150000000000073,85,0,0,0,0,0,0,0,0,0,0
13.200000000000074,88,0,0,0,0,0,0,0,0,0,0
13.250000000000075,102,0,0,0,0,0,0,0,0,0,0
13.300000000000075,100,0,0,0,0,0,0,0,0,0,0
13.350000000000076,98,0,0,0,0,0,0,0,0,0,0
13.400000000000077,107,0,0,0,0,0,0,0,0,0,0
13.450000000000077,99,0,0,0,0,0,0,0,0,0,0
13.500000000000078,89,0,0,0,0,0,0,0,0,0,0
13.550000000000079,95,0,0,0,0,0,0,0,0,0,0
13.60000000000008,91,0,0,0,0,0,0,0,0,0,0
13.65000000000008,96,0,0,0,0,0,0,0,0,0,0
13.700000000000081,84,0,0,0,0,0,0,0,0,0,0
13.750000000000082,80,0,0,0,0,0,0,0,0,0,0
13.800000000000082,95,0,0,0,0,0,0,0,0,0,0
13.850000000000083,115,0,0,0,0,0,0,0,0,0,0
13.900000000000084,96,0,0,0,0,0,0,0,0,0,0
13.950000000000085,88,0,0,0,0,0,0,0,0,0,0
14.000000000000085,106,0,0,0,0,0,0,0,0,0,0
14.050000000000086,93,0,0,0,0,0,0,0,0,0,0
14.100000000000087,87,0,0,0,0,0,0,0,0,0,0
14.150000000000087,98,0,0,0,0,0,0,0,0,0,0
14.200000000000088,89,0,0,0,0,0,0,0,0,0,0
14.250000000000089,96,0,0,0,0,0,0,0,0,0,0
14.30000000000009,110,0,0,0,0,0,0,0,0,0,0
14.35000000000009,88,0,0,0,0,0,0,0,0,0,0
14.400000000000091,105,0,0,0,0,0,0,0,0,0,0
14.450000000000092,107,0,0,0,0,0,0,0,0,0,0
14.500000000000092,90,0,0,0,0,0,0,0,0,0,0
14.550000000000093,83,0,0,0,0,0,0,0,0,0,0
14.600000000000094,87,0,0,0,0,0,0,0,0,0,0
14.650000000000095,90,0,0,0,0,0,0,0,0,0,0
14.700000000000095,94,0,0,0,0,0,0,0,0,0,0
14.750000000000096,96,0,0,0,0,0,0,0,0,0,0
14.800000000000097,105,0,0,0,0,0,0,0,0,0,0
14.850000000000097,100,0,0,0,0,0,0,0,0,0,0
14.900000000000098,85,0,0,0,0,0,0,0,0,0,0
14.950000000000099,75,0,0,0,0,0,0,0,0,0,0
15.0000000000001,99,0,0,0,0,0,0,0,0,0,0
15.0500000000001,90,0,0,0,0,0,0,0,0,0,0
15.100000000000101,105,0,0,0,0,0,0,0,0,0,0
15.150000000000102,99,0,0,0,0,0,0,0,0,0,0
15.200000000000102,87,0,0,0,0,0,0,0,0,0,0
15.250000000000103,106,0,0,0,0,0,0,0,0,0,0
15.300000000000104,90,0,0,0,0,0,0,0,0,0,0
15.350000000000104,87,0,0,0,0,0,0,0,0,0,0
15.400000000000105,100,0,0,0,0,0,0,0,0,0,0
15.450000000000106,76,0,0,0,0,0,0,0,0,0,0
15.500000000000107,102,0,0,0,0,0,0,0,0,0,0
15.550000000000107,82,0,0,0,0,0,0,0,0,0,0
15.600000000000108,115,0,0,0,0,0,0,0,0,0,0
15.650000000000109,102,0,0,0,0,0,0,0,0,0,0
15.70000000000011,85,0,0,0,0,0,0,0,0,0,0
15.75000000000011,88,0,0,0,0,0,0,0,0,0,0
15.80000000000011,90,0,0,0,0,0,0,0,0,0,0
15.850000000000112,86,0,0,0,0,0,0,0,0,0,0
15.900000000000112,101,0,0,0,0,0,0,0,0,0,0
15.950000000000113,93,0,0,0,0,0,0,0,0,0,0
16.000000000000114,102,0,0,0,0,0,0,0,0,0,0
16.050000000000114,108,0,0,0,0,0,0,0,0,0,0
16.100000000000115,104,0,0,0,0,0,0,0,0,0,0
16.150000000000116,102,0,0,0,0,0,0,0,0,0,0
16.200000000000117,95,0,0,0,0,0,0,0,0,0,0
16.250000000000117,73,0,0,0,0,0,0,0,0,0,0
16.300000000000118,80,0,0,0,0,0,0,0,0,0,0
16.35000000000012,65,0,0,0,0,0,0,0,0,0,0
16.40000000000012,61,0,0,0,0,0,0,0,0,0,0
16.45000000000012,60,0,0,0,0,0,0,0,0,0,0
16.50000000000012,46,0,0,0,0,0,0,0,0,0,0
16.55000000000012,28,0,0,0,0,0,0,0,0,0,0
16.600000000000122,16,0,0,0,0,0,0,0,0,0,0
16.650000000000123,3,0,0,0,0,0,0,0,0,0,0
16.700000000000124,0,0,0,0,0,0,0,0,0,0,0
16.750000000000124,0,0,0,0,0,0,0,0,0,0,0
16.800000000000125,0,0,0,0,0,0,0,0,0,0,0
16.850000000000126,0,0,0,0,0,0,0,0,0,0,0
16.900000000000126,0,0,0,0,0,0,0,0,0,0,0
16.950000000000127,0,0,0,0,0,0,0,0,0,0,0
17.000000000000128,0,0,0,0,0,0,0,0,0,0,0
17.05000000000013,0,0,0,0,0,0,0,0,0,0,0
17.10000000000013,0,0,0,0,0,0,0,0,0,0,0
17.15000000000013,0,0,0,0,0,0,0,0,0,0,0
17.20000000000013,0,0,0,0,0,0,0,0,0,0,0
17.25000000000013,0,0,0,0,0,0,0,0,0,0,0
17.300000000000132,0,0,0,0,0,0,0,0,0,0,0
17.350000000000133,0,0,0,0,0,0,0,0,0,0,0
17.400000000000134,0,0,0,0,0,0,0,0,0,0,0
17.450000000000134,0,0,0,0,0,0,0,0,0,0,0
17.500000000000135,0,0,0,0,0,0,0,0,0,0,0
17.550000000000136,0,0,0,0,0,0,0,0,0,0,0
17.600000000000136,0,0,0,0,0,0,0,0,0,0,0
17.650000000000137,0,0,0,0,0,0,0,0,0,0,0
17.700000000000138,0,0,0,0,0,0,0,0,0,0,0
17.75000000000014,0,0,0,0,0,0,0,0,0,0,0
17.80000000000014,0,0,0,0,0,0,0,0,0,0,0
17.85000000000014,0,0,0,0,0,0,0,0,0,0,0
17.90000000000014,0,0,0,0,0,0,0,0,0,0,0
17.95000000000014,0,0,0,0,0,0,0,0,0,0,0
18.000000000000142,0,0,0,0,0,0,0,0,0,0,0
18.050000000000143,0,0,0,0,0,0,0,0,0,0,0
18.100000000000144,0,0,0,0,0,0,0,0,0,0,0
18.150000000000144,0,0,0,0,0,0,0,0,0,0,0
18.200000000000145,0,0,0,0,0,0,0,0,0,0,0
18.250000000000146,0,0,0,0,0,0,0,0,0,0,0
18.300000000000146,0,0,0,0,0,0,0,0,0,0,0
18.350000000000147,0,0,0,0,0,0,0,0,0,0,0
18.400000000000148,0,0,0,0,0,0,0,0,0,0,0
18.45000000000015,0,0,0,0,0,0,0,0,0,0,0
18.50000000000015,0,0,0,0,0,0,0,0,0,0,0
18.55000000000015,0,0,0,0,0,0,0,0,0,0,0
18.60000000000015,0,0,0,0,0,0,0,0,0,0,0
18.65000000000015,0,0,0,0,0,0,0,0,0,0,0
18.700000000000152,0,0,0,0,0,0,0,0,0,0,0
18.750000000000153,0,0,0,0,0,0,0,0,0,0,0
18.800000000000153,0,0,0,0,0,0,0,0,0,0,0
18.850000000000154,0,0,0,0,0,0,0,0,0,0,0
18.900000000000155,0,0,0,0,0,0,0,0,0,0,0
18.950000000000156,0,0,0,0,0,0,0,0,0,0,0
19.000000000000156,0,0,0,0,0,0,0,0,0,0,0
19.050000000000157,0,0,0,0,0,0,0,0,0,0,0
19.100000000000158,0,0,0,0,0,0,0,0,0,0,0
19.15000000000016,0,0,0,0,0,0,0,0,0,0,0
19.20000000000016,0,0,0,0,0,0,0,0,0,0,0
19.25000000000016,0,0,0,0,0,0,0,0,0,0,0
19.30000000000016,0,0,0,0,0,0,0,0,0,0,0
19.35000000000016,0,0,0,0,0,0,0,0,0,0,0
19.400000000000162,0,0,0,0,0,0,0,0,0,0,0
19.450000000000163,0,0,0,0,0,0,0,0,0,0,0
19.500000000000163,0,0,0,0,0,0,0,0,0,0,0
19.550000000000164,0,0,0,0,0,0,0,0,0,0,0
19.600000000000165,0,0,0,0,0,0,0,0,0,0,0
19.650000000000166,0,0,0,0,0,0,0,0,0,0,0
19.700000000000166,0,0,0,0,0,0,0,0,0,0,0
19.750000000000167,0,0,0,0,0,0,0,0,0,0,0
19.800000000000168,0,0,0,0,0,0,0,0,0,0,0
19.85000000000017,0,0,0,0,0,0,0,0,0,0,0
19.90000000000017,0,0,0,0,0,0,0,0,0,0,0
19.95000000000017,0,0,0,0,0,0,0,0,0,0,0
20.00000000000017,0,0,0,0,0,0,0,0,0,0,0
20.05000000000017,0,0,0,0,0,0,0,0,0,0,0
20.100000000000172,0,0,0,0,0,0,0,0,0,0,0
20.150000000000173,0,0,0,0,0,0,0,0,0,0,0
20.200000000000173,0,0,0,0,0,0,0,0,0,0,0
20.250000000000174,0,0,0,0,0,0,0,0,0,0,0
20.300000000000175,0,0,0,0,0,0,0,0,0,0,0
20.350000000000176,0,0,0,0,0,0,0,0,0,0,0
20.400000000000176,0,0,0,0,0,0,0,0,0,0,0
20.450000000000177,0,0,0,0,0,0,0,0,0,0,0
20.500000000000178,0,0,0,0,0,0,0,0,0,0,0
20.55000000000018,0,0,0,0,0,0,0,0,0,0,0
20.60000000000018,0,0,0,0,0,0,0,0,0,0,0
20.65000000000018,0,0,0,0,0,0,0,0,0,0,0
20.70000000000018,0,0,0,0,0,0,0,0,0,0,0
20.75000000000018,0,0,0,0,0,0,0,0,0,0,0
*****
8,0.05,100,0.6,1,10,100,0.261843996326,0.1280509099671
8,100,16,21,22,21,0,0,0,0,0,0
8.05,82,8,13,13,13,0,0,0,0,0,0
8.100000000000001,102,11,19,28,19,0,0,0,0,0,0
8.150000000000002,103,13,23,23,23,0,0,0,0,0,0
8.200000000000003,102,7,16,18,16,0,0,0,0,0,0
8.250000000000004,84,11,17,20,17,0,0,0,0,0,0
8.300000000000004,103,15,21,20,21,0,0,0,0,0,0
8.350000000000005,108,17,21,18,21,0,0,0,0,0,0
8.400000000000006,104,14,18,22,18,0,0,0,0,0,0
8.450000000000006,94,8,11,14,11,0,0,0,0,0,0
8.500000000000007,96,5,15,27,15,0,0,0,0,0,0
8.550000000000008,101,10,14,23,14,0,0,0,0,0,0
8.600000000000009,97,6,8,15,8,0,0,0,0,0,0
8.65000000000001,91,5,10,13,10,0,0,0,0,0,0
8.70000000000001,87,5,11,13,11,0,0,0,0,0,0
8.75000000000001,89,4,10,9,10,0,0,0,0,0,0
8.800000000000011,94,1,11,10,11,0,0,0,0,0,0
8.850000000000012,94,8,15,12,15,0,0,0,0,0,0
8.900000000000013,102,3,8,6,8,0,0,0,0,0,0
8.950000000000014,106,5,7,5,7,0,0,0,0,0,0
9.000000000000014,103,1,3,6,3,0,0,0,0,0,0
9.050000000000015,86,1,1,4,1,0,0,0,0,0,0
9.100000000000016,99,3,10,10,10,0,0,0,0,0,0
9.150000000000016,105,0,2,3,2,0,0,0,0,0,0
9.200000000000017,112,1,2,3,2,0,0,0,0,0,0
9.250000000000018,95,0,2,1,2,0,0,0,0,0,0
9.300000000000018,78,1,1,2,1,0,0,0,0,0,0
9.35000000000002,100,0,0,0,0,0,0,0,0,0,0
9.40000000000002,104,1,3,1,3,0,0,0,0,0,0
9.45000000000002,91,0,2,2,2,0,0,0,0,0,0
9.500000000000021,86,1,2,0,2,0,0,0,0,0,0
9.550000000000022,102,0,0,0,0,0,0,0,0,0,0
9.600000000000023,104,0,1,1,1,0,0,0,0,0,0
9.650000000000023,93,0,0,0,0,0,0,0,0,0,0
9.700000000000024,91,0,1,1,1,0,0,0,0,0,0
9.750000000000025,88,0,0,0,0,0,0,0,0,0,0
9.800000000000026,119,1,1,0,1,0,0,0,0,0,0
9.850000000000026,86,0,0,0,0,0,0,0,0,0,0
9.900000000000027,98,0,0,0,0,0,0,0,0,0,0
9.950000000000028,97,0,0,0,0,0,0,0,0,0,0
10.000000000000028,96,0,0,0,0,0,0,0,0,0,0
10.05000000000003,111,0,0,0,0,0,0,0,0,0,0
10.10000000000003,79,0,0,0,0,0,0,0,0,0,0
10.15000000000003,91,0,0,0,0,0,0,0,0,0,0
10.200000000000031,98,0,0,0,0,0,0,0,0,0,0
10.250000000000032,105,0,0,0,0,0,0,0,0,0,0
10.300000000000033,103,0,0,0,0,0,0,0,0,0,0
10.350000000000033,109,0,0,0,0,0,0,0,0,0,0
10.400000000000034,88,0,0,0,0,0,0,0,0,0,0
10.450000000000035,96,0,0,0,0,0,0,0,0,0,0
10.500000000000036,111,0,0,0,0,0,0,0,0,0,0
10.550000000000036,91,0,0,0,0,0,0,0,0,0,0
10.600000000000037,94,0,0,0,0,0,0,0,0,0,0
10.650000000000038,103,0,0,0,0,0,0,0,0,0,0
10.700000000000038,81,0,0,0,0,0,0,0,0,0,0
10.750000000000039,93,0,0,0,0,0,0,0,0,0,0
10.80000000000004,86,0,0,0,0,0,0,0,0,0,0
10.85000000000004,98,0,0,0,0,0,0,0,0,0,0
10.900000000000041,99,0,0,0,0,0,0,0,0,0,0
10.950000000000042,106,0,0,0,0,0,0,0,0,0,0
11.000000000000043,102,0,0,0,0,0,0,0,0,0,0
11.050000000000043,88,0,0,0,0,0,0,0,0,0,0
11.100000000000044,94,0,0,0,0,0,0,0,0,0,0
11.150000000000045,98,0,0,0,0,0,0,0,0,0,0
11.200000000000045,103,0,0,0,0,0,0,0,0,0,0
11.250000000000046,130,0,0,0,0,0,0,0,0,0,0
11.300000000000047,93,0,0,0,0,0,0,0,0,0,0
11.350000000000048,76,0,0,0,0,0,0,0,0,0,0
11.400000000000048,106,0,0,0,0,0,0,0,0,0,0
11.450000000000049,91,0,0,0,0,0,0,0,0,0,0
11.50000000000005,80,0,0,0,0,0,0,0,0,0,0
11.55000000000005,88,0,0,0,0,0,0,0,0,0,0
11.600000000000051,101,0,0,0,0,0,0,0,0,0,0
11.650000000000052,105,0,0,0,0,0,0,0,0,0,0
11.700000000000053,83,0,0,0,0,0,0,0,0,0,0
11.750000000000053,96,0,0,0,0,0,0,0,0,0,0
11.800000000000054,99,0,0,0,0,0,0,0,0,0,0
11.850000000000055,102,0,0,0,0,0,0,0,0,0,0
11.900000000000055,109,0,0,0,0,0,0,0,0,0,0
11.950000000000056,131,0,0,0,0,0,0,0,0,0,0
12.000000000000057,98,0,0,0,0,0,0,0,0,0,0
12.050000000000058,83,0,0,0,0,0,0,0,0,0,0
12.100000000000058,64,0,0,0,0,0,0,0,0,0,0
12.150000000000059,92,0,0,0,0,0,0,0,0,0,0
12.20000000000006,99,0,0,0,0,0,0,0,0,0,0
12.25000000000006,106,0,0,0,0,0,0,0,0,0,0
12.300000000000061,100,0,0,0,0,0,0,0,0,0,0
12.350000000000062,81,0,0,0,0,0,0,0,0,0,0
12.400000000000063,87,0,0,0,0,0,0,0,0,0,0
12.450000000000063,94,0,0,0,0,0,0,0,0,0,0
12.500000000000064,102,0,0,0,0,0,0,0,0,0,0
12.550000000000065,114,0,0,0,0,0,0,0,0,0,0
12.600000000000065,97,0,0,0,0,0,0,0,0,0,0
12.650000000000066,99,0,0,0,0,0,0,0,0,0,0
12.700000000000067,93,0,0,0,0,0,0,0,0,0,0
12.750000000000068,92,0,0,0,0,0,0,0,0,0,0
12.800000000000068,105,0,0,0,0,0,0,0,0,0,0
12.850000000000069,107,0,0,0,0,0,0,0,0,0,0
12.90000000000007,111,0,0,0,0,0,0,0,0,0,0
12.95000000000007,79,0,0,0,0,0,0,0,0,0,0
13.000000000000071,75,0,0,0,0,0,0,0,0,0,0
13.050000000000072,87,0,0,0,0,0,0,0,0,0,0
13.100000000000072,110,0,0,0,0,0,0,0,0,0,0
13.150000000000073,100,0,0,0,0,0,0,0,0,0,0
13.200000000000074,105,0,0,0,0,0,0,0,0,0,0
13.250000000000075,84,0,0,0,0,0,0,0,0,0,0
13.300000000000075,97,0,0,0,0,0,0,0,0,0,0
13.350000000000076,103,0,0,0,0,0,0,0,0,0,0
13.400000000000077,92,0,0,0,0,0,0,0,0,0,0
13.450000000000077,127,0,0,0,0,0,0,0,0,0,0
13.500000000000078,94,0,0,0,0,0,0,0,0,0,0
13.550000000000079,87,0,0,0,0,0,0,0,0,0,0
13.60000000000008,99,0,0,0,0,0,0,0,0,0,0
13.65000000000008,85,0,0,0,0,0,0,0,0,0,0
13.700000000000081,93,0,0,0,0,0,0,0,0,0,0
13.750000000000082,93,0,0,0,0,0,0,0,0,0,0
13.800000000000082,94,0,0,0,0,0,0,0,0,0,0
13.850000000000083,106,0,0,0,0,0,0,0,0,0,0
13.900000000000084,102,0,0,0,0,0,0,0,0,0,0
13.950000000000085,90,0,0,0,0,0,0,0,0,0,0
14.000000000000085,100,0,0,0,0,0,0,0,0,0,0
14.050000000000086,103,0,0,0,0,0,0,0,0,0,0
14.100000000000087,95,0,0,0,0,0,0,0,0,0,0
14.150000000000087,88,0,0,0,0,0,0,0,0,0,0
14.200000000000088,100,0,0,0,0,0,0,0,0,0,0
14.250000000000089,89,0,0,0,0,0,0,0,0,0,0
14.30000000000009,105,0,0,0,0,0,0,0,0,0,0
14.35000000000009,99,0,0,0,0,0,0,0,0,0,0
14.400000000000091,95,0,0,0,0,0,0,0,0,0,0
14.450000000000092,104,0,0,0,0,0,0,0,0,0,0
14.500000000000092,89,0,0,0,0,0,0,0,0,0,0
14.550000000000093,91,0,0,0,0,0,0,0,0,0,0
14.600000000000094,87,0,0,0,0,0,0,0,0,0,0
14.650000000000095,96,0,0,0,0,0,0,0,0,0,0
14.700000000000095,108,0,0,0,0,0,0,0,0,0,0
14.750000000000096,105,0,0,0,0,0,0,0,0,0,0
14.800000000000097,105,0,0,0,0,0,0,0,0,0,0
14.850000000000097,87,0,0,0,0,0,0,0,0,0,0
14.900000000000098,109,0,0,0,0,0,0,0,0,0,0
14.950000000000099,111,0,0,0,0,0,0,0,0,0,0
15.0000000000001,88,0,0,0,0,0,0,0,0,0,0
15.0500000000001,95,0,0,0,0,0,0,0,0,0,0
15.100000000000101,82,0,0,0,0,0,0,0,0,0,0
15.150000000000102,92,0,0,0,0,0,0,0,0,0,0
15.200000000000102,109,0,0,0,0,0,0,0,0,0,0
15.250000000000103,95,0,0,0,0,0,0,0,0,0,0
15.300000000000104,98,0,0,0,0,0,0,0,0,0,0
15.350000000000104,93,0,0,0,0,0,0,0,0,0,0
15.400000000000105,104,0,0,0,0,0,0,0,0,0,0
15.450000000000106,88,0,0,0,0,0,0,0,0,0,0
15.500000000000107,101,0,0,0,0,0,0,0,0,0,0
15.550000000000107,100,0,0,0,0,0,0,0,0,0,0
15.600000000000108,100,0,0,0,0,0,0,0,0,0,0
15.650000000000109,105,0,0,0,0,0,0,0,0,0,0
15.70000000000011,86,0,0,0,0,0,0,0,0,0,0
15.75000000000011,99,0,0,0,0,0,0,0,0,0,0
15.80000000000011,106,0,0,0,0,0,0,0,0,0,0
15.850000000000112,87,0,0,0,0,0,0,0,0,0,0
15.900000000000112,84,0,0,0,0,0,0,0,0,0,0
15.950000000000113,92,0,0,0,0,0,0,0,0,0,0
16.000000000000114,84,0,0,0,0,0,0,0,0,0,0
16.050000000000114,110,0,0,0,0,0,0,0,0,0,0
16.100000000000115,100,0,0,0,0,0,0,0,0,0,0
16.150000000000116,108,0,0,0,0,0,0,0,0,0,0
16.200000000000117,97,0,0,0,0,0,0,0,0,0,0
16.250000000000117,103,0,0,0,0,0,0,0,0,0,0
16.300000000000118,102,0,0,0,0,0,0,0,0,0,0
16.35000000000012,86,0,0,0,0,0,0,0,0,0,0
16.40000000000012,109,0,0,0,0,0,0,0,0,0,0
16.45000000000012,85,0,0,0,0,0,0,0,0,0,0
16.50000000000012,87,0,0,0,0,0,0,0,0,0,0
16.55000000000012,105,0,0,0,0,0,0,0,0,0,0
16.600000000000122,88,0,0,0,0,0,0,0,0,0,0
16.650000000000123,77,0,0,0,0,0,0,0,0,0,0
16.700000000000124,72,0,0,0,0,0,0,0,0,0,0
16.750000000000124,50,0,0,0,0,0,0,0,0,0,0
16.800000000000125,43,0,0,0,0,0,0,0,0,0,0
16.850000000000126,22,0,0,0,0,0,0,0,0,0,0
16.900000000000126,15,0,0,0,0,0,0,0,0,0,0
16.950000000000127,8,0,0,0,0,0,0,0,0,0,0
17.000000000000128,0,0,0,0,0,0,0,0,0,0,0
17.05000000000013,0,0,0,0,0,0,0,0,0,0,0
17.10000000000013,0,0,0,0,0,0,0,0,0,0,0
17.15000000000013,0,0,0,0,0,0,0,0,0,0,0
17.20000000000013,0,0,0,0,0,0,0,0,0,0,0
17.25000000000013,0,0,0,0,0,0,0,0,0,0,0
17.300000000000132,0,0,0,0,0,0,0,0,0,0,0
17.350000000000133,0,0,0,0,0,0,0,0,0,0,0
17.400000000000134,0,0,0,0,0,0,0,0,0,0,0
17.450000000000134,0,0,0,0,0,0,0,0,0,0,0
17.500000000000135,0,0,0,0,0,0,0,0,0,0,0
17.550000000000136,0,0,0,0,0,0,0,0,0,0,0
17.600000000000136,0,0,0,0,0,0,0,0,0,0,0
17.650000000000137,0,0,0,0,0,0,0,0,0,0,0
17.700000000000138,0,0,0,0,0,0,0,0,0,0,0
17.75000000000014,0,0,0,0,0,0,0,0,0,0,0
17.80000000000014,0,0,0,0,0,0,0,0,0,0,0
17.85000000000014,0,0,0,0,0,0,0,0,0,0,0
17.90000000000014,0,0,0,0,0,0,0,0,0,0,0
17.95000000000014,0,0,0,0,0,0,0,0,0,0,0
18.000000000000142,0,0,0,0,0,0,0,0,0,0,0
18.050000000000143,0,0,0,0,0,0,0,0,0,0,0
18.100000000000144,0,0,0,0,0,0,0,0,0,0,0
18.150000000000144,0,0,0,0,0,0,0,0,0,0,0
18.200000000000145,0,0,0,0,0,0,0,0,0,0,0
18.250000000000146,0,0,0,0,0,0,0,0,0,0,0
18.300000000000146,0,0,0,0,0,0,0,0,0,0,0
18.350000000000147,0,0,0,0,0,0,0,0,0,0,0
18.400000000000148,0,0,0,0,0,0,0,0,0,0,0
18.45000000000015,0,0,0,0,0,0,0,0,0,0,0
18.50000000000015,0,0,0,0,0,0,0,0,0,0,0
18.55000000000015,0,0,0,0,0,0,0,0,0,0,0
18.60000000000015,0,0,0,0,0,0,0,0,0,0,0
18.65000000000015,0,0,0,0,0,0,0,0,0,0,0
18.700000000000152,0,0,0,0,0,0,0,0,0,0,0
18.750000000000153,0,0,0,0,0,0,0,0,0,0,0
18.800000000000153,0,0,0,0,0,0,0,0,0,0,0
18.850000000000154,0,0,0,0,0,0,0,0,0,0,0
18.900000000000155,0,0,0,0,0,0,0,0,0,0,0
18.950000000000156,0,0,0,0,0,0,0,0,0,0,0
19.000000000000156,0,0,0,0,0,0,0,0,0,0,0
19.050000000000157,0,0,0,0,0,0,0,0,0,0,0
19.100000000000158,0,0,0,0,0,0,0,0,0,0,0
19.15000000000016,0,0,0,0,0,0,0,0,0,0,0
19.20000000000016,0,0,0,0,0,0,0,0,0,0,0
19.25000000000016,0,0,0,0,0,0,0,0,0,0,0
19.30000000000016,0,0,0,0,0,0,0,0,0,0,0
19.35000000000016,0,0,0,0,0,0,0,0,0,0,0
19.400000000000162,0,0,0,0,0,0,0,0,0,0,0
19.450000000000163,0,0,0,0,0,0,0,0,0,0,0
19.500000000000163,0,0,0,0,0,0,0,0,0,0,0
19.550000000000164,0,0,0,0,0,0,0,0,0,0,0
19.600000000000165,0,0,0,0,0,0,0,0,0,0,0
19.650000000000166,0,0,0,0,0,0,0,0,0,0,0
19.700000000000166,0,0,0,0,0,0,0,0,0,0,0
19.750000000000167,0,0,0,0,0,0,0,0,0,0,0
19.800000000000168,0,0,0,0,0,0,0,0,0,0,0
19.85000000000017,0,0,0,0,0,0,0,0,0,0,0
19.90000000000017,0,0,0,0,0,0,0,0,0,0,0
19.95000000000017,0,0,0,0,0,0,0,0,0,0,0
20.00000000000017,0,0,0,0,0,0,0,0,0,0,0
20.05000000000017,0,0,0,0,0,0,0,0,0,0,0
20.100000000000172,0,0,0,0,0,0,0,0,0,0,0
20.150000000000173,0,0,0,0,0,0,0,0,0,0,0
20.200000000000173,0,0,0,0,0,0,0,0,0,0,0
20.250000000000174,0,0,0,0,0,0,0,0,0,0,0
20.300000000000175,0,0,0,0,0,0,0,0,0,0,0
20.350000000000176,0,0,0,0,0,0,0,0,0,0,0
20.400000000000176,0,0,0,0,0,0,0,0,0,0,0
20.450000000000177,0,0,0,0,0,0,0,0,0,0,0
20.500000000000178,0,0,0,0,0,0,0,0,0,0,0
20.55000000000018,0,0,0,0,0,0,0,0,0,0,0
20.60000000000018,0,0,0,0,0,0,0,0,0,0,0
20.65000000000018,0,0,0,0,0,0,0,0,0,0,0
20.70000000000018,0,0,0,0,0,0,0,0,0,0,0
20.75000000000018,0,0,0,0,0,0,0,0,0,0,0
*****
8,0.05,100,0,1,10,100,0.261843996326,0.1280509099671
8,100,96,98,91,98,0,0,0,0,0,0
8.05,102,101,102,89,101,0,0,0,0,0,0
8.100000000000001,114,111,113,105,113,0,0,0,0,0,0
8.150000000000002,113,106,109,100,111,0,0,0,0,0,0
8.200000000000003,119,110,111,111,116,0,0,0,0,0,0
8.250000000000004,106,97,102,97,105,0,0,0,0,0,0
8.300000000000004,115,103,107,97,110,0,0,0,0,0,0
8.350000000000005,114,98,102,102,103,0,0,0,0,0,0
8.400000000000006,103,84,87,91,93,0,0,0,0,0,0
8.450000000000006,111,92,94,102,103,0,0,0,0,0,0
8.500000000000007,134,94,101,118,114,0,0,0,0,0,0
8.550000000000008,108,66,72,83,80,0,0,0,0,0,0
8.600000000000009,123,71,77,98,92,0,0,0,0,0,0
8.65000000000001,112,63,65,88,75,0,0,0,0,0,0
8.70000000000001,107,48,59,71,71,0,0,0,0,0,0
8.75000000000001,108,50,56,75,63,0,0,0,0,0,0
8.800000000000011,108,46,57,75,67,0,0,0,0,0,0
8.850000000000012,116,39,51,58,59,0,0,0,0,0,0
8.900000000000013,119,48,53,69,64,0,0,0,0,0,0
8.950000000000014,108,23,32,60,41,0,0,0,0,0,0
9.000000000000014,123,30,37,69,48,0,0,0,0,0,0
9.050000000000015,122,26,37,56,41,0,0,0,0,0,0
9.100000000000016,107,18,19,44,25,0,0,0,0,0,0
9.150000000000016,95,7,17,27,21,0,0,0,0,0,0
9.200000000000017,107,9,17,33,21,0,0,0,0,0,0
9.250000000000018,120,5,7,22,11,0,0,0,0,0,0
9.300000000000018,113,11,13,22,16,0,0,0,0,0,0
9.35000000000002,110,9,14,30,18,0,0,0,0,0,0
9.40000000000002,131,11,12,20,17,0,0,0,0,0,0
9.45000000000002,112,1,4,13,5,0,0,0,0,0,0
9.500000000000021,119,4,9,15,9,0,0,0,0,0,0
9.550000000000022,127,2,4,11,5,0,0,0,0,0,0
9.600000000000023,112,2,4,13,7,0,0,0,0,0,0
9.650000000000023,120,2,3,8,4,0,0,0,0,0,0
9.700000000000024,118,2,2,5,2,0,0,0,0,0,0
9.750000000000025,108,0,1,5,3,0,0,0,0,0,0
9.800000000000026,114,3,2,5,3,0,0,0,0,0,0
9.850000000000026,119,2,2,5,3,0,0,0,0,0,0
9.900000000000027,101,2,2,2,2,0,0,0,0,0,0
9.950000000000028,127,1,1,1,1,0,0,0,0,0,0
10.000000000000028,98,1,1,1,1,0,0,0,0,0,0
10.05000000000003,111,0,0,3,0,0,0,0,0,0,0
10.10000000000003,118,1,1,1,1,0,0,0,0,0,0
10.15000000000003,95,0,0,0,0,0,0,0,0,0,0
10.200000000000031,131,0,1,1,1,0,0,0,0,0,0
10.250000000000032,118,0,0,0,0,0,0,0,0,0,0
10.300000000000033,119,0,0,2,0,0,0,0,0,0,0
10.350000000000033,115,0,0,0,0,0,0,0,0,0,0
10.400000000000034,124,0,0,0,0,0,0,0,0,0,0
10.450000000000035,118,0,0,0,0,0,0,0,0,0,0
10.500000000000036,117,0,0,0,0,0,0,0,0,0,0
10.550000000000036,100,0,0,1,0,0,0,0,0,0,0
10.600000000000037,118,0,0,0,0,0,0,0,0,0,0
10.650000000000038,117,0,0,0,0,0,0,0,0,0,0
10.700000000000038,112,0,0,0,0,0,0,0,0,0,0
10.750000000000039,122,0,0,0,0,0,0,0,0,0,0
10.80000000000004,108,0,0,0,0,0,0,0,0,0,0
10.85000000000004,122,0,0,0,0,0,0,0,0,0,0
10.900000000000041,124,0,0,1,0,0,0,0,0,0,0
10.950000000000042,107,0,0,0,0,0,0,0,0,0,0
11.000000000000043,109,0,0,0,0,0,0,0,0,0,0
11.050000000000043,117,0,0,0,0,0,0,0,0,0,0
11.100000000000044,114,0,0,0,0,0,0,0,0,0,0
11.150000000000045,116,0,0,0,0,0,0,0,0,0,0
11.200000000000045,106,0,0,0,0,0,0,0,0,0,0
11.250000000000046,103,0,0,0,0,0,0,0,0,0,0
11.300000000000047,121,0,0,0,0,0,0,0,0,0,0
11.350000000000048,105,0,0,0,0,0,0,0,0,0,0
11.400000000000048,103,0,0,0,0,0,0,0,0,0,0
11.450000000000049,131,0,0,0,0,0,0,0,0,0,0
11.50000000000005,122,0,0,0,0,0,0,0,0,0,0
11.55000000000005,109,0,0,0,0,0,0,0,0,0,0
11.600000000000051,118,0,0,0,0,0,0,0,0,0,0
11.650000000000052,99,0,0,0,0,0,0,0,0,0,0
11.700000000000053,105,0,0,0,0,0,0,0,0,0,0
11.750000000000053,113,0,0,0,0,0,0,0,0,0,0
11.800000000000054,96,0,0,0,0,0,0,0,0,0,0
11.850000000000055,119,0,0,0,0,0,0,0,0,0,0
11.900000000000055,109,0,0,0,0,0,0,0,0,0,0
11.950000000000056,98,0,0,0,0,0,0,0,0,0,0
12.000000000000057,115,0,0,0,0,0,0,0,0,0,0
12.050000000000058,117,0,0,0,0,0,0,0,0,0,0
12.100000000000058,95,0,0,0,0,0,0,0,0,0,0
12.150000000000059,127,0,0,0,0,0,0,0,0,0,0
12.20000000000006,101,0,0,0,0,0,0,0,0,0,0
12.25000000000006,135,0,0,0,0,0,0,0,0,0,0
12.300000000000061,131,0,0,0,0,0,0,0,0,0,0
12.350000000000062,102,0,0,0,0,0,0,0,0,0,0
12.400000000000063,100,0,0,0,0,0,0,0,0,0,0
12.450000000000063,124,0,0,0,0,0,0,0,0,0,0
12.500000000000064,110,0,0,0,0,0,0,0,0,0,0
12.550000000000065,105,0,0,0,0,0,0,0,0,0,0
12.600000000000065,128,0,0,0,0,0,0,0,0,0,0
12.650000000000066,117,0,0,0,0,0,0,0,0,0,0
12.700000000000067,109,0,0,0,0,0,0,0,0,0,0
12.750000000000068,115,0,0,0,0,0,0,0,0,0,0
12.800000000000068,105,0,0,0,0,0,0,0,0,0,0
12.850000000000069,121,0,0,0,0,0,0,0,0,0,0
12.90000000000007,129,0,0,0,0,0,0,0,0,0,0
12.95000000000007,109,0,0,0,0,0,0,0,0,0,0
13.000000000000071,103,0,0,0,0,0,0,0,0,0,0
13.050000000000072,116,0,0,0,0,0,0,0,0,0,0
13.100000000000072,107,0,0,0,0,0,0,0,0,0,0
13.150000000000073,143,0,0,0,0,0,0,0,0,0,0
13.200000000000074,105,0,0,0,0,0,0,0,0,0,0
13.250000000000075,109,0,0,0,0,0,0,0,0,0,0
13.300000000000075,91,0,0,0,0,0,0,0,0,0,0
13.350000000000076,125,0,0,0,0,0,0,0,0,0,0
13.400000000000077,120,0,0,0,0,0,0,0,0,0,0
13.450000000000077,129,0,0,0,0,0,0,0,0,0,0
13.500000000000078,109,0,0,0,0,0,0,0,0,0,0
13.550000000000079,132,0,0,0,0,0,0,0,0,0,0
13.60000000000008,103,0,0,0,0,0,0,0,0,0,0
13.65000000000008,109,0,0,0,0,0,0,0,0,0,0
13.700000000000081,105,0,0,0,0,0,0,0,0,0,0
13.750000000000082,116,0,0,0,0,0,0,0,0,0,0
13.800000000000082,114,0,0,0,0,0,0,0,0,0,0
13.850000000000083,119,0,0,0,0,0,0,0,0,0,0
13.900000000000084,119,0,0,0,0,0,0,0,0,0,0
13.950000000000085,121,0,0,0,0,0,0,0,0,0,0
14.000000000000085,125,0,0,0,0,0,0,0,0,0,0
14.050000000000086,107,0,0,0,0,0,0,0,0,0,0
14.100000000000087,131,0,0,0,0,0,0,0,0,0,0
14.150000000000087,100,0,0,0,0,0,0,0,0,0,0
14.200000000000088,135,0,0,0,0,0,0,0,0,0,0
14.250000000000089,107,0,0,0,0,0,0,0,0,0,0
14.30000000000009,112,0,0,0,0,0,0,0,0,0,0
14.35000000000009,117,0,0,0,0,0,0,0,0,0,0
14.400000000000091,116,0,0,0,0,0,0,0,0,0,0
14.450000000000092,105,0,0,0,0,0,0,0,0,0,0
14.500000000000092,114,0,0,0,0,0,0,0,0,0,0
14.550000000000093,123,0,0,0,0,0,0,0,0,0,0
14.600000000000094,102,0,0,0,0,0,0,0,0,0,0
14.650000000000095,103,0,0,0,0,0,0,0,0,0,0
14.700000000000095,108,0,0,0,0,0,0,0,0,0,0
14.750000000000096,101,0,0,0,0,0,0,0,0,0,0
14.800000000000097,111,0,0,0,0,0,0,0,0,0,0
14.850000000000097,110,0,0,0,0,0,0,0,0,0,0
14.900000000000098,116,0,0,0,0,0,0,0,0,0,0
14.950000000000099,105,0,0,0,0,0,0,0,0,0,0
15.0000000000001,112,0,0,0,0,0,0,0,0,0,0
15.0500000000001,107,0,0,0,0,0,0,0,0,0,0
15.100000000000101,99,0,0,0,0,0,0,0,0,0,0
15.150000000000102,130,0,0,0,0,0,0,0,0,0,0
15.200000000000102,109,0,0,0,0,0,0,0,0,0,0
15.250000000000103,122,0,0,0,0,0,0,0,0,0,0
15.300000000000104,103,0,0,0,0,0,0,0,0,0,0
15.350000000000104,117,0,0,0,0,0,0,0,0,0,0
15.400000000000105,126,0,0,0,0,0,0,0,0,0,0
15.450000000000106,146,0,0,0,0,0,0,0,0,0,0
15.500000000000107,107,0,0,0,0,0,0,0,0,0,0
15.550000000000107,115,0,0,0,0,0,0,0,0,0,0
15.600000000000108,100,0,0,0,0,0,0,0,0,0,0
15.650000000000109,105,0,0,0,0,0,0,0,0,0,0
15.70000000000011,97,0,0,0,0,0,0,0,0,0,0
15.75000000000011,111,0,0,0,0,0,0,0,0,0,0
15.80000000000011,116,0,0,0,0,0,0,0,0,0,0
15.850000000000112,116,0,0,0,0,0,0,0,0,0,0
15.900000000000112,104,0,0,0,0,0,0,0,0,0,0
15.950000000000113,109,0,0,0,0,0,0,0,0,0,0
16.000000000000114,97,0,0,0,0,0,0,0,0,0,0
16.050000000000114,99,0,0,0,0,0,0,0,0,0,0
16.100000000000115,106,0,0,0,0,0,0,0,0,0,0
16.150000000000116,103,0,0,0,0,0,0,0,0,0,0
16.200000000000117,93,0,0,0,0,0,0,0,0,0,0
16.250000000000117,81,0,0,0,0,0,0,0,0,0,0
16.300000000000118,88,0,0,0,0,0,0,0,0,0,0
16.35000000000012,73,0,0,0,0,0,0,0,0,0,0
16.40000000000012,63,0,0,0,0,0,0,0,0,0,0
16.45000000000012,60,0,0,0,0,0,0,0,0,0,0
16.50000000000012,50,0,0,0,0,0,0,0,0,0,0
16.55000000000012,52,0,0,0,0,0,0,0,0,0,0
16.600000000000122,37,0,0,0,0,0,0,0,0,0,0
16.650000000000123,36,0,0,0,0,0,0,0,0,0,0
16.700000000000124,32,0,0,0,0,0,0,0,0,0,0
16.750000000000124,25,0,0,0,0,0,0,0,0,0,0
16.800000000000125,16,0,0,0,0,0,0,0,0,0,0
16.850000000000126,14,0,0,0,0,0,0,0,0,0,0
16.900000000000126,6,0,0,0,0,0,0,0,0,0,0
16.950000000000127,3,0,0,0,0,0,0,0,0,0,0
17.000000000000128,0,0,0,0,0,0,0,0,0,0,0
17.05000000000013,0,0,0,0,0,0,0,0,0,0,0
17.10000000000013,0,0,0,0,0,0,0,0,0,0,0
17.15000000000013,0,0,0,0,0,0,0,0,0,0,0
17.20000000000013,0,0,0,0,0,0,0,0,0,0,0
17.25000000000013,0,0,0,0,0,0,0,0,0,0,0
17.300000000000132,0,0,0,0,0,0,0,0,0,0,0
17.350000000000133,0,0,0,0,0,0,0,0,0,0,0
17.400000000000134,0,0,0,0,0,0,0,0,0,0,0
17.450000000000134,0,0,0,0,0,0,0,0,0,0,0
17.500000000000135,0,0,0,0,0,0,0,0,0,0,0
17.550000000000136,0,0,0,0,0,0,0,0,0,0,0
17.600000000000136,0,0,0,0,0,0,0,0,0,0,0
17.650000000000137,0,0,0,0,0,0,0,0,0,0,0
17.700000000000138,0,0,0,0,0,0,0,0,0,0,0
17.75000000000014,0,0,0,0,0,0,0,0,0,0,0
17.80000000000014,0,0,0,0,0,0,0,0,0,0,0
17.85000000000014,0,0,0,0,0,0,0,0,0,0,0
17.90000000000014,0,0,0,0,0,0,0,0,0,0,0
17.95000000000014,0,0,0,0,0,0,0,0,0,0,0
18.000000000000142,0,0,0,0,0,0,0,0,0,0,0
18.050000000000143,0,0,0,0,0,0,0,0,0,0,0
18.100000000000144,0,0,0,0,0,0,0,0,0,0,0
18.150000000000144,0,0,0,0,0,0,0,0,0,0,0
18.200000000000145,0,0,0,0,0,0,0,0,0,0,0
18.250000000000146,0,0,0,0,0,0,0,0,0,0,0
18.300000000000146,0,0,0,0,0,0,0,0,0,0,0
18.350000000000147,0,0,0,0,0,0,0,0,0,0,0
18.400000000000148,0,0,0,0,0,0,0,0,0,0,0
18.45000000000015,0,0,0,0,0,0,0,0,0,0,0
18.50000000000015,0,0,0,0,0,0,0,0,0,0,0
18.55000000000015,0,0,0,0,0,0,0,0,0,0,0
18.60000000000015,0,0,0,0,0,0,0,0,0,0,0
18.65000000000015,0,0,0,0,0,0,0,0,0,0,0
18.700000000000152,0,0,0,0,0,0,0,0,0,0,0
18.750000000000153,0,0,0,0,0,0,0,0,0,0,0
18.800000000000153,0,0,0,0,0,0,0,0,0,0,0
18.850000000000154,0,0,0,0,0,0,0,0,0,0,0
18.900000000000155,0,0,0,0,0,0,0,0,0,0,0
18.950000000000156,0,0,0,0,0,0,0,0,0,0,0
19.000000000000156,0,0,0,0,0,0,0,0,0,0,0
19.050000000000157,0,0,0,0,0,0,0,0,0,0,0
19.100000000000158,0,0,0,0,0,0,0,0,0,0,0
19.15000000000016,0,0,0,0,0,0,0,0,0,0,0
19.20000000000016,0,0,0,0,0,0,0,0,0,0,0
19.25000000000016,0,0,0,0,0,0,0,0,0,0,0
19.30000000000016,0,0,0,0,0,0,0,0,0,0,0
19.35000000000016,0,0,0,0,0,0,0,0,0,0,0
19.400000000000162,0,0,0,0,0,0,0,0,0,0,0
19.450000000000163,0,0,0,0,0,0,0,0,0,0,0
19.500000000000163,0,0,0,0,0,0,0,0,0,0,0
19.550000000000164,0,0,0,0,0,0,0,0,0,0,0
19.600000000000165,0,0,0,0,0,0,0,0,0,0,0
19.650000000000166,0,0,0,0,0,0,0,0,0,0,0
19.700000000000166,0,0,0,0,0,0,0,0,0,0,0
19.750000000000167,0,0,0,0,0,0,0,0,0,0,0
19.800000000000168,0,0,0,0,0,0,0,0,0,0,0
19.85000000000017,0,0,0,0,0,0,0,0,0,0,0
19.90000000000017,0,0,0,0,0,0,0,0,0,0,0
19.95000000000017,0,0,0,0,0,0,0,0,0,0,0
20.00000000000017,0,0,0,0,0,0,0,0,0,0,0
20.05000000000017,0,0,0,0,0,0,0,0,0,0,0
20.100000000000172,0,0,0,0,0,0,0,0,0,0,0
20.150000000000173,0,0,0,0,0,0,0,0,0,0,0
20.200000000000173,0,0,0,0,0,0,0,0,0,0,0
20.250000000000174,0,0,0,0,0,0,0,0,0,0,0
20.300000000000175,0,0,0,0,0,0,0,0,0,0,0
20.350000000000176,0,0,0,0,0,0,0,0,0,0,0
20.400000000000176,0,0,0,0,0,0,0,0,0,0,0
20.450000000000177,0,0,0,0,0,0,0,0,0,0,0
20.500000000000178,0,0,0,0,0,0,0,0,0,0,0
20.55000000000018,0,0,0,0,0,0,0,0,0,0,0
20.60000000000018,0,0,0,0,0,0,0,0,0,0,0
20.65000000000018,0,0,0,0,0,0,0,0,0,0,0
20.70000000000018,0,0,0,0,0,0,0,0,0,0,0
20.75000000000018,0,0,0,0,0,0,0,0,0,0,0
