*****
8,0.05,100,0,0.4,10,100,0.39276599448899996,0.1280509099671
8,100,100,88,100,100,0,0,0,0,0,0
8.05,77,77,72,77,77,0,0,0,0,0,0
8.100000000000001,89,89,80,89,89,0,0,0,0,0,0
8.150000000000002,92,92,80,92,92,0,0,0,0,0,0
8.200000000000003,88,88,73,88,88,0,0,0,0,0,0
8.250000000000004,93,93,78,93,93,0,0,0,0,0,0
8.300000000000004,84,84,63,84,84,0,0,0,0,0,0
8.350000000000005,83,83,60,83,83,0,0,0,0,0,0
8.400000000000006,95,95,71,94,95,0,0,0,0,0,0
8.450000000000006,73,73,49,73,73,0,0,0,0,0,0
8.500000000000007,92,92,59,90,92,0,0,0,0,0,0
8.550000000000008,94,94,57,93,94,0,0,0,0,0,0
8.600000000000009,105,105,63,104,105,0,0,0,0,0,0
8.65000000000001,109,109,66,108,109,0,0,0,0,0,0
8.70000000000001,64,64,31,64,64,0,0,0,0,0,0
8.75000000000001,62,60,37,61,62,0,0,0,0,0,0
8.800000000000011,96,92,39,96,94,0,0,0,0,0,0
8.850000000000012,99,94,45,97,95,0,0,0,0,0,0
8.900000000000013,94,91,36,91,92,0,0,0,0,0,0
8.950000000000014,98,88,31,96,94,0,0,0,0,0,0
9.000000000000014,95,86,42,95,91,0,0,0,0,0,0
9.050000000000015,95,85,26,91,88,0,0,0,0,0,0
9.100000000000016,101,87,32,95,91,0,0,0,0,0,0
9.150000000000016,73,56,14,67,61,0,0,0,0,0,0
9.200000000000017,79,64,19,75,69,0,0,0,0,0,0
9.250000000000018,100,77,22,89,82,0,0,0,0,0,0
9.300000000000018,91,58,11,80,66,0,0,0,0,0,0
9.35000000000002,84,48,11,72,58,0,0,0,0,0,0
9.40000000000002,93,60,12,79,69,0,0,0,0,0,0
9.45000000000002,108,66,19,89,76,0,0,0,0,0,0
9.500000000000021,79,26,9,60,39,0,0,0,0,0,0
9.550000000000022,88,31,6,67,45,0,0,0,0,0,0
9.600000000000023,110,43,13,79,57,0,0,0,0,0,0
9.650000000000023,102,34,7,72,49,0,0,0,0,0,0
9.700000000000024,99,24,4,60,46,0,0,0,0,0,0
9.750000000000025,72,13,2,39,23,0,0,0,0,0,0
9.800000000000026,107,28,4,52,38,0,0,0,0,0,0
9.850000000000026,93,16,1,42,26,0,0,0,0,0,0
9.900000000000027,101,11,2,40,18,0,0,0,0,0,0
9.950000000000028,84,14,2,32,17,0,0,0,0,0,0
10.000000000000028,94,11,2,26,15,0,0,0,0,0,0
10.05000000000003,78,11,1,19,15,0,0,0,0,0,0
10.10000000000003,102,6,1,18,11,0,0,0,0,0,0
10.15000000000003,77,6,1,13,8,0,0,0,0,0,0
10.200000000000031,91,3,0,17,6,0,0,0,0,0,0
10.250000000000032,86,0,1,12,2,0,0,0,0,0,0
10.300000000000033,90,0,0,12,3,0,0,0,0,0,0
10.350000000000033,100,1,0,4,1,0,0,0,0,0,0
10.400000000000034,93,0,0,5,0,0,0,0,0,0,0
10.450000000000035,88,2,0,3,3,0,0,0,0,0,0
10.500000000000036,85,1,1,6,2,0,0,0,0,0,0
10.550000000000036,80,0,0,1,1,0,0,0,0,0,0
10.600000000000037,76,0,0,1,0,0,0,0,0,0,0
10.650000000000038,91,0,0,1,0,0,0,0,0,0,0
10.700000000000038,84,0,0,0,0,0,0,0,0,0,0
10.750000000000039,89,0,0,0,0,0,0,0,0,0,0
10.80000000000004,90,0,0,1,0,0,0,0,0,0,0
10.85000000000004,92,0,0,1,0,0,0,0,0,0,0
10.900000000000041,76,0,0,0,0,0,0,0,0,0,0
10.950000000000042,89,0,0,1,0,0,0,0,0,0,0
11.000000000000043,93,0,0,0,0,0,0,0,0,0,0
11.050000000000043,100,0,0,0,0,0,0,0,0,0,0
11.100000000000044,90,0,0,0,0,0,0,0,0,0,0
11.150000000000045,98,0,0,0,0,0,0,0,0,0,0
11.200000000000045,102,0,0,0,0,0,0,0,0,0,0
11.250000000000046,89,0,0,0,0,0,0,0,0,0,0
11.300000000000047,85,0,0,0,0,0,0,0,0,0,0
11.350000000000048,78,0,0,0,0,0,0,0,0,0,0
11.400000000000048,97,0,0,0,0,0,0,0,0,0,0
11.450000000000049,94,0,0,0,0,0,0,0,0,0,0
11.50000000000005,95,0,0,0,0,0,0,0,0,0,0
11.55000000000005,78,0,0,0,0,0,0,0,0,0,0
11.600000000000051,96,0,0,0,0,0,0,0,0,0,0
11.650000000000052,100,0,0,0,0,0,0,0,0,0,0
11.700000000000053,104,0,0,0,0,0,0,0,0,0,0
11.750000000000053,84,0,0,0,0,0,0,0,0,0,0
11.800000000000054,103,0,0,0,0,0,0,0,0,0,0
11.850000000000055,82,0,0,0,0,0,0,0,0,0,0
11.900000000000055,102,0,0,0,0,0,0,0,0,0,0
11.950000000000056,89,0,0,0,0,0,0,0,0,0,0
12.000000000000057,105,0,0,0,0,0,0,0,0,0,0
12.050000000000058,70,0,0,0,0,0,0,0,0,0,0
12.100000000000058,106,0,0,0,0,0,0,0,0,0,0
12.150000000000059,98,0,0,0,0,0,0,0,0,0,0
12.20000000000006,86,0,0,0,0,0,0,0,0,0,0
12.25000000000006,87,0,0,0,0,0,0,0,0,0,0
12.300000000000061,98,0,0,0,0,0,0,0,0,0,0
12.350000000000062,106,0,0,0,0,0,0,0,0,0,0
12.400000000000063,89,0,0,0,0,0,0,0,0,0,0
12.450000000000063,76,0,0,0,0,0,0,0,0,0,0
12.500000000000064,88,0,0,0,0,0,0,0,0,0,0
12.550000000000065,81,0,0,0,0,0,0,0,0,0,0
12.600000000000065,74,0,0,0,0,0,0,0,0,0,0
12.650000000000066,95,0,0,0,0,0,0,0,0,0,0
12.700000000000067,108,0,0,0,0,0,0,0,0,0,0
12.750000000000068,90,0,0,0,0,0,0,0,0,0,0
12.800000000000068,81,0,0,0,0,0,0,0,0,0,0
12.850000000000069,87,0,0,0,0,0,0,0,0,0,0
12.90000000000007,94,0,0,0,0,0,0,0,0,0,0
12.95000000000007,98,0,0,0,0,0,0,0,0,0,0
13.000000000000071,96,0,0,0,0,0,0,0,0,0,0
13.050000000000072,99,0,0,0,0,0,0,0,0,0,0
13.100000000000072,87,0,0,0,0,0,0,0,0,0,0
13.150000000000073,81,0,0,0,0,0,0,0,0,0,0
13.200000000000074,76,0,0,0,0,0,0,0,0,0,0
13.250000000000075,80,0,0,0,0,0,0,0,0,0,0
13.300000000000075,98,0,0,0,0,0,0,0,0,0,0
13.350000000000076,96,0,0,0,0,0,0,0,0,0,0
13.400000000000077,81,0,0,0,0,0,0,0,0,0,0
13.450000000000077,101,0,0,0,0,0,0,0,0,0,0
13.500000000000078,82,0,0,0,0,0,0,0,0,0,0
13.550000000000079,92,0,0,0,0,0,0,0,0,0,0
13.60000000000008,91,0,0,0,0,0,0,0,0,0,0
13.65000000000008,96,0,0,0,0,0,0,0,0,0,0
13.700000000000081,88,0,0,0,0,0,0,0,0,0,0
13.750000000000082,98,0,0,0,0,0,0,0,0,0,0
13.800000000000082,94,0,0,0,0,0,0,0,0,0,0
13.850000000000083,96,0,0,0,0,0,0,0,0,0,0
13.900000000000084,77,0,0,0,0,0,0,0,0,0,0
13.950000000000085,90,0,0,0,0,0,0,0,0,0,0
14.000000000000085,78,0,0,0,0,0,0,0,0,0,0
14.050000000000086,98,0,0,0,0,0,0,0,0,0,0
14.100000000000087,86,0,0,0,0,0,0,0,0,0,0
14.150000000000087,88,0,0,0,0,0,0,0,0,0,0
14.200000000000088,96,0,0,0,0,0,0,0,0,0,0
14.250000000000089,89,0,0,0,0,0,0,0,0,0,0
14.30000000000009,88,0,0,0,0,0,0,0,0,0,0
14.35000000000009,89,0,0,0,0,0,0,0,0,0,0
14.400000000000091,110,0,0,0,0,0,0,0,0,0,0
14.450000000000092,74,0,0,0,0,0,0,0,0,0,0
14.500000000000092,94,0,0,0,0,0,0,0,0,0,0
14.550000000000093,84,0,0,0,0,0,0,0,0,0,0
14.600000000000094,91,0,0,0,0,0,0,0,0,0,0
14.650000000000095,74,0,0,0,0,0,0,0,0,0,0
14.700000000000095,91,0,0,0,0,0,0,0,0,0,0
14.750000000000096,79,0,0,0,0,0,0,0,0,0,0
14.800000000000097,97,0,0,0,0,0,0,0,0,0,0
14.850000000000097,97,0,0,0,0,0,0,0,0,0,0
14.900000000000098,94,0,0,0,0,0,0,0,0,0,0
14.950000000000099,90,0,0,0,0,0,0,0,0,0,0
15.0000000000001,93,0,0,0,0,0,0,0,0,0,0
15.0500000000001,94,0,0,0,0,0,0,0,0,0,0
15.100000000000101,89,0,0,0,0,0,0,0,0,0,0
15.150000000000102,100,0,0,0,0,0,0,0,0,0,0
15.200000000000102,89,0,0,0,0,0,0,0,0,0,0
15.250000000000103,89,0,0,0,0,0,0,0,0,0,0
15.300000000000104,86,0,0,0,0,0,0,0,0,0,0
15.350000000000104,92,0,0,0,0,0,0,0,0,0,0
15.400000000000105,83,0,0,0,0,0,0,0,0,0,0
15.450000000000106,73,0,0,0,0,0,0,0,0,0,0
15.500000000000107,99,0,0,0,0,0,0,0,0,0,0
15.550000000000107,107,0,0,0,0,0,0,0,0,0,0
15.600000000000108,97,0,0,0,0,0,0,0,0,0,0
15.650000000000109,93,0,0,0,0,0,0,0,0,0,0
15.70000000000011,80,0,0,0,0,0,0,0,0,0,0
15.75000000000011,99,0,0,0,0,0,0,0,0,0,0
15.80000000000011,74,0,0,0,0,0,0,0,0,0,0
15.850000000000112,92,0,0,0,0,0,0,0,0,0,0
15.900000000000112,91,0,0,0,0,0,0,0,0,0,0
15.950000000000113,81,0,0,0,0,0,0,0,0,0,0
16.000000000000114,83,0,0,0,0,0,0,0,0,0,0
16.050000000000114,88,0,0,0,0,0,0,0,0,0,0
16.100000000000115,60,0,0,0,0,0,0,0,0,0,0
16.150000000000116,41,0,0,0,0,0,0,0,0,0,0
16.200000000000117,45,0,0,0,0,0,0,0,0,0,0
16.250000000000117,24,0,0,0,0,0,0,0,0,0,0
16.300000000000118,15,0,0,0,0,0,0,0,0,0,0
16.35000000000012,4,0,0,0,0,0,0,0,0,0,0
16.40000000000012,0,0,0,0,0,0,0,0,0,0,0
16.45000000000012,0,0,0,0,0,0,0,0,0,0,0
16.50000000000012,0,0,0,0,0,0,0,0,0,0,0
16.55000000000012,0,0,0,0,0,0,0,0,0,0,0
16.600000000000122,0,0,0,0,0,0,0,0,0,0,0
16.650000000000123,0,0,0,0,0,0,0,0,0,0,0
16.700000000000124,0,0,0,0,0,0,0,0,0,0,0
16.750000000000124,0,0,0,0,0,0,0,0,0,0,0
16.800000000000125,0,0,0,0,0,0,0,0,0,0,0
16.850000000000126,0,0,0,0,0,0,0,0,0,0,0
16.900000000000126,0,0,0,0,0,0,0,0,0,0,0
16.950000000000127,0,0,0,0,0,0,0,0,0,0,0
17.000000000000128,0,0,0,0,0,0,0,0,0,0,0
17.05000000000013,0,0,0,0,0,0,0,0,0,0,0
17.10000000000013,0,0,0,0,0,0,0,0,0,0,0
17.15000000000013,0,0,0,0,0,0,0,0,0,0,0
17.20000000000013,0,0,0,0,0,0,0,0,0,0,0
17.25000000000013,0,0,0,0,0,0,0,0,0,0,0
17.300000000000132,0,0,0,0,0,0,0,0,0,0,0
17.350000000000133,0,0,0,0,0,0,0,0,0,0,0
17.400000000000134,0,0,0,0,0,0,0,0,0,0,0
17.450000000000134,0,0,0,0,0,0,0,0,0,0,0
17.500000000000135,0,0,0,0,0,0,0,0,0,0,0
17.550000000000136,0,0,0,0,0,0,0,0,0,0,0
17.600000000000136,0,0,0,0,0,0,0,0,0,0,0
17.650000000000137,0,0,0,0,0,0,0,0,0,0,0
17.700000000000138,0,0,0,0,0,0,0,0,0,0,0
17.75000000000014,0,0,0,0,0,0,0,0,0,0,0
17.80000000000014,0,0,0,0,0,0,0,0,0,0,0
17.85000000000014,0,0,0,0,0,0,0,0,0,0,0
17.90000000000014,0,0,0,0,0,0,0,0,0,0,0
17.95000000000014,0,0,0,0,0,0,0,0,0,0,0
18.000000000000142,0,0,0,0,0,0,0,0,0,0,0
18.050000000000143,0,0,0,0,0,0,0,0,0,0,0
18.100000000000144,0,0,0,0,0,0,0,0,0,0,0
18.150000000000144,0,0,0,0,0,0,0,0,0,0,0
18.200000000000145,0,0,0,0,0,0,0,0,0,0,0
18.250000000000146,0,0,0,0,0,0,0,0,0,0,0
18.300000000000146,0,0,0,0,0,0,0,0,0,0,0
18.350000000000147,0,0,0,0,0,0,0,0,0,0,0
18.400000000000148,0,0,0,0,0,0,0,0,0,0,0
18.45000000000015,0,0,0,0,0,0,0,0,0,0,0
18.50000000000015,0,0,0,0,0,0,0,0,0,0,0
18.55000000000015,0,0,0,0,0,0,0,0,0,0,0
18.60000000000015,0,0,0,0,0,0,0,0,0,0,0
18.65000000000015,0,0,0,0,0,0,0,0,0,0,0
18.700000000000152,0,0,0,0,0,0,0,0,0,0,0
18.750000000000153,0,0,0,0,0,0,0,0,0,0,0
18.800000000000153,0,0,0,0,0,0,0,0,0,0,0
18.850000000000154,0,0,0,0,0,0,0,0,0,0,0
18.900000000000155,0,0,0,0,0,0,0,0,0,0,0
18.950000000000156,0,0,0,0,0,0,0,0,0,0,0
19.000000000000156,0,0,0,0,0,0,0,0,0,0,0
19.050000000000157,0,0,0,0,0,0,0,0,0,0,0
19.100000000000158,0,0,0,0,0,0,0,0,0,0,0
19.15000000000016,0,0,0,0,0,0,0,0,0,0,0
19.20000000000016,0,0,0,0,0,0,0,0,0,0,0
19.25000000000016,0,0,0,0,0,0,0,0,0,0,0
19.30000000000016,0,0,0,0,0,0,0,0,0,0,0
19.35000000000016,0,0,0,0,0,0,0,0,0,0,0
19.400000000000162,0,0,0,0,0,0,0,0,0,0,0
19.450000000000163,0,0,0,0,0,0,0,0,0,0,0
19.500000000000163,0,0,0,0,0,0,0,0,0,0,0
19.550000000000164,0,0,0,0,0,0,0,0,0,0,0
19.600000000000165,0,0,0,0,0,0,0,0,0,0,0
19.650000000000166,0,0,0,0,0,0,0,0,0,0,0
19.700000000000166,0,0,0,0,0,0,0,0,0,0,0
19.750000000000167,0,0,0,0,0,0,0,0,0,0,0
19.800000000000168,0,0,0,0,0,0,0,0,0,0,0
19.85000000000017,0,0,0,0,0,0,0,0,0,0,0
19.90000000000017,0,0,0,0,0,0,0,0,0,0,0
19.95000000000017,0,0,0,0,0,0,0,0,0,0,0
20.00000000000017,0,0,0,0,0,0,0,0,0,0,0
20.05000000000017,0,0,0,0,0,0,0,0,0,0,0
20.100000000000172,0,0,0,0,0,0,0,0,0,0,0
20.150000000000173,0,0,0,0,0,0,0,0,0,0,0
20.200000000000173,0,0,0,0,0,0,0,0,0,0,0
20.250000000000174,0,0,0,0,0,0,0,0,0,0,0
20.300000000000175,0,0,0,0,0,0,0,0,0,0,0
20.350000000000176,0,0,0,0,0,0,0,0,0,0,0
20.400000000000176,0,0,0,0,0,0,0,0,0,0,0
20.450000000000177,0,0,0,0,0,0,0,0,0,0,0
20.500000000000178,0,0,0,0,0,0,0,0,0,0,0
20.55000000000018,0,0,0,0,0,0,0,0,0,0,0
20.60000000000018,0,0,0,0,0,0,0,0,0,0,0
20.65000000000018,0,0,0,0,0,0,0,0,0,0,0
20.70000000000018,0,0,0,0,0,0,0,0,0,0,0
20.75000000000018,0,0,0,0,0,0,0,0,0,0,0
*****
8,0.05,100,0.3,0.7,10,100,0.39276599448899996,0.1280509099671
8,100,100,100,97,100,0,0,0,0,0,0
8.05,90,90,90,90,90,0,0,0,0,0,0
8.100000000000001,109,109,109,109,109,0,0,0,0,0,0
8.150000000000002,103,103,103,103,103,0,0,0,0,0,0
8.200000000000003,94,94,94,92,94,0,0,0,0,0,0
8.250000000000004,91,90,91,90,91,0,0,0,0,0,0
8.300000000000004,101,101,101,100,101,0,0,0,0,0,0
8.350000000000005,110,110,110,110,110,0,0,0,0,0,0
8.400000000000006,98,98,98,96,98,0,0,0,0,0,0
8.450000000000006,92,90,91,92,92,0,0,0,0,0,0
8.500000000000007,92,91,91,92,92,0,0,0,0,0,0
8.550000000000008,93,92,92,92,93,0,0,0,0,0,0
8.600000000000009,92,88,88,91,90,0,0,0,0,0,0
8.65000000000001,89,86,87,87,87,0,0,0,0,0,0
8.70000000000001,99,97,96,96,99,0,0,0,0,0,0
8.75000000000001,108,104,105,102,105,0,0,0,0,0,0
8.800000000000011,104,99,97,100,102,0,0,0,0,0,0
8.850000000000012,105,98,99,100,100,0,0,0,0,0,0
8.900000000000013,89,78,78,82,82,0,0,0,0,0,0
8.950000000000014,95,88,90,88,92,0,0,0,0,0,0
9.000000000000014,92,79,81,84,86,0,0,0,0,0,0
9.050000000000015,98,85,85,91,89,0,0,0,0,0,0
9.100000000000016,93,71,74,82,80,0,0,0,0,0,0
9.150000000000016,105,84,89,98,97,0,0,0,0,0,0
9.200000000000017,99,80,79,86,82,0,0,0,0,0,0
9.250000000000018,79,56,61,69,68,0,0,0,0,0,0
9.300000000000018,106,76,84,86,87,0,0,0,0,0,0
9.35000000000002,99,72,74,82,78,0,0,0,0,0,0
9.40000000000002,106,68,72,80,79,0,0,0,0,0,0
9.45000000000002,97,54,57,64,63,0,0,0,0,0,0
9.500000000000021,87,50,49,62,55,0,0,0,0,0,0
9.550000000000022,94,45,50,55,55,0,0,0,0,0,0
9.600000000000023,101,47,52,64,58,0,0,0,0,0,0
9.650000000000023,95,44,46,56,51,0,0,0,0,0,0
9.700000000000024,106,36,44,60,53,0,0,0,0,0,0
9.750000000000025,92,37,41,47,47,0,0,0,0,0,0
9.800000000000026,86,34,33,43,43,0,0,0,0,0,0
9.850000000000026,104,31,36,47,40,0,0,0,0,0,0
9.900000000000027,105,29,37,44,41,0,0,0,0,0,0
9.950000000000028,91,16,19,23,23,0,0,0,0,0,0
10.000000000000028,98,21,27,30,29,0,0,0,0,0,0
10.05000000000003,100,21,26,33,27,0,0,0,0,0,0
10.10000000000003,90,14,16,19,20,0,0,0,0,0,0
10.15000000000003,100,20,22,32,27,0,0,0,0,0,0
10.200000000000031,87,14,15,23,18,0,0,0,0,0,0
10.250000000000032,95,9,13,16,15,0,0,0,0,0,0
10.300000000000033,108,8,11,16,12,0,0,0,0,0,0
10.350000000000033,94,6,5,10,7,0,0,0,0,0,0
10.400000000000034,95,3,7,10,10,0,0,0,0,0,0
10.450000000000035,110,4,6,8,6,0,0,0,0,0,0
10.500000000000036,91,4,3,6,4,0,0,0,0,0,0
10.550000000000036,84,6,7,10,8,0,0,0,0,0,0
10.600000000000037,98,3,2,6,3,0,0,0,0,0,0
10.650000000000038,96,3,3,4,3,0,0,0,0,0,0
10.700000000000038,102,1,2,3,2,0,0,0,0,0,0
10.750000000000039,100,3,3,4,3,0,0,0,0,0,0
10.80000000000004,99,0,0,0,0,0,0,0,0,0,0
10.85000000000004,97,1,2,4,2,0,0,0,0,0,0
10.900000000000041,88,0,0,1,0,0,0,0,0,0,0
10.950000000000042,99,0,1,3,2,0,0,0,0,0,0
11.000000000000043,87,1,0,2,2,0,0,0,0,0,0
11.050000000000043,99,0,0,0,0,0,0,0,0,0,0
11.100000000000044,93,1,1,1,1,0,0,0,0,0,0
11.150000000000045,103,1,1,1,1,0,0,0,0,0,0
11.200000000000045,118,0,0,0,0,0,0,0,0,0,0
11.250000000000046,105,0,0,0,0,0,0,0,0,0,0
11.300000000000047,86,0,0,0,0,0,0,0,0,0,0
11.350000000000048,76,0,0,0,0,0,0,0,0,0,0
11.400000000000048,105,1,1,1,1,0,0,0,0,0,0
11.450000000000049,79,0,0,0,0,0,0,0,0,0,0
11.50000000000005,108,0,0,0,0,0,0,0,0,0,0
11.55000000000005,112,0,0,0,0,0,0,0,0,0,0
11.600000000000051,96,0,0,0,0,0,0,0,0,0,0
11.650000000000052,99,0,0,1,0,0,0,0,0,0,0
11.700000000000053,88,0,0,0,0,0,0,0,0,0,0
11.750000000000053,100,0,0,0,0,0,0,0,0,0,0
11.800000000000054,93,0,0,0,0,0,0,0,0,0,0
11.850000000000055,99,0,0,0,0,0,0,0,0,0,0
11.900000000000055,105,0,0,0,0,0,0,0,0,0,0
11.950000000000056,100,0,0,0,0,0,0,0,0,0,0
12.000000000000057,92,0,0,0,0,0,0,0,0,0,0
12.050000000000058,93,0,0,0,0,0,0,0,0,0,0
12.100000000000058,87,0,0,0,0,0,0,0,0,0,0
12.150000000000059,109,0,0,0,0,0,0,0,0,0,0
12.20000000000006,102,0,0,0,0,0,0,0,0,0,0
12.25000000000006,92,0,0,0,0,0,0,0,0,0,0
12.300000000000061,90,0,0,0,0,0,0,0,0,0,0
12.350000000000062,96,0,0,0,0,0,0,0,0,0,0
12.400000000000063,97,0,0,0,0,0,0,0,0,0,0
12.450000000000063,89,0,0,0,0,0,0,0,0,0,0
12.500000000000064,100,0,0,0,0,0,0,0,0,0,0
12.550000000000065,109,0,0,0,0,0,0,0,0,0,0
12.600000000000065,98,0,0,0,0,0,0,0,0,0,0
12.650000000000066,93,0,0,0,0,0,0,0,0,0,0
12.700000000000067,88,0,0,0,0,0,0,0,0,0,0
12.750000000000068,95,0,0,0,0,0,0,0,0,0,0
12.800000000000068,98,0,0,0,0,0,0,0,0,0,0
12.850000000000069,99,0,0,0,0,0,0,0,0,0,0
12.90000000000007,108,0,0,0,0,0,0,0,0,0,0
12.95000000000007,98,0,0,0,0,0,0,0,0,0,0
13.000000000000071,107,0,0,0,0,0,0,0,0,0,0
13.050000000000072,88,0,0,0,0,0,0,0,0,0,0
13.100000000000072,85,0,0,0,0,0,0,0,0,0,0
13.150000000000073,96,0,0,0,0,0,0,0,0,0,0
13.200000000000074,98,0,0,0,0,0,0,0,0,0,0
13.250000000000075,87,0,0,0,0,0,0,0,0,0,0
13.300000000000075,96,0,0,0,0,0,0,0,0,0,0
13.350000000000076,104,0,0,0,0,0,0,0,0,0,0
13.400000000000077,105,0,0,0,0,0,0,0,0,0,0
13.450000000000077,104,0,0,0,0,0,0,0,0,0,0
13.500000000000078,106,0,0,0,0,0,0,0,0,0,0
13.550000000000079,94,0,0,0,0,0,0,0,0,0,0
13.60000000000008,96,0,0,0,0,0,0,0,0,0,0
13.65000000000008,105,0,0,0,0,0,0,0,0,0,0
13.700000000000081,90,0,0,0,0,0,0,0,0,0,0
13.750000000000082,90,0,0,0,0,0,0,0,0,0,0
13.800000000000082,82,0,0,0,0,0,0,0,0,0,0
13.850000000000083,91,0,0,0,0,0,0,0,0,0,0
13.900000000000084,116,0,0,0,0,0,0,0,0,0,0
13.950000000000085,106,0,0,0,0,0,0,0,0,0,0
14.000000000000085,101,0,0,0,0,0,0,0,0,0,0
14.050000000000086,109,0,0,0,0,0,0,0,0,0,0
14.100000000000087,85,0,0,0,0,0,0,0,0,0,0
14.150000000000087,92,0,0,0,0,0,0,0,0,0,0
14.200000000000088,90,0,0,0,0,0,0,0,0,0,0
14.250000000000089,98,0,0,0,0,0,0,0,0,0,0
14.30000000000009,102,0,0,0,0,0,0,0,0,0,0
14.35000000000009,83,0,0,0,0,0,0,0,0,0,0
14.400000000000091,103,0,0,0,0,0,0,0,0,0,0
14.450000000000092,98,0,0,0,0,0,0,0,0,0,0
14.500000000000092,99,0,0,0,0,0,0,0,0,0,0
14.550000000000093,112,0,0,0,0,0,0,0,0,0,0
14.600000000000094,122,0,0,0,0,0,0,0,0,0,0
14.650000000000095,86,0,0,0,0,0,0,0,0,0,0
14.700000000000095,84,0,0,0,0,0,0,0,0,0,0
14.750000000000096,88,0,0,0,0,0,0,0,0,0,0
14.800000000000097,90,0,0,0,0,0,0,0,0,0,0
14.850000000000097,104,0,0,0,0,0,0,0,0,0,0
14.900000000000098,103,0,0,0,0,0,0,0,0,0,0
14.950000000000099,95,0,0,0,0,0,0,0,0,0,0
15.0000000000001,102,0,0,0,0,0,0,0,0,0,0
15.0500000000001,103,0,0,0,0,0,0,0,0,0,0
15.100000000000101,105,0,0,0,0,0,0,0,0,0,0
15.150000000000102,90,0,0,0,0,0,0,0,0,0,0
15.200000000000102,99,0,0,0,0,0,0,0,0,0,0
15.250000000000103,83,0,0,0,0,0,0,0,0,0,0
15.300000000000104,93,0,0,0,0,0,0,0,0,0,0
15.350000000000104,93,0,0,0,0,0,0,0,0,0,0
15.400000000000105,104,0,0,0,0,0,0,0,0,0,0
15.450000000000106,102,0,0,0,0,0,0,0,0,0,0
15.500000000000107,104,0,0,0,0,0,0,0,0,0,0
15.550000000000107,97,0,0,0,0,0,0,0,0,0,0
15.600000000000108,82,0,0,0,0,0,0,0,0,0,0
15.650000000000109,92,0,0,0,0,0,0,0,0,0,0
15.70000000000011,87,0,0,0,0,0,0,0,0,0,0
15.75000000000011,119,0,0,0,0,0,0,0,0,0,0
15.80000000000011,104,0,0,0,0,0,0,0,0,0,0
15.850000000000112,95,0,0,0,0,0,0,0,0,0,0
15.900000000000112,94,0,0,0,0,0,0,0,0,0,0
15.950000000000113,94,0,0,0,0,0,0,0,0,0,0
16.000000000000114,109,0,0,0,0,0,0,0,0,0,0
16.050000000000114,85,0,0,0,0,0,0,0,0,0,0
16.100000000000115,86,0,0,0,0,0,0,0,0,0,0
16.150000000000116,100,0,0,0,0,0,0,0,0,0,0
16.200000000000117,116,0,0,0,0,0,0,0,0,0,0
16.250000000000117,86,0,0,0,0,0,0,0,0,0,0
16.300000000000118,85,0,0,0,0,0,0,0,0,0,0
16.35000000000012,77,0,0,0,0,0,0,0,0,0,0
16.40000000000012,68,0,0,0,0,0,0,0,0,0,0
16.45000000000012,57,0,0,0,0,0,0,0,0,0,0
16.50000000000012,35,0,0,0,0,0,0,0,0,0,0
16.55000000000012,34,0,0,0,0,0,0,0,0,0,0
16.600000000000122,29,0,0,0,0,0,0,0,0,0,0
16.650000000000123,6,0,0,0,0,0,0,0,0,0,0
16.700000000000124,0,0,0,0,0,0,0,0,0,0,0
16.750000000000124,0,0,0,0,0,0,0,0,0,0,0
16.800000000000125,0,0,0,0,0,0,0,0,0,0,0
16.850000000000126,0,0,0,0,0,0,0,0,0,0,0
16.900000000000126,0,0,0,0,0,0,0,0,0,0,0
16.950000000000127,0,0,0,0,0,0,0,0,0,0,0
17.000000000000128,0,0,0,0,0,0,0,0,0,0,0
17.05000000000013,0,0,0,0,0,0,0,0,0,0,0
17.10000000000013,0,0,0,0,0,0,0,0,0,0,0
17.15000000000013,0,0,0,0,0,0,0,0,0,0,0
17.20000000000013,0,0,0,0,0,0,0,0,0,0,0
17.25000000000013,0,0,0,0,0,0,0,0,0,0,0
17.300000000000132,0,0,0,0,0,0,0,0,0,0,0
17.350000000000133,0,0,0,0,0,0,0,0,0,0,0
17.400000000000134,0,0,0,0,0,0,0,0,0,0,0
17.450000000000134,0,0,0,0,0,0,0,0,0,0,0
17.500000000000135,0,0,0,0,0,0,0,0,0,0,0
17.550000000000136,0,0,0,0,0,0,0,0,0,0,0
17.600000000000136,0,0,0,0,0,0,0,0,0,0,0
17.650000000000137,0,0,0,0,0,0,0,0,0,0,0
17.700000000000138,0,0,0,0,0,0,0,0,0,0,0
17.75000000000014,0,0,0,0,0,0,0,0,0,0,0
17.80000000000014,0,0,0,0,0,0,0,0,0,0,0
17.85000000000014,0,0,0,0,0,0,0,0,0,0,0
17.90000000000014,0,0,0,0,0,0,0,0,0,0,0
17.95000000000014,0,0,0,0,0,0,0,0,0,0,0
18.000000000000142,0,0,0,0,0,0,0,0,0,0,0
18.050000000000143,0,0,0,0,0,0,0,0,0,0,0
18.100000000000144,0,0,0,0,0,0,0,0,0,0,0
18.150000000000144,0,0,0,0,0,0,0,0,0,0,0
18.200000000000145,0,0,0,0,0,0,0,0,0,0,0
18.250000000000146,0,0,0,0,0,0,0,0,0,0,0
18.300000000000146,0,0,0,0,0,0,0,0,0,0,0
18.350000000000147,0,0,0,0,0,0,0,0,0,0,0
18.400000000000148,0,0,0,0,0,0,0,0,0,0,0
18.45000000000015,0,0,0,0,0,0,0,0,0,0,0
18.50000000000015,0,0,0,0,0,0,0,0,0,0,0
18.55000000000015,0,0,0,0,0,0,0,0,0,0,0
18.60000000000015,0,0,0,0,0,0,0,0,0,0,0
18.65000000000015,0,0,0,0,0,0,0,0,0,0,0
18.700000000000152,0,0,0,0,0,0,0,0,0,0,0
18.750000000000153,0,0,0,0,0,0,0,0,0,0,0
18.800000000000153,0,0,0,0,0,0,0,0,0,0,0
18.850000000000154,0,0,0,0,0,0,0,0,0,0,0
18.900000000000155,0,0,0,0,0,0,0,0,0,0,0
18.950000000000156,0,0,0,0,0,0,0,0,0,0,0
19.000000000000156,0,0,0,0,0,0,0,0,0,0,0
19.050000000000157,0,0,0,0,0,0,0,0,0,0,0
19.100000000000158,0,0,0,0,0,0,0,0,0,0,0
19.15000000000016,0,0,0,0,0,0,0,0,0,0,0
19.20000000000016,0,0,0,0,0,0,0,0,0,0,0
19.25000000000016,0,0,0,0,0,0,0,0,0,0,0
19.30000000000016,0,0,0,0,0,0,0,0,0,0,0
19.35000000000016,0,0,0,0,0,0,0,0,0,0,0
19.400000000000162,0,0,0,0,0,0,0,0,0,0,0
19.450000000000163,0,0,0,0,0,0,0,0,0,0,0
19.500000000000163,0,0,0,0,0,0,0,0,0,0,0
19.550000000000164,0,0,0,0,0,0,0,0,0,0,0
19.600000000000165,0,0,0,0,0,0,0,0,0,0,0
19.650000000000166,0,0,0,0,0,0,0,0,0,0,0
19.700000000000166,0,0,0,0,0,0,0,0,0,0,0
19.750000000000167,0,0,0,0,0,0,0,0,0,0,0
19.800000000000168,0,0,0,0,0,0,0,0,0,0,0
19.85000000000017,0,0,0,0,0,0,0,0,0,0,0
19.90000000000017,0,0,0,0,0,0,0,0,0,0,0
19.95000000000017,0,0,0,0,0,0,0,0,0,0,0
20.00000000000017,0,0,0,0,0,0,0,0,0,0,0
20.05000000000017,0,0,0,0,0,0,0,0,0,0,0
20.100000000000172,0,0,0,0,0,0,0,0,0,0,0
20.150000000000173,0,0,0,0,0,0,0,0,0,0,0
20.200000000000173,0,0,0,0,0,0,0,0,0,0,0
20.250000000000174,0,0,0,0,0,0,0,0,0,0,0
20.300000000000175,0,0,0,0,0,0,0,0,0,0,0
20.350000000000176,0,0,0,0,0,0,0,0,0,0,0
20.400000000000176,0,0,0,0,0,0,0,0,0,0,0
20.450000000000177,0,0,0,0,0,0,0,0,0,0,0
20.500000000000178,0,0,0,0,0,0,0,0,0,0,0
20.55000000000018,0,0,0,0,0,0,0,0,0,0,0
20.60000000000018,0,0,0,0,0,0,0,0,0,0,0
20.65000000000018,0,0,0,0,0,0,0,0,0,0,0
20.70000000000018,0,0,0,0,0,0,0,0,0,0,0
20.75000000000018,0,0,0,0,0,0,0,0,0,0,0
*****
8,0.05,100,0.6,1,10,100,0.39276599448899996,0.1280509099671
8,100,19,26,27,26,0,0,0,0,0,0
8.05,108,20,34,27,34,0,0,0,0,0,0
8.100000000000001,93,19,23,17,23,0,0,0,0,0,0
8.150000000000002,90,16,21,22,21,0,0,0,0,0,0
8.200000000000003,98,28,29,28,29,0,0,0,0,0,0
8.250000000000004,72,17,21,18,21,0,0,0,0,0,0
8.300000000000004,98,25,27,26,27,0,0,0,0,0,0
8.350000000000005,106,17,30,31,30,0,0,0,0,0,0
8.400000000000006,97,18,21,27,21,0,0,0,0,0,0
8.450000000000006,87,25,23,25,23,0,0,0,0,0,0
8.500000000000007,68,14,15,15,15,0,0,0,0,0,0
8.550000000000008,92,20,29,30,29,0,0,0,0,0,0
8.600000000000009,90,12,19,23,19,0,0,0,0,0,0
8.65000000000001,89,9,17,24,17,0,0,0,0,0,0
8.70000000000001,89,6,14,14,14,0,0,0,0,0,0
8.75000000000001,91,9,14,17,14,0,0,0,0,0,0
8.800000000000011,97,6,14,10,14,0,0,0,0,0,0
8.850000000000012,90,9,16,15,16,0,0,0,0,0,0
8.900000000000013,100,10,16,13,16,0,0,0,0,0,0
8.950000000000014,101,13,20,16,20,0,0,0,0,0,0
9.000000000000014,95,6,17,17,17,0,0,0,0,0,0
9.050000000000015,87,9,11,10,11,0,0,0,0,0,0
9.100000000000016,106,6,21,20,21,0,0,0,0,0,0
9.150000000000016,92,3,12,12,12,0,0,0,0,0,0
9.200000000000017,89,7,10,8,10,0,0,0,0,0,0
9.250000000000018,77,3,5,6,5,0,0,0,0,0,0
9.300000000000018,77,3,4,5,4,0,0,0,0,0,0
9.35000000000002,89,2,6,6,6,0,0,0,0,0,0
9.40000000000002,109,3,5,5,5,0,0,0,0,0,0
9.45000000000002,85,4,5,4,5,0,0,0,0,0,0
9.500000000000021,98,1,3,5,3,0,0,0,0,0,0
9.550000000000022,83,2,3,2,3,0,0,0,0,0,0
9.600000000000023,95,1,2,1,2,0,0,0,0,0,0
9.650000000000023,99,1,2,2,2,0,0,0,0,0,0
9.700000000000024,89,1,4,4,4,0,0,0,0,0,0
9.750000000000025,87,1,2,2,2,0,0,0,0,0,0
9.800000000000026,93,1,2,1,2,0,0,0,0,0,0
9.850000000000026,87,0,2,2,2,0,0,0,0,0,0
9.900000000000027,117,2,5,5,5,0,0,0,0,0,0
9.950000000000028,96,0,0,2,0,0,0,0,0,0,0
10.000000000000028,85,0,1,1,1,0,0,0,0,0,0
10.05000000000003,71,0,1,2,1,0,0,0,0,0,0
10.10000000000003,97,1,1,0,1,0,0,0,0,0,0
10.15000000000003,82,1,1,0,1,0,0,0,0,0,0
10.200000000000031,81,0,1,0,1,0,0,0,0,0,0
10.250000000000032,108,1,1,0,1,0,0,0,0,0,0
10.300000000000033,96,0,0,0,0,0,0,0,0,0,0
10.350000000000033,90,0,0,1,0,0,0,0,0,0,0
10.400000000000034,89,1,1,0,1,0,0,0,0,0,0
10.450000000000035,98,0,0,0,0,0,0,0,0,0,0
10.500000000000036,84,0,0,0,0,0,0,0,0,0,0
10.550000000000036,90,0,0,1,0,0,0,0,0,0,0
10.600000000000037,96,0,0,0,0,0,0,0,0,0,0
10.650000000000038,92,0,0,0,0,0,0,0,0,0,0
10.700000000000038,89,0,0,0,0,0,0,0,0,0,0
10.750000000000039,98,0,0,0,0,0,0,0,0,0,0
10.80000000000004,81,0,0,0,0,0,0,0,0,0,0
10.85000000000004,101,0,0,0,0,0,0,0,0,0,0
10.900000000000041,86,0,0,0,0,0,0,0,0,0,0
10.950000000000042,89,0,0,0,0,0,0,0,0,0,0
11.000000000000043,90,0,0,0,0,0,0,0,0,0,0
11.050000000000043,90,0,0,0,0,0,0,0,0,0,0
11.100000000000044,100,0,0,0,0,0,0,0,0,0,0
11.150000000000045,107,0,0,0,0,0,0,0,0,0,0
11.200000000000045,89,0,0,0,0,0,0,0,0,0,0
11.250000000000046,94,0,0,0,0,0,0,0,0,0,0
11.300000000000047,79,0,0,0,0,0,0,0,0,0,0
11.350000000000048,83,0,0,0,0,0,0,0,0,0,0
11.400000000000048,103,0,0,0,0,0,0,0,0,0,0
11.450000000000049,89,0,0,0,0,0,0,0,0,0,0
11.50000000000005,92,0,0,0,0,0,0,0,0,0,0
11.55000000000005,81,0,0,0,0,0,0,0,0,0,0
11.600000000000051,107,0,0,0,0,0,0,0,0,0,0
11.650000000000052,93,0,0,0,0,0,0,0,0,0,0
11.700000000000053,91,0,0,0,0,0,0,0,0,0,0
11.750000000000053,92,0,0,0,0,0,0,0,0,0,0
11.800000000000054,93,0,0,0,0,0,0,0,0,0,0
11.850000000000055,102,0,0,0,0,0,0,0,0,0,0
11.900000000000055,78,0,0,0,0,0,0,0,0,0,0
11.950000000000056,93,0,0,0,0,0,0,0,0,0,0
12.000000000000057,95,0,0,0,0,0,0,0,0,0,0
12.050000000000058,85,0,0,0,0,0,0,0,0,0,0
12.100000000000058,95,0,0,0,0,0,0,0,0,0,0
12.150000000000059,78,0,0,0,0,0,0,0,0,0,0
12.20000000000006,95,0,0,0,0,0,0,0,0,0,0
12.25000000000006,90,0,0,0,0,0,0,0,0,0,0
12.300000000000061,87,0,0,0,0,0,0,0,0,0,0
12.350000000000062,90,0,0,0,0,0,0,0,0,0,0
12.400000000000063,95,0,0,0,0,0,0,0,0,0,0
12.450000000000063,94,0,0,0,0,0,0,0,0,0,0
12.500000000000064,107,0,0,0,0,0,0,0,0,0,0
12.550000000000065,98,0,0,0,0,0,0,0,0,0,0
12.600000000000065,93,0,0,0,0,0,0,0,0,0,0
12.650000000000066,77,0,0,0,0,0,0,0,0,0,0
12.700000000000067,90,0,0,0,0,0,0,0,0,0,0
12.750000000000068,104,0,0,0,0,0,0,0,0,0,0
12.800000000000068,101,0,0,0,0,0,0,0,0,0,0
12.850000000000069,90,0,0,0,0,0,0,0,0,0,0
12.90000000000007,90,0,0,0,0,0,0,0,0,0,0
12.95000000000007,85,0,0,0,0,0,0,0,0,0,0
13.000000000000071,77,0,0,0,0,0,0,0,0,0,0
13.050000000000072,90,0,0,0,0,0,0,0,0,0,0
13.100000000000072,84,0,0,0,0,0,0,0,0,0,0
13.150000000000073,98,0,0,0,0,0,0,0,0,0,0
13.200000000000074,94,0,0,0,0,0,0,0,0,0,0
13.250000000000075,85,0,0,0,0,0,0,0,0,0,0
13.300000000000075,94,0,0,0,0,0,0,0,0,0,0
13.350000000000076,85,0,0,0,0,0,0,0,0,0,0
13.400000000000077,111,0,0,0,0,0,0,0,0,0,0
13.450000000000077,91,0,0,0,0,0,0,0,0,0,0
13.500000000000078,84,0,0,0,0,0,0,0,0,0,0
13.550000000000079,88,0,0,0,0,0,0,0,0,0,0
13.60000000000008,84,0,0,0,0,0,0,0,0,0,0
13.65000000000008,97,0,0,0,0,0,0,0,0,0,0
13.700000000000081,92,0,0,0,0,0,0,0,0,0,0
13.750000000000082,94,0,0,0,0,0,0,0,0,0,0
13.800000000000082,99,0,0,0,0,0,0,0,0,0,0
13.850000000000083,90,0,0,0,0,0,0,0,0,0,0
13.900000000000084,86,0,0,0,0,0,0,0,0,0,0
13.950000000000085,93,0,0,0,0,0,0,0,0,0,0
14.000000000000085,98,0,0,0,0,0,0,0,0,0,0
14.050000000000086,95,0,0,0,0,0,0,0,0,0,0
14.100000000000087,88,0,0,0,0,0,0,0,0,0,0
14.150000000000087,81,0,0,0,0,0,0,0,0,0,0
14.200000000000088,90,0,0,0,0,0,0,0,0,0,0
14.250000000000089,90,0,0,0,0,0,0,0,0,0,0
14.30000000000009,82,0,0,0,0,0,0,0,0,0,0
14.35000000000009,111,0,0,0,0,0,0,0,0,0,0
14.400000000000091,97,0,0,0,0,0,0,0,0,0,0
14.450000000000092,89,0,0,0,0,0,0,0,0,0,0
14.500000000000092,88,0,0,0,0,0,0,0,0,0,0
14.550000000000093,87,0,0,0,0,0,0,0,0,0,0
14.600000000000094,92,0,0,0,0,0,0,0,0,0,0
14.650000000000095,107,0,0,0,0,0,0,0,0,0,0
14.700000000000095,87,0,0,0,0,0,0,0,0,0,0
14.750000000000096,103,0,0,0,0,0,0,0,0,0,0
14.800000000000097,88,0,0,0,0,0,0,0,0,0,0
14.850000000000097,85,0,0,0,0,0,0,0,0,0,0
14.900000000000098,82,0,0,0,0,0,0,0,0,0,0
14.950000000000099,84,0,0,0,0,0,0,0,0,0,0
15.0000000000001,99,0,0,0,0,0,0,0,0,0,0
15.0500000000001,94,0,0,0,0,0,0,0,0,0,0
15.100000000000101,82,0,0,0,0,0,0,0,0,0,0
15.150000000000102,99,0,0,0,0,0,0,0,0,0,0
15.200000000000102,87,0,0,0,0,0,0,0,0,0,0
15.250000000000103,91,0,0,0,0,0,0,0,0,0,0
15.300000000000104,110,0,0,0,0,0,0,0,0,0,0
15.350000000000104,95,0,0,0,0,0,0,0,0,0,0
15.400000000000105,97,0,0,0,0,0,0,0,0,0,0
15.450000000000106,82,0,0,0,0,0,0,0,0,0,0
15.500000000000107,95,0,0,0,0,0,0,0,0,0,0
15.550000000000107,89,0,0,0,0,0,0,0,0,0,0
15.600000000000108,93,0,0,0,0,0,0,0,0,0,0
15.650000000000109,93,0,0,0,0,0,0,0,0,0,0
15.70000000000011,93,0,0,0,0,0,0,0,0,0,0
15.75000000000011,85,0,0,0,0,0,0,0,0,0,0
15.80000000000011,84,0,0,0,0,0,0,0,0,0,0
15.850000000000112,99,0,0,0,0,0,0,0,0,0,0
15.900000000000112,90,0,0,0,0,0,0,0,0,0,0
15.950000000000113,95,0,0,0,0,0,0,0,0,0,0
16.000000000000114,86,0,0,0,0,0,0,0,0,0,0
16.050000000000114,91,0,0,0,0,0,0,0,0,0,0
16.100000000000115,80,0,0,0,0,0,0,0,0,0,0
16.150000000000116,89,0,0,0,0,0,0,0,0,0,0
16.200000000000117,104,0,0,0,0,0,0,0,0,0,0
16.250000000000117,88,0,0,0,0,0,0,0,0,0,0
16.300000000000118,98,0,0,0,0,0,0,0,0,0,0
16.35000000000012,89,0,0,0,0,0,0,0,0,0,0
16.40000000000012,90,0,0,0,0,0,0,0,0,0,0
16.45000000000012,94,0,0,0,0,0,0,0,0,0,0
16.50000000000012,106,0,0,0,0,0,0,0,0,0,0
16.55000000000012,97,0,0,0,0,0,0,0,0,0,0
16.600000000000122,84,0,0,0,0,0,0,0,0,0,0
16.650000000000123,71,0,0,0,0,0,0,0,0,0,0
16.700000000000124,51,0,0,0,0,0,0,0,0,0,0
16.750000000000124,61,0,0,0,0,0,0,0,0,0,0
16.800000000000125,37,0,0,0,0,0,0,0,0,0,0
16.850000000000126,38,0,0,0,0,0,0,0,0,0,0
16.900000000000126,8,0,0,0,0,0,0,0,0,0,0
16.950000000000127,5,0,0,0,0,0,0,0,0,0,0
17.000000000000128,0,0,0,0,0,0,0,0,0,0,0
17.05000000000013,0,0,0,0,0,0,0,0,0,0,0
17.10000000000013,0,0,0,0,0,0,0,0,0,0,0
17.15000000000013,0,0,0,0,0,0,0,0,0,0,0
17.20000000000013,0,0,0,0,0,0,0,0,0,0,0
17.25000000000013,0,0,0,0,0,0,0,0,0,0,0
17.300000000000132,0,0,0,0,0,0,0,0,0,0,0
17.350000000000133,0,0,0,0,0,0,0,0,0,0,0
17.400000000000134,0,0,0,0,0,0,0,0,0,0,0
17.450000000000134,0,0,0,0,0,0,0,0,0,0,0
17.500000000000135,0,0,0,0,0,0,0,0,0,0,0
17.550000000000136,0,0,0,0,0,0,0,0,0,0,0
17.600000000000136,0,0,0,0,0,0,0,0,0,0,0
17.650000000000137,0,0,0,0,0,0,0,0,0,0,0
17.700000000000138,0,0,0,0,0,0,0,0,0,0,0
17.75000000000014,0,0,0,0,0,0,0,0,0,0,0
17.80000000000014,0,0,0,0,0,0,0,0,0,0,0
17.85000000000014,0,0,0,0,0,0,0,0,0,0,0
17.90000000000014,0,0,0,0,0,0,0,0,0,0,0
17.95000000000014,0,0,0,0,0,0,0,0,0,0,0
18.000000000000142,0,0,0,0,0,0,0,0,0,0,0
18.050000000000143,0,0,0,0,0,0,0,0,0,0,0
18.100000000000144,0,0,0,0,0,0,0,0,0,0,0
18.150000000000144,0,0,0,0,0,0,0,0,0,0,0
18.200000000000145,0,0,0,0,0,0,0,0,0,0,0
18.250000000000146,0,0,0,0,0,0,0,0,0,0,0
18.300000000000146,0,0,0,0,0,0,0,0,0,0,0
18.350000000000147,0,0,0,0,0,0,0,0,0,0,0
18.400000000000148,0,0,0,0,0,0,0,0,0,0,0
18.45000000000015,0,0,0,0,0,0,0,0,0,0,0
18.50000000000015,0,0,0,0,0,0,0,0,0,0,0
18.55000000000015,0,0,0,0,0,0,0,0,0,0,0
18.60000000000015,0,0,0,0,0,0,0,0,0,0,0
18.65000000000015,0,0,0,0,0,0,0,0,0,0,0
18.700000000000152,0,0,0,0,0,0,0,0,0,0,0
18.750000000000153,0,0,0,0,0,0,0,0,0,0,0
18.800000000000153,0,0,0,0,0,0,0,0,0,0,0
18.850000000000154,0,0,0,0,0,0,0,0,0,0,0
18.900000000000155,0,0,0,0,0,0,0,0,0,0,0
18.950000000000156,0,0,0,0,0,0,0,0,0,0,0
19.000000000000156,0,0,0,0,0,0,0,0,0,0,0
19.050000000000157,0,0,0,0,0,0,0,0,0,0,0
19.100000000000158,0,0,0,0,0,0,0,0,0,0,0
19.15000000000016,0,0,0,0,0,0,0,0,0,0,0
19.20000000000016,0,0,0,0,0,0,0,0,0,0,0
19.25000000000016,0,0,0,0,0,0,0,0,0,0,0
19.30000000000016,0,0,0,0,0,0,0,0,0,0,0
19.35000000000016,0,0,0,0,0,0,0,0,0,0,0
19.400000000000162,0,0,0,0,0,0,0,0,0,0,0
19.450000000000163,0,0,0,0,0,0,0,0,0,0,0
19.500000000000163,0,0,0,0,0,0,0,0,0,0,0
19.550000000000164,0,0,0,0,0,0,0,0,0,0,0
19.600000000000165,0,0,0,0,0,0,0,0,0,0,0
19.650000000000166,0,0,0,0,0,0,0,0,0,0,0
19.700000000000166,0,0,0,0,0,0,0,0,0,0,0
19.750000000000167,0,0,0,0,0,0,0,0,0,0,0
19.800000000000168,0,0,0,0,0,0,0,0,0,0,0
19.85000000000017,0,0,0,0,0,0,0,0,0,0,0
19.90000000000017,0,0,0,0,0,0,0,0,0,0,0
19.95000000000017,0,0,0,0,0,0,0,0,0,0,0
20.00000000000017,0,0,0,0,0,0,0,0,0,0,0
20.05000000000017,0,0,0,0,0,0,0,0,0,0,0
20.100000000000172,0,0,0,0,0,0,0,0,0,0,0
20.150000000000173,0,0,0,0,0,0,0,0,0,0,0
20.200000000000173,0,0,0,0,0,0,0,0,0,0,0
20.250000000000174,0,0,0,0,0,0,0,0,0,0,0
20.300000000000175,0,0,0,0,0,0,0,0,0,0,0
20.350000000000176,0,0,0,0,0,0,0,0,0,0,0
20.400000000000176,0,0,0,0,0,0,0,0,0,0,0
20.450000000000177,0,0,0,0,0,0,0,0,0,0,0
20.500000000000178,0,0,0,0,0,0,0,0,0,0,0
20.55000000000018,0,0,0,0,0,0,0,0,0,0,0
20.60000000000018,0,0,0,0,0,0,0,0,0,0,0
20.65000000000018,0,0,0,0,0,0,0,0,0,0,0
20.70000000000018,0,0,0,0,0,0,0,0,0,0,0
20.75000000000018,0,0,0,0,0,0,0,0,0,0,0
*****
8,0.05,100,0,1,10,100,0.39276599448899996,0.1280509099671
8,100,97,98,91,100,0,0,0,0,0,0
8.05,100,98,100,90,99,0,0,0,0,0,0
8.100000000000001,84,82,84,76,84,0,0,0,0,0,0
8.150000000000002,105,105,101,92,105,0,0,0,0,0,0
8.200000000000003,90,88,89,78,89,0,0,0,0,0,0
8.250000000000004,91,89,88,85,89,0,0,0,0,0,0
8.300000000000004,83,79,80,77,80,0,0,0,0,0,0
8.350000000000005,97,91,92,91,94,0,0,0,0,0,0
8.400000000000006,94,85,84,84,88,0,0,0,0,0,0
8.450000000000006,89,78,83,84,83,0,0,0,0,0,0
8.500000000000007,86,73,73,76,77,0,0,0,0,0,0
8.550000000000008,91,73,74,77,79,0,0,0,0,0,0
8.600000000000009,84,62,68,76,73,0,0,0,0,0,0
8.65000000000001,89,67,64,80,74,0,0,0,0,0,0
8.70000000000001,99,72,70,85,80,0,0,0,0,0,0
8.75000000000001,79,51,50,65,58,0,0,0,0,0,0
8.800000000000011,103,61,65,78,74,0,0,0,0,0,0
8.850000000000012,93,54,54,68,66,0,0,0,0,0,0
8.900000000000013,87,45,42,60,61,0,0,0,0,0,0
8.950000000000014,107,51,61,63,66,0,0,0,0,0,0
9.000000000000014,79,41,40,50,48,0,0,0,0,0,0
9.050000000000015,87,39,43,55,48,0,0,0,0,0,0
9.100000000000016,62,19,20,25,23,0,0,0,0,0,0
9.150000000000016,106,37,44,60,55,0,0,0,0,0,0
9.200000000000017,95,25,25,36,33,0,0,0,0,0,0
9.250000000000018,84,19,19,24,21,0,0,0,0,0,0
9.300000000000018,87,16,19,32,24,0,0,0,0,0,0
9.35000000000002,97,26,26,43,35,0,0,0,0,0,0
9.40000000000002,102,13,13,30,18,0,0,0,0,0,0
9.45000000000002,83,14,20,15,22,0,0,0,0,0,0
9.500000000000021,66,9,10,20,14,0,0,0,0,0,0
9.550000000000022,86,16,13,22,19,0,0,0,0,0,0
9.600000000000023,94,8,13,20,20,0,0,0,0,0,0
9.650000000000023,114,7,8,22,14,0,0,0,0,0,0
9.700000000000024,91,4,6,13,8,0,0,0,0,0,0
9.750000000000025,82,9,12,11,15,0,0,0,0,0,0
9.800000000000026,80,3,4,9,4,0,0,0,0,0,0
9.850000000000026,112,3,1,12,4,0,0,0,0,0,0
9.900000000000027,82,1,1,6,3,0,0,0,0,0,0
9.950000000000028,79,2,2,6,3,0,0,0,0,0,0
10.000000000000028,90,4,2,4,4,0,0,0,0,0,0
10.05000000000003,81,4,3,4,4,0,0,0,0,0,0
10.10000000000003,95,2,3,6,4,0,0,0,0,0,0
10.15000000000003,93,0,0,1,0,0,0,0,0,0,0
10.200000000000031,91,3,3,1,4,0,0,0,0,0,0
10.250000000000032,102,0,0,3,1,0,0,0,0,0,0
10.300000000000033,91,0,2,3,2,0,0,0,0,0,0
10.350000000000033,96,1,1,4,2,0,0,0,0,0,0
10.400000000000034,86,0,0,1,0,0,0,0,0,0,0
10.450000000000035,87,0,0,0,0,0,0,0,0,0,0
10.500000000000036,86,0,0,2,2,0,0,0,0,0,0
10.550000000000036,98,1,1,1,1,0,0,0,0,0,0
10.600000000000037,84,0,0,1,0,0,0,0,0,0,0
10.650000000000038,94,0,0,0,0,0,0,0,0,0,0
10.700000000000038,90,1,1,2,1,0,0,0,0,0,0
10.750000000000039,76,0,0,0,0,0,0,0,0,0,0
10.80000000000004,97,0,0,0,0,0,0,0,0,0,0
10.85000000000004,78,0,0,0,0,0,0,0,0,0,0
10.900000000000041,94,0,0,0,0,0,0,0,0,0,0
10.950000000000042,93,0,0,0,0,0,0,0,0,0,0
11.000000000000043,94,0,0,0,0,0,0,0,0,0,0
11.050000000000043,95,0,0,0,0,0,0,0,0,0,0
11.100000000000044,102,0,0,0,0,0,0,0,0,0,0
11.150000000000045,99,0,0,0,0,0,0,0,0,0,0
11.200000000000045,105,0,0,0,0,0,0,0,0,0,0
11.250000000000046,109,0,0,0,0,0,0,0,0,0,0
11.300000000000047,95,0,0,0,0,0,0,0,0,0,0
11.350000000000048,85,0,0,0,0,0,0,0,0,0,0
11.400000000000048,93,0,0,0,0,0,0,0,0,0,0
11.450000000000049,73,0,0,0,0,0,0,0,0,0,0
11.50000000000005,100,0,0,0,0,0,0,0,0,0,0
11.55000000000005,73,0,0,0,0,0,0,0,0,0,0
11.600000000000051,85,0,0,0,0,0,0,0,0,0,0
11.650000000000052,105,0,0,0,0,0,0,0,0,0,0
11.700000000000053,94,0,0,0,0,0,0,0,0,0,0
11.750000000000053,95,0,0,0,0,0,0,0,0,0,0
11.800000000000054,103,0,0,0,0,0,0,0,0,0,0
11.850000000000055,91,0,0,0,0,0,0,0,0,0,0
11.900000000000055,110,0,0,0,0,0,0,0,0,0,0
11.950000000000056,85,0,0,0,0,0,0,0,0,0,0
12.000000000000057,80,0,0,0,0,0,0,0,0,0,0
12.050000000000058,99,0,0,0,0,0,0,0,0,0,0
12.100000000000058,83,0,0,0,0,0,0,0,0,0,0
12.150000000000059,93,0,0,0,0,0,0,0,0,0,0
12.20000000000006,80,0,0,0,0,0,0,0,0,0,0
12.25000000000006,72,0,0,0,0,0,0,0,0,0,0
12.300000000000061,102,0,0,0,0,0,0,0,0,0,0
12.350000000000062,92,0,0,0,0,0,0,0,0,0,0
12.400000000000063,88,0,0,0,0,0,0,0,0,0,0
12.450000000000063,106,0,0,0,0,0,0,0,0,0,0
12.500000000000064,85,0,0,0,0,0,0,0,0,0,0
12.550000000000065,88,0,0,0,0,0,0,0,0,0,0
12.600000000000065,91,0,0,0,0,0,0,0,0,0,0
12.650000000000066,88,0,0,0,0,0,0,0,0,0,0
12.700000000000067,89,0,0,0,0,0,0,0,0,0,0
12.750000000000068,95,0,0,0,0,0,0,0,0,0,0
12.800000000000068,86,0,0,0,0,0,0,0,0,0,0
12.850000000000069,102,0,0,0,0,0,0,0,0,0,0
12.90000000000007,92,0,0,0,0,0,0,0,0,0,0
12.95000000000007,83,0,0,0,0,0,0,0,0,0,0
13.000000000000071,97,0,0,0,0,0,0,0,0,0,0
13.050000000000072,104,0,0,0,0,0,0,0,0,0,0
13.100000000000072,100,0,0,0,0,0,0,0,0,0,0
13.150000000000073,98,0,0,0,0,0,0,0,0,0,0
13.200000000000074,90,0,0,0,0,0,0,0,0,0,0
13.250000000000075,69,0,0,0,0,0,0,0,0,0,0
13.300000000000075,93,0,0,0,0,0,0,0,0,0,0
13.350000000000076,94,0,0,0,0,0,0,0,0,0,0
13.400000000000077,89,0,0,0,0,0,0,0,0,0,0
13.450000000000077,85,0,0,0,0,0,0,0,0,0,0
13.500000000000078,85,0,0,0,0,0,0,0,0,0,0
13.550000000000079,96,0,0,0,0,0,0,0,0,0,0
13.60000000000008,85,0,0,0,0,0,0,0,0,0,0
13.65000000000008,87,0,0,0,0,0,0,0,0,0,0
13.700000000000081,92,0,0,0,0,0,0,0,0,0,0
13.750000000000082,72,0,0,0,0,0,0,0,0,0,0
13.800000000000082,91,0,0,0,0,0,0,0,0,0,0
13.850000000000083,99,0,0,0,0,0,0,0,0,0,0
13.900000000000084,93,0,0,0,0,0,0,0,0,0,0
13.950000000000085,95,0,0,0,0,0,0,0,0,0,0
14.000000000000085,92,0,0,0,0,0,0,0,0,0,0
14.050000000000086,83,0,0,0,0,0,0,0,0,0,0
14.100000000000087,91,0,0,0,0,0,0,0,0,0,0
14.150000000000087,92,0,0,0,0,0,0,0,0,0,0
14.200000000000088,82,0,0,0,0,0,0,0,0,0,0
14.250000000000089,88,0,0,0,0,0,0,0,0,0,0
14.30000000000009,92,0,0,0,0,0,0,0,0,0,0
14.35000000000009,94,0,0,0,0,0,0,0,0,0,0
14.400000000000091,83,0,0,0,0,0,0,0,0,0,0
14.450000000000092,95,0,0,0,0,0,0,0,0,0,0
14.500000000000092,94,0,0,0,0,0,0,0,0,0,0
14.550000000000093,93,0,0,0,0,0,0,0,0,0,0
14.600000000000094,88,0,0,0,0,0,0,0,0,0,0
14.650000000000095,109,0,0,0,0,0,0,0,0,0,0
14.700000000000095,84,0,0,0,0,0,0,0,0,0,0
14.750000000000096,85,0,0,0,0,0,0,0,0,0,0
14.800000000000097,101,0,0,0,0,0,0,0,0,0,0
14.850000000000097,88,0,0,0,0,0,0,0,0,0,0
14.900000000000098,72,0,0,0,0,0,0,0,0,0,0
14.950000000000099,93,0,0,0,0,0,0,0,0,0,0
15.0000000000001,86,0,0,0,0,0,0,0,0,0,0
15.0500000000001,85,0,0,0,0,0,0,0,0,0,0
15.100000000000101,96,0,0,0,0,0,0,0,0,0,0
15.150000000000102,85,0,0,0,0,0,0,0,0,0,0
15.200000000000102,80,0,0,0,0,0,0,0,0,0,0
15.250000000000103,90,0,0,0,0,0,0,0,0,0,0
15.300000000000104,90,0,0,0,0,0,0,0,0,0,0
15.350000000000104,91,0,0,0,0,0,0,0,0,0,0
15.400000000000105,100,0,0,0,0,0,0,0,0,0,0
15.450000000000106,105,0,0,0,0,0,0,0,0,0,0
15.500000000000107,92,0,0,0,0,0,0,0,0,0,0
15.550000000000107,90,0,0,0,0,0,0,0,0,0,0
15.600000000000108,101,0,0,0,0,0,0,0,0,0,0
15.650000000000109,76,0,0,0,0,0,0,0,0,0,0
15.70000000000011,92,0,0,0,0,0,0,0,0,0,0
15.75000000000011,104,0,0,0,0,0,0,0,0,0,0
15.80000000000011,87,0,0,0,0,0,0,0,0,0,0
15.850000000000112,84,0,0,0,0,0,0,0,0,0,0
15.900000000000112,81,0,0,0,0,0,0,0,0,0,0
15.950000000000113,93,0,0,0,0,0,0,0,0,0,0
16.000000000000114,100,0,0,0,0,0,0,0,0,0,0
16.050000000000114,96,0,0,0,0,0,0,0,0,0,0
16.100000000000115,76,0,0,0,0,0,0,0,0,0,0
16.150000000000116,63,0,0,0,0,0,0,0,0,0,0
16.200000000000117,75,0,0,0,0,0,0,0,0,0,0
16.250000000000117,68,0,0,0,0,0,0,0,0,0,0
16.300000000000118,68,0,0,0,0,0,0,0,0,0,0
16.35000000000012,52,0,0,0,0,0,0,0,0,0,0
16.40000000000012,54,0,0,0,0,0,0,0,0,0,0
16.45000000000012,34,0,0,0,0,0,0,0,0,0,0
16.50000000000012,47,0,0,0,0,0,0,0,0,0,0
16.55000000000012,29,0,0,0,0,0,0,0,0,0,0
16.600000000000122,41,0,0,0,0,0,0,0,0,0,0
16.650000000000123,33,0,0,0,0,0,0,0,0,0,0
16.700000000000124,25,0,0,0,0,0,0,0,0,0,0
16.750000000000124,13,0,0,0,0,0,0,0,0,0,0
16.800000000000125,12,0,0,0,0,0,0,0,0,0,0
16.850000000000126,10,0,0,0,0,0,0,0,0,0,0
16.900000000000126,6,0,0,0,0,0,0,0,0,0,0
16.950000000000127,8,0,0,0,0,0,0,0,0,0,0
17.000000000000128,0,0,0,0,0,0,0,0,0,0,0
17.05000000000013,0,0,0,0,0,0,0,0,0,0,0
17.10000000000013,0,0,0,0,0,0,0,0,0,0,0
17.15000000000013,0,0,0,0,0,0,0,0,0,0,0
17.20000000000013,0,0,0,0,0,0,0,0,0,0,0
17.25000000000013,0,0,0,0,0,0,0,0,0,0,0
17.300000000000132,0,0,0,0,0,0,0,0,0,0,0
17.350000000000133,0,0,0,0,0,0,0,0,0,0,0
17.400000000000134,0,0,0,0,0,0,0,0,0,0,0
17.450000000000134,0,0,0,0,0,0,0,0,0,0,0
17.500000000000135,0,0,0,0,0,0,0,0,0,0,0
17.550000000000136,0,0,0,0,0,0,0,0,0,0,0
17.600000000000136,0,0,0,0,0,0,0,0,0,0,0
17.650000000000137,0,0,0,0,0,0,0,0,0,0,0
17.700000000000138,0,0,0,0,0,0,0,0,0,0,0
17.75000000000014,0,0,0,0,0,0,0,0,0,0,0
17.80000000000014,0,0,0,0,0,0,0,0,0,0,0
17.85000000000014,0,0,0,0,0,0,0,0,0,0,0
17.90000000000014,0,0,0,0,0,0,0,0,0,0,0
17.95000000000014,0,0,0,0,0,0,0,0,0,0,0
18.000000000000142,0,0,0,0,0,0,0,0,0,0,0
18.050000000000143,0,0,0,0,0,0,0,0,0,0,0
18.100000000000144,0,0,0,0,0,0,0,0,0,0,0
18.150000000000144,0,0,0,0,0,0,0,0,0,0,0
18.200000000000145,0,0,0,0,0,0,0,0,0,0,0
18.250000000000146,0,0,0,0,0,0,0,0,0,0,0
18.300000000000146,0,0,0,0,0,0,0,0,0,0,0
18.350000000000147,0,0,0,0,0,0,0,0,0,0,0
18.400000000000148,0,0,0,0,0,0,0,0,0,0,0
18.45000000000015,0,0,0,0,0,0,0,0,0,0,0
18.50000000000015,0,0,0,0,0,0,0,0,0,0,0
18.55000000000015,0,0,0,0,0,0,0,0,0,0,0
18.60000000000015,0,0,0,0,0,0,0,0,0,0,0
18.65000000000015,0,0,0,0,0,0,0,0,0,0,0
18.700000000000152,0,0,0,0,0,0,0,0,0,0,0
18.750000000000153,0,0,0,0,0,0,0,0,0,0,0
18.800000000000153,0,0,0,0,0,0,0,0,0,0,0
18.850000000000154,0,0,0,0,0,0,0,0,0,0,0
18.900000000000155,0,0,0,0,0,0,0,0,0,0,0
18.950000000000156,0,0,0,0,0,0,0,0,0,0,0
19.000000000000156,0,0,0,0,0,0,0,0,0,0,0
19.050000000000157,0,0,0,0,0,0,0,0,0,0,0
19.100000000000158,0,0,0,0,0,0,0,0,0,0,0
19.15000000000016,0,0,0,0,0,0,0,0,0,0,0
19.20000000000016,0,0,0,0,0,0,0,0,0,0,0
19.25000000000016,0,0,0,0,0,0,0,0,0,0,0
19.30000000000016,0,0,0,0,0,0,0,0,0,0,0
19.35000000000016,0,0,0,0,0,0,0,0,0,0,0
19.400000000000162,0,0,0,0,0,0,0,0,0,0,0
19.450000000000163,0,0,0,0,0,0,0,0,0,0,0
19.500000000000163,0,0,0,0,0,0,0,0,0,0,0
19.550000000000164,0,0,0,0,0,0,0,0,0,0,0
19.600000000000165,0,0,0,0,0,0,0,0,0,0,0
19.650000000000166,0,0,0,0,0,0,0,0,0,0,0
19.700000000000166,0,0,0,0,0,0,0,0,0,0,0
19.750000000000167,0,0,0,0,0,0,0,0,0,0,0
19.800000000000168,0,0,0,0,0,0,0,0,0,0,0
19.85000000000017,0,0,0,0,0,0,0,0,0,0,0
19.90000000000017,0,0,0,0,0,0,0,0,0,0,0
19.95000000000017,0,0,0,0,0,0,0,0,0,0,0
20.00000000000017,0,0,0,0,0,0,0,0,0,0,0
20.05000000000017,0,0,0,0,0,0,0,0,0,0,0
20.100000000000172,0,0,0,0,0,0,0,0,0,0,0
20.150000000000173,0,0,0,0,0,0,0,0,0,0,0
20.200000000000173,0,0,0,0,0,0,0,0,0,0,0
20.250000000000174,0,0,0,0,0,0,0,0,0,0,0
20.300000000000175,0,0,0,0,0,0,0,0,0,0,0
20.350000000000176,0,0,0,0,0,0,0,0,0,0,0
20.400000000000176,0,0,0,0,0,0,0,0,0,0,0
20.450000000000177,0,0,0,0,0,0,0,0,0,0,0
20.500000000000178,0,0,0,0,0,0,0,0,0,0,0
20.55000000000018,0,0,0,0,0,0,0,0,0,0,0
20.60000000000018,0,0,0,0,0,0,0,0,0,0,0
20.65000000000018,0,0,0,0,0,0,0,0,0,0,0
20.70000000000018,0,0,0,0,0,0,0,0,0,0,0
20.75000000000018,0,0,0,0,0,0,0,0,0,0,0
