*****
8,0.05,1000,0,1,10,100,0.130921998163,0.1280509099671
8,1000,990,995,852,995,0,0,0,0,0,0
8.05,965,949,958,830,960,0,0,0,0,0,0
8.100000000000001,1032,991,1011,885,1013,0,0,0,0,0,0
8.150000000000002,1057,993,1034,925,1039,0,0,0,0,0,0
8.200000000000003,1011,918,969,886,976,0,0,0,0,0,0
8.250000000000004,1029,871,950,892,967,0,0,0,0,0,0
8.300000000000004,986,791,875,870,893,0,0,0,0,0,0
8.350000000000005,1015,748,867,875,889,0,0,0,0,0,0
8.400000000000006,988,680,811,829,835,0,0,0,0,0,0
8.450000000000006,995,602,747,821,775,0,0,0,0,0,0
8.500000000000007,983,532,677,749,712,0,0,0,0,0,0
8.550000000000008,947,502,643,702,674,0,0,0,0,0,0
8.600000000000009,955,414,568,647,598,0,0,0,0,0,0
8.65000000000001,912,367,514,575,537,0,0,0,0,0,0
8.70000000000001,961,316,473,595,487,0,0,0,0,0,0
8.75000000000001,978,289,400,534,422,0,0,0,0,0,0
8.800000000000011,962,233,354,491,380,0,0,0,0,0,0
8.850000000000012,909,189,290,455,306,0,0,0,0,0,0
8.900000000000013,868,163,259,352,263,0,0,0,0,0,0
8.950000000000014,844,126,211,319,220,0,0,0,0,0,0
9.000000000000014,797,97,153,297,161,0,0,0,0,0,0
9.050000000000015,776,76,124,234,144,0,0,0,0,0,0
9.100000000000016,809,72,117,232,124,0,0,0,0,0,0
9.150000000000016,665,32,73,146,79,0,0,0,0,0,0
9.200000000000017,700,36,84,160,89,0,0,0,0,0,0
9.250000000000018,617,35,53,110,53,0,0,0,0,0,0
9.300000000000018,568,10,30,100,32,0,0,0,0,0,0
9.35000000000002,507,7,24,83,25,0,0,0,0,0,0
9.40000000000002,493,18,28,65,29,0,0,0,0,0,0
9.45000000000002,472,11,18,51,18,0,0,0,0,0,0
9.500000000000021,414,8,10,44,12,0,0,0,0,0,0
9.550000000000022,355,6,9,27,10,0,0,0,0,0,0
9.600000000000023,327,8,15,30,16,0,0,0,0,0,0
9.650000000000023,286,5,6,22,8,0,0,0,0,0,0
9.700000000000024,253,3,4,14,4,0,0,0,0,0,0
9.750000000000025,181,1,1,9,1,0,0,0,0,0,0
9.800000000000026,214,2,4,8,4,0,0,0,0,0,0
9.850000000000026,145,1,1,4,1,0,0,0,0,0,0
9.900000000000027,138,2,3,8,3,0,0,0,0,0,0
9.950000000000028,92,0,0,2,0,0,0,0,0,0,0
10.000000000000028,83,0,0,1,0,0,0,0,0,0,0
10.05000000000003,85,0,0,3,0,0,0,0,0,0,0
10.10000000000003,57,0,0,0,0,0,0,0,0,0,0
10.15000000000003,53,0,1,0,1,0,0,0,0,0,0
10.200000000000031,40,0,0,0,0,0,0,0,0,0,0
10.250000000000032,29,0,0,0,0,0,0,0,0,0,0
10.300000000000033,12,0,0,1,0,0,0,0,0,0,0
10.350000000000033,12,0,0,1,0,0,0,0,0,0,0
10.400000000000034,18,0,0,0,0,0,0,0,0,0,0
10.450000000000035,16,0,0,0,0,0,0,0,0,0,0
10.500000000000036,4,0,0,0,0,0,0,0,0,0,0
10.550000000000036,4,0,0,0,0,0,0,0,0,0,0
10.600000000000037,6,0,0,0,0,0,0,0,0,0,0
10.650000000000038,5,0,0,0,0,0,0,0,0,0,0
10.700000000000038,1,0,0,0,0,0,0,0,0,0,0
10.750000000000039,0,0,0,0,0,0,0,0,0,0,0
10.80000000000004,1,0,0,0,0,0,0,0,0,0,0
10.85000000000004,0,0,0,0,0,0,0,0,0,0,0
10.900000000000041,1,0,0,0,0,0,0,0,0,0,0
10.950000000000042,1,0,0,0,0,0,0,0,0,0,0
11.000000000000043,0,0,0,0,0,0,0,0,0,0,0
11.050000000000043,0,0,0,0,0,0,0,0,0,0,0
11.100000000000044,1,0,0,0,0,0,0,0,0,0,0
11.150000000000045,0,0,0,0,0,0,0,0,0,0,0
11.200000000000045,0,0,0,0,0,0,0,0,0,0,0
11.250000000000046,0,0,0,0,0,0,0,0,0,0,0
11.300000000000047,0,0,0,0,0,0,0,0,0,0,0
11.350000000000048,0,0,0,0,0,0,0,0,0,0,0
11.400000000000048,0,0,0,0,0,0,0,0,0,0,0
11.450000000000049,0,0,0,0,0,0,0,0,0,0,0
11.50000000000005,0,0,0,0,0,0,0,0,0,0,0
11.55000000000005,0,0,0,0,0,0,0,0,0,0,0
11.600000000000051,0,0,0,0,0,0,0,0,0,0,0
11.650000000000052,0,0,0,0,0,0,0,0,0,0,0
11.700000000000053,0,0,0,0,0,0,0,0,0,0,0
11.750000000000053,0,0,0,0,0,0,0,0,0,0,0
11.800000000000054,0,0,0,0,0,0,0,0,0,0,0
11.850000000000055,0,0,0,0,0,0,0,0,0,0,0
11.900000000000055,0,0,0,0,0,0,0,0,0,0,0
11.950000000000056,0,0,0,0,0,0,0,0,0,0,0
12.000000000000057,0,0,0,0,0,0,0,0,0,0,0
12.050000000000058,0,0,0,0,0,0,0,0,0,0,0
12.100000000000058,0,0,0,0,0,0,0,0,0,0,0
12.150000000000059,0,0,0,0,0,0,0,0,0,0,0
12.20000000000006,0,0,0,0,0,0,0,0,0,0,0
12.25000000000006,0,0,0,0,0,0,0,0,0,0,0
12.300000000000061,0,0,0,0,0,0,0,0,0,0,0
12.350000000000062,0,0,0,0,0,0,0,0,0,0,0
12.400000000000063,0,0,0,0,0,0,0,0,0,0,0
12.450000000000063,0,0,0,0,0,0,0,0,0,0,0
12.500000000000064,0,0,0,0,0,0,0,0,0,0,0
12.550000000000065,0,0,0,0,0,0,0,0,0,0,0
12.600000000000065,0,0,0,0,0,0,0,0,0,0,0
12.650000000000066,0,0,0,0,0,0,0,0,0,0,0
12.700000000000067,0,0,0,0,0,0,0,0,0,0,0
12.750000000000068,0,0,0,0,0,0,0,0,0,0,0
12.800000000000068,0,0,0,0,0,0,0,0,0,0,0
12.850000000000069,0,0,0,0,0,0,0,0,0,0,0
12.90000000000007,0,0,0,0,0,0,0,0,0,0,0
12.95000000000007,0,0,0,0,0,0,0,0,0,0,0
13.000000000000071,0,0,0,0,0,0,0,0,0,0,0
13.050000000000072,0,0,0,0,0,0,0,0,0,0,0
13.100000000000072,0,0,0,0,0,0,0,0,0,0,0
13.150000000000073,0,0,0,0,0,0,0,0,0,0,0
13.200000000000074,0,0,0,0,0,0,0,0,0,0,0
13.250000000000075,0,0,0,0,0,0,0,0,0,0,0
13.300000000000075,0,0,0,0,0,0,0,0,0,0,0
13.350000000000076,0,0,0,0,0,0,0,0,0,0,0
13.400000000000077,0,0,0,0,0,0,0,0,0,0,0
13.450000000000077,0,0,0,0,0,0,0,0,0,0,0
13.500000000000078,0,0,0,0,0,0,0,0,0,0,0
13.550000000000079,0,0,0,0,0,0,0,0,0,0,0
13.60000000000008,0,0,0,0,0,0,0,0,0,0,0
13.65000000000008,0,0,0,0,0,0,0,0,0,0,0
13.700000000000081,0,0,0,0,0,0,0,0,0,0,0
13.750000000000082,0,0,0,0,0,0,0,0,0,0,0
13.800000000000082,0,0,0,0,0,0,0,0,0,0,0
13.850000000000083,0,0,0,0,0,0,0,0,0,0,0
13.900000000000084,0,0,0,0,0,0,0,0,0,0,0
13.950000000000085,0,0,0,0,0,0,0,0,0,0,0
