*****
8,0.05,100,0,1,10,100,0.261843996326,0.0853672733114
8,100,100,100,96,100,0,0,0,0,0,0
8.05,105,104,105,98,105,0,0,0,0,0,0
8.100000000000001,109,107,109,99,108,0,0,0,0,0,0
8.150000000000002,82,80,80,72,80,0,0,0,0,0,0
8.200000000000003,96,96,96,94,95,0,0,0,0,0,0
8.250000000000004,90,86,89,88,89,0,0,0,0,0,0
8.300000000000004,108,107,107,98,107,0,0,0,0,0,0
8.350000000000005,111,110,109,104,110,0,0,0,0,0,0
8.400000000000006,99,88,90,87,92,0,0,0,0,0,0
8.450000000000006,89,84,83,78,86,0,0,0,0,0,0
8.500000000000007,89,78,81,72,82,0,0,0,0,0,0
8.550000000000008,88,78,81,78,83,0,0,0,0,0,0
8.600000000000009,100,77,80,76,82,0,0,0,0,0,0
8.65000000000001,100,80,83,83,86,0,0,0,0,0,0
8.70000000000001,109,76,82,86,85,0,0,0,0,0,0
8.75000000000001,114,67,75,85,79,0,0,0,0,0,0
8.800000000000011,103,62,70,76,75,0,0,0,0,0,0
8.850000000000012,102,60,63,70,66,0,0,0,0,0,0
8.900000000000013,97,56,62,57,64,0,0,0,0,0,0
8.950000000000014,82,49,51,50,53,0,0,0,0,0,0
9.000000000000014,101,50,56,62,59,0,0,0,0,0,0
9.050000000000015,93,38,43,53,46,0,0,0,0,0,0
9.100000000000016,116,53,59,62,62,0,0,0,0,0,0
9.150000000000016,84,22,27,30,29,0,0,0,0,0,0
9.200000000000017,97,31,36,42,40,0,0,0,0,0,0
9.250000000000018,93,22,23,36,23,0,0,0,0,0,0
9.300000000000018,91,17,19,22,23,0,0,0,0,0,0
9.35000000000002,103,26,29,33,31,0,0,0,0,0,0
9.40000000000002,97,23,25,24,28,0,0,0,0,0,0
9.45000000000002,102,16,18,23,20,0,0,0,0,0,0
9.500000000000021,97,13,12,14,14,0,0,0,0,0,0
9.550000000000022,119,6,6,16,9,0,0,0,0,0,0
9.600000000000023,94,10,11,18,13,0,0,0,0,0,0
9.650000000000023,111,11,10,16,11,0,0,0,0,0,0
9.700000000000024,95,9,12,15,13,0,0,0,0,0,0
9.750000000000025,87,4,8,8,8,0,0,0,0,0,0
9.800000000000026,93,5,4,13,6,0,0,0,0,0,0
9.850000000000026,85,2,2,9,3,0,0,0,0,0,0
9.900000000000027,112,3,4,3,4,0,0,0,0,0,0
9.950000000000028,105,2,3,4,3,0,0,0,0,0,0
10.000000000000028,91,3,2,4,3,0,0,0,0,0,0
10.05000000000003,99,1,1,4,1,0,0,0,0,0,0
10.10000000000003,98,0,0,1,0,0,0,0,0,0,0
10.15000000000003,91,1,1,3,2,0,0,0,0,0,0
10.200000000000031,102,1,1,2,1,0,0,0,0,0,0
10.250000000000032,106,1,1,2,1,0,0,0,0,0,0
10.300000000000033,100,1,1,2,1,0,0,0,0,0,0
10.350000000000033,89,0,0,0,0,0,0,0,0,0,0
10.400000000000034,109,1,1,2,2,0,0,0,0,0,0
10.450000000000035,121,0,0,1,1,0,0,0,0,0,0
10.500000000000036,87,0,0,0,0,0,0,0,0,0,0
10.550000000000036,96,1,1,2,1,0,0,0,0,0,0
10.600000000000037,89,0,0,0,0,0,0,0,0,0,0
10.650000000000038,109,0,0,0,0,0,0,0,0,0,0
10.700000000000038,119,0,0,0,0,0,0,0,0,0,0
10.750000000000039,113,0,0,0,0,0,0,0,0,0,0
10.80000000000004,94,1,1,1,1,0,0,0,0,0,0
10.85000000000004,99,0,0,0,0,0,0,0,0,0,0
10.900000000000041,98,0,0,0,0,0,0,0,0,0,0
10.950000000000042,88,0,0,0,0,0,0,0,0,0,0
11.000000000000043,96,0,0,1,0,0,0,0,0,0,0
11.050000000000043,106,0,0,0,0,0,0,0,0,0,0
11.100000000000044,87,0,0,0,0,0,0,0,0,0,0
11.150000000000045,98,0,0,0,0,0,0,0,0,0,0
11.200000000000045,120,0,0,0,0,0,0,0,0,0,0
11.250000000000046,100,0,0,0,0,0,0,0,0,0,0
11.300000000000047,86,0,0,0,0,0,0,0,0,0,0
11.350000000000048,91,0,0,0,0,0,0,0,0,0,0
11.400000000000048,100,0,0,0,0,0,0,0,0,0,0
11.450000000000049,109,0,0,0,0,0,0,0,0,0,0
11.50000000000005,106,0,0,0,0,0,0,0,0,0,0
11.55000000000005,104,0,0,0,0,0,0,0,0,0,0
11.600000000000051,109,0,0,0,0,0,0,0,0,0,0
11.650000000000052,94,0,0,0,0,0,0,0,0,0,0
11.700000000000053,75,0,0,0,0,0,0,0,0,0,0
11.750000000000053,93,0,0,0,0,0,0,0,0,0,0
11.800000000000054,117,0,0,0,0,0,0,0,0,0,0
11.850000000000055,86,0,0,0,0,0,0,0,0,0,0
11.900000000000055,111,0,0,0,0,0,0,0,0,0,0
11.950000000000056,112,0,0,0,0,0,0,0,0,0,0
12.000000000000057,92,0,0,0,0,0,0,0,0,0,0
12.050000000000058,87,0,0,0,0,0,0,0,0,0,0
12.100000000000058,107,0,0,0,0,0,0,0,0,0,0
12.150000000000059,89,0,0,0,0,0,0,0,0,0,0
12.20000000000006,86,0,0,0,0,0,0,0,0,0,0
12.25000000000006,91,0,0,0,0,0,0,0,0,0,0
12.300000000000061,119,0,0,0,0,0,0,0,0,0,0
12.350000000000062,96,0,0,0,0,0,0,0,0,0,0
12.400000000000063,106,0,0,0,0,0,0,0,0,0,0
12.450000000000063,106,0,0,0,0,0,0,0,0,0,0
12.500000000000064,110,0,0,0,0,0,0,0,0,0,0
12.550000000000065,100,0,0,0,0,0,0,0,0,0,0
12.600000000000065,90,0,0,0,0,0,0,0,0,0,0
12.650000000000066,97,0,0,0,0,0,0,0,0,0,0
12.700000000000067,119,0,0,0,0,0,0,0,0,0,0
12.750000000000068,99,0,0,0,0,0,0,0,0,0,0
12.800000000000068,85,0,0,0,0,0,0,0,0,0,0
12.850000000000069,87,0,0,0,0,0,0,0,0,0,0
12.90000000000007,91,0,0,0,0,0,0,0,0,0,0
12.95000000000007,100,0,0,0,0,0,0,0,0,0,0
13.000000000000071,101,0,0,0,0,0,0,0,0,0,0
13.050000000000072,103,0,0,0,0,0,0,0,0,0,0
13.100000000000072,96,0,0,0,0,0,0,0,0,0,0
13.150000000000073,122,0,0,0,0,0,0,0,0,0,0
13.200000000000074,83,0,0,0,0,0,0,0,0,0,0
13.250000000000075,102,0,0,0,0,0,0,0,0,0,0
13.300000000000075,92,0,0,0,0,0,0,0,0,0,0
13.350000000000076,107,0,0,0,0,0,0,0,0,0,0
13.400000000000077,100,0,0,0,0,0,0,0,0,0,0
13.450000000000077,103,0,0,0,0,0,0,0,0,0,0
13.500000000000078,101,0,0,0,0,0,0,0,0,0,0
13.550000000000079,87,0,0,0,0,0,0,0,0,0,0
13.60000000000008,89,0,0,0,0,0,0,0,0,0,0
13.65000000000008,122,0,0,0,0,0,0,0,0,0,0
13.700000000000081,110,0,0,0,0,0,0,0,0,0,0
13.750000000000082,85,0,0,0,0,0,0,0,0,0,0
13.800000000000082,104,0,0,0,0,0,0,0,0,0,0
13.850000000000083,97,0,0,0,0,0,0,0,0,0,0
13.900000000000084,100,0,0,0,0,0,0,0,0,0,0
13.950000000000085,92,0,0,0,0,0,0,0,0,0,0
14.000000000000085,100,0,0,0,0,0,0,0,0,0,0
14.050000000000086,101,0,0,0,0,0,0,0,0,0,0
14.100000000000087,111,0,0,0,0,0,0,0,0,0,0
14.150000000000087,95,0,0,0,0,0,0,0,0,0,0
14.200000000000088,92,0,0,0,0,0,0,0,0,0,0
14.250000000000089,115,0,0,0,0,0,0,0,0,0,0
14.30000000000009,98,0,0,0,0,0,0,0,0,0,0
14.35000000000009,107,0,0,0,0,0,0,0,0,0,0
14.400000000000091,97,0,0,0,0,0,0,0,0,0,0
14.450000000000092,115,0,0,0,0,0,0,0,0,0,0
14.500000000000092,98,0,0,0,0,0,0,0,0,0,0
14.550000000000093,103,0,0,0,0,0,0,0,0,0,0
14.600000000000094,112,0,0,0,0,0,0,0,0,0,0
14.650000000000095,107,0,0,0,0,0,0,0,0,0,0
14.700000000000095,104,0,0,0,0,0,0,0,0,0,0
14.750000000000096,89,0,0,0,0,0,0,0,0,0,0
14.800000000000097,90,0,0,0,0,0,0,0,0,0,0
14.850000000000097,113,0,0,0,0,0,0,0,0,0,0
14.900000000000098,121,0,0,0,0,0,0,0,0,0,0
14.950000000000099,92,0,0,0,0,0,0,0,0,0,0
15.0000000000001,93,0,0,0,0,0,0,0,0,0,0
15.0500000000001,109,0,0,0,0,0,0,0,0,0,0
15.100000000000101,85,0,0,0,0,0,0,0,0,0,0
15.150000000000102,108,0,0,0,0,0,0,0,0,0,0
15.200000000000102,86,0,0,0,0,0,0,0,0,0,0
15.250000000000103,83,0,0,0,0,0,0,0,0,0,0
15.300000000000104,98,0,0,0,0,0,0,0,0,0,0
15.350000000000104,99,0,0,0,0,0,0,0,0,0,0
15.400000000000105,103,0,0,0,0,0,0,0,0,0,0
15.450000000000106,99,0,0,0,0,0,0,0,0,0,0
15.500000000000107,95,0,0,0,0,0,0,0,0,0,0
15.550000000000107,122,0,0,0,0,0,0,0,0,0,0
15.600000000000108,108,0,0,0,0,0,0,0,0,0,0
15.650000000000109,116,0,0,0,0,0,0,0,0,0,0
15.70000000000011,121,0,0,0,0,0,0,0,0,0,0
15.75000000000011,95,0,0,0,0,0,0,0,0,0,0
15.80000000000011,92,0,0,0,0,0,0,0,0,0,0
15.850000000000112,119,0,0,0,0,0,0,0,0,0,0
15.900000000000112,87,0,0,0,0,0,0,0,0,0,0
15.950000000000113,89,0,0,0,0,0,0,0,0,0,0
16.000000000000114,86,0,0,0,0,0,0,0,0,0,0
16.050000000000114,93,0,0,0,0,0,0,0,0,0,0
16.100000000000115,89,0,0,0,0,0,0,0,0,0,0
16.150000000000116,84,0,0,0,0,0,0,0,0,0,0
16.200000000000117,75,0,0,0,0,0,0,0,0,0,0
16.250000000000117,79,0,0,0,0,0,0,0,0,0,0
16.300000000000118,75,0,0,0,0,0,0,0,0,0,0
16.35000000000012,64,0,0,0,0,0,0,0,0,0,0
16.40000000000012,67,0,0,0,0,0,0,0,0,0,0
16.45000000000012,44,0,0,0,0,0,0,0,0,0,0
16.50000000000012,41,0,0,0,0,0,0,0,0,0,0
16.55000000000012,47,0,0,0,0,0,0,0,0,0,0
16.600000000000122,40,0,0,0,0,0,0,0,0,0,0
16.650000000000123,31,0,0,0,0,0,0,0,0,0,0
16.700000000000124,28,0,0,0,0,0,0,0,0,0,0
16.750000000000124,23,0,0,0,0,0,0,0,0,0,0
16.800000000000125,18,0,0,0,0,0,0,0,0,0,0
16.850000000000126,8,0,0,0,0,0,0,0,0,0,0
16.900000000000126,7,0,0,0,0,0,0,0,0,0,0
16.950000000000127,4,0,0,0,0,0,0,0,0,0,0
17.000000000000128,0,0,0,0,0,0,0,0,0,0,0
17.05000000000013,0,0,0,0,0,0,0,0,0,0,0
17.10000000000013,0,0,0,0,0,0,0,0,0,0,0
17.15000000000013,0,0,0,0,0,0,0,0,0,0,0
17.20000000000013,0,0,0,0,0,0,0,0,0,0,0
17.25000000000013,0,0,0,0,0,0,0,0,0,0,0
17.300000000000132,0,0,0,0,0,0,0,0,0,0,0
17.350000000000133,0,0,0,0,0,0,0,0,0,0,0
17.400000000000134,0,0,0,0,0,0,0,0,0,0,0
17.450000000000134,0,0,0,0,0,0,0,0,0,0,0
17.500000000000135,0,0,0,0,0,0,0,0,0,0,0
17.550000000000136,0,0,0,0,0,0,0,0,0,0,0
17.600000000000136,0,0,0,0,0,0,0,0,0,0,0
17.650000000000137,0,0,0,0,0,0,0,0,0,0,0
17.700000000000138,0,0,0,0,0,0,0,0,0,0,0
17.75000000000014,0,0,0,0,0,0,0,0,0,0,0
17.80000000000014,0,0,0,0,0,0,0,0,0,0,0
17.85000000000014,0,0,0,0,0,0,0,0,0,0,0
17.90000000000014,0,0,0,0,0,0,0,0,0,0,0
17.95000000000014,0,0,0,0,0,0,0,0,0,0,0
18.000000000000142,0,0,0,0,0,0,0,0,0,0,0
18.050000000000143,0,0,0,0,0,0,0,0,0,0,0
18.100000000000144,0,0,0,0,0,0,0,0,0,0,0
18.150000000000144,0,0,0,0,0,0,0,0,0,0,0
18.200000000000145,0,0,0,0,0,0,0,0,0,0,0
18.250000000000146,0,0,0,0,0,0,0,0,0,0,0
18.300000000000146,0,0,0,0,0,0,0,0,0,0,0
18.350000000000147,0,0,0,0,0,0,0,0,0,0,0
18.400000000000148,0,0,0,0,0,0,0,0,0,0,0
18.45000000000015,0,0,0,0,0,0,0,0,0,0,0
18.50000000000015,0,0,0,0,0,0,0,0,0,0,0
18.55000000000015,0,0,0,0,0,0,0,0,0,0,0
18.60000000000015,0,0,0,0,0,0,0,0,0,0,0
18.65000000000015,0,0,0,0,0,0,0,0,0,0,0
18.700000000000152,0,0,0,0,0,0,0,0,0,0,0
18.750000000000153,0,0,0,0,0,0,0,0,0,0,0
18.800000000000153,0,0,0,0,0,0,0,0,0,0,0
18.850000000000154,0,0,0,0,0,0,0,0,0,0,0
18.900000000000155,0,0,0,0,0,0,0,0,0,0,0
18.950000000000156,0,0,0,0,0,0,0,0,0,0,0
19.000000000000156,0,0,0,0,0,0,0,0,0,0,0
19.050000000000157,0,0,0,0,0,0,0,0,0,0,0
19.100000000000158,0,0,0,0,0,0,0,0,0,0,0
19.15000000000016,0,0,0,0,0,0,0,0,0,0,0
19.20000000000016,0,0,0,0,0,0,0,0,0,0,0
19.25000000000016,0,0,0,0,0,0,0,0,0,0,0
19.30000000000016,0,0,0,0,0,0,0,0,0,0,0
19.35000000000016,0,0,0,0,0,0,0,0,0,0,0
19.400000000000162,0,0,0,0,0,0,0,0,0,0,0
19.450000000000163,0,0,0,0,0,0,0,0,0,0,0
19.500000000000163,0,0,0,0,0,0,0,0,0,0,0
19.550000000000164,0,0,0,0,0,0,0,0,0,0,0
19.600000000000165,0,0,0,0,0,0,0,0,0,0,0
19.650000000000166,0,0,0,0,0,0,0,0,0,0,0
19.700000000000166,0,0,0,0,0,0,0,0,0,0,0
19.750000000000167,0,0,0,0,0,0,0,0,0,0,0
19.800000000000168,0,0,0,0,0,0,0,0,0,0,0
19.85000000000017,0,0,0,0,0,0,0,0,0,0,0
19.90000000000017,0,0,0,0,0,0,0,0,0,0,0
19.95000000000017,0,0,0,0,0,0,0,0,0,0,0
20.00000000000017,0,0,0,0,0,0,0,0,0,0,0
20.05000000000017,0,0,0,0,0,0,0,0,0,0,0
20.100000000000172,0,0,0,0,0,0,0,0,0,0,0
20.150000000000173,0,0,0,0,0,0,0,0,0,0,0
20.200000000000173,0,0,0,0,0,0,0,0,0,0,0
20.250000000000174,0,0,0,0,0,0,0,0,0,0,0
20.300000000000175,0,0,0,0,0,0,0,0,0,0,0
20.350000000000176,0,0,0,0,0,0,0,0,0,0,0
20.400000000000176,0,0,0,0,0,0,0,0,0,0,0
20.450000000000177,0,0,0,0,0,0,0,0,0,0,0
20.500000000000178,0,0,0,0,0,0,0,0,0,0,0
20.55000000000018,0,0,0,0,0,0,0,0,0,0,0
20.60000000000018,0,0,0,0,0,0,0,0,0,0,0
20.65000000000018,0,0,0,0,0,0,0,0,0,0,0
20.70000000000018,0,0,0,0,0,0,0,0,0,0,0
20.75000000000018,0,0,0,0,0,0,0,0,0,0,0
*****
8,0.05,100,0,0.4,10,100,0.261843996326,0.0853672733114
8,100,100,100,100,100,0,0,0,0,0,0
8.05,122,122,121,122,122,0,0,0,0,0,0
8.100000000000001,120,120,120,120,120,0,0,0,0,0,0
8.150000000000002,123,123,123,123,123,0,0,0,0,0,0
8.200000000000003,118,118,118,118,118,0,0,0,0,0,0
8.250000000000004,113,113,113,113,113,0,0,0,0,0,0
8.300000000000004,111,111,109,111,111,0,0,0,0,0,0
8.350000000000005,134,134,132,134,134,0,0,0,0,0,0
8.400000000000006,111,111,109,111,111,0,0,0,0,0,0
8.450000000000006,107,107,104,107,107,0,0,0,0,0,0
8.500000000000007,129,129,125,129,129,0,0,0,0,0,0
8.550000000000008,119,119,118,119,119,0,0,0,0,0,0
8.600000000000009,104,104,101,104,104,0,0,0,0,0,0
8.65000000000001,102,102,95,102,102,0,0,0,0,0,0
8.70000000000001,109,108,104,109,108,0,0,0,0,0,0
8.75000000000001,115,114,109,115,114,0,0,0,0,0,0
8.800000000000011,133,133,126,133,133,0,0,0,0,0,0
8.850000000000012,110,110,99,110,110,0,0,0,0,0,0
8.900000000000013,102,102,92,101,102,0,0,0,0,0,0
8.950000000000014,102,102,89,102,102,0,0,0,0,0,0
9.000000000000014,113,111,97,113,111,0,0,0,0,0,0
9.050000000000015,121,120,103,120,121,0,0,0,0,0,0
9.100000000000016,131,129,118,129,130,0,0,0,0,0,0
9.150000000000016,122,116,98,122,120,0,0,0,0,0,0
9.200000000000017,120,112,88,119,116,0,0,0,0,0,0
9.250000000000018,132,124,85,131,128,0,0,0,0,0,0
9.300000000000018,108,98,78,107,102,0,0,0,0,0,0
9.35000000000002,88,79,54,85,79,0,0,0,0,0,0
9.40000000000002,123,111,76,120,114,0,0,0,0,0,0
9.45000000000002,113,100,62,111,105,0,0,0,0,0,0
9.500000000000021,118,89,56,114,95,0,0,0,0,0,0
9.550000000000022,120,89,53,109,96,0,0,0,0,0,0
9.600000000000023,118,82,53,108,88,0,0,0,0,0,0
9.650000000000023,111,72,40,100,76,0,0,0,0,0,0
9.700000000000024,126,79,47,114,87,0,0,0,0,0,0
9.750000000000025,109,49,32,90,60,0,0,0,0,0,0
9.800000000000026,124,68,33,92,76,0,0,0,0,0,0
9.850000000000026,107,44,27,84,50,0,0,0,0,0,0
9.900000000000027,110,36,15,71,48,0,0,0,0,0,0
9.950000000000028,118,31,9,64,39,0,0,0,0,0,0
10.000000000000028,135,36,12,72,39,0,0,0,0,0,0
10.05000000000003,124,25,8,60,30,0,0,0,0,0,0
10.10000000000003,110,22,5,53,23,0,0,0,0,0,0
10.15000000000003,128,9,4,33,11,0,0,0,0,0,0
10.200000000000031,123,12,5,31,12,0,0,0,0,0,0
10.250000000000032,103,8,2,14,8,0,0,0,0,0,0
10.300000000000033,133,7,2,21,8,0,0,0,0,0,0
10.350000000000033,120,2,0,9,3,0,0,0,0,0,0
10.400000000000034,93,3,0,9,3,0,0,0,0,0,0
10.450000000000035,116,0,0,4,1,0,0,0,0,0,0
10.500000000000036,143,1,1,6,1,0,0,0,0,0,0
10.550000000000036,108,1,0,2,1,0,0,0,0,0,0
10.600000000000037,132,0,0,2,0,0,0,0,0,0,0
10.650000000000038,94,0,0,1,0,0,0,0,0,0,0
10.700000000000038,110,0,0,1,0,0,0,0,0,0,0
10.750000000000039,128,0,0,1,0,0,0,0,0,0,0
10.80000000000004,127,0,0,0,0,0,0,0,0,0,0
10.85000000000004,116,0,0,0,0,0,0,0,0,0,0
10.900000000000041,123,0,0,0,0,0,0,0,0,0,0
10.950000000000042,115,0,0,0,0,0,0,0,0,0,0
11.000000000000043,96,0,0,0,0,0,0,0,0,0,0
11.050000000000043,94,0,0,0,0,0,0,0,0,0,0
11.100000000000044,124,0,0,0,0,0,0,0,0,0,0
11.150000000000045,119,0,0,0,0,0,0,0,0,0,0
11.200000000000045,114,0,0,0,0,0,0,0,0,0,0
11.250000000000046,116,0,0,0,0,0,0,0,0,0,0
11.300000000000047,110,0,0,0,0,0,0,0,0,0,0
11.350000000000048,113,0,0,0,0,0,0,0,0,0,0
11.400000000000048,108,0,0,0,0,0,0,0,0,0,0
11.450000000000049,132,0,0,0,0,0,0,0,0,0,0
11.50000000000005,118,0,0,0,0,0,0,0,0,0,0
11.55000000000005,115,0,0,0,0,0,0,0,0,0,0
11.600000000000051,110,0,0,0,0,0,0,0,0,0,0
11.650000000000052,109,0,0,0,0,0,0,0,0,0,0
11.700000000000053,132,0,0,0,0,0,0,0,0,0,0
11.750000000000053,111,0,0,0,0,0,0,0,0,0,0
11.800000000000054,122,0,0,0,0,0,0,0,0,0,0
11.850000000000055,109,0,0,0,0,0,0,0,0,0,0
11.900000000000055,132,0,0,0,0,0,0,0,0,0,0
11.950000000000056,119,0,0,0,0,0,0,0,0,0,0
12.000000000000057,114,0,0,0,0,0,0,0,0,0,0
12.050000000000058,99,0,0,0,0,0,0,0,0,0,0
12.100000000000058,132,0,0,0,0,0,0,0,0,0,0
12.150000000000059,97,0,0,0,0,0,0,0,0,0,0
12.20000000000006,122,0,0,0,0,0,0,0,0,0,0
12.25000000000006,127,0,0,0,0,0,0,0,0,0,0
12.300000000000061,118,0,0,0,0,0,0,0,0,0,0
12.350000000000062,116,0,0,0,0,0,0,0,0,0,0
12.400000000000063,120,0,0,0,0,0,0,0,0,0,0
12.450000000000063,101,0,0,0,0,0,0,0,0,0,0
12.500000000000064,105,0,0,0,0,0,0,0,0,0,0
12.550000000000065,124,0,0,0,0,0,0,0,0,0,0
12.600000000000065,116,0,0,0,0,0,0,0,0,0,0
12.650000000000066,125,0,0,0,0,0,0,0,0,0,0
12.700000000000067,121,0,0,0,0,0,0,0,0,0,0
12.750000000000068,111,0,0,0,0,0,0,0,0,0,0
12.800000000000068,122,0,0,0,0,0,0,0,0,0,0
12.850000000000069,132,0,0,0,0,0,0,0,0,0,0
12.90000000000007,115,0,0,0,0,0,0,0,0,0,0
12.95000000000007,113,0,0,0,0,0,0,0,0,0,0
13.000000000000071,132,0,0,0,0,0,0,0,0,0,0
13.050000000000072,110,0,0,0,0,0,0,0,0,0,0
13.100000000000072,124,0,0,0,0,0,0,0,0,0,0
13.150000000000073,118,0,0,0,0,0,0,0,0,0,0
13.200000000000074,118,0,0,0,0,0,0,0,0,0,0
13.250000000000075,119,0,0,0,0,0,0,0,0,0,0
13.300000000000075,113,0,0,0,0,0,0,0,0,0,0
13.350000000000076,116,0,0,0,0,0,0,0,0,0,0
13.400000000000077,121,0,0,0,0,0,0,0,0,0,0
13.450000000000077,98,0,0,0,0,0,0,0,0,0,0
13.500000000000078,124,0,0,0,0,0,0,0,0,0,0
13.550000000000079,96,0,0,0,0,0,0,0,0,0,0
13.60000000000008,124,0,0,0,0,0,0,0,0,0,0
13.65000000000008,121,0,0,0,0,0,0,0,0,0,0
13.700000000000081,133,0,0,0,0,0,0,0,0,0,0
13.750000000000082,114,0,0,0,0,0,0,0,0,0,0
13.800000000000082,128,0,0,0,0,0,0,0,0,0,0
13.850000000000083,119,0,0,0,0,0,0,0,0,0,0
13.900000000000084,98,0,0,0,0,0,0,0,0,0,0
13.950000000000085,97,0,0,0,0,0,0,0,0,0,0
14.000000000000085,119,0,0,0,0,0,0,0,0,0,0
14.050000000000086,138,0,0,0,0,0,0,0,0,0,0
14.100000000000087,110,0,0,0,0,0,0,0,0,0,0
14.150000000000087,115,0,0,0,0,0,0,0,0,0,0
14.200000000000088,112,0,0,0,0,0,0,0,0,0,0
14.250000000000089,95,0,0,0,0,0,0,0,0,0,0
14.30000000000009,133,0,0,0,0,0,0,0,0,0,0
14.35000000000009,131,0,0,0,0,0,0,0,0,0,0
14.400000000000091,108,0,0,0,0,0,0,0,0,0,0
14.450000000000092,121,0,0,0,0,0,0,0,0,0,0
14.500000000000092,111,0,0,0,0,0,0,0,0,0,0
14.550000000000093,135,0,0,0,0,0,0,0,0,0,0
14.600000000000094,111,0,0,0,0,0,0,0,0,0,0
14.650000000000095,107,0,0,0,0,0,0,0,0,0,0
14.700000000000095,116,0,0,0,0,0,0,0,0,0,0
14.750000000000096,105,0,0,0,0,0,0,0,0,0,0
14.800000000000097,130,0,0,0,0,0,0,0,0,0,0
14.850000000000097,126,0,0,0,0,0,0,0,0,0,0
14.900000000000098,110,0,0,0,0,0,0,0,0,0,0
14.950000000000099,116,0,0,0,0,0,0,0,0,0,0
15.0000000000001,125,0,0,0,0,0,0,0,0,0,0
15.0500000000001,106,0,0,0,0,0,0,0,0,0,0
15.100000000000101,105,0,0,0,0,0,0,0,0,0,0
15.150000000000102,101,0,0,0,0,0,0,0,0,0,0
15.200000000000102,131,0,0,0,0,0,0,0,0,0,0
15.250000000000103,111,0,0,0,0,0,0,0,0,0,0
15.300000000000104,130,0,0,0,0,0,0,0,0,0,0
15.350000000000104,129,0,0,0,0,0,0,0,0,0,0
15.400000000000105,122,0,0,0,0,0,0,0,0,0,0
15.450000000000106,97,0,0,0,0,0,0,0,0,0,0
15.500000000000107,111,0,0,0,0,0,0,0,0,0,0
15.550000000000107,125,0,0,0,0,0,0,0,0,0,0
15.600000000000108,123,0,0,0,0,0,0,0,0,0,0
15.650000000000109,106,0,0,0,0,0,0,0,0,0,0
15.70000000000011,112,0,0,0,0,0,0,0,0,0,0
15.75000000000011,102,0,0,0,0,0,0,0,0,0,0
15.80000000000011,135,0,0,0,0,0,0,0,0,0,0
15.850000000000112,120,0,0,0,0,0,0,0,0,0,0
15.900000000000112,111,0,0,0,0,0,0,0,0,0,0
15.950000000000113,130,0,0,0,0,0,0,0,0,0,0
16.000000000000114,97,0,0,0,0,0,0,0,0,0,0
16.050000000000114,96,0,0,0,0,0,0,0,0,0,0
16.100000000000115,71,0,0,0,0,0,0,0,0,0,0
16.150000000000116,75,0,0,0,0,0,0,0,0,0,0
16.200000000000117,57,0,0,0,0,0,0,0,0,0,0
16.250000000000117,37,0,0,0,0,0,0,0,0,0,0
16.300000000000118,24,0,0,0,0,0,0,0,0,0,0
16.35000000000012,9,0,0,0,0,0,0,0,0,0,0
16.40000000000012,0,0,0,0,0,0,0,0,0,0,0
16.45000000000012,0,0,0,0,0,0,0,0,0,0,0
16.50000000000012,0,0,0,0,0,0,0,0,0,0,0
16.55000000000012,0,0,0,0,0,0,0,0,0,0,0
16.600000000000122,0,0,0,0,0,0,0,0,0,0,0
16.650000000000123,0,0,0,0,0,0,0,0,0,0,0
16.700000000000124,0,0,0,0,0,0,0,0,0,0,0
16.750000000000124,0,0,0,0,0,0,0,0,0,0,0
16.800000000000125,0,0,0,0,0,0,0,0,0,0,0
16.850000000000126,0,0,0,0,0,0,0,0,0,0,0
16.900000000000126,0,0,0,0,0,0,0,0,0,0,0
16.950000000000127,0,0,0,0,0,0,0,0,0,0,0
17.000000000000128,0,0,0,0,0,0,0,0,0,0,0
17.05000000000013,0,0,0,0,0,0,0,0,0,0,0
17.10000000000013,0,0,0,0,0,0,0,0,0,0,0
17.15000000000013,0,0,0,0,0,0,0,0,0,0,0
17.20000000000013,0,0,0,0,0,0,0,0,0,0,0
17.25000000000013,0,0,0,0,0,0,0,0,0,0,0
17.300000000000132,0,0,0,0,0,0,0,0,0,0,0
17.350000000000133,0,0,0,0,0,0,0,0,0,0,0
17.400000000000134,0,0,0,0,0,0,0,0,0,0,0
17.450000000000134,0,0,0,0,0,0,0,0,0,0,0
17.500000000000135,0,0,0,0,0,0,0,0,0,0,0
17.550000000000136,0,0,0,0,0,0,0,0,0,0,0
17.600000000000136,0,0,0,0,0,0,0,0,0,0,0
17.650000000000137,0,0,0,0,0,0,0,0,0,0,0
17.700000000000138,0,0,0,0,0,0,0,0,0,0,0
17.75000000000014,0,0,0,0,0,0,0,0,0,0,0
17.80000000000014,0,0,0,0,0,0,0,0,0,0,0
17.85000000000014,0,0,0,0,0,0,0,0,0,0,0
17.90000000000014,0,0,0,0,0,0,0,0,0,0,0
17.95000000000014,0,0,0,0,0,0,0,0,0,0,0
18.000000000000142,0,0,0,0,0,0,0,0,0,0,0
18.050000000000143,0,0,0,0,0,0,0,0,0,0,0
18.100000000000144,0,0,0,0,0,0,0,0,0,0,0
18.150000000000144,0,0,0,0,0,0,0,0,0,0,0
18.200000000000145,0,0,0,0,0,0,0,0,0,0,0
18.250000000000146,0,0,0,0,0,0,0,0,0,0,0
18.300000000000146,0,0,0,0,0,0,0,0,0,0,0
18.350000000000147,0,0,0,0,0,0,0,0,0,0,0
18.400000000000148,0,0,0,0,0,0,0,0,0,0,0
18.45000000000015,0,0,0,0,0,0,0,0,0,0,0
18.50000000000015,0,0,0,0,0,0,0,0,0,0,0
18.55000000000015,0,0,0,0,0,0,0,0,0,0,0
18.60000000000015,0,0,0,0,0,0,0,0,0,0,0
18.65000000000015,0,0,0,0,0,0,0,0,0,0,0
18.700000000000152,0,0,0,0,0,0,0,0,0,0,0
18.750000000000153,0,0,0,0,0,0,0,0,0,0,0
18.800000000000153,0,0,0,0,0,0,0,0,0,0,0
18.850000000000154,0,0,0,0,0,0,0,0,0,0,0
18.900000000000155,0,0,0,0,0,0,0,0,0,0,0
18.950000000000156,0,0,0,0,0,0,0,0,0,0,0
19.000000000000156,0,0,0,0,0,0,0,0,0,0,0
19.050000000000157,0,0,0,0,0,0,0,0,0,0,0
19.100000000000158,0,0,0,0,0,0,0,0,0,0,0
19.15000000000016,0,0,0,0,0,0,0,0,0,0,0
19.20000000000016,0,0,0,0,0,0,0,0,0,0,0
19.25000000000016,0,0,0,0,0,0,0,0,0,0,0
19.30000000000016,0,0,0,0,0,0,0,0,0,0,0
19.35000000000016,0,0,0,0,0,0,0,0,0,0,0
19.400000000000162,0,0,0,0,0,0,0,0,0,0,0
19.450000000000163,0,0,0,0,0,0,0,0,0,0,0
19.500000000000163,0,0,0,0,0,0,0,0,0,0,0
19.550000000000164,0,0,0,0,0,0,0,0,0,0,0
19.600000000000165,0,0,0,0,0,0,0,0,0,0,0
19.650000000000166,0,0,0,0,0,0,0,0,0,0,0
19.700000000000166,0,0,0,0,0,0,0,0,0,0,0
19.750000000000167,0,0,0,0,0,0,0,0,0,0,0
19.800000000000168,0,0,0,0,0,0,0,0,0,0,0
19.85000000000017,0,0,0,0,0,0,0,0,0,0,0
19.90000000000017,0,0,0,0,0,0,0,0,0,0,0
19.95000000000017,0,0,0,0,0,0,0,0,0,0,0
20.00000000000017,0,0,0,0,0,0,0,0,0,0,0
20.05000000000017,0,0,0,0,0,0,0,0,0,0,0
20.100000000000172,0,0,0,0,0,0,0,0,0,0,0
20.150000000000173,0,0,0,0,0,0,0,0,0,0,0
20.200000000000173,0,0,0,0,0,0,0,0,0,0,0
20.250000000000174,0,0,0,0,0,0,0,0,0,0,0
20.300000000000175,0,0,0,0,0,0,0,0,0,0,0
20.350000000000176,0,0,0,0,0,0,0,0,0,0,0
20.400000000000176,0,0,0,0,0,0,0,0,0,0,0
20.450000000000177,0,0,0,0,0,0,0,0,0,0,0
20.500000000000178,0,0,0,0,0,0,0,0,0,0,0
20.55000000000018,0,0,0,0,0,0,0,0,0,0,0
20.60000000000018,0,0,0,0,0,0,0,0,0,0,0
20.65000000000018,0,0,0,0,0,0,0,0,0,0,0
20.70000000000018,0,0,0,0,0,0,0,0,0,0,0
20.75000000000018,0,0,0,0,0,0,0,0,0,0,0
*****
8,0.05,100,0.3,0.7,10,100,0.261843996326,0.0853672733114
8,100,100,100,100,100,0,0,0,0,0,0
8.05,111,111,111,107,111,0,0,0,0,0,0
8.100000000000001,87,87,87,86,87,0,0,0,0,0,0
8.150000000000002,103,103,103,101,103,0,0,0,0,0,0
8.200000000000003,84,84,84,81,84,0,0,0,0,0,0
8.250000000000004,91,91,91,89,91,0,0,0,0,0,0
8.300000000000004,132,132,132,131,132,0,0,0,0,0,0
8.350000000000005,98,98,98,96,98,0,0,0,0,0,0
8.400000000000006,95,95,95,95,95,0,0,0,0,0,0
8.450000000000006,101,101,101,101,101,0,0,0,0,0,0
8.500000000000007,98,97,98,98,98,0,0,0,0,0,0
8.550000000000008,104,104,104,101,104,0,0,0,0,0,0
8.600000000000009,101,101,101,100,101,0,0,0,0,0,0
8.65000000000001,96,95,95,91,96,0,0,0,0,0,0
8.70000000000001,83,81,82,79,83,0,0,0,0,0,0
8.75000000000001,101,101,101,100,101,0,0,0,0,0,0
8.800000000000011,98,98,97,92,98,0,0,0,0,0,0
8.850000000000012,119,118,117,112,118,0,0,0,0,0,0
8.900000000000013,105,101,102,100,103,0,0,0,0,0,0
8.950000000000014,99,95,95,95,96,0,0,0,0,0,0
9.000000000000014,90,85,86,83,87,0,0,0,0,0,0
9.050000000000015,111,108,105,102,110,0,0,0,0,0,0
9.100000000000016,86,80,80,80,81,0,0,0,0,0,0
9.150000000000016,104,94,95,91,96,0,0,0,0,0,0
9.200000000000017,90,78,79,80,81,0,0,0,0,0,0
9.250000000000018,101,84,83,91,87,0,0,0,0,0,0
9.300000000000018,109,93,91,97,96,0,0,0,0,0,0
9.35000000000002,101,88,84,86,90,0,0,0,0,0,0
9.40000000000002,92,72,77,76,79,0,0,0,0,0,0
9.45000000000002,103,74,77,81,81,0,0,0,0,0,0
9.500000000000021,102,78,76,83,84,0,0,0,0,0,0
9.550000000000022,100,68,71,75,76,0,0,0,0,0,0
9.600000000000023,100,70,71,75,75,0,0,0,0,0,0
9.650000000000023,93,49,52,63,56,0,0,0,0,0,0
9.700000000000024,103,63,64,74,69,0,0,0,0,0,0
9.750000000000025,100,56,59,68,61,0,0,0,0,0,0
9.800000000000026,100,47,49,57,53,0,0,0,0,0,0
9.850000000000026,109,42,46,61,49,0,0,0,0,0,0
9.900000000000027,106,40,43,57,50,0,0,0,0,0,0
9.950000000000028,94,33,34,44,37,0,0,0,0,0,0
10.000000000000028,106,38,38,53,43,0,0,0,0,0,0
10.05000000000003,106,35,37,41,40,0,0,0,0,0,0
10.10000000000003,92,19,23,34,24,0,0,0,0,0,0
10.15000000000003,101,22,23,29,25,0,0,0,0,0,0
10.200000000000031,100,18,17,31,24,0,0,0,0,0,0
10.250000000000032,109,21,22,26,24,0,0,0,0,0,0
10.300000000000033,88,13,14,21,14,0,0,0,0,0,0
10.350000000000033,88,15,16,25,19,0,0,0,0,0,0
10.400000000000034,97,12,14,14,15,0,0,0,0,0,0
10.450000000000035,106,12,14,13,14,0,0,0,0,0,0
10.500000000000036,114,7,9,11,9,0,0,0,0,0,0
10.550000000000036,105,13,12,13,14,0,0,0,0,0,0
10.600000000000037,91,3,3,7,4,0,0,0,0,0,0
10.650000000000038,108,3,4,7,4,0,0,0,0,0,0
10.700000000000038,103,3,3,5,3,0,0,0,0,0,0
10.750000000000039,89,1,2,3,2,0,0,0,0,0,0
10.80000000000004,88,0,0,3,0,0,0,0,0,0,0
10.85000000000004,108,1,2,6,2,0,0,0,0,0,0
10.900000000000041,112,2,2,2,2,0,0,0,0,0,0
10.950000000000042,113,1,1,2,1,0,0,0,0,0,0
11.000000000000043,78,2,2,3,2,0,0,0,0,0,0
11.050000000000043,111,1,1,2,1,0,0,0,0,0,0
11.100000000000044,103,0,0,0,0,0,0,0,0,0,0
11.150000000000045,103,0,0,0,0,0,0,0,0,0,0
11.200000000000045,88,0,0,0,0,0,0,0,0,0,0
11.250000000000046,107,0,0,0,0,0,0,0,0,0,0
11.300000000000047,85,1,1,1,1,0,0,0,0,0,0
11.350000000000048,107,0,0,0,0,0,0,0,0,0,0
11.400000000000048,107,0,0,0,0,0,0,0,0,0,0
11.450000000000049,86,0,0,0,0,0,0,0,0,0,0
11.50000000000005,111,0,0,0,0,0,0,0,0,0,0
11.55000000000005,107,1,1,1,1,0,0,0,0,0,0
11.600000000000051,98,0,0,0,0,0,0,0,0,0,0
11.650000000000052,90,0,0,0,0,0,0,0,0,0,0
11.700000000000053,102,0,0,0,0,0,0,0,0,0,0
11.750000000000053,116,0,0,0,0,0,0,0,0,0,0
11.800000000000054,96,0,0,0,0,0,0,0,0,0,0
11.850000000000055,102,0,0,0,0,0,0,0,0,0,0
11.900000000000055,106,0,0,0,0,0,0,0,0,0,0
11.950000000000056,89,0,0,0,0,0,0,0,0,0,0
12.000000000000057,97,0,0,0,0,0,0,0,0,0,0
12.050000000000058,107,0,0,0,0,0,0,0,0,0,0
12.100000000000058,94,0,0,0,0,0,0,0,0,0,0
12.150000000000059,115,0,0,0,0,0,0,0,0,0,0
12.20000000000006,105,0,0,0,0,0,0,0,0,0,0
12.25000000000006,85,0,0,0,0,0,0,0,0,0,0
12.300000000000061,103,0,0,0,0,0,0,0,0,0,0
12.350000000000062,88,0,0,0,0,0,0,0,0,0,0
12.400000000000063,102,0,0,0,0,0,0,0,0,0,0
12.450000000000063,99,0,0,0,0,0,0,0,0,0,0
12.500000000000064,95,0,0,0,0,0,0,0,0,0,0
12.550000000000065,110,0,0,0,0,0,0,0,0,0,0
12.600000000000065,90,0,0,0,0,0,0,0,0,0,0
12.650000000000066,90,0,0,0,0,0,0,0,0,0,0
12.700000000000067,102,0,0,0,0,0,0,0,0,0,0
12.750000000000068,110,0,0,0,0,0,0,0,0,0,0
12.800000000000068,106,0,0,0,0,0,0,0,0,0,0
12.850000000000069,106,0,0,0,0,0,0,0,0,0,0
12.90000000000007,99,0,0,0,0,0,0,0,0,0,0
12.95000000000007,96,0,0,0,0,0,0,0,0,0,0
13.000000000000071,100,0,0,0,0,0,0,0,0,0,0
13.050000000000072,96,0,0,0,0,0,0,0,0,0,0
13.100000000000072,105,0,0,0,0,0,0,0,0,0,0
13.150000000000073,89,0,0,0,0,0,0,0,0,0,0
13.200000000000074,105,0,0,0,0,0,0,0,0,0,0
13.250000000000075,99,0,0,0,0,0,0,0,0,0,0
13.300000000000075,100,0,0,0,0,0,0,0,0,0,0
13.350000000000076,99,0,0,0,0,0,0,0,0,0,0
13.400000000000077,107,0,0,0,0,0,0,0,0,0,0
13.450000000000077,102,0,0,0,0,0,0,0,0,0,0
13.500000000000078,82,0,0,0,0,0,0,0,0,0,0
13.550000000000079,99,0,0,0,0,0,0,0,0,0,0
13.60000000000008,116,0,0,0,0,0,0,0,0,0,0
13.65000000000008,93,0,0,0,0,0,0,0,0,0,0
13.700000000000081,107,0,0,0,0,0,0,0,0,0,0
13.750000000000082,92,0,0,0,0,0,0,0,0,0,0
13.800000000000082,92,0,0,0,0,0,0,0,0,0,0
13.850000000000083,106,0,0,0,0,0,0,0,0,0,0
13.900000000000084,107,0,0,0,0,0,0,0,0,0,0
13.950000000000085,103,0,0,0,0,0,0,0,0,0,0
14.000000000000085,104,0,0,0,0,0,0,0,0,0,0
14.050000000000086,107,0,0,0,0,0,0,0,0,0,0
14.100000000000087,103,0,0,0,0,0,0,0,0,0,0
14.150000000000087,78,0,0,0,0,0,0,0,0,0,0
14.200000000000088,104,0,0,0,0,0,0,0,0,0,0
14.250000000000089,90,0,0,0,0,0,0,0,0,0,0
14.30000000000009,100,0,0,0,0,0,0,0,0,0,0
14.35000000000009,105,0,0,0,0,0,0,0,0,0,0
14.400000000000091,113,0,0,0,0,0,0,0,0,0,0
14.450000000000092,110,0,0,0,0,0,0,0,0,0,0
14.500000000000092,100,0,0,0,0,0,0,0,0,0,0
14.550000000000093,86,0,0,0,0,0,0,0,0,0,0
14.600000000000094,102,0,0,0,0,0,0,0,0,0,0
14.650000000000095,101,0,0,0,0,0,0,0,0,0,0
14.700000000000095,105,0,0,0,0,0,0,0,0,0,0
14.750000000000096,100,0,0,0,0,0,0,0,0,0,0
14.800000000000097,84,0,0,0,0,0,0,0,0,0,0
14.850000000000097,104,0,0,0,0,0,0,0,0,0,0
14.900000000000098,104,0,0,0,0,0,0,0,0,0,0
14.950000000000099,105,0,0,0,0,0,0,0,0,0,0
15.0000000000001,88,0,0,0,0,0,0,0,0,0,0
15.0500000000001,85,0,0,0,0,0,0,0,0,0,0
15.100000000000101,94,0,0,0,0,0,0,0,0,0,0
15.150000000000102,106,0,0,0,0,0,0,0,0,0,0
15.200000000000102,106,0,0,0,0,0,0,0,0,0,0
15.250000000000103,102,0,0,0,0,0,0,0,0,0,0
15.300000000000104,119,0,0,0,0,0,0,0,0,0,0
15.350000000000104,90,0,0,0,0,0,0,0,0,0,0
15.400000000000105,76,0,0,0,0,0,0,0,0,0,0
15.450000000000106,112,0,0,0,0,0,0,0,0,0,0
15.500000000000107,108,0,0,0,0,0,0,0,0,0,0
15.550000000000107,98,0,0,0,0,0,0,0,0,0,0
15.600000000000108,101,0,0,0,0,0,0,0,0,0,0
15.650000000000109,87,0,0,0,0,0,0,0,0,0,0
15.70000000000011,108,0,0,0,0,0,0,0,0,0,0
15.75000000000011,105,0,0,0,0,0,0,0,0,0,0
15.80000000000011,101,0,0,0,0,0,0,0,0,0,0
15.850000000000112,108,0,0,0,0,0,0,0,0,0,0
15.900000000000112,100,0,0,0,0,0,0,0,0,0,0
15.950000000000113,82,0,0,0,0,0,0,0,0,0,0
16.000000000000114,107,0,0,0,0,0,0,0,0,0,0
16.050000000000114,107,0,0,0,0,0,0,0,0,0,0
16.100000000000115,92,0,0,0,0,0,0,0,0,0,0
16.150000000000116,107,0,0,0,0,0,0,0,0,0,0
16.200000000000117,114,0,0,0,0,0,0,0,0,0,0
16.250000000000117,97,0,0,0,0,0,0,0,0,0,0
16.300000000000118,84,0,0,0,0,0,0,0,0,0,0
16.35000000000012,71,0,0,0,0,0,0,0,0,0,0
16.40000000000012,72,0,0,0,0,0,0,0,0,0,0
16.45000000000012,48,0,0,0,0,0,0,0,0,0,0
16.50000000000012,35,0,0,0,0,0,0,0,0,0,0
16.55000000000012,34,0,0,0,0,0,0,0,0,0,0
16.600000000000122,26,0,0,0,0,0,0,0,0,0,0
16.650000000000123,8,0,0,0,0,0,0,0,0,0,0
16.700000000000124,0,0,0,0,0,0,0,0,0,0,0
16.750000000000124,0,0,0,0,0,0,0,0,0,0,0
16.800000000000125,0,0,0,0,0,0,0,0,0,0,0
16.850000000000126,0,0,0,0,0,0,0,0,0,0,0
16.900000000000126,0,0,0,0,0,0,0,0,0,0,0
16.950000000000127,0,0,0,0,0,0,0,0,0,0,0
17.000000000000128,0,0,0,0,0,0,0,0,0,0,0
17.05000000000013,0,0,0,0,0,0,0,0,0,0,0
17.10000000000013,0,0,0,0,0,0,0,0,0,0,0
17.15000000000013,0,0,0,0,0,0,0,0,0,0,0
17.20000000000013,0,0,0,0,0,0,0,0,0,0,0
17.25000000000013,0,0,0,0,0,0,0,0,0,0,0
17.300000000000132,0,0,0,0,0,0,0,0,0,0,0
17.350000000000133,0,0,0,0,0,0,0,0,0,0,0
17.400000000000134,0,0,0,0,0,0,0,0,0,0,0
17.450000000000134,0,0,0,0,0,0,0,0,0,0,0
17.500000000000135,0,0,0,0,0,0,0,0,0,0,0
17.550000000000136,0,0,0,0,0,0,0,0,0,0,0
17.600000000000136,0,0,0,0,0,0,0,0,0,0,0
17.650000000000137,0,0,0,0,0,0,0,0,0,0,0
17.700000000000138,0,0,0,0,0,0,0,0,0,0,0
17.75000000000014,0,0,0,0,0,0,0,0,0,0,0
17.80000000000014,0,0,0,0,0,0,0,0,0,0,0
17.85000000000014,0,0,0,0,0,0,0,0,0,0,0
17.90000000000014,0,0,0,0,0,0,0,0,0,0,0
17.95000000000014,0,0,0,0,0,0,0,0,0,0,0
18.000000000000142,0,0,0,0,0,0,0,0,0,0,0
18.050000000000143,0,0,0,0,0,0,0,0,0,0,0
18.100000000000144,0,0,0,0,0,0,0,0,0,0,0
18.150000000000144,0,0,0,0,0,0,0,0,0,0,0
18.200000000000145,0,0,0,0,0,0,0,0,0,0,0
18.250000000000146,0,0,0,0,0,0,0,0,0,0,0
18.300000000000146,0,0,0,0,0,0,0,0,0,0,0
18.350000000000147,0,0,0,0,0,0,0,0,0,0,0
18.400000000000148,0,0,0,0,0,0,0,0,0,0,0
18.45000000000015,0,0,0,0,0,0,0,0,0,0,0
18.50000000000015,0,0,0,0,0,0,0,0,0,0,0
18.55000000000015,0,0,0,0,0,0,0,0,0,0,0
18.60000000000015,0,0,0,0,0,0,0,0,0,0,0
18.65000000000015,0,0,0,0,0,0,0,0,0,0,0
18.700000000000152,0,0,0,0,0,0,0,0,0,0,0
18.750000000000153,0,0,0,0,0,0,0,0,0,0,0
18.800000000000153,0,0,0,0,0,0,0,0,0,0,0
18.850000000000154,0,0,0,0,0,0,0,0,0,0,0
18.900000000000155,0,0,0,0,0,0,0,0,0,0,0
18.950000000000156,0,0,0,0,0,0,0,0,0,0,0
19.000000000000156,0,0,0,0,0,0,0,0,0,0,0
19.050000000000157,0,0,0,0,0,0,0,0,0,0,0
19.100000000000158,0,0,0,0,0,0,0,0,0,0,0
19.15000000000016,0,0,0,0,0,0,0,0,0,0,0
19.20000000000016,0,0,0,0,0,0,0,0,0,0,0
19.25000000000016,0,0,0,0,0,0,0,0,0,0,0
19.30000000000016,0,0,0,0,0,0,0,0,0,0,0
19.35000000000016,0,0,0,0,0,0,0,0,0,0,0
19.400000000000162,0,0,0,0,0,0,0,0,0,0,0
19.450000000000163,0,0,0,0,0,0,0,0,0,0,0
19.500000000000163,0,0,0,0,0,0,0,0,0,0,0
19.550000000000164,0,0,0,0,0,0,0,0,0,0,0
19.600000000000165,0,0,0,0,0,0,0,0,0,0,0
19.650000000000166,0,0,0,0,0,0,0,0,0,0,0
19.700000000000166,0,0,0,0,0,0,0,0,0,0,0
19.750000000000167,0,0,0,0,0,0,0,0,0,0,0
19.800000000000168,0,0,0,0,0,0,0,0,0,0,0
19.85000000000017,0,0,0,0,0,0,0,0,0,0,0
19.90000000000017,0,0,0,0,0,0,0,0,0,0,0
19.95000000000017,0,0,0,0,0,0,0,0,0,0,0
20.00000000000017,0,0,0,0,0,0,0,0,0,0,0
20.05000000000017,0,0,0,0,0,0,0,0,0,0,0
20.100000000000172,0,0,0,0,0,0,0,0,0,0,0
20.150000000000173,0,0,0,0,0,0,0,0,0,0,0
20.200000000000173,0,0,0,0,0,0,0,0,0,0,0
20.250000000000174,0,0,0,0,0,0,0,0,0,0,0
20.300000000000175,0,0,0,0,0,0,0,0,0,0,0
20.350000000000176,0,0,0,0,0,0,0,0,0,0,0
20.400000000000176,0,0,0,0,0,0,0,0,0,0,0
20.450000000000177,0,0,0,0,0,0,0,0,0,0,0
20.500000000000178,0,0,0,0,0,0,0,0,0,0,0
20.55000000000018,0,0,0,0,0,0,0,0,0,0,0
20.60000000000018,0,0,0,0,0,0,0,0,0,0,0
20.65000000000018,0,0,0,0,0,0,0,0,0,0,0
20.70000000000018,0,0,0,0,0,0,0,0,0,0,0
20.75000000000018,0,0,0,0,0,0,0,0,0,0,0
*****
8,0.05,100,0.6,1,10,100,0.261843996326,0.0853672733114
8,100,14,18,15,18,0,0,0,0,0,0
8.05,77,20,24,19,24,0,0,0,0,0,0
8.100000000000001,101,19,25,21,25,0,0,0,0,0,0
8.150000000000002,75,17,23,18,23,0,0,0,0,0,0
8.200000000000003,85,15,20,20,20,0,0,0,0,0,0
8.250000000000004,89,11,17,20,17,0,0,0,0,0,0
8.300000000000004,77,11,11,16,11,0,0,0,0,0,0
8.350000000000005,76,13,16,17,16,0,0,0,0,0,0
8.400000000000006,76,16,20,22,20,0,0,0,0,0,0
8.450000000000006,86,17,25,22,25,0,0,0,0,0,0
8.500000000000007,84,14,22,30,22,0,0,0,0,0,0
8.550000000000008,77,4,8,14,8,0,0,0,0,0,0
8.600000000000009,88,10,17,16,17,0,0,0,0,0,0
8.65000000000001,92,8,10,16,10,0,0,0,0,0,0
8.70000000000001,96,5,13,13,13,0,0,0,0,0,0
8.75000000000001,88,7,14,15,14,0,0,0,0,0,0
8.800000000000011,93,9,12,14,12,0,0,0,0,0,0
8.850000000000012,77,3,6,7,6,0,0,0,0,0,0
8.900000000000013,94,4,8,6,8,0,0,0,0,0,0
8.950000000000014,77,2,6,4,6,0,0,0,0,0,0
9.000000000000014,91,6,14,13,14,0,0,0,0,0,0
9.050000000000015,83,3,5,3,5,0,0,0,0,0,0
9.100000000000016,84,3,8,9,8,0,0,0,0,0,0
9.150000000000016,88,2,2,4,2,0,0,0,0,0,0
9.200000000000017,85,3,2,3,2,0,0,0,0,0,0
9.250000000000018,80,1,2,2,2,0,0,0,0,0,0
9.300000000000018,72,1,2,2,2,0,0,0,0,0,0
9.35000000000002,85,1,2,1,2,0,0,0,0,0,0
9.40000000000002,93,2,6,7,6,0,0,0,0,0,0
9.45000000000002,88,0,0,1,0,0,0,0,0,0,0
9.500000000000021,85,0,0,0,0,0,0,0,0,0,0
9.550000000000022,81,1,2,2,2,0,0,0,0,0,0
9.600000000000023,99,0,1,3,1,0,0,0,0,0,0
9.650000000000023,95,1,2,2,2,0,0,0,0,0,0
9.700000000000024,93,1,1,1,1,0,0,0,0,0,0
9.750000000000025,80,0,1,1,1,0,0,0,0,0,0
9.800000000000026,94,0,1,1,1,0,0,0,0,0,0
9.850000000000026,69,0,1,1,1,0,0,0,0,0,0
9.900000000000027,99,1,2,2,2,0,0,0,0,0,0
9.950000000000028,76,0,1,1,1,0,0,0,0,0,0
10.000000000000028,90,0,1,1,1,0,0,0,0,0,0
10.05000000000003,87,0,0,0,0,0,0,0,0,0,0
10.10000000000003,75,0,0,0,0,0,0,0,0,0,0
10.15000000000003,73,0,0,0,0,0,0,0,0,0,0
10.200000000000031,103,0,0,0,0,0,0,0,0,0,0
10.250000000000032,85,0,0,0,0,0,0,0,0,0,0
10.300000000000033,87,0,0,0,0,0,0,0,0,0,0
10.350000000000033,89,0,0,0,0,0,0,0,0,0,0
10.400000000000034,79,0,0,0,0,0,0,0,0,0,0
10.450000000000035,86,0,0,0,0,0,0,0,0,0,0
10.500000000000036,89,1,1,1,1,0,0,0,0,0,0
10.550000000000036,98,0,0,0,0,0,0,0,0,0,0
10.600000000000037,93,0,0,0,0,0,0,0,0,0,0
10.650000000000038,79,0,0,0,0,0,0,0,0,0,0
10.700000000000038,79,0,0,0,0,0,0,0,0,0,0
10.750000000000039,81,0,0,0,0,0,0,0,0,0,0
10.80000000000004,90,0,0,0,0,0,0,0,0,0,0
10.85000000000004,90,0,0,0,0,0,0,0,0,0,0
10.900000000000041,73,0,0,0,0,0,0,0,0,0,0
10.950000000000042,79,0,0,0,0,0,0,0,0,0,0
11.000000000000043,78,0,0,0,0,0,0,0,0,0,0
11.050000000000043,92,0,0,0,0,0,0,0,0,0,0
11.100000000000044,80,0,0,0,0,0,0,0,0,0,0
11.150000000000045,74,0,0,0,0,0,0,0,0,0,0
11.200000000000045,92,0,0,0,0,0,0,0,0,0,0
11.250000000000046,94,0,0,0,0,0,0,0,0,0,0
11.300000000000047,99,0,0,0,0,0,0,0,0,0,0
11.350000000000048,90,0,0,0,0,0,0,0,0,0,0
11.400000000000048,102,0,0,0,0,0,0,0,0,0,0
11.450000000000049,77,0,0,0,0,0,0,0,0,0,0
11.50000000000005,83,0,0,0,0,0,0,0,0,0,0
11.55000000000005,92,0,0,0,0,0,0,0,0,0,0
11.600000000000051,80,0,0,0,0,0,0,0,0,0,0
11.650000000000052,92,0,0,0,0,0,0,0,0,0,0
11.700000000000053,71,0,0,0,0,0,0,0,0,0,0
11.750000000000053,87,0,0,0,0,0,0,0,0,0,0
11.800000000000054,90,0,0,0,0,0,0,0,0,0,0
11.850000000000055,91,0,0,0,0,0,0,0,0,0,0
11.900000000000055,85,0,0,0,0,0,0,0,0,0,0
11.950000000000056,68,0,0,0,0,0,0,0,0,0,0
12.000000000000057,78,0,0,0,0,0,0,0,0,0,0
12.050000000000058,96,0,0,0,0,0,0,0,0,0,0
12.100000000000058,83,0,0,0,0,0,0,0,0,0,0
12.150000000000059,97,0,0,0,0,0,0,0,0,0,0
12.20000000000006,79,0,0,0,0,0,0,0,0,0,0
12.25000000000006,81,0,0,0,0,0,0,0,0,0,0
12.300000000000061,90,0,0,0,0,0,0,0,0,0,0
12.350000000000062,84,0,0,0,0,0,0,0,0,0,0
12.400000000000063,81,0,0,0,0,0,0,0,0,0,0
12.450000000000063,87,0,0,0,0,0,0,0,0,0,0
12.500000000000064,83,0,0,0,0,0,0,0,0,0,0
12.550000000000065,87,0,0,0,0,0,0,0,0,0,0
12.600000000000065,78,0,0,0,0,0,0,0,0,0,0
12.650000000000066,105,0,0,0,0,0,0,0,0,0,0
12.700000000000067,83,0,0,0,0,0,0,0,0,0,0
12.750000000000068,86,0,0,0,0,0,0,0,0,0,0
12.800000000000068,91,0,0,0,0,0,0,0,0,0,0
12.850000000000069,75,0,0,0,0,0,0,0,0,0,0
12.90000000000007,103,0,0,0,0,0,0,0,0,0,0
12.95000000000007,78,0,0,0,0,0,0,0,0,0,0
13.000000000000071,85,0,0,0,0,0,0,0,0,0,0
13.050000000000072,79,0,0,0,0,0,0,0,0,0,0
13.100000000000072,88,0,0,0,0,0,0,0,0,0,0
13.150000000000073,76,0,0,0,0,0,0,0,0,0,0
13.200000000000074,82,0,0,0,0,0,0,0,0,0,0
13.250000000000075,89,0,0,0,0,0,0,0,0,0,0
13.300000000000075,84,0,0,0,0,0,0,0,0,0,0
13.350000000000076,92,0,0,0,0,0,0,0,0,0,0
13.400000000000077,81,0,0,0,0,0,0,0,0,0,0
13.450000000000077,78,0,0,0,0,0,0,0,0,0,0
13.500000000000078,87,0,0,0,0,0,0,0,0,0,0
13.550000000000079,106,0,0,0,0,0,0,0,0,0,0
13.60000000000008,87,0,0,0,0,0,0,0,0,0,0
13.65000000000008,81,0,0,0,0,0,0,0,0,0,0
13.700000000000081,92,0,0,0,0,0,0,0,0,0,0
13.750000000000082,79,0,0,0,0,0,0,0,0,0,0
13.800000000000082,94,0,0,0,0,0,0,0,0,0,0
13.850000000000083,82,0,0,0,0,0,0,0,0,0,0
13.900000000000084,76,0,0,0,0,0,0,0,0,0,0
13.950000000000085,85,0,0,0,0,0,0,0,0,0,0
14.000000000000085,86,0,0,0,0,0,0,0,0,0,0
14.050000000000086,83,0,0,0,0,0,0,0,0,0,0
14.100000000000087,83,0,0,0,0,0,0,0,0,0,0
14.150000000000087,84,0,0,0,0,0,0,0,0,0,0
14.200000000000088,92,0,0,0,0,0,0,0,0,0,0
14.250000000000089,86,0,0,0,0,0,0,0,0,0,0
14.30000000000009,91,0,0,0,0,0,0,0,0,0,0
14.35000000000009,100,0,0,0,0,0,0,0,0,0,0
14.400000000000091,87,0,0,0,0,0,0,0,0,0,0
14.450000000000092,84,0,0,0,0,0,0,0,0,0,0
14.500000000000092,80,0,0,0,0,0,0,0,0,0,0
14.550000000000093,87,0,0,0,0,0,0,0,0,0,0
14.600000000000094,72,0,0,0,0,0,0,0,0,0,0
14.650000000000095,93,0,0,0,0,0,0,0,0,0,0
14.700000000000095,90,0,0,0,0,0,0,0,0,0,0
14.750000000000096,71,0,0,0,0,0,0,0,0,0,0
14.800000000000097,89,0,0,0,0,0,0,0,0,0,0
14.850000000000097,85,0,0,0,0,0,0,0,0,0,0
14.900000000000098,92,0,0,0,0,0,0,0,0,0,0
14.950000000000099,83,0,0,0,0,0,0,0,0,0,0
15.0000000000001,91,0,0,0,0,0,0,0,0,0,0
15.0500000000001,78,0,0,0,0,0,0,0,0,0,0
15.100000000000101,100,0,0,0,0,0,0,0,0,0,0
15.150000000000102,93,0,0,0,0,0,0,0,0,0,0
15.200000000000102,80,0,0,0,0,0,0,0,0,0,0
15.250000000000103,59,0,0,0,0,0,0,0,0,0,0
15.300000000000104,95,0,0,0,0,0,0,0,0,0,0
15.350000000000104,79,0,0,0,0,0,0,0,0,0,0
15.400000000000105,99,0,0,0,0,0,0,0,0,0,0
15.450000000000106,89,0,0,0,0,0,0,0,0,0,0
15.500000000000107,90,0,0,0,0,0,0,0,0,0,0
15.550000000000107,75,0,0,0,0,0,0,0,0,0,0
15.600000000000108,94,0,0,0,0,0,0,0,0,0,0
15.650000000000109,93,0,0,0,0,0,0,0,0,0,0
15.70000000000011,89,0,0,0,0,0,0,0,0,0,0
15.75000000000011,73,0,0,0,0,0,0,0,0,0,0
15.80000000000011,85,0,0,0,0,0,0,0,0,0,0
15.850000000000112,91,0,0,0,0,0,0,0,0,0,0
15.900000000000112,78,0,0,0,0,0,0,0,0,0,0
15.950000000000113,69,0,0,0,0,0,0,0,0,0,0
16.000000000000114,89,0,0,0,0,0,0,0,0,0,0
16.050000000000114,85,0,0,0,0,0,0,0,0,0,0
16.100000000000115,95,0,0,0,0,0,0,0,0,0,0
16.150000000000116,82,0,0,0,0,0,0,0,0,0,0
16.200000000000117,87,0,0,0,0,0,0,0,0,0,0
16.250000000000117,80,0,0,0,0,0,0,0,0,0,0
16.300000000000118,94,0,0,0,0,0,0,0,0,0,0
16.35000000000012,104,0,0,0,0,0,0,0,0,0,0
16.40000000000012,81,0,0,0,0,0,0,0,0,0,0
16.45000000000012,93,0,0,0,0,0,0,0,0,0,0
16.50000000000012,75,0,0,0,0,0,0,0,0,0,0
16.55000000000012,90,0,0,0,0,0,0,0,0,0,0
16.600000000000122,68,0,0,0,0,0,0,0,0,0,0
16.650000000000123,68,0,0,0,0,0,0,0,0,0,0
16.700000000000124,53,0,0,0,0,0,0,0,0,0,0
16.750000000000124,43,0,0,0,0,0,0,0,0,0,0
16.800000000000125,38,0,0,0,0,0,0,0,0,0,0
16.850000000000126,24,0,0,0,0,0,0,0,0,0,0
16.900000000000126,16,0,0,0,0,0,0,0,0,0,0
16.950000000000127,5,0,0,0,0,0,0,0,0,0,0
17.000000000000128,0,0,0,0,0,0,0,0,0,0,0
17.05000000000013,0,0,0,0,0,0,0,0,0,0,0
17.10000000000013,0,0,0,0,0,0,0,0,0,0,0
17.15000000000013,0,0,0,0,0,0,0,0,0,0,0
17.20000000000013,0,0,0,0,0,0,0,0,0,0,0
17.25000000000013,0,0,0,0,0,0,0,0,0,0,0
17.300000000000132,0,0,0,0,0,0,0,0,0,0,0
17.350000000000133,0,0,0,0,0,0,0,0,0,0,0
17.400000000000134,0,0,0,0,0,0,0,0,0,0,0
17.450000000000134,0,0,0,0,0,0,0,0,0,0,0
17.500000000000135,0,0,0,0,0,0,0,0,0,0,0
17.550000000000136,0,0,0,0,0,0,0,0,0,0,0
17.600000000000136,0,0,0,0,0,0,0,0,0,0,0
17.650000000000137,0,0,0,0,0,0,0,0,0,0,0
17.700000000000138,0,0,0,0,0,0,0,0,0,0,0
17.75000000000014,0,0,0,0,0,0,0,0,0,0,0
17.80000000000014,0,0,0,0,0,0,0,0,0,0,0
17.85000000000014,0,0,0,0,0,0,0,0,0,0,0
17.90000000000014,0,0,0,0,0,0,0,0,0,0,0
17.95000000000014,0,0,0,0,0,0,0,0,0,0,0
18.000000000000142,0,0,0,0,0,0,0,0,0,0,0
18.050000000000143,0,0,0,0,0,0,0,0,0,0,0
18.100000000000144,0,0,0,0,0,0,0,0,0,0,0
18.150000000000144,0,0,0,0,0,0,0,0,0,0,0
18.200000000000145,0,0,0,0,0,0,0,0,0,0,0
18.250000000000146,0,0,0,0,0,0,0,0,0,0,0
18.300000000000146,0,0,0,0,0,0,0,0,0,0,0
18.350000000000147,0,0,0,0,0,0,0,0,0,0,0
18.400000000000148,0,0,0,0,0,0,0,0,0,0,0
18.45000000000015,0,0,0,0,0,0,0,0,0,0,0
18.50000000000015,0,0,0,0,0,0,0,0,0,0,0
18.55000000000015,0,0,0,0,0,0,0,0,0,0,0
18.60000000000015,0,0,0,0,0,0,0,0,0,0,0
18.65000000000015,0,0,0,0,0,0,0,0,0,0,0
18.700000000000152,0,0,0,0,0,0,0,0,0,0,0
18.750000000000153,0,0,0,0,0,0,0,0,0,0,0
18.800000000000153,0,0,0,0,0,0,0,0,0,0,0
18.850000000000154,0,0,0,0,0,0,0,0,0,0,0
18.900000000000155,0,0,0,0,0,0,0,0,0,0,0
18.950000000000156,0,0,0,0,0,0,0,0,0,0,0
19.000000000000156,0,0,0,0,0,0,0,0,0,0,0
19.050000000000157,0,0,0,0,0,0,0,0,0,0,0
19.100000000000158,0,0,0,0,0,0,0,0,0,0,0
19.15000000000016,0,0,0,0,0,0,0,0,0,0,0
19.20000000000016,0,0,0,0,0,0,0,0,0,0,0
19.25000000000016,0,0,0,0,0,0,0,0,0,0,0
19.30000000000016,0,0,0,0,0,0,0,0,0,0,0
19.35000000000016,0,0,0,0,0,0,0,0,0,0,0
19.400000000000162,0,0,0,0,0,0,0,0,0,0,0
19.450000000000163,0,0,0,0,0,0,0,0,0,0,0
19.500000000000163,0,0,0,0,0,0,0,0,0,0,0
19.550000000000164,0,0,0,0,0,0,0,0,0,0,0
19.600000000000165,0,0,0,0,0,0,0,0,0,0,0
19.650000000000166,0,0,0,0,0,0,0,0,0,0,0
19.700000000000166,0,0,0,0,0,0,0,0,0,0,0
19.750000000000167,0,0,0,0,0,0,0,0,0,0,0
19.800000000000168,0,0,0,0,0,0,0,0,0,0,0
19.85000000000017,0,0,0,0,0,0,0,0,0,0,0
19.90000000000017,0,0,0,0,0,0,0,0,0,0,0
19.95000000000017,0,0,0,0,0,0,0,0,0,0,0
20.00000000000017,0,0,0,0,0,0,0,0,0,0,0
20.05000000000017,0,0,0,0,0,0,0,0,0,0,0
20.100000000000172,0,0,0,0,0,0,0,0,0,0,0
20.150000000000173,0,0,0,0,0,0,0,0,0,0,0
20.200000000000173,0,0,0,0,0,0,0,0,0,0,0
20.250000000000174,0,0,0,0,0,0,0,0,0,0,0
20.300000000000175,0,0,0,0,0,0,0,0,0,0,0
20.350000000000176,0,0,0,0,0,0,0,0,0,0,0
20.400000000000176,0,0,0,0,0,0,0,0,0,0,0
20.450000000000177,0,0,0,0,0,0,0,0,0,0,0
20.500000000000178,0,0,0,0,0,0,0,0,0,0,0
20.55000000000018,0,0,0,0,0,0,0,0,0,0,0
20.60000000000018,0,0,0,0,0,0,0,0,0,0,0
20.65000000000018,0,0,0,0,0,0,0,0,0,0,0
20.70000000000018,0,0,0,0,0,0,0,0,0,0,0
20.75000000000018,0,0,0,0,0,0,0,0,0,0,0
