*****
8,0.05,1000,0,1,10,100,0.130921998163,0.0853672733114
8,1000,993,995,915,995,0,0,0,0,0,0
8.05,1000,996,998,909,997,0,0,0,0,0,0
8.100000000000001,1006,996,996,912,996,0,0,0,0,0,0
8.150000000000002,1017,1001,1009,923,1009,0,0,0,0,0,0
8.200000000000003,1005,971,991,913,991,0,0,0,0,0,0
8.250000000000004,1022,993,1009,940,1010,0,0,0,0,0,0
8.300000000000004,1014,975,998,928,1000,0,0,0,0,0,0
8.350000000000005,1111,1053,1076,1012,1078,0,0,0,0,0,0
8.400000000000006,1023,943,967,894,970,0,0,0,0,0,0
8.450000000000006,972,862,888,828,896,0,0,0,0,0,0
8.500000000000007,955,800,856,799,861,0,0,0,0,0,0
8.550000000000008,1000,793,864,797,873,0,0,0,0,0,0
8.600000000000009,1038,766,852,771,856,0,0,0,0,0,0
8.65000000000001,1035,692,776,714,780,0,0,0,0,0,0
8.70000000000001,1089,708,795,773,804,0,0,0,0,0,0
8.75000000000001,946,555,638,613,641,0,0,0,0,0,0
8.800000000000011,984,479,573,576,579,0,0,0,0,0,0
8.850000000000012,1004,418,516,554,522,0,0,0,0,0,0
8.900000000000013,1018,393,484,501,487,0,0,0,0,0,0
8.950000000000014,1030,340,410,452,414,0,0,0,0,0,0
9.000000000000014,1029,294,352,408,358,0,0,0,0,0,0
9.050000000000015,1002,256,315,352,319,0,0,0,0,0,0
9.100000000000016,1010,198,268,332,270,0,0,0,0,0,0
9.150000000000016,1038,194,260,276,260,0,0,0,0,0,0
9.200000000000017,1030,151,192,240,193,0,0,0,0,0,0
9.250000000000018,1057,113,159,189,163,0,0,0,0,0,0
9.300000000000018,1001,92,126,149,129,0,0,0,0,0,0
9.35000000000002,1028,87,114,157,116,0,0,0,0,0,0
9.40000000000002,1010,61,87,124,87,0,0,0,0,0,0
9.45000000000002,1019,44,60,81,60,0,0,0,0,0,0
9.500000000000021,1034,33,49,71,50,0,0,0,0,0,0
9.550000000000022,1053,21,36,62,36,0,0,0,0,0,0
9.600000000000023,1025,17,23,49,24,0,0,0,0,0,0
9.650000000000023,1012,18,27,45,27,0,0,0,0,0,0
9.700000000000024,955,11,16,26,15,0,0,0,0,0,0
9.750000000000025,996,10,12,38,12,0,0,0,0,0,0
9.800000000000026,1038,10,12,18,12,0,0,0,0,0,0
9.850000000000026,1037,3,5,15,5,0,0,0,0,0,0
9.900000000000027,993,5,7,8,7,0,0,0,0,0,0
9.950000000000028,965,0,2,2,2,0,0,0,0,0,0
10.000000000000028,998,2,3,7,3,0,0,0,0,0,0
10.05000000000003,1027,1,1,8,1,0,0,0,0,0,0
10.10000000000003,1039,1,1,3,1,0,0,0,0,0,0
10.15000000000003,1007,1,1,4,1,0,0,0,0,0,0
10.200000000000031,1072,0,0,0,0,0,0,0,0,0,0
10.250000000000032,995,0,0,1,0,0,0,0,0,0,0
10.300000000000033,1013,0,0,4,0,0,0,0,0,0,0
10.350000000000033,1041,2,2,2,2,0,0,0,0,0,0
10.400000000000034,983,0,0,0,0,0,0,0,0,0,0
10.450000000000035,981,0,0,0,0,0,0,0,0,0,0
10.500000000000036,1010,1,1,2,1,0,0,0,0,0,0
10.550000000000036,1038,0,0,0,0,0,0,0,0,0,0
10.600000000000037,1013,0,0,0,0,0,0,0,0,0,0
10.650000000000038,962,0,0,0,0,0,0,0,0,0,0
10.700000000000038,986,0,0,0,0,0,0,0,0,0,0
10.750000000000039,1044,0,0,0,0,0,0,0,0,0,0
10.80000000000004,1015,0,0,0,0,0,0,0,0,0,0
10.85000000000004,1066,0,0,0,0,0,0,0,0,0,0
10.900000000000041,939,0,0,0,0,0,0,0,0,0,0
10.950000000000042,1029,0,0,0,0,0,0,0,0,0,0
11.000000000000043,1045,0,0,0,0,0,0,0,0,0,0
11.050000000000043,1021,0,0,0,0,0,0,0,0,0,0
11.100000000000044,996,0,0,0,0,0,0,0,0,0,0
11.150000000000045,1020,0,0,0,0,0,0,0,0,0,0
11.200000000000045,989,0,0,0,0,0,0,0,0,0,0
11.250000000000046,1024,0,0,0,0,0,0,0,0,0,0
11.300000000000047,999,0,0,0,0,0,0,0,0,0,0
11.350000000000048,976,0,0,0,0,0,0,0,0,0,0
11.400000000000048,1042,0,0,0,0,0,0,0,0,0,0
11.450000000000049,1002,0,0,0,0,0,0,0,0,0,0
11.50000000000005,1034,0,0,0,0,0,0,0,0,0,0
11.55000000000005,980,0,0,0,0,0,0,0,0,0,0
11.600000000000051,987,0,0,0,0,0,0,0,0,0,0
11.650000000000052,1025,0,0,0,0,0,0,0,0,0,0
11.700000000000053,994,0,0,0,0,0,0,0,0,0,0
11.750000000000053,1036,0,0,0,0,0,0,0,0,0,0
11.800000000000054,994,0,0,0,0,0,0,0,0,0,0
11.850000000000055,1017,0,0,0,0,0,0,0,0,0,0
11.900000000000055,996,0,0,0,0,0,0,0,0,0,0
11.950000000000056,971,0,0,0,0,0,0,0,0,0,0
12.000000000000057,1099,0,0,0,0,0,0,0,0,0,0
12.050000000000058,982,0,0,0,0,0,0,0,0,0,0
12.100000000000058,968,0,0,0,0,0,0,0,0,0,0
12.150000000000059,992,0,0,0,0,0,0,0,0,0,0
12.20000000000006,1089,0,0,0,0,0,0,0,0,0,0
12.25000000000006,1011,0,0,0,0,0,0,0,0,0,0
12.300000000000061,1050,0,0,0,0,0,0,0,0,0,0
12.350000000000062,1032,0,0,0,0,0,0,0,0,0,0
12.400000000000063,954,0,0,0,0,0,0,0,0,0,0
12.450000000000063,1067,0,0,0,0,0,0,0,0,0,0
12.500000000000064,1058,0,0,0,0,0,0,0,0,0,0
12.550000000000065,1039,0,0,0,0,0,0,0,0,0,0
12.600000000000065,1057,0,0,0,0,0,0,0,0,0,0
12.650000000000066,1022,0,0,0,0,0,0,0,0,0,0
12.700000000000067,962,0,0,0,0,0,0,0,0,0,0
12.750000000000068,1018,0,0,0,0,0,0,0,0,0,0
12.800000000000068,1014,0,0,0,0,0,0,0,0,0,0
12.850000000000069,982,0,0,0,0,0,0,0,0,0,0
12.90000000000007,961,0,0,0,0,0,0,0,0,0,0
12.95000000000007,1042,0,0,0,0,0,0,0,0,0,0
13.000000000000071,1025,0,0,0,0,0,0,0,0,0,0
13.050000000000072,1015,0,0,0,0,0,0,0,0,0,0
13.100000000000072,979,0,0,0,0,0,0,0,0,0,0
13.150000000000073,1040,0,0,0,0,0,0,0,0,0,0
13.200000000000074,1018,0,0,0,0,0,0,0,0,0,0
13.250000000000075,1003,0,0,0,0,0,0,0,0,0,0
13.300000000000075,1024,0,0,0,0,0,0,0,0,0,0
13.350000000000076,1055,0,0,0,0,0,0,0,0,0,0
13.400000000000077,1003,0,0,0,0,0,0,0,0,0,0
13.450000000000077,995,0,0,0,0,0,0,0,0,0,0
13.500000000000078,945,0,0,0,0,0,0,0,0,0,0
13.550000000000079,1048,0,0,0,0,0,0,0,0,0,0
13.60000000000008,1032,0,0,0,0,0,0,0,0,0,0
13.65000000000008,1063,0,0,0,0,0,0,0,0,0,0
13.700000000000081,1028,0,0,0,0,0,0,0,0,0,0
13.750000000000082,1009,0,0,0,0,0,0,0,0,0,0
13.800000000000082,978,0,0,0,0,0,0,0,0,0,0
13.850000000000083,999,0,0,0,0,0,0,0,0,0,0
13.900000000000084,1025,0,0,0,0,0,0,0,0,0,0
13.950000000000085,1016,0,0,0,0,0,0,0,0,0,0
14.000000000000085,1026,0,0,0,0,0,0,0,0,0,0
14.050000000000086,1002,0,0,0,0,0,0,0,0,0,0
14.100000000000087,1046,0,0,0,0,0,0,0,0,0,0
14.150000000000087,1094,0,0,0,0,0,0,0,0,0,0
14.200000000000088,1001,0,0,0,0,0,0,0,0,0,0
14.250000000000089,1021,0,0,0,0,0,0,0,0,0,0
14.30000000000009,962,0,0,0,0,0,0,0,0,0,0
14.35000000000009,1033,0,0,0,0,0,0,0,0,0,0
14.400000000000091,1013,0,0,0,0,0,0,0,0,0,0
14.450000000000092,1032,0,0,0,0,0,0,0,0,0,0
14.500000000000092,1041,0,0,0,0,0,0,0,0,0,0
14.550000000000093,1026,0,0,0,0,0,0,0,0,0,0
14.600000000000094,1007,0,0,0,0,0,0,0,0,0,0
14.650000000000095,997,0,0,0,0,0,0,0,0,0,0
14.700000000000095,1043,0,0,0,0,0,0,0,0,0,0
14.750000000000096,933,0,0,0,0,0,0,0,0,0,0
14.800000000000097,996,0,0,0,0,0,0,0,0,0,0
14.850000000000097,987,0,0,0,0,0,0,0,0,0,0
14.900000000000098,1049,0,0,0,0,0,0,0,0,0,0
14.950000000000099,1031,0,0,0,0,0,0,0,0,0,0
15.0000000000001,1014,0,0,0,0,0,0,0,0,0,0
15.0500000000001,1063,0,0,0,0,0,0,0,0,0,0
15.100000000000101,1068,0,0,0,0,0,0,0,0,0,0
15.150000000000102,1041,0,0,0,0,0,0,0,0,0,0
15.200000000000102,992,0,0,0,0,0,0,0,0,0,0
15.250000000000103,916,0,0,0,0,0,0,0,0,0,0
15.300000000000104,1059,0,0,0,0,0,0,0,0,0,0
15.350000000000104,1015,0,0,0,0,0,0,0,0,0,0
15.400000000000105,1045,0,0,0,0,0,0,0,0,0,0
15.450000000000106,980,0,0,0,0,0,0,0,0,0,0
15.500000000000107,933,0,0,0,0,0,0,0,0,0,0
15.550000000000107,1009,0,0,0,0,0,0,0,0,0,0
15.600000000000108,979,0,0,0,0,0,0,0,0,0,0
15.650000000000109,1040,0,0,0,0,0,0,0,0,0,0
15.70000000000011,1001,0,0,0,0,0,0,0,0,0,0
15.75000000000011,1074,0,0,0,0,0,0,0,0,0,0
15.80000000000011,1025,0,0,0,0,0,0,0,0,0,0
15.850000000000112,1025,0,0,0,0,0,0,0,0,0,0
15.900000000000112,1066,0,0,0,0,0,0,0,0,0,0
15.950000000000113,1023,0,0,0,0,0,0,0,0,0,0
16.000000000000114,1026,0,0,0,0,0,0,0,0,0,0
16.050000000000114,933,0,0,0,0,0,0,0,0,0,0
16.100000000000115,831,0,0,0,0,0,0,0,0,0,0
16.150000000000116,833,0,0,0,0,0,0,0,0,0,0
16.200000000000117,774,0,0,0,0,0,0,0,0,0,0
16.250000000000117,727,0,0,0,0,0,0,0,0,0,0
16.300000000000118,654,0,0,0,0,0,0,0,0,0,0
16.35000000000012,665,0,0,0,0,0,0,0,0,0,0
16.40000000000012,600,0,0,0,0,0,0,0,0,0,0
16.45000000000012,499,0,0,0,0,0,0,0,0,0,0
16.50000000000012,481,0,0,0,0,0,0,0,0,0,0
16.55000000000012,481,0,0,0,0,0,0,0,0,0,0
16.600000000000122,371,0,0,0,0,0,0,0,0,0,0
16.650000000000123,351,0,0,0,0,0,0,0,0,0,0
16.700000000000124,280,0,0,0,0,0,0,0,0,0,0
16.750000000000124,236,0,0,0,0,0,0,0,0,0,0
16.800000000000125,179,0,0,0,0,0,0,0,0,0,0
16.850000000000126,140,0,0,0,0,0,0,0,0,0,0
16.900000000000126,79,0,0,0,0,0,0,0,0,0,0
16.950000000000127,26,0,0,0,0,0,0,0,0,0,0
17.000000000000128,0,0,0,0,0,0,0,0,0,0,0
17.05000000000013,0,0,0,0,0,0,0,0,0,0,0
17.10000000000013,0,0,0,0,0,0,0,0,0,0,0
17.15000000000013,0,0,0,0,0,0,0,0,0,0,0
17.20000000000013,0,0,0,0,0,0,0,0,0,0,0
17.25000000000013,0,0,0,0,0,0,0,0,0,0,0
17.300000000000132,0,0,0,0,0,0,0,0,0,0,0
17.350000000000133,0,0,0,0,0,0,0,0,0,0,0
17.400000000000134,0,0,0,0,0,0,0,0,0,0,0
17.450000000000134,0,0,0,0,0,0,0,0,0,0,0
17.500000000000135,0,0,0,0,0,0,0,0,0,0,0
17.550000000000136,0,0,0,0,0,0,0,0,0,0,0
17.600000000000136,0,0,0,0,0,0,0,0,0,0,0
17.650000000000137,0,0,0,0,0,0,0,0,0,0,0
17.700000000000138,0,0,0,0,0,0,0,0,0,0,0
17.75000000000014,0,0,0,0,0,0,0,0,0,0,0
17.80000000000014,0,0,0,0,0,0,0,0,0,0,0
17.85000000000014,0,0,0,0,0,0,0,0,0,0,0
17.90000000000014,0,0,0,0,0,0,0,0,0,0,0
17.95000000000014,0,0,0,0,0,0,0,0,0,0,0
18.000000000000142,0,0,0,0,0,0,0,0,0,0,0
18.050000000000143,0,0,0,0,0,0,0,0,0,0,0
18.100000000000144,0,0,0,0,0,0,0,0,0,0,0
18.150000000000144,0,0,0,0,0,0,0,0,0,0,0
18.200000000000145,0,0,0,0,0,0,0,0,0,0,0
18.250000000000146,0,0,0,0,0,0,0,0,0,0,0
18.300000000000146,0,0,0,0,0,0,0,0,0,0,0
18.350000000000147,0,0,0,0,0,0,0,0,0,0,0
18.400000000000148,0,0,0,0,0,0,0,0,0,0,0
18.45000000000015,0,0,0,0,0,0,0,0,0,0,0
18.50000000000015,0,0,0,0,0,0,0,0,0,0,0
18.55000000000015,0,0,0,0,0,0,0,0,0,0,0
18.60000000000015,0,0,0,0,0,0,0,0,0,0,0
18.65000000000015,0,0,0,0,0,0,0,0,0,0,0
18.700000000000152,0,0,0,0,0,0,0,0,0,0,0
18.750000000000153,0,0,0,0,0,0,0,0,0,0,0
18.800000000000153,0,0,0,0,0,0,0,0,0,0,0
18.850000000000154,0,0,0,0,0,0,0,0,0,0,0
18.900000000000155,0,0,0,0,0,0,0,0,0,0,0
18.950000000000156,0,0,0,0,0,0,0,0,0,0,0
19.000000000000156,0,0,0,0,0,0,0,0,0,0,0
19.050000000000157,0,0,0,0,0,0,0,0,0,0,0
19.100000000000158,0,0,0,0,0,0,0,0,0,0,0
19.15000000000016,0,0,0,0,0,0,0,0,0,0,0
19.20000000000016,0,0,0,0,0,0,0,0,0,0,0
19.25000000000016,0,0,0,0,0,0,0,0,0,0,0
19.30000000000016,0,0,0,0,0,0,0,0,0,0,0
19.35000000000016,0,0,0,0,0,0,0,0,0,0,0
19.400000000000162,0,0,0,0,0,0,0,0,0,0,0
19.450000000000163,0,0,0,0,0,0,0,0,0,0,0
19.500000000000163,0,0,0,0,0,0,0,0,0,0,0
19.550000000000164,0,0,0,0,0,0,0,0,0,0,0
19.600000000000165,0,0,0,0,0,0,0,0,0,0,0
19.650000000000166,0,0,0,0,0,0,0,0,0,0,0
19.700000000000166,0,0,0,0,0,0,0,0,0,0,0
19.750000000000167,0,0,0,0,0,0,0,0,0,0,0
19.800000000000168,0,0,0,0,0,0,0,0,0,0,0
19.85000000000017,0,0,0,0,0,0,0,0,0,0,0
19.90000000000017,0,0,0,0,0,0,0,0,0,0,0
19.95000000000017,0,0,0,0,0,0,0,0,0,0,0
20.00000000000017,0,0,0,0,0,0,0,0,0,0,0
20.05000000000017,0,0,0,0,0,0,0,0,0,0,0
20.100000000000172,0,0,0,0,0,0,0,0,0,0,0
20.150000000000173,0,0,0,0,0,0,0,0,0,0,0
20.200000000000173,0,0,0,0,0,0,0,0,0,0,0
20.250000000000174,0,0,0,0,0,0,0,0,0,0,0
20.300000000000175,0,0,0,0,0,0,0,0,0,0,0
20.350000000000176,0,0,0,0,0,0,0,0,0,0,0
20.400000000000176,0,0,0,0,0,0,0,0,0,0,0
20.450000000000177,0,0,0,0,0,0,0,0,0,0,0
20.500000000000178,0,0,0,0,0,0,0,0,0,0,0
20.55000000000018,0,0,0,0,0,0,0,0,0,0,0
20.60000000000018,0,0,0,0,0,0,0,0,0,0,0
20.65000000000018,0,0,0,0,0,0,0,0,0,0,0
20.70000000000018,0,0,0,0,0,0,0,0,0,0,0
20.75000000000018,0,0,0,0,0,0,0,0,0,0,0
*****
8,0.05,1000,0,0.4,10,100,0.130921998163,0.0853672733114
8,1000,1000,1000,1000,1000,0,0,0,0,0,0
8.05,990,990,990,990,990,0,0,0,0,0,0
8.100000000000001,989,989,989,989,989,0,0,0,0,0,0
8.150000000000002,933,933,933,933,933,0,0,0,0,0,0
8.200000000000003,994,994,994,994,994,0,0,0,0,0,0
8.250000000000004,954,954,954,954,954,0,0,0,0,0,0
8.300000000000004,991,991,991,991,991,0,0,0,0,0,0
8.350000000000005,968,968,968,968,968,0,0,0,0,0,0
8.400000000000006,964,964,962,964,964,0,0,0,0,0,0
8.450000000000006,1015,1015,1015,1015,1015,0,0,0,0,0,0
8.500000000000007,997,997,995,997,997,0,0,0,0,0,0
8.550000000000008,986,986,984,986,986,0,0,0,0,0,0
8.600000000000009,950,950,946,950,950,0,0,0,0,0,0
8.65000000000001,960,960,958,960,960,0,0,0,0,0,0
8.70000000000001,1023,1022,1020,1023,1022,0,0,0,0,0,0
8.75000000000001,948,939,933,948,940,0,0,0,0,0,0
8.800000000000011,1035,1030,1023,1035,1031,0,0,0,0,0,0
8.850000000000012,973,970,958,973,970,0,0,0,0,0,0
8.900000000000013,1007,999,993,1007,1003,0,0,0,0,0,0
8.950000000000014,996,987,978,996,989,0,0,0,0,0,0
9.000000000000014,979,964,959,978,967,0,0,0,0,0,0
9.050000000000015,1018,992,985,1017,1001,0,0,0,0,0,0
9.100000000000016,997,973,966,997,976,0,0,0,0,0,0
9.150000000000016,944,918,904,943,924,0,0,0,0,0,0
9.200000000000017,1036,998,991,1035,1002,0,0,0,0,0,0
9.250000000000018,1021,967,945,1015,981,0,0,0,0,0,0
9.300000000000018,990,928,895,987,938,0,0,0,0,0,0
9.35000000000002,1008,915,907,1004,932,0,0,0,0,0,0
9.40000000000002,1004,886,860,994,900,0,0,0,0,0,0
9.45000000000002,999,857,843,984,868,0,0,0,0,0,0
9.500000000000021,997,834,814,990,846,0,0,0,0,0,0
9.550000000000022,960,751,726,947,770,0,0,0,0,0,0
9.600000000000023,1031,792,776,1007,808,0,0,0,0,0,0
9.650000000000023,984,685,665,950,699,0,0,0,0,0,0
9.700000000000024,1027,664,641,969,681,0,0,0,0,0,0
9.750000000000025,995,603,590,932,620,0,0,0,0,0,0
9.800000000000026,971,508,490,878,521,0,0,0,0,0,0
9.850000000000026,1017,460,445,882,479,0,0,0,0,0,0
9.900000000000027,929,397,389,758,412,0,0,0,0,0,0
9.950000000000028,1004,365,368,783,385,0,0,0,0,0,0
10.000000000000028,964,290,283,674,302,0,0,0,0,0,0
10.05000000000003,979,232,229,618,250,0,0,0,0,0,0
10.10000000000003,947,174,163,470,182,0,0,0,0,0,0
10.15000000000003,1025,161,159,504,168,0,0,0,0,0,0
10.200000000000031,986,109,117,381,121,0,0,0,0,0,0
10.250000000000032,995,81,81,288,88,0,0,0,0,0,0
10.300000000000033,1003,55,58,243,60,0,0,0,0,0,0
10.350000000000033,980,42,45,196,46,0,0,0,0,0,0
10.400000000000034,984,23,23,128,24,0,0,0,0,0,0
10.450000000000035,1021,8,10,82,10,0,0,0,0,0,0
10.500000000000036,973,9,9,57,9,0,0,0,0,0,0
10.550000000000036,979,4,5,40,5,0,0,0,0,0,0
10.600000000000037,978,2,3,25,3,0,0,0,0,0,0
10.650000000000038,977,1,1,12,1,0,0,0,0,0,0
10.700000000000038,985,2,2,5,2,0,0,0,0,0,0
10.750000000000039,1009,0,0,3,0,0,0,0,0,0,0
10.80000000000004,984,0,0,0,0,0,0,0,0,0,0
10.85000000000004,954,0,0,1,0,0,0,0,0,0,0
10.900000000000041,997,0,0,1,0,0,0,0,0,0,0
10.950000000000042,1004,0,0,0,0,0,0,0,0,0,0
11.000000000000043,974,0,0,0,0,0,0,0,0,0,0
11.050000000000043,938,0,0,0,0,0,0,0,0,0,0
11.100000000000044,1009,0,0,0,0,0,0,0,0,0,0
11.150000000000045,995,0,0,0,0,0,0,0,0,0,0
11.200000000000045,1003,0,0,0,0,0,0,0,0,0,0
11.250000000000046,962,0,0,0,0,0,0,0,0,0,0
11.300000000000047,969,0,0,0,0,0,0,0,0,0,0
11.350000000000048,998,0,0,0,0,0,0,0,0,0,0
11.400000000000048,993,0,0,0,0,0,0,0,0,0,0
11.450000000000049,972,0,0,0,0,0,0,0,0,0,0
11.50000000000005,1004,0,0,0,0,0,0,0,0,0,0
11.55000000000005,977,0,0,0,0,0,0,0,0,0,0
11.600000000000051,975,0,0,0,0,0,0,0,0,0,0
11.650000000000052,998,0,0,0,0,0,0,0,0,0,0
11.700000000000053,959,0,0,0,0,0,0,0,0,0,0
11.750000000000053,1030,0,0,0,0,0,0,0,0,0,0
11.800000000000054,953,0,0,0,0,0,0,0,0,0,0
11.850000000000055,949,0,0,0,0,0,0,0,0,0,0
11.900000000000055,956,0,0,0,0,0,0,0,0,0,0
11.950000000000056,967,0,0,0,0,0,0,0,0,0,0
12.000000000000057,976,0,0,0,0,0,0,0,0,0,0
12.050000000000058,968,0,0,0,0,0,0,0,0,0,0
12.100000000000058,1034,0,0,0,0,0,0,0,0,0,0
12.150000000000059,992,0,0,0,0,0,0,0,0,0,0
12.20000000000006,923,0,0,0,0,0,0,0,0,0,0
12.25000000000006,970,0,0,0,0,0,0,0,0,0,0
12.300000000000061,973,0,0,0,0,0,0,0,0,0,0
12.350000000000062,1018,0,0,0,0,0,0,0,0,0,0
12.400000000000063,992,0,0,0,0,0,0,0,0,0,0
12.450000000000063,1010,0,0,0,0,0,0,0,0,0,0
12.500000000000064,980,0,0,0,0,0,0,0,0,0,0
12.550000000000065,976,0,0,0,0,0,0,0,0,0,0
12.600000000000065,960,0,0,0,0,0,0,0,0,0,0
12.650000000000066,962,0,0,0,0,0,0,0,0,0,0
12.700000000000067,987,0,0,0,0,0,0,0,0,0,0
12.750000000000068,973,0,0,0,0,0,0,0,0,0,0
12.800000000000068,1010,0,0,0,0,0,0,0,0,0,0
12.850000000000069,1035,0,0,0,0,0,0,0,0,0,0
12.90000000000007,1012,0,0,0,0,0,0,0,0,0,0
12.95000000000007,971,0,0,0,0,0,0,0,0,0,0
13.000000000000071,967,0,0,0,0,0,0,0,0,0,0
13.050000000000072,962,0,0,0,0,0,0,0,0,0,0
13.100000000000072,1039,0,0,0,0,0,0,0,0,0,0
13.150000000000073,992,0,0,0,0,0,0,0,0,0,0
13.200000000000074,956,0,0,0,0,0,0,0,0,0,0
13.250000000000075,974,0,0,0,0,0,0,0,0,0,0
13.300000000000075,964,0,0,0,0,0,0,0,0,0,0
13.350000000000076,970,0,0,0,0,0,0,0,0,0,0
13.400000000000077,1035,0,0,0,0,0,0,0,0,0,0
13.450000000000077,980,0,0,0,0,0,0,0,0,0,0
13.500000000000078,982,0,0,0,0,0,0,0,0,0,0
13.550000000000079,969,0,0,0,0,0,0,0,0,0,0
13.60000000000008,945,0,0,0,0,0,0,0,0,0,0
13.65000000000008,973,0,0,0,0,0,0,0,0,0,0
13.700000000000081,968,0,0,0,0,0,0,0,0,0,0
13.750000000000082,985,0,0,0,0,0,0,0,0,0,0
13.800000000000082,949,0,0,0,0,0,0,0,0,0,0
13.850000000000083,1041,0,0,0,0,0,0,0,0,0,0
13.900000000000084,1036,0,0,0,0,0,0,0,0,0,0
13.950000000000085,972,0,0,0,0,0,0,0,0,0,0
14.000000000000085,945,0,0,0,0,0,0,0,0,0,0
14.050000000000086,967,0,0,0,0,0,0,0,0,0,0
14.100000000000087,988,0,0,0,0,0,0,0,0,0,0
14.150000000000087,989,0,0,0,0,0,0,0,0,0,0
14.200000000000088,963,0,0,0,0,0,0,0,0,0,0
14.250000000000089,1050,0,0,0,0,0,0,0,0,0,0
14.30000000000009,997,0,0,0,0,0,0,0,0,0,0
14.35000000000009,1003,0,0,0,0,0,0,0,0,0,0
14.400000000000091,942,0,0,0,0,0,0,0,0,0,0
14.450000000000092,1006,0,0,0,0,0,0,0,0,0,0
14.500000000000092,996,0,0,0,0,0,0,0,0,0,0
14.550000000000093,991,0,0,0,0,0,0,0,0,0,0
14.600000000000094,1011,0,0,0,0,0,0,0,0,0,0
14.650000000000095,975,0,0,0,0,0,0,0,0,0,0
14.700000000000095,993,0,0,0,0,0,0,0,0,0,0
14.750000000000096,983,0,0,0,0,0,0,0,0,0,0
14.800000000000097,988,0,0,0,0,0,0,0,0,0,0
14.850000000000097,999,0,0,0,0,0,0,0,0,0,0
14.900000000000098,986,0,0,0,0,0,0,0,0,0,0
14.950000000000099,959,0,0,0,0,0,0,0,0,0,0
15.0000000000001,972,0,0,0,0,0,0,0,0,0,0
15.0500000000001,984,0,0,0,0,0,0,0,0,0,0
15.100000000000101,962,0,0,0,0,0,0,0,0,0,0
15.150000000000102,1029,0,0,0,0,0,0,0,0,0,0
15.200000000000102,987,0,0,0,0,0,0,0,0,0,0
15.250000000000103,985,0,0,0,0,0,0,0,0,0,0
15.300000000000104,972,0,0,0,0,0,0,0,0,0,0
15.350000000000104,984,0,0,0,0,0,0,0,0,0,0
15.400000000000105,1006,0,0,0,0,0,0,0,0,0,0
15.450000000000106,978,0,0,0,0,0,0,0,0,0,0
15.500000000000107,1001,0,0,0,0,0,0,0,0,0,0
15.550000000000107,975,0,0,0,0,0,0,0,0,0,0
15.600000000000108,907,0,0,0,0,0,0,0,0,0,0
15.650000000000109,1031,0,0,0,0,0,0,0,0,0,0
15.70000000000011,1029,0,0,0,0,0,0,0,0,0,0
15.75000000000011,998,0,0,0,0,0,0,0,0,0,0
15.80000000000011,1013,0,0,0,0,0,0,0,0,0,0
15.850000000000112,980,0,0,0,0,0,0,0,0,0,0
15.900000000000112,1001,0,0,0,0,0,0,0,0,0,0
15.950000000000113,993,0,0,0,0,0,0,0,0,0,0
16.000000000000114,909,0,0,0,0,0,0,0,0,0,0
16.050000000000114,803,0,0,0,0,0,0,0,0,0,0
16.100000000000115,666,0,0,0,0,0,0,0,0,0,0
16.150000000000116,565,0,0,0,0,0,0,0,0,0,0
16.200000000000117,439,0,0,0,0,0,0,0,0,0,0
16.250000000000117,312,0,0,0,0,0,0,0,0,0,0
16.300000000000118,198,0,0,0,0,0,0,0,0,0,0
16.35000000000012,53,0,0,0,0,0,0,0,0,0,0
16.40000000000012,0,0,0,0,0,0,0,0,0,0,0
16.45000000000012,0,0,0,0,0,0,0,0,0,0,0
16.50000000000012,0,0,0,0,0,0,0,0,0,0,0
16.55000000000012,0,0,0,0,0,0,0,0,0,0,0
16.600000000000122,0,0,0,0,0,0,0,0,0,0,0
16.650000000000123,0,0,0,0,0,0,0,0,0,0,0
16.700000000000124,0,0,0,0,0,0,0,0,0,0,0
16.750000000000124,0,0,0,0,0,0,0,0,0,0,0
16.800000000000125,0,0,0,0,0,0,0,0,0,0,0
16.850000000000126,0,0,0,0,0,0,0,0,0,0,0
16.900000000000126,0,0,0,0,0,0,0,0,0,0,0
16.950000000000127,0,0,0,0,0,0,0,0,0,0,0
17.000000000000128,0,0,0,0,0,0,0,0,0,0,0
17.05000000000013,0,0,0,0,0,0,0,0,0,0,0
17.10000000000013,0,0,0,0,0,0,0,0,0,0,0
17.15000000000013,0,0,0,0,0,0,0,0,0,0,0
17.20000000000013,0,0,0,0,0,0,0,0,0,0,0
17.25000000000013,0,0,0,0,0,0,0,0,0,0,0
17.300000000000132,0,0,0,0,0,0,0,0,0,0,0
17.350000000000133,0,0,0,0,0,0,0,0,0,0,0
17.400000000000134,0,0,0,0,0,0,0,0,0,0,0
17.450000000000134,0,0,0,0,0,0,0,0,0,0,0
17.500000000000135,0,0,0,0,0,0,0,0,0,0,0
17.550000000000136,0,0,0,0,0,0,0,0,0,0,0
17.600000000000136,0,0,0,0,0,0,0,0,0,0,0
17.650000000000137,0,0,0,0,0,0,0,0,0,0,0
17.700000000000138,0,0,0,0,0,0,0,0,0,0,0
17.75000000000014,0,0,0,0,0,0,0,0,0,0,0
17.80000000000014,0,0,0,0,0,0,0,0,0,0,0
17.85000000000014,0,0,0,0,0,0,0,0,0,0,0
17.90000000000014,0,0,0,0,0,0,0,0,0,0,0
17.95000000000014,0,0,0,0,0,0,0,0,0,0,0
18.000000000000142,0,0,0,0,0,0,0,0,0,0,0
18.050000000000143,0,0,0,0,0,0,0,0,0,0,0
18.100000000000144,0,0,0,0,0,0,0,0,0,0,0
18.150000000000144,0,0,0,0,0,0,0,0,0,0,0
18.200000000000145,0,0,0,0,0,0,0,0,0,0,0
18.250000000000146,0,0,0,0,0,0,0,0,0,0,0
18.300000000000146,0,0,0,0,0,0,0,0,0,0,0
18.350000000000147,0,0,0,0,0,0,0,0,0,0,0
18.400000000000148,0,0,0,0,0,0,0,0,0,0,0
18.45000000000015,0,0,0,0,0,0,0,0,0,0,0
18.50000000000015,0,0,0,0,0,0,0,0,0,0,0
18.55000000000015,0,0,0,0,0,0,0,0,0,0,0
18.60000000000015,0,0,0,0,0,0,0,0,0,0,0
18.65000000000015,0,0,0,0,0,0,0,0,0,0,0
18.700000000000152,0,0,0,0,0,0,0,0,0,0,0
18.750000000000153,0,0,0,0,0,0,0,0,0,0,0
18.800000000000153,0,0,0,0,0,0,0,0,0,0,0
18.850000000000154,0,0,0,0,0,0,0,0,0,0,0
18.900000000000155,0,0,0,0,0,0,0,0,0,0,0
18.950000000000156,0,0,0,0,0,0,0,0,0,0,0
19.000000000000156,0,0,0,0,0,0,0,0,0,0,0
19.050000000000157,0,0,0,0,0,0,0,0,0,0,0
19.100000000000158,0,0,0,0,0,0,0,0,0,0,0
19.15000000000016,0,0,0,0,0,0,0,0,0,0,0
19.20000000000016,0,0,0,0,0,0,0,0,0,0,0
19.25000000000016,0,0,0,0,0,0,0,0,0,0,0
19.30000000000016,0,0,0,0,0,0,0,0,0,0,0
19.35000000000016,0,0,0,0,0,0,0,0,0,0,0
19.400000000000162,0,0,0,0,0,0,0,0,0,0,0
19.450000000000163,0,0,0,0,0,0,0,0,0,0,0
19.500000000000163,0,0,0,0,0,0,0,0,0,0,0
19.550000000000164,0,0,0,0,0,0,0,0,0,0,0
19.600000000000165,0,0,0,0,0,0,0,0,0,0,0
19.650000000000166,0,0,0,0,0,0,0,0,0,0,0
19.700000000000166,0,0,0,0,0,0,0,0,0,0,0
19.750000000000167,0,0,0,0,0,0,0,0,0,0,0
19.800000000000168,0,0,0,0,0,0,0,0,0,0,0
19.85000000000017,0,0,0,0,0,0,0,0,0,0,0
19.90000000000017,0,0,0,0,0,0,0,0,0,0,0
19.95000000000017,0,0,0,0,0,0,0,0,0,0,0
20.00000000000017,0,0,0,0,0,0,0,0,0,0,0
20.05000000000017,0,0,0,0,0,0,0,0,0,0,0
20.100000000000172,0,0,0,0,0,0,0,0,0,0,0
20.150000000000173,0,0,0,0,0,0,0,0,0,0,0
20.200000000000173,0,0,0,0,0,0,0,0,0,0,0
20.250000000000174,0,0,0,0,0,0,0,0,0,0,0
20.300000000000175,0,0,0,0,0,0,0,0,0,0,0
20.350000000000176,0,0,0,0,0,0,0,0,0,0,0
20.400000000000176,0,0,0,0,0,0,0,0,0,0,0
20.450000000000177,0,0,0,0,0,0,0,0,0,0,0
20.500000000000178,0,0,0,0,0,0,0,0,0,0,0
20.55000000000018,0,0,0,0,0,0,0,0,0,0,0
20.60000000000018,0,0,0,0,0,0,0,0,0,0,0
20.65000000000018,0,0,0,0,0,0,0,0,0,0,0
20.70000000000018,0,0,0,0,0,0,0,0,0,0,0
20.75000000000018,0,0,0,0,0,0,0,0,0,0,0
*****
8,0.05,1000,0.3,0.7,10,100,0.130921998163,0.0853672733114
8,1000,999,999,985,999,0,0,0,0,0,0
8.05,1048,1048,1048,1038,1048,0,0,0,0,0,0
8.100000000000001,972,972,972,968,972,0,0,0,0,0,0
8.150000000000002,933,933,933,926,933,0,0,0,0,0,0
8.200000000000003,934,933,934,925,934,0,0,0,0,0,0
8.250000000000004,975,974,975,966,975,0,0,0,0,0,0
8.300000000000004,1022,1022,1021,1013,1022,0,0,0,0,0,0
8.350000000000005,973,973,973,966,973,0,0,0,0,0,0
8.400000000000006,983,983,983,973,983,0,0,0,0,0,0
8.450000000000006,1001,1000,1000,983,1001,0,0,0,0,0,0
8.500000000000007,943,940,942,926,943,0,0,0,0,0,0
8.550000000000008,964,960,962,946,962,0,0,0,0,0,0
8.600000000000009,980,973,975,968,976,0,0,0,0,0,0
8.65000000000001,1005,996,1002,985,1003,0,0,0,0,0,0
8.70000000000001,919,904,907,899,908,0,0,0,0,0,0
8.75000000000001,929,914,920,904,922,0,0,0,0,0,0
8.800000000000011,1034,1016,1022,1006,1026,0,0,0,0,0,0
8.850000000000012,972,931,942,941,945,0,0,0,0,0,0
8.900000000000013,989,953,968,954,971,0,0,0,0,0,0
8.950000000000014,990,945,957,949,962,0,0,0,0,0,0
9.000000000000014,1002,940,960,954,963,0,0,0,0,0,0
9.050000000000015,1006,918,953,958,959,0,0,0,0,0,0
9.100000000000016,940,858,888,877,891,0,0,0,0,0,0
9.150000000000016,961,873,900,892,903,0,0,0,0,0,0
9.200000000000017,973,837,872,899,880,0,0,0,0,0,0
9.250000000000018,1009,843,895,890,901,0,0,0,0,0,0
9.300000000000018,986,786,845,871,854,0,0,0,0,0,0
9.35000000000002,966,745,784,845,790,0,0,0,0,0,0
9.40000000000002,981,724,790,844,797,0,0,0,0,0,0
9.45000000000002,964,698,752,806,762,0,0,0,0,0,0
9.500000000000021,991,678,736,810,747,0,0,0,0,0,0
9.550000000000022,991,606,677,765,683,0,0,0,0,0,0
9.600000000000023,948,561,619,698,623,0,0,0,0,0,0
9.650000000000023,1022,563,626,751,631,0,0,0,0,0,0
9.700000000000024,945,505,561,628,563,0,0,0,0,0,0
9.750000000000025,1038,494,563,671,567,0,0,0,0,0,0
9.800000000000026,956,404,474,592,479,0,0,0,0,0,0
9.850000000000026,1014,395,471,575,473,0,0,0,0,0,0
9.900000000000027,956,324,368,513,373,0,0,0,0,0,0
9.950000000000028,978,324,361,468,365,0,0,0,0,0,0
10.000000000000028,974,259,303,402,305,0,0,0,0,0,0
10.05000000000003,973,240,273,382,275,0,0,0,0,0,0
10.10000000000003,971,176,211,319,211,0,0,0,0,0,0
10.15000000000003,988,166,191,302,195,0,0,0,0,0,0
10.200000000000031,977,135,168,251,171,0,0,0,0,0,0
10.250000000000032,985,144,163,238,167,0,0,0,0,0,0
10.300000000000033,1005,117,143,204,144,0,0,0,0,0,0
10.350000000000033,986,67,87,149,89,0,0,0,0,0,0
10.400000000000034,985,83,104,149,105,0,0,0,0,0,0
10.450000000000035,939,50,56,110,57,0,0,0,0,0,0
10.500000000000036,951,37,43,84,43,0,0,0,0,0,0
10.550000000000036,993,30,36,68,36,0,0,0,0,0,0
10.600000000000037,966,25,28,40,28,0,0,0,0,0,0
10.650000000000038,989,13,17,22,17,0,0,0,0,0,0
10.700000000000038,1015,15,18,30,18,0,0,0,0,0,0
10.750000000000039,973,11,13,20,14,0,0,0,0,0,0
10.80000000000004,1003,7,7,16,7,0,0,0,0,0,0
10.85000000000004,997,9,9,11,9,0,0,0,0,0,0
10.900000000000041,990,5,5,4,5,0,0,0,0,0,0
10.950000000000042,991,0,1,5,1,0,0,0,0,0,0
11.000000000000043,978,3,3,3,3,0,0,0,0,0,0
11.050000000000043,961,1,1,2,1,0,0,0,0,0,0
11.100000000000044,978,1,1,1,1,0,0,0,0,0,0
11.150000000000045,941,0,0,0,0,0,0,0,0,0,0
11.200000000000045,986,0,0,0,0,0,0,0,0,0,0
11.250000000000046,1005,1,1,1,1,0,0,0,0,0,0
11.300000000000047,984,0,0,0,0,0,0,0,0,0,0
11.350000000000048,939,0,0,0,0,0,0,0,0,0,0
11.400000000000048,1020,0,0,0,0,0,0,0,0,0,0
11.450000000000049,1001,0,0,0,0,0,0,0,0,0,0
11.50000000000005,993,0,0,0,0,0,0,0,0,0,0
11.55000000000005,987,0,0,0,0,0,0,0,0,0,0
11.600000000000051,986,0,0,0,0,0,0,0,0,0,0
11.650000000000052,955,0,0,0,0,0,0,0,0,0,0
11.700000000000053,994,0,0,0,0,0,0,0,0,0,0
11.750000000000053,963,0,0,0,0,0,0,0,0,0,0
11.800000000000054,967,0,0,0,0,0,0,0,0,0,0
11.850000000000055,1007,0,0,0,0,0,0,0,0,0,0
11.900000000000055,1019,0,0,0,0,0,0,0,0,0,0
11.950000000000056,988,0,0,0,0,0,0,0,0,0,0
12.000000000000057,945,0,0,0,0,0,0,0,0,0,0
12.050000000000058,953,0,0,0,0,0,0,0,0,0,0
12.100000000000058,988,0,0,0,0,0,0,0,0,0,0
12.150000000000059,1021,0,0,0,0,0,0,0,0,0,0
12.20000000000006,987,0,0,0,0,0,0,0,0,0,0
12.25000000000006,984,0,0,0,0,0,0,0,0,0,0
12.300000000000061,917,0,0,0,0,0,0,0,0,0,0
12.350000000000062,927,0,0,0,0,0,0,0,0,0,0
12.400000000000063,950,0,0,0,0,0,0,0,0,0,0
12.450000000000063,992,0,0,0,0,0,0,0,0,0,0
12.500000000000064,1099,0,0,0,0,0,0,0,0,0,0
12.550000000000065,1014,0,0,0,0,0,0,0,0,0,0
12.600000000000065,970,0,0,0,0,0,0,0,0,0,0
12.650000000000066,951,0,0,0,0,0,0,0,0,0,0
12.700000000000067,970,0,0,0,0,0,0,0,0,0,0
12.750000000000068,929,0,0,0,0,0,0,0,0,0,0
12.800000000000068,1005,0,0,0,0,0,0,0,0,0,0
12.850000000000069,960,0,0,0,0,0,0,0,0,0,0
12.90000000000007,998,0,0,0,0,0,0,0,0,0,0
12.95000000000007,961,0,0,0,0,0,0,0,0,0,0
13.000000000000071,995,0,0,0,0,0,0,0,0,0,0
13.050000000000072,996,0,0,0,0,0,0,0,0,0,0
13.100000000000072,988,0,0,0,0,0,0,0,0,0,0
13.150000000000073,993,0,0,0,0,0,0,0,0,0,0
13.200000000000074,969,0,0,0,0,0,0,0,0,0,0
13.250000000000075,969,0,0,0,0,0,0,0,0,0,0
13.300000000000075,948,0,0,0,0,0,0,0,0,0,0
13.350000000000076,988,0,0,0,0,0,0,0,0,0,0
13.400000000000077,1032,0,0,0,0,0,0,0,0,0,0
13.450000000000077,933,0,0,0,0,0,0,0,0,0,0
13.500000000000078,944,0,0,0,0,0,0,0,0,0,0
13.550000000000079,1007,0,0,0,0,0,0,0,0,0,0
13.60000000000008,960,0,0,0,0,0,0,0,0,0,0
13.65000000000008,995,0,0,0,0,0,0,0,0,0,0
13.700000000000081,1008,0,0,0,0,0,0,0,0,0,0
13.750000000000082,937,0,0,0,0,0,0,0,0,0,0
13.800000000000082,969,0,0,0,0,0,0,0,0,0,0
13.850000000000083,980,0,0,0,0,0,0,0,0,0,0
13.900000000000084,975,0,0,0,0,0,0,0,0,0,0
13.950000000000085,922,0,0,0,0,0,0,0,0,0,0
14.000000000000085,1010,0,0,0,0,0,0,0,0,0,0
14.050000000000086,1015,0,0,0,0,0,0,0,0,0,0
14.100000000000087,1020,0,0,0,0,0,0,0,0,0,0
14.150000000000087,955,0,0,0,0,0,0,0,0,0,0
14.200000000000088,1004,0,0,0,0,0,0,0,0,0,0
14.250000000000089,970,0,0,0,0,0,0,0,0,0,0
14.30000000000009,974,0,0,0,0,0,0,0,0,0,0
14.35000000000009,961,0,0,0,0,0,0,0,0,0,0
14.400000000000091,971,0,0,0,0,0,0,0,0,0,0
14.450000000000092,934,0,0,0,0,0,0,0,0,0,0
14.500000000000092,965,0,0,0,0,0,0,0,0,0,0
14.550000000000093,1039,0,0,0,0,0,0,0,0,0,0
14.600000000000094,973,0,0,0,0,0,0,0,0,0,0
14.650000000000095,1008,0,0,0,0,0,0,0,0,0,0
14.700000000000095,942,0,0,0,0,0,0,0,0,0,0
14.750000000000096,1022,0,0,0,0,0,0,0,0,0,0
14.800000000000097,922,0,0,0,0,0,0,0,0,0,0
14.850000000000097,988,0,0,0,0,0,0,0,0,0,0
14.900000000000098,969,0,0,0,0,0,0,0,0,0,0
14.950000000000099,1000,0,0,0,0,0,0,0,0,0,0
15.0000000000001,993,0,0,0,0,0,0,0,0,0,0
15.0500000000001,994,0,0,0,0,0,0,0,0,0,0
15.100000000000101,961,0,0,0,0,0,0,0,0,0,0
15.150000000000102,1009,0,0,0,0,0,0,0,0,0,0
15.200000000000102,968,0,0,0,0,0,0,0,0,0,0
15.250000000000103,970,0,0,0,0,0,0,0,0,0,0
15.300000000000104,978,0,0,0,0,0,0,0,0,0,0
15.350000000000104,982,0,0,0,0,0,0,0,0,0,0
15.400000000000105,970,0,0,0,0,0,0,0,0,0,0
15.450000000000106,975,0,0,0,0,0,0,0,0,0,0
15.500000000000107,1006,0,0,0,0,0,0,0,0,0,0
15.550000000000107,970,0,0,0,0,0,0,0,0,0,0
15.600000000000108,941,0,0,0,0,0,0,0,0,0,0
15.650000000000109,949,0,0,0,0,0,0,0,0,0,0
15.70000000000011,1054,0,0,0,0,0,0,0,0,0,0
15.75000000000011,936,0,0,0,0,0,0,0,0,0,0
15.80000000000011,960,0,0,0,0,0,0,0,0,0,0
15.850000000000112,1040,0,0,0,0,0,0,0,0,0,0
15.900000000000112,992,0,0,0,0,0,0,0,0,0,0
15.950000000000113,956,0,0,0,0,0,0,0,0,0,0
16.000000000000114,969,0,0,0,0,0,0,0,0,0,0
16.050000000000114,972,0,0,0,0,0,0,0,0,0,0
16.100000000000115,1005,0,0,0,0,0,0,0,0,0,0
16.150000000000116,1024,0,0,0,0,0,0,0,0,0,0
16.200000000000117,956,0,0,0,0,0,0,0,0,0,0
16.250000000000117,950,0,0,0,0,0,0,0,0,0,0
16.300000000000118,937,0,0,0,0,0,0,0,0,0,0
16.35000000000012,808,0,0,0,0,0,0,0,0,0,0
16.40000000000012,618,0,0,0,0,0,0,0,0,0,0
16.45000000000012,573,0,0,0,0,0,0,0,0,0,0
16.50000000000012,448,0,0,0,0,0,0,0,0,0,0
16.55000000000012,304,0,0,0,0,0,0,0,0,0,0
16.600000000000122,165,0,0,0,0,0,0,0,0,0,0
16.650000000000123,64,0,0,0,0,0,0,0,0,0,0
16.700000000000124,0,0,0,0,0,0,0,0,0,0,0
16.750000000000124,0,0,0,0,0,0,0,0,0,0,0
16.800000000000125,0,0,0,0,0,0,0,0,0,0,0
16.850000000000126,0,0,0,0,0,0,0,0,0,0,0
16.900000000000126,0,0,0,0,0,0,0,0,0,0,0
16.950000000000127,0,0,0,0,0,0,0,0,0,0,0
17.000000000000128,0,0,0,0,0,0,0,0,0,0,0
17.05000000000013,0,0,0,0,0,0,0,0,0,0,0
17.10000000000013,0,0,0,0,0,0,0,0,0,0,0
17.15000000000013,0,0,0,0,0,0,0,0,0,0,0
17.20000000000013,0,0,0,0,0,0,0,0,0,0,0
17.25000000000013,0,0,0,0,0,0,0,0,0,0,0
17.300000000000132,0,0,0,0,0,0,0,0,0,0,0
17.350000000000133,0,0,0,0,0,0,0,0,0,0,0
17.400000000000134,0,0,0,0,0,0,0,0,0,0,0
17.450000000000134,0,0,0,0,0,0,0,0,0,0,0
17.500000000000135,0,0,0,0,0,0,0,0,0,0,0
17.550000000000136,0,0,0,0,0,0,0,0,0,0,0
17.600000000000136,0,0,0,0,0,0,0,0,0,0,0
17.650000000000137,0,0,0,0,0,0,0,0,0,0,0
17.700000000000138,0,0,0,0,0,0,0,0,0,0,0
17.75000000000014,0,0,0,0,0,0,0,0,0,0,0
17.80000000000014,0,0,0,0,0,0,0,0,0,0,0
17.85000000000014,0,0,0,0,0,0,0,0,0,0,0
17.90000000000014,0,0,0,0,0,0,0,0,0,0,0
17.95000000000014,0,0,0,0,0,0,0,0,0,0,0
18.000000000000142,0,0,0,0,0,0,0,0,0,0,0
18.050000000000143,0,0,0,0,0,0,0,0,0,0,0
18.100000000000144,0,0,0,0,0,0,0,0,0,0,0
18.150000000000144,0,0,0,0,0,0,0,0,0,0,0
18.200000000000145,0,0,0,0,0,0,0,0,0,0,0
18.250000000000146,0,0,0,0,0,0,0,0,0,0,0
18.300000000000146,0,0,0,0,0,0,0,0,0,0,0
18.350000000000147,0,0,0,0,0,0,0,0,0,0,0
18.400000000000148,0,0,0,0,0,0,0,0,0,0,0
18.45000000000015,0,0,0,0,0,0,0,0,0,0,0
18.50000000000015,0,0,0,0,0,0,0,0,0,0,0
18.55000000000015,0,0,0,0,0,0,0,0,0,0,0
18.60000000000015,0,0,0,0,0,0,0,0,0,0,0
18.65000000000015,0,0,0,0,0,0,0,0,0,0,0
18.700000000000152,0,0,0,0,0,0,0,0,0,0,0
18.750000000000153,0,0,0,0,0,0,0,0,0,0,0
18.800000000000153,0,0,0,0,0,0,0,0,0,0,0
18.850000000000154,0,0,0,0,0,0,0,0,0,0,0
18.900000000000155,0,0,0,0,0,0,0,0,0,0,0
18.950000000000156,0,0,0,0,0,0,0,0,0,0,0
19.000000000000156,0,0,0,0,0,0,0,0,0,0,0
19.050000000000157,0,0,0,0,0,0,0,0,0,0,0
19.100000000000158,0,0,0,0,0,0,0,0,0,0,0
19.15000000000016,0,0,0,0,0,0,0,0,0,0,0
19.20000000000016,0,0,0,0,0,0,0,0,0,0,0
19.25000000000016,0,0,0,0,0,0,0,0,0,0,0
19.30000000000016,0,0,0,0,0,0,0,0,0,0,0
19.35000000000016,0,0,0,0,0,0,0,0,0,0,0
19.400000000000162,0,0,0,0,0,0,0,0,0,0,0
19.450000000000163,0,0,0,0,0,0,0,0,0,0,0
19.500000000000163,0,0,0,0,0,0,0,0,0,0,0
19.550000000000164,0,0,0,0,0,0,0,0,0,0,0
19.600000000000165,0,0,0,0,0,0,0,0,0,0,0
19.650000000000166,0,0,0,0,0,0,0,0,0,0,0
19.700000000000166,0,0,0,0,0,0,0,0,0,0,0
19.750000000000167,0,0,0,0,0,0,0,0,0,0,0
19.800000000000168,0,0,0,0,0,0,0,0,0,0,0
19.85000000000017,0,0,0,0,0,0,0,0,0,0,0
19.90000000000017,0,0,0,0,0,0,0,0,0,0,0
19.95000000000017,0,0,0,0,0,0,0,0,0,0,0
20.00000000000017,0,0,0,0,0,0,0,0,0,0,0
20.05000000000017,0,0,0,0,0,0,0,0,0,0,0
20.100000000000172,0,0,0,0,0,0,0,0,0,0,0
20.150000000000173,0,0,0,0,0,0,0,0,0,0,0
20.200000000000173,0,0,0,0,0,0,0,0,0,0,0
20.250000000000174,0,0,0,0,0,0,0,0,0,0,0
20.300000000000175,0,0,0,0,0,0,0,0,0,0,0
20.350000000000176,0,0,0,0,0,0,0,0,0,0,0
20.400000000000176,0,0,0,0,0,0,0,0,0,0,0
20.450000000000177,0,0,0,0,0,0,0,0,0,0,0
20.500000000000178,0,0,0,0,0,0,0,0,0,0,0
20.55000000000018,0,0,0,0,0,0,0,0,0,0,0
20.60000000000018,0,0,0,0,0,0,0,0,0,0,0
20.65000000000018,0,0,0,0,0,0,0,0,0,0,0
20.70000000000018,0,0,0,0,0,0,0,0,0,0,0
20.75000000000018,0,0,0,0,0,0,0,0,0,0,0
*****
8,0.05,1000,0.6,1,10,100,0.130921998163,0.0853672733114
8,1000,90,149,120,149,0,0,0,0,0,0
8.05,981,101,168,195,168,0,0,0,0,0,0
8.100000000000001,867,64,124,152,124,0,0,0,0,0,0
8.150000000000002,949,46,114,168,114,0,0,0,0,0,0
8.200000000000003,879,56,101,146,101,0,0,0,0,0,0
8.250000000000004,915,95,118,139,118,0,0,0,0,0,0
8.300000000000004,894,120,124,141,124,0,0,0,0,0,0
8.350000000000005,892,92,108,149,108,0,0,0,0,0,0
8.400000000000006,858,60,95,152,95,0,0,0,0,0,0
8.450000000000006,947,32,83,158,83,0,0,0,0,0,0
8.500000000000007,930,24,61,112,61,0,0,0,0,0,0
8.550000000000008,902,22,58,90,58,0,0,0,0,0,0
8.600000000000009,896,28,60,79,60,0,0,0,0,0,0
8.65000000000001,901,38,73,66,73,0,0,0,0,0,0
8.70000000000001,969,39,94,83,94,0,0,0,0,0,0
8.75000000000001,906,23,61,68,61,0,0,0,0,0,0
8.800000000000011,930,20,49,61,49,0,0,0,0,0,0
8.850000000000012,924,13,45,54,45,0,0,0,0,0,0
8.900000000000013,915,5,23,29,23,0,0,0,0,0,0
8.950000000000014,978,10,24,26,24,0,0,0,0,0,0
9.000000000000014,928,9,19,17,19,0,0,0,0,0,0
9.050000000000015,853,4,10,8,10,0,0,0,0,0,0
9.100000000000016,916,5,12,12,12,0,0,0,0,0,0
9.150000000000016,900,3,18,13,18,0,0,0,0,0,0
9.200000000000017,943,4,9,7,9,0,0,0,0,0,0
9.250000000000018,902,0,9,8,9,0,0,0,0,0,0
9.300000000000018,881,1,5,2,5,0,0,0,0,0,0
9.35000000000002,864,0,2,2,2,0,0,0,0,0,0
9.40000000000002,925,0,3,3,3,0,0,0,0,0,0
9.45000000000002,926,0,4,3,4,0,0,0,0,0,0
9.500000000000021,936,0,1,1,1,0,0,0,0,0,0
9.550000000000022,922,1,3,2,3,0,0,0,0,0,0
9.600000000000023,897,1,1,0,1,0,0,0,0,0,0
9.650000000000023,939,0,0,0,0,0,0,0,0,0,0
9.700000000000024,922,1,1,1,1,0,0,0,0,0,0
9.750000000000025,956,0,0,0,0,0,0,0,0,0,0
9.800000000000026,909,0,1,1,1,0,0,0,0,0,0
9.850000000000026,943,0,0,0,0,0,0,0,0,0,0
9.900000000000027,859,0,0,0,0,0,0,0,0,0,0
9.950000000000028,890,0,0,0,0,0,0,0,0,0,0
10.000000000000028,908,0,0,0,0,0,0,0,0,0,0
10.05000000000003,921,0,0,0,0,0,0,0,0,0,0
10.10000000000003,899,0,0,0,0,0,0,0,0,0,0
10.15000000000003,937,0,0,0,0,0,0,0,0,0,0
10.200000000000031,924,0,0,0,0,0,0,0,0,0,0
10.250000000000032,934,0,0,0,0,0,0,0,0,0,0
10.300000000000033,912,0,0,0,0,0,0,0,0,0,0
10.350000000000033,926,0,0,0,0,0,0,0,0,0,0
10.400000000000034,910,0,0,0,0,0,0,0,0,0,0
10.450000000000035,892,0,0,0,0,0,0,0,0,0,0
10.500000000000036,944,0,0,0,0,0,0,0,0,0,0
10.550000000000036,871,0,0,0,0,0,0,0,0,0,0
10.600000000000037,959,0,0,0,0,0,0,0,0,0,0
10.650000000000038,985,0,0,0,0,0,0,0,0,0,0
10.700000000000038,935,0,0,0,0,0,0,0,0,0,0
10.750000000000039,919,0,0,0,0,0,0,0,0,0,0
10.80000000000004,862,0,0,0,0,0,0,0,0,0,0
10.85000000000004,897,0,0,0,0,0,0,0,0,0,0
10.900000000000041,881,0,0,0,0,0,0,0,0,0,0
10.950000000000042,871,0,0,0,0,0,0,0,0,0,0
11.000000000000043,879,0,0,0,0,0,0,0,0,0,0
11.050000000000043,926,0,0,0,0,0,0,0,0,0,0
11.100000000000044,958,0,0,0,0,0,0,0,0,0,0
11.150000000000045,929,0,0,0,0,0,0,0,0,0,0
11.200000000000045,918,0,0,0,0,0,0,0,0,0,0
11.250000000000046,905,0,0,0,0,0,0,0,0,0,0
11.300000000000047,911,0,0,0,0,0,0,0,0,0,0
11.350000000000048,935,0,0,0,0,0,0,0,0,0,0
11.400000000000048,973,0,0,0,0,0,0,0,0,0,0
11.450000000000049,876,0,0,0,0,0,0,0,0,0,0
11.50000000000005,942,0,0,0,0,0,0,0,0,0,0
11.55000000000005,912,0,0,0,0,0,0,0,0,0,0
11.600000000000051,913,0,0,0,0,0,0,0,0,0,0
11.650000000000052,898,0,0,0,0,0,0,0,0,0,0
11.700000000000053,862,0,0,0,0,0,0,0,0,0,0
11.750000000000053,883,0,0,0,0,0,0,0,0,0,0
11.800000000000054,887,0,0,0,0,0,0,0,0,0,0
11.850000000000055,936,0,0,0,0,0,0,0,0,0,0
11.900000000000055,950,0,0,0,0,0,0,0,0,0,0
11.950000000000056,973,0,0,0,0,0,0,0,0,0,0
12.000000000000057,922,0,0,0,0,0,0,0,0,0,0
12.050000000000058,935,0,0,0,0,0,0,0,0,0,0
12.100000000000058,901,0,0,0,0,0,0,0,0,0,0
12.150000000000059,878,0,0,0,0,0,0,0,0,0,0
12.20000000000006,977,0,0,0,0,0,0,0,0,0,0
12.25000000000006,911,0,0,0,0,0,0,0,0,0,0
12.300000000000061,899,0,0,0,0,0,0,0,0,0,0
12.350000000000062,898,0,0,0,0,0,0,0,0,0,0
12.400000000000063,896,0,0,0,0,0,0,0,0,0,0
12.450000000000063,910,0,0,0,0,0,0,0,0,0,0
12.500000000000064,923,0,0,0,0,0,0,0,0,0,0
12.550000000000065,913,0,0,0,0,0,0,0,0,0,0
12.600000000000065,923,0,0,0,0,0,0,0,0,0,0
12.650000000000066,915,0,0,0,0,0,0,0,0,0,0
12.700000000000067,917,0,0,0,0,0,0,0,0,0,0
12.750000000000068,882,0,0,0,0,0,0,0,0,0,0
12.800000000000068,898,0,0,0,0,0,0,0,0,0,0
12.850000000000069,943,0,0,0,0,0,0,0,0,0,0
12.90000000000007,985,0,0,0,0,0,0,0,0,0,0
12.95000000000007,896,0,0,0,0,0,0,0,0,0,0
13.000000000000071,882,0,0,0,0,0,0,0,0,0,0
13.050000000000072,930,0,0,0,0,0,0,0,0,0,0
13.100000000000072,918,0,0,0,0,0,0,0,0,0,0
13.150000000000073,941,0,0,0,0,0,0,0,0,0,0
13.200000000000074,911,0,0,0,0,0,0,0,0,0,0
13.250000000000075,877,0,0,0,0,0,0,0,0,0,0
13.300000000000075,907,0,0,0,0,0,0,0,0,0,0
13.350000000000076,924,0,0,0,0,0,0,0,0,0,0
13.400000000000077,910,0,0,0,0,0,0,0,0,0,0
13.450000000000077,851,0,0,0,0,0,0,0,0,0,0
13.500000000000078,952,0,0,0,0,0,0,0,0,0,0
13.550000000000079,891,0,0,0,0,0,0,0,0,0,0
13.60000000000008,973,0,0,0,0,0,0,0,0,0,0
13.65000000000008,954,0,0,0,0,0,0,0,0,0,0
13.700000000000081,830,0,0,0,0,0,0,0,0,0,0
13.750000000000082,900,0,0,0,0,0,0,0,0,0,0
13.800000000000082,950,0,0,0,0,0,0,0,0,0,0
13.850000000000083,938,0,0,0,0,0,0,0,0,0,0
13.900000000000084,903,0,0,0,0,0,0,0,0,0,0
13.950000000000085,855,0,0,0,0,0,0,0,0,0,0
14.000000000000085,953,0,0,0,0,0,0,0,0,0,0
14.050000000000086,911,0,0,0,0,0,0,0,0,0,0
14.100000000000087,943,0,0,0,0,0,0,0,0,0,0
14.150000000000087,905,0,0,0,0,0,0,0,0,0,0
14.200000000000088,903,0,0,0,0,0,0,0,0,0,0
14.250000000000089,954,0,0,0,0,0,0,0,0,0,0
14.30000000000009,932,0,0,0,0,0,0,0,0,0,0
14.35000000000009,879,0,0,0,0,0,0,0,0,0,0
14.400000000000091,927,0,0,0,0,0,0,0,0,0,0
14.450000000000092,893,0,0,0,0,0,0,0,0,0,0
14.500000000000092,972,0,0,0,0,0,0,0,0,0,0
14.550000000000093,899,0,0,0,0,0,0,0,0,0,0
14.600000000000094,883,0,0,0,0,0,0,0,0,0,0
14.650000000000095,895,0,0,0,0,0,0,0,0,0,0
14.700000000000095,939,0,0,0,0,0,0,0,0,0,0
14.750000000000096,877,0,0,0,0,0,0,0,0,0,0
14.800000000000097,921,0,0,0,0,0,0,0,0,0,0
14.850000000000097,877,0,0,0,0,0,0,0,0,0,0
14.900000000000098,909,0,0,0,0,0,0,0,0,0,0
14.950000000000099,975,0,0,0,0,0,0,0,0,0,0
15.0000000000001,898,0,0,0,0,0,0,0,0,0,0
15.0500000000001,856,0,0,0,0,0,0,0,0,0,0
15.100000000000101,938,0,0,0,0,0,0,0,0,0,0
15.150000000000102,913,0,0,0,0,0,0,0,0,0,0
15.200000000000102,924,0,0,0,0,0,0,0,0,0,0
15.250000000000103,928,0,0,0,0,0,0,0,0,0,0
15.300000000000104,925,0,0,0,0,0,0,0,0,0,0
15.350000000000104,898,0,0,0,0,0,0,0,0,0,0
15.400000000000105,951,0,0,0,0,0,0,0,0,0,0
15.450000000000106,885,0,0,0,0,0,0,0,0,0,0
15.500000000000107,964,0,0,0,0,0,0,0,0,0,0
15.550000000000107,929,0,0,0,0,0,0,0,0,0,0
15.600000000000108,869,0,0,0,0,0,0,0,0,0,0
15.650000000000109,924,0,0,0,0,0,0,0,0,0,0
15.70000000000011,916,0,0,0,0,0,0,0,0,0,0
15.75000000000011,892,0,0,0,0,0,0,0,0,0,0
15.80000000000011,913,0,0,0,0,0,0,0,0,0,0
15.850000000000112,932,0,0,0,0,0,0,0,0,0,0
15.900000000000112,906,0,0,0,0,0,0,0,0,0,0
15.950000000000113,923,0,0,0,0,0,0,0,0,0,0
16.000000000000114,891,0,0,0,0,0,0,0,0,0,0
16.050000000000114,966,0,0,0,0,0,0,0,0,0,0
16.100000000000115,921,0,0,0,0,0,0,0,0,0,0
16.150000000000116,887,0,0,0,0,0,0,0,0,0,0
16.200000000000117,913,0,0,0,0,0,0,0,0,0,0
16.250000000000117,931,0,0,0,0,0,0,0,0,0,0
16.300000000000118,894,0,0,0,0,0,0,0,0,0,0
16.35000000000012,944,0,0,0,0,0,0,0,0,0,0
16.40000000000012,898,0,0,0,0,0,0,0,0,0,0
16.45000000000012,909,0,0,0,0,0,0,0,0,0,0
16.50000000000012,936,0,0,0,0,0,0,0,0,0,0
16.55000000000012,905,0,0,0,0,0,0,0,0,0,0
16.600000000000122,868,0,0,0,0,0,0,0,0,0,0
16.650000000000123,746,0,0,0,0,0,0,0,0,0,0
16.700000000000124,617,0,0,0,0,0,0,0,0,0,0
16.750000000000124,530,0,0,0,0,0,0,0,0,0,0
16.800000000000125,381,0,0,0,0,0,0,0,0,0,0
16.850000000000126,293,0,0,0,0,0,0,0,0,0,0
16.900000000000126,163,0,0,0,0,0,0,0,0,0,0
16.950000000000127,56,0,0,0,0,0,0,0,0,0,0
17.000000000000128,0,0,0,0,0,0,0,0,0,0,0
17.05000000000013,0,0,0,0,0,0,0,0,0,0,0
17.10000000000013,0,0,0,0,0,0,0,0,0,0,0
17.15000000000013,0,0,0,0,0,0,0,0,0,0,0
17.20000000000013,0,0,0,0,0,0,0,0,0,0,0
17.25000000000013,0,0,0,0,0,0,0,0,0,0,0
17.300000000000132,0,0,0,0,0,0,0,0,0,0,0
17.350000000000133,0,0,0,0,0,0,0,0,0,0,0
17.400000000000134,0,0,0,0,0,0,0,0,0,0,0
17.450000000000134,0,0,0,0,0,0,0,0,0,0,0
17.500000000000135,0,0,0,0,0,0,0,0,0,0,0
17.550000000000136,0,0,0,0,0,0,0,0,0,0,0
17.600000000000136,0,0,0,0,0,0,0,0,0,0,0
17.650000000000137,0,0,0,0,0,0,0,0,0,0,0
17.700000000000138,0,0,0,0,0,0,0,0,0,0,0
17.75000000000014,0,0,0,0,0,0,0,0,0,0,0
17.80000000000014,0,0,0,0,0,0,0,0,0,0,0
17.85000000000014,0,0,0,0,0,0,0,0,0,0,0
17.90000000000014,0,0,0,0,0,0,0,0,0,0,0
17.95000000000014,0,0,0,0,0,0,0,0,0,0,0
18.000000000000142,0,0,0,0,0,0,0,0,0,0,0
18.050000000000143,0,0,0,0,0,0,0,0,0,0,0
18.100000000000144,0,0,0,0,0,0,0,0,0,0,0
18.150000000000144,0,0,0,0,0,0,0,0,0,0,0
18.200000000000145,0,0,0,0,0,0,0,0,0,0,0
18.250000000000146,0,0,0,0,0,0,0,0,0,0,0
18.300000000000146,0,0,0,0,0,0,0,0,0,0,0
18.350000000000147,0,0,0,0,0,0,0,0,0,0,0
18.400000000000148,0,0,0,0,0,0,0,0,0,0,0
18.45000000000015,0,0,0,0,0,0,0,0,0,0,0
18.50000000000015,0,0,0,0,0,0,0,0,0,0,0
18.55000000000015,0,0,0,0,0,0,0,0,0,0,0
18.60000000000015,0,0,0,0,0,0,0,0,0,0,0
18.65000000000015,0,0,0,0,0,0,0,0,0,0,0
18.700000000000152,0,0,0,0,0,0,0,0,0,0,0
18.750000000000153,0,0,0,0,0,0,0,0,0,0,0
18.800000000000153,0,0,0,0,0,0,0,0,0,0,0
18.850000000000154,0,0,0,0,0,0,0,0,0,0,0
18.900000000000155,0,0,0,0,0,0,0,0,0,0,0
18.950000000000156,0,0,0,0,0,0,0,0,0,0,0
19.000000000000156,0,0,0,0,0,0,0,0,0,0,0
19.050000000000157,0,0,0,0,0,0,0,0,0,0,0
19.100000000000158,0,0,0,0,0,0,0,0,0,0,0
19.15000000000016,0,0,0,0,0,0,0,0,0,0,0
19.20000000000016,0,0,0,0,0,0,0,0,0,0,0
19.25000000000016,0,0,0,0,0,0,0,0,0,0,0
19.30000000000016,0,0,0,0,0,0,0,0,0,0,0
19.35000000000016,0,0,0,0,0,0,0,0,0,0,0
19.400000000000162,0,0,0,0,0,0,0,0,0,0,0
19.450000000000163,0,0,0,0,0,0,0,0,0,0,0
19.500000000000163,0,0,0,0,0,0,0,0,0,0,0
19.550000000000164,0,0,0,0,0,0,0,0,0,0,0
19.600000000000165,0,0,0,0,0,0,0,0,0,0,0
19.650000000000166,0,0,0,0,0,0,0,0,0,0,0
19.700000000000166,0,0,0,0,0,0,0,0,0,0,0
19.750000000000167,0,0,0,0,0,0,0,0,0,0,0
19.800000000000168,0,0,0,0,0,0,0,0,0,0,0
19.85000000000017,0,0,0,0,0,0,0,0,0,0,0
19.90000000000017,0,0,0,0,0,0,0,0,0,0,0
19.95000000000017,0,0,0,0,0,0,0,0,0,0,0
20.00000000000017,0,0,0,0,0,0,0,0,0,0,0
20.05000000000017,0,0,0,0,0,0,0,0,0,0,0
20.100000000000172,0,0,0,0,0,0,0,0,0,0,0
20.150000000000173,0,0,0,0,0,0,0,0,0,0,0
20.200000000000173,0,0,0,0,0,0,0,0,0,0,0
20.250000000000174,0,0,0,0,0,0,0,0,0,0,0
20.300000000000175,0,0,0,0,0,0,0,0,0,0,0
20.350000000000176,0,0,0,0,0,0,0,0,0,0,0
20.400000000000176,0,0,0,0,0,0,0,0,0,0,0
20.450000000000177,0,0,0,0,0,0,0,0,0,0,0
20.500000000000178,0,0,0,0,0,0,0,0,0,0,0
20.55000000000018,0,0,0,0,0,0,0,0,0,0,0
20.60000000000018,0,0,0,0,0,0,0,0,0,0,0
20.65000000000018,0,0,0,0,0,0,0,0,0,0,0
20.70000000000018,0,0,0,0,0,0,0,0,0,0,0
20.75000000000018,0,0,0,0,0,0,0,0,0,0,0
