*****
8,0.05,500,0,1,10,100,0.261843996326,0.0426836366557
8,500,500,500,485,500,0,0,0,0,0,0
8.05,508,504,506,486,504,0,0,0,0,0,0
8.100000000000001,531,527,527,514,527,0,0,0,0,0,0
8.150000000000002,552,549,550,537,550,0,0,0,0,0,0
8.200000000000003,567,562,562,544,563,0,0,0,0,0,0
8.250000000000004,592,583,587,571,589,0,0,0,0,0,0
8.300000000000004,536,534,533,516,534,0,0,0,0,0,0
8.350000000000005,532,524,526,511,526,0,0,0,0,0,0
8.400000000000006,596,589,590,576,592,0,0,0,0,0,0
8.450000000000006,543,527,533,510,533,0,0,0,0,0,0
8.500000000000007,486,465,470,452,472,0,0,0,0,0,0
8.550000000000008,546,522,522,506,529,0,0,0,0,0,0
8.600000000000009,513,486,486,467,493,0,0,0,0,0,0
8.65000000000001,498,457,462,446,466,0,0,0,0,0,0
8.70000000000001,547,496,499,479,507,0,0,0,0,0,0
8.75000000000001,499,430,439,433,445,0,0,0,0,0,0
8.800000000000011,550,477,477,463,482,0,0,0,0,0,0
8.850000000000012,567,454,465,462,474,0,0,0,0,0,0
8.900000000000013,562,444,447,449,458,0,0,0,0,0,0
8.950000000000014,533,396,399,384,410,0,0,0,0,0,0
9.000000000000014,526,383,391,386,402,0,0,0,0,0,0
9.050000000000015,538,364,373,354,384,0,0,0,0,0,0
9.100000000000016,524,321,335,328,343,0,0,0,0,0,0
9.150000000000016,513,287,291,309,312,0,0,0,0,0,0
9.200000000000017,544,309,319,320,324,0,0,0,0,0,0
9.250000000000018,542,288,287,291,304,0,0,0,0,0,0
9.300000000000018,542,247,252,267,266,0,0,0,0,0,0
9.35000000000002,563,260,266,277,280,0,0,0,0,0,0
9.40000000000002,522,207,214,224,224,0,0,0,0,0,0
9.45000000000002,514,177,186,183,196,0,0,0,0,0,0
9.500000000000021,528,175,187,199,195,0,0,0,0,0,0
9.550000000000022,534,173,178,183,186,0,0,0,0,0,0
9.600000000000023,526,143,146,165,150,0,0,0,0,0,0
9.650000000000023,523,130,134,155,143,0,0,0,0,0,0
9.700000000000024,542,112,106,123,117,0,0,0,0,0,0
9.750000000000025,560,101,111,113,116,0,0,0,0,0,0
9.800000000000026,541,84,79,99,88,0,0,0,0,0,0
9.850000000000026,501,55,58,68,63,0,0,0,0,0,0
9.900000000000027,564,68,69,87,72,0,0,0,0,0,0
9.950000000000028,535,49,46,60,51,0,0,0,0,0,0
10.000000000000028,545,42,46,53,51,0,0,0,0,0,0
10.05000000000003,529,30,38,44,38,0,0,0,0,0,0
10.10000000000003,501,35,34,40,38,0,0,0,0,0,0
10.15000000000003,497,20,25,27,25,0,0,0,0,0,0
10.200000000000031,576,18,19,27,19,0,0,0,0,0,0
10.250000000000032,556,19,21,26,23,0,0,0,0,0,0
10.300000000000033,500,8,8,10,8,0,0,0,0,0,0
10.350000000000033,513,13,12,18,13,0,0,0,0,0,0
10.400000000000034,511,9,9,13,9,0,0,0,0,0,0
10.450000000000035,524,9,10,10,10,0,0,0,0,0,0
10.500000000000036,545,9,9,12,9,0,0,0,0,0,0
10.550000000000036,582,6,5,8,6,0,0,0,0,0,0
10.600000000000037,544,3,5,7,7,0,0,0,0,0,0
10.650000000000038,528,3,2,4,3,0,0,0,0,0,0
10.700000000000038,523,6,7,6,7,0,0,0,0,0,0
10.750000000000039,515,0,0,1,0,0,0,0,0,0,0
10.80000000000004,535,1,2,2,2,0,0,0,0,0,0
10.85000000000004,546,1,1,2,2,0,0,0,0,0,0
10.900000000000041,492,0,0,1,0,0,0,0,0,0,0
10.950000000000042,514,1,1,1,1,0,0,0,0,0,0
11.000000000000043,579,2,2,2,2,0,0,0,0,0,0
11.050000000000043,555,1,1,2,1,0,0,0,0,0,0
11.100000000000044,561,1,1,1,1,0,0,0,0,0,0
11.150000000000045,545,0,0,0,0,0,0,0,0,0,0
11.200000000000045,509,0,0,0,0,0,0,0,0,0,0
11.250000000000046,489,0,0,0,0,0,0,0,0,0,0
11.300000000000047,529,0,0,0,0,0,0,0,0,0,0
11.350000000000048,537,0,0,0,0,0,0,0,0,0,0
11.400000000000048,535,0,0,0,0,0,0,0,0,0,0
11.450000000000049,522,0,0,0,0,0,0,0,0,0,0
11.50000000000005,573,0,0,0,0,0,0,0,0,0,0
11.55000000000005,537,0,0,0,0,0,0,0,0,0,0
11.600000000000051,546,0,0,0,0,0,0,0,0,0,0
11.650000000000052,543,0,0,0,0,0,0,0,0,0,0
11.700000000000053,515,0,0,0,0,0,0,0,0,0,0
11.750000000000053,532,0,0,0,0,0,0,0,0,0,0
11.800000000000054,553,0,0,0,0,0,0,0,0,0,0
11.850000000000055,507,0,0,0,0,0,0,0,0,0,0
11.900000000000055,519,0,0,0,0,0,0,0,0,0,0
11.950000000000056,567,0,0,0,0,0,0,0,0,0,0
12.000000000000057,553,0,0,0,0,0,0,0,0,0,0
12.050000000000058,519,0,0,0,0,0,0,0,0,0,0
12.100000000000058,540,0,0,0,0,0,0,0,0,0,0
12.150000000000059,530,0,0,0,0,0,0,0,0,0,0
12.20000000000006,537,0,0,0,0,0,0,0,0,0,0
12.25000000000006,539,0,0,0,0,0,0,0,0,0,0
12.300000000000061,505,0,0,0,0,0,0,0,0,0,0
12.350000000000062,528,0,0,0,0,0,0,0,0,0,0
12.400000000000063,526,0,0,0,0,0,0,0,0,0,0
12.450000000000063,528,0,0,0,0,0,0,0,0,0,0
12.500000000000064,522,0,0,0,0,0,0,0,0,0,0
12.550000000000065,517,0,0,0,0,0,0,0,0,0,0
12.600000000000065,507,0,0,0,0,0,0,0,0,0,0
12.650000000000066,527,0,0,0,0,0,0,0,0,0,0
12.700000000000067,547,0,0,0,0,0,0,0,0,0,0
12.750000000000068,489,0,0,0,0,0,0,0,0,0,0
12.800000000000068,534,0,0,0,0,0,0,0,0,0,0
12.850000000000069,537,0,0,0,0,0,0,0,0,0,0
12.90000000000007,545,0,0,0,0,0,0,0,0,0,0
12.95000000000007,541,0,0,0,0,0,0,0,0,0,0
13.000000000000071,527,0,0,0,0,0,0,0,0,0,0
13.050000000000072,538,0,0,0,0,0,0,0,0,0,0
13.100000000000072,545,0,0,0,0,0,0,0,0,0,0
13.150000000000073,528,0,0,0,0,0,0,0,0,0,0
13.200000000000074,561,0,0,0,0,0,0,0,0,0,0
13.250000000000075,523,0,0,0,0,0,0,0,0,0,0
13.300000000000075,530,0,0,0,0,0,0,0,0,0,0
13.350000000000076,559,0,0,0,0,0,0,0,0,0,0
13.400000000000077,550,0,0,0,0,0,0,0,0,0,0
13.450000000000077,492,0,0,0,0,0,0,0,0,0,0
13.500000000000078,536,0,0,0,0,0,0,0,0,0,0
13.550000000000079,547,0,0,0,0,0,0,0,0,0,0
13.60000000000008,538,0,0,0,0,0,0,0,0,0,0
13.65000000000008,534,0,0,0,0,0,0,0,0,0,0
13.700000000000081,523,0,0,0,0,0,0,0,0,0,0
13.750000000000082,529,0,0,0,0,0,0,0,0,0,0
13.800000000000082,566,0,0,0,0,0,0,0,0,0,0
13.850000000000083,529,0,0,0,0,0,0,0,0,0,0
13.900000000000084,502,0,0,0,0,0,0,0,0,0,0
13.950000000000085,514,0,0,0,0,0,0,0,0,0,0
14.000000000000085,478,0,0,0,0,0,0,0,0,0,0
14.050000000000086,536,0,0,0,0,0,0,0,0,0,0
14.100000000000087,522,0,0,0,0,0,0,0,0,0,0
14.150000000000087,552,0,0,0,0,0,0,0,0,0,0
14.200000000000088,529,0,0,0,0,0,0,0,0,0,0
14.250000000000089,546,0,0,0,0,0,0,0,0,0,0
14.30000000000009,549,0,0,0,0,0,0,0,0,0,0
14.35000000000009,530,0,0,0,0,0,0,0,0,0,0
14.400000000000091,508,0,0,0,0,0,0,0,0,0,0
14.450000000000092,515,0,0,0,0,0,0,0,0,0,0
14.500000000000092,511,0,0,0,0,0,0,0,0,0,0
14.550000000000093,522,0,0,0,0,0,0,0,0,0,0
14.600000000000094,524,0,0,0,0,0,0,0,0,0,0
14.650000000000095,538,0,0,0,0,0,0,0,0,0,0
14.700000000000095,540,0,0,0,0,0,0,0,0,0,0
14.750000000000096,529,0,0,0,0,0,0,0,0,0,0
14.800000000000097,523,0,0,0,0,0,0,0,0,0,0
14.850000000000097,523,0,0,0,0,0,0,0,0,0,0
14.900000000000098,550,0,0,0,0,0,0,0,0,0,0
14.950000000000099,544,0,0,0,0,0,0,0,0,0,0
15.0000000000001,560,0,0,0,0,0,0,0,0,0,0
15.0500000000001,552,0,0,0,0,0,0,0,0,0,0
15.100000000000101,514,0,0,0,0,0,0,0,0,0,0
15.150000000000102,510,0,0,0,0,0,0,0,0,0,0
15.200000000000102,535,0,0,0,0,0,0,0,0,0,0
15.250000000000103,557,0,0,0,0,0,0,0,0,0,0
15.300000000000104,523,0,0,0,0,0,0,0,0,0,0
15.350000000000104,564,0,0,0,0,0,0,0,0,0,0
15.400000000000105,516,0,0,0,0,0,0,0,0,0,0
15.450000000000106,498,0,0,0,0,0,0,0,0,0,0
15.500000000000107,531,0,0,0,0,0,0,0,0,0,0
15.550000000000107,534,0,0,0,0,0,0,0,0,0,0
15.600000000000108,510,0,0,0,0,0,0,0,0,0,0
15.650000000000109,527,0,0,0,0,0,0,0,0,0,0
15.70000000000011,554,0,0,0,0,0,0,0,0,0,0
15.75000000000011,547,0,0,0,0,0,0,0,0,0,0
15.80000000000011,531,0,0,0,0,0,0,0,0,0,0
15.850000000000112,600,0,0,0,0,0,0,0,0,0,0
15.900000000000112,527,0,0,0,0,0,0,0,0,0,0
15.950000000000113,575,0,0,0,0,0,0,0,0,0,0
16.000000000000114,540,0,0,0,0,0,0,0,0,0,0
16.050000000000114,462,0,0,0,0,0,0,0,0,0,0
16.100000000000115,433,0,0,0,0,0,0,0,0,0,0
16.150000000000116,437,0,0,0,0,0,0,0,0,0,0
16.200000000000117,406,0,0,0,0,0,0,0,0,0,0
16.250000000000117,404,0,0,0,0,0,0,0,0,0,0
16.300000000000118,351,0,0,0,0,0,0,0,0,0,0
16.35000000000012,311,0,0,0,0,0,0,0,0,0,0
16.40000000000012,319,0,0,0,0,0,0,0,0,0,0
16.45000000000012,297,0,0,0,0,0,0,0,0,0,0
16.50000000000012,264,0,0,0,0,0,0,0,0,0,0
16.55000000000012,231,0,0,0,0,0,0,0,0,0,0
16.600000000000122,184,0,0,0,0,0,0,0,0,0,0
16.650000000000123,163,0,0,0,0,0,0,0,0,0,0
16.700000000000124,152,0,0,0,0,0,0,0,0,0,0
16.750000000000124,129,0,0,0,0,0,0,0,0,0,0
16.800000000000125,105,0,0,0,0,0,0,0,0,0,0
16.850000000000126,82,0,0,0,0,0,0,0,0,0,0
16.900000000000126,51,0,0,0,0,0,0,0,0,0,0
16.950000000000127,11,0,0,0,0,0,0,0,0,0,0
17.000000000000128,0,0,0,0,0,0,0,0,0,0,0
17.05000000000013,0,0,0,0,0,0,0,0,0,0,0
17.10000000000013,0,0,0,0,0,0,0,0,0,0,0
17.15000000000013,0,0,0,0,0,0,0,0,0,0,0
17.20000000000013,0,0,0,0,0,0,0,0,0,0,0
17.25000000000013,0,0,0,0,0,0,0,0,0,0,0
17.300000000000132,0,0,0,0,0,0,0,0,0,0,0
17.350000000000133,0,0,0,0,0,0,0,0,0,0,0
17.400000000000134,0,0,0,0,0,0,0,0,0,0,0
17.450000000000134,0,0,0,0,0,0,0,0,0,0,0
17.500000000000135,0,0,0,0,0,0,0,0,0,0,0
17.550000000000136,0,0,0,0,0,0,0,0,0,0,0
17.600000000000136,0,0,0,0,0,0,0,0,0,0,0
17.650000000000137,0,0,0,0,0,0,0,0,0,0,0
17.700000000000138,0,0,0,0,0,0,0,0,0,0,0
17.75000000000014,0,0,0,0,0,0,0,0,0,0,0
17.80000000000014,0,0,0,0,0,0,0,0,0,0,0
17.85000000000014,0,0,0,0,0,0,0,0,0,0,0
17.90000000000014,0,0,0,0,0,0,0,0,0,0,0
17.95000000000014,0,0,0,0,0,0,0,0,0,0,0
18.000000000000142,0,0,0,0,0,0,0,0,0,0,0
18.050000000000143,0,0,0,0,0,0,0,0,0,0,0
18.100000000000144,0,0,0,0,0,0,0,0,0,0,0
18.150000000000144,0,0,0,0,0,0,0,0,0,0,0
18.200000000000145,0,0,0,0,0,0,0,0,0,0,0
18.250000000000146,0,0,0,0,0,0,0,0,0,0,0
18.300000000000146,0,0,0,0,0,0,0,0,0,0,0
18.350000000000147,0,0,0,0,0,0,0,0,0,0,0
18.400000000000148,0,0,0,0,0,0,0,0,0,0,0
18.45000000000015,0,0,0,0,0,0,0,0,0,0,0
18.50000000000015,0,0,0,0,0,0,0,0,0,0,0
18.55000000000015,0,0,0,0,0,0,0,0,0,0,0
18.60000000000015,0,0,0,0,0,0,0,0,0,0,0
18.65000000000015,0,0,0,0,0,0,0,0,0,0,0
18.700000000000152,0,0,0,0,0,0,0,0,0,0,0
18.750000000000153,0,0,0,0,0,0,0,0,0,0,0
18.800000000000153,0,0,0,0,0,0,0,0,0,0,0
18.850000000000154,0,0,0,0,0,0,0,0,0,0,0
18.900000000000155,0,0,0,0,0,0,0,0,0,0,0
18.950000000000156,0,0,0,0,0,0,0,0,0,0,0
19.000000000000156,0,0,0,0,0,0,0,0,0,0,0
19.050000000000157,0,0,0,0,0,0,0,0,0,0,0
19.100000000000158,0,0,0,0,0,0,0,0,0,0,0
19.15000000000016,0,0,0,0,0,0,0,0,0,0,0
19.20000000000016,0,0,0,0,0,0,0,0,0,0,0
19.25000000000016,0,0,0,0,0,0,0,0,0,0,0
19.30000000000016,0,0,0,0,0,0,0,0,0,0,0
19.35000000000016,0,0,0,0,0,0,0,0,0,0,0
19.400000000000162,0,0,0,0,0,0,0,0,0,0,0
19.450000000000163,0,0,0,0,0,0,0,0,0,0,0
19.500000000000163,0,0,0,0,0,0,0,0,0,0,0
19.550000000000164,0,0,0,0,0,0,0,0,0,0,0
19.600000000000165,0,0,0,0,0,0,0,0,0,0,0
19.650000000000166,0,0,0,0,0,0,0,0,0,0,0
19.700000000000166,0,0,0,0,0,0,0,0,0,0,0
19.750000000000167,0,0,0,0,0,0,0,0,0,0,0
19.800000000000168,0,0,0,0,0,0,0,0,0,0,0
19.85000000000017,0,0,0,0,0,0,0,0,0,0,0
19.90000000000017,0,0,0,0,0,0,0,0,0,0,0
19.95000000000017,0,0,0,0,0,0,0,0,0,0,0
20.00000000000017,0,0,0,0,0,0,0,0,0,0,0
20.05000000000017,0,0,0,0,0,0,0,0,0,0,0
20.100000000000172,0,0,0,0,0,0,0,0,0,0,0
20.150000000000173,0,0,0,0,0,0,0,0,0,0,0
20.200000000000173,0,0,0,0,0,0,0,0,0,0,0
20.250000000000174,0,0,0,0,0,0,0,0,0,0,0
20.300000000000175,0,0,0,0,0,0,0,0,0,0,0
20.350000000000176,0,0,0,0,0,0,0,0,0,0,0
20.400000000000176,0,0,0,0,0,0,0,0,0,0,0
20.450000000000177,0,0,0,0,0,0,0,0,0,0,0
20.500000000000178,0,0,0,0,0,0,0,0,0,0,0
20.55000000000018,0,0,0,0,0,0,0,0,0,0,0
20.60000000000018,0,0,0,0,0,0,0,0,0,0,0
20.65000000000018,0,0,0,0,0,0,0,0,0,0,0
20.70000000000018,0,0,0,0,0,0,0,0,0,0,0
20.75000000000018,0,0,0,0,0,0,0,0,0,0,0
*****
8,0.05,500,0,0.4,10,100,0.261843996326,0.0426836366557
8,500,500,500,500,500,0,0,0,0,0,0
8.05,512,512,512,512,512,0,0,0,0,0,0
8.100000000000001,509,509,509,509,509,0,0,0,0,0,0
8.150000000000002,504,504,504,504,504,0,0,0,0,0,0
8.200000000000003,483,483,483,483,483,0,0,0,0,0,0
8.250000000000004,488,488,488,488,488,0,0,0,0,0,0
8.300000000000004,528,528,528,528,528,0,0,0,0,0,0
8.350000000000005,500,500,500,500,500,0,0,0,0,0,0
8.400000000000006,474,474,474,474,474,0,0,0,0,0,0
8.450000000000006,477,477,477,477,477,0,0,0,0,0,0
8.500000000000007,498,498,498,498,498,0,0,0,0,0,0
8.550000000000008,479,479,479,479,479,0,0,0,0,0,0
8.600000000000009,501,501,501,500,501,0,0,0,0,0,0
8.65000000000001,507,507,507,507,507,0,0,0,0,0,0
8.70000000000001,467,467,467,467,467,0,0,0,0,0,0
8.75000000000001,498,498,498,498,498,0,0,0,0,0,0
8.800000000000011,507,507,507,507,507,0,0,0,0,0,0
8.850000000000012,518,518,518,518,518,0,0,0,0,0,0
8.900000000000013,521,521,521,520,521,0,0,0,0,0,0
8.950000000000014,489,489,489,489,489,0,0,0,0,0,0
9.000000000000014,518,518,516,518,518,0,0,0,0,0,0
9.050000000000015,484,484,483,484,484,0,0,0,0,0,0
9.100000000000016,506,506,505,505,506,0,0,0,0,0,0
9.150000000000016,488,488,485,486,488,0,0,0,0,0,0
9.200000000000017,499,499,496,499,499,0,0,0,0,0,0
9.250000000000018,475,475,473,474,475,0,0,0,0,0,0
9.300000000000018,479,479,475,475,479,0,0,0,0,0,0
9.35000000000002,529,529,519,527,529,0,0,0,0,0,0
9.40000000000002,527,527,523,526,527,0,0,0,0,0,0
9.45000000000002,449,449,438,448,449,0,0,0,0,0,0
9.500000000000021,536,536,527,533,536,0,0,0,0,0,0
9.550000000000022,518,517,504,517,518,0,0,0,0,0,0
9.600000000000023,454,451,428,447,451,0,0,0,0,0,0
9.650000000000023,481,476,461,477,477,0,0,0,0,0,0
9.700000000000024,536,533,502,535,533,0,0,0,0,0,0
9.750000000000025,505,497,462,499,501,0,0,0,0,0,0
9.800000000000026,496,487,451,493,489,0,0,0,0,0,0
9.850000000000026,506,485,430,499,488,0,0,0,0,0,0
9.900000000000027,500,474,400,483,480,0,0,0,0,0,0
9.950000000000028,460,437,374,446,441,0,0,0,0,0,0
10.000000000000028,557,510,413,526,516,0,0,0,0,0,0
10.05000000000003,526,470,394,488,476,0,0,0,0,0,0
10.10000000000003,495,414,333,451,429,0,0,0,0,0,0
10.15000000000003,463,364,281,398,375,0,0,0,0,0,0
10.200000000000031,513,395,291,434,408,0,0,0,0,0,0
10.250000000000032,524,377,264,423,383,0,0,0,0,0,0
10.300000000000033,490,348,243,395,359,0,0,0,0,0,0
10.350000000000033,514,288,199,340,295,0,0,0,0,0,0
10.400000000000034,492,259,181,317,270,0,0,0,0,0,0
10.450000000000035,480,203,132,275,216,0,0,0,0,0,0
10.500000000000036,517,206,133,259,214,0,0,0,0,0,0
10.550000000000036,499,163,109,212,168,0,0,0,0,0,0
10.600000000000037,493,138,79,182,143,0,0,0,0,0,0
10.650000000000038,512,129,66,152,133,0,0,0,0,0,0
10.700000000000038,462,86,49,113,92,0,0,0,0,0,0
10.750000000000039,515,79,40,111,84,0,0,0,0,0,0
10.80000000000004,515,62,31,78,64,0,0,0,0,0,0
10.85000000000004,490,48,26,62,50,0,0,0,0,0,0
10.900000000000041,502,29,12,41,33,0,0,0,0,0,0
10.950000000000042,484,25,13,36,28,0,0,0,0,0,0
11.000000000000043,468,20,6,24,22,0,0,0,0,0,0
11.050000000000043,506,14,6,24,15,0,0,0,0,0,0
11.100000000000044,546,8,3,14,8,0,0,0,0,0,0
11.150000000000045,512,8,4,8,8,0,0,0,0,0,0
11.200000000000045,503,3,0,5,3,0,0,0,0,0,0
11.250000000000046,457,3,2,2,3,0,0,0,0,0,0
11.300000000000047,494,0,0,0,0,0,0,0,0,0,0
11.350000000000048,531,2,0,3,2,0,0,0,0,0,0
11.400000000000048,517,2,2,2,2,0,0,0,0,0,0
11.450000000000049,520,0,0,0,0,0,0,0,0,0,0
11.50000000000005,505,0,0,0,0,0,0,0,0,0,0
11.55000000000005,514,1,1,1,1,0,0,0,0,0,0
11.600000000000051,476,0,0,0,0,0,0,0,0,0,0
11.650000000000052,501,0,0,0,0,0,0,0,0,0,0
11.700000000000053,479,0,0,0,0,0,0,0,0,0,0
11.750000000000053,518,0,0,0,0,0,0,0,0,0,0
11.800000000000054,505,0,0,0,0,0,0,0,0,0,0
11.850000000000055,484,0,0,0,0,0,0,0,0,0,0
11.900000000000055,521,0,0,0,0,0,0,0,0,0,0
11.950000000000056,503,0,0,0,0,0,0,0,0,0,0
12.000000000000057,468,0,0,0,0,0,0,0,0,0,0
12.050000000000058,536,0,0,0,0,0,0,0,0,0,0
12.100000000000058,456,0,0,0,0,0,0,0,0,0,0
12.150000000000059,519,0,0,0,0,0,0,0,0,0,0
12.20000000000006,492,0,0,0,0,0,0,0,0,0,0
12.25000000000006,502,0,0,0,0,0,0,0,0,0,0
12.300000000000061,511,0,0,0,0,0,0,0,0,0,0
12.350000000000062,498,0,0,0,0,0,0,0,0,0,0
12.400000000000063,507,0,0,0,0,0,0,0,0,0,0
12.450000000000063,479,0,0,0,0,0,0,0,0,0,0
12.500000000000064,502,0,0,0,0,0,0,0,0,0,0
12.550000000000065,515,0,0,0,0,0,0,0,0,0,0
12.600000000000065,519,0,0,0,0,0,0,0,0,0,0
12.650000000000066,472,0,0,0,0,0,0,0,0,0,0
12.700000000000067,494,0,0,0,0,0,0,0,0,0,0
12.750000000000068,484,0,0,0,0,0,0,0,0,0,0
12.800000000000068,519,0,0,0,0,0,0,0,0,0,0
12.850000000000069,525,0,0,0,0,0,0,0,0,0,0
12.90000000000007,520,0,0,0,0,0,0,0,0,0,0
12.95000000000007,509,0,0,0,0,0,0,0,0,0,0
13.000000000000071,484,0,0,0,0,0,0,0,0,0,0
13.050000000000072,521,0,0,0,0,0,0,0,0,0,0
13.100000000000072,516,0,0,0,0,0,0,0,0,0,0
13.150000000000073,532,0,0,0,0,0,0,0,0,0,0
13.200000000000074,491,0,0,0,0,0,0,0,0,0,0
13.250000000000075,479,0,0,0,0,0,0,0,0,0,0
13.300000000000075,485,0,0,0,0,0,0,0,0,0,0
13.350000000000076,506,0,0,0,0,0,0,0,0,0,0
13.400000000000077,527,0,0,0,0,0,0,0,0,0,0
13.450000000000077,498,0,0,0,0,0,0,0,0,0,0
13.500000000000078,504,0,0,0,0,0,0,0,0,0,0
13.550000000000079,489,0,0,0,0,0,0,0,0,0,0
13.60000000000008,530,0,0,0,0,0,0,0,0,0,0
13.65000000000008,487,0,0,0,0,0,0,0,0,0,0
13.700000000000081,503,0,0,0,0,0,0,0,0,0,0
13.750000000000082,492,0,0,0,0,0,0,0,0,0,0
13.800000000000082,500,0,0,0,0,0,0,0,0,0,0
13.850000000000083,489,0,0,0,0,0,0,0,0,0,0
13.900000000000084,508,0,0,0,0,0,0,0,0,0,0
13.950000000000085,522,0,0,0,0,0,0,0,0,0,0
14.000000000000085,481,0,0,0,0,0,0,0,0,0,0
14.050000000000086,514,0,0,0,0,0,0,0,0,0,0
14.100000000000087,513,0,0,0,0,0,0,0,0,0,0
14.150000000000087,501,0,0,0,0,0,0,0,0,0,0
14.200000000000088,507,0,0,0,0,0,0,0,0,0,0
14.250000000000089,505,0,0,0,0,0,0,0,0,0,0
14.30000000000009,505,0,0,0,0,0,0,0,0,0,0
14.35000000000009,513,0,0,0,0,0,0,0,0,0,0
14.400000000000091,484,0,0,0,0,0,0,0,0,0,0
14.450000000000092,507,0,0,0,0,0,0,0,0,0,0
14.500000000000092,483,0,0,0,0,0,0,0,0,0,0
14.550000000000093,517,0,0,0,0,0,0,0,0,0,0
14.600000000000094,478,0,0,0,0,0,0,0,0,0,0
14.650000000000095,489,0,0,0,0,0,0,0,0,0,0
14.700000000000095,508,0,0,0,0,0,0,0,0,0,0
14.750000000000096,488,0,0,0,0,0,0,0,0,0,0
14.800000000000097,494,0,0,0,0,0,0,0,0,0,0
14.850000000000097,496,0,0,0,0,0,0,0,0,0,0
14.900000000000098,463,0,0,0,0,0,0,0,0,0,0
14.950000000000099,535,0,0,0,0,0,0,0,0,0,0
15.0000000000001,512,0,0,0,0,0,0,0,0,0,0
15.0500000000001,522,0,0,0,0,0,0,0,0,0,0
15.100000000000101,495,0,0,0,0,0,0,0,0,0,0
15.150000000000102,518,0,0,0,0,0,0,0,0,0,0
15.200000000000102,498,0,0,0,0,0,0,0,0,0,0
15.250000000000103,492,0,0,0,0,0,0,0,0,0,0
15.300000000000104,488,0,0,0,0,0,0,0,0,0,0
15.350000000000104,506,0,0,0,0,0,0,0,0,0,0
15.400000000000105,501,0,0,0,0,0,0,0,0,0,0
15.450000000000106,512,0,0,0,0,0,0,0,0,0,0
15.500000000000107,444,0,0,0,0,0,0,0,0,0,0
15.550000000000107,464,0,0,0,0,0,0,0,0,0,0
15.600000000000108,517,0,0,0,0,0,0,0,0,0,0
15.650000000000109,477,0,0,0,0,0,0,0,0,0,0
15.70000000000011,509,0,0,0,0,0,0,0,0,0,0
15.75000000000011,462,0,0,0,0,0,0,0,0,0,0
15.80000000000011,504,0,0,0,0,0,0,0,0,0,0
15.850000000000112,536,0,0,0,0,0,0,0,0,0,0
15.900000000000112,492,0,0,0,0,0,0,0,0,0,0
15.950000000000113,489,0,0,0,0,0,0,0,0,0,0
16.000000000000114,489,0,0,0,0,0,0,0,0,0,0
16.050000000000114,391,0,0,0,0,0,0,0,0,0,0
16.100000000000115,319,0,0,0,0,0,0,0,0,0,0
16.150000000000116,295,0,0,0,0,0,0,0,0,0,0
16.200000000000117,219,0,0,0,0,0,0,0,0,0,0
16.250000000000117,161,0,0,0,0,0,0,0,0,0,0
16.300000000000118,94,0,0,0,0,0,0,0,0,0,0
16.35000000000012,31,0,0,0,0,0,0,0,0,0,0
16.40000000000012,0,0,0,0,0,0,0,0,0,0,0
16.45000000000012,0,0,0,0,0,0,0,0,0,0,0
16.50000000000012,0,0,0,0,0,0,0,0,0,0,0
16.55000000000012,0,0,0,0,0,0,0,0,0,0,0
16.600000000000122,0,0,0,0,0,0,0,0,0,0,0
16.650000000000123,0,0,0,0,0,0,0,0,0,0,0
16.700000000000124,0,0,0,0,0,0,0,0,0,0,0
16.750000000000124,0,0,0,0,0,0,0,0,0,0,0
16.800000000000125,0,0,0,0,0,0,0,0,0,0,0
16.850000000000126,0,0,0,0,0,0,0,0,0,0,0
16.900000000000126,0,0,0,0,0,0,0,0,0,0,0
16.950000000000127,0,0,0,0,0,0,0,0,0,0,0
17.000000000000128,0,0,0,0,0,0,0,0,0,0,0
17.05000000000013,0,0,0,0,0,0,0,0,0,0,0
17.10000000000013,0,0,0,0,0,0,0,0,0,0,0
17.15000000000013,0,0,0,0,0,0,0,0,0,0,0
17.20000000000013,0,0,0,0,0,0,0,0,0,0,0
17.25000000000013,0,0,0,0,0,0,0,0,0,0,0
17.300000000000132,0,0,0,0,0,0,0,0,0,0,0
17.350000000000133,0,0,0,0,0,0,0,0,0,0,0
17.400000000000134,0,0,0,0,0,0,0,0,0,0,0
17.450000000000134,0,0,0,0,0,0,0,0,0,0,0
17.500000000000135,0,0,0,0,0,0,0,0,0,0,0
17.550000000000136,0,0,0,0,0,0,0,0,0,0,0
17.600000000000136,0,0,0,0,0,0,0,0,0,0,0
17.650000000000137,0,0,0,0,0,0,0,0,0,0,0
17.700000000000138,0,0,0,0,0,0,0,0,0,0,0
17.75000000000014,0,0,0,0,0,0,0,0,0,0,0
17.80000000000014,0,0,0,0,0,0,0,0,0,0,0
17.85000000000014,0,0,0,0,0,0,0,0,0,0,0
17.90000000000014,0,0,0,0,0,0,0,0,0,0,0
17.95000000000014,0,0,0,0,0,0,0,0,0,0,0
18.000000000000142,0,0,0,0,0,0,0,0,0,0,0
18.050000000000143,0,0,0,0,0,0,0,0,0,0,0
18.100000000000144,0,0,0,0,0,0,0,0,0,0,0
18.150000000000144,0,0,0,0,0,0,0,0,0,0,0
18.200000000000145,0,0,0,0,0,0,0,0,0,0,0
18.250000000000146,0,0,0,0,0,0,0,0,0,0,0
18.300000000000146,0,0,0,0,0,0,0,0,0,0,0
18.350000000000147,0,0,0,0,0,0,0,0,0,0,0
18.400000000000148,0,0,0,0,0,0,0,0,0,0,0
18.45000000000015,0,0,0,0,0,0,0,0,0,0,0
18.50000000000015,0,0,0,0,0,0,0,0,0,0,0
18.55000000000015,0,0,0,0,0,0,0,0,0,0,0
18.60000000000015,0,0,0,0,0,0,0,0,0,0,0
18.65000000000015,0,0,0,0,0,0,0,0,0,0,0
18.700000000000152,0,0,0,0,0,0,0,0,0,0,0
18.750000000000153,0,0,0,0,0,0,0,0,0,0,0
18.800000000000153,0,0,0,0,0,0,0,0,0,0,0
18.850000000000154,0,0,0,0,0,0,0,0,0,0,0
18.900000000000155,0,0,0,0,0,0,0,0,0,0,0
18.950000000000156,0,0,0,0,0,0,0,0,0,0,0
19.000000000000156,0,0,0,0,0,0,0,0,0,0,0
19.050000000000157,0,0,0,0,0,0,0,0,0,0,0
19.100000000000158,0,0,0,0,0,0,0,0,0,0,0
19.15000000000016,0,0,0,0,0,0,0,0,0,0,0
19.20000000000016,0,0,0,0,0,0,0,0,0,0,0
19.25000000000016,0,0,0,0,0,0,0,0,0,0,0
19.30000000000016,0,0,0,0,0,0,0,0,0,0,0
19.35000000000016,0,0,0,0,0,0,0,0,0,0,0
19.400000000000162,0,0,0,0,0,0,0,0,0,0,0
19.450000000000163,0,0,0,0,0,0,0,0,0,0,0
19.500000000000163,0,0,0,0,0,0,0,0,0,0,0
19.550000000000164,0,0,0,0,0,0,0,0,0,0,0
19.600000000000165,0,0,0,0,0,0,0,0,0,0,0
19.650000000000166,0,0,0,0,0,0,0,0,0,0,0
19.700000000000166,0,0,0,0,0,0,0,0,0,0,0
19.750000000000167,0,0,0,0,0,0,0,0,0,0,0
19.800000000000168,0,0,0,0,0,0,0,0,0,0,0
19.85000000000017,0,0,0,0,0,0,0,0,0,0,0
19.90000000000017,0,0,0,0,0,0,0,0,0,0,0
19.95000000000017,0,0,0,0,0,0,0,0,0,0,0
20.00000000000017,0,0,0,0,0,0,0,0,0,0,0
20.05000000000017,0,0,0,0,0,0,0,0,0,0,0
20.100000000000172,0,0,0,0,0,0,0,0,0,0,0
20.150000000000173,0,0,0,0,0,0,0,0,0,0,0
20.200000000000173,0,0,0,0,0,0,0,0,0,0,0
20.250000000000174,0,0,0,0,0,0,0,0,0,0,0
20.300000000000175,0,0,0,0,0,0,0,0,0,0,0
20.350000000000176,0,0,0,0,0,0,0,0,0,0,0
20.400000000000176,0,0,0,0,0,0,0,0,0,0,0
20.450000000000177,0,0,0,0,0,0,0,0,0,0,0
20.500000000000178,0,0,0,0,0,0,0,0,0,0,0
20.55000000000018,0,0,0,0,0,0,0,0,0,0,0
20.60000000000018,0,0,0,0,0,0,0,0,0,0,0
20.65000000000018,0,0,0,0,0,0,0,0,0,0,0
20.70000000000018,0,0,0,0,0,0,0,0,0,0,0
20.75000000000018,0,0,0,0,0,0,0,0,0,0,0
*****
8,0.05,500,0.3,0.7,10,100,0.261843996326,0.0426836366557
8,500,500,500,496,500,0,0,0,0,0,0
8.05,491,491,491,488,491,0,0,0,0,0,0
8.100000000000001,487,487,487,484,487,0,0,0,0,0,0
8.150000000000002,492,492,492,489,492,0,0,0,0,0,0
8.200000000000003,534,534,534,531,534,0,0,0,0,0,0
8.250000000000004,542,542,542,538,542,0,0,0,0,0,0
8.300000000000004,496,496,496,489,496,0,0,0,0,0,0
8.350000000000005,493,493,493,489,493,0,0,0,0,0,0
8.400000000000006,525,525,525,520,525,0,0,0,0,0,0
8.450000000000006,540,540,540,536,540,0,0,0,0,0,0
8.500000000000007,480,480,480,475,480,0,0,0,0,0,0
8.550000000000008,511,511,511,508,511,0,0,0,0,0,0
8.600000000000009,512,512,512,506,512,0,0,0,0,0,0
8.65000000000001,517,517,517,508,517,0,0,0,0,0,0
8.70000000000001,523,523,523,513,523,0,0,0,0,0,0
8.75000000000001,495,495,495,484,495,0,0,0,0,0,0
8.800000000000011,518,518,518,504,518,0,0,0,0,0,0
8.850000000000012,520,520,520,511,520,0,0,0,0,0,0
8.900000000000013,510,510,510,497,510,0,0,0,0,0,0
8.950000000000014,504,503,503,493,503,0,0,0,0,0,0
9.000000000000014,512,507,509,489,509,0,0,0,0,0,0
9.050000000000015,488,488,488,471,488,0,0,0,0,0,0
9.100000000000016,517,516,514,502,516,0,0,0,0,0,0
9.150000000000016,550,547,548,528,549,0,0,0,0,0,0
9.200000000000017,512,510,507,499,510,0,0,0,0,0,0
9.250000000000018,473,470,469,447,470,0,0,0,0,0,0
9.300000000000018,515,508,509,491,510,0,0,0,0,0,0
9.35000000000002,495,485,485,466,489,0,0,0,0,0,0
9.40000000000002,539,526,525,503,531,0,0,0,0,0,0
9.45000000000002,503,486,488,465,490,0,0,0,0,0,0
9.500000000000021,538,517,516,482,521,0,0,0,0,0,0
9.550000000000022,506,482,484,469,489,0,0,0,0,0,0
9.600000000000023,505,473,475,459,481,0,0,0,0,0,0
9.650000000000023,536,486,480,471,495,0,0,0,0,0,0
9.700000000000024,465,412,413,389,422,0,0,0,0,0,0
9.750000000000025,474,413,413,399,423,0,0,0,0,0,0
9.800000000000026,550,478,472,468,488,0,0,0,0,0,0
9.850000000000026,491,411,406,391,416,0,0,0,0,0,0
9.900000000000027,527,415,416,402,424,0,0,0,0,0,0
9.950000000000028,520,401,404,400,411,0,0,0,0,0,0
10.000000000000028,507,371,365,375,388,0,0,0,0,0,0
10.05000000000003,517,382,379,376,393,0,0,0,0,0,0
10.10000000000003,544,343,337,346,353,0,0,0,0,0,0
10.15000000000003,491,298,301,303,310,0,0,0,0,0,0
10.200000000000031,478,281,278,279,290,0,0,0,0,0,0
10.250000000000032,505,283,285,287,299,0,0,0,0,0,0
10.300000000000033,516,280,276,290,291,0,0,0,0,0,0
10.350000000000033,505,229,234,249,245,0,0,0,0,0,0
10.400000000000034,504,209,210,220,223,0,0,0,0,0,0
10.450000000000035,516,194,197,217,209,0,0,0,0,0,0
10.500000000000036,538,176,178,192,193,0,0,0,0,0,0
10.550000000000036,492,159,165,176,168,0,0,0,0,0,0
10.600000000000037,515,144,149,145,155,0,0,0,0,0,0
10.650000000000038,507,139,141,146,146,0,0,0,0,0,0
10.700000000000038,503,100,100,108,112,0,0,0,0,0,0
10.750000000000039,552,96,97,111,103,0,0,0,0,0,0
10.80000000000004,495,85,83,92,89,0,0,0,0,0,0
10.85000000000004,525,78,73,86,82,0,0,0,0,0,0
10.900000000000041,506,63,62,69,66,0,0,0,0,0,0
10.950000000000042,493,46,52,61,56,0,0,0,0,0,0
11.000000000000043,527,42,41,43,43,0,0,0,0,0,0
11.050000000000043,519,26,28,32,29,0,0,0,0,0,0
11.100000000000044,521,25,25,28,27,0,0,0,0,0,0
11.150000000000045,493,25,24,24,25,0,0,0,0,0,0
11.200000000000045,500,13,13,16,13,0,0,0,0,0,0
11.250000000000046,500,24,23,27,24,0,0,0,0,0,0
11.300000000000047,522,11,11,12,11,0,0,0,0,0,0
11.350000000000048,498,10,10,11,10,0,0,0,0,0,0
11.400000000000048,509,5,5,5,5,0,0,0,0,0,0
11.450000000000049,506,9,10,10,10,0,0,0,0,0,0
11.50000000000005,491,4,5,5,5,0,0,0,0,0,0
11.55000000000005,527,2,2,2,2,0,0,0,0,0,0
11.600000000000051,519,2,2,2,2,0,0,0,0,0,0
11.650000000000052,566,2,2,2,2,0,0,0,0,0,0
11.700000000000053,488,0,0,0,0,0,0,0,0,0,0
11.750000000000053,501,0,0,0,0,0,0,0,0,0,0
11.800000000000054,499,2,2,2,2,0,0,0,0,0,0
11.850000000000055,488,1,1,1,1,0,0,0,0,0,0
11.900000000000055,505,0,0,0,0,0,0,0,0,0,0
11.950000000000056,484,0,0,0,0,0,0,0,0,0,0
12.000000000000057,501,0,0,0,0,0,0,0,0,0,0
12.050000000000058,512,0,0,0,0,0,0,0,0,0,0
12.100000000000058,493,0,0,0,0,0,0,0,0,0,0
12.150000000000059,528,0,0,0,0,0,0,0,0,0,0
12.20000000000006,519,0,0,0,0,0,0,0,0,0,0
12.25000000000006,531,0,0,0,0,0,0,0,0,0,0
12.300000000000061,513,0,0,0,0,0,0,0,0,0,0
12.350000000000062,508,0,0,0,0,0,0,0,0,0,0
12.400000000000063,506,0,0,0,0,0,0,0,0,0,0
12.450000000000063,467,0,0,0,0,0,0,0,0,0,0
12.500000000000064,537,0,0,0,0,0,0,0,0,0,0
12.550000000000065,518,0,0,0,0,0,0,0,0,0,0
12.600000000000065,512,0,0,0,0,0,0,0,0,0,0
12.650000000000066,522,0,0,0,0,0,0,0,0,0,0
12.700000000000067,483,0,0,0,0,0,0,0,0,0,0
12.750000000000068,522,0,0,0,0,0,0,0,0,0,0
12.800000000000068,514,0,0,0,0,0,0,0,0,0,0
12.850000000000069,505,0,0,0,0,0,0,0,0,0,0
12.90000000000007,481,0,0,0,0,0,0,0,0,0,0
12.95000000000007,534,0,0,0,0,0,0,0,0,0,0
13.000000000000071,485,0,0,0,0,0,0,0,0,0,0
13.050000000000072,516,0,0,0,0,0,0,0,0,0,0
13.100000000000072,483,0,0,0,0,0,0,0,0,0,0
13.150000000000073,517,0,0,0,0,0,0,0,0,0,0
13.200000000000074,486,0,0,0,0,0,0,0,0,0,0
13.250000000000075,530,0,0,0,0,0,0,0,0,0,0
13.300000000000075,523,0,0,0,0,0,0,0,0,0,0
13.350000000000076,521,0,0,0,0,0,0,0,0,0,0
13.400000000000077,529,0,0,0,0,0,0,0,0,0,0
13.450000000000077,487,0,0,0,0,0,0,0,0,0,0
13.500000000000078,505,0,0,0,0,0,0,0,0,0,0
13.550000000000079,501,0,0,0,0,0,0,0,0,0,0
13.60000000000008,498,0,0,0,0,0,0,0,0,0,0
13.65000000000008,476,0,0,0,0,0,0,0,0,0,0
13.700000000000081,526,0,0,0,0,0,0,0,0,0,0
13.750000000000082,548,0,0,0,0,0,0,0,0,0,0
13.800000000000082,477,0,0,0,0,0,0,0,0,0,0
13.850000000000083,497,0,0,0,0,0,0,0,0,0,0
13.900000000000084,507,0,0,0,0,0,0,0,0,0,0
13.950000000000085,535,0,0,0,0,0,0,0,0,0,0
14.000000000000085,522,0,0,0,0,0,0,0,0,0,0
14.050000000000086,512,0,0,0,0,0,0,0,0,0,0
14.100000000000087,495,0,0,0,0,0,0,0,0,0,0
14.150000000000087,515,0,0,0,0,0,0,0,0,0,0
14.200000000000088,516,0,0,0,0,0,0,0,0,0,0
14.250000000000089,528,0,0,0,0,0,0,0,0,0,0
14.30000000000009,513,0,0,0,0,0,0,0,0,0,0
14.35000000000009,494,0,0,0,0,0,0,0,0,0,0
14.400000000000091,504,0,0,0,0,0,0,0,0,0,0
14.450000000000092,504,0,0,0,0,0,0,0,0,0,0
14.500000000000092,532,0,0,0,0,0,0,0,0,0,0
14.550000000000093,516,0,0,0,0,0,0,0,0,0,0
14.600000000000094,500,0,0,0,0,0,0,0,0,0,0
14.650000000000095,486,0,0,0,0,0,0,0,0,0,0
14.700000000000095,507,0,0,0,0,0,0,0,0,0,0
14.750000000000096,510,0,0,0,0,0,0,0,0,0,0
14.800000000000097,505,0,0,0,0,0,0,0,0,0,0
14.850000000000097,522,0,0,0,0,0,0,0,0,0,0
14.900000000000098,529,0,0,0,0,0,0,0,0,0,0
14.950000000000099,491,0,0,0,0,0,0,0,0,0,0
15.0000000000001,542,0,0,0,0,0,0,0,0,0,0
15.0500000000001,524,0,0,0,0,0,0,0,0,0,0
15.100000000000101,488,0,0,0,0,0,0,0,0,0,0
15.150000000000102,501,0,0,0,0,0,0,0,0,0,0
15.200000000000102,540,0,0,0,0,0,0,0,0,0,0
15.250000000000103,533,0,0,0,0,0,0,0,0,0,0
15.300000000000104,511,0,0,0,0,0,0,0,0,0,0
15.350000000000104,471,0,0,0,0,0,0,0,0,0,0
15.400000000000105,511,0,0,0,0,0,0,0,0,0,0
15.450000000000106,498,0,0,0,0,0,0,0,0,0,0
15.500000000000107,538,0,0,0,0,0,0,0,0,0,0
15.550000000000107,499,0,0,0,0,0,0,0,0,0,0
15.600000000000108,508,0,0,0,0,0,0,0,0,0,0
15.650000000000109,486,0,0,0,0,0,0,0,0,0,0
15.70000000000011,527,0,0,0,0,0,0,0,0,0,0
15.75000000000011,506,0,0,0,0,0,0,0,0,0,0
15.80000000000011,496,0,0,0,0,0,0,0,0,0,0
15.850000000000112,567,0,0,0,0,0,0,0,0,0,0
15.900000000000112,497,0,0,0,0,0,0,0,0,0,0
15.950000000000113,501,0,0,0,0,0,0,0,0,0,0
16.000000000000114,501,0,0,0,0,0,0,0,0,0,0
16.050000000000114,510,0,0,0,0,0,0,0,0,0,0
16.100000000000115,509,0,0,0,0,0,0,0,0,0,0
16.150000000000116,483,0,0,0,0,0,0,0,0,0,0
16.200000000000117,554,0,0,0,0,0,0,0,0,0,0
16.250000000000117,498,0,0,0,0,0,0,0,0,0,0
16.300000000000118,440,0,0,0,0,0,0,0,0,0,0
16.35000000000012,418,0,0,0,0,0,0,0,0,0,0
16.40000000000012,372,0,0,0,0,0,0,0,0,0,0
16.45000000000012,305,0,0,0,0,0,0,0,0,0,0
16.50000000000012,205,0,0,0,0,0,0,0,0,0,0
16.55000000000012,170,0,0,0,0,0,0,0,0,0,0
16.600000000000122,97,0,0,0,0,0,0,0,0,0,0
16.650000000000123,33,0,0,0,0,0,0,0,0,0,0
16.700000000000124,0,0,0,0,0,0,0,0,0,0,0
16.750000000000124,0,0,0,0,0,0,0,0,0,0,0
16.800000000000125,0,0,0,0,0,0,0,0,0,0,0
16.850000000000126,0,0,0,0,0,0,0,0,0,0,0
16.900000000000126,0,0,0,0,0,0,0,0,0,0,0
16.950000000000127,0,0,0,0,0,0,0,0,0,0,0
17.000000000000128,0,0,0,0,0,0,0,0,0,0,0
17.05000000000013,0,0,0,0,0,0,0,0,0,0,0
17.10000000000013,0,0,0,0,0,0,0,0,0,0,0
17.15000000000013,0,0,0,0,0,0,0,0,0,0,0
17.20000000000013,0,0,0,0,0,0,0,0,0,0,0
17.25000000000013,0,0,0,0,0,0,0,0,0,0,0
17.300000000000132,0,0,0,0,0,0,0,0,0,0,0
17.350000000000133,0,0,0,0,0,0,0,0,0,0,0
17.400000000000134,0,0,0,0,0,0,0,0,0,0,0
17.450000000000134,0,0,0,0,0,0,0,0,0,0,0
17.500000000000135,0,0,0,0,0,0,0,0,0,0,0
17.550000000000136,0,0,0,0,0,0,0,0,0,0,0
17.600000000000136,0,0,0,0,0,0,0,0,0,0,0
17.650000000000137,0,0,0,0,0,0,0,0,0,0,0
17.700000000000138,0,0,0,0,0,0,0,0,0,0,0
17.75000000000014,0,0,0,0,0,0,0,0,0,0,0
17.80000000000014,0,0,0,0,0,0,0,0,0,0,0
17.85000000000014,0,0,0,0,0,0,0,0,0,0,0
17.90000000000014,0,0,0,0,0,0,0,0,0,0,0
17.95000000000014,0,0,0,0,0,0,0,0,0,0,0
18.000000000000142,0,0,0,0,0,0,0,0,0,0,0
18.050000000000143,0,0,0,0,0,0,0,0,0,0,0
18.100000000000144,0,0,0,0,0,0,0,0,0,0,0
18.150000000000144,0,0,0,0,0,0,0,0,0,0,0
18.200000000000145,0,0,0,0,0,0,0,0,0,0,0
18.250000000000146,0,0,0,0,0,0,0,0,0,0,0
18.300000000000146,0,0,0,0,0,0,0,0,0,0,0
18.350000000000147,0,0,0,0,0,0,0,0,0,0,0
18.400000000000148,0,0,0,0,0,0,0,0,0,0,0
18.45000000000015,0,0,0,0,0,0,0,0,0,0,0
18.50000000000015,0,0,0,0,0,0,0,0,0,0,0
18.55000000000015,0,0,0,0,0,0,0,0,0,0,0
18.60000000000015,0,0,0,0,0,0,0,0,0,0,0
18.65000000000015,0,0,0,0,0,0,0,0,0,0,0
18.700000000000152,0,0,0,0,0,0,0,0,0,0,0
18.750000000000153,0,0,0,0,0,0,0,0,0,0,0
18.800000000000153,0,0,0,0,0,0,0,0,0,0,0
18.850000000000154,0,0,0,0,0,0,0,0,0,0,0
18.900000000000155,0,0,0,0,0,0,0,0,0,0,0
18.950000000000156,0,0,0,0,0,0,0,0,0,0,0
19.000000000000156,0,0,0,0,0,0,0,0,0,0,0
19.050000000000157,0,0,0,0,0,0,0,0,0,0,0
19.100000000000158,0,0,0,0,0,0,0,0,0,0,0
19.15000000000016,0,0,0,0,0,0,0,0,0,0,0
19.20000000000016,0,0,0,0,0,0,0,0,0,0,0
19.25000000000016,0,0,0,0,0,0,0,0,0,0,0
19.30000000000016,0,0,0,0,0,0,0,0,0,0,0
19.35000000000016,0,0,0,0,0,0,0,0,0,0,0
19.400000000000162,0,0,0,0,0,0,0,0,0,0,0
19.450000000000163,0,0,0,0,0,0,0,0,0,0,0
19.500000000000163,0,0,0,0,0,0,0,0,0,0,0
19.550000000000164,0,0,0,0,0,0,0,0,0,0,0
19.600000000000165,0,0,0,0,0,0,0,0,0,0,0
19.650000000000166,0,0,0,0,0,0,0,0,0,0,0
19.700000000000166,0,0,0,0,0,0,0,0,0,0,0
19.750000000000167,0,0,0,0,0,0,0,0,0,0,0
19.800000000000168,0,0,0,0,0,0,0,0,0,0,0
19.85000000000017,0,0,0,0,0,0,0,0,0,0,0
19.90000000000017,0,0,0,0,0,0,0,0,0,0,0
19.95000000000017,0,0,0,0,0,0,0,0,0,0,0
20.00000000000017,0,0,0,0,0,0,0,0,0,0,0
20.05000000000017,0,0,0,0,0,0,0,0,0,0,0
20.100000000000172,0,0,0,0,0,0,0,0,0,0,0
20.150000000000173,0,0,0,0,0,0,0,0,0,0,0
20.200000000000173,0,0,0,0,0,0,0,0,0,0,0
20.250000000000174,0,0,0,0,0,0,0,0,0,0,0
20.300000000000175,0,0,0,0,0,0,0,0,0,0,0
20.350000000000176,0,0,0,0,0,0,0,0,0,0,0
20.400000000000176,0,0,0,0,0,0,0,0,0,0,0
20.450000000000177,0,0,0,0,0,0,0,0,0,0,0
20.500000000000178,0,0,0,0,0,0,0,0,0,0,0
20.55000000000018,0,0,0,0,0,0,0,0,0,0,0
20.60000000000018,0,0,0,0,0,0,0,0,0,0,0
20.65000000000018,0,0,0,0,0,0,0,0,0,0,0
20.70000000000018,0,0,0,0,0,0,0,0,0,0,0
20.75000000000018,0,0,0,0,0,0,0,0,0,0,0
*****
8,0.05,500,0.6,1,10,100,0.261843996326,0.0426836366557
8,500,110,135,115,135,0,0,0,0,0,0
8.05,450,115,140,128,140,0,0,0,0,0,0
8.100000000000001,476,125,151,133,151,0,0,0,0,0,0
8.150000000000002,513,111,128,123,128,0,0,0,0,0,0
8.200000000000003,501,118,143,142,143,0,0,0,0,0,0
8.250000000000004,487,108,129,123,129,0,0,0,0,0,0
8.300000000000004,467,125,151,136,151,0,0,0,0,0,0
8.350000000000005,474,113,124,121,124,0,0,0,0,0,0
8.400000000000006,496,139,165,149,165,0,0,0,0,0,0
8.450000000000006,524,132,134,139,134,0,0,0,0,0,0
8.500000000000007,477,98,117,120,117,0,0,0,0,0,0
8.550000000000008,494,76,92,97,92,0,0,0,0,0,0
8.600000000000009,513,85,100,101,100,0,0,0,0,0,0
8.65000000000001,482,68,84,83,84,0,0,0,0,0,0
8.70000000000001,494,67,90,78,90,0,0,0,0,0,0
8.75000000000001,494,71,92,74,92,0,0,0,0,0,0
8.800000000000011,488,64,73,64,73,0,0,0,0,0,0
8.850000000000012,488,68,85,75,85,0,0,0,0,0,0
8.900000000000013,536,81,99,93,99,0,0,0,0,0,0
8.950000000000014,505,59,69,63,69,0,0,0,0,0,0
9.000000000000014,467,53,69,65,69,0,0,0,0,0,0
9.050000000000015,535,47,63,56,63,0,0,0,0,0,0
9.100000000000016,456,28,48,44,48,0,0,0,0,0,0
9.150000000000016,483,30,44,43,44,0,0,0,0,0,0
9.200000000000017,492,34,51,46,51,0,0,0,0,0,0
9.250000000000018,465,36,45,42,45,0,0,0,0,0,0
9.300000000000018,469,22,27,23,27,0,0,0,0,0,0
9.35000000000002,514,24,29,26,29,0,0,0,0,0,0
9.40000000000002,498,14,21,19,21,0,0,0,0,0,0
9.45000000000002,505,15,23,20,23,0,0,0,0,0,0
9.500000000000021,498,14,16,15,16,0,0,0,0,0,0
9.550000000000022,483,14,17,16,17,0,0,0,0,0,0
9.600000000000023,510,13,16,16,16,0,0,0,0,0,0
9.650000000000023,478,9,15,17,15,0,0,0,0,0,0
9.700000000000024,498,3,7,7,7,0,0,0,0,0,0
9.750000000000025,501,1,6,4,6,0,0,0,0,0,0
9.800000000000026,504,7,11,11,11,0,0,0,0,0,0
9.850000000000026,486,4,7,7,7,0,0,0,0,0,0
9.900000000000027,476,5,5,6,5,0,0,0,0,0,0
9.950000000000028,476,5,7,6,7,0,0,0,0,0,0
10.000000000000028,483,5,7,7,7,0,0,0,0,0,0
10.05000000000003,524,2,2,2,2,0,0,0,0,0,0
10.10000000000003,479,2,4,3,4,0,0,0,0,0,0
10.15000000000003,510,2,3,3,3,0,0,0,0,0,0
10.200000000000031,471,0,0,0,0,0,0,0,0,0,0
10.250000000000032,493,0,0,0,0,0,0,0,0,0,0
10.300000000000033,497,1,1,2,1,0,0,0,0,0,0
10.350000000000033,499,0,0,0,0,0,0,0,0,0,0
10.400000000000034,474,0,0,0,0,0,0,0,0,0,0
10.450000000000035,491,1,1,0,1,0,0,0,0,0,0
10.500000000000036,527,0,0,0,0,0,0,0,0,0,0
10.550000000000036,485,0,1,1,1,0,0,0,0,0,0
10.600000000000037,484,0,0,0,0,0,0,0,0,0,0
10.650000000000038,462,0,0,0,0,0,0,0,0,0,0
10.700000000000038,524,0,0,0,0,0,0,0,0,0,0
10.750000000000039,497,1,1,1,1,0,0,0,0,0,0
10.80000000000004,473,0,0,0,0,0,0,0,0,0,0
10.85000000000004,465,0,0,0,0,0,0,0,0,0,0
10.900000000000041,470,0,0,0,0,0,0,0,0,0,0
10.950000000000042,501,0,0,0,0,0,0,0,0,0,0
11.000000000000043,500,0,0,0,0,0,0,0,0,0,0
11.050000000000043,498,0,0,0,0,0,0,0,0,0,0
11.100000000000044,499,0,0,0,0,0,0,0,0,0,0
11.150000000000045,481,0,0,0,0,0,0,0,0,0,0
11.200000000000045,500,0,0,0,0,0,0,0,0,0,0
11.250000000000046,494,0,0,0,0,0,0,0,0,0,0
11.300000000000047,481,0,0,0,0,0,0,0,0,0,0
11.350000000000048,492,0,0,0,0,0,0,0,0,0,0
11.400000000000048,501,0,0,0,0,0,0,0,0,0,0
11.450000000000049,517,0,0,0,0,0,0,0,0,0,0
11.50000000000005,469,0,0,0,0,0,0,0,0,0,0
11.55000000000005,512,0,0,0,0,0,0,0,0,0,0
11.600000000000051,491,0,0,0,0,0,0,0,0,0,0
11.650000000000052,488,0,0,0,0,0,0,0,0,0,0
11.700000000000053,455,0,0,0,0,0,0,0,0,0,0
11.750000000000053,491,0,0,0,0,0,0,0,0,0,0
11.800000000000054,503,0,0,0,0,0,0,0,0,0,0
11.850000000000055,509,0,0,0,0,0,0,0,0,0,0
11.900000000000055,451,0,0,0,0,0,0,0,0,0,0
11.950000000000056,512,0,0,0,0,0,0,0,0,0,0
12.000000000000057,499,0,0,0,0,0,0,0,0,0,0
12.050000000000058,495,0,0,0,0,0,0,0,0,0,0
12.100000000000058,480,0,0,0,0,0,0,0,0,0,0
12.150000000000059,491,0,0,0,0,0,0,0,0,0,0
12.20000000000006,491,0,0,0,0,0,0,0,0,0,0
12.25000000000006,515,0,0,0,0,0,0,0,0,0,0
12.300000000000061,521,0,0,0,0,0,0,0,0,0,0
12.350000000000062,476,0,0,0,0,0,0,0,0,0,0
12.400000000000063,521,0,0,0,0,0,0,0,0,0,0
12.450000000000063,512,0,0,0,0,0,0,0,0,0,0
12.500000000000064,463,0,0,0,0,0,0,0,0,0,0
12.550000000000065,460,0,0,0,0,0,0,0,0,0,0
12.600000000000065,497,0,0,0,0,0,0,0,0,0,0
12.650000000000066,472,0,0,0,0,0,0,0,0,0,0
12.700000000000067,489,0,0,0,0,0,0,0,0,0,0
12.750000000000068,482,0,0,0,0,0,0,0,0,0,0
12.800000000000068,507,0,0,0,0,0,0,0,0,0,0
12.850000000000069,503,0,0,0,0,0,0,0,0,0,0
12.90000000000007,512,0,0,0,0,0,0,0,0,0,0
12.95000000000007,508,0,0,0,0,0,0,0,0,0,0
13.000000000000071,507,0,0,0,0,0,0,0,0,0,0
13.050000000000072,494,0,0,0,0,0,0,0,0,0,0
13.100000000000072,470,0,0,0,0,0,0,0,0,0,0
13.150000000000073,513,0,0,0,0,0,0,0,0,0,0
13.200000000000074,465,0,0,0,0,0,0,0,0,0,0
13.250000000000075,483,0,0,0,0,0,0,0,0,0,0
13.300000000000075,473,0,0,0,0,0,0,0,0,0,0
13.350000000000076,471,0,0,0,0,0,0,0,0,0,0
13.400000000000077,507,0,0,0,0,0,0,0,0,0,0
13.450000000000077,498,0,0,0,0,0,0,0,0,0,0
13.500000000000078,481,0,0,0,0,0,0,0,0,0,0
13.550000000000079,499,0,0,0,0,0,0,0,0,0,0
13.60000000000008,508,0,0,0,0,0,0,0,0,0,0
13.65000000000008,487,0,0,0,0,0,0,0,0,0,0
13.700000000000081,480,0,0,0,0,0,0,0,0,0,0
13.750000000000082,483,0,0,0,0,0,0,0,0,0,0
13.800000000000082,501,0,0,0,0,0,0,0,0,0,0
13.850000000000083,496,0,0,0,0,0,0,0,0,0,0
13.900000000000084,521,0,0,0,0,0,0,0,0,0,0
13.950000000000085,501,0,0,0,0,0,0,0,0,0,0
14.000000000000085,485,0,0,0,0,0,0,0,0,0,0
14.050000000000086,524,0,0,0,0,0,0,0,0,0,0
14.100000000000087,499,0,0,0,0,0,0,0,0,0,0
14.150000000000087,476,0,0,0,0,0,0,0,0,0,0
14.200000000000088,456,0,0,0,0,0,0,0,0,0,0
14.250000000000089,477,0,0,0,0,0,0,0,0,0,0
14.30000000000009,460,0,0,0,0,0,0,0,0,0,0
14.35000000000009,532,0,0,0,0,0,0,0,0,0,0
14.400000000000091,483,0,0,0,0,0,0,0,0,0,0
14.450000000000092,491,0,0,0,0,0,0,0,0,0,0
14.500000000000092,483,0,0,0,0,0,0,0,0,0,0
14.550000000000093,513,0,0,0,0,0,0,0,0,0,0
14.600000000000094,507,0,0,0,0,0,0,0,0,0,0
14.650000000000095,490,0,0,0,0,0,0,0,0,0,0
14.700000000000095,493,0,0,0,0,0,0,0,0,0,0
14.750000000000096,495,0,0,0,0,0,0,0,0,0,0
14.800000000000097,495,0,0,0,0,0,0,0,0,0,0
14.850000000000097,504,0,0,0,0,0,0,0,0,0,0
14.900000000000098,478,0,0,0,0,0,0,0,0,0,0
14.950000000000099,464,0,0,0,0,0,0,0,0,0,0
15.0000000000001,481,0,0,0,0,0,0,0,0,0,0
15.0500000000001,496,0,0,0,0,0,0,0,0,0,0
15.100000000000101,505,0,0,0,0,0,0,0,0,0,0
15.150000000000102,492,0,0,0,0,0,0,0,0,0,0
15.200000000000102,456,0,0,0,0,0,0,0,0,0,0
15.250000000000103,523,0,0,0,0,0,0,0,0,0,0
15.300000000000104,490,0,0,0,0,0,0,0,0,0,0
15.350000000000104,496,0,0,0,0,0,0,0,0,0,0
15.400000000000105,505,0,0,0,0,0,0,0,0,0,0
15.450000000000106,513,0,0,0,0,0,0,0,0,0,0
15.500000000000107,492,0,0,0,0,0,0,0,0,0,0
15.550000000000107,497,0,0,0,0,0,0,0,0,0,0
15.600000000000108,489,0,0,0,0,0,0,0,0,0,0
15.650000000000109,502,0,0,0,0,0,0,0,0,0,0
15.70000000000011,452,0,0,0,0,0,0,0,0,0,0
15.75000000000011,512,0,0,0,0,0,0,0,0,0,0
15.80000000000011,477,0,0,0,0,0,0,0,0,0,0
15.850000000000112,454,0,0,0,0,0,0,0,0,0,0
15.900000000000112,521,0,0,0,0,0,0,0,0,0,0
15.950000000000113,492,0,0,0,0,0,0,0,0,0,0
16.000000000000114,463,0,0,0,0,0,0,0,0,0,0
16.050000000000114,503,0,0,0,0,0,0,0,0,0,0
16.100000000000115,493,0,0,0,0,0,0,0,0,0,0
16.150000000000116,515,0,0,0,0,0,0,0,0,0,0
16.200000000000117,508,0,0,0,0,0,0,0,0,0,0
16.250000000000117,510,0,0,0,0,0,0,0,0,0,0
16.300000000000118,503,0,0,0,0,0,0,0,0,0,0
16.35000000000012,474,0,0,0,0,0,0,0,0,0,0
16.40000000000012,482,0,0,0,0,0,0,0,0,0,0
16.45000000000012,543,0,0,0,0,0,0,0,0,0,0
16.50000000000012,469,0,0,0,0,0,0,0,0,0,0
16.55000000000012,469,0,0,0,0,0,0,0,0,0,0
16.600000000000122,465,0,0,0,0,0,0,0,0,0,0
16.650000000000123,398,0,0,0,0,0,0,0,0,0,0
16.700000000000124,312,0,0,0,0,0,0,0,0,0,0
16.750000000000124,292,0,0,0,0,0,0,0,0,0,0
16.800000000000125,210,0,0,0,0,0,0,0,0,0,0
16.850000000000126,144,0,0,0,0,0,0,0,0,0,0
16.900000000000126,80,0,0,0,0,0,0,0,0,0,0
16.950000000000127,41,0,0,0,0,0,0,0,0,0,0
17.000000000000128,0,0,0,0,0,0,0,0,0,0,0
17.05000000000013,0,0,0,0,0,0,0,0,0,0,0
17.10000000000013,0,0,0,0,0,0,0,0,0,0,0
17.15000000000013,0,0,0,0,0,0,0,0,0,0,0
17.20000000000013,0,0,0,0,0,0,0,0,0,0,0
17.25000000000013,0,0,0,0,0,0,0,0,0,0,0
17.300000000000132,0,0,0,0,0,0,0,0,0,0,0
17.350000000000133,0,0,0,0,0,0,0,0,0,0,0
17.400000000000134,0,0,0,0,0,0,0,0,0,0,0
17.450000000000134,0,0,0,0,0,0,0,0,0,0,0
17.500000000000135,0,0,0,0,0,0,0,0,0,0,0
17.550000000000136,0,0,0,0,0,0,0,0,0,0,0
17.600000000000136,0,0,0,0,0,0,0,0,0,0,0
17.650000000000137,0,0,0,0,0,0,0,0,0,0,0
17.700000000000138,0,0,0,0,0,0,0,0,0,0,0
17.75000000000014,0,0,0,0,0,0,0,0,0,0,0
17.80000000000014,0,0,0,0,0,0,0,0,0,0,0
17.85000000000014,0,0,0,0,0,0,0,0,0,0,0
17.90000000000014,0,0,0,0,0,0,0,0,0,0,0
17.95000000000014,0,0,0,0,0,0,0,0,0,0,0
18.000000000000142,0,0,0,0,0,0,0,0,0,0,0
18.050000000000143,0,0,0,0,0,0,0,0,0,0,0
18.100000000000144,0,0,0,0,0,0,0,0,0,0,0
18.150000000000144,0,0,0,0,0,0,0,0,0,0,0
18.200000000000145,0,0,0,0,0,0,0,0,0,0,0
18.250000000000146,0,0,0,0,0,0,0,0,0,0,0
18.300000000000146,0,0,0,0,0,0,0,0,0,0,0
18.350000000000147,0,0,0,0,0,0,0,0,0,0,0
18.400000000000148,0,0,0,0,0,0,0,0,0,0,0
18.45000000000015,0,0,0,0,0,0,0,0,0,0,0
18.50000000000015,0,0,0,0,0,0,0,0,0,0,0
18.55000000000015,0,0,0,0,0,0,0,0,0,0,0
18.60000000000015,0,0,0,0,0,0,0,0,0,0,0
18.65000000000015,0,0,0,0,0,0,0,0,0,0,0
18.700000000000152,0,0,0,0,0,0,0,0,0,0,0
18.750000000000153,0,0,0,0,0,0,0,0,0,0,0
18.800000000000153,0,0,0,0,0,0,0,0,0,0,0
18.850000000000154,0,0,0,0,0,0,0,0,0,0,0
18.900000000000155,0,0,0,0,0,0,0,0,0,0,0
18.950000000000156,0,0,0,0,0,0,0,0,0,0,0
19.000000000000156,0,0,0,0,0,0,0,0,0,0,0
19.050000000000157,0,0,0,0,0,0,0,0,0,0,0
19.100000000000158,0,0,0,0,0,0,0,0,0,0,0
19.15000000000016,0,0,0,0,0,0,0,0,0,0,0
19.20000000000016,0,0,0,0,0,0,0,0,0,0,0
19.25000000000016,0,0,0,0,0,0,0,0,0,0,0
19.30000000000016,0,0,0,0,0,0,0,0,0,0,0
19.35000000000016,0,0,0,0,0,0,0,0,0,0,0
19.400000000000162,0,0,0,0,0,0,0,0,0,0,0
19.450000000000163,0,0,0,0,0,0,0,0,0,0,0
19.500000000000163,0,0,0,0,0,0,0,0,0,0,0
19.550000000000164,0,0,0,0,0,0,0,0,0,0,0
19.600000000000165,0,0,0,0,0,0,0,0,0,0,0
19.650000000000166,0,0,0,0,0,0,0,0,0,0,0
19.700000000000166,0,0,0,0,0,0,0,0,0,0,0
19.750000000000167,0,0,0,0,0,0,0,0,0,0,0
19.800000000000168,0,0,0,0,0,0,0,0,0,0,0
19.85000000000017,0,0,0,0,0,0,0,0,0,0,0
19.90000000000017,0,0,0,0,0,0,0,0,0,0,0
19.95000000000017,0,0,0,0,0,0,0,0,0,0,0
20.00000000000017,0,0,0,0,0,0,0,0,0,0,0
20.05000000000017,0,0,0,0,0,0,0,0,0,0,0
20.100000000000172,0,0,0,0,0,0,0,0,0,0,0
20.150000000000173,0,0,0,0,0,0,0,0,0,0,0
20.200000000000173,0,0,0,0,0,0,0,0,0,0,0
20.250000000000174,0,0,0,0,0,0,0,0,0,0,0
20.300000000000175,0,0,0,0,0,0,0,0,0,0,0
20.350000000000176,0,0,0,0,0,0,0,0,0,0,0
20.400000000000176,0,0,0,0,0,0,0,0,0,0,0
20.450000000000177,0,0,0,0,0,0,0,0,0,0,0
20.500000000000178,0,0,0,0,0,0,0,0,0,0,0
20.55000000000018,0,0,0,0,0,0,0,0,0,0,0
20.60000000000018,0,0,0,0,0,0,0,0,0,0,0
20.65000000000018,0,0,0,0,0,0,0,0,0,0,0
20.70000000000018,0,0,0,0,0,0,0,0,0,0,0
20.75000000000018,0,0,0,0,0,0,0,0,0,0,0
