*****
8,0.05,500,0,1,10,100,0.130921998163,0.0853672733114
8,500,499,499,462,499,0,0,0,0,0,0
8.05,425,425,425,392,425,0,0,0,0,0,0
8.100000000000001,455,454,454,419,454,0,0,0,0,0,0
8.150000000000002,442,440,442,399,442,0,0,0,0,0,0
8.200000000000003,444,435,441,405,440,0,0,0,0,0,0
8.250000000000004,425,416,422,397,422,0,0,0,0,0,0
8.300000000000004,453,430,442,415,443,0,0,0,0,0,0
8.350000000000005,414,390,396,377,398,0,0,0,0,0,0
8.400000000000006,452,417,435,402,437,0,0,0,0,0,0
8.450000000000006,492,421,447,425,451,0,0,0,0,0,0
8.500000000000007,466,380,418,395,419,0,0,0,0,0,0
8.550000000000008,466,367,407,377,409,0,0,0,0,0,0
8.600000000000009,488,340,384,364,384,0,0,0,0,0,0
8.65000000000001,477,328,366,360,370,0,0,0,0,0,0
8.70000000000001,464,277,315,320,321,0,0,0,0,0,0
8.75000000000001,468,278,319,295,319,0,0,0,0,0,0
8.800000000000011,478,237,287,301,290,0,0,0,0,0,0
8.850000000000012,475,222,261,275,267,0,0,0,0,0,0
8.900000000000013,446,169,201,220,201,0,0,0,0,0,0
8.950000000000014,465,166,204,219,205,0,0,0,0,0,0
9.000000000000014,456,124,161,188,166,0,0,0,0,0,0
9.050000000000015,476,105,129,176,131,0,0,0,0,0,0
9.100000000000016,445,108,128,146,129,0,0,0,0,0,0
9.150000000000016,445,76,94,111,96,0,0,0,0,0,0
9.200000000000017,444,62,89,113,91,0,0,0,0,0,0
9.250000000000018,447,57,73,92,75,0,0,0,0,0,0
9.300000000000018,451,51,68,73,69,0,0,0,0,0,0
9.35000000000002,444,34,40,55,40,0,0,0,0,0,0
9.40000000000002,463,33,47,62,48,0,0,0,0,0,0
9.45000000000002,446,23,35,44,35,0,0,0,0,0,0
9.500000000000021,454,15,24,36,25,0,0,0,0,0,0
9.550000000000022,463,18,24,46,24,0,0,0,0,0,0
9.600000000000023,465,13,14,24,14,0,0,0,0,0,0
9.650000000000023,479,13,19,25,19,0,0,0,0,0,0
9.700000000000024,446,6,7,15,7,0,0,0,0,0,0
9.750000000000025,474,2,3,15,3,0,0,0,0,0,0
9.800000000000026,463,5,6,6,6,0,0,0,0,0,0
9.850000000000026,419,2,4,5,4,0,0,0,0,0,0
9.900000000000027,413,1,1,4,1,0,0,0,0,0,0
9.950000000000028,456,1,1,1,1,0,0,0,0,0,0
10.000000000000028,453,0,1,4,1,0,0,0,0,0,0
10.05000000000003,500,1,1,7,1,0,0,0,0,0,0
10.10000000000003,488,0,0,0,0,0,0,0,0,0,0
10.15000000000003,433,0,0,0,0,0,0,0,0,0,0
10.200000000000031,447,1,1,3,1,0,0,0,0,0,0
10.250000000000032,458,1,1,1,1,0,0,0,0,0,0
10.300000000000033,449,1,1,2,1,0,0,0,0,0,0
10.350000000000033,450,0,0,0,0,0,0,0,0,0,0
10.400000000000034,470,0,0,0,0,0,0,0,0,0,0
10.450000000000035,442,0,0,0,0,0,0,0,0,0,0
10.500000000000036,448,0,0,0,0,0,0,0,0,0,0
10.550000000000036,477,0,0,0,0,0,0,0,0,0,0
10.600000000000037,437,0,0,0,0,0,0,0,0,0,0
10.650000000000038,462,0,0,0,0,0,0,0,0,0,0
10.700000000000038,444,0,0,0,0,0,0,0,0,0,0
10.750000000000039,495,0,0,0,0,0,0,0,0,0,0
10.80000000000004,474,0,0,0,0,0,0,0,0,0,0
10.85000000000004,450,0,0,0,0,0,0,0,0,0,0
10.900000000000041,483,0,0,0,0,0,0,0,0,0,0
10.950000000000042,471,0,0,0,0,0,0,0,0,0,0
11.000000000000043,482,0,0,0,0,0,0,0,0,0,0
11.050000000000043,463,0,0,0,0,0,0,0,0,0,0
11.100000000000044,448,0,0,0,0,0,0,0,0,0,0
11.150000000000045,501,0,0,0,0,0,0,0,0,0,0
11.200000000000045,477,0,0,0,0,0,0,0,0,0,0
11.250000000000046,474,0,0,0,0,0,0,0,0,0,0
11.300000000000047,472,0,0,0,0,0,0,0,0,0,0
11.350000000000048,470,0,0,0,0,0,0,0,0,0,0
11.400000000000048,423,0,0,0,0,0,0,0,0,0,0
11.450000000000049,472,0,0,0,0,0,0,0,0,0,0
11.50000000000005,466,0,0,0,0,0,0,0,0,0,0
11.55000000000005,464,0,0,0,0,0,0,0,0,0,0
11.600000000000051,441,0,0,0,0,0,0,0,0,0,0
11.650000000000052,457,0,0,0,0,0,0,0,0,0,0
11.700000000000053,465,0,0,0,0,0,0,0,0,0,0
11.750000000000053,452,0,0,0,0,0,0,0,0,0,0
11.800000000000054,425,0,0,0,0,0,0,0,0,0,0
11.850000000000055,481,0,0,0,0,0,0,0,0,0,0
11.900000000000055,490,0,0,0,0,0,0,0,0,0,0
11.950000000000056,492,0,0,0,0,0,0,0,0,0,0
12.000000000000057,458,0,0,0,0,0,0,0,0,0,0
12.050000000000058,416,0,0,0,0,0,0,0,0,0,0
12.100000000000058,456,0,0,0,0,0,0,0,0,0,0
12.150000000000059,458,0,0,0,0,0,0,0,0,0,0
12.20000000000006,418,0,0,0,0,0,0,0,0,0,0
12.25000000000006,447,0,0,0,0,0,0,0,0,0,0
12.300000000000061,470,0,0,0,0,0,0,0,0,0,0
12.350000000000062,416,0,0,0,0,0,0,0,0,0,0
12.400000000000063,459,0,0,0,0,0,0,0,0,0,0
12.450000000000063,497,0,0,0,0,0,0,0,0,0,0
12.500000000000064,493,0,0,0,0,0,0,0,0,0,0
12.550000000000065,483,0,0,0,0,0,0,0,0,0,0
12.600000000000065,417,0,0,0,0,0,0,0,0,0,0
12.650000000000066,455,0,0,0,0,0,0,0,0,0,0
12.700000000000067,464,0,0,0,0,0,0,0,0,0,0
12.750000000000068,472,0,0,0,0,0,0,0,0,0,0
12.800000000000068,505,0,0,0,0,0,0,0,0,0,0
12.850000000000069,475,0,0,0,0,0,0,0,0,0,0
12.90000000000007,408,0,0,0,0,0,0,0,0,0,0
12.95000000000007,398,0,0,0,0,0,0,0,0,0,0
13.000000000000071,491,0,0,0,0,0,0,0,0,0,0
13.050000000000072,477,0,0,0,0,0,0,0,0,0,0
13.100000000000072,479,0,0,0,0,0,0,0,0,0,0
13.150000000000073,439,0,0,0,0,0,0,0,0,0,0
13.200000000000074,425,0,0,0,0,0,0,0,0,0,0
13.250000000000075,452,0,0,0,0,0,0,0,0,0,0
13.300000000000075,462,0,0,0,0,0,0,0,0,0,0
13.350000000000076,465,0,0,0,0,0,0,0,0,0,0
13.400000000000077,448,0,0,0,0,0,0,0,0,0,0
13.450000000000077,476,0,0,0,0,0,0,0,0,0,0
13.500000000000078,477,0,0,0,0,0,0,0,0,0,0
13.550000000000079,461,0,0,0,0,0,0,0,0,0,0
13.60000000000008,455,0,0,0,0,0,0,0,0,0,0
13.65000000000008,496,0,0,0,0,0,0,0,0,0,0
13.700000000000081,448,0,0,0,0,0,0,0,0,0,0
13.750000000000082,450,0,0,0,0,0,0,0,0,0,0
13.800000000000082,487,0,0,0,0,0,0,0,0,0,0
13.850000000000083,455,0,0,0,0,0,0,0,0,0,0
13.900000000000084,463,0,0,0,0,0,0,0,0,0,0
13.950000000000085,456,0,0,0,0,0,0,0,0,0,0
14.000000000000085,414,0,0,0,0,0,0,0,0,0,0
14.050000000000086,498,0,0,0,0,0,0,0,0,0,0
14.100000000000087,469,0,0,0,0,0,0,0,0,0,0
14.150000000000087,447,0,0,0,0,0,0,0,0,0,0
14.200000000000088,443,0,0,0,0,0,0,0,0,0,0
14.250000000000089,453,0,0,0,0,0,0,0,0,0,0
14.30000000000009,465,0,0,0,0,0,0,0,0,0,0
14.35000000000009,479,0,0,0,0,0,0,0,0,0,0
14.400000000000091,434,0,0,0,0,0,0,0,0,0,0
14.450000000000092,443,0,0,0,0,0,0,0,0,0,0
14.500000000000092,454,0,0,0,0,0,0,0,0,0,0
14.550000000000093,453,0,0,0,0,0,0,0,0,0,0
14.600000000000094,468,0,0,0,0,0,0,0,0,0,0
14.650000000000095,505,0,0,0,0,0,0,0,0,0,0
14.700000000000095,467,0,0,0,0,0,0,0,0,0,0
14.750000000000096,421,0,0,0,0,0,0,0,0,0,0
14.800000000000097,450,0,0,0,0,0,0,0,0,0,0
14.850000000000097,475,0,0,0,0,0,0,0,0,0,0
14.900000000000098,477,0,0,0,0,0,0,0,0,0,0
14.950000000000099,488,0,0,0,0,0,0,0,0,0,0
15.0000000000001,409,0,0,0,0,0,0,0,0,0,0
15.0500000000001,488,0,0,0,0,0,0,0,0,0,0
15.100000000000101,474,0,0,0,0,0,0,0,0,0,0
15.150000000000102,473,0,0,0,0,0,0,0,0,0,0
15.200000000000102,444,0,0,0,0,0,0,0,0,0,0
15.250000000000103,460,0,0,0,0,0,0,0,0,0,0
15.300000000000104,453,0,0,0,0,0,0,0,0,0,0
15.350000000000104,465,0,0,0,0,0,0,0,0,0,0
15.400000000000105,457,0,0,0,0,0,0,0,0,0,0
15.450000000000106,447,0,0,0,0,0,0,0,0,0,0
15.500000000000107,464,0,0,0,0,0,0,0,0,0,0
15.550000000000107,480,0,0,0,0,0,0,0,0,0,0
15.600000000000108,446,0,0,0,0,0,0,0,0,0,0
15.650000000000109,472,0,0,0,0,0,0,0,0,0,0
15.70000000000011,474,0,0,0,0,0,0,0,0,0,0
15.75000000000011,433,0,0,0,0,0,0,0,0,0,0
15.80000000000011,488,0,0,0,0,0,0,0,0,0,0
15.850000000000112,459,0,0,0,0,0,0,0,0,0,0
15.900000000000112,462,0,0,0,0,0,0,0,0,0,0
15.950000000000113,459,0,0,0,0,0,0,0,0,0,0
16.000000000000114,431,0,0,0,0,0,0,0,0,0,0
16.050000000000114,430,0,0,0,0,0,0,0,0,0,0
16.100000000000115,384,0,0,0,0,0,0,0,0,0,0
16.150000000000116,325,0,0,0,0,0,0,0,0,0,0
16.200000000000117,357,0,0,0,0,0,0,0,0,0,0
16.250000000000117,342,0,0,0,0,0,0,0,0,0,0
16.300000000000118,295,0,0,0,0,0,0,0,0,0,0
16.35000000000012,286,0,0,0,0,0,0,0,0,0,0
16.40000000000012,299,0,0,0,0,0,0,0,0,0,0
16.45000000000012,257,0,0,0,0,0,0,0,0,0,0
16.50000000000012,236,0,0,0,0,0,0,0,0,0,0
16.55000000000012,187,0,0,0,0,0,0,0,0,0,0
16.600000000000122,148,0,0,0,0,0,0,0,0,0,0
16.650000000000123,178,0,0,0,0,0,0,0,0,0,0
16.700000000000124,141,0,0,0,0,0,0,0,0,0,0
16.750000000000124,91,0,0,0,0,0,0,0,0,0,0
16.800000000000125,82,0,0,0,0,0,0,0,0,0,0
16.850000000000126,53,0,0,0,0,0,0,0,0,0,0
16.900000000000126,41,0,0,0,0,0,0,0,0,0,0
16.950000000000127,18,0,0,0,0,0,0,0,0,0,0
17.000000000000128,0,0,0,0,0,0,0,0,0,0,0
17.05000000000013,0,0,0,0,0,0,0,0,0,0,0
17.10000000000013,0,0,0,0,0,0,0,0,0,0,0
17.15000000000013,0,0,0,0,0,0,0,0,0,0,0
17.20000000000013,0,0,0,0,0,0,0,0,0,0,0
17.25000000000013,0,0,0,0,0,0,0,0,0,0,0
17.300000000000132,0,0,0,0,0,0,0,0,0,0,0
17.350000000000133,0,0,0,0,0,0,0,0,0,0,0
17.400000000000134,0,0,0,0,0,0,0,0,0,0,0
17.450000000000134,0,0,0,0,0,0,0,0,0,0,0
17.500000000000135,0,0,0,0,0,0,0,0,0,0,0
17.550000000000136,0,0,0,0,0,0,0,0,0,0,0
17.600000000000136,0,0,0,0,0,0,0,0,0,0,0
17.650000000000137,0,0,0,0,0,0,0,0,0,0,0
17.700000000000138,0,0,0,0,0,0,0,0,0,0,0
17.75000000000014,0,0,0,0,0,0,0,0,0,0,0
17.80000000000014,0,0,0,0,0,0,0,0,0,0,0
17.85000000000014,0,0,0,0,0,0,0,0,0,0,0
17.90000000000014,0,0,0,0,0,0,0,0,0,0,0
17.95000000000014,0,0,0,0,0,0,0,0,0,0,0
18.000000000000142,0,0,0,0,0,0,0,0,0,0,0
18.050000000000143,0,0,0,0,0,0,0,0,0,0,0
18.100000000000144,0,0,0,0,0,0,0,0,0,0,0
18.150000000000144,0,0,0,0,0,0,0,0,0,0,0
18.200000000000145,0,0,0,0,0,0,0,0,0,0,0
18.250000000000146,0,0,0,0,0,0,0,0,0,0,0
18.300000000000146,0,0,0,0,0,0,0,0,0,0,0
18.350000000000147,0,0,0,0,0,0,0,0,0,0,0
18.400000000000148,0,0,0,0,0,0,0,0,0,0,0
18.45000000000015,0,0,0,0,0,0,0,0,0,0,0
18.50000000000015,0,0,0,0,0,0,0,0,0,0,0
18.55000000000015,0,0,0,0,0,0,0,0,0,0,0
18.60000000000015,0,0,0,0,0,0,0,0,0,0,0
18.65000000000015,0,0,0,0,0,0,0,0,0,0,0
18.700000000000152,0,0,0,0,0,0,0,0,0,0,0
18.750000000000153,0,0,0,0,0,0,0,0,0,0,0
18.800000000000153,0,0,0,0,0,0,0,0,0,0,0
18.850000000000154,0,0,0,0,0,0,0,0,0,0,0
18.900000000000155,0,0,0,0,0,0,0,0,0,0,0
18.950000000000156,0,0,0,0,0,0,0,0,0,0,0
19.000000000000156,0,0,0,0,0,0,0,0,0,0,0
19.050000000000157,0,0,0,0,0,0,0,0,0,0,0
19.100000000000158,0,0,0,0,0,0,0,0,0,0,0
19.15000000000016,0,0,0,0,0,0,0,0,0,0,0
19.20000000000016,0,0,0,0,0,0,0,0,0,0,0
19.25000000000016,0,0,0,0,0,0,0,0,0,0,0
19.30000000000016,0,0,0,0,0,0,0,0,0,0,0
19.35000000000016,0,0,0,0,0,0,0,0,0,0,0
19.400000000000162,0,0,0,0,0,0,0,0,0,0,0
19.450000000000163,0,0,0,0,0,0,0,0,0,0,0
19.500000000000163,0,0,0,0,0,0,0,0,0,0,0
19.550000000000164,0,0,0,0,0,0,0,0,0,0,0
19.600000000000165,0,0,0,0,0,0,0,0,0,0,0
19.650000000000166,0,0,0,0,0,0,0,0,0,0,0
19.700000000000166,0,0,0,0,0,0,0,0,0,0,0
19.750000000000167,0,0,0,0,0,0,0,0,0,0,0
19.800000000000168,0,0,0,0,0,0,0,0,0,0,0
19.85000000000017,0,0,0,0,0,0,0,0,0,0,0
19.90000000000017,0,0,0,0,0,0,0,0,0,0,0
19.95000000000017,0,0,0,0,0,0,0,0,0,0,0
20.00000000000017,0,0,0,0,0,0,0,0,0,0,0
20.05000000000017,0,0,0,0,0,0,0,0,0,0,0
20.100000000000172,0,0,0,0,0,0,0,0,0,0,0
20.150000000000173,0,0,0,0,0,0,0,0,0,0,0
20.200000000000173,0,0,0,0,0,0,0,0,0,0,0
20.250000000000174,0,0,0,0,0,0,0,0,0,0,0
20.300000000000175,0,0,0,0,0,0,0,0,0,0,0
20.350000000000176,0,0,0,0,0,0,0,0,0,0,0
20.400000000000176,0,0,0,0,0,0,0,0,0,0,0
20.450000000000177,0,0,0,0,0,0,0,0,0,0,0
20.500000000000178,0,0,0,0,0,0,0,0,0,0,0
20.55000000000018,0,0,0,0,0,0,0,0,0,0,0
20.60000000000018,0,0,0,0,0,0,0,0,0,0,0
20.65000000000018,0,0,0,0,0,0,0,0,0,0,0
20.70000000000018,0,0,0,0,0,0,0,0,0,0,0
20.75000000000018,0,0,0,0,0,0,0,0,0,0,0
*****
8,0.05,500,0,0.4,10,100,0.130921998163,0.0853672733114
8,500,500,500,500,500,0,0,0,0,0,0
8.05,498,498,498,498,498,0,0,0,0,0,0
8.100000000000001,491,491,491,491,491,0,0,0,0,0,0
8.150000000000002,481,481,481,481,481,0,0,0,0,0,0
8.200000000000003,452,452,452,452,452,0,0,0,0,0,0
8.250000000000004,499,499,499,499,499,0,0,0,0,0,0
8.300000000000004,517,517,517,517,517,0,0,0,0,0,0
8.350000000000005,493,493,493,493,493,0,0,0,0,0,0
8.400000000000006,493,493,493,493,493,0,0,0,0,0,0
8.450000000000006,498,498,498,498,498,0,0,0,0,0,0
8.500000000000007,448,448,448,448,448,0,0,0,0,0,0
8.550000000000008,485,485,485,485,485,0,0,0,0,0,0
8.600000000000009,515,515,514,515,515,0,0,0,0,0,0
8.65000000000001,504,504,504,504,504,0,0,0,0,0,0
8.70000000000001,468,468,467,468,468,0,0,0,0,0,0
8.75000000000001,454,453,453,454,454,0,0,0,0,0,0
8.800000000000011,522,521,521,522,521,0,0,0,0,0,0
8.850000000000012,502,502,498,502,502,0,0,0,0,0,0
8.900000000000013,498,496,492,498,497,0,0,0,0,0,0
8.950000000000014,453,448,444,453,449,0,0,0,0,0,0
9.000000000000014,490,488,484,490,488,0,0,0,0,0,0
9.050000000000015,483,476,472,483,476,0,0,0,0,0,0
9.100000000000016,467,455,450,467,458,0,0,0,0,0,0
9.150000000000016,462,449,435,462,453,0,0,0,0,0,0
9.200000000000017,471,453,447,471,456,0,0,0,0,0,0
9.250000000000018,487,455,437,487,462,0,0,0,0,0,0
9.300000000000018,463,432,429,463,439,0,0,0,0,0,0
9.35000000000002,515,456,445,513,465,0,0,0,0,0,0
9.40000000000002,495,429,419,494,436,0,0,0,0,0,0
9.45000000000002,504,420,409,501,424,0,0,0,0,0,0
9.500000000000021,487,402,392,479,408,0,0,0,0,0,0
9.550000000000022,492,395,387,480,403,0,0,0,0,0,0
9.600000000000023,489,350,343,481,361,0,0,0,0,0,0
9.650000000000023,448,304,293,431,311,0,0,0,0,0,0
9.700000000000024,492,329,318,472,336,0,0,0,0,0,0
9.750000000000025,496,289,285,465,300,0,0,0,0,0,0
9.800000000000026,491,263,257,443,271,0,0,0,0,0,0
9.850000000000026,468,239,233,398,248,0,0,0,0,0,0
9.900000000000027,499,225,222,413,235,0,0,0,0,0,0
9.950000000000028,503,161,161,368,169,0,0,0,0,0,0
10.000000000000028,472,132,131,345,135,0,0,0,0,0,0
10.05000000000003,488,124,119,308,128,0,0,0,0,0,0
10.10000000000003,494,95,101,292,103,0,0,0,0,0,0
10.15000000000003,517,74,74,250,76,0,0,0,0,0,0
10.200000000000031,476,58,62,180,66,0,0,0,0,0,0
10.250000000000032,487,43,42,149,44,0,0,0,0,0,0
10.300000000000033,496,25,25,111,29,0,0,0,0,0,0
10.350000000000033,454,23,24,71,25,0,0,0,0,0,0
10.400000000000034,514,18,18,61,18,0,0,0,0,0,0
10.450000000000035,522,14,13,49,16,0,0,0,0,0,0
10.500000000000036,497,6,6,41,6,0,0,0,0,0,0
10.550000000000036,466,3,3,21,3,0,0,0,0,0,0
10.600000000000037,481,3,3,11,3,0,0,0,0,0,0
10.650000000000038,501,1,1,5,1,0,0,0,0,0,0
10.700000000000038,468,0,0,2,0,0,0,0,0,0,0
10.750000000000039,477,0,0,0,0,0,0,0,0,0,0
10.80000000000004,500,0,0,1,0,0,0,0,0,0,0
10.85000000000004,511,1,1,1,1,0,0,0,0,0,0
10.900000000000041,477,0,0,1,0,0,0,0,0,0,0
10.950000000000042,494,0,0,0,0,0,0,0,0,0,0
11.000000000000043,460,0,0,0,0,0,0,0,0,0,0
11.050000000000043,475,0,0,0,0,0,0,0,0,0,0
11.100000000000044,496,0,0,0,0,0,0,0,0,0,0
11.150000000000045,511,0,0,0,0,0,0,0,0,0,0
11.200000000000045,496,0,0,0,0,0,0,0,0,0,0
11.250000000000046,460,0,0,0,0,0,0,0,0,0,0
11.300000000000047,497,0,0,0,0,0,0,0,0,0,0
11.350000000000048,463,0,0,0,0,0,0,0,0,0,0
11.400000000000048,469,0,0,0,0,0,0,0,0,0,0
11.450000000000049,494,0,0,0,0,0,0,0,0,0,0
11.50000000000005,456,0,0,0,0,0,0,0,0,0,0
11.55000000000005,470,0,0,0,0,0,0,0,0,0,0
11.600000000000051,485,0,0,0,0,0,0,0,0,0,0
11.650000000000052,475,0,0,0,0,0,0,0,0,0,0
11.700000000000053,497,0,0,0,0,0,0,0,0,0,0
11.750000000000053,507,0,0,0,0,0,0,0,0,0,0
11.800000000000054,482,0,0,0,0,0,0,0,0,0,0
11.850000000000055,455,0,0,0,0,0,0,0,0,0,0
11.900000000000055,489,0,0,0,0,0,0,0,0,0,0
11.950000000000056,503,0,0,0,0,0,0,0,0,0,0
12.000000000000057,493,0,0,0,0,0,0,0,0,0,0
12.050000000000058,536,0,0,0,0,0,0,0,0,0,0
12.100000000000058,463,0,0,0,0,0,0,0,0,0,0
12.150000000000059,467,0,0,0,0,0,0,0,0,0,0
12.20000000000006,475,0,0,0,0,0,0,0,0,0,0
12.25000000000006,472,0,0,0,0,0,0,0,0,0,0
12.300000000000061,528,0,0,0,0,0,0,0,0,0,0
12.350000000000062,536,0,0,0,0,0,0,0,0,0,0
12.400000000000063,469,0,0,0,0,0,0,0,0,0,0
12.450000000000063,503,0,0,0,0,0,0,0,0,0,0
12.500000000000064,479,0,0,0,0,0,0,0,0,0,0
12.550000000000065,511,0,0,0,0,0,0,0,0,0,0
12.600000000000065,498,0,0,0,0,0,0,0,0,0,0
12.650000000000066,454,0,0,0,0,0,0,0,0,0,0
12.700000000000067,489,0,0,0,0,0,0,0,0,0,0
12.750000000000068,497,0,0,0,0,0,0,0,0,0,0
12.800000000000068,487,0,0,0,0,0,0,0,0,0,0
12.850000000000069,498,0,0,0,0,0,0,0,0,0,0
12.90000000000007,478,0,0,0,0,0,0,0,0,0,0
12.95000000000007,467,0,0,0,0,0,0,0,0,0,0
13.000000000000071,493,0,0,0,0,0,0,0,0,0,0
13.050000000000072,532,0,0,0,0,0,0,0,0,0,0
13.100000000000072,510,0,0,0,0,0,0,0,0,0,0
13.150000000000073,483,0,0,0,0,0,0,0,0,0,0
13.200000000000074,499,0,0,0,0,0,0,0,0,0,0
13.250000000000075,451,0,0,0,0,0,0,0,0,0,0
13.300000000000075,466,0,0,0,0,0,0,0,0,0,0
13.350000000000076,489,0,0,0,0,0,0,0,0,0,0
13.400000000000077,496,0,0,0,0,0,0,0,0,0,0
13.450000000000077,488,0,0,0,0,0,0,0,0,0,0
13.500000000000078,484,0,0,0,0,0,0,0,0,0,0
13.550000000000079,518,0,0,0,0,0,0,0,0,0,0
13.60000000000008,488,0,0,0,0,0,0,0,0,0,0
13.65000000000008,475,0,0,0,0,0,0,0,0,0,0
13.700000000000081,481,0,0,0,0,0,0,0,0,0,0
13.750000000000082,486,0,0,0,0,0,0,0,0,0,0
13.800000000000082,492,0,0,0,0,0,0,0,0,0,0
13.850000000000083,481,0,0,0,0,0,0,0,0,0,0
13.900000000000084,498,0,0,0,0,0,0,0,0,0,0
13.950000000000085,479,0,0,0,0,0,0,0,0,0,0
14.000000000000085,479,0,0,0,0,0,0,0,0,0,0
14.050000000000086,482,0,0,0,0,0,0,0,0,0,0
14.100000000000087,476,0,0,0,0,0,0,0,0,0,0
14.150000000000087,474,0,0,0,0,0,0,0,0,0,0
14.200000000000088,470,0,0,0,0,0,0,0,0,0,0
14.250000000000089,500,0,0,0,0,0,0,0,0,0,0
14.30000000000009,502,0,0,0,0,0,0,0,0,0,0
14.35000000000009,484,0,0,0,0,0,0,0,0,0,0
14.400000000000091,508,0,0,0,0,0,0,0,0,0,0
14.450000000000092,477,0,0,0,0,0,0,0,0,0,0
14.500000000000092,471,0,0,0,0,0,0,0,0,0,0
14.550000000000093,468,0,0,0,0,0,0,0,0,0,0
14.600000000000094,467,0,0,0,0,0,0,0,0,0,0
14.650000000000095,522,0,0,0,0,0,0,0,0,0,0
14.700000000000095,455,0,0,0,0,0,0,0,0,0,0
14.750000000000096,521,0,0,0,0,0,0,0,0,0,0
14.800000000000097,460,0,0,0,0,0,0,0,0,0,0
14.850000000000097,467,0,0,0,0,0,0,0,0,0,0
14.900000000000098,467,0,0,0,0,0,0,0,0,0,0
14.950000000000099,482,0,0,0,0,0,0,0,0,0,0
15.0000000000001,472,0,0,0,0,0,0,0,0,0,0
15.0500000000001,484,0,0,0,0,0,0,0,0,0,0
15.100000000000101,491,0,0,0,0,0,0,0,0,0,0
15.150000000000102,483,0,0,0,0,0,0,0,0,0,0
15.200000000000102,472,0,0,0,0,0,0,0,0,0,0
15.250000000000103,512,0,0,0,0,0,0,0,0,0,0
15.300000000000104,494,0,0,0,0,0,0,0,0,0,0
15.350000000000104,496,0,0,0,0,0,0,0,0,0,0
15.400000000000105,475,0,0,0,0,0,0,0,0,0,0
15.450000000000106,460,0,0,0,0,0,0,0,0,0,0
15.500000000000107,498,0,0,0,0,0,0,0,0,0,0
15.550000000000107,495,0,0,0,0,0,0,0,0,0,0
15.600000000000108,480,0,0,0,0,0,0,0,0,0,0
15.650000000000109,479,0,0,0,0,0,0,0,0,0,0
15.70000000000011,475,0,0,0,0,0,0,0,0,0,0
15.75000000000011,477,0,0,0,0,0,0,0,0,0,0
15.80000000000011,488,0,0,0,0,0,0,0,0,0,0
15.850000000000112,498,0,0,0,0,0,0,0,0,0,0
15.900000000000112,454,0,0,0,0,0,0,0,0,0,0
15.950000000000113,457,0,0,0,0,0,0,0,0,0,0
16.000000000000114,458,0,0,0,0,0,0,0,0,0,0
16.050000000000114,381,0,0,0,0,0,0,0,0,0,0
16.100000000000115,336,0,0,0,0,0,0,0,0,0,0
16.150000000000116,282,0,0,0,0,0,0,0,0,0,0
16.200000000000117,214,0,0,0,0,0,0,0,0,0,0
16.250000000000117,164,0,0,0,0,0,0,0,0,0,0
16.300000000000118,85,0,0,0,0,0,0,0,0,0,0
16.35000000000012,23,0,0,0,0,0,0,0,0,0,0
16.40000000000012,0,0,0,0,0,0,0,0,0,0,0
16.45000000000012,0,0,0,0,0,0,0,0,0,0,0
16.50000000000012,0,0,0,0,0,0,0,0,0,0,0
16.55000000000012,0,0,0,0,0,0,0,0,0,0,0
16.600000000000122,0,0,0,0,0,0,0,0,0,0,0
16.650000000000123,0,0,0,0,0,0,0,0,0,0,0
16.700000000000124,0,0,0,0,0,0,0,0,0,0,0
16.750000000000124,0,0,0,0,0,0,0,0,0,0,0
16.800000000000125,0,0,0,0,0,0,0,0,0,0,0
16.850000000000126,0,0,0,0,0,0,0,0,0,0,0
16.900000000000126,0,0,0,0,0,0,0,0,0,0,0
16.950000000000127,0,0,0,0,0,0,0,0,0,0,0
17.000000000000128,0,0,0,0,0,0,0,0,0,0,0
17.05000000000013,0,0,0,0,0,0,0,0,0,0,0
17.10000000000013,0,0,0,0,0,0,0,0,0,0,0
17.15000000000013,0,0,0,0,0,0,0,0,0,0,0
17.20000000000013,0,0,0,0,0,0,0,0,0,0,0
17.25000000000013,0,0,0,0,0,0,0,0,0,0,0
17.300000000000132,0,0,0,0,0,0,0,0,0,0,0
17.350000000000133,0,0,0,0,0,0,0,0,0,0,0
17.400000000000134,0,0,0,0,0,0,0,0,0,0,0
17.450000000000134,0,0,0,0,0,0,0,0,0,0,0
17.500000000000135,0,0,0,0,0,0,0,0,0,0,0
17.550000000000136,0,0,0,0,0,0,0,0,0,0,0
17.600000000000136,0,0,0,0,0,0,0,0,0,0,0
17.650000000000137,0,0,0,0,0,0,0,0,0,0,0
17.700000000000138,0,0,0,0,0,0,0,0,0,0,0
17.75000000000014,0,0,0,0,0,0,0,0,0,0,0
17.80000000000014,0,0,0,0,0,0,0,0,0,0,0
17.85000000000014,0,0,0,0,0,0,0,0,0,0,0
17.90000000000014,0,0,0,0,0,0,0,0,0,0,0
17.95000000000014,0,0,0,0,0,0,0,0,0,0,0
18.000000000000142,0,0,0,0,0,0,0,0,0,0,0
18.050000000000143,0,0,0,0,0,0,0,0,0,0,0
18.100000000000144,0,0,0,0,0,0,0,0,0,0,0
18.150000000000144,0,0,0,0,0,0,0,0,0,0,0
18.200000000000145,0,0,0,0,0,0,0,0,0,0,0
18.250000000000146,0,0,0,0,0,0,0,0,0,0,0
18.300000000000146,0,0,0,0,0,0,0,0,0,0,0
18.350000000000147,0,0,0,0,0,0,0,0,0,0,0
18.400000000000148,0,0,0,0,0,0,0,0,0,0,0
18.45000000000015,0,0,0,0,0,0,0,0,0,0,0
18.50000000000015,0,0,0,0,0,0,0,0,0,0,0
18.55000000000015,0,0,0,0,0,0,0,0,0,0,0
18.60000000000015,0,0,0,0,0,0,0,0,0,0,0
18.65000000000015,0,0,0,0,0,0,0,0,0,0,0
18.700000000000152,0,0,0,0,0,0,0,0,0,0,0
18.750000000000153,0,0,0,0,0,0,0,0,0,0,0
18.800000000000153,0,0,0,0,0,0,0,0,0,0,0
18.850000000000154,0,0,0,0,0,0,0,0,0,0,0
18.900000000000155,0,0,0,0,0,0,0,0,0,0,0
18.950000000000156,0,0,0,0,0,0,0,0,0,0,0
19.000000000000156,0,0,0,0,0,0,0,0,0,0,0
19.050000000000157,0,0,0,0,0,0,0,0,0,0,0
19.100000000000158,0,0,0,0,0,0,0,0,0,0,0
19.15000000000016,0,0,0,0,0,0,0,0,0,0,0
19.20000000000016,0,0,0,0,0,0,0,0,0,0,0
19.25000000000016,0,0,0,0,0,0,0,0,0,0,0
19.30000000000016,0,0,0,0,0,0,0,0,0,0,0
19.35000000000016,0,0,0,0,0,0,0,0,0,0,0
19.400000000000162,0,0,0,0,0,0,0,0,0,0,0
19.450000000000163,0,0,0,0,0,0,0,0,0,0,0
19.500000000000163,0,0,0,0,0,0,0,0,0,0,0
19.550000000000164,0,0,0,0,0,0,0,0,0,0,0
19.600000000000165,0,0,0,0,0,0,0,0,0,0,0
19.650000000000166,0,0,0,0,0,0,0,0,0,0,0
19.700000000000166,0,0,0,0,0,0,0,0,0,0,0
19.750000000000167,0,0,0,0,0,0,0,0,0,0,0
19.800000000000168,0,0,0,0,0,0,0,0,0,0,0
19.85000000000017,0,0,0,0,0,0,0,0,0,0,0
19.90000000000017,0,0,0,0,0,0,0,0,0,0,0
19.95000000000017,0,0,0,0,0,0,0,0,0,0,0
20.00000000000017,0,0,0,0,0,0,0,0,0,0,0
20.05000000000017,0,0,0,0,0,0,0,0,0,0,0
20.100000000000172,0,0,0,0,0,0,0,0,0,0,0
20.150000000000173,0,0,0,0,0,0,0,0,0,0,0
20.200000000000173,0,0,0,0,0,0,0,0,0,0,0
20.250000000000174,0,0,0,0,0,0,0,0,0,0,0
20.300000000000175,0,0,0,0,0,0,0,0,0,0,0
20.350000000000176,0,0,0,0,0,0,0,0,0,0,0
20.400000000000176,0,0,0,0,0,0,0,0,0,0,0
20.450000000000177,0,0,0,0,0,0,0,0,0,0,0
20.500000000000178,0,0,0,0,0,0,0,0,0,0,0
20.55000000000018,0,0,0,0,0,0,0,0,0,0,0
20.60000000000018,0,0,0,0,0,0,0,0,0,0,0
20.65000000000018,0,0,0,0,0,0,0,0,0,0,0
20.70000000000018,0,0,0,0,0,0,0,0,0,0,0
20.75000000000018,0,0,0,0,0,0,0,0,0,0,0
*****
8,0.05,500,0.3,0.7,10,100,0.130921998163,0.0853672733114
8,500,500,500,495,500,0,0,0,0,0,0
8.05,468,468,468,464,468,0,0,0,0,0,0
8.100000000000001,487,487,487,481,487,0,0,0,0,0,0
8.150000000000002,494,494,494,493,494,0,0,0,0,0,0
8.200000000000003,522,522,522,521,522,0,0,0,0,0,0
8.250000000000004,511,511,511,508,511,0,0,0,0,0,0
8.300000000000004,497,497,497,493,497,0,0,0,0,0,0
8.350000000000005,532,532,532,529,532,0,0,0,0,0,0
8.400000000000006,500,500,500,496,500,0,0,0,0,0,0
8.450000000000006,479,479,479,473,479,0,0,0,0,0,0
8.500000000000007,471,469,469,460,469,0,0,0,0,0,0
8.550000000000008,458,456,457,452,457,0,0,0,0,0,0
8.600000000000009,493,492,492,489,492,0,0,0,0,0,0
8.65000000000001,503,501,502,494,502,0,0,0,0,0,0
8.70000000000001,535,530,530,523,531,0,0,0,0,0,0
8.75000000000001,502,495,499,494,499,0,0,0,0,0,0
8.800000000000011,487,480,484,473,484,0,0,0,0,0,0
8.850000000000012,478,464,472,467,472,0,0,0,0,0,0
8.900000000000013,502,480,489,486,489,0,0,0,0,0,0
8.950000000000014,521,496,508,499,508,0,0,0,0,0,0
9.000000000000014,469,444,452,447,454,0,0,0,0,0,0
9.050000000000015,482,454,463,452,464,0,0,0,0,0,0
9.100000000000016,505,457,468,467,471,0,0,0,0,0,0
9.150000000000016,481,422,437,446,440,0,0,0,0,0,0
9.200000000000017,513,439,455,468,459,0,0,0,0,0,0
9.250000000000018,502,411,441,450,444,0,0,0,0,0,0
9.300000000000018,512,426,445,455,447,0,0,0,0,0,0
9.35000000000002,482,368,400,402,403,0,0,0,0,0,0
9.40000000000002,517,389,415,452,418,0,0,0,0,0,0
9.45000000000002,481,354,380,406,383,0,0,0,0,0,0
9.500000000000021,507,342,362,398,366,0,0,0,0,0,0
9.550000000000022,472,299,331,369,334,0,0,0,0,0,0
9.600000000000023,486,291,320,373,323,0,0,0,0,0,0
9.650000000000023,492,265,300,365,303,0,0,0,0,0,0
9.700000000000024,484,270,297,340,297,0,0,0,0,0,0
9.750000000000025,489,223,259,319,261,0,0,0,0,0,0
9.800000000000026,489,226,248,321,248,0,0,0,0,0,0
9.850000000000026,528,219,255,318,256,0,0,0,0,0,0
9.900000000000027,511,174,187,248,192,0,0,0,0,0,0
9.950000000000028,482,145,170,242,171,0,0,0,0,0,0
10.000000000000028,478,133,157,219,159,0,0,0,0,0,0
10.05000000000003,498,132,160,213,160,0,0,0,0,0,0
10.10000000000003,479,109,126,171,128,0,0,0,0,0,0
10.15000000000003,484,100,112,153,113,0,0,0,0,0,0
10.200000000000031,509,88,108,148,108,0,0,0,0,0,0
10.250000000000032,538,67,77,129,78,0,0,0,0,0,0
10.300000000000033,465,41,49,73,49,0,0,0,0,0,0
10.350000000000033,479,39,49,98,49,0,0,0,0,0,0
10.400000000000034,492,35,43,62,43,0,0,0,0,0,0
10.450000000000035,526,21,26,45,26,0,0,0,0,0,0
10.500000000000036,499,23,28,48,28,0,0,0,0,0,0
10.550000000000036,486,23,27,40,27,0,0,0,0,0,0
10.600000000000037,488,10,12,30,12,0,0,0,0,0,0
10.650000000000038,514,10,14,20,14,0,0,0,0,0,0
10.700000000000038,496,9,10,16,10,0,0,0,0,0,0
10.750000000000039,486,7,10,15,10,0,0,0,0,0,0
10.80000000000004,469,2,3,6,3,0,0,0,0,0,0
10.85000000000004,503,2,2,4,2,0,0,0,0,0,0
10.900000000000041,522,2,2,3,2,0,0,0,0,0,0
10.950000000000042,503,2,3,4,3,0,0,0,0,0,0
11.000000000000043,527,1,1,1,1,0,0,0,0,0,0
11.050000000000043,514,0,0,0,0,0,0,0,0,0,0
11.100000000000044,468,0,0,1,0,0,0,0,0,0,0
11.150000000000045,451,0,0,0,0,0,0,0,0,0,0
11.200000000000045,476,0,0,0,0,0,0,0,0,0,0
11.250000000000046,492,1,1,1,1,0,0,0,0,0,0
11.300000000000047,480,0,0,0,0,0,0,0,0,0,0
11.350000000000048,514,0,0,0,0,0,0,0,0,0,0
11.400000000000048,514,0,0,0,0,0,0,0,0,0,0
11.450000000000049,515,0,0,0,0,0,0,0,0,0,0
11.50000000000005,497,0,0,0,0,0,0,0,0,0,0
11.55000000000005,507,0,0,0,0,0,0,0,0,0,0
11.600000000000051,509,0,0,0,0,0,0,0,0,0,0
11.650000000000052,494,0,0,0,0,0,0,0,0,0,0
11.700000000000053,488,0,0,0,0,0,0,0,0,0,0
11.750000000000053,500,0,0,0,0,0,0,0,0,0,0
11.800000000000054,499,0,0,0,0,0,0,0,0,0,0
11.850000000000055,454,0,0,0,0,0,0,0,0,0,0
11.900000000000055,470,0,0,0,0,0,0,0,0,0,0
11.950000000000056,496,0,0,0,0,0,0,0,0,0,0
12.000000000000057,537,0,0,0,0,0,0,0,0,0,0
12.050000000000058,488,0,0,0,0,0,0,0,0,0,0
12.100000000000058,510,0,0,0,0,0,0,0,0,0,0
12.150000000000059,519,0,0,0,0,0,0,0,0,0,0
12.20000000000006,499,0,0,0,0,0,0,0,0,0,0
12.25000000000006,499,0,0,0,0,0,0,0,0,0,0
12.300000000000061,467,0,0,0,0,0,0,0,0,0,0
12.350000000000062,472,0,0,0,0,0,0,0,0,0,0
12.400000000000063,527,0,0,0,0,0,0,0,0,0,0
12.450000000000063,487,0,0,0,0,0,0,0,0,0,0
12.500000000000064,481,0,0,0,0,0,0,0,0,0,0
12.550000000000065,512,0,0,0,0,0,0,0,0,0,0
12.600000000000065,492,0,0,0,0,0,0,0,0,0,0
12.650000000000066,512,0,0,0,0,0,0,0,0,0,0
12.700000000000067,523,0,0,0,0,0,0,0,0,0,0
12.750000000000068,483,0,0,0,0,0,0,0,0,0,0
12.800000000000068,511,0,0,0,0,0,0,0,0,0,0
12.850000000000069,504,0,0,0,0,0,0,0,0,0,0
12.90000000000007,469,0,0,0,0,0,0,0,0,0,0
12.95000000000007,468,0,0,0,0,0,0,0,0,0,0
13.000000000000071,441,0,0,0,0,0,0,0,0,0,0
13.050000000000072,532,0,0,0,0,0,0,0,0,0,0
13.100000000000072,519,0,0,0,0,0,0,0,0,0,0
13.150000000000073,528,0,0,0,0,0,0,0,0,0,0
13.200000000000074,485,0,0,0,0,0,0,0,0,0,0
13.250000000000075,476,0,0,0,0,0,0,0,0,0,0
13.300000000000075,519,0,0,0,0,0,0,0,0,0,0
13.350000000000076,484,0,0,0,0,0,0,0,0,0,0
13.400000000000077,466,0,0,0,0,0,0,0,0,0,0
13.450000000000077,521,0,0,0,0,0,0,0,0,0,0
13.500000000000078,499,0,0,0,0,0,0,0,0,0,0
13.550000000000079,494,0,0,0,0,0,0,0,0,0,0
13.60000000000008,485,0,0,0,0,0,0,0,0,0,0
13.65000000000008,484,0,0,0,0,0,0,0,0,0,0
13.700000000000081,457,0,0,0,0,0,0,0,0,0,0
13.750000000000082,537,0,0,0,0,0,0,0,0,0,0
13.800000000000082,511,0,0,0,0,0,0,0,0,0,0
13.850000000000083,491,0,0,0,0,0,0,0,0,0,0
13.900000000000084,523,0,0,0,0,0,0,0,0,0,0
13.950000000000085,471,0,0,0,0,0,0,0,0,0,0
14.000000000000085,492,0,0,0,0,0,0,0,0,0,0
14.050000000000086,478,0,0,0,0,0,0,0,0,0,0
14.100000000000087,490,0,0,0,0,0,0,0,0,0,0
14.150000000000087,482,0,0,0,0,0,0,0,0,0,0
14.200000000000088,496,0,0,0,0,0,0,0,0,0,0
14.250000000000089,518,0,0,0,0,0,0,0,0,0,0
14.30000000000009,492,0,0,0,0,0,0,0,0,0,0
14.35000000000009,499,0,0,0,0,0,0,0,0,0,0
14.400000000000091,501,0,0,0,0,0,0,0,0,0,0
14.450000000000092,526,0,0,0,0,0,0,0,0,0,0
14.500000000000092,488,0,0,0,0,0,0,0,0,0,0
14.550000000000093,481,0,0,0,0,0,0,0,0,0,0
14.600000000000094,487,0,0,0,0,0,0,0,0,0,0
14.650000000000095,421,0,0,0,0,0,0,0,0,0,0
14.700000000000095,497,0,0,0,0,0,0,0,0,0,0
14.750000000000096,534,0,0,0,0,0,0,0,0,0,0
14.800000000000097,496,0,0,0,0,0,0,0,0,0,0
14.850000000000097,506,0,0,0,0,0,0,0,0,0,0
14.900000000000098,547,0,0,0,0,0,0,0,0,0,0
14.950000000000099,487,0,0,0,0,0,0,0,0,0,0
15.0000000000001,514,0,0,0,0,0,0,0,0,0,0
15.0500000000001,478,0,0,0,0,0,0,0,0,0,0
15.100000000000101,475,0,0,0,0,0,0,0,0,0,0
15.150000000000102,484,0,0,0,0,0,0,0,0,0,0
15.200000000000102,458,0,0,0,0,0,0,0,0,0,0
15.250000000000103,485,0,0,0,0,0,0,0,0,0,0
15.300000000000104,499,0,0,0,0,0,0,0,0,0,0
15.350000000000104,495,0,0,0,0,0,0,0,0,0,0
15.400000000000105,514,0,0,0,0,0,0,0,0,0,0
15.450000000000106,503,0,0,0,0,0,0,0,0,0,0
15.500000000000107,516,0,0,0,0,0,0,0,0,0,0
15.550000000000107,491,0,0,0,0,0,0,0,0,0,0
15.600000000000108,499,0,0,0,0,0,0,0,0,0,0
15.650000000000109,480,0,0,0,0,0,0,0,0,0,0
15.70000000000011,497,0,0,0,0,0,0,0,0,0,0
15.75000000000011,480,0,0,0,0,0,0,0,0,0,0
15.80000000000011,504,0,0,0,0,0,0,0,0,0,0
15.850000000000112,504,0,0,0,0,0,0,0,0,0,0
15.900000000000112,459,0,0,0,0,0,0,0,0,0,0
15.950000000000113,459,0,0,0,0,0,0,0,0,0,0
16.000000000000114,501,0,0,0,0,0,0,0,0,0,0
16.050000000000114,539,0,0,0,0,0,0,0,0,0,0
16.100000000000115,522,0,0,0,0,0,0,0,0,0,0
16.150000000000116,470,0,0,0,0,0,0,0,0,0,0
16.200000000000117,495,0,0,0,0,0,0,0,0,0,0
16.250000000000117,504,0,0,0,0,0,0,0,0,0,0
16.300000000000118,447,0,0,0,0,0,0,0,0,0,0
16.35000000000012,383,0,0,0,0,0,0,0,0,0,0
16.40000000000012,358,0,0,0,0,0,0,0,0,0,0
16.45000000000012,260,0,0,0,0,0,0,0,0,0,0
16.50000000000012,214,0,0,0,0,0,0,0,0,0,0
16.55000000000012,141,0,0,0,0,0,0,0,0,0,0
16.600000000000122,93,0,0,0,0,0,0,0,0,0,0
16.650000000000123,25,0,0,0,0,0,0,0,0,0,0
16.700000000000124,0,0,0,0,0,0,0,0,0,0,0
16.750000000000124,0,0,0,0,0,0,0,0,0,0,0
16.800000000000125,0,0,0,0,0,0,0,0,0,0,0
16.850000000000126,0,0,0,0,0,0,0,0,0,0,0
16.900000000000126,0,0,0,0,0,0,0,0,0,0,0
16.950000000000127,0,0,0,0,0,0,0,0,0,0,0
17.000000000000128,0,0,0,0,0,0,0,0,0,0,0
17.05000000000013,0,0,0,0,0,0,0,0,0,0,0
17.10000000000013,0,0,0,0,0,0,0,0,0,0,0
17.15000000000013,0,0,0,0,0,0,0,0,0,0,0
17.20000000000013,0,0,0,0,0,0,0,0,0,0,0
17.25000000000013,0,0,0,0,0,0,0,0,0,0,0
17.300000000000132,0,0,0,0,0,0,0,0,0,0,0
17.350000000000133,0,0,0,0,0,0,0,0,0,0,0
17.400000000000134,0,0,0,0,0,0,0,0,0,0,0
17.450000000000134,0,0,0,0,0,0,0,0,0,0,0
17.500000000000135,0,0,0,0,0,0,0,0,0,0,0
17.550000000000136,0,0,0,0,0,0,0,0,0,0,0
17.600000000000136,0,0,0,0,0,0,0,0,0,0,0
17.650000000000137,0,0,0,0,0,0,0,0,0,0,0
17.700000000000138,0,0,0,0,0,0,0,0,0,0,0
17.75000000000014,0,0,0,0,0,0,0,0,0,0,0
17.80000000000014,0,0,0,0,0,0,0,0,0,0,0
17.85000000000014,0,0,0,0,0,0,0,0,0,0,0
17.90000000000014,0,0,0,0,0,0,0,0,0,0,0
17.95000000000014,0,0,0,0,0,0,0,0,0,0,0
18.000000000000142,0,0,0,0,0,0,0,0,0,0,0
18.050000000000143,0,0,0,0,0,0,0,0,0,0,0
18.100000000000144,0,0,0,0,0,0,0,0,0,0,0
18.150000000000144,0,0,0,0,0,0,0,0,0,0,0
18.200000000000145,0,0,0,0,0,0,0,0,0,0,0
18.250000000000146,0,0,0,0,0,0,0,0,0,0,0
18.300000000000146,0,0,0,0,0,0,0,0,0,0,0
18.350000000000147,0,0,0,0,0,0,0,0,0,0,0
18.400000000000148,0,0,0,0,0,0,0,0,0,0,0
18.45000000000015,0,0,0,0,0,0,0,0,0,0,0
18.50000000000015,0,0,0,0,0,0,0,0,0,0,0
18.55000000000015,0,0,0,0,0,0,0,0,0,0,0
18.60000000000015,0,0,0,0,0,0,0,0,0,0,0
18.65000000000015,0,0,0,0,0,0,0,0,0,0,0
18.700000000000152,0,0,0,0,0,0,0,0,0,0,0
18.750000000000153,0,0,0,0,0,0,0,0,0,0,0
18.800000000000153,0,0,0,0,0,0,0,0,0,0,0
18.850000000000154,0,0,0,0,0,0,0,0,0,0,0
18.900000000000155,0,0,0,0,0,0,0,0,0,0,0
18.950000000000156,0,0,0,0,0,0,0,0,0,0,0
19.000000000000156,0,0,0,0,0,0,0,0,0,0,0
19.050000000000157,0,0,0,0,0,0,0,0,0,0,0
19.100000000000158,0,0,0,0,0,0,0,0,0,0,0
19.15000000000016,0,0,0,0,0,0,0,0,0,0,0
19.20000000000016,0,0,0,0,0,0,0,0,0,0,0
19.25000000000016,0,0,0,0,0,0,0,0,0,0,0
19.30000000000016,0,0,0,0,0,0,0,0,0,0,0
19.35000000000016,0,0,0,0,0,0,0,0,0,0,0
19.400000000000162,0,0,0,0,0,0,0,0,0,0,0
19.450000000000163,0,0,0,0,0,0,0,0,0,0,0
19.500000000000163,0,0,0,0,0,0,0,0,0,0,0
19.550000000000164,0,0,0,0,0,0,0,0,0,0,0
19.600000000000165,0,0,0,0,0,0,0,0,0,0,0
19.650000000000166,0,0,0,0,0,0,0,0,0,0,0
19.700000000000166,0,0,0,0,0,0,0,0,0,0,0
19.750000000000167,0,0,0,0,0,0,0,0,0,0,0
19.800000000000168,0,0,0,0,0,0,0,0,0,0,0
19.85000000000017,0,0,0,0,0,0,0,0,0,0,0
19.90000000000017,0,0,0,0,0,0,0,0,0,0,0
19.95000000000017,0,0,0,0,0,0,0,0,0,0,0
20.00000000000017,0,0,0,0,0,0,0,0,0,0,0
20.05000000000017,0,0,0,0,0,0,0,0,0,0,0
20.100000000000172,0,0,0,0,0,0,0,0,0,0,0
20.150000000000173,0,0,0,0,0,0,0,0,0,0,0
20.200000000000173,0,0,0,0,0,0,0,0,0,0,0
20.250000000000174,0,0,0,0,0,0,0,0,0,0,0
20.300000000000175,0,0,0,0,0,0,0,0,0,0,0
20.350000000000176,0,0,0,0,0,0,0,0,0,0,0
20.400000000000176,0,0,0,0,0,0,0,0,0,0,0
20.450000000000177,0,0,0,0,0,0,0,0,0,0,0
20.500000000000178,0,0,0,0,0,0,0,0,0,0,0
20.55000000000018,0,0,0,0,0,0,0,0,0,0,0
20.60000000000018,0,0,0,0,0,0,0,0,0,0,0
20.65000000000018,0,0,0,0,0,0,0,0,0,0,0
20.70000000000018,0,0,0,0,0,0,0,0,0,0,0
20.75000000000018,0,0,0,0,0,0,0,0,0,0,0
*****
8,0.05,500,0.6,1,10,100,0.130921998163,0.0853672733114
8,500,62,85,77,85,0,0,0,0,0,0
8.05,470,36,67,67,67,0,0,0,0,0,0
8.100000000000001,459,29,78,92,78,0,0,0,0,0,0
8.150000000000002,507,23,58,78,58,0,0,0,0,0,0
8.200000000000003,468,28,56,63,56,0,0,0,0,0,0
8.250000000000004,451,49,61,64,61,0,0,0,0,0,0
8.300000000000004,504,64,76,91,76,0,0,0,0,0,0
8.350000000000005,482,53,69,81,69,0,0,0,0,0,0
8.400000000000006,498,36,69,87,69,0,0,0,0,0,0
8.450000000000006,455,15,42,88,42,0,0,0,0,0,0
8.500000000000007,468,11,31,71,31,0,0,0,0,0,0
8.550000000000008,433,9,22,39,22,0,0,0,0,0,0
8.600000000000009,499,27,46,53,46,0,0,0,0,0,0
8.65000000000001,460,21,45,38,45,0,0,0,0,0,0
8.70000000000001,459,18,45,45,45,0,0,0,0,0,0
8.75000000000001,473,16,34,29,34,0,0,0,0,0,0
8.800000000000011,478,5,30,30,30,0,0,0,0,0,0
8.850000000000012,477,1,22,20,22,0,0,0,0,0,0
8.900000000000013,507,4,13,20,13,0,0,0,0,0,0
8.950000000000014,469,4,17,15,17,0,0,0,0,0,0
9.000000000000014,487,2,4,5,4,0,0,0,0,0,0
9.050000000000015,493,1,6,6,6,0,0,0,0,0,0
9.100000000000016,479,4,4,5,4,0,0,0,0,0,0
9.150000000000016,453,1,8,7,8,0,0,0,0,0,0
9.200000000000017,448,4,4,6,4,0,0,0,0,0,0
9.250000000000018,457,0,5,3,5,0,0,0,0,0,0
9.300000000000018,470,0,1,3,1,0,0,0,0,0,0
9.35000000000002,499,0,2,2,2,0,0,0,0,0,0
9.40000000000002,478,0,1,1,1,0,0,0,0,0,0
9.45000000000002,460,0,0,0,0,0,0,0,0,0,0
9.500000000000021,463,0,0,0,0,0,0,0,0,0,0
9.550000000000022,504,0,0,1,0,0,0,0,0,0,0
9.600000000000023,485,0,0,0,0,0,0,0,0,0,0
9.650000000000023,488,0,0,0,0,0,0,0,0,0,0
9.700000000000024,487,0,0,1,0,0,0,0,0,0,0
9.750000000000025,463,0,0,0,0,0,0,0,0,0,0
9.800000000000026,457,0,0,0,0,0,0,0,0,0,0
9.850000000000026,490,0,0,0,0,0,0,0,0,0,0
9.900000000000027,469,0,1,1,1,0,0,0,0,0,0
9.950000000000028,511,0,0,0,0,0,0,0,0,0,0
10.000000000000028,420,0,0,0,0,0,0,0,0,0,0
10.05000000000003,457,0,0,0,0,0,0,0,0,0,0
10.10000000000003,476,0,0,0,0,0,0,0,0,0,0
10.15000000000003,503,0,0,0,0,0,0,0,0,0,0
10.200000000000031,436,0,0,0,0,0,0,0,0,0,0
10.250000000000032,524,0,0,0,0,0,0,0,0,0,0
10.300000000000033,476,0,0,0,0,0,0,0,0,0,0
10.350000000000033,466,0,0,0,0,0,0,0,0,0,0
10.400000000000034,498,0,0,0,0,0,0,0,0,0,0
10.450000000000035,414,0,0,0,0,0,0,0,0,0,0
10.500000000000036,466,0,0,0,0,0,0,0,0,0,0
10.550000000000036,475,0,0,0,0,0,0,0,0,0,0
10.600000000000037,479,0,0,0,0,0,0,0,0,0,0
10.650000000000038,461,0,0,0,0,0,0,0,0,0,0
10.700000000000038,488,0,0,0,0,0,0,0,0,0,0
10.750000000000039,477,0,0,0,0,0,0,0,0,0,0
10.80000000000004,486,0,0,0,0,0,0,0,0,0,0
10.85000000000004,484,0,0,0,0,0,0,0,0,0,0
10.900000000000041,491,0,0,0,0,0,0,0,0,0,0
10.950000000000042,450,0,0,0,0,0,0,0,0,0,0
11.000000000000043,483,0,0,0,0,0,0,0,0,0,0
11.050000000000043,474,0,0,0,0,0,0,0,0,0,0
11.100000000000044,470,0,0,0,0,0,0,0,0,0,0
11.150000000000045,523,0,0,0,0,0,0,0,0,0,0
11.200000000000045,478,0,0,0,0,0,0,0,0,0,0
11.250000000000046,501,0,0,0,0,0,0,0,0,0,0
11.300000000000047,459,0,0,0,0,0,0,0,0,0,0
11.350000000000048,410,0,0,0,0,0,0,0,0,0,0
11.400000000000048,484,0,0,0,0,0,0,0,0,0,0
11.450000000000049,494,0,0,0,0,0,0,0,0,0,0
11.50000000000005,496,0,0,0,0,0,0,0,0,0,0
11.55000000000005,463,0,0,0,0,0,0,0,0,0,0
11.600000000000051,457,0,0,0,0,0,0,0,0,0,0
11.650000000000052,441,0,0,0,0,0,0,0,0,0,0
11.700000000000053,448,0,0,0,0,0,0,0,0,0,0
11.750000000000053,458,0,0,0,0,0,0,0,0,0,0
11.800000000000054,477,0,0,0,0,0,0,0,0,0,0
11.850000000000055,496,0,0,0,0,0,0,0,0,0,0
11.900000000000055,473,0,0,0,0,0,0,0,0,0,0
11.950000000000056,489,0,0,0,0,0,0,0,0,0,0
12.000000000000057,458,0,0,0,0,0,0,0,0,0,0
12.050000000000058,501,0,0,0,0,0,0,0,0,0,0
12.100000000000058,484,0,0,0,0,0,0,0,0,0,0
12.150000000000059,542,0,0,0,0,0,0,0,0,0,0
12.20000000000006,477,0,0,0,0,0,0,0,0,0,0
12.25000000000006,444,0,0,0,0,0,0,0,0,0,0
12.300000000000061,443,0,0,0,0,0,0,0,0,0,0
12.350000000000062,483,0,0,0,0,0,0,0,0,0,0
12.400000000000063,442,0,0,0,0,0,0,0,0,0,0
12.450000000000063,461,0,0,0,0,0,0,0,0,0,0
12.500000000000064,479,0,0,0,0,0,0,0,0,0,0
12.550000000000065,473,0,0,0,0,0,0,0,0,0,0
12.600000000000065,465,0,0,0,0,0,0,0,0,0,0
12.650000000000066,483,0,0,0,0,0,0,0,0,0,0
12.700000000000067,467,0,0,0,0,0,0,0,0,0,0
12.750000000000068,463,0,0,0,0,0,0,0,0,0,0
12.800000000000068,512,0,0,0,0,0,0,0,0,0,0
12.850000000000069,481,0,0,0,0,0,0,0,0,0,0
12.90000000000007,499,0,0,0,0,0,0,0,0,0,0
12.95000000000007,485,0,0,0,0,0,0,0,0,0,0
13.000000000000071,472,0,0,0,0,0,0,0,0,0,0
13.050000000000072,470,0,0,0,0,0,0,0,0,0,0
13.100000000000072,460,0,0,0,0,0,0,0,0,0,0
13.150000000000073,463,0,0,0,0,0,0,0,0,0,0
13.200000000000074,471,0,0,0,0,0,0,0,0,0,0
13.250000000000075,454,0,0,0,0,0,0,0,0,0,0
13.300000000000075,501,0,0,0,0,0,0,0,0,0,0
13.350000000000076,476,0,0,0,0,0,0,0,0,0,0
13.400000000000077,479,0,0,0,0,0,0,0,0,0,0
13.450000000000077,446,0,0,0,0,0,0,0,0,0,0
13.500000000000078,457,0,0,0,0,0,0,0,0,0,0
13.550000000000079,497,0,0,0,0,0,0,0,0,0,0
13.60000000000008,453,0,0,0,0,0,0,0,0,0,0
13.65000000000008,457,0,0,0,0,0,0,0,0,0,0
13.700000000000081,503,0,0,0,0,0,0,0,0,0,0
13.750000000000082,491,0,0,0,0,0,0,0,0,0,0
13.800000000000082,503,0,0,0,0,0,0,0,0,0,0
13.850000000000083,468,0,0,0,0,0,0,0,0,0,0
13.900000000000084,466,0,0,0,0,0,0,0,0,0,0
13.950000000000085,458,0,0,0,0,0,0,0,0,0,0
14.000000000000085,467,0,0,0,0,0,0,0,0,0,0
14.050000000000086,453,0,0,0,0,0,0,0,0,0,0
14.100000000000087,470,0,0,0,0,0,0,0,0,0,0
14.150000000000087,458,0,0,0,0,0,0,0,0,0,0
14.200000000000088,474,0,0,0,0,0,0,0,0,0,0
14.250000000000089,452,0,0,0,0,0,0,0,0,0,0
14.30000000000009,482,0,0,0,0,0,0,0,0,0,0
14.35000000000009,469,0,0,0,0,0,0,0,0,0,0
14.400000000000091,510,0,0,0,0,0,0,0,0,0,0
14.450000000000092,495,0,0,0,0,0,0,0,0,0,0
14.500000000000092,477,0,0,0,0,0,0,0,0,0,0
14.550000000000093,508,0,0,0,0,0,0,0,0,0,0
14.600000000000094,477,0,0,0,0,0,0,0,0,0,0
14.650000000000095,483,0,0,0,0,0,0,0,0,0,0
14.700000000000095,480,0,0,0,0,0,0,0,0,0,0
14.750000000000096,449,0,0,0,0,0,0,0,0,0,0
14.800000000000097,430,0,0,0,0,0,0,0,0,0,0
14.850000000000097,478,0,0,0,0,0,0,0,0,0,0
14.900000000000098,444,0,0,0,0,0,0,0,0,0,0
14.950000000000099,441,0,0,0,0,0,0,0,0,0,0
15.0000000000001,475,0,0,0,0,0,0,0,0,0,0
15.0500000000001,478,0,0,0,0,0,0,0,0,0,0
15.100000000000101,524,0,0,0,0,0,0,0,0,0,0
15.150000000000102,466,0,0,0,0,0,0,0,0,0,0
15.200000000000102,491,0,0,0,0,0,0,0,0,0,0
15.250000000000103,461,0,0,0,0,0,0,0,0,0,0
15.300000000000104,517,0,0,0,0,0,0,0,0,0,0
15.350000000000104,466,0,0,0,0,0,0,0,0,0,0
15.400000000000105,441,0,0,0,0,0,0,0,0,0,0
15.450000000000106,478,0,0,0,0,0,0,0,0,0,0
15.500000000000107,488,0,0,0,0,0,0,0,0,0,0
15.550000000000107,478,0,0,0,0,0,0,0,0,0,0
15.600000000000108,457,0,0,0,0,0,0,0,0,0,0
15.650000000000109,486,0,0,0,0,0,0,0,0,0,0
15.70000000000011,473,0,0,0,0,0,0,0,0,0,0
15.75000000000011,454,0,0,0,0,0,0,0,0,0,0
15.80000000000011,473,0,0,0,0,0,0,0,0,0,0
15.850000000000112,463,0,0,0,0,0,0,0,0,0,0
15.900000000000112,489,0,0,0,0,0,0,0,0,0,0
15.950000000000113,462,0,0,0,0,0,0,0,0,0,0
16.000000000000114,474,0,0,0,0,0,0,0,0,0,0
16.050000000000114,514,0,0,0,0,0,0,0,0,0,0
16.100000000000115,500,0,0,0,0,0,0,0,0,0,0
16.150000000000116,474,0,0,0,0,0,0,0,0,0,0
16.200000000000117,441,0,0,0,0,0,0,0,0,0,0
16.250000000000117,479,0,0,0,0,0,0,0,0,0,0
16.300000000000118,478,0,0,0,0,0,0,0,0,0,0
16.35000000000012,461,0,0,0,0,0,0,0,0,0,0
16.40000000000012,504,0,0,0,0,0,0,0,0,0,0
16.45000000000012,460,0,0,0,0,0,0,0,0,0,0
16.50000000000012,440,0,0,0,0,0,0,0,0,0,0
16.55000000000012,444,0,0,0,0,0,0,0,0,0,0
16.600000000000122,454,0,0,0,0,0,0,0,0,0,0
16.650000000000123,412,0,0,0,0,0,0,0,0,0,0
16.700000000000124,321,0,0,0,0,0,0,0,0,0,0
16.750000000000124,254,0,0,0,0,0,0,0,0,0,0
16.800000000000125,209,0,0,0,0,0,0,0,0,0,0
16.850000000000126,142,0,0,0,0,0,0,0,0,0,0
16.900000000000126,107,0,0,0,0,0,0,0,0,0,0
16.950000000000127,23,0,0,0,0,0,0,0,0,0,0
17.000000000000128,0,0,0,0,0,0,0,0,0,0,0
17.05000000000013,0,0,0,0,0,0,0,0,0,0,0
17.10000000000013,0,0,0,0,0,0,0,0,0,0,0
17.15000000000013,0,0,0,0,0,0,0,0,0,0,0
17.20000000000013,0,0,0,0,0,0,0,0,0,0,0
17.25000000000013,0,0,0,0,0,0,0,0,0,0,0
17.300000000000132,0,0,0,0,0,0,0,0,0,0,0
17.350000000000133,0,0,0,0,0,0,0,0,0,0,0
17.400000000000134,0,0,0,0,0,0,0,0,0,0,0
17.450000000000134,0,0,0,0,0,0,0,0,0,0,0
17.500000000000135,0,0,0,0,0,0,0,0,0,0,0
17.550000000000136,0,0,0,0,0,0,0,0,0,0,0
17.600000000000136,0,0,0,0,0,0,0,0,0,0,0
17.650000000000137,0,0,0,0,0,0,0,0,0,0,0
17.700000000000138,0,0,0,0,0,0,0,0,0,0,0
17.75000000000014,0,0,0,0,0,0,0,0,0,0,0
17.80000000000014,0,0,0,0,0,0,0,0,0,0,0
17.85000000000014,0,0,0,0,0,0,0,0,0,0,0
17.90000000000014,0,0,0,0,0,0,0,0,0,0,0
17.95000000000014,0,0,0,0,0,0,0,0,0,0,0
18.000000000000142,0,0,0,0,0,0,0,0,0,0,0
18.050000000000143,0,0,0,0,0,0,0,0,0,0,0
18.100000000000144,0,0,0,0,0,0,0,0,0,0,0
18.150000000000144,0,0,0,0,0,0,0,0,0,0,0
18.200000000000145,0,0,0,0,0,0,0,0,0,0,0
18.250000000000146,0,0,0,0,0,0,0,0,0,0,0
18.300000000000146,0,0,0,0,0,0,0,0,0,0,0
18.350000000000147,0,0,0,0,0,0,0,0,0,0,0
18.400000000000148,0,0,0,0,0,0,0,0,0,0,0
18.45000000000015,0,0,0,0,0,0,0,0,0,0,0
18.50000000000015,0,0,0,0,0,0,0,0,0,0,0
18.55000000000015,0,0,0,0,0,0,0,0,0,0,0
18.60000000000015,0,0,0,0,0,0,0,0,0,0,0
18.65000000000015,0,0,0,0,0,0,0,0,0,0,0
18.700000000000152,0,0,0,0,0,0,0,0,0,0,0
18.750000000000153,0,0,0,0,0,0,0,0,0,0,0
18.800000000000153,0,0,0,0,0,0,0,0,0,0,0
18.850000000000154,0,0,0,0,0,0,0,0,0,0,0
18.900000000000155,0,0,0,0,0,0,0,0,0,0,0
18.950000000000156,0,0,0,0,0,0,0,0,0,0,0
19.000000000000156,0,0,0,0,0,0,0,0,0,0,0
19.050000000000157,0,0,0,0,0,0,0,0,0,0,0
19.100000000000158,0,0,0,0,0,0,0,0,0,0,0
19.15000000000016,0,0,0,0,0,0,0,0,0,0,0
19.20000000000016,0,0,0,0,0,0,0,0,0,0,0
19.25000000000016,0,0,0,0,0,0,0,0,0,0,0
19.30000000000016,0,0,0,0,0,0,0,0,0,0,0
19.35000000000016,0,0,0,0,0,0,0,0,0,0,0
19.400000000000162,0,0,0,0,0,0,0,0,0,0,0
19.450000000000163,0,0,0,0,0,0,0,0,0,0,0
19.500000000000163,0,0,0,0,0,0,0,0,0,0,0
19.550000000000164,0,0,0,0,0,0,0,0,0,0,0
19.600000000000165,0,0,0,0,0,0,0,0,0,0,0
19.650000000000166,0,0,0,0,0,0,0,0,0,0,0
19.700000000000166,0,0,0,0,0,0,0,0,0,0,0
19.750000000000167,0,0,0,0,0,0,0,0,0,0,0
19.800000000000168,0,0,0,0,0,0,0,0,0,0,0
19.85000000000017,0,0,0,0,0,0,0,0,0,0,0
19.90000000000017,0,0,0,0,0,0,0,0,0,0,0
19.95000000000017,0,0,0,0,0,0,0,0,0,0,0
20.00000000000017,0,0,0,0,0,0,0,0,0,0,0
20.05000000000017,0,0,0,0,0,0,0,0,0,0,0
20.100000000000172,0,0,0,0,0,0,0,0,0,0,0
20.150000000000173,0,0,0,0,0,0,0,0,0,0,0
20.200000000000173,0,0,0,0,0,0,0,0,0,0,0
20.250000000000174,0,0,0,0,0,0,0,0,0,0,0
20.300000000000175,0,0,0,0,0,0,0,0,0,0,0
20.350000000000176,0,0,0,0,0,0,0,0,0,0,0
20.400000000000176,0,0,0,0,0,0,0,0,0,0,0
20.450000000000177,0,0,0,0,0,0,0,0,0,0,0
20.500000000000178,0,0,0,0,0,0,0,0,0,0,0
20.55000000000018,0,0,0,0,0,0,0,0,0,0,0
20.60000000000018,0,0,0,0,0,0,0,0,0,0,0
20.65000000000018,0,0,0,0,0,0,0,0,0,0,0
20.70000000000018,0,0,0,0,0,0,0,0,0,0,0
20.75000000000018,0,0,0,0,0,0,0,0,0,0,0
