*****
8,0.05,500,0,0.4,10,100,0.39276599448899996,0.1280509099671
8,500,500,460,500,500,0,0,0,0,0,0
8.05,500,500,456,500,500,0,0,0,0,0,0
8.100000000000001,455,455,397,455,455,0,0,0,0,0,0
8.150000000000002,472,472,394,472,472,0,0,0,0,0,0
8.200000000000003,469,469,394,469,469,0,0,0,0,0,0
8.250000000000004,528,528,440,528,528,0,0,0,0,0,0
8.300000000000004,492,492,404,491,492,0,0,0,0,0,0
8.350000000000005,462,462,354,462,462,0,0,0,0,0,0
8.400000000000006,484,484,354,483,484,0,0,0,0,0,0
8.450000000000006,476,476,345,475,476,0,0,0,0,0,0
8.500000000000007,476,476,316,474,476,0,0,0,0,0,0
8.550000000000008,459,456,290,456,459,0,0,0,0,0,0
8.600000000000009,503,500,304,499,502,0,0,0,0,0,0
8.65000000000001,530,524,315,529,526,0,0,0,0,0,0
8.70000000000001,503,498,275,501,500,0,0,0,0,0,0
8.75000000000001,508,495,254,502,498,0,0,0,0,0,0
8.800000000000011,467,449,215,458,453,0,0,0,0,0,0
8.850000000000012,475,459,193,469,464,0,0,0,0,0,0
8.900000000000013,479,454,194,467,466,0,0,0,0,0,0
8.950000000000014,493,459,191,480,475,0,0,0,0,0,0
9.000000000000014,506,468,170,493,481,0,0,0,0,0,0
9.050000000000015,467,422,139,459,441,0,0,0,0,0,0
9.100000000000016,518,453,144,491,478,0,0,0,0,0,0
9.150000000000016,471,396,135,450,421,0,0,0,0,0,0
9.200000000000017,457,360,81,427,392,0,0,0,0,0,0
9.250000000000018,484,353,87,454,395,0,0,0,0,0,0
9.300000000000018,449,325,72,410,360,0,0,0,0,0,0
9.35000000000002,509,308,76,454,370,0,0,0,0,0,0
9.40000000000002,481,301,74,412,346,0,0,0,0,0,0
9.45000000000002,521,269,48,436,337,0,0,0,0,0,0
9.500000000000021,491,227,35,390,275,0,0,0,0,0,0
9.550000000000022,432,171,33,320,215,0,0,0,0,0,0
9.600000000000023,512,183,32,364,237,0,0,0,0,0,0
9.650000000000023,482,151,29,323,210,0,0,0,0,0,0
9.700000000000024,499,136,21,306,191,0,0,0,0,0,0
9.750000000000025,469,111,16,254,158,0,0,0,0,0,0
9.800000000000026,475,93,21,235,133,0,0,0,0,0,0
9.850000000000026,476,81,6,208,115,0,0,0,0,0,0
9.900000000000027,484,61,11,196,92,0,0,0,0,0,0
9.950000000000028,469,40,3,139,55,0,0,0,0,0,0
10.000000000000028,510,48,8,149,78,0,0,0,0,0,0
10.05000000000003,497,31,4,138,53,0,0,0,0,0,0
10.10000000000003,508,37,7,123,54,0,0,0,0,0,0
10.15000000000003,477,18,1,100,35,0,0,0,0,0,0
10.200000000000031,478,12,0,58,17,0,0,0,0,0,0
10.250000000000032,497,9,0,51,17,0,0,0,0,0,0
10.300000000000033,501,2,0,40,8,0,0,0,0,0,0
10.350000000000033,491,2,0,27,7,0,0,0,0,0,0
10.400000000000034,461,6,0,23,9,0,0,0,0,0,0
10.450000000000035,485,4,2,16,11,0,0,0,0,0,0
10.500000000000036,495,4,2,12,8,0,0,0,0,0,0
10.550000000000036,535,1,0,5,2,0,0,0,0,0,0
10.600000000000037,488,0,0,5,2,0,0,0,0,0,0
10.650000000000038,466,2,0,6,4,0,0,0,0,0,0
10.700000000000038,457,0,0,5,1,0,0,0,0,0,0
10.750000000000039,491,0,0,4,1,0,0,0,0,0,0
10.80000000000004,503,0,0,1,0,0,0,0,0,0,0
10.85000000000004,507,0,0,2,1,0,0,0,0,0,0
10.900000000000041,474,0,0,0,0,0,0,0,0,0,0
10.950000000000042,484,0,0,0,0,0,0,0,0,0,0
11.000000000000043,510,1,0,1,1,0,0,0,0,0,0
11.050000000000043,457,0,0,0,0,0,0,0,0,0,0
11.100000000000044,458,0,0,0,0,0,0,0,0,0,0
11.150000000000045,497,0,0,1,1,0,0,0,0,0,0
11.200000000000045,507,0,0,1,0,0,0,0,0,0,0
11.250000000000046,497,0,0,0,0,0,0,0,0,0,0
11.300000000000047,479,0,0,0,0,0,0,0,0,0,0
11.350000000000048,472,0,0,0,0,0,0,0,0,0,0
11.400000000000048,462,0,0,0,0,0,0,0,0,0,0
11.450000000000049,488,0,0,0,0,0,0,0,0,0,0
11.50000000000005,492,0,0,0,0,0,0,0,0,0,0
11.55000000000005,469,0,0,0,0,0,0,0,0,0,0
11.600000000000051,506,0,0,0,0,0,0,0,0,0,0
11.650000000000052,470,0,0,0,0,0,0,0,0,0,0
11.700000000000053,505,0,0,0,0,0,0,0,0,0,0
11.750000000000053,467,0,0,0,0,0,0,0,0,0,0
11.800000000000054,472,0,0,0,0,0,0,0,0,0,0
11.850000000000055,477,0,0,0,0,0,0,0,0,0,0
11.900000000000055,469,0,0,0,0,0,0,0,0,0,0
11.950000000000056,520,0,0,0,0,0,0,0,0,0,0
12.000000000000057,475,0,0,0,0,0,0,0,0,0,0
12.050000000000058,465,0,0,0,0,0,0,0,0,0,0
12.100000000000058,505,0,0,0,0,0,0,0,0,0,0
12.150000000000059,492,0,0,0,0,0,0,0,0,0,0
12.20000000000006,492,0,0,0,0,0,0,0,0,0,0
12.25000000000006,455,0,0,0,0,0,0,0,0,0,0
12.300000000000061,531,0,0,0,0,0,0,0,0,0,0
12.350000000000062,497,0,0,0,0,0,0,0,0,0,0
12.400000000000063,461,0,0,0,0,0,0,0,0,0,0
12.450000000000063,506,0,0,0,0,0,0,0,0,0,0
12.500000000000064,501,0,0,0,0,0,0,0,0,0,0
12.550000000000065,464,0,0,0,0,0,0,0,0,0,0
12.600000000000065,467,0,0,0,0,0,0,0,0,0,0
12.650000000000066,510,0,0,0,0,0,0,0,0,0,0
12.700000000000067,479,0,0,0,0,0,0,0,0,0,0
12.750000000000068,484,0,0,0,0,0,0,0,0,0,0
12.800000000000068,490,0,0,0,0,0,0,0,0,0,0
12.850000000000069,470,0,0,0,0,0,0,0,0,0,0
12.90000000000007,498,0,0,0,0,0,0,0,0,0,0
12.95000000000007,484,0,0,0,0,0,0,0,0,0,0
13.000000000000071,471,0,0,0,0,0,0,0,0,0,0
13.050000000000072,524,0,0,0,0,0,0,0,0,0,0
13.100000000000072,493,0,0,0,0,0,0,0,0,0,0
13.150000000000073,452,0,0,0,0,0,0,0,0,0,0
13.200000000000074,475,0,0,0,0,0,0,0,0,0,0
13.250000000000075,482,0,0,0,0,0,0,0,0,0,0
13.300000000000075,511,0,0,0,0,0,0,0,0,0,0
13.350000000000076,516,0,0,0,0,0,0,0,0,0,0
13.400000000000077,490,0,0,0,0,0,0,0,0,0,0
13.450000000000077,438,0,0,0,0,0,0,0,0,0,0
13.500000000000078,470,0,0,0,0,0,0,0,0,0,0
13.550000000000079,465,0,0,0,0,0,0,0,0,0,0
13.60000000000008,471,0,0,0,0,0,0,0,0,0,0
13.65000000000008,494,0,0,0,0,0,0,0,0,0,0
13.700000000000081,482,0,0,0,0,0,0,0,0,0,0
13.750000000000082,439,0,0,0,0,0,0,0,0,0,0
13.800000000000082,491,0,0,0,0,0,0,0,0,0,0
13.850000000000083,502,0,0,0,0,0,0,0,0,0,0
13.900000000000084,528,0,0,0,0,0,0,0,0,0,0
13.950000000000085,507,0,0,0,0,0,0,0,0,0,0
14.000000000000085,485,0,0,0,0,0,0,0,0,0,0
14.050000000000086,488,0,0,0,0,0,0,0,0,0,0
14.100000000000087,430,0,0,0,0,0,0,0,0,0,0
14.150000000000087,511,0,0,0,0,0,0,0,0,0,0
14.200000000000088,471,0,0,0,0,0,0,0,0,0,0
14.250000000000089,494,0,0,0,0,0,0,0,0,0,0
14.30000000000009,491,0,0,0,0,0,0,0,0,0,0
14.35000000000009,532,0,0,0,0,0,0,0,0,0,0
14.400000000000091,455,0,0,0,0,0,0,0,0,0,0
14.450000000000092,489,0,0,0,0,0,0,0,0,0,0
14.500000000000092,484,0,0,0,0,0,0,0,0,0,0
14.550000000000093,465,0,0,0,0,0,0,0,0,0,0
14.600000000000094,493,0,0,0,0,0,0,0,0,0,0
14.650000000000095,490,0,0,0,0,0,0,0,0,0,0
14.700000000000095,520,0,0,0,0,0,0,0,0,0,0
14.750000000000096,447,0,0,0,0,0,0,0,0,0,0
14.800000000000097,471,0,0,0,0,0,0,0,0,0,0
14.850000000000097,483,0,0,0,0,0,0,0,0,0,0
14.900000000000098,504,0,0,0,0,0,0,0,0,0,0
14.950000000000099,482,0,0,0,0,0,0,0,0,0,0
15.0000000000001,482,0,0,0,0,0,0,0,0,0,0
15.0500000000001,469,0,0,0,0,0,0,0,0,0,0
15.100000000000101,524,0,0,0,0,0,0,0,0,0,0
15.150000000000102,481,0,0,0,0,0,0,0,0,0,0
15.200000000000102,477,0,0,0,0,0,0,0,0,0,0
15.250000000000103,478,0,0,0,0,0,0,0,0,0,0
15.300000000000104,481,0,0,0,0,0,0,0,0,0,0
15.350000000000104,489,0,0,0,0,0,0,0,0,0,0
15.400000000000105,484,0,0,0,0,0,0,0,0,0,0
15.450000000000106,500,0,0,0,0,0,0,0,0,0,0
15.500000000000107,492,0,0,0,0,0,0,0,0,0,0
15.550000000000107,452,0,0,0,0,0,0,0,0,0,0
15.600000000000108,484,0,0,0,0,0,0,0,0,0,0
15.650000000000109,485,0,0,0,0,0,0,0,0,0,0
15.70000000000011,487,0,0,0,0,0,0,0,0,0,0
15.75000000000011,476,0,0,0,0,0,0,0,0,0,0
15.80000000000011,479,0,0,0,0,0,0,0,0,0,0
15.850000000000112,463,0,0,0,0,0,0,0,0,0,0
15.900000000000112,457,0,0,0,0,0,0,0,0,0,0
15.950000000000113,523,0,0,0,0,0,0,0,0,0,0
16.000000000000114,473,0,0,0,0,0,0,0,0,0,0
16.050000000000114,378,0,0,0,0,0,0,0,0,0,0
16.100000000000115,348,0,0,0,0,0,0,0,0,0,0
16.150000000000116,297,0,0,0,0,0,0,0,0,0,0
16.200000000000117,182,0,0,0,0,0,0,0,0,0,0
16.250000000000117,150,0,0,0,0,0,0,0,0,0,0
16.300000000000118,88,0,0,0,0,0,0,0,0,0,0
16.35000000000012,29,0,0,0,0,0,0,0,0,0,0
16.40000000000012,0,0,0,0,0,0,0,0,0,0,0
16.45000000000012,0,0,0,0,0,0,0,0,0,0,0
16.50000000000012,0,0,0,0,0,0,0,0,0,0,0
16.55000000000012,0,0,0,0,0,0,0,0,0,0,0
16.600000000000122,0,0,0,0,0,0,0,0,0,0,0
16.650000000000123,0,0,0,0,0,0,0,0,0,0,0
16.700000000000124,0,0,0,0,0,0,0,0,0,0,0
16.750000000000124,0,0,0,0,0,0,0,0,0,0,0
16.800000000000125,0,0,0,0,0,0,0,0,0,0,0
16.850000000000126,0,0,0,0,0,0,0,0,0,0,0
16.900000000000126,0,0,0,0,0,0,0,0,0,0,0
16.950000000000127,0,0,0,0,0,0,0,0,0,0,0
17.000000000000128,0,0,0,0,0,0,0,0,0,0,0
17.05000000000013,0,0,0,0,0,0,0,0,0,0,0
17.10000000000013,0,0,0,0,0,0,0,0,0,0,0
17.15000000000013,0,0,0,0,0,0,0,0,0,0,0
17.20000000000013,0,0,0,0,0,0,0,0,0,0,0
17.25000000000013,0,0,0,0,0,0,0,0,0,0,0
17.300000000000132,0,0,0,0,0,0,0,0,0,0,0
17.350000000000133,0,0,0,0,0,0,0,0,0,0,0
17.400000000000134,0,0,0,0,0,0,0,0,0,0,0
17.450000000000134,0,0,0,0,0,0,0,0,0,0,0
17.500000000000135,0,0,0,0,0,0,0,0,0,0,0
17.550000000000136,0,0,0,0,0,0,0,0,0,0,0
17.600000000000136,0,0,0,0,0,0,0,0,0,0,0
17.650000000000137,0,0,0,0,0,0,0,0,0,0,0
17.700000000000138,0,0,0,0,0,0,0,0,0,0,0
17.75000000000014,0,0,0,0,0,0,0,0,0,0,0
17.80000000000014,0,0,0,0,0,0,0,0,0,0,0
17.85000000000014,0,0,0,0,0,0,0,0,0,0,0
17.90000000000014,0,0,0,0,0,0,0,0,0,0,0
17.95000000000014,0,0,0,0,0,0,0,0,0,0,0
18.000000000000142,0,0,0,0,0,0,0,0,0,0,0
18.050000000000143,0,0,0,0,0,0,0,0,0,0,0
18.100000000000144,0,0,0,0,0,0,0,0,0,0,0
18.150000000000144,0,0,0,0,0,0,0,0,0,0,0
18.200000000000145,0,0,0,0,0,0,0,0,0,0,0
18.250000000000146,0,0,0,0,0,0,0,0,0,0,0
18.300000000000146,0,0,0,0,0,0,0,0,0,0,0
18.350000000000147,0,0,0,0,0,0,0,0,0,0,0
18.400000000000148,0,0,0,0,0,0,0,0,0,0,0
18.45000000000015,0,0,0,0,0,0,0,0,0,0,0
18.50000000000015,0,0,0,0,0,0,0,0,0,0,0
18.55000000000015,0,0,0,0,0,0,0,0,0,0,0
18.60000000000015,0,0,0,0,0,0,0,0,0,0,0
18.65000000000015,0,0,0,0,0,0,0,0,0,0,0
18.700000000000152,0,0,0,0,0,0,0,0,0,0,0
18.750000000000153,0,0,0,0,0,0,0,0,0,0,0
18.800000000000153,0,0,0,0,0,0,0,0,0,0,0
18.850000000000154,0,0,0,0,0,0,0,0,0,0,0
18.900000000000155,0,0,0,0,0,0,0,0,0,0,0
18.950000000000156,0,0,0,0,0,0,0,0,0,0,0
19.000000000000156,0,0,0,0,0,0,0,0,0,0,0
19.050000000000157,0,0,0,0,0,0,0,0,0,0,0
19.100000000000158,0,0,0,0,0,0,0,0,0,0,0
19.15000000000016,0,0,0,0,0,0,0,0,0,0,0
19.20000000000016,0,0,0,0,0,0,0,0,0,0,0
19.25000000000016,0,0,0,0,0,0,0,0,0,0,0
19.30000000000016,0,0,0,0,0,0,0,0,0,0,0
19.35000000000016,0,0,0,0,0,0,0,0,0,0,0
19.400000000000162,0,0,0,0,0,0,0,0,0,0,0
19.450000000000163,0,0,0,0,0,0,0,0,0,0,0
19.500000000000163,0,0,0,0,0,0,0,0,0,0,0
19.550000000000164,0,0,0,0,0,0,0,0,0,0,0
19.600000000000165,0,0,0,0,0,0,0,0,0,0,0
19.650000000000166,0,0,0,0,0,0,0,0,0,0,0
19.700000000000166,0,0,0,0,0,0,0,0,0,0,0
19.750000000000167,0,0,0,0,0,0,0,0,0,0,0
19.800000000000168,0,0,0,0,0,0,0,0,0,0,0
19.85000000000017,0,0,0,0,0,0,0,0,0,0,0
19.90000000000017,0,0,0,0,0,0,0,0,0,0,0
19.95000000000017,0,0,0,0,0,0,0,0,0,0,0
20.00000000000017,0,0,0,0,0,0,0,0,0,0,0
20.05000000000017,0,0,0,0,0,0,0,0,0,0,0
20.100000000000172,0,0,0,0,0,0,0,0,0,0,0
20.150000000000173,0,0,0,0,0,0,0,0,0,0,0
20.200000000000173,0,0,0,0,0,0,0,0,0,0,0
20.250000000000174,0,0,0,0,0,0,0,0,0,0,0
20.300000000000175,0,0,0,0,0,0,0,0,0,0,0
20.350000000000176,0,0,0,0,0,0,0,0,0,0,0
20.400000000000176,0,0,0,0,0,0,0,0,0,0,0
20.450000000000177,0,0,0,0,0,0,0,0,0,0,0
20.500000000000178,0,0,0,0,0,0,0,0,0,0,0
20.55000000000018,0,0,0,0,0,0,0,0,0,0,0
20.60000000000018,0,0,0,0,0,0,0,0,0,0,0
20.65000000000018,0,0,0,0,0,0,0,0,0,0,0
20.70000000000018,0,0,0,0,0,0,0,0,0,0,0
20.75000000000018,0,0,0,0,0,0,0,0,0,0,0
*****
8,0.05,500,0.3,0.7,10,100,0.39276599448899996,0.1280509099671
8,500,498,498,495,499,0,0,0,0,0,0
8.05,507,506,507,502,507,0,0,0,0,0,0
8.100000000000001,531,525,531,516,531,0,0,0,0,0,0
8.150000000000002,520,516,518,515,520,0,0,0,0,0,0
8.200000000000003,537,534,536,531,537,0,0,0,0,0,0
8.250000000000004,525,523,524,522,524,0,0,0,0,0,0
8.300000000000004,516,511,514,509,516,0,0,0,0,0,0
8.350000000000005,556,552,555,553,555,0,0,0,0,0,0
8.400000000000006,527,520,523,512,524,0,0,0,0,0,0
8.450000000000006,527,522,521,514,524,0,0,0,0,0,0
8.500000000000007,512,499,508,500,511,0,0,0,0,0,0
8.550000000000008,525,519,523,515,524,0,0,0,0,0,0
8.600000000000009,495,477,480,484,491,0,0,0,0,0,0
8.65000000000001,500,487,490,482,497,0,0,0,0,0,0
8.70000000000001,561,539,542,541,552,0,0,0,0,0,0
8.75000000000001,531,499,503,500,519,0,0,0,0,0,0
8.800000000000011,487,451,458,457,471,0,0,0,0,0,0
8.850000000000012,554,519,529,527,538,0,0,0,0,0,0
8.900000000000013,493,442,456,465,469,0,0,0,0,0,0
8.950000000000014,519,455,468,474,490,0,0,0,0,0,0
9.000000000000014,537,459,477,491,498,0,0,0,0,0,0
9.050000000000015,521,444,460,471,479,0,0,0,0,0,0
9.100000000000016,518,414,435,456,460,0,0,0,0,0,0
9.150000000000016,522,403,426,450,451,0,0,0,0,0,0
9.200000000000017,527,393,403,444,435,0,0,0,0,0,0
9.250000000000018,514,349,378,406,413,0,0,0,0,0,0
9.300000000000018,525,332,363,413,394,0,0,0,0,0,0
9.35000000000002,524,327,350,399,386,0,0,0,0,0,0
9.40000000000002,499,309,334,370,367,0,0,0,0,0,0
9.45000000000002,528,288,325,370,358,0,0,0,0,0,0
9.500000000000021,552,300,322,393,359,0,0,0,0,0,0
9.550000000000022,490,253,277,325,315,0,0,0,0,0,0
9.600000000000023,505,222,250,310,282,0,0,0,0,0,0
9.650000000000023,550,236,258,326,295,0,0,0,0,0,0
9.700000000000024,541,217,241,308,276,0,0,0,0,0,0
9.750000000000025,477,156,169,231,201,0,0,0,0,0,0
9.800000000000026,536,172,192,259,225,0,0,0,0,0,0
9.850000000000026,514,134,158,216,199,0,0,0,0,0,0
9.900000000000027,514,131,143,192,165,0,0,0,0,0,0
9.950000000000028,486,112,135,179,159,0,0,0,0,0,0
10.000000000000028,560,109,125,170,140,0,0,0,0,0,0
10.05000000000003,519,96,115,160,136,0,0,0,0,0,0
10.10000000000003,549,80,90,140,109,0,0,0,0,0,0
10.15000000000003,514,66,75,107,87,0,0,0,0,0,0
10.200000000000031,516,71,84,99,103,0,0,0,0,0,0
10.250000000000032,510,51,65,94,78,0,0,0,0,0,0
10.300000000000033,536,50,60,95,73,0,0,0,0,0,0
10.350000000000033,507,40,46,82,63,0,0,0,0,0,0
10.400000000000034,531,27,36,60,41,0,0,0,0,0,0
10.450000000000035,510,23,33,50,43,0,0,0,0,0,0
10.500000000000036,525,19,17,32,26,0,0,0,0,0,0
10.550000000000036,538,17,21,31,26,0,0,0,0,0,0
10.600000000000037,523,15,19,30,25,0,0,0,0,0,0
10.650000000000038,544,19,17,32,23,0,0,0,0,0,0
10.700000000000038,506,12,10,20,14,0,0,0,0,0,0
10.750000000000039,486,8,10,14,13,0,0,0,0,0,0
10.80000000000004,521,6,8,10,10,0,0,0,0,0,0
10.85000000000004,573,4,5,9,5,0,0,0,0,0,0
10.900000000000041,494,5,6,11,9,0,0,0,0,0,0
10.950000000000042,529,2,5,6,5,0,0,0,0,0,0
11.000000000000043,508,2,2,5,2,0,0,0,0,0,0
11.050000000000043,517,2,2,5,2,0,0,0,0,0,0
11.100000000000044,509,0,1,2,2,0,0,0,0,0,0
11.150000000000045,490,0,0,1,1,0,0,0,0,0,0
11.200000000000045,542,2,2,2,2,0,0,0,0,0,0
11.250000000000046,525,1,0,1,1,0,0,0,0,0,0
11.300000000000047,514,0,1,1,1,0,0,0,0,0,0
11.350000000000048,527,1,1,1,1,0,0,0,0,0,0
11.400000000000048,521,0,0,1,1,0,0,0,0,0,0
11.450000000000049,533,1,1,2,1,0,0,0,0,0,0
11.50000000000005,523,0,0,0,0,0,0,0,0,0,0
11.55000000000005,492,0,0,0,0,0,0,0,0,0,0
11.600000000000051,515,1,1,1,1,0,0,0,0,0,0
11.650000000000052,510,0,0,0,0,0,0,0,0,0,0
11.700000000000053,533,0,0,0,0,0,0,0,0,0,0
11.750000000000053,505,0,0,0,0,0,0,0,0,0,0
11.800000000000054,517,0,0,0,0,0,0,0,0,0,0
11.850000000000055,547,0,0,0,0,0,0,0,0,0,0
11.900000000000055,538,0,0,0,0,0,0,0,0,0,0
11.950000000000056,531,0,0,0,0,0,0,0,0,0,0
12.000000000000057,523,0,0,0,0,0,0,0,0,0,0
12.050000000000058,540,0,0,0,0,0,0,0,0,0,0
12.100000000000058,506,0,0,0,0,0,0,0,0,0,0
12.150000000000059,489,0,0,0,0,0,0,0,0,0,0
12.20000000000006,528,0,0,0,0,0,0,0,0,0,0
12.25000000000006,513,0,0,0,0,0,0,0,0,0,0
12.300000000000061,529,0,0,0,0,0,0,0,0,0,0
12.350000000000062,548,0,0,0,0,0,0,0,0,0,0
12.400000000000063,499,0,0,0,0,0,0,0,0,0,0
12.450000000000063,548,0,0,0,0,0,0,0,0,0,0
12.500000000000064,543,0,0,0,0,0,0,0,0,0,0
12.550000000000065,509,0,0,0,0,0,0,0,0,0,0
12.600000000000065,508,0,0,0,0,0,0,0,0,0,0
12.650000000000066,510,0,0,0,0,0,0,0,0,0,0
12.700000000000067,569,0,0,0,0,0,0,0,0,0,0
12.750000000000068,530,0,0,0,0,0,0,0,0,0,0
12.800000000000068,464,0,0,0,0,0,0,0,0,0,0
12.850000000000069,537,0,0,0,0,0,0,0,0,0,0
12.90000000000007,525,0,0,0,0,0,0,0,0,0,0
12.95000000000007,498,0,0,0,0,0,0,0,0,0,0
13.000000000000071,558,0,0,0,0,0,0,0,0,0,0
13.050000000000072,527,0,0,0,0,0,0,0,0,0,0
13.100000000000072,516,0,0,0,0,0,0,0,0,0,0
13.150000000000073,504,0,0,0,0,0,0,0,0,0,0
13.200000000000074,496,0,0,0,0,0,0,0,0,0,0
13.250000000000075,532,0,0,0,0,0,0,0,0,0,0
13.300000000000075,526,0,0,0,0,0,0,0,0,0,0
13.350000000000076,535,0,0,0,0,0,0,0,0,0,0
13.400000000000077,517,0,0,0,0,0,0,0,0,0,0
13.450000000000077,495,0,0,0,0,0,0,0,0,0,0
13.500000000000078,523,0,0,0,0,0,0,0,0,0,0
13.550000000000079,494,0,0,0,0,0,0,0,0,0,0
13.60000000000008,516,0,0,0,0,0,0,0,0,0,0
13.65000000000008,522,0,0,0,0,0,0,0,0,0,0
13.700000000000081,527,0,0,0,0,0,0,0,0,0,0
13.750000000000082,555,0,0,0,0,0,0,0,0,0,0
13.800000000000082,528,0,0,0,0,0,0,0,0,0,0
13.850000000000083,527,0,0,0,0,0,0,0,0,0,0
13.900000000000084,483,0,0,0,0,0,0,0,0,0,0
13.950000000000085,535,0,0,0,0,0,0,0,0,0,0
14.000000000000085,510,0,0,0,0,0,0,0,0,0,0
14.050000000000086,520,0,0,0,0,0,0,0,0,0,0
14.100000000000087,517,0,0,0,0,0,0,0,0,0,0
14.150000000000087,506,0,0,0,0,0,0,0,0,0,0
14.200000000000088,557,0,0,0,0,0,0,0,0,0,0
14.250000000000089,530,0,0,0,0,0,0,0,0,0,0
14.30000000000009,525,0,0,0,0,0,0,0,0,0,0
14.35000000000009,527,0,0,0,0,0,0,0,0,0,0
14.400000000000091,511,0,0,0,0,0,0,0,0,0,0
14.450000000000092,544,0,0,0,0,0,0,0,0,0,0
14.500000000000092,516,0,0,0,0,0,0,0,0,0,0
14.550000000000093,468,0,0,0,0,0,0,0,0,0,0
14.600000000000094,519,0,0,0,0,0,0,0,0,0,0
14.650000000000095,500,0,0,0,0,0,0,0,0,0,0
14.700000000000095,537,0,0,0,0,0,0,0,0,0,0
14.750000000000096,550,0,0,0,0,0,0,0,0,0,0
14.800000000000097,528,0,0,0,0,0,0,0,0,0,0
14.850000000000097,546,0,0,0,0,0,0,0,0,0,0
14.900000000000098,477,0,0,0,0,0,0,0,0,0,0
14.950000000000099,524,0,0,0,0,0,0,0,0,0,0
15.0000000000001,499,0,0,0,0,0,0,0,0,0,0
15.0500000000001,540,0,0,0,0,0,0,0,0,0,0
15.100000000000101,547,0,0,0,0,0,0,0,0,0,0
15.150000000000102,546,0,0,0,0,0,0,0,0,0,0
15.200000000000102,499,0,0,0,0,0,0,0,0,0,0
15.250000000000103,509,0,0,0,0,0,0,0,0,0,0
15.300000000000104,484,0,0,0,0,0,0,0,0,0,0
15.350000000000104,521,0,0,0,0,0,0,0,0,0,0
15.400000000000105,525,0,0,0,0,0,0,0,0,0,0
15.450000000000106,534,0,0,0,0,0,0,0,0,0,0
15.500000000000107,548,0,0,0,0,0,0,0,0,0,0
15.550000000000107,527,0,0,0,0,0,0,0,0,0,0
15.600000000000108,502,0,0,0,0,0,0,0,0,0,0
15.650000000000109,530,0,0,0,0,0,0,0,0,0,0
15.70000000000011,504,0,0,0,0,0,0,0,0,0,0
15.75000000000011,564,0,0,0,0,0,0,0,0,0,0
15.80000000000011,529,0,0,0,0,0,0,0,0,0,0
15.850000000000112,460,0,0,0,0,0,0,0,0,0,0
15.900000000000112,534,0,0,0,0,0,0,0,0,0,0
15.950000000000113,500,0,0,0,0,0,0,0,0,0,0
16.000000000000114,551,0,0,0,0,0,0,0,0,0,0
16.050000000000114,531,0,0,0,0,0,0,0,0,0,0
16.100000000000115,509,0,0,0,0,0,0,0,0,0,0
16.150000000000116,544,0,0,0,0,0,0,0,0,0,0
16.200000000000117,516,0,0,0,0,0,0,0,0,0,0
16.250000000000117,530,0,0,0,0,0,0,0,0,0,0
16.300000000000118,461,0,0,0,0,0,0,0,0,0,0
16.35000000000012,391,0,0,0,0,0,0,0,0,0,0
16.40000000000012,354,0,0,0,0,0,0,0,0,0,0
16.45000000000012,325,0,0,0,0,0,0,0,0,0,0
16.50000000000012,234,0,0,0,0,0,0,0,0,0,0
16.55000000000012,135,0,0,0,0,0,0,0,0,0,0
16.600000000000122,95,0,0,0,0,0,0,0,0,0,0
16.650000000000123,34,0,0,0,0,0,0,0,0,0,0
16.700000000000124,0,0,0,0,0,0,0,0,0,0,0
16.750000000000124,0,0,0,0,0,0,0,0,0,0,0
16.800000000000125,0,0,0,0,0,0,0,0,0,0,0
16.850000000000126,0,0,0,0,0,0,0,0,0,0,0
16.900000000000126,0,0,0,0,0,0,0,0,0,0,0
16.950000000000127,0,0,0,0,0,0,0,0,0,0,0
17.000000000000128,0,0,0,0,0,0,0,0,0,0,0
17.05000000000013,0,0,0,0,0,0,0,0,0,0,0
17.10000000000013,0,0,0,0,0,0,0,0,0,0,0
17.15000000000013,0,0,0,0,0,0,0,0,0,0,0
17.20000000000013,0,0,0,0,0,0,0,0,0,0,0
17.25000000000013,0,0,0,0,0,0,0,0,0,0,0
17.300000000000132,0,0,0,0,0,0,0,0,0,0,0
17.350000000000133,0,0,0,0,0,0,0,0,0,0,0
17.400000000000134,0,0,0,0,0,0,0,0,0,0,0
17.450000000000134,0,0,0,0,0,0,0,0,0,0,0
17.500000000000135,0,0,0,0,0,0,0,0,0,0,0
17.550000000000136,0,0,0,0,0,0,0,0,0,0,0
17.600000000000136,0,0,0,0,0,0,0,0,0,0,0
17.650000000000137,0,0,0,0,0,0,0,0,0,0,0
17.700000000000138,0,0,0,0,0,0,0,0,0,0,0
17.75000000000014,0,0,0,0,0,0,0,0,0,0,0
17.80000000000014,0,0,0,0,0,0,0,0,0,0,0
17.85000000000014,0,0,0,0,0,0,0,0,0,0,0
17.90000000000014,0,0,0,0,0,0,0,0,0,0,0
17.95000000000014,0,0,0,0,0,0,0,0,0,0,0
18.000000000000142,0,0,0,0,0,0,0,0,0,0,0
18.050000000000143,0,0,0,0,0,0,0,0,0,0,0
18.100000000000144,0,0,0,0,0,0,0,0,0,0,0
18.150000000000144,0,0,0,0,0,0,0,0,0,0,0
18.200000000000145,0,0,0,0,0,0,0,0,0,0,0
18.250000000000146,0,0,0,0,0,0,0,0,0,0,0
18.300000000000146,0,0,0,0,0,0,0,0,0,0,0
18.350000000000147,0,0,0,0,0,0,0,0,0,0,0
18.400000000000148,0,0,0,0,0,0,0,0,0,0,0
18.45000000000015,0,0,0,0,0,0,0,0,0,0,0
18.50000000000015,0,0,0,0,0,0,0,0,0,0,0
18.55000000000015,0,0,0,0,0,0,0,0,0,0,0
18.60000000000015,0,0,0,0,0,0,0,0,0,0,0
18.65000000000015,0,0,0,0,0,0,0,0,0,0,0
18.700000000000152,0,0,0,0,0,0,0,0,0,0,0
18.750000000000153,0,0,0,0,0,0,0,0,0,0,0
18.800000000000153,0,0,0,0,0,0,0,0,0,0,0
18.850000000000154,0,0,0,0,0,0,0,0,0,0,0
18.900000000000155,0,0,0,0,0,0,0,0,0,0,0
18.950000000000156,0,0,0,0,0,0,0,0,0,0,0
19.000000000000156,0,0,0,0,0,0,0,0,0,0,0
19.050000000000157,0,0,0,0,0,0,0,0,0,0,0
19.100000000000158,0,0,0,0,0,0,0,0,0,0,0
19.15000000000016,0,0,0,0,0,0,0,0,0,0,0
19.20000000000016,0,0,0,0,0,0,0,0,0,0,0
19.25000000000016,0,0,0,0,0,0,0,0,0,0,0
19.30000000000016,0,0,0,0,0,0,0,0,0,0,0
19.35000000000016,0,0,0,0,0,0,0,0,0,0,0
19.400000000000162,0,0,0,0,0,0,0,0,0,0,0
19.450000000000163,0,0,0,0,0,0,0,0,0,0,0
19.500000000000163,0,0,0,0,0,0,0,0,0,0,0
19.550000000000164,0,0,0,0,0,0,0,0,0,0,0
19.600000000000165,0,0,0,0,0,0,0,0,0,0,0
19.650000000000166,0,0,0,0,0,0,0,0,0,0,0
19.700000000000166,0,0,0,0,0,0,0,0,0,0,0
19.750000000000167,0,0,0,0,0,0,0,0,0,0,0
19.800000000000168,0,0,0,0,0,0,0,0,0,0,0
19.85000000000017,0,0,0,0,0,0,0,0,0,0,0
19.90000000000017,0,0,0,0,0,0,0,0,0,0,0
19.95000000000017,0,0,0,0,0,0,0,0,0,0,0
20.00000000000017,0,0,0,0,0,0,0,0,0,0,0
20.05000000000017,0,0,0,0,0,0,0,0,0,0,0
20.100000000000172,0,0,0,0,0,0,0,0,0,0,0
20.150000000000173,0,0,0,0,0,0,0,0,0,0,0
20.200000000000173,0,0,0,0,0,0,0,0,0,0,0
20.250000000000174,0,0,0,0,0,0,0,0,0,0,0
20.300000000000175,0,0,0,0,0,0,0,0,0,0,0
20.350000000000176,0,0,0,0,0,0,0,0,0,0,0
20.400000000000176,0,0,0,0,0,0,0,0,0,0,0
20.450000000000177,0,0,0,0,0,0,0,0,0,0,0
20.500000000000178,0,0,0,0,0,0,0,0,0,0,0
20.55000000000018,0,0,0,0,0,0,0,0,0,0,0
20.60000000000018,0,0,0,0,0,0,0,0,0,0,0
20.65000000000018,0,0,0,0,0,0,0,0,0,0,0
20.70000000000018,0,0,0,0,0,0,0,0,0,0,0
20.75000000000018,0,0,0,0,0,0,0,0,0,0,0
*****
8,0.05,500,0.6,1,10,100,0.39276599448899996,0.1280509099671
8,500,75,113,92,113,0,0,0,0,0,0
8.05,501,97,134,105,134,0,0,0,0,0,0
8.100000000000001,528,92,134,123,134,0,0,0,0,0,0
8.150000000000002,481,76,112,109,112,0,0,0,0,0,0
8.200000000000003,475,108,149,147,149,0,0,0,0,0,0
8.250000000000004,484,103,142,125,142,0,0,0,0,0,0
8.300000000000004,445,113,137,141,137,0,0,0,0,0,0
8.350000000000005,462,132,151,145,151,0,0,0,0,0,0
8.400000000000006,444,135,142,148,142,0,0,0,0,0,0
8.450000000000006,452,126,145,154,145,0,0,0,0,0,0
8.500000000000007,473,109,142,143,142,0,0,0,0,0,0
8.550000000000008,458,86,110,131,110,0,0,0,0,0,0
8.600000000000009,468,69,96,122,96,0,0,0,0,0,0
8.65000000000001,482,70,94,113,94,0,0,0,0,0,0
8.70000000000001,499,57,82,98,82,0,0,0,0,0,0
8.75000000000001,544,49,90,89,90,0,0,0,0,0,0
8.800000000000011,527,50,89,89,89,0,0,0,0,0,0
8.850000000000012,507,65,96,81,96,0,0,0,0,0,0
8.900000000000013,495,44,79,64,79,0,0,0,0,0,0
8.950000000000014,472,39,72,56,72,0,0,0,0,0,0
9.000000000000014,461,48,94,74,94,0,0,0,0,0,0
9.050000000000015,466,40,72,67,72,0,0,0,0,0,0
9.100000000000016,450,35,85,67,85,0,0,0,0,0,0
9.150000000000016,448,37,76,68,76,0,0,0,0,0,0
9.200000000000017,443,20,53,50,53,0,0,0,0,0,0
9.250000000000018,464,26,48,53,48,0,0,0,0,0,0
9.300000000000018,475,20,42,37,42,0,0,0,0,0,0
9.35000000000002,480,17,36,40,36,0,0,0,0,0,0
9.40000000000002,495,16,36,33,36,0,0,0,0,0,0
9.45000000000002,492,9,29,24,29,0,0,0,0,0,0
9.500000000000021,512,13,29,33,29,0,0,0,0,0,0
9.550000000000022,498,11,15,14,15,0,0,0,0,0,0
9.600000000000023,516,12,22,20,22,0,0,0,0,0,0
9.650000000000023,498,9,20,17,20,0,0,0,0,0,0
9.700000000000024,479,7,21,23,21,0,0,0,0,0,0
9.750000000000025,498,7,20,16,20,0,0,0,0,0,0
9.800000000000026,462,5,11,11,11,0,0,0,0,0,0
9.850000000000026,463,3,7,6,7,0,0,0,0,0,0
9.900000000000027,436,2,4,5,4,0,0,0,0,0,0
9.950000000000028,459,2,7,4,7,0,0,0,0,0,0
10.000000000000028,497,5,10,9,10,0,0,0,0,0,0
10.05000000000003,462,2,4,5,4,0,0,0,0,0,0
10.10000000000003,494,2,5,6,5,0,0,0,0,0,0
10.15000000000003,465,0,3,4,3,0,0,0,0,0,0
10.200000000000031,508,1,3,3,3,0,0,0,0,0,0
10.250000000000032,534,5,6,4,6,0,0,0,0,0,0
10.300000000000033,476,2,3,3,3,0,0,0,0,0,0
10.350000000000033,434,1,1,0,1,0,0,0,0,0,0
10.400000000000034,475,0,0,0,0,0,0,0,0,0,0
10.450000000000035,476,0,1,2,1,0,0,0,0,0,0
10.500000000000036,510,0,2,2,2,0,0,0,0,0,0
10.550000000000036,475,0,0,0,0,0,0,0,0,0,0
10.600000000000037,493,0,0,0,0,0,0,0,0,0,0
10.650000000000038,478,0,0,0,0,0,0,0,0,0,0
10.700000000000038,501,0,0,0,0,0,0,0,0,0,0
10.750000000000039,454,2,3,3,3,0,0,0,0,0,0
10.80000000000004,461,0,0,0,0,0,0,0,0,0,0
10.85000000000004,468,0,0,1,0,0,0,0,0,0,0
10.900000000000041,450,0,0,0,0,0,0,0,0,0,0
10.950000000000042,510,0,0,0,0,0,0,0,0,0,0
11.000000000000043,516,0,0,0,0,0,0,0,0,0,0
11.050000000000043,500,0,0,0,0,0,0,0,0,0,0
11.100000000000044,483,0,0,0,0,0,0,0,0,0,0
11.150000000000045,475,0,0,0,0,0,0,0,0,0,0
11.200000000000045,476,0,0,1,0,0,0,0,0,0,0
11.250000000000046,460,0,0,0,0,0,0,0,0,0,0
11.300000000000047,485,0,0,0,0,0,0,0,0,0,0
11.350000000000048,440,0,0,0,0,0,0,0,0,0,0
11.400000000000048,490,0,0,0,0,0,0,0,0,0,0
11.450000000000049,480,0,0,0,0,0,0,0,0,0,0
11.50000000000005,506,0,0,0,0,0,0,0,0,0,0
11.55000000000005,512,0,0,0,0,0,0,0,0,0,0
11.600000000000051,489,0,0,0,0,0,0,0,0,0,0
11.650000000000052,474,0,0,0,0,0,0,0,0,0,0
11.700000000000053,468,0,0,0,0,0,0,0,0,0,0
11.750000000000053,481,0,0,0,0,0,0,0,0,0,0
11.800000000000054,478,0,0,0,0,0,0,0,0,0,0
11.850000000000055,451,0,0,0,0,0,0,0,0,0,0
11.900000000000055,497,0,0,0,0,0,0,0,0,0,0
11.950000000000056,529,0,0,0,0,0,0,0,0,0,0
12.000000000000057,461,0,0,0,0,0,0,0,0,0,0
12.050000000000058,485,0,0,0,0,0,0,0,0,0,0
12.100000000000058,467,0,0,0,0,0,0,0,0,0,0
12.150000000000059,459,0,0,0,0,0,0,0,0,0,0
12.20000000000006,466,0,0,0,0,0,0,0,0,0,0
12.25000000000006,474,0,0,0,0,0,0,0,0,0,0
12.300000000000061,489,0,0,0,0,0,0,0,0,0,0
12.350000000000062,500,0,0,0,0,0,0,0,0,0,0
12.400000000000063,497,0,0,0,0,0,0,0,0,0,0
12.450000000000063,488,0,0,0,0,0,0,0,0,0,0
12.500000000000064,477,0,0,0,0,0,0,0,0,0,0
12.550000000000065,498,0,0,0,0,0,0,0,0,0,0
12.600000000000065,448,0,0,0,0,0,0,0,0,0,0
12.650000000000066,487,0,0,0,0,0,0,0,0,0,0
12.700000000000067,477,0,0,0,0,0,0,0,0,0,0
12.750000000000068,477,0,0,0,0,0,0,0,0,0,0
12.800000000000068,485,0,0,0,0,0,0,0,0,0,0
12.850000000000069,466,0,0,0,0,0,0,0,0,0,0
12.90000000000007,506,0,0,0,0,0,0,0,0,0,0
12.95000000000007,475,0,0,0,0,0,0,0,0,0,0
13.000000000000071,474,0,0,0,0,0,0,0,0,0,0
13.050000000000072,471,0,0,0,0,0,0,0,0,0,0
13.100000000000072,449,0,0,0,0,0,0,0,0,0,0
13.150000000000073,531,0,0,0,0,0,0,0,0,0,0
13.200000000000074,456,0,0,0,0,0,0,0,0,0,0
13.250000000000075,451,0,0,0,0,0,0,0,0,0,0
13.300000000000075,500,0,0,0,0,0,0,0,0,0,0
13.350000000000076,472,0,0,0,0,0,0,0,0,0,0
13.400000000000077,476,0,0,0,0,0,0,0,0,0,0
13.450000000000077,498,0,0,0,0,0,0,0,0,0,0
13.500000000000078,479,0,0,0,0,0,0,0,0,0,0
13.550000000000079,494,0,0,0,0,0,0,0,0,0,0
13.60000000000008,465,0,0,0,0,0,0,0,0,0,0
13.65000000000008,464,0,0,0,0,0,0,0,0,0,0
13.700000000000081,491,0,0,0,0,0,0,0,0,0,0
13.750000000000082,452,0,0,0,0,0,0,0,0,0,0
13.800000000000082,493,0,0,0,0,0,0,0,0,0,0
13.850000000000083,516,0,0,0,0,0,0,0,0,0,0
13.900000000000084,452,0,0,0,0,0,0,0,0,0,0
13.950000000000085,515,0,0,0,0,0,0,0,0,0,0
14.000000000000085,498,0,0,0,0,0,0,0,0,0,0
14.050000000000086,440,0,0,0,0,0,0,0,0,0,0
14.100000000000087,487,0,0,0,0,0,0,0,0,0,0
14.150000000000087,490,0,0,0,0,0,0,0,0,0,0
14.200000000000088,499,0,0,0,0,0,0,0,0,0,0
14.250000000000089,466,0,0,0,0,0,0,0,0,0,0
14.30000000000009,479,0,0,0,0,0,0,0,0,0,0
14.35000000000009,515,0,0,0,0,0,0,0,0,0,0
14.400000000000091,410,0,0,0,0,0,0,0,0,0,0
14.450000000000092,498,0,0,0,0,0,0,0,0,0,0
14.500000000000092,502,0,0,0,0,0,0,0,0,0,0
14.550000000000093,485,0,0,0,0,0,0,0,0,0,0
14.600000000000094,470,0,0,0,0,0,0,0,0,0,0
14.650000000000095,491,0,0,0,0,0,0,0,0,0,0
14.700000000000095,486,0,0,0,0,0,0,0,0,0,0
14.750000000000096,479,0,0,0,0,0,0,0,0,0,0
14.800000000000097,490,0,0,0,0,0,0,0,0,0,0
14.850000000000097,461,0,0,0,0,0,0,0,0,0,0
14.900000000000098,463,0,0,0,0,0,0,0,0,0,0
14.950000000000099,496,0,0,0,0,0,0,0,0,0,0
15.0000000000001,475,0,0,0,0,0,0,0,0,0,0
15.0500000000001,457,0,0,0,0,0,0,0,0,0,0
15.100000000000101,502,0,0,0,0,0,0,0,0,0,0
15.150000000000102,463,0,0,0,0,0,0,0,0,0,0
15.200000000000102,471,0,0,0,0,0,0,0,0,0,0
15.250000000000103,487,0,0,0,0,0,0,0,0,0,0
15.300000000000104,505,0,0,0,0,0,0,0,0,0,0
15.350000000000104,480,0,0,0,0,0,0,0,0,0,0
15.400000000000105,495,0,0,0,0,0,0,0,0,0,0
15.450000000000106,478,0,0,0,0,0,0,0,0,0,0
15.500000000000107,452,0,0,0,0,0,0,0,0,0,0
15.550000000000107,463,0,0,0,0,0,0,0,0,0,0
15.600000000000108,477,0,0,0,0,0,0,0,0,0,0
15.650000000000109,484,0,0,0,0,0,0,0,0,0,0
15.70000000000011,523,0,0,0,0,0,0,0,0,0,0
15.75000000000011,455,0,0,0,0,0,0,0,0,0,0
15.80000000000011,497,0,0,0,0,0,0,0,0,0,0
15.850000000000112,442,0,0,0,0,0,0,0,0,0,0
15.900000000000112,492,0,0,0,0,0,0,0,0,0,0
15.950000000000113,504,0,0,0,0,0,0,0,0,0,0
16.000000000000114,448,0,0,0,0,0,0,0,0,0,0
16.050000000000114,495,0,0,0,0,0,0,0,0,0,0
16.100000000000115,498,0,0,0,0,0,0,0,0,0,0
16.150000000000116,445,0,0,0,0,0,0,0,0,0,0
16.200000000000117,488,0,0,0,0,0,0,0,0,0,0
16.250000000000117,457,0,0,0,0,0,0,0,0,0,0
16.300000000000118,489,0,0,0,0,0,0,0,0,0,0
16.35000000000012,455,0,0,0,0,0,0,0,0,0,0
16.40000000000012,494,0,0,0,0,0,0,0,0,0,0
16.45000000000012,500,0,0,0,0,0,0,0,0,0,0
16.50000000000012,470,0,0,0,0,0,0,0,0,0,0
16.55000000000012,490,0,0,0,0,0,0,0,0,0,0
16.600000000000122,465,0,0,0,0,0,0,0,0,0,0
16.650000000000123,384,0,0,0,0,0,0,0,0,0,0
16.700000000000124,350,0,0,0,0,0,0,0,0,0,0
16.750000000000124,275,0,0,0,0,0,0,0,0,0,0
16.800000000000125,202,0,0,0,0,0,0,0,0,0,0
16.850000000000126,144,0,0,0,0,0,0,0,0,0,0
16.900000000000126,116,0,0,0,0,0,0,0,0,0,0
16.950000000000127,22,0,0,0,0,0,0,0,0,0,0
17.000000000000128,0,0,0,0,0,0,0,0,0,0,0
17.05000000000013,0,0,0,0,0,0,0,0,0,0,0
17.10000000000013,0,0,0,0,0,0,0,0,0,0,0
17.15000000000013,0,0,0,0,0,0,0,0,0,0,0
17.20000000000013,0,0,0,0,0,0,0,0,0,0,0
17.25000000000013,0,0,0,0,0,0,0,0,0,0,0
17.300000000000132,0,0,0,0,0,0,0,0,0,0,0
17.350000000000133,0,0,0,0,0,0,0,0,0,0,0
17.400000000000134,0,0,0,0,0,0,0,0,0,0,0
17.450000000000134,0,0,0,0,0,0,0,0,0,0,0
17.500000000000135,0,0,0,0,0,0,0,0,0,0,0
17.550000000000136,0,0,0,0,0,0,0,0,0,0,0
17.600000000000136,0,0,0,0,0,0,0,0,0,0,0
17.650000000000137,0,0,0,0,0,0,0,0,0,0,0
17.700000000000138,0,0,0,0,0,0,0,0,0,0,0
17.75000000000014,0,0,0,0,0,0,0,0,0,0,0
17.80000000000014,0,0,0,0,0,0,0,0,0,0,0
17.85000000000014,0,0,0,0,0,0,0,0,0,0,0
17.90000000000014,0,0,0,0,0,0,0,0,0,0,0
17.95000000000014,0,0,0,0,0,0,0,0,0,0,0
18.000000000000142,0,0,0,0,0,0,0,0,0,0,0
18.050000000000143,0,0,0,0,0,0,0,0,0,0,0
18.100000000000144,0,0,0,0,0,0,0,0,0,0,0
18.150000000000144,0,0,0,0,0,0,0,0,0,0,0
18.200000000000145,0,0,0,0,0,0,0,0,0,0,0
18.250000000000146,0,0,0,0,0,0,0,0,0,0,0
18.300000000000146,0,0,0,0,0,0,0,0,0,0,0
18.350000000000147,0,0,0,0,0,0,0,0,0,0,0
18.400000000000148,0,0,0,0,0,0,0,0,0,0,0
18.45000000000015,0,0,0,0,0,0,0,0,0,0,0
18.50000000000015,0,0,0,0,0,0,0,0,0,0,0
18.55000000000015,0,0,0,0,0,0,0,0,0,0,0
18.60000000000015,0,0,0,0,0,0,0,0,0,0,0
18.65000000000015,0,0,0,0,0,0,0,0,0,0,0
18.700000000000152,0,0,0,0,0,0,0,0,0,0,0
18.750000000000153,0,0,0,0,0,0,0,0,0,0,0
18.800000000000153,0,0,0,0,0,0,0,0,0,0,0
18.850000000000154,0,0,0,0,0,0,0,0,0,0,0
18.900000000000155,0,0,0,0,0,0,0,0,0,0,0
18.950000000000156,0,0,0,0,0,0,0,0,0,0,0
19.000000000000156,0,0,0,0,0,0,0,0,0,0,0
19.050000000000157,0,0,0,0,0,0,0,0,0,0,0
19.100000000000158,0,0,0,0,0,0,0,0,0,0,0
19.15000000000016,0,0,0,0,0,0,0,0,0,0,0
19.20000000000016,0,0,0,0,0,0,0,0,0,0,0
19.25000000000016,0,0,0,0,0,0,0,0,0,0,0
19.30000000000016,0,0,0,0,0,0,0,0,0,0,0
19.35000000000016,0,0,0,0,0,0,0,0,0,0,0
19.400000000000162,0,0,0,0,0,0,0,0,0,0,0
19.450000000000163,0,0,0,0,0,0,0,0,0,0,0
19.500000000000163,0,0,0,0,0,0,0,0,0,0,0
19.550000000000164,0,0,0,0,0,0,0,0,0,0,0
19.600000000000165,0,0,0,0,0,0,0,0,0,0,0
19.650000000000166,0,0,0,0,0,0,0,0,0,0,0
19.700000000000166,0,0,0,0,0,0,0,0,0,0,0
19.750000000000167,0,0,0,0,0,0,0,0,0,0,0
19.800000000000168,0,0,0,0,0,0,0,0,0,0,0
19.85000000000017,0,0,0,0,0,0,0,0,0,0,0
19.90000000000017,0,0,0,0,0,0,0,0,0,0,0
19.95000000000017,0,0,0,0,0,0,0,0,0,0,0
20.00000000000017,0,0,0,0,0,0,0,0,0,0,0
20.05000000000017,0,0,0,0,0,0,0,0,0,0,0
20.100000000000172,0,0,0,0,0,0,0,0,0,0,0
20.150000000000173,0,0,0,0,0,0,0,0,0,0,0
20.200000000000173,0,0,0,0,0,0,0,0,0,0,0
20.250000000000174,0,0,0,0,0,0,0,0,0,0,0
20.300000000000175,0,0,0,0,0,0,0,0,0,0,0
20.350000000000176,0,0,0,0,0,0,0,0,0,0,0
20.400000000000176,0,0,0,0,0,0,0,0,0,0,0
20.450000000000177,0,0,0,0,0,0,0,0,0,0,0
20.500000000000178,0,0,0,0,0,0,0,0,0,0,0
20.55000000000018,0,0,0,0,0,0,0,0,0,0,0
20.60000000000018,0,0,0,0,0,0,0,0,0,0,0
20.65000000000018,0,0,0,0,0,0,0,0,0,0,0
20.70000000000018,0,0,0,0,0,0,0,0,0,0,0
20.75000000000018,0,0,0,0,0,0,0,0,0,0,0
*****
8,0.05,500,0,1,10,100,0.39276599448899996,0.1280509099671
8,500,494,492,465,497,0,0,0,0,0,0
8.05,431,421,424,397,423,0,0,0,0,0,0
8.100000000000001,447,434,440,411,438,0,0,0,0,0,0
8.150000000000002,442,421,431,403,434,0,0,0,0,0,0
8.200000000000003,465,443,444,426,458,0,0,0,0,0,0
8.250000000000004,439,421,417,404,429,0,0,0,0,0,0
8.300000000000004,445,415,412,409,434,0,0,0,0,0,0
8.350000000000005,444,406,413,406,425,0,0,0,0,0,0
8.400000000000006,446,405,399,398,427,0,0,0,0,0,0
8.450000000000006,432,382,379,402,412,0,0,0,0,0,0
8.500000000000007,423,364,369,381,394,0,0,0,0,0,0
8.550000000000008,438,345,357,390,388,0,0,0,0,0,0
8.600000000000009,477,372,381,412,405,0,0,0,0,0,0
8.65000000000001,481,353,367,416,406,0,0,0,0,0,0
8.70000000000001,481,332,352,408,395,0,0,0,0,0,0
8.75000000000001,451,281,286,350,336,0,0,0,0,0,0
8.800000000000011,434,266,273,336,327,0,0,0,0,0,0
8.850000000000012,436,250,263,313,305,0,0,0,0,0,0
8.900000000000013,483,230,251,307,298,0,0,0,0,0,0
8.950000000000014,415,205,221,289,256,0,0,0,0,0,0
9.000000000000014,453,185,204,278,253,0,0,0,0,0,0
9.050000000000015,482,201,217,289,261,0,0,0,0,0,0
9.100000000000016,475,180,198,283,244,0,0,0,0,0,0
9.150000000000016,448,129,160,228,190,0,0,0,0,0,0
9.200000000000017,438,126,146,201,179,0,0,0,0,0,0
9.250000000000018,449,110,131,187,166,0,0,0,0,0,0
9.300000000000018,439,97,105,172,135,0,0,0,0,0,0
9.35000000000002,444,95,114,167,138,0,0,0,0,0,0
9.40000000000002,450,83,91,131,109,0,0,0,0,0,0
9.45000000000002,455,80,77,141,105,0,0,0,0,0,0
9.500000000000021,478,61,70,110,98,0,0,0,0,0,0
9.550000000000022,440,63,75,120,94,0,0,0,0,0,0
9.600000000000023,450,48,56,105,84,0,0,0,0,0,0
9.650000000000023,463,36,41,76,54,0,0,0,0,0,0
9.700000000000024,397,27,31,60,45,0,0,0,0,0,0
9.750000000000025,458,20,23,48,35,0,0,0,0,0,0
9.800000000000026,427,19,22,52,35,0,0,0,0,0,0
9.850000000000026,458,25,24,50,40,0,0,0,0,0,0
9.900000000000027,451,19,20,43,35,0,0,0,0,0,0
9.950000000000028,472,20,23,48,31,0,0,0,0,0,0
10.000000000000028,480,13,21,32,27,0,0,0,0,0,0
10.05000000000003,436,6,7,19,10,0,0,0,0,0,0
10.10000000000003,439,8,9,22,13,0,0,0,0,0,0
10.15000000000003,452,7,7,15,11,0,0,0,0,0,0
10.200000000000031,447,10,9,18,16,0,0,0,0,0,0
10.250000000000032,452,4,6,12,9,0,0,0,0,0,0
10.300000000000033,490,4,6,15,12,0,0,0,0,0,0
10.350000000000033,439,4,2,11,9,0,0,0,0,0,0
10.400000000000034,450,1,2,3,2,0,0,0,0,0,0
10.450000000000035,435,2,2,8,4,0,0,0,0,0,0
10.500000000000036,458,2,1,6,2,0,0,0,0,0,0
10.550000000000036,437,1,0,3,2,0,0,0,0,0,0
10.600000000000037,453,0,0,1,0,0,0,0,0,0,0
10.650000000000038,446,1,1,1,1,0,0,0,0,0,0
10.700000000000038,467,0,0,2,0,0,0,0,0,0,0
10.750000000000039,424,1,2,3,3,0,0,0,0,0,0
10.80000000000004,450,0,1,1,1,0,0,0,0,0,0
10.85000000000004,459,0,0,1,0,0,0,0,0,0,0
10.900000000000041,474,0,0,0,1,0,0,0,0,0,0
10.950000000000042,437,0,0,0,0,0,0,0,0,0,0
11.000000000000043,431,0,0,0,0,0,0,0,0,0,0
11.050000000000043,416,1,1,2,1,0,0,0,0,0,0
11.100000000000044,504,0,0,0,0,0,0,0,0,0,0
11.150000000000045,442,0,0,0,0,0,0,0,0,0,0
11.200000000000045,469,1,1,1,1,0,0,0,0,0,0
11.250000000000046,455,0,0,0,0,0,0,0,0,0,0
11.300000000000047,453,0,0,0,0,0,0,0,0,0,0
11.350000000000048,413,0,0,0,0,0,0,0,0,0,0
11.400000000000048,491,0,0,0,0,0,0,0,0,0,0
11.450000000000049,492,0,0,0,0,0,0,0,0,0,0
11.50000000000005,425,0,0,0,0,0,0,0,0,0,0
11.55000000000005,493,0,0,0,0,0,0,0,0,0,0
11.600000000000051,427,0,0,0,0,0,0,0,0,0,0
11.650000000000052,432,1,0,0,1,0,0,0,0,0,0
11.700000000000053,423,0,0,0,0,0,0,0,0,0,0
11.750000000000053,466,0,0,0,0,0,0,0,0,0,0
11.800000000000054,432,0,0,0,0,0,0,0,0,0,0
11.850000000000055,442,0,0,0,0,0,0,0,0,0,0
11.900000000000055,454,0,0,0,0,0,0,0,0,0,0
11.950000000000056,446,0,0,0,0,0,0,0,0,0,0
12.000000000000057,457,0,0,0,0,0,0,0,0,0,0
12.050000000000058,424,0,0,0,0,0,0,0,0,0,0
12.100000000000058,447,0,0,0,0,0,0,0,0,0,0
12.150000000000059,469,0,0,0,0,0,0,0,0,0,0
12.20000000000006,423,0,0,0,0,0,0,0,0,0,0
12.25000000000006,458,0,0,0,0,0,0,0,0,0,0
12.300000000000061,452,0,0,0,0,0,0,0,0,0,0
12.350000000000062,449,0,0,0,0,0,0,0,0,0,0
12.400000000000063,477,0,0,0,0,0,0,0,0,0,0
12.450000000000063,477,0,0,0,0,0,0,0,0,0,0
12.500000000000064,409,0,0,0,0,0,0,0,0,0,0
12.550000000000065,464,0,0,0,0,0,0,0,0,0,0
12.600000000000065,460,0,0,0,0,0,0,0,0,0,0
12.650000000000066,469,0,0,0,0,0,0,0,0,0,0
12.700000000000067,453,0,0,0,0,0,0,0,0,0,0
12.750000000000068,451,0,0,0,0,0,0,0,0,0,0
12.800000000000068,462,0,0,0,0,0,0,0,0,0,0
12.850000000000069,425,0,0,0,0,0,0,0,0,0,0
12.90000000000007,470,0,0,0,0,0,0,0,0,0,0
12.95000000000007,462,0,0,0,0,0,0,0,0,0,0
13.000000000000071,459,0,0,0,0,0,0,0,0,0,0
13.050000000000072,467,0,0,0,0,0,0,0,0,0,0
13.100000000000072,450,0,0,0,0,0,0,0,0,0,0
13.150000000000073,466,0,0,0,0,0,0,0,0,0,0
13.200000000000074,464,0,0,0,0,0,0,0,0,0,0
13.250000000000075,478,0,0,0,0,0,0,0,0,0,0
13.300000000000075,418,0,0,0,0,0,0,0,0,0,0
13.350000000000076,449,0,0,0,0,0,0,0,0,0,0
13.400000000000077,473,0,0,0,0,0,0,0,0,0,0
13.450000000000077,467,0,0,0,0,0,0,0,0,0,0
13.500000000000078,435,0,0,0,0,0,0,0,0,0,0
13.550000000000079,460,0,0,0,0,0,0,0,0,0,0
13.60000000000008,460,0,0,0,0,0,0,0,0,0,0
13.65000000000008,451,0,0,0,0,0,0,0,0,0,0
13.700000000000081,408,0,0,0,0,0,0,0,0,0,0
13.750000000000082,447,0,0,0,0,0,0,0,0,0,0
13.800000000000082,472,0,0,0,0,0,0,0,0,0,0
13.850000000000083,474,0,0,0,0,0,0,0,0,0,0
13.900000000000084,467,0,0,0,0,0,0,0,0,0,0
13.950000000000085,466,0,0,0,0,0,0,0,0,0,0
14.000000000000085,448,0,0,0,0,0,0,0,0,0,0
14.050000000000086,450,0,0,0,0,0,0,0,0,0,0
14.100000000000087,456,0,0,0,0,0,0,0,0,0,0
14.150000000000087,429,0,0,0,0,0,0,0,0,0,0
14.200000000000088,441,0,0,0,0,0,0,0,0,0,0
14.250000000000089,428,0,0,0,0,0,0,0,0,0,0
14.30000000000009,455,0,0,0,0,0,0,0,0,0,0
14.35000000000009,454,0,0,0,0,0,0,0,0,0,0
14.400000000000091,471,0,0,0,0,0,0,0,0,0,0
14.450000000000092,450,0,0,0,0,0,0,0,0,0,0
14.500000000000092,431,0,0,0,0,0,0,0,0,0,0
14.550000000000093,440,0,0,0,0,0,0,0,0,0,0
14.600000000000094,473,0,0,0,0,0,0,0,0,0,0
14.650000000000095,402,0,0,0,0,0,0,0,0,0,0
14.700000000000095,423,0,0,0,0,0,0,0,0,0,0
14.750000000000096,445,0,0,0,0,0,0,0,0,0,0
14.800000000000097,484,0,0,0,0,0,0,0,0,0,0
14.850000000000097,455,0,0,0,0,0,0,0,0,0,0
14.900000000000098,460,0,0,0,0,0,0,0,0,0,0
14.950000000000099,468,0,0,0,0,0,0,0,0,0,0
15.0000000000001,473,0,0,0,0,0,0,0,0,0,0
15.0500000000001,435,0,0,0,0,0,0,0,0,0,0
15.100000000000101,505,0,0,0,0,0,0,0,0,0,0
15.150000000000102,446,0,0,0,0,0,0,0,0,0,0
15.200000000000102,444,0,0,0,0,0,0,0,0,0,0
15.250000000000103,449,0,0,0,0,0,0,0,0,0,0
15.300000000000104,411,0,0,0,0,0,0,0,0,0,0
15.350000000000104,445,0,0,0,0,0,0,0,0,0,0
15.400000000000105,451,0,0,0,0,0,0,0,0,0,0
15.450000000000106,457,0,0,0,0,0,0,0,0,0,0
15.500000000000107,481,0,0,0,0,0,0,0,0,0,0
15.550000000000107,422,0,0,0,0,0,0,0,0,0,0
15.600000000000108,448,0,0,0,0,0,0,0,0,0,0
15.650000000000109,432,0,0,0,0,0,0,0,0,0,0
15.70000000000011,427,0,0,0,0,0,0,0,0,0,0
15.75000000000011,436,0,0,0,0,0,0,0,0,0,0
15.80000000000011,474,0,0,0,0,0,0,0,0,0,0
15.850000000000112,457,0,0,0,0,0,0,0,0,0,0
15.900000000000112,457,0,0,0,0,0,0,0,0,0,0
15.950000000000113,462,0,0,0,0,0,0,0,0,0,0
16.000000000000114,458,0,0,0,0,0,0,0,0,0,0
16.050000000000114,412,0,0,0,0,0,0,0,0,0,0
16.100000000000115,374,0,0,0,0,0,0,0,0,0,0
16.150000000000116,358,0,0,0,0,0,0,0,0,0,0
16.200000000000117,343,0,0,0,0,0,0,0,0,0,0
16.250000000000117,316,0,0,0,0,0,0,0,0,0,0
16.300000000000118,297,0,0,0,0,0,0,0,0,0,0
16.35000000000012,290,0,0,0,0,0,0,0,0,0,0
16.40000000000012,244,0,0,0,0,0,0,0,0,0,0
16.45000000000012,234,0,0,0,0,0,0,0,0,0,0
16.50000000000012,210,0,0,0,0,0,0,0,0,0,0
16.55000000000012,204,0,0,0,0,0,0,0,0,0,0
16.600000000000122,182,0,0,0,0,0,0,0,0,0,0
16.650000000000123,155,0,0,0,0,0,0,0,0,0,0
16.700000000000124,133,0,0,0,0,0,0,0,0,0,0
16.750000000000124,97,0,0,0,0,0,0,0,0,0,0
16.800000000000125,86,0,0,0,0,0,0,0,0,0,0
16.850000000000126,64,0,0,0,0,0,0,0,0,0,0
16.900000000000126,36,0,0,0,0,0,0,0,0,0,0
16.950000000000127,11,0,0,0,0,0,0,0,0,0,0
17.000000000000128,0,0,0,0,0,0,0,0,0,0,0
17.05000000000013,0,0,0,0,0,0,0,0,0,0,0
17.10000000000013,0,0,0,0,0,0,0,0,0,0,0
17.15000000000013,0,0,0,0,0,0,0,0,0,0,0
17.20000000000013,0,0,0,0,0,0,0,0,0,0,0
17.25000000000013,0,0,0,0,0,0,0,0,0,0,0
17.300000000000132,0,0,0,0,0,0,0,0,0,0,0
17.350000000000133,0,0,0,0,0,0,0,0,0,0,0
17.400000000000134,0,0,0,0,0,0,0,0,0,0,0
17.450000000000134,0,0,0,0,0,0,0,0,0,0,0
17.500000000000135,0,0,0,0,0,0,0,0,0,0,0
17.550000000000136,0,0,0,0,0,0,0,0,0,0,0
17.600000000000136,0,0,0,0,0,0,0,0,0,0,0
17.650000000000137,0,0,0,0,0,0,0,0,0,0,0
17.700000000000138,0,0,0,0,0,0,0,0,0,0,0
17.75000000000014,0,0,0,0,0,0,0,0,0,0,0
17.80000000000014,0,0,0,0,0,0,0,0,0,0,0
17.85000000000014,0,0,0,0,0,0,0,0,0,0,0
17.90000000000014,0,0,0,0,0,0,0,0,0,0,0
17.95000000000014,0,0,0,0,0,0,0,0,0,0,0
18.000000000000142,0,0,0,0,0,0,0,0,0,0,0
18.050000000000143,0,0,0,0,0,0,0,0,0,0,0
18.100000000000144,0,0,0,0,0,0,0,0,0,0,0
18.150000000000144,0,0,0,0,0,0,0,0,0,0,0
18.200000000000145,0,0,0,0,0,0,0,0,0,0,0
18.250000000000146,0,0,0,0,0,0,0,0,0,0,0
18.300000000000146,0,0,0,0,0,0,0,0,0,0,0
18.350000000000147,0,0,0,0,0,0,0,0,0,0,0
18.400000000000148,0,0,0,0,0,0,0,0,0,0,0
18.45000000000015,0,0,0,0,0,0,0,0,0,0,0
18.50000000000015,0,0,0,0,0,0,0,0,0,0,0
18.55000000000015,0,0,0,0,0,0,0,0,0,0,0
18.60000000000015,0,0,0,0,0,0,0,0,0,0,0
18.65000000000015,0,0,0,0,0,0,0,0,0,0,0
18.700000000000152,0,0,0,0,0,0,0,0,0,0,0
18.750000000000153,0,0,0,0,0,0,0,0,0,0,0
18.800000000000153,0,0,0,0,0,0,0,0,0,0,0
18.850000000000154,0,0,0,0,0,0,0,0,0,0,0
18.900000000000155,0,0,0,0,0,0,0,0,0,0,0
18.950000000000156,0,0,0,0,0,0,0,0,0,0,0
19.000000000000156,0,0,0,0,0,0,0,0,0,0,0
19.050000000000157,0,0,0,0,0,0,0,0,0,0,0
19.100000000000158,0,0,0,0,0,0,0,0,0,0,0
19.15000000000016,0,0,0,0,0,0,0,0,0,0,0
19.20000000000016,0,0,0,0,0,0,0,0,0,0,0
19.25000000000016,0,0,0,0,0,0,0,0,0,0,0
19.30000000000016,0,0,0,0,0,0,0,0,0,0,0
19.35000000000016,0,0,0,0,0,0,0,0,0,0,0
19.400000000000162,0,0,0,0,0,0,0,0,0,0,0
19.450000000000163,0,0,0,0,0,0,0,0,0,0,0
19.500000000000163,0,0,0,0,0,0,0,0,0,0,0
19.550000000000164,0,0,0,0,0,0,0,0,0,0,0
19.600000000000165,0,0,0,0,0,0,0,0,0,0,0
19.650000000000166,0,0,0,0,0,0,0,0,0,0,0
19.700000000000166,0,0,0,0,0,0,0,0,0,0,0
19.750000000000167,0,0,0,0,0,0,0,0,0,0,0
19.800000000000168,0,0,0,0,0,0,0,0,0,0,0
19.85000000000017,0,0,0,0,0,0,0,0,0,0,0
19.90000000000017,0,0,0,0,0,0,0,0,0,0,0
19.95000000000017,0,0,0,0,0,0,0,0,0,0,0
20.00000000000017,0,0,0,0,0,0,0,0,0,0,0
20.05000000000017,0,0,0,0,0,0,0,0,0,0,0
20.100000000000172,0,0,0,0,0,0,0,0,0,0,0
20.150000000000173,0,0,0,0,0,0,0,0,0,0,0
20.200000000000173,0,0,0,0,0,0,0,0,0,0,0
20.250000000000174,0,0,0,0,0,0,0,0,0,0,0
20.300000000000175,0,0,0,0,0,0,0,0,0,0,0
20.350000000000176,0,0,0,0,0,0,0,0,0,0,0
20.400000000000176,0,0,0,0,0,0,0,0,0,0,0
20.450000000000177,0,0,0,0,0,0,0,0,0,0,0
20.500000000000178,0,0,0,0,0,0,0,0,0,0,0
20.55000000000018,0,0,0,0,0,0,0,0,0,0,0
20.60000000000018,0,0,0,0,0,0,0,0,0,0,0
20.65000000000018,0,0,0,0,0,0,0,0,0,0,0
20.70000000000018,0,0,0,0,0,0,0,0,0,0,0
20.75000000000018,0,0,0,0,0,0,0,0,0,0,0
