*****
8,0.05,500,0,1,10,100,0.261843996326,0.0853672733114
8,500,497,498,455,498,0,0,0,0,0,0
8.05,563,557,563,516,560,0,0,0,0,0,0
8.100000000000001,564,560,563,527,562,0,0,0,0,0,0
8.150000000000002,555,547,552,512,550,0,0,0,0,0,0
8.200000000000003,544,531,538,516,537,0,0,0,0,0,0
8.250000000000004,510,500,498,479,501,0,0,0,0,0,0
8.300000000000004,529,508,514,491,519,0,0,0,0,0,0
8.350000000000005,534,507,513,498,520,0,0,0,0,0,0
8.400000000000006,531,491,501,488,509,0,0,0,0,0,0
8.450000000000006,545,504,511,499,522,0,0,0,0,0,0
8.500000000000007,522,475,488,468,492,0,0,0,0,0,0
8.550000000000008,494,417,428,422,444,0,0,0,0,0,0
8.600000000000009,528,434,448,441,468,0,0,0,0,0,0
8.65000000000001,537,405,423,440,447,0,0,0,0,0,0
8.70000000000001,549,396,416,430,435,0,0,0,0,0,0
8.75000000000001,519,347,366,386,391,0,0,0,0,0,0
8.800000000000011,560,364,385,397,411,0,0,0,0,0,0
8.850000000000012,540,346,355,373,378,0,0,0,0,0,0
8.900000000000013,553,303,335,347,362,0,0,0,0,0,0
8.950000000000014,566,287,312,329,330,0,0,0,0,0,0
9.000000000000014,520,276,293,319,329,0,0,0,0,0,0
9.050000000000015,519,202,221,276,249,0,0,0,0,0,0
9.100000000000016,542,185,210,269,235,0,0,0,0,0,0
9.150000000000016,549,168,192,242,214,0,0,0,0,0,0
9.200000000000017,521,133,166,214,180,0,0,0,0,0,0
9.250000000000018,524,141,154,197,176,0,0,0,0,0,0
9.300000000000018,507,106,128,158,138,0,0,0,0,0,0
9.35000000000002,542,86,109,146,116,0,0,0,0,0,0
9.40000000000002,516,97,106,141,113,0,0,0,0,0,0
9.45000000000002,531,68,80,114,88,0,0,0,0,0,0
9.500000000000021,508,65,70,108,82,0,0,0,0,0,0
9.550000000000022,564,43,58,103,64,0,0,0,0,0,0
9.600000000000023,560,47,58,89,66,0,0,0,0,0,0
9.650000000000023,512,40,42,66,48,0,0,0,0,0,0
9.700000000000024,571,35,46,61,54,0,0,0,0,0,0
9.750000000000025,547,29,32,48,36,0,0,0,0,0,0
9.800000000000026,547,19,26,43,33,0,0,0,0,0,0
9.850000000000026,503,18,23,30,28,0,0,0,0,0,0
9.900000000000027,522,19,19,34,24,0,0,0,0,0,0
9.950000000000028,534,14,17,24,22,0,0,0,0,0,0
10.000000000000028,497,0,1,10,2,0,0,0,0,0,0
10.05000000000003,528,10,13,20,17,0,0,0,0,0,0
10.10000000000003,507,5,6,12,8,0,0,0,0,0,0
10.15000000000003,540,9,10,14,11,0,0,0,0,0,0
10.200000000000031,506,1,3,6,4,0,0,0,0,0,0
10.250000000000032,559,1,3,7,3,0,0,0,0,0,0
10.300000000000033,537,1,1,2,1,0,0,0,0,0,0
10.350000000000033,556,0,1,3,1,0,0,0,0,0,0
10.400000000000034,543,0,0,6,0,0,0,0,0,0,0
10.450000000000035,520,5,4,7,6,0,0,0,0,0,0
10.500000000000036,528,1,1,1,1,0,0,0,0,0,0
10.550000000000036,547,0,0,0,0,0,0,0,0,0,0
10.600000000000037,556,0,0,1,0,0,0,0,0,0,0
10.650000000000038,518,0,0,0,0,0,0,0,0,0,0
10.700000000000038,549,1,1,1,1,0,0,0,0,0,0
10.750000000000039,537,0,0,0,0,0,0,0,0,0,0
10.80000000000004,543,0,0,0,0,0,0,0,0,0,0
10.85000000000004,530,0,0,0,0,0,0,0,0,0,0
10.900000000000041,565,0,0,0,0,0,0,0,0,0,0
10.950000000000042,506,0,0,0,0,0,0,0,0,0,0
11.000000000000043,537,1,1,1,1,0,0,0,0,0,0
11.050000000000043,491,0,0,0,0,0,0,0,0,0,0
11.100000000000044,552,0,0,0,0,0,0,0,0,0,0
11.150000000000045,532,0,0,0,0,0,0,0,0,0,0
11.200000000000045,554,0,0,0,0,0,0,0,0,0,0
11.250000000000046,519,0,0,0,0,0,0,0,0,0,0
11.300000000000047,537,0,0,0,0,0,0,0,0,0,0
11.350000000000048,562,0,0,0,0,0,0,0,0,0,0
11.400000000000048,543,0,0,0,0,0,0,0,0,0,0
11.450000000000049,548,0,0,0,0,0,0,0,0,0,0
11.50000000000005,541,0,0,0,0,0,0,0,0,0,0
11.55000000000005,516,0,0,0,0,0,0,0,0,0,0
11.600000000000051,577,0,0,0,0,0,0,0,0,0,0
11.650000000000052,549,0,0,0,0,0,0,0,0,0,0
11.700000000000053,579,0,0,0,0,0,0,0,0,0,0
11.750000000000053,536,0,0,0,0,0,0,0,0,0,0
11.800000000000054,540,0,0,0,0,0,0,0,0,0,0
11.850000000000055,507,0,0,0,0,0,0,0,0,0,0
11.900000000000055,554,0,0,0,0,0,0,0,0,0,0
11.950000000000056,542,0,0,0,0,0,0,0,0,0,0
12.000000000000057,514,0,0,0,0,0,0,0,0,0,0
12.050000000000058,522,0,0,0,0,0,0,0,0,0,0
12.100000000000058,551,0,0,0,0,0,0,0,0,0,0
12.150000000000059,525,0,0,0,0,0,0,0,0,0,0
12.20000000000006,530,0,0,0,0,0,0,0,0,0,0
12.25000000000006,516,0,0,0,0,0,0,0,0,0,0
12.300000000000061,545,0,0,0,0,0,0,0,0,0,0
12.350000000000062,562,0,0,0,0,0,0,0,0,0,0
12.400000000000063,513,0,0,0,0,0,0,0,0,0,0
12.450000000000063,533,0,0,0,0,0,0,0,0,0,0
12.500000000000064,506,0,0,0,0,0,0,0,0,0,0
12.550000000000065,573,0,0,0,0,0,0,0,0,0,0
12.600000000000065,515,0,0,0,0,0,0,0,0,0,0
12.650000000000066,541,0,0,0,0,0,0,0,0,0,0
12.700000000000067,527,0,0,0,0,0,0,0,0,0,0
12.750000000000068,536,0,0,0,0,0,0,0,0,0,0
12.800000000000068,498,0,0,0,0,0,0,0,0,0,0
12.850000000000069,535,0,0,0,0,0,0,0,0,0,0
12.90000000000007,576,0,0,0,0,0,0,0,0,0,0
12.95000000000007,551,0,0,0,0,0,0,0,0,0,0
13.000000000000071,553,0,0,0,0,0,0,0,0,0,0
13.050000000000072,510,0,0,0,0,0,0,0,0,0,0
13.100000000000072,539,0,0,0,0,0,0,0,0,0,0
13.150000000000073,534,0,0,0,0,0,0,0,0,0,0
13.200000000000074,503,0,0,0,0,0,0,0,0,0,0
13.250000000000075,526,0,0,0,0,0,0,0,0,0,0
13.300000000000075,499,0,0,0,0,0,0,0,0,0,0
13.350000000000076,534,0,0,0,0,0,0,0,0,0,0
13.400000000000077,544,0,0,0,0,0,0,0,0,0,0
13.450000000000077,561,0,0,0,0,0,0,0,0,0,0
13.500000000000078,525,0,0,0,0,0,0,0,0,0,0
13.550000000000079,554,0,0,0,0,0,0,0,0,0,0
13.60000000000008,524,0,0,0,0,0,0,0,0,0,0
13.65000000000008,503,0,0,0,0,0,0,0,0,0,0
13.700000000000081,506,0,0,0,0,0,0,0,0,0,0
13.750000000000082,557,0,0,0,0,0,0,0,0,0,0
13.800000000000082,538,0,0,0,0,0,0,0,0,0,0
13.850000000000083,573,0,0,0,0,0,0,0,0,0,0
13.900000000000084,534,0,0,0,0,0,0,0,0,0,0
13.950000000000085,525,0,0,0,0,0,0,0,0,0,0
14.000000000000085,549,0,0,0,0,0,0,0,0,0,0
14.050000000000086,554,0,0,0,0,0,0,0,0,0,0
14.100000000000087,511,0,0,0,0,0,0,0,0,0,0
14.150000000000087,541,0,0,0,0,0,0,0,0,0,0
14.200000000000088,550,0,0,0,0,0,0,0,0,0,0
14.250000000000089,542,0,0,0,0,0,0,0,0,0,0
14.30000000000009,528,0,0,0,0,0,0,0,0,0,0
14.35000000000009,565,0,0,0,0,0,0,0,0,0,0
14.400000000000091,512,0,0,0,0,0,0,0,0,0,0
14.450000000000092,537,0,0,0,0,0,0,0,0,0,0
14.500000000000092,503,0,0,0,0,0,0,0,0,0,0
14.550000000000093,505,0,0,0,0,0,0,0,0,0,0
14.600000000000094,541,0,0,0,0,0,0,0,0,0,0
14.650000000000095,576,0,0,0,0,0,0,0,0,0,0
14.700000000000095,518,0,0,0,0,0,0,0,0,0,0
14.750000000000096,527,0,0,0,0,0,0,0,0,0,0
14.800000000000097,566,0,0,0,0,0,0,0,0,0,0
14.850000000000097,543,0,0,0,0,0,0,0,0,0,0
14.900000000000098,542,0,0,0,0,0,0,0,0,0,0
14.950000000000099,549,0,0,0,0,0,0,0,0,0,0
15.0000000000001,533,0,0,0,0,0,0,0,0,0,0
15.0500000000001,527,0,0,0,0,0,0,0,0,0,0
15.100000000000101,555,0,0,0,0,0,0,0,0,0,0
15.150000000000102,534,0,0,0,0,0,0,0,0,0,0
15.200000000000102,515,0,0,0,0,0,0,0,0,0,0
15.250000000000103,527,0,0,0,0,0,0,0,0,0,0
15.300000000000104,545,0,0,0,0,0,0,0,0,0,0
15.350000000000104,577,0,0,0,0,0,0,0,0,0,0
15.400000000000105,493,0,0,0,0,0,0,0,0,0,0
15.450000000000106,529,0,0,0,0,0,0,0,0,0,0
15.500000000000107,555,0,0,0,0,0,0,0,0,0,0
15.550000000000107,505,0,0,0,0,0,0,0,0,0,0
15.600000000000108,551,0,0,0,0,0,0,0,0,0,0
15.650000000000109,520,0,0,0,0,0,0,0,0,0,0
15.70000000000011,511,0,0,0,0,0,0,0,0,0,0
15.75000000000011,520,0,0,0,0,0,0,0,0,0,0
15.80000000000011,543,0,0,0,0,0,0,0,0,0,0
15.850000000000112,515,0,0,0,0,0,0,0,0,0,0
15.900000000000112,557,0,0,0,0,0,0,0,0,0,0
15.950000000000113,534,0,0,0,0,0,0,0,0,0,0
16.000000000000114,498,0,0,0,0,0,0,0,0,0,0
16.050000000000114,527,0,0,0,0,0,0,0,0,0,0
16.100000000000115,469,0,0,0,0,0,0,0,0,0,0
16.150000000000116,448,0,0,0,0,0,0,0,0,0,0
16.200000000000117,427,0,0,0,0,0,0,0,0,0,0
16.250000000000117,375,0,0,0,0,0,0,0,0,0,0
16.300000000000118,372,0,0,0,0,0,0,0,0,0,0
16.35000000000012,335,0,0,0,0,0,0,0,0,0,0
16.40000000000012,336,0,0,0,0,0,0,0,0,0,0
16.45000000000012,261,0,0,0,0,0,0,0,0,0,0
16.50000000000012,248,0,0,0,0,0,0,0,0,0,0
16.55000000000012,213,0,0,0,0,0,0,0,0,0,0
16.600000000000122,216,0,0,0,0,0,0,0,0,0,0
16.650000000000123,165,0,0,0,0,0,0,0,0,0,0
16.700000000000124,147,0,0,0,0,0,0,0,0,0,0
16.750000000000124,110,0,0,0,0,0,0,0,0,0,0
16.800000000000125,98,0,0,0,0,0,0,0,0,0,0
16.850000000000126,63,0,0,0,0,0,0,0,0,0,0
16.900000000000126,28,0,0,0,0,0,0,0,0,0,0
16.950000000000127,14,0,0,0,0,0,0,0,0,0,0
17.000000000000128,0,0,0,0,0,0,0,0,0,0,0
17.05000000000013,0,0,0,0,0,0,0,0,0,0,0
17.10000000000013,0,0,0,0,0,0,0,0,0,0,0
17.15000000000013,0,0,0,0,0,0,0,0,0,0,0
17.20000000000013,0,0,0,0,0,0,0,0,0,0,0
17.25000000000013,0,0,0,0,0,0,0,0,0,0,0
17.300000000000132,0,0,0,0,0,0,0,0,0,0,0
17.350000000000133,0,0,0,0,0,0,0,0,0,0,0
17.400000000000134,0,0,0,0,0,0,0,0,0,0,0
17.450000000000134,0,0,0,0,0,0,0,0,0,0,0
17.500000000000135,0,0,0,0,0,0,0,0,0,0,0
17.550000000000136,0,0,0,0,0,0,0,0,0,0,0
17.600000000000136,0,0,0,0,0,0,0,0,0,0,0
17.650000000000137,0,0,0,0,0,0,0,0,0,0,0
17.700000000000138,0,0,0,0,0,0,0,0,0,0,0
17.75000000000014,0,0,0,0,0,0,0,0,0,0,0
17.80000000000014,0,0,0,0,0,0,0,0,0,0,0
17.85000000000014,0,0,0,0,0,0,0,0,0,0,0
17.90000000000014,0,0,0,0,0,0,0,0,0,0,0
17.95000000000014,0,0,0,0,0,0,0,0,0,0,0
18.000000000000142,0,0,0,0,0,0,0,0,0,0,0
18.050000000000143,0,0,0,0,0,0,0,0,0,0,0
18.100000000000144,0,0,0,0,0,0,0,0,0,0,0
18.150000000000144,0,0,0,0,0,0,0,0,0,0,0
18.200000000000145,0,0,0,0,0,0,0,0,0,0,0
18.250000000000146,0,0,0,0,0,0,0,0,0,0,0
18.300000000000146,0,0,0,0,0,0,0,0,0,0,0
18.350000000000147,0,0,0,0,0,0,0,0,0,0,0
18.400000000000148,0,0,0,0,0,0,0,0,0,0,0
18.45000000000015,0,0,0,0,0,0,0,0,0,0,0
18.50000000000015,0,0,0,0,0,0,0,0,0,0,0
18.55000000000015,0,0,0,0,0,0,0,0,0,0,0
18.60000000000015,0,0,0,0,0,0,0,0,0,0,0
18.65000000000015,0,0,0,0,0,0,0,0,0,0,0
18.700000000000152,0,0,0,0,0,0,0,0,0,0,0
18.750000000000153,0,0,0,0,0,0,0,0,0,0,0
18.800000000000153,0,0,0,0,0,0,0,0,0,0,0
18.850000000000154,0,0,0,0,0,0,0,0,0,0,0
18.900000000000155,0,0,0,0,0,0,0,0,0,0,0
18.950000000000156,0,0,0,0,0,0,0,0,0,0,0
19.000000000000156,0,0,0,0,0,0,0,0,0,0,0
19.050000000000157,0,0,0,0,0,0,0,0,0,0,0
19.100000000000158,0,0,0,0,0,0,0,0,0,0,0
19.15000000000016,0,0,0,0,0,0,0,0,0,0,0
19.20000000000016,0,0,0,0,0,0,0,0,0,0,0
19.25000000000016,0,0,0,0,0,0,0,0,0,0,0
19.30000000000016,0,0,0,0,0,0,0,0,0,0,0
19.35000000000016,0,0,0,0,0,0,0,0,0,0,0
19.400000000000162,0,0,0,0,0,0,0,0,0,0,0
19.450000000000163,0,0,0,0,0,0,0,0,0,0,0
19.500000000000163,0,0,0,0,0,0,0,0,0,0,0
19.550000000000164,0,0,0,0,0,0,0,0,0,0,0
19.600000000000165,0,0,0,0,0,0,0,0,0,0,0
19.650000000000166,0,0,0,0,0,0,0,0,0,0,0
19.700000000000166,0,0,0,0,0,0,0,0,0,0,0
19.750000000000167,0,0,0,0,0,0,0,0,0,0,0
19.800000000000168,0,0,0,0,0,0,0,0,0,0,0
19.85000000000017,0,0,0,0,0,0,0,0,0,0,0
19.90000000000017,0,0,0,0,0,0,0,0,0,0,0
19.95000000000017,0,0,0,0,0,0,0,0,0,0,0
20.00000000000017,0,0,0,0,0,0,0,0,0,0,0
20.05000000000017,0,0,0,0,0,0,0,0,0,0,0
20.100000000000172,0,0,0,0,0,0,0,0,0,0,0
20.150000000000173,0,0,0,0,0,0,0,0,0,0,0
20.200000000000173,0,0,0,0,0,0,0,0,0,0,0
20.250000000000174,0,0,0,0,0,0,0,0,0,0,0
20.300000000000175,0,0,0,0,0,0,0,0,0,0,0
20.350000000000176,0,0,0,0,0,0,0,0,0,0,0
20.400000000000176,0,0,0,0,0,0,0,0,0,0,0
20.450000000000177,0,0,0,0,0,0,0,0,0,0,0
20.500000000000178,0,0,0,0,0,0,0,0,0,0,0
20.55000000000018,0,0,0,0,0,0,0,0,0,0,0
20.60000000000018,0,0,0,0,0,0,0,0,0,0,0
20.65000000000018,0,0,0,0,0,0,0,0,0,0,0
20.70000000000018,0,0,0,0,0,0,0,0,0,0,0
20.75000000000018,0,0,0,0,0,0,0,0,0,0,0
*****
8,0.05,500,0,0.4,10,100,0.261843996326,0.0853672733114
8,500,500,500,500,500,0,0,0,0,0,0
8.05,475,475,473,475,475,0,0,0,0,0,0
8.100000000000001,433,433,432,433,433,0,0,0,0,0,0
8.150000000000002,470,470,468,470,470,0,0,0,0,0,0
8.200000000000003,464,464,462,464,464,0,0,0,0,0,0
8.250000000000004,453,453,448,453,453,0,0,0,0,0,0
8.300000000000004,428,428,427,428,428,0,0,0,0,0,0
8.350000000000005,470,470,466,470,470,0,0,0,0,0,0
8.400000000000006,456,456,449,456,456,0,0,0,0,0,0
8.450000000000006,454,454,444,454,454,0,0,0,0,0,0
8.500000000000007,498,498,490,498,498,0,0,0,0,0,0
8.550000000000008,439,439,430,439,439,0,0,0,0,0,0
8.600000000000009,462,462,447,462,462,0,0,0,0,0,0
8.65000000000001,448,448,438,447,448,0,0,0,0,0,0
8.70000000000001,467,467,454,467,467,0,0,0,0,0,0
8.75000000000001,478,478,468,478,478,0,0,0,0,0,0
8.800000000000011,442,442,425,442,442,0,0,0,0,0,0
8.850000000000012,458,458,424,457,458,0,0,0,0,0,0
8.900000000000013,486,484,442,483,485,0,0,0,0,0,0
8.950000000000014,437,434,390,436,435,0,0,0,0,0,0
9.000000000000014,472,472,419,472,472,0,0,0,0,0,0
9.050000000000015,489,480,426,487,482,0,0,0,0,0,0
9.100000000000016,445,440,385,443,444,0,0,0,0,0,0
9.150000000000016,464,455,371,462,458,0,0,0,0,0,0
9.200000000000017,504,482,379,500,490,0,0,0,0,0,0
9.250000000000018,469,449,355,465,454,0,0,0,0,0,0
9.300000000000018,445,417,305,435,424,0,0,0,0,0,0
9.35000000000002,458,426,326,445,432,0,0,0,0,0,0
9.40000000000002,443,387,286,435,406,0,0,0,0,0,0
9.45000000000002,455,394,270,447,406,0,0,0,0,0,0
9.500000000000021,455,369,262,440,389,0,0,0,0,0,0
9.550000000000022,448,345,229,421,362,0,0,0,0,0,0
9.600000000000023,485,369,235,448,384,0,0,0,0,0,0
9.650000000000023,412,297,179,381,320,0,0,0,0,0,0
9.700000000000024,473,288,172,410,321,0,0,0,0,0,0
9.750000000000025,459,271,151,394,295,0,0,0,0,0,0
9.800000000000026,461,249,140,371,268,0,0,0,0,0,0
9.850000000000026,492,250,139,393,267,0,0,0,0,0,0
9.900000000000027,475,206,100,339,235,0,0,0,0,0,0
9.950000000000028,440,189,93,292,211,0,0,0,0,0,0
10.000000000000028,431,152,69,286,166,0,0,0,0,0,0
10.05000000000003,489,138,67,290,156,0,0,0,0,0,0
10.10000000000003,480,121,57,233,139,0,0,0,0,0,0
10.15000000000003,471,90,28,206,110,0,0,0,0,0,0
10.200000000000031,473,72,30,167,85,0,0,0,0,0,0
10.250000000000032,452,57,23,143,69,0,0,0,0,0,0
10.300000000000033,435,31,5,107,40,0,0,0,0,0,0
10.350000000000033,494,35,16,94,39,0,0,0,0,0,0
10.400000000000034,454,27,10,70,31,0,0,0,0,0,0
10.450000000000035,484,18,8,66,24,0,0,0,0,0,0
10.500000000000036,428,10,4,32,12,0,0,0,0,0,0
10.550000000000036,430,5,3,25,7,0,0,0,0,0,0
10.600000000000037,473,4,2,16,5,0,0,0,0,0,0
10.650000000000038,450,2,1,12,4,0,0,0,0,0,0
10.700000000000038,495,5,1,12,7,0,0,0,0,0,0
10.750000000000039,477,0,0,7,0,0,0,0,0,0,0
10.80000000000004,450,0,0,3,0,0,0,0,0,0,0
10.85000000000004,467,2,2,3,2,0,0,0,0,0,0
10.900000000000041,425,0,0,3,0,0,0,0,0,0,0
10.950000000000042,458,0,0,0,0,0,0,0,0,0,0
11.000000000000043,467,0,0,0,0,0,0,0,0,0,0
11.050000000000043,469,0,0,1,0,0,0,0,0,0,0
11.100000000000044,417,0,0,0,0,0,0,0,0,0,0
11.150000000000045,422,0,0,0,0,0,0,0,0,0,0
11.200000000000045,490,0,0,0,0,0,0,0,0,0,0
11.250000000000046,468,0,0,0,0,0,0,0,0,0,0
11.300000000000047,462,0,0,0,0,0,0,0,0,0,0
11.350000000000048,444,0,0,0,0,0,0,0,0,0,0
11.400000000000048,434,0,0,0,0,0,0,0,0,0,0
11.450000000000049,477,0,0,0,0,0,0,0,0,0,0
11.50000000000005,456,0,0,0,0,0,0,0,0,0,0
11.55000000000005,454,0,0,0,0,0,0,0,0,0,0
11.600000000000051,497,0,0,0,0,0,0,0,0,0,0
11.650000000000052,444,0,0,0,0,0,0,0,0,0,0
11.700000000000053,432,0,0,0,0,0,0,0,0,0,0
11.750000000000053,467,0,0,0,0,0,0,0,0,0,0
11.800000000000054,487,0,0,0,0,0,0,0,0,0,0
11.850000000000055,446,0,0,0,0,0,0,0,0,0,0
11.900000000000055,474,0,0,0,0,0,0,0,0,0,0
11.950000000000056,479,0,0,0,0,0,0,0,0,0,0
12.000000000000057,456,0,0,0,0,0,0,0,0,0,0
12.050000000000058,476,0,0,0,0,0,0,0,0,0,0
12.100000000000058,452,0,0,0,0,0,0,0,0,0,0
12.150000000000059,444,0,0,0,0,0,0,0,0,0,0
12.20000000000006,461,0,0,0,0,0,0,0,0,0,0
12.25000000000006,468,0,0,0,0,0,0,0,0,0,0
12.300000000000061,422,0,0,0,0,0,0,0,0,0,0
12.350000000000062,485,0,0,0,0,0,0,0,0,0,0
12.400000000000063,462,0,0,0,0,0,0,0,0,0,0
12.450000000000063,462,0,0,0,0,0,0,0,0,0,0
12.500000000000064,497,0,0,0,0,0,0,0,0,0,0
12.550000000000065,468,0,0,0,0,0,0,0,0,0,0
12.600000000000065,506,0,0,0,0,0,0,0,0,0,0
12.650000000000066,475,0,0,0,0,0,0,0,0,0,0
12.700000000000067,403,0,0,0,0,0,0,0,0,0,0
12.750000000000068,448,0,0,0,0,0,0,0,0,0,0
12.800000000000068,454,0,0,0,0,0,0,0,0,0,0
12.850000000000069,520,0,0,0,0,0,0,0,0,0,0
12.90000000000007,454,0,0,0,0,0,0,0,0,0,0
12.95000000000007,454,0,0,0,0,0,0,0,0,0,0
13.000000000000071,431,0,0,0,0,0,0,0,0,0,0
13.050000000000072,438,0,0,0,0,0,0,0,0,0,0
13.100000000000072,473,0,0,0,0,0,0,0,0,0,0
13.150000000000073,486,0,0,0,0,0,0,0,0,0,0
13.200000000000074,488,0,0,0,0,0,0,0,0,0,0
13.250000000000075,431,0,0,0,0,0,0,0,0,0,0
13.300000000000075,444,0,0,0,0,0,0,0,0,0,0
13.350000000000076,457,0,0,0,0,0,0,0,0,0,0
13.400000000000077,451,0,0,0,0,0,0,0,0,0,0
13.450000000000077,455,0,0,0,0,0,0,0,0,0,0
13.500000000000078,469,0,0,0,0,0,0,0,0,0,0
13.550000000000079,464,0,0,0,0,0,0,0,0,0,0
13.60000000000008,417,0,0,0,0,0,0,0,0,0,0
13.65000000000008,480,0,0,0,0,0,0,0,0,0,0
13.700000000000081,452,0,0,0,0,0,0,0,0,0,0
13.750000000000082,451,0,0,0,0,0,0,0,0,0,0
13.800000000000082,477,0,0,0,0,0,0,0,0,0,0
13.850000000000083,450,0,0,0,0,0,0,0,0,0,0
13.900000000000084,484,0,0,0,0,0,0,0,0,0,0
13.950000000000085,421,0,0,0,0,0,0,0,0,0,0
14.000000000000085,484,0,0,0,0,0,0,0,0,0,0
14.050000000000086,485,0,0,0,0,0,0,0,0,0,0
14.100000000000087,441,0,0,0,0,0,0,0,0,0,0
14.150000000000087,476,0,0,0,0,0,0,0,0,0,0
14.200000000000088,451,0,0,0,0,0,0,0,0,0,0
14.250000000000089,465,0,0,0,0,0,0,0,0,0,0
14.30000000000009,466,0,0,0,0,0,0,0,0,0,0
14.35000000000009,456,0,0,0,0,0,0,0,0,0,0
14.400000000000091,467,0,0,0,0,0,0,0,0,0,0
14.450000000000092,485,0,0,0,0,0,0,0,0,0,0
14.500000000000092,447,0,0,0,0,0,0,0,0,0,0
14.550000000000093,447,0,0,0,0,0,0,0,0,0,0
14.600000000000094,439,0,0,0,0,0,0,0,0,0,0
14.650000000000095,470,0,0,0,0,0,0,0,0,0,0
14.700000000000095,446,0,0,0,0,0,0,0,0,0,0
14.750000000000096,471,0,0,0,0,0,0,0,0,0,0
14.800000000000097,480,0,0,0,0,0,0,0,0,0,0
14.850000000000097,429,0,0,0,0,0,0,0,0,0,0
14.900000000000098,459,0,0,0,0,0,0,0,0,0,0
14.950000000000099,441,0,0,0,0,0,0,0,0,0,0
15.0000000000001,441,0,0,0,0,0,0,0,0,0,0
15.0500000000001,479,0,0,0,0,0,0,0,0,0,0
15.100000000000101,469,0,0,0,0,0,0,0,0,0,0
15.150000000000102,462,0,0,0,0,0,0,0,0,0,0
15.200000000000102,469,0,0,0,0,0,0,0,0,0,0
15.250000000000103,468,0,0,0,0,0,0,0,0,0,0
15.300000000000104,484,0,0,0,0,0,0,0,0,0,0
15.350000000000104,457,0,0,0,0,0,0,0,0,0,0
15.400000000000105,468,0,0,0,0,0,0,0,0,0,0
15.450000000000106,476,0,0,0,0,0,0,0,0,0,0
15.500000000000107,403,0,0,0,0,0,0,0,0,0,0
15.550000000000107,499,0,0,0,0,0,0,0,0,0,0
15.600000000000108,482,0,0,0,0,0,0,0,0,0,0
15.650000000000109,480,0,0,0,0,0,0,0,0,0,0
15.70000000000011,476,0,0,0,0,0,0,0,0,0,0
15.75000000000011,443,0,0,0,0,0,0,0,0,0,0
15.80000000000011,452,0,0,0,0,0,0,0,0,0,0
15.850000000000112,428,0,0,0,0,0,0,0,0,0,0
15.900000000000112,411,0,0,0,0,0,0,0,0,0,0
15.950000000000113,472,0,0,0,0,0,0,0,0,0,0
16.000000000000114,423,0,0,0,0,0,0,0,0,0,0
16.050000000000114,419,0,0,0,0,0,0,0,0,0,0
16.100000000000115,297,0,0,0,0,0,0,0,0,0,0
16.150000000000116,263,0,0,0,0,0,0,0,0,0,0
16.200000000000117,179,0,0,0,0,0,0,0,0,0,0
16.250000000000117,139,0,0,0,0,0,0,0,0,0,0
16.300000000000118,96,0,0,0,0,0,0,0,0,0,0
16.35000000000012,26,0,0,0,0,0,0,0,0,0,0
16.40000000000012,0,0,0,0,0,0,0,0,0,0,0
16.45000000000012,0,0,0,0,0,0,0,0,0,0,0
16.50000000000012,0,0,0,0,0,0,0,0,0,0,0
16.55000000000012,0,0,0,0,0,0,0,0,0,0,0
16.600000000000122,0,0,0,0,0,0,0,0,0,0,0
16.650000000000123,0,0,0,0,0,0,0,0,0,0,0
16.700000000000124,0,0,0,0,0,0,0,0,0,0,0
16.750000000000124,0,0,0,0,0,0,0,0,0,0,0
16.800000000000125,0,0,0,0,0,0,0,0,0,0,0
16.850000000000126,0,0,0,0,0,0,0,0,0,0,0
16.900000000000126,0,0,0,0,0,0,0,0,0,0,0
16.950000000000127,0,0,0,0,0,0,0,0,0,0,0
17.000000000000128,0,0,0,0,0,0,0,0,0,0,0
17.05000000000013,0,0,0,0,0,0,0,0,0,0,0
17.10000000000013,0,0,0,0,0,0,0,0,0,0,0
17.15000000000013,0,0,0,0,0,0,0,0,0,0,0
17.20000000000013,0,0,0,0,0,0,0,0,0,0,0
17.25000000000013,0,0,0,0,0,0,0,0,0,0,0
17.300000000000132,0,0,0,0,0,0,0,0,0,0,0
17.350000000000133,0,0,0,0,0,0,0,0,0,0,0
17.400000000000134,0,0,0,0,0,0,0,0,0,0,0
17.450000000000134,0,0,0,0,0,0,0,0,0,0,0
17.500000000000135,0,0,0,0,0,0,0,0,0,0,0
17.550000000000136,0,0,0,0,0,0,0,0,0,0,0
17.600000000000136,0,0,0,0,0,0,0,0,0,0,0
17.650000000000137,0,0,0,0,0,0,0,0,0,0,0
17.700000000000138,0,0,0,0,0,0,0,0,0,0,0
17.75000000000014,0,0,0,0,0,0,0,0,0,0,0
17.80000000000014,0,0,0,0,0,0,0,0,0,0,0
17.85000000000014,0,0,0,0,0,0,0,0,0,0,0
17.90000000000014,0,0,0,0,0,0,0,0,0,0,0
17.95000000000014,0,0,0,0,0,0,0,0,0,0,0
18.000000000000142,0,0,0,0,0,0,0,0,0,0,0
18.050000000000143,0,0,0,0,0,0,0,0,0,0,0
18.100000000000144,0,0,0,0,0,0,0,0,0,0,0
18.150000000000144,0,0,0,0,0,0,0,0,0,0,0
18.200000000000145,0,0,0,0,0,0,0,0,0,0,0
18.250000000000146,0,0,0,0,0,0,0,0,0,0,0
18.300000000000146,0,0,0,0,0,0,0,0,0,0,0
18.350000000000147,0,0,0,0,0,0,0,0,0,0,0
18.400000000000148,0,0,0,0,0,0,0,0,0,0,0
18.45000000000015,0,0,0,0,0,0,0,0,0,0,0
18.50000000000015,0,0,0,0,0,0,0,0,0,0,0
18.55000000000015,0,0,0,0,0,0,0,0,0,0,0
18.60000000000015,0,0,0,0,0,0,0,0,0,0,0
18.65000000000015,0,0,0,0,0,0,0,0,0,0,0
18.700000000000152,0,0,0,0,0,0,0,0,0,0,0
18.750000000000153,0,0,0,0,0,0,0,0,0,0,0
18.800000000000153,0,0,0,0,0,0,0,0,0,0,0
18.850000000000154,0,0,0,0,0,0,0,0,0,0,0
18.900000000000155,0,0,0,0,0,0,0,0,0,0,0
18.950000000000156,0,0,0,0,0,0,0,0,0,0,0
19.000000000000156,0,0,0,0,0,0,0,0,0,0,0
19.050000000000157,0,0,0,0,0,0,0,0,0,0,0
19.100000000000158,0,0,0,0,0,0,0,0,0,0,0
19.15000000000016,0,0,0,0,0,0,0,0,0,0,0
19.20000000000016,0,0,0,0,0,0,0,0,0,0,0
19.25000000000016,0,0,0,0,0,0,0,0,0,0,0
19.30000000000016,0,0,0,0,0,0,0,0,0,0,0
19.35000000000016,0,0,0,0,0,0,0,0,0,0,0
19.400000000000162,0,0,0,0,0,0,0,0,0,0,0
19.450000000000163,0,0,0,0,0,0,0,0,0,0,0
19.500000000000163,0,0,0,0,0,0,0,0,0,0,0
19.550000000000164,0,0,0,0,0,0,0,0,0,0,0
19.600000000000165,0,0,0,0,0,0,0,0,0,0,0
19.650000000000166,0,0,0,0,0,0,0,0,0,0,0
19.700000000000166,0,0,0,0,0,0,0,0,0,0,0
19.750000000000167,0,0,0,0,0,0,0,0,0,0,0
19.800000000000168,0,0,0,0,0,0,0,0,0,0,0
19.85000000000017,0,0,0,0,0,0,0,0,0,0,0
19.90000000000017,0,0,0,0,0,0,0,0,0,0,0
19.95000000000017,0,0,0,0,0,0,0,0,0,0,0
20.00000000000017,0,0,0,0,0,0,0,0,0,0,0
20.05000000000017,0,0,0,0,0,0,0,0,0,0,0
20.100000000000172,0,0,0,0,0,0,0,0,0,0,0
20.150000000000173,0,0,0,0,0,0,0,0,0,0,0
20.200000000000173,0,0,0,0,0,0,0,0,0,0,0
20.250000000000174,0,0,0,0,0,0,0,0,0,0,0
20.300000000000175,0,0,0,0,0,0,0,0,0,0,0
20.350000000000176,0,0,0,0,0,0,0,0,0,0,0
20.400000000000176,0,0,0,0,0,0,0,0,0,0,0
20.450000000000177,0,0,0,0,0,0,0,0,0,0,0
20.500000000000178,0,0,0,0,0,0,0,0,0,0,0
20.55000000000018,0,0,0,0,0,0,0,0,0,0,0
20.60000000000018,0,0,0,0,0,0,0,0,0,0,0
20.65000000000018,0,0,0,0,0,0,0,0,0,0,0
20.70000000000018,0,0,0,0,0,0,0,0,0,0,0
20.75000000000018,0,0,0,0,0,0,0,0,0,0,0
*****
8,0.05,500,0.3,0.7,10,100,0.261843996326,0.0853672733114
8,500,500,500,496,500,0,0,0,0,0,0
8.05,464,463,464,459,463,0,0,0,0,0,0
8.100000000000001,489,489,489,481,489,0,0,0,0,0,0
8.150000000000002,490,490,489,482,490,0,0,0,0,0,0
8.200000000000003,472,472,472,465,472,0,0,0,0,0,0
8.250000000000004,478,477,478,471,477,0,0,0,0,0,0
8.300000000000004,482,482,481,477,482,0,0,0,0,0,0
8.350000000000005,459,459,459,453,459,0,0,0,0,0,0
8.400000000000006,512,512,512,500,512,0,0,0,0,0,0
8.450000000000006,488,487,488,482,488,0,0,0,0,0,0
8.500000000000007,468,467,467,464,468,0,0,0,0,0,0
8.550000000000008,478,478,478,460,478,0,0,0,0,0,0
8.600000000000009,500,498,499,490,500,0,0,0,0,0,0
8.65000000000001,499,496,498,485,499,0,0,0,0,0,0
8.70000000000001,487,483,482,467,486,0,0,0,0,0,0
8.75000000000001,480,471,476,463,476,0,0,0,0,0,0
8.800000000000011,443,439,441,427,442,0,0,0,0,0,0
8.850000000000012,482,474,477,465,479,0,0,0,0,0,0
8.900000000000013,472,455,456,442,465,0,0,0,0,0,0
8.950000000000014,440,427,427,414,434,0,0,0,0,0,0
9.000000000000014,507,484,491,479,498,0,0,0,0,0,0
9.050000000000015,501,469,472,461,479,0,0,0,0,0,0
9.100000000000016,504,446,453,458,461,0,0,0,0,0,0
9.150000000000016,461,421,427,430,442,0,0,0,0,0,0
9.200000000000017,503,439,456,439,470,0,0,0,0,0,0
9.250000000000018,452,389,389,399,409,0,0,0,0,0,0
9.300000000000018,517,441,447,445,461,0,0,0,0,0,0
9.35000000000002,474,399,404,410,420,0,0,0,0,0,0
9.40000000000002,469,371,380,394,396,0,0,0,0,0,0
9.45000000000002,490,361,379,389,390,0,0,0,0,0,0
9.500000000000021,458,340,357,356,375,0,0,0,0,0,0
9.550000000000022,508,349,368,392,385,0,0,0,0,0,0
9.600000000000023,475,300,310,335,333,0,0,0,0,0,0
9.650000000000023,493,325,334,359,362,0,0,0,0,0,0
9.700000000000024,469,256,274,309,296,0,0,0,0,0,0
9.750000000000025,471,246,261,306,287,0,0,0,0,0,0
9.800000000000026,466,219,229,271,251,0,0,0,0,0,0
9.850000000000026,480,220,226,269,247,0,0,0,0,0,0
9.900000000000027,500,225,233,266,252,0,0,0,0,0,0
9.950000000000028,467,177,181,219,197,0,0,0,0,0,0
10.000000000000028,510,176,188,242,205,0,0,0,0,0,0
10.05000000000003,510,148,162,214,181,0,0,0,0,0,0
10.10000000000003,503,129,140,179,158,0,0,0,0,0,0
10.15000000000003,467,111,124,158,141,0,0,0,0,0,0
10.200000000000031,443,95,97,130,115,0,0,0,0,0,0
10.250000000000032,475,85,89,118,105,0,0,0,0,0,0
10.300000000000033,486,66,72,90,80,0,0,0,0,0,0
10.350000000000033,484,62,63,86,76,0,0,0,0,0,0
10.400000000000034,480,48,52,79,59,0,0,0,0,0,0
10.450000000000035,491,51,55,73,61,0,0,0,0,0,0
10.500000000000036,479,32,32,45,41,0,0,0,0,0,0
10.550000000000036,474,38,43,55,49,0,0,0,0,0,0
10.600000000000037,470,19,24,32,26,0,0,0,0,0,0
10.650000000000038,489,24,25,37,26,0,0,0,0,0,0
10.700000000000038,518,16,17,21,18,0,0,0,0,0,0
10.750000000000039,457,12,13,21,15,0,0,0,0,0,0
10.80000000000004,477,12,14,26,19,0,0,0,0,0,0
10.85000000000004,487,6,6,12,6,0,0,0,0,0,0
10.900000000000041,476,7,5,11,8,0,0,0,0,0,0
10.950000000000042,490,6,5,8,6,0,0,0,0,0,0
11.000000000000043,482,2,2,5,2,0,0,0,0,0,0
11.050000000000043,497,2,2,3,2,0,0,0,0,0,0
11.100000000000044,451,0,0,0,0,0,0,0,0,0,0
11.150000000000045,444,0,0,1,0,0,0,0,0,0,0
11.200000000000045,505,1,1,2,1,0,0,0,0,0,0
11.250000000000046,487,2,2,2,2,0,0,0,0,0,0
11.300000000000047,500,0,0,0,0,0,0,0,0,0,0
11.350000000000048,486,1,1,1,1,0,0,0,0,0,0
11.400000000000048,478,0,0,0,0,0,0,0,0,0,0
11.450000000000049,494,1,1,2,1,0,0,0,0,0,0
11.50000000000005,459,0,0,0,0,0,0,0,0,0,0
11.55000000000005,512,0,0,0,0,0,0,0,0,0,0
11.600000000000051,451,0,0,0,0,0,0,0,0,0,0
11.650000000000052,511,0,0,0,0,0,0,0,0,0,0
11.700000000000053,451,0,0,0,0,0,0,0,0,0,0
11.750000000000053,502,0,0,0,0,0,0,0,0,0,0
11.800000000000054,476,0,0,0,0,0,0,0,0,0,0
11.850000000000055,478,0,0,0,0,0,0,0,0,0,0
11.900000000000055,500,0,0,0,0,0,0,0,0,0,0
11.950000000000056,440,0,0,0,0,0,0,0,0,0,0
12.000000000000057,472,0,0,0,0,0,0,0,0,0,0
12.050000000000058,465,0,0,0,0,0,0,0,0,0,0
12.100000000000058,485,0,0,0,0,0,0,0,0,0,0
12.150000000000059,494,0,0,0,0,0,0,0,0,0,0
12.20000000000006,476,0,0,0,0,0,0,0,0,0,0
12.25000000000006,526,0,0,0,0,0,0,0,0,0,0
12.300000000000061,455,0,0,0,0,0,0,0,0,0,0
12.350000000000062,500,0,0,0,0,0,0,0,0,0,0
12.400000000000063,490,0,0,0,0,0,0,0,0,0,0
12.450000000000063,458,0,0,0,0,0,0,0,0,0,0
12.500000000000064,459,0,0,0,0,0,0,0,0,0,0
12.550000000000065,506,0,0,0,0,0,0,0,0,0,0
12.600000000000065,456,0,0,0,0,0,0,0,0,0,0
12.650000000000066,481,0,0,0,0,0,0,0,0,0,0
12.700000000000067,494,0,0,0,0,0,0,0,0,0,0
12.750000000000068,495,0,0,0,0,0,0,0,0,0,0
12.800000000000068,487,0,0,0,0,0,0,0,0,0,0
12.850000000000069,499,0,0,0,0,0,0,0,0,0,0
12.90000000000007,482,0,0,0,0,0,0,0,0,0,0
12.95000000000007,457,0,0,0,0,0,0,0,0,0,0
13.000000000000071,495,0,0,0,0,0,0,0,0,0,0
13.050000000000072,448,0,0,0,0,0,0,0,0,0,0
13.100000000000072,452,0,0,0,0,0,0,0,0,0,0
13.150000000000073,457,0,0,0,0,0,0,0,0,0,0
13.200000000000074,493,0,0,0,0,0,0,0,0,0,0
13.250000000000075,505,0,0,0,0,0,0,0,0,0,0
13.300000000000075,502,0,0,0,0,0,0,0,0,0,0
13.350000000000076,502,0,0,0,0,0,0,0,0,0,0
13.400000000000077,472,0,0,0,0,0,0,0,0,0,0
13.450000000000077,481,0,0,0,0,0,0,0,0,0,0
13.500000000000078,447,0,0,0,0,0,0,0,0,0,0
13.550000000000079,510,0,0,0,0,0,0,0,0,0,0
13.60000000000008,456,0,0,0,0,0,0,0,0,0,0
13.65000000000008,476,0,0,0,0,0,0,0,0,0,0
13.700000000000081,456,0,0,0,0,0,0,0,0,0,0
13.750000000000082,488,0,0,0,0,0,0,0,0,0,0
13.800000000000082,515,0,0,0,0,0,0,0,0,0,0
13.850000000000083,475,0,0,0,0,0,0,0,0,0,0
13.900000000000084,466,0,0,0,0,0,0,0,0,0,0
13.950000000000085,506,0,0,0,0,0,0,0,0,0,0
14.000000000000085,455,0,0,0,0,0,0,0,0,0,0
14.050000000000086,485,0,0,0,0,0,0,0,0,0,0
14.100000000000087,479,0,0,0,0,0,0,0,0,0,0
14.150000000000087,513,0,0,0,0,0,0,0,0,0,0
14.200000000000088,468,0,0,0,0,0,0,0,0,0,0
14.250000000000089,466,0,0,0,0,0,0,0,0,0,0
14.30000000000009,493,0,0,0,0,0,0,0,0,0,0
14.35000000000009,492,0,0,0,0,0,0,0,0,0,0
14.400000000000091,465,0,0,0,0,0,0,0,0,0,0
14.450000000000092,472,0,0,0,0,0,0,0,0,0,0
14.500000000000092,471,0,0,0,0,0,0,0,0,0,0
14.550000000000093,461,0,0,0,0,0,0,0,0,0,0
14.600000000000094,499,0,0,0,0,0,0,0,0,0,0
14.650000000000095,514,0,0,0,0,0,0,0,0,0,0
14.700000000000095,485,0,0,0,0,0,0,0,0,0,0
14.750000000000096,497,0,0,0,0,0,0,0,0,0,0
14.800000000000097,441,0,0,0,0,0,0,0,0,0,0
14.850000000000097,488,0,0,0,0,0,0,0,0,0,0
14.900000000000098,456,0,0,0,0,0,0,0,0,0,0
14.950000000000099,493,0,0,0,0,0,0,0,0,0,0
15.0000000000001,475,0,0,0,0,0,0,0,0,0,0
15.0500000000001,469,0,0,0,0,0,0,0,0,0,0
15.100000000000101,510,0,0,0,0,0,0,0,0,0,0
15.150000000000102,518,0,0,0,0,0,0,0,0,0,0
15.200000000000102,434,0,0,0,0,0,0,0,0,0,0
15.250000000000103,481,0,0,0,0,0,0,0,0,0,0
15.300000000000104,499,0,0,0,0,0,0,0,0,0,0
15.350000000000104,488,0,0,0,0,0,0,0,0,0,0
15.400000000000105,463,0,0,0,0,0,0,0,0,0,0
15.450000000000106,451,0,0,0,0,0,0,0,0,0,0
15.500000000000107,523,0,0,0,0,0,0,0,0,0,0
15.550000000000107,456,0,0,0,0,0,0,0,0,0,0
15.600000000000108,493,0,0,0,0,0,0,0,0,0,0
15.650000000000109,464,0,0,0,0,0,0,0,0,0,0
15.70000000000011,517,0,0,0,0,0,0,0,0,0,0
15.75000000000011,449,0,0,0,0,0,0,0,0,0,0
15.80000000000011,482,0,0,0,0,0,0,0,0,0,0
15.850000000000112,464,0,0,0,0,0,0,0,0,0,0
15.900000000000112,486,0,0,0,0,0,0,0,0,0,0
15.950000000000113,512,0,0,0,0,0,0,0,0,0,0
16.000000000000114,494,0,0,0,0,0,0,0,0,0,0
16.050000000000114,471,0,0,0,0,0,0,0,0,0,0
16.100000000000115,468,0,0,0,0,0,0,0,0,0,0
16.150000000000116,465,0,0,0,0,0,0,0,0,0,0
16.200000000000117,452,0,0,0,0,0,0,0,0,0,0
16.250000000000117,495,0,0,0,0,0,0,0,0,0,0
16.300000000000118,428,0,0,0,0,0,0,0,0,0,0
16.35000000000012,379,0,0,0,0,0,0,0,0,0,0
16.40000000000012,351,0,0,0,0,0,0,0,0,0,0
16.45000000000012,246,0,0,0,0,0,0,0,0,0,0
16.50000000000012,249,0,0,0,0,0,0,0,0,0,0
16.55000000000012,150,0,0,0,0,0,0,0,0,0,0
16.600000000000122,128,0,0,0,0,0,0,0,0,0,0
16.650000000000123,38,0,0,0,0,0,0,0,0,0,0
16.700000000000124,0,0,0,0,0,0,0,0,0,0,0
16.750000000000124,0,0,0,0,0,0,0,0,0,0,0
16.800000000000125,0,0,0,0,0,0,0,0,0,0,0
16.850000000000126,0,0,0,0,0,0,0,0,0,0,0
16.900000000000126,0,0,0,0,0,0,0,0,0,0,0
16.950000000000127,0,0,0,0,0,0,0,0,0,0,0
17.000000000000128,0,0,0,0,0,0,0,0,0,0,0
17.05000000000013,0,0,0,0,0,0,0,0,0,0,0
17.10000000000013,0,0,0,0,0,0,0,0,0,0,0
17.15000000000013,0,0,0,0,0,0,0,0,0,0,0
17.20000000000013,0,0,0,0,0,0,0,0,0,0,0
17.25000000000013,0,0,0,0,0,0,0,0,0,0,0
17.300000000000132,0,0,0,0,0,0,0,0,0,0,0
17.350000000000133,0,0,0,0,0,0,0,0,0,0,0
17.400000000000134,0,0,0,0,0,0,0,0,0,0,0
17.450000000000134,0,0,0,0,0,0,0,0,0,0,0
17.500000000000135,0,0,0,0,0,0,0,0,0,0,0
17.550000000000136,0,0,0,0,0,0,0,0,0,0,0
17.600000000000136,0,0,0,0,0,0,0,0,0,0,0
17.650000000000137,0,0,0,0,0,0,0,0,0,0,0
17.700000000000138,0,0,0,0,0,0,0,0,0,0,0
17.75000000000014,0,0,0,0,0,0,0,0,0,0,0
17.80000000000014,0,0,0,0,0,0,0,0,0,0,0
17.85000000000014,0,0,0,0,0,0,0,0,0,0,0
17.90000000000014,0,0,0,0,0,0,0,0,0,0,0
17.95000000000014,0,0,0,0,0,0,0,0,0,0,0
18.000000000000142,0,0,0,0,0,0,0,0,0,0,0
18.050000000000143,0,0,0,0,0,0,0,0,0,0,0
18.100000000000144,0,0,0,0,0,0,0,0,0,0,0
18.150000000000144,0,0,0,0,0,0,0,0,0,0,0
18.200000000000145,0,0,0,0,0,0,0,0,0,0,0
18.250000000000146,0,0,0,0,0,0,0,0,0,0,0
18.300000000000146,0,0,0,0,0,0,0,0,0,0,0
18.350000000000147,0,0,0,0,0,0,0,0,0,0,0
18.400000000000148,0,0,0,0,0,0,0,0,0,0,0
18.45000000000015,0,0,0,0,0,0,0,0,0,0,0
18.50000000000015,0,0,0,0,0,0,0,0,0,0,0
18.55000000000015,0,0,0,0,0,0,0,0,0,0,0
18.60000000000015,0,0,0,0,0,0,0,0,0,0,0
18.65000000000015,0,0,0,0,0,0,0,0,0,0,0
18.700000000000152,0,0,0,0,0,0,0,0,0,0,0
18.750000000000153,0,0,0,0,0,0,0,0,0,0,0
18.800000000000153,0,0,0,0,0,0,0,0,0,0,0
18.850000000000154,0,0,0,0,0,0,0,0,0,0,0
18.900000000000155,0,0,0,0,0,0,0,0,0,0,0
18.950000000000156,0,0,0,0,0,0,0,0,0,0,0
19.000000000000156,0,0,0,0,0,0,0,0,0,0,0
19.050000000000157,0,0,0,0,0,0,0,0,0,0,0
19.100000000000158,0,0,0,0,0,0,0,0,0,0,0
19.15000000000016,0,0,0,0,0,0,0,0,0,0,0
19.20000000000016,0,0,0,0,0,0,0,0,0,0,0
19.25000000000016,0,0,0,0,0,0,0,0,0,0,0
19.30000000000016,0,0,0,0,0,0,0,0,0,0,0
19.35000000000016,0,0,0,0,0,0,0,0,0,0,0
19.400000000000162,0,0,0,0,0,0,0,0,0,0,0
19.450000000000163,0,0,0,0,0,0,0,0,0,0,0
19.500000000000163,0,0,0,0,0,0,0,0,0,0,0
19.550000000000164,0,0,0,0,0,0,0,0,0,0,0
19.600000000000165,0,0,0,0,0,0,0,0,0,0,0
19.650000000000166,0,0,0,0,0,0,0,0,0,0,0
19.700000000000166,0,0,0,0,0,0,0,0,0,0,0
19.750000000000167,0,0,0,0,0,0,0,0,0,0,0
19.800000000000168,0,0,0,0,0,0,0,0,0,0,0
19.85000000000017,0,0,0,0,0,0,0,0,0,0,0
19.90000000000017,0,0,0,0,0,0,0,0,0,0,0
19.95000000000017,0,0,0,0,0,0,0,0,0,0,0
20.00000000000017,0,0,0,0,0,0,0,0,0,0,0
20.05000000000017,0,0,0,0,0,0,0,0,0,0,0
20.100000000000172,0,0,0,0,0,0,0,0,0,0,0
20.150000000000173,0,0,0,0,0,0,0,0,0,0,0
20.200000000000173,0,0,0,0,0,0,0,0,0,0,0
20.250000000000174,0,0,0,0,0,0,0,0,0,0,0
20.300000000000175,0,0,0,0,0,0,0,0,0,0,0
20.350000000000176,0,0,0,0,0,0,0,0,0,0,0
20.400000000000176,0,0,0,0,0,0,0,0,0,0,0
20.450000000000177,0,0,0,0,0,0,0,0,0,0,0
20.500000000000178,0,0,0,0,0,0,0,0,0,0,0
20.55000000000018,0,0,0,0,0,0,0,0,0,0,0
20.60000000000018,0,0,0,0,0,0,0,0,0,0,0
20.65000000000018,0,0,0,0,0,0,0,0,0,0,0
20.70000000000018,0,0,0,0,0,0,0,0,0,0,0
20.75000000000018,0,0,0,0,0,0,0,0,0,0,0
*****
8,0.05,500,0.6,1,10,100,0.261843996326,0.0853672733114
8,500,70,100,78,100,0,0,0,0,0,0
8.05,548,94,147,129,147,0,0,0,0,0,0
8.100000000000001,553,108,144,129,144,0,0,0,0,0,0
8.150000000000002,514,86,123,113,123,0,0,0,0,0,0
8.200000000000003,551,97,129,134,129,0,0,0,0,0,0
8.250000000000004,507,89,123,127,123,0,0,0,0,0,0
8.300000000000004,537,122,146,137,146,0,0,0,0,0,0
8.350000000000005,521,105,130,151,130,0,0,0,0,0,0
8.400000000000006,525,113,128,124,128,0,0,0,0,0,0
8.450000000000006,522,87,104,114,104,0,0,0,0,0,0
8.500000000000007,518,72,97,112,97,0,0,0,0,0,0
8.550000000000008,487,44,72,92,72,0,0,0,0,0,0
8.600000000000009,494,41,64,71,64,0,0,0,0,0,0
8.65000000000001,512,37,65,67,65,0,0,0,0,0,0
8.70000000000001,511,36,60,54,60,0,0,0,0,0,0
8.75000000000001,524,51,82,77,82,0,0,0,0,0,0
8.800000000000011,538,49,81,69,81,0,0,0,0,0,0
8.850000000000012,582,47,74,66,74,0,0,0,0,0,0
8.900000000000013,523,25,58,48,58,0,0,0,0,0,0
8.950000000000014,533,21,54,43,54,0,0,0,0,0,0
9.000000000000014,518,24,38,34,38,0,0,0,0,0,0
9.050000000000015,487,15,42,45,42,0,0,0,0,0,0
9.100000000000016,522,17,37,39,37,0,0,0,0,0,0
9.150000000000016,552,13,34,34,34,0,0,0,0,0,0
9.200000000000017,518,11,30,27,30,0,0,0,0,0,0
9.250000000000018,538,9,16,14,16,0,0,0,0,0,0
9.300000000000018,499,7,22,22,22,0,0,0,0,0,0
9.35000000000002,509,5,16,15,16,0,0,0,0,0,0
9.40000000000002,490,10,21,18,21,0,0,0,0,0,0
9.45000000000002,502,5,18,19,18,0,0,0,0,0,0
9.500000000000021,518,3,15,14,15,0,0,0,0,0,0
9.550000000000022,522,5,9,8,9,0,0,0,0,0,0
9.600000000000023,540,0,2,6,2,0,0,0,0,0,0
9.650000000000023,542,1,5,5,5,0,0,0,0,0,0
9.700000000000024,548,0,5,7,5,0,0,0,0,0,0
9.750000000000025,544,2,5,4,5,0,0,0,0,0,0
9.800000000000026,527,1,3,5,3,0,0,0,0,0,0
9.850000000000026,521,0,1,1,1,0,0,0,0,0,0
9.900000000000027,511,3,4,4,4,0,0,0,0,0,0
9.950000000000028,517,0,1,1,1,0,0,0,0,0,0
10.000000000000028,514,1,1,1,1,0,0,0,0,0,0
10.05000000000003,507,0,2,3,2,0,0,0,0,0,0
10.10000000000003,492,0,0,0,0,0,0,0,0,0,0
10.15000000000003,528,0,0,0,0,0,0,0,0,0,0
10.200000000000031,497,1,1,1,1,0,0,0,0,0,0
10.250000000000032,509,0,1,1,1,0,0,0,0,0,0
10.300000000000033,512,0,0,0,0,0,0,0,0,0,0
10.350000000000033,525,0,0,0,0,0,0,0,0,0,0
10.400000000000034,574,0,0,0,0,0,0,0,0,0,0
10.450000000000035,517,0,0,0,0,0,0,0,0,0,0
10.500000000000036,531,0,0,0,0,0,0,0,0,0,0
10.550000000000036,524,0,0,0,0,0,0,0,0,0,0
10.600000000000037,530,0,0,0,0,0,0,0,0,0,0
10.650000000000038,537,0,0,0,0,0,0,0,0,0,0
10.700000000000038,513,0,0,0,0,0,0,0,0,0,0
10.750000000000039,498,0,0,0,0,0,0,0,0,0,0
10.80000000000004,500,0,0,0,0,0,0,0,0,0,0
10.85000000000004,563,0,0,0,0,0,0,0,0,0,0
10.900000000000041,508,0,0,0,0,0,0,0,0,0,0
10.950000000000042,543,0,0,0,0,0,0,0,0,0,0
11.000000000000043,504,0,0,0,0,0,0,0,0,0,0
11.050000000000043,480,0,0,0,0,0,0,0,0,0,0
11.100000000000044,522,0,0,0,0,0,0,0,0,0,0
11.150000000000045,489,0,0,0,0,0,0,0,0,0,0
11.200000000000045,550,0,0,0,0,0,0,0,0,0,0
11.250000000000046,528,0,0,0,0,0,0,0,0,0,0
11.300000000000047,522,0,0,0,0,0,0,0,0,0,0
11.350000000000048,530,0,0,0,0,0,0,0,0,0,0
11.400000000000048,562,0,0,0,0,0,0,0,0,0,0
11.450000000000049,525,0,0,0,0,0,0,0,0,0,0
11.50000000000005,504,0,0,0,0,0,0,0,0,0,0
11.55000000000005,569,0,0,0,0,0,0,0,0,0,0
11.600000000000051,512,0,0,0,0,0,0,0,0,0,0
11.650000000000052,533,0,0,0,0,0,0,0,0,0,0
11.700000000000053,521,0,0,0,0,0,0,0,0,0,0
11.750000000000053,513,0,0,0,0,0,0,0,0,0,0
11.800000000000054,510,0,0,0,0,0,0,0,0,0,0
11.850000000000055,518,0,0,0,0,0,0,0,0,0,0
11.900000000000055,502,0,0,0,0,0,0,0,0,0,0
11.950000000000056,515,0,0,0,0,0,0,0,0,0,0
12.000000000000057,475,0,0,0,0,0,0,0,0,0,0
12.050000000000058,507,0,0,0,0,0,0,0,0,0,0
12.100000000000058,562,0,0,0,0,0,0,0,0,0,0
12.150000000000059,564,0,0,0,0,0,0,0,0,0,0
12.20000000000006,551,0,0,0,0,0,0,0,0,0,0
12.25000000000006,550,0,0,0,0,0,0,0,0,0,0
12.300000000000061,534,0,0,0,0,0,0,0,0,0,0
12.350000000000062,536,0,0,0,0,0,0,0,0,0,0
12.400000000000063,503,0,0,0,0,0,0,0,0,0,0
12.450000000000063,501,0,0,0,0,0,0,0,0,0,0
12.500000000000064,506,0,0,0,0,0,0,0,0,0,0
12.550000000000065,499,0,0,0,0,0,0,0,0,0,0
12.600000000000065,516,0,0,0,0,0,0,0,0,0,0
12.650000000000066,531,0,0,0,0,0,0,0,0,0,0
12.700000000000067,523,0,0,0,0,0,0,0,0,0,0
12.750000000000068,499,0,0,0,0,0,0,0,0,0,0
12.800000000000068,562,0,0,0,0,0,0,0,0,0,0
12.850000000000069,466,0,0,0,0,0,0,0,0,0,0
12.90000000000007,550,0,0,0,0,0,0,0,0,0,0
12.95000000000007,489,0,0,0,0,0,0,0,0,0,0
13.000000000000071,567,0,0,0,0,0,0,0,0,0,0
13.050000000000072,560,0,0,0,0,0,0,0,0,0,0
13.100000000000072,509,0,0,0,0,0,0,0,0,0,0
13.150000000000073,552,0,0,0,0,0,0,0,0,0,0
13.200000000000074,544,0,0,0,0,0,0,0,0,0,0
13.250000000000075,499,0,0,0,0,0,0,0,0,0,0
13.300000000000075,481,0,0,0,0,0,0,0,0,0,0
13.350000000000076,500,0,0,0,0,0,0,0,0,0,0
13.400000000000077,511,0,0,0,0,0,0,0,0,0,0
13.450000000000077,546,0,0,0,0,0,0,0,0,0,0
13.500000000000078,491,0,0,0,0,0,0,0,0,0,0
13.550000000000079,538,0,0,0,0,0,0,0,0,0,0
13.60000000000008,524,0,0,0,0,0,0,0,0,0,0
13.65000000000008,498,0,0,0,0,0,0,0,0,0,0
13.700000000000081,538,0,0,0,0,0,0,0,0,0,0
13.750000000000082,500,0,0,0,0,0,0,0,0,0,0
13.800000000000082,555,0,0,0,0,0,0,0,0,0,0
13.850000000000083,544,0,0,0,0,0,0,0,0,0,0
13.900000000000084,529,0,0,0,0,0,0,0,0,0,0
13.950000000000085,544,0,0,0,0,0,0,0,0,0,0
14.000000000000085,549,0,0,0,0,0,0,0,0,0,0
14.050000000000086,516,0,0,0,0,0,0,0,0,0,0
14.100000000000087,485,0,0,0,0,0,0,0,0,0,0
14.150000000000087,488,0,0,0,0,0,0,0,0,0,0
14.200000000000088,556,0,0,0,0,0,0,0,0,0,0
14.250000000000089,523,0,0,0,0,0,0,0,0,0,0
14.30000000000009,505,0,0,0,0,0,0,0,0,0,0
14.35000000000009,524,0,0,0,0,0,0,0,0,0,0
14.400000000000091,499,0,0,0,0,0,0,0,0,0,0
14.450000000000092,516,0,0,0,0,0,0,0,0,0,0
14.500000000000092,516,0,0,0,0,0,0,0,0,0,0
14.550000000000093,490,0,0,0,0,0,0,0,0,0,0
14.600000000000094,550,0,0,0,0,0,0,0,0,0,0
14.650000000000095,526,0,0,0,0,0,0,0,0,0,0
14.700000000000095,523,0,0,0,0,0,0,0,0,0,0
14.750000000000096,572,0,0,0,0,0,0,0,0,0,0
14.800000000000097,506,0,0,0,0,0,0,0,0,0,0
14.850000000000097,543,0,0,0,0,0,0,0,0,0,0
14.900000000000098,489,0,0,0,0,0,0,0,0,0,0
14.950000000000099,507,0,0,0,0,0,0,0,0,0,0
15.0000000000001,538,0,0,0,0,0,0,0,0,0,0
15.0500000000001,513,0,0,0,0,0,0,0,0,0,0
15.100000000000101,517,0,0,0,0,0,0,0,0,0,0
15.150000000000102,523,0,0,0,0,0,0,0,0,0,0
15.200000000000102,564,0,0,0,0,0,0,0,0,0,0
15.250000000000103,498,0,0,0,0,0,0,0,0,0,0
15.300000000000104,534,0,0,0,0,0,0,0,0,0,0
15.350000000000104,523,0,0,0,0,0,0,0,0,0,0
15.400000000000105,521,0,0,0,0,0,0,0,0,0,0
15.450000000000106,537,0,0,0,0,0,0,0,0,0,0
15.500000000000107,540,0,0,0,0,0,0,0,0,0,0
15.550000000000107,495,0,0,0,0,0,0,0,0,0,0
15.600000000000108,534,0,0,0,0,0,0,0,0,0,0
15.650000000000109,469,0,0,0,0,0,0,0,0,0,0
15.70000000000011,512,0,0,0,0,0,0,0,0,0,0
15.75000000000011,511,0,0,0,0,0,0,0,0,0,0
15.80000000000011,536,0,0,0,0,0,0,0,0,0,0
15.850000000000112,516,0,0,0,0,0,0,0,0,0,0
15.900000000000112,522,0,0,0,0,0,0,0,0,0,0
15.950000000000113,531,0,0,0,0,0,0,0,0,0,0
16.000000000000114,545,0,0,0,0,0,0,0,0,0,0
16.050000000000114,525,0,0,0,0,0,0,0,0,0,0
16.100000000000115,555,0,0,0,0,0,0,0,0,0,0
16.150000000000116,547,0,0,0,0,0,0,0,0,0,0
16.200000000000117,511,0,0,0,0,0,0,0,0,0,0
16.250000000000117,477,0,0,0,0,0,0,0,0,0,0
16.300000000000118,522,0,0,0,0,0,0,0,0,0,0
16.35000000000012,556,0,0,0,0,0,0,0,0,0,0
16.40000000000012,508,0,0,0,0,0,0,0,0,0,0
16.45000000000012,497,0,0,0,0,0,0,0,0,0,0
16.50000000000012,497,0,0,0,0,0,0,0,0,0,0
16.55000000000012,526,0,0,0,0,0,0,0,0,0,0
16.600000000000122,499,0,0,0,0,0,0,0,0,0,0
16.650000000000123,415,0,0,0,0,0,0,0,0,0,0
16.700000000000124,380,0,0,0,0,0,0,0,0,0,0
16.750000000000124,280,0,0,0,0,0,0,0,0,0,0
16.800000000000125,243,0,0,0,0,0,0,0,0,0,0
16.850000000000126,165,0,0,0,0,0,0,0,0,0,0
16.900000000000126,84,0,0,0,0,0,0,0,0,0,0
16.950000000000127,22,0,0,0,0,0,0,0,0,0,0
17.000000000000128,0,0,0,0,0,0,0,0,0,0,0
17.05000000000013,0,0,0,0,0,0,0,0,0,0,0
17.10000000000013,0,0,0,0,0,0,0,0,0,0,0
17.15000000000013,0,0,0,0,0,0,0,0,0,0,0
17.20000000000013,0,0,0,0,0,0,0,0,0,0,0
17.25000000000013,0,0,0,0,0,0,0,0,0,0,0
17.300000000000132,0,0,0,0,0,0,0,0,0,0,0
17.350000000000133,0,0,0,0,0,0,0,0,0,0,0
17.400000000000134,0,0,0,0,0,0,0,0,0,0,0
17.450000000000134,0,0,0,0,0,0,0,0,0,0,0
17.500000000000135,0,0,0,0,0,0,0,0,0,0,0
17.550000000000136,0,0,0,0,0,0,0,0,0,0,0
17.600000000000136,0,0,0,0,0,0,0,0,0,0,0
17.650000000000137,0,0,0,0,0,0,0,0,0,0,0
17.700000000000138,0,0,0,0,0,0,0,0,0,0,0
17.75000000000014,0,0,0,0,0,0,0,0,0,0,0
17.80000000000014,0,0,0,0,0,0,0,0,0,0,0
17.85000000000014,0,0,0,0,0,0,0,0,0,0,0
17.90000000000014,0,0,0,0,0,0,0,0,0,0,0
17.95000000000014,0,0,0,0,0,0,0,0,0,0,0
18.000000000000142,0,0,0,0,0,0,0,0,0,0,0
18.050000000000143,0,0,0,0,0,0,0,0,0,0,0
18.100000000000144,0,0,0,0,0,0,0,0,0,0,0
18.150000000000144,0,0,0,0,0,0,0,0,0,0,0
18.200000000000145,0,0,0,0,0,0,0,0,0,0,0
18.250000000000146,0,0,0,0,0,0,0,0,0,0,0
18.300000000000146,0,0,0,0,0,0,0,0,0,0,0
18.350000000000147,0,0,0,0,0,0,0,0,0,0,0
18.400000000000148,0,0,0,0,0,0,0,0,0,0,0
18.45000000000015,0,0,0,0,0,0,0,0,0,0,0
18.50000000000015,0,0,0,0,0,0,0,0,0,0,0
18.55000000000015,0,0,0,0,0,0,0,0,0,0,0
18.60000000000015,0,0,0,0,0,0,0,0,0,0,0
18.65000000000015,0,0,0,0,0,0,0,0,0,0,0
18.700000000000152,0,0,0,0,0,0,0,0,0,0,0
18.750000000000153,0,0,0,0,0,0,0,0,0,0,0
18.800000000000153,0,0,0,0,0,0,0,0,0,0,0
18.850000000000154,0,0,0,0,0,0,0,0,0,0,0
18.900000000000155,0,0,0,0,0,0,0,0,0,0,0
18.950000000000156,0,0,0,0,0,0,0,0,0,0,0
19.000000000000156,0,0,0,0,0,0,0,0,0,0,0
19.050000000000157,0,0,0,0,0,0,0,0,0,0,0
19.100000000000158,0,0,0,0,0,0,0,0,0,0,0
19.15000000000016,0,0,0,0,0,0,0,0,0,0,0
19.20000000000016,0,0,0,0,0,0,0,0,0,0,0
19.25000000000016,0,0,0,0,0,0,0,0,0,0,0
19.30000000000016,0,0,0,0,0,0,0,0,0,0,0
19.35000000000016,0,0,0,0,0,0,0,0,0,0,0
19.400000000000162,0,0,0,0,0,0,0,0,0,0,0
19.450000000000163,0,0,0,0,0,0,0,0,0,0,0
19.500000000000163,0,0,0,0,0,0,0,0,0,0,0
19.550000000000164,0,0,0,0,0,0,0,0,0,0,0
19.600000000000165,0,0,0,0,0,0,0,0,0,0,0
19.650000000000166,0,0,0,0,0,0,0,0,0,0,0
19.700000000000166,0,0,0,0,0,0,0,0,0,0,0
19.750000000000167,0,0,0,0,0,0,0,0,0,0,0
19.800000000000168,0,0,0,0,0,0,0,0,0,0,0
19.85000000000017,0,0,0,0,0,0,0,0,0,0,0
19.90000000000017,0,0,0,0,0,0,0,0,0,0,0
19.95000000000017,0,0,0,0,0,0,0,0,0,0,0
20.00000000000017,0,0,0,0,0,0,0,0,0,0,0
20.05000000000017,0,0,0,0,0,0,0,0,0,0,0
20.100000000000172,0,0,0,0,0,0,0,0,0,0,0
20.150000000000173,0,0,0,0,0,0,0,0,0,0,0
20.200000000000173,0,0,0,0,0,0,0,0,0,0,0
20.250000000000174,0,0,0,0,0,0,0,0,0,0,0
20.300000000000175,0,0,0,0,0,0,0,0,0,0,0
20.350000000000176,0,0,0,0,0,0,0,0,0,0,0
20.400000000000176,0,0,0,0,0,0,0,0,0,0,0
20.450000000000177,0,0,0,0,0,0,0,0,0,0,0
20.500000000000178,0,0,0,0,0,0,0,0,0,0,0
20.55000000000018,0,0,0,0,0,0,0,0,0,0,0
20.60000000000018,0,0,0,0,0,0,0,0,0,0,0
20.65000000000018,0,0,0,0,0,0,0,0,0,0,0
20.70000000000018,0,0,0,0,0,0,0,0,0,0,0
20.75000000000018,0,0,0,0,0,0,0,0,0,0,0
