*****
16,0.05,1000,0,1,10,100,0.65,1.0,0.85,1.0,0.01
16,1000,1000,1000,958,1000,0,0,0,0,0,0
16.05,1005,1005,1005,966,1005,0,0,0,0,0,0
16.1,1035,1035,1035,998,1035,0,0,0,0,0,0
16.150000000000002,1040,1040,1040,1009,1040,0,0,0,0,0,0
16.200000000000003,1004,1004,1004,973,1004,0,0,0,0,0,0
16.250000000000004,1060,1060,1060,1020,1060,0,0,0,0,0,0
16.300000000000004,1093,1093,1093,1058,1093,0,0,0,0,0,0
16.350000000000005,1043,1043,1043,1000,1043,0,0,0,0,0,0
16.400000000000006,982,982,982,967,982,0,0,0,0,0,0
16.450000000000006,995,995,995,960,995,0,0,0,0,0,0
16.500000000000007,959,959,959,930,959,0,0,0,0,0,0
16.550000000000008,1033,1033,1033,1000,1033,0,0,0,0,0,0
16.60000000000001,1033,1033,1033,996,1033,0,0,0,0,0,0
16.65000000000001,1046,1046,1046,985,1046,0,0,0,0,0,0
16.70000000000001,1015,1015,1015,964,1015,0,0,0,0,0,0
16.75000000000001,1041,1041,1041,966,1041,0,0,0,0,0,0
16.80000000000001,1035,1033,1034,966,1034,0,0,0,0,0,0
16.850000000000012,1000,1000,1000,922,1000,0,0,0,0,0,0
16.900000000000013,969,969,969,881,969,0,0,0,0,0,0
16.950000000000014,1086,1086,1086,984,1086,0,0,0,0,0,0
17.000000000000014,1039,1036,1036,914,1036,0,0,0,0,0,0
17.050000000000015,1011,1011,1011,874,1011,0,0,0,0,0,0
17.100000000000016,1010,1007,1009,854,1009,0,0,0,0,0,0
17.150000000000016,1016,1015,1015,850,1015,0,0,0,0,0,0
17.200000000000017,1040,1032,1034,855,1034,0,0,0,0,0,0
17.250000000000018,1033,1025,1027,834,1027,0,0,0,0,0,0
17.30000000000002,1033,1025,1028,817,1028,0,0,0,0,0,0
17.35000000000002,1018,1007,1008,787,1008,0,0,0,0,0,0
17.40000000000002,1022,1013,1014,764,1014,0,0,0,0,0,0
17.45000000000002,934,921,925,704,925,0,0,0,0,0,0
17.50000000000002,1072,1056,1061,795,1061,0,0,0,0,0,0
17.550000000000022,1042,1013,1023,743,1023,0,0,0,0,0,0
17.600000000000023,1034,1004,1012,701,1012,0,0,0,0,0,0
17.650000000000023,1066,1024,1032,696,1032,0,0,0,0,0,0
17.700000000000024,1034,991,999,681,999,0,0,0,0,0,0
17.750000000000025,1052,987,1000,667,1000,0,0,0,0,0,0
17.800000000000026,1043,971,979,650,979,0,0,0,0,0,0
17.850000000000026,973,889,905,592,905,0,0,0,0,0,0
17.900000000000027,977,865,894,514,894,0,0,0,0,0,0
17.950000000000028,1014,884,904,582,904,0,0,0,0,0,0
18.00000000000003,1075,947,966,577,966,0,0,0,0,0,0
18.05000000000003,1047,880,914,537,914,0,0,0,0,0,0
18.10000000000003,988,818,844,514,844,0,0,0,0,0,0
18.15000000000003,1009,839,859,479,859,0,0,0,0,0,0
18.20000000000003,1023,807,837,470,837,0,0,0,0,0,0
18.250000000000032,1055,801,829,461,829,0,0,0,0,0,0
18.300000000000033,1047,750,781,414,781,0,0,0,0,0,0
18.350000000000033,993,704,732,413,732,0,0,0,0,0,0
18.400000000000034,1027,703,733,395,733,0,0,0,0,0,0
18.450000000000035,977,643,676,335,676,0,0,0,0,0,0
18.500000000000036,1067,669,707,373,707,0,0,0,0,0,0
18.550000000000036,1029,617,653,318,653,0,0,0,0,0,0
18.600000000000037,994,543,597,324,597,0,0,0,0,0,0
18.650000000000038,1014,531,562,290,562,0,0,0,0,0,0
18.70000000000004,1059,529,568,270,568,0,0,0,0,0,0
18.75000000000004,1060,505,543,273,543,0,0,0,0,0,0
18.80000000000004,1034,438,469,247,469,0,0,0,0,0,0
18.85000000000004,1031,410,438,221,438,0,0,0,0,0,0
18.90000000000004,945,354,392,183,392,0,0,0,0,0,0
18.950000000000042,1036,370,399,215,399,0,0,0,0,0,0
19.000000000000043,1019,306,345,201,345,0,0,0,0,0,0
19.050000000000043,977,279,302,163,302,0,0,0,0,0,0
19.100000000000044,995,257,282,172,282,0,0,0,0,0,0
19.150000000000045,1073,256,276,151,276,0,0,0,0,0,0
19.200000000000045,996,251,279,130,279,0,0,0,0,0,0
19.250000000000046,1054,227,249,131,249,0,0,0,0,0,0
19.300000000000047,1034,195,223,121,223,0,0,0,0,0,0
19.350000000000048,994,152,179,93,179,0,0,0,0,0,0
19.40000000000005,980,154,175,84,175,0,0,0,0,0,0
19.45000000000005,983,124,142,67,142,0,0,0,0,0,0
19.50000000000005,1041,112,129,66,129,0,0,0,0,0,0
19.55000000000005,1062,117,133,70,133,0,0,0,0,0,0
19.60000000000005,1055,105,127,61,127,0,0,0,0,0,0
19.650000000000052,1028,74,87,41,87,0,0,0,0,0,0
19.700000000000053,1051,76,92,56,92,0,0,0,0,0,0
19.750000000000053,1094,64,75,42,75,0,0,0,0,0,0
19.800000000000054,1003,66,73,43,73,0,0,0,0,0,0
19.850000000000055,1098,54,61,29,61,0,0,0,0,0,0
19.900000000000055,1051,49,56,33,56,0,0,0,0,0,0
19.950000000000056,981,43,49,31,49,0,0,0,0,0,0
20.000000000000057,997,32,37,23,37,0,0,0,0,0,0
20.050000000000058,1022,24,25,25,25,0,0,0,0,0,0
20.10000000000006,1013,22,25,11,25,0,0,0,0,0,0
20.15000000000006,1002,21,25,17,25,0,0,0,0,0,0
20.20000000000006,1011,21,22,11,22,0,0,0,0,0,0
20.25000000000006,1053,22,24,17,24,0,0,0,0,0,0
20.30000000000006,980,12,14,8,14,0,0,0,0,0,0
20.350000000000062,993,13,16,10,16,0,0,0,0,0,0
20.400000000000063,1025,4,5,4,5,0,0,0,0,0,0
20.450000000000063,1019,9,11,8,11,0,0,0,0,0,0
20.500000000000064,1016,5,5,3,5,0,0,0,0,0,0
20.550000000000065,1017,3,3,4,3,0,0,0,0,0,0
20.600000000000065,1034,7,8,6,8,0,0,0,0,0,0
20.650000000000066,1078,5,6,2,6,0,0,0,0,0,0
20.700000000000067,1011,5,5,3,5,0,0,0,0,0,0
20.750000000000068,964,1,1,1,1,0,0,0,0,0,0
20.800000000000068,907,1,1,1,1,0,0,0,0,0,0
20.85000000000007,883,4,5,2,5,0,0,0,0,0,0
20.90000000000007,864,2,2,2,2,0,0,0,0,0,0
20.95000000000007,835,0,0,0,0,0,0,0,0,0,0
21.00000000000007,830,1,1,1,1,0,0,0,0,0,0
21.05000000000007,721,0,0,1,0,0,0,0,0,0,0
21.100000000000072,718,0,0,0,0,0,0,0,0,0,0
21.150000000000073,696,3,4,2,4,0,0,0,0,0,0
21.200000000000074,659,0,1,0,1,0,0,0,0,0,0
21.250000000000075,600,1,1,0,1,0,0,0,0,0,0
21.300000000000075,568,0,0,0,0,0,0,0,0,0,0
21.350000000000076,476,0,0,0,0,0,0,0,0,0,0
21.400000000000077,490,1,1,1,1,0,0,0,0,0,0
21.450000000000077,434,0,0,0,0,0,0,0,0,0,0
21.500000000000078,421,0,0,0,0,0,0,0,0,0,0
21.55000000000008,309,0,0,0,0,0,0,0,0,0,0
21.60000000000008,305,0,0,0,0,0,0,0,0,0,0
21.65000000000008,272,1,1,0,1,0,0,0,0,0,0
21.70000000000008,205,0,0,0,0,0,0,0,0,0,0
21.75000000000008,189,0,0,0,0,0,0,0,0,0,0
21.800000000000082,199,1,1,1,1,0,0,0,0,0,0
21.850000000000083,171,0,0,0,0,0,0,0,0,0,0
21.900000000000084,131,0,0,0,0,0,0,0,0,0,0
21.950000000000085,113,0,0,0,0,0,0,0,0,0,0
22.000000000000085,115,0,0,0,0,0,0,0,0,0,0
22.050000000000086,119,0,0,0,0,0,0,0,0,0,0
22.100000000000087,73,0,0,0,0,0,0,0,0,0,0
22.150000000000087,87,0,0,0,0,0,0,0,0,0,0
22.200000000000088,59,0,0,0,0,0,0,0,0,0,0
22.25000000000009,40,0,0,0,0,0,0,0,0,0,0
22.30000000000009,29,0,0,0,0,0,0,0,0,0,0
22.35000000000009,29,0,0,0,0,0,0,0,0,0,0
22.40000000000009,22,0,0,0,0,0,0,0,0,0,0
22.45000000000009,15,0,0,0,0,0,0,0,0,0,0
22.500000000000092,9,0,0,0,0,0,0,0,0,0,0
22.550000000000093,7,0,0,0,0,0,0,0,0,0,0
22.600000000000094,9,0,0,0,0,0,0,0,0,0,0
22.650000000000095,11,0,0,0,0,0,0,0,0,0,0
22.700000000000095,3,0,0,0,0,0,0,0,0,0,0
22.750000000000096,6,0,0,0,0,0,0,0,0,0,0
22.800000000000097,5,0,0,0,0,0,0,0,0,0,0
22.850000000000097,0,0,0,0,0,0,0,0,0,0,0
22.900000000000098,0,0,0,0,0,0,0,0,0,0,0
22.9500000000001,0,0,0,0,0,0,0,0,0,0,0
23.0000000000001,0,0,0,0,0,0,0,0,0,0,0
23.0500000000001,0,0,0,0,0,0,0,0,0,0,0
23.1000000000001,0,0,0,0,0,0,0,0,0,0,0
23.1500000000001,0,0,0,0,0,0,0,0,0,0,0
23.200000000000102,0,0,0,0,0,0,0,0,0,0,0
23.250000000000103,0,0,0,0,0,0,0,0,0,0,0
23.300000000000104,0,0,0,0,0,0,0,0,0,0,0
23.350000000000104,0,0,0,0,0,0,0,0,0,0,0
23.400000000000105,0,0,0,0,0,0,0,0,0,0,0
23.450000000000106,0,0,0,0,0,0,0,0,0,0,0
23.500000000000107,0,0,0,0,0,0,0,0,0,0,0
23.550000000000107,0,0,0,0,0,0,0,0,0,0,0
23.600000000000108,0,0,0,0,0,0,0,0,0,0,0
23.65000000000011,0,0,0,0,0,0,0,0,0,0,0
23.70000000000011,0,0,0,0,0,0,0,0,0,0,0
23.75000000000011,0,0,0,0,0,0,0,0,0,0,0
23.80000000000011,0,0,0,0,0,0,0,0,0,0,0
23.85000000000011,0,0,0,0,0,0,0,0,0,0,0
23.900000000000112,0,0,0,0,0,0,0,0,0,0,0
23.950000000000113,0,0,0,0,0,0,0,0,0,0,0
24.000000000000114,0,0,0,0,0,0,0,0,0,0,0
24.050000000000114,0,0,0,0,0,0,0,0,0,0,0
24.100000000000115,0,0,0,0,0,0,0,0,0,0,0
24.150000000000116,0,0,0,0,0,0,0,0,0,0,0
24.200000000000117,0,0,0,0,0,0,0,0,0,0,0
24.250000000000117,0,0,0,0,0,0,0,0,0,0,0
24.300000000000118,0,0,0,0,0,0,0,0,0,0,0
24.35000000000012,0,0,0,0,0,0,0,0,0,0,0
24.40000000000012,0,0,0,0,0,0,0,0,0,0,0
24.45000000000012,0,0,0,0,0,0,0,0,0,0,0
24.50000000000012,0,0,0,0,0,0,0,0,0,0,0
24.55000000000012,0,0,0,0,0,0,0,0,0,0,0
24.600000000000122,0,0,0,0,0,0,0,0,0,0,0
24.650000000000123,0,0,0,0,0,0,0,0,0,0,0
24.700000000000124,0,0,0,0,0,0,0,0,0,0,0
24.750000000000124,0,0,0,0,0,0,0,0,0,0,0
24.800000000000125,0,0,0,0,0,0,0,0,0,0,0
24.850000000000126,0,0,0,0,0,0,0,0,0,0,0
24.900000000000126,0,0,0,0,0,0,0,0,0,0,0
24.950000000000127,0,0,0,0,0,0,0,0,0,0,0
25.000000000000128,0,0,0,0,0,0,0,0,0,0,0
25.05000000000013,0,0,0,0,0,0,0,0,0,0,0
25.10000000000013,0,0,0,0,0,0,0,0,0,0,0
25.15000000000013,0,0,0,0,0,0,0,0,0,0,0
25.20000000000013,0,0,0,0,0,0,0,0,0,0,0
25.25000000000013,0,0,0,0,0,0,0,0,0,0,0
25.300000000000132,0,0,0,0,0,0,0,0,0,0,0
25.350000000000133,0,0,0,0,0,0,0,0,0,0,0
25.400000000000134,0,0,0,0,0,0,0,0,0,0,0
25.450000000000134,0,0,0,0,0,0,0,0,0,0,0
25.500000000000135,0,0,0,0,0,0,0,0,0,0,0
25.550000000000136,0,0,0,0,0,0,0,0,0,0,0
25.600000000000136,0,0,0,0,0,0,0,0,0,0,0
25.650000000000137,0,0,0,0,0,0,0,0,0,0,0
25.700000000000138,0,0,0,0,0,0,0,0,0,0,0
25.75000000000014,0,0,0,0,0,0,0,0,0,0,0
25.80000000000014,0,0,0,0,0,0,0,0,0,0,0
25.85000000000014,0,0,0,0,0,0,0,0,0,0,0
25.90000000000014,0,0,0,0,0,0,0,0,0,0,0
25.95000000000014,0,0,0,0,0,0,0,0,0,0,0
26.000000000000142,0,0,0,0,0,0,0,0,0,0,0
26.050000000000143,0,0,0,0,0,0,0,0,0,0,0
26.100000000000144,0,0,0,0,0,0,0,0,0,0,0
26.150000000000144,0,0,0,0,0,0,0,0,0,0,0
26.200000000000145,0,0,0,0,0,0,0,0,0,0,0
26.250000000000146,0,0,0,0,0,0,0,0,0,0,0
26.300000000000146,0,0,0,0,0,0,0,0,0,0,0
26.350000000000147,0,0,0,0,0,0,0,0,0,0,0
26.400000000000148,0,0,0,0,0,0,0,0,0,0,0
26.45000000000015,0,0,0,0,0,0,0,0,0,0,0
26.50000000000015,0,0,0,0,0,0,0,0,0,0,0
26.55000000000015,0,0,0,0,0,0,0,0,0,0,0
26.60000000000015,0,0,0,0,0,0,0,0,0,0,0
26.65000000000015,0,0,0,0,0,0,0,0,0,0,0
26.700000000000152,0,0,0,0,0,0,0,0,0,0,0
26.750000000000153,0,0,0,0,0,0,0,0,0,0,0
26.800000000000153,0,0,0,0,0,0,0,0,0,0,0
26.850000000000154,0,0,0,0,0,0,0,0,0,0,0
26.900000000000155,0,0,0,0,0,0,0,0,0,0,0
26.950000000000156,0,0,0,0,0,0,0,0,0,0,0
27.000000000000156,0,0,0,0,0,0,0,0,0,0,0
27.050000000000157,0,0,0,0,0,0,0,0,0,0,0
27.100000000000158,0,0,0,0,0,0,0,0,0,0,0
27.15000000000016,0,0,0,0,0,0,0,0,0,0,0
27.20000000000016,0,0,0,0,0,0,0,0,0,0,0
27.25000000000016,0,0,0,0,0,0,0,0,0,0,0
27.30000000000016,0,0,0,0,0,0,0,0,0,0,0
27.35000000000016,0,0,0,0,0,0,0,0,0,0,0
27.400000000000162,0,0,0,0,0,0,0,0,0,0,0
27.450000000000163,0,0,0,0,0,0,0,0,0,0,0
27.500000000000163,0,0,0,0,0,0,0,0,0,0,0
27.550000000000164,0,0,0,0,0,0,0,0,0,0,0
27.600000000000165,0,0,0,0,0,0,0,0,0,0,0
27.650000000000166,0,0,0,0,0,0,0,0,0,0,0
27.700000000000166,0,0,0,0,0,0,0,0,0,0,0
27.750000000000167,0,0,0,0,0,0,0,0,0,0,0
27.800000000000168,0,0,0,0,0,0,0,0,0,0,0
27.85000000000017,0,0,0,0,0,0,0,0,0,0,0
27.90000000000017,0,0,0,0,0,0,0,0,0,0,0
27.95000000000017,0,0,0,0,0,0,0,0,0,0,0
28.00000000000017,0,0,0,0,0,0,0,0,0,0,0
28.05000000000017,0,0,0,0,0,0,0,0,0,0,0
28.100000000000172,0,0,0,0,0,0,0,0,0,0,0
28.150000000000173,0,0,0,0,0,0,0,0,0,0,0
28.200000000000173,0,0,0,0,0,0,0,0,0,0,0
28.250000000000174,0,0,0,0,0,0,0,0,0,0,0
28.300000000000175,0,0,0,0,0,0,0,0,0,0,0
28.350000000000176,0,0,0,0,0,0,0,0,0,0,0
28.400000000000176,0,0,0,0,0,0,0,0,0,0,0
28.450000000000177,0,0,0,0,0,0,0,0,0,0,0
28.500000000000178,0,0,0,0,0,0,0,0,0,0,0
28.55000000000018,0,0,0,0,0,0,0,0,0,0,0
28.60000000000018,0,0,0,0,0,0,0,0,0,0,0
28.65000000000018,0,0,0,0,0,0,0,0,0,0,0
28.70000000000018,0,0,0,0,0,0,0,0,0,0,0
28.75000000000018,0,0,0,0,0,0,0,0,0,0,0
28.800000000000182,0,0,0,0,0,0,0,0,0,0,0
28.850000000000183,0,0,0,0,0,0,0,0,0,0,0
28.900000000000183,0,0,0,0,0,0,0,0,0,0,0
28.950000000000184,0,0,0,0,0,0,0,0,0,0,0
29.000000000000185,0,0,0,0,0,0,0,0,0,0,0
29.050000000000185,0,0,0,0,0,0,0,0,0,0,0
29.100000000000186,0,0,0,0,0,0,0,0,0,0,0
29.150000000000187,0,0,0,0,0,0,0,0,0,0,0
29.200000000000188,0,0,0,0,0,0,0,0,0,0,0
29.25000000000019,0,0,0,0,0,0,0,0,0,0,0
29.30000000000019,0,0,0,0,0,0,0,0,0,0,0
29.35000000000019,0,0,0,0,0,0,0,0,0,0,0
29.40000000000019,0,0,0,0,0,0,0,0,0,0,0
29.45000000000019,0,0,0,0,0,0,0,0,0,0,0
29.500000000000192,0,0,0,0,0,0,0,0,0,0,0
29.550000000000193,0,0,0,0,0,0,0,0,0,0,0
29.600000000000193,0,0,0,0,0,0,0,0,0,0,0
29.650000000000194,0,0,0,0,0,0,0,0,0,0,0
29.700000000000195,0,0,0,0,0,0,0,0,0,0,0
29.750000000000195,0,0,0,0,0,0,0,0,0,0,0
29.800000000000196,0,0,0,0,0,0,0,0,0,0,0
29.850000000000197,0,0,0,0,0,0,0,0,0,0,0
29.900000000000198,0,0,0,0,0,0,0,0,0,0,0
29.9500000000002,0,0,0,0,0,0,0,0,0,0,0
30.0000000000002,0,0,0,0,0,0,0,0,0,0,0
30.0500000000002,0,0,0,0,0,0,0,0,0,0,0
30.1000000000002,0,0,0,0,0,0,0,0,0,0,0
30.1500000000002,0,0,0,0,0,0,0,0,0,0,0
30.200000000000202,0,0,0,0,0,0,0,0,0,0,0
30.250000000000203,0,0,0,0,0,0,0,0,0,0,0
30.300000000000203,0,0,0,0,0,0,0,0,0,0,0
30.350000000000204,0,0,0,0,0,0,0,0,0,0,0
30.400000000000205,0,0,0,0,0,0,0,0,0,0,0
30.450000000000205,0,0,0,0,0,0,0,0,0,0,0
30.500000000000206,0,0,0,0,0,0,0,0,0,0,0
30.550000000000207,0,0,0,0,0,0,0,0,0,0,0
30.600000000000207,0,0,0,0,0,0,0,0,0,0,0
30.650000000000208,0,0,0,0,0,0,0,0,0,0,0
30.70000000000021,0,0,0,0,0,0,0,0,0,0,0
30.75000000000021,0,0,0,0,0,0,0,0,0,0,0
30.80000000000021,0,0,0,0,0,0,0,0,0,0,0
30.85000000000021,0,0,0,0,0,0,0,0,0,0,0
30.90000000000021,0,0,0,0,0,0,0,0,0,0,0
30.950000000000212,0,0,0,0,0,0,0,0,0,0,0
31.000000000000213,0,0,0,0,0,0,0,0,0,0,0
31.050000000000214,0,0,0,0,0,0,0,0,0,0,0
31.100000000000215,0,0,0,0,0,0,0,0,0,0,0
31.150000000000215,0,0,0,0,0,0,0,0,0,0,0
31.200000000000216,0,0,0,0,0,0,0,0,0,0,0
31.250000000000217,0,0,0,0,0,0,0,0,0,0,0
31.300000000000217,0,0,0,0,0,0,0,0,0,0,0
31.350000000000218,0,0,0,0,0,0,0,0,0,0,0
31.40000000000022,0,0,0,0,0,0,0,0,0,0,0
31.45000000000022,0,0,0,0,0,0,0,0,0,0,0
31.50000000000022,0,0,0,0,0,0,0,0,0,0,0
31.55000000000022,0,0,0,0,0,0,0,0,0,0,0
31.60000000000022,0,0,0,0,0,0,0,0,0,0,0
31.650000000000222,0,0,0,0,0,0,0,0,0,0,0
31.700000000000223,0,0,0,0,0,0,0,0,0,0,0
31.750000000000224,0,0,0,0,0,0,0,0,0,0,0
31.800000000000225,0,0,0,0,0,0,0,0,0,0,0
31.850000000000225,0,0,0,0,0,0,0,0,0,0,0
31.900000000000226,0,0,0,0,0,0,0,0,0,0,0
31.950000000000227,0,0,0,0,0,0,0,0,0,0,0
*****
16,0.05,1000,0,0.4,10,100,0.65,1.0,0.85,1.0,0.01
16,1000,1000,1000,1000,1000,0,0,0,0,0,0
16.05,1092,1092,1092,1092,1092,0,0,0,0,0,0
16.1,1026,1026,1026,1026,1026,0,0,0,0,0,0
16.150000000000002,1077,1077,1077,1077,1077,0,0,0,0,0,0
16.200000000000003,1116,1116,1116,1116,1116,0,0,0,0,0,0
16.250000000000004,1007,1007,1007,1007,1007,0,0,0,0,0,0
16.300000000000004,1036,1036,1036,1036,1036,0,0,0,0,0,0
16.350000000000005,1050,1050,1050,1050,1050,0,0,0,0,0,0
16.400000000000006,975,975,975,975,975,0,0,0,0,0,0
16.450000000000006,1016,1016,1016,1016,1016,0,0,0,0,0,0
16.500000000000007,1087,1087,1087,1087,1087,0,0,0,0,0,0
16.550000000000008,1037,1037,1037,1037,1037,0,0,0,0,0,0
16.60000000000001,1052,1052,1052,1052,1052,0,0,0,0,0,0
16.65000000000001,1011,1011,1011,1011,1011,0,0,0,0,0,0
16.70000000000001,1060,1060,1060,1060,1060,0,0,0,0,0,0
16.75000000000001,1040,1040,1040,1040,1040,0,0,0,0,0,0
16.80000000000001,1022,1022,1022,1022,1022,0,0,0,0,0,0
16.850000000000012,1092,1092,1092,1092,1092,0,0,0,0,0,0
16.900000000000013,1028,1028,1028,1028,1028,0,0,0,0,0,0
16.950000000000014,1036,1036,1036,1036,1036,0,0,0,0,0,0
17.000000000000014,1012,1012,1012,1012,1012,0,0,0,0,0,0
17.050000000000015,1035,1035,1035,1035,1035,0,0,0,0,0,0
17.100000000000016,996,996,996,996,996,0,0,0,0,0,0
17.150000000000016,1070,1070,1070,1070,1070,0,0,0,0,0,0
17.200000000000017,1005,1005,1005,1005,1005,0,0,0,0,0,0
17.250000000000018,1036,1036,1036,1036,1036,0,0,0,0,0,0
17.30000000000002,1010,1010,1010,1010,1010,0,0,0,0,0,0
17.35000000000002,1043,1043,1043,1043,1043,0,0,0,0,0,0
17.40000000000002,1084,1084,1084,1084,1084,0,0,0,0,0,0
17.45000000000002,1025,1025,1025,1025,1025,0,0,0,0,0,0
17.50000000000002,1012,1012,1012,1012,1012,0,0,0,0,0,0
17.550000000000022,1031,1031,1031,1031,1031,0,0,0,0,0,0
17.600000000000023,1055,1055,1055,1055,1055,0,0,0,0,0,0
17.650000000000023,1059,1059,1059,1059,1059,0,0,0,0,0,0
17.700000000000024,1109,1109,1109,1109,1109,0,0,0,0,0,0
17.750000000000025,986,986,986,986,986,0,0,0,0,0,0
17.800000000000026,994,994,994,994,994,0,0,0,0,0,0
17.850000000000026,1050,1050,1050,1050,1050,0,0,0,0,0,0
17.900000000000027,994,994,994,994,994,0,0,0,0,0,0
17.950000000000028,1034,1034,1034,1034,1034,0,0,0,0,0,0
18.00000000000003,1039,1039,1039,1039,1039,0,0,0,0,0,0
18.05000000000003,1045,1045,1045,1045,1045,0,0,0,0,0,0
18.10000000000003,1002,1002,1002,1002,1002,0,0,0,0,0,0
18.15000000000003,1070,1070,1070,1070,1070,0,0,0,0,0,0
18.20000000000003,999,999,999,999,999,0,0,0,0,0,0
18.250000000000032,1018,1018,1018,1018,1018,0,0,0,0,0,0
18.300000000000033,1047,1047,1047,1047,1047,0,0,0,0,0,0
18.350000000000033,1041,1041,1041,1041,1041,0,0,0,0,0,0
18.400000000000034,1052,1052,1052,1052,1052,0,0,0,0,0,0
18.450000000000035,1035,1035,1035,1035,1035,0,0,0,0,0,0
18.500000000000036,1007,1007,1007,1007,1007,0,0,0,0,0,0
18.550000000000036,1063,1063,1063,1063,1063,0,0,0,0,0,0
18.600000000000037,1018,1018,1018,1018,1018,0,0,0,0,0,0
18.650000000000038,1063,1063,1063,1063,1063,0,0,0,0,0,0
18.70000000000004,1070,1070,1070,1070,1070,0,0,0,0,0,0
18.75000000000004,1101,1101,1101,1101,1101,0,0,0,0,0,0
18.80000000000004,1009,1009,1009,1009,1009,0,0,0,0,0,0
18.85000000000004,1048,1048,1048,1048,1048,0,0,0,0,0,0
18.90000000000004,1040,1040,1040,1040,1040,0,0,0,0,0,0
18.950000000000042,999,999,999,999,999,0,0,0,0,0,0
19.000000000000043,1046,1046,1046,1046,1046,0,0,0,0,0,0
19.050000000000043,1015,1015,1015,1015,1015,0,0,0,0,0,0
19.100000000000044,1037,1037,1037,1037,1037,0,0,0,0,0,0
19.150000000000045,1039,1039,1039,1039,1039,0,0,0,0,0,0
19.200000000000045,1069,1069,1069,1069,1069,0,0,0,0,0,0
19.250000000000046,1065,1065,1065,1065,1065,0,0,0,0,0,0
19.300000000000047,1023,1023,1023,1023,1023,0,0,0,0,0,0
19.350000000000048,1039,1039,1039,1039,1039,0,0,0,0,0,0
19.40000000000005,994,994,994,994,994,0,0,0,0,0,0
19.45000000000005,1040,1040,1040,1040,1040,0,0,0,0,0,0
19.50000000000005,1006,1006,1006,1006,1006,0,0,0,0,0,0
19.55000000000005,1092,1092,1092,1092,1092,0,0,0,0,0,0
19.60000000000005,1011,1011,1011,1011,1011,0,0,0,0,0,0
19.650000000000052,1064,1064,1064,1064,1064,0,0,0,0,0,0
19.700000000000053,1045,1045,1045,1045,1045,0,0,0,0,0,0
19.750000000000053,982,982,982,982,982,0,0,0,0,0,0
19.800000000000054,1068,1068,1068,1068,1068,0,0,0,0,0,0
19.850000000000055,1056,1056,1056,1056,1056,0,0,0,0,0,0
19.900000000000055,1017,1017,1017,1017,1017,0,0,0,0,0,0
19.950000000000056,1033,1033,1033,1033,1033,0,0,0,0,0,0
20.000000000000057,1046,1046,1046,1046,1046,0,0,0,0,0,0
20.050000000000058,1050,1050,1050,1050,1050,0,0,0,0,0,0
20.10000000000006,1044,1044,1044,1044,1044,0,0,0,0,0,0
20.15000000000006,1054,1054,1054,1054,1054,0,0,0,0,0,0
20.20000000000006,1046,1046,1046,1046,1046,0,0,0,0,0,0
20.25000000000006,1037,1037,1037,1037,1037,0,0,0,0,0,0
20.30000000000006,1041,1041,1041,1041,1041,0,0,0,0,0,0
20.350000000000062,1038,1038,1038,1038,1038,0,0,0,0,0,0
20.400000000000063,1049,1049,1049,1049,1049,0,0,0,0,0,0
20.450000000000063,1072,1072,1072,1072,1072,0,0,0,0,0,0
20.500000000000064,984,984,984,984,984,0,0,0,0,0,0
20.550000000000065,1126,1126,1126,1126,1126,0,0,0,0,0,0
20.600000000000065,1023,1022,1022,1022,1022,0,0,0,0,0,0
20.650000000000066,1120,1120,1120,1120,1120,0,0,0,0,0,0
20.700000000000067,1020,1020,1020,1020,1020,0,0,0,0,0,0
20.750000000000068,1017,1017,1017,1017,1017,0,0,0,0,0,0
20.800000000000068,1012,1008,1008,1010,1008,0,0,0,0,0,0
20.85000000000007,1102,1100,1100,1099,1100,0,0,0,0,0,0
20.90000000000007,1074,1068,1068,1066,1068,0,0,0,0,0,0
20.95000000000007,1002,998,998,998,998,0,0,0,0,0,0
21.00000000000007,1016,1010,1010,1011,1010,0,0,0,0,0,0
21.05000000000007,1028,1016,1016,1018,1016,0,0,0,0,0,0
21.100000000000072,1042,1028,1028,1028,1028,0,0,0,0,0,0
21.150000000000073,1042,1006,1007,1008,1007,0,0,0,0,0,0
21.200000000000074,1037,1003,1004,1004,1004,0,0,0,0,0,0
21.250000000000075,1094,1021,1021,1030,1021,0,0,0,0,0,0
21.300000000000075,1035,950,952,962,952,0,0,0,0,0,0
21.350000000000076,1020,902,903,910,903,0,0,0,0,0,0
21.400000000000077,1008,841,841,854,841,0,0,0,0,0,0
21.450000000000077,1080,877,877,895,877,0,0,0,0,0,0
21.500000000000078,989,748,748,766,748,0,0,0,0,0,0
21.55000000000008,1070,771,771,790,771,0,0,0,0,0,0
21.60000000000008,1027,681,682,699,682,0,0,0,0,0,0
21.65000000000008,1082,636,636,662,636,0,0,0,0,0,0
21.70000000000008,1030,573,573,591,573,0,0,0,0,0,0
21.75000000000008,1009,466,467,492,467,0,0,0,0,0,0
21.800000000000082,1020,433,433,457,433,0,0,0,0,0,0
21.850000000000083,1036,362,365,382,365,0,0,0,0,0,0
21.900000000000084,1035,306,307,326,307,0,0,0,0,0,0
21.950000000000085,1076,251,253,264,253,0,0,0,0,0,0
22.000000000000085,1022,184,185,202,185,0,0,0,0,0,0
22.050000000000086,1029,134,134,148,134,0,0,0,0,0,0
22.100000000000087,1062,118,119,130,119,0,0,0,0,0,0
22.150000000000087,1064,101,101,107,101,0,0,0,0,0,0
22.200000000000088,1009,67,67,69,67,0,0,0,0,0,0
22.25000000000009,1039,46,47,54,47,0,0,0,0,0,0
22.30000000000009,1056,37,37,40,37,0,0,0,0,0,0
22.35000000000009,1038,15,16,23,16,0,0,0,0,0,0
22.40000000000009,1083,21,21,27,21,0,0,0,0,0,0
22.45000000000009,932,8,8,8,8,0,0,0,0,0,0
22.500000000000092,1011,10,10,11,10,0,0,0,0,0,0
22.550000000000093,972,7,7,7,7,0,0,0,0,0,0
22.600000000000094,946,1,1,4,1,0,0,0,0,0,0
22.650000000000095,851,2,2,2,2,0,0,0,0,0,0
22.700000000000095,724,0,0,1,0,0,0,0,0,0,0
22.750000000000096,613,0,0,0,0,0,0,0,0,0,0
22.800000000000097,465,0,0,0,0,0,0,0,0,0,0
22.850000000000097,392,0,0,0,0,0,0,0,0,0,0
22.900000000000098,286,0,0,0,0,0,0,0,0,0,0
22.9500000000001,167,0,0,0,0,0,0,0,0,0,0
23.0000000000001,65,0,0,0,0,0,0,0,0,0,0
23.0500000000001,10,0,0,0,0,0,0,0,0,0,0
23.1000000000001,0,0,0,0,0,0,0,0,0,0,0
23.1500000000001,0,0,0,0,0,0,0,0,0,0,0
23.200000000000102,0,0,0,0,0,0,0,0,0,0,0
23.250000000000103,0,0,0,0,0,0,0,0,0,0,0
23.300000000000104,0,0,0,0,0,0,0,0,0,0,0
23.350000000000104,0,0,0,0,0,0,0,0,0,0,0
23.400000000000105,0,0,0,0,0,0,0,0,0,0,0
23.450000000000106,0,0,0,0,0,0,0,0,0,0,0
23.500000000000107,0,0,0,0,0,0,0,0,0,0,0
23.550000000000107,0,0,0,0,0,0,0,0,0,0,0
23.600000000000108,0,0,0,0,0,0,0,0,0,0,0
23.65000000000011,0,0,0,0,0,0,0,0,0,0,0
23.70000000000011,0,0,0,0,0,0,0,0,0,0,0
23.75000000000011,0,0,0,0,0,0,0,0,0,0,0
23.80000000000011,0,0,0,0,0,0,0,0,0,0,0
23.85000000000011,0,0,0,0,0,0,0,0,0,0,0
23.900000000000112,0,0,0,0,0,0,0,0,0,0,0
23.950000000000113,0,0,0,0,0,0,0,0,0,0,0
24.000000000000114,0,0,0,0,0,0,0,0,0,0,0
24.050000000000114,0,0,0,0,0,0,0,0,0,0,0
24.100000000000115,0,0,0,0,0,0,0,0,0,0,0
24.150000000000116,0,0,0,0,0,0,0,0,0,0,0
24.200000000000117,0,0,0,0,0,0,0,0,0,0,0
24.250000000000117,0,0,0,0,0,0,0,0,0,0,0
24.300000000000118,0,0,0,0,0,0,0,0,0,0,0
24.35000000000012,0,0,0,0,0,0,0,0,0,0,0
24.40000000000012,0,0,0,0,0,0,0,0,0,0,0
24.45000000000012,0,0,0,0,0,0,0,0,0,0,0
24.50000000000012,0,0,0,0,0,0,0,0,0,0,0
24.55000000000012,0,0,0,0,0,0,0,0,0,0,0
24.600000000000122,0,0,0,0,0,0,0,0,0,0,0
24.650000000000123,0,0,0,0,0,0,0,0,0,0,0
24.700000000000124,0,0,0,0,0,0,0,0,0,0,0
24.750000000000124,0,0,0,0,0,0,0,0,0,0,0
24.800000000000125,0,0,0,0,0,0,0,0,0,0,0
24.850000000000126,0,0,0,0,0,0,0,0,0,0,0
24.900000000000126,0,0,0,0,0,0,0,0,0,0,0
24.950000000000127,0,0,0,0,0,0,0,0,0,0,0
25.000000000000128,0,0,0,0,0,0,0,0,0,0,0
25.05000000000013,0,0,0,0,0,0,0,0,0,0,0
25.10000000000013,0,0,0,0,0,0,0,0,0,0,0
25.15000000000013,0,0,0,0,0,0,0,0,0,0,0
25.20000000000013,0,0,0,0,0,0,0,0,0,0,0
25.25000000000013,0,0,0,0,0,0,0,0,0,0,0
25.300000000000132,0,0,0,0,0,0,0,0,0,0,0
25.350000000000133,0,0,0,0,0,0,0,0,0,0,0
25.400000000000134,0,0,0,0,0,0,0,0,0,0,0
25.450000000000134,0,0,0,0,0,0,0,0,0,0,0
25.500000000000135,0,0,0,0,0,0,0,0,0,0,0
25.550000000000136,0,0,0,0,0,0,0,0,0,0,0
25.600000000000136,0,0,0,0,0,0,0,0,0,0,0
25.650000000000137,0,0,0,0,0,0,0,0,0,0,0
25.700000000000138,0,0,0,0,0,0,0,0,0,0,0
25.75000000000014,0,0,0,0,0,0,0,0,0,0,0
25.80000000000014,0,0,0,0,0,0,0,0,0,0,0
25.85000000000014,0,0,0,0,0,0,0,0,0,0,0
25.90000000000014,0,0,0,0,0,0,0,0,0,0,0
25.95000000000014,0,0,0,0,0,0,0,0,0,0,0
26.000000000000142,0,0,0,0,0,0,0,0,0,0,0
26.050000000000143,0,0,0,0,0,0,0,0,0,0,0
26.100000000000144,0,0,0,0,0,0,0,0,0,0,0
26.150000000000144,0,0,0,0,0,0,0,0,0,0,0
26.200000000000145,0,0,0,0,0,0,0,0,0,0,0
26.250000000000146,0,0,0,0,0,0,0,0,0,0,0
26.300000000000146,0,0,0,0,0,0,0,0,0,0,0
26.350000000000147,0,0,0,0,0,0,0,0,0,0,0
26.400000000000148,0,0,0,0,0,0,0,0,0,0,0
26.45000000000015,0,0,0,0,0,0,0,0,0,0,0
26.50000000000015,0,0,0,0,0,0,0,0,0,0,0
26.55000000000015,0,0,0,0,0,0,0,0,0,0,0
26.60000000000015,0,0,0,0,0,0,0,0,0,0,0
26.65000000000015,0,0,0,0,0,0,0,0,0,0,0
26.700000000000152,0,0,0,0,0,0,0,0,0,0,0
26.750000000000153,0,0,0,0,0,0,0,0,0,0,0
26.800000000000153,0,0,0,0,0,0,0,0,0,0,0
26.850000000000154,0,0,0,0,0,0,0,0,0,0,0
26.900000000000155,0,0,0,0,0,0,0,0,0,0,0
26.950000000000156,0,0,0,0,0,0,0,0,0,0,0
27.000000000000156,0,0,0,0,0,0,0,0,0,0,0
27.050000000000157,0,0,0,0,0,0,0,0,0,0,0
27.100000000000158,0,0,0,0,0,0,0,0,0,0,0
27.15000000000016,0,0,0,0,0,0,0,0,0,0,0
27.20000000000016,0,0,0,0,0,0,0,0,0,0,0
27.25000000000016,0,0,0,0,0,0,0,0,0,0,0
27.30000000000016,0,0,0,0,0,0,0,0,0,0,0
27.35000000000016,0,0,0,0,0,0,0,0,0,0,0
27.400000000000162,0,0,0,0,0,0,0,0,0,0,0
27.450000000000163,0,0,0,0,0,0,0,0,0,0,0
27.500000000000163,0,0,0,0,0,0,0,0,0,0,0
27.550000000000164,0,0,0,0,0,0,0,0,0,0,0
27.600000000000165,0,0,0,0,0,0,0,0,0,0,0
27.650000000000166,0,0,0,0,0,0,0,0,0,0,0
27.700000000000166,0,0,0,0,0,0,0,0,0,0,0
27.750000000000167,0,0,0,0,0,0,0,0,0,0,0
27.800000000000168,0,0,0,0,0,0,0,0,0,0,0
27.85000000000017,0,0,0,0,0,0,0,0,0,0,0
27.90000000000017,0,0,0,0,0,0,0,0,0,0,0
27.95000000000017,0,0,0,0,0,0,0,0,0,0,0
28.00000000000017,0,0,0,0,0,0,0,0,0,0,0
28.05000000000017,0,0,0,0,0,0,0,0,0,0,0
28.100000000000172,0,0,0,0,0,0,0,0,0,0,0
28.150000000000173,0,0,0,0,0,0,0,0,0,0,0
28.200000000000173,0,0,0,0,0,0,0,0,0,0,0
28.250000000000174,0,0,0,0,0,0,0,0,0,0,0
28.300000000000175,0,0,0,0,0,0,0,0,0,0,0
28.350000000000176,0,0,0,0,0,0,0,0,0,0,0
28.400000000000176,0,0,0,0,0,0,0,0,0,0,0
28.450000000000177,0,0,0,0,0,0,0,0,0,0,0
28.500000000000178,0,0,0,0,0,0,0,0,0,0,0
28.55000000000018,0,0,0,0,0,0,0,0,0,0,0
28.60000000000018,0,0,0,0,0,0,0,0,0,0,0
28.65000000000018,0,0,0,0,0,0,0,0,0,0,0
28.70000000000018,0,0,0,0,0,0,0,0,0,0,0
28.75000000000018,0,0,0,0,0,0,0,0,0,0,0
28.800000000000182,0,0,0,0,0,0,0,0,0,0,0
28.850000000000183,0,0,0,0,0,0,0,0,0,0,0
28.900000000000183,0,0,0,0,0,0,0,0,0,0,0
28.950000000000184,0,0,0,0,0,0,0,0,0,0,0
29.000000000000185,0,0,0,0,0,0,0,0,0,0,0
29.050000000000185,0,0,0,0,0,0,0,0,0,0,0
29.100000000000186,0,0,0,0,0,0,0,0,0,0,0
29.150000000000187,0,0,0,0,0,0,0,0,0,0,0
29.200000000000188,0,0,0,0,0,0,0,0,0,0,0
29.25000000000019,0,0,0,0,0,0,0,0,0,0,0
29.30000000000019,0,0,0,0,0,0,0,0,0,0,0
29.35000000000019,0,0,0,0,0,0,0,0,0,0,0
29.40000000000019,0,0,0,0,0,0,0,0,0,0,0
29.45000000000019,0,0,0,0,0,0,0,0,0,0,0
29.500000000000192,0,0,0,0,0,0,0,0,0,0,0
29.550000000000193,0,0,0,0,0,0,0,0,0,0,0
29.600000000000193,0,0,0,0,0,0,0,0,0,0,0
29.650000000000194,0,0,0,0,0,0,0,0,0,0,0
29.700000000000195,0,0,0,0,0,0,0,0,0,0,0
29.750000000000195,0,0,0,0,0,0,0,0,0,0,0
29.800000000000196,0,0,0,0,0,0,0,0,0,0,0
29.850000000000197,0,0,0,0,0,0,0,0,0,0,0
29.900000000000198,0,0,0,0,0,0,0,0,0,0,0
29.9500000000002,0,0,0,0,0,0,0,0,0,0,0
30.0000000000002,0,0,0,0,0,0,0,0,0,0,0
30.0500000000002,0,0,0,0,0,0,0,0,0,0,0
30.1000000000002,0,0,0,0,0,0,0,0,0,0,0
30.1500000000002,0,0,0,0,0,0,0,0,0,0,0
30.200000000000202,0,0,0,0,0,0,0,0,0,0,0
30.250000000000203,0,0,0,0,0,0,0,0,0,0,0
30.300000000000203,0,0,0,0,0,0,0,0,0,0,0
30.350000000000204,0,0,0,0,0,0,0,0,0,0,0
30.400000000000205,0,0,0,0,0,0,0,0,0,0,0
30.450000000000205,0,0,0,0,0,0,0,0,0,0,0
30.500000000000206,0,0,0,0,0,0,0,0,0,0,0
30.550000000000207,0,0,0,0,0,0,0,0,0,0,0
30.600000000000207,0,0,0,0,0,0,0,0,0,0,0
30.650000000000208,0,0,0,0,0,0,0,0,0,0,0
30.70000000000021,0,0,0,0,0,0,0,0,0,0,0
30.75000000000021,0,0,0,0,0,0,0,0,0,0,0
30.80000000000021,0,0,0,0,0,0,0,0,0,0,0
30.85000000000021,0,0,0,0,0,0,0,0,0,0,0
30.90000000000021,0,0,0,0,0,0,0,0,0,0,0
30.950000000000212,0,0,0,0,0,0,0,0,0,0,0
31.000000000000213,0,0,0,0,0,0,0,0,0,0,0
31.050000000000214,0,0,0,0,0,0,0,0,0,0,0
31.100000000000215,0,0,0,0,0,0,0,0,0,0,0
31.150000000000215,0,0,0,0,0,0,0,0,0,0,0
31.200000000000216,0,0,0,0,0,0,0,0,0,0,0
31.250000000000217,0,0,0,0,0,0,0,0,0,0,0
31.300000000000217,0,0,0,0,0,0,0,0,0,0,0
31.350000000000218,0,0,0,0,0,0,0,0,0,0,0
31.40000000000022,0,0,0,0,0,0,0,0,0,0,0
31.45000000000022,0,0,0,0,0,0,0,0,0,0,0
31.50000000000022,0,0,0,0,0,0,0,0,0,0,0
31.55000000000022,0,0,0,0,0,0,0,0,0,0,0
31.60000000000022,0,0,0,0,0,0,0,0,0,0,0
31.650000000000222,0,0,0,0,0,0,0,0,0,0,0
31.700000000000223,0,0,0,0,0,0,0,0,0,0,0
31.750000000000224,0,0,0,0,0,0,0,0,0,0,0
31.800000000000225,0,0,0,0,0,0,0,0,0,0,0
31.850000000000225,0,0,0,0,0,0,0,0,0,0,0
31.900000000000226,0,0,0,0,0,0,0,0,0,0,0
31.950000000000227,0,0,0,0,0,0,0,0,0,0,0
*****
16,0.05,1000,0.3,0.7,10,100,0.65,1.0,0.85,1.0,0.01
16,1000,1000,1000,1000,1000,0,0,0,0,0,0
16.05,1070,1070,1070,1069,1070,0,0,0,0,0,0
16.1,1019,1019,1019,1019,1019,0,0,0,0,0,0
16.150000000000002,1002,1002,1002,1001,1002,0,0,0,0,0,0
16.200000000000003,962,962,962,961,962,0,0,0,0,0,0
16.250000000000004,1083,1083,1083,1083,1083,0,0,0,0,0,0
16.300000000000004,1012,1012,1012,1009,1012,0,0,0,0,0,0
16.350000000000005,1034,1034,1034,1033,1034,0,0,0,0,0,0
16.400000000000006,1041,1041,1041,1039,1041,0,0,0,0,0,0
16.450000000000006,1063,1063,1063,1062,1063,0,0,0,0,0,0
16.500000000000007,1045,1045,1045,1043,1045,0,0,0,0,0,0
16.550000000000008,999,999,999,999,999,0,0,0,0,0,0
16.60000000000001,994,994,994,992,994,0,0,0,0,0,0
16.65000000000001,1000,1000,1000,1000,1000,0,0,0,0,0,0
16.70000000000001,1029,1029,1029,1027,1029,0,0,0,0,0,0
16.75000000000001,1041,1041,1041,1036,1041,0,0,0,0,0,0
16.80000000000001,1002,1002,1002,996,1002,0,0,0,0,0,0
16.850000000000012,1033,1033,1033,1031,1033,0,0,0,0,0,0
16.900000000000013,1000,1000,1000,999,1000,0,0,0,0,0,0
16.950000000000014,1034,1034,1034,1030,1034,0,0,0,0,0,0
17.000000000000014,996,996,996,991,996,0,0,0,0,0,0
17.050000000000015,1036,1036,1036,1032,1036,0,0,0,0,0,0
17.100000000000016,1035,1035,1035,1030,1035,0,0,0,0,0,0
17.150000000000016,1047,1047,1047,1040,1047,0,0,0,0,0,0
17.200000000000017,1043,1043,1043,1038,1043,0,0,0,0,0,0
17.250000000000018,1004,1004,1004,994,1004,0,0,0,0,0,0
17.30000000000002,984,984,984,977,984,0,0,0,0,0,0
17.35000000000002,1039,1039,1039,1026,1039,0,0,0,0,0,0
17.40000000000002,982,982,982,973,982,0,0,0,0,0,0
17.45000000000002,1080,1080,1080,1072,1080,0,0,0,0,0,0
17.50000000000002,1003,1003,1003,990,1003,0,0,0,0,0,0
17.550000000000022,1019,1019,1019,1006,1019,0,0,0,0,0,0
17.600000000000023,1005,1005,1005,992,1005,0,0,0,0,0,0
17.650000000000023,1012,1012,1012,995,1012,0,0,0,0,0,0
17.700000000000024,987,987,987,970,987,0,0,0,0,0,0
17.750000000000025,1042,1042,1042,1020,1042,0,0,0,0,0,0
17.800000000000026,1021,1021,1021,990,1021,0,0,0,0,0,0
17.850000000000026,1037,1037,1037,1013,1037,0,0,0,0,0,0
17.900000000000027,1000,1000,1000,977,1000,0,0,0,0,0,0
17.950000000000028,1009,1009,1009,983,1009,0,0,0,0,0,0
18.00000000000003,1071,1071,1071,1047,1071,0,0,0,0,0,0
18.05000000000003,1008,1008,1008,983,1008,0,0,0,0,0,0
18.10000000000003,1057,1057,1057,1030,1057,0,0,0,0,0,0
18.15000000000003,1008,1008,1008,967,1008,0,0,0,0,0,0
18.20000000000003,999,999,999,956,999,0,0,0,0,0,0
18.250000000000032,1016,1016,1016,983,1016,0,0,0,0,0,0
18.300000000000033,959,959,959,928,959,0,0,0,0,0,0
18.350000000000033,1025,1025,1025,984,1025,0,0,0,0,0,0
18.400000000000034,1082,1082,1082,1027,1082,0,0,0,0,0,0
18.450000000000035,998,998,998,955,998,0,0,0,0,0,0
18.500000000000036,1013,1013,1013,964,1013,0,0,0,0,0,0
18.550000000000036,992,992,992,943,992,0,0,0,0,0,0
18.600000000000037,1035,1035,1035,993,1035,0,0,0,0,0,0
18.650000000000038,1035,1035,1035,961,1035,0,0,0,0,0,0
18.70000000000004,1062,1062,1062,1006,1062,0,0,0,0,0,0
18.75000000000004,1030,1030,1030,961,1030,0,0,0,0,0,0
18.80000000000004,1012,1012,1012,942,1012,0,0,0,0,0,0
18.85000000000004,1024,1024,1024,946,1024,0,0,0,0,0,0
18.90000000000004,997,997,997,928,997,0,0,0,0,0,0
18.950000000000042,981,981,981,931,981,0,0,0,0,0,0
19.000000000000043,997,997,997,918,997,0,0,0,0,0,0
19.050000000000043,1070,1070,1070,977,1070,0,0,0,0,0,0
19.100000000000044,1017,1017,1017,944,1017,0,0,0,0,0,0
19.150000000000045,1038,1038,1038,952,1038,0,0,0,0,0,0
19.200000000000045,1007,1007,1007,907,1007,0,0,0,0,0,0
19.250000000000046,1058,1058,1058,950,1058,0,0,0,0,0,0
19.300000000000047,1055,1055,1055,959,1055,0,0,0,0,0,0
19.350000000000048,1009,1009,1009,917,1009,0,0,0,0,0,0
19.40000000000005,1023,1023,1023,911,1023,0,0,0,0,0,0
19.45000000000005,1008,1008,1008,899,1008,0,0,0,0,0,0
19.50000000000005,1014,1013,1014,899,1014,0,0,0,0,0,0
19.55000000000005,1011,1009,1009,885,1009,0,0,0,0,0,0
19.60000000000005,1023,1022,1023,890,1023,0,0,0,0,0,0
19.650000000000052,1000,996,997,867,997,0,0,0,0,0,0
19.700000000000053,1006,1001,1002,877,1002,0,0,0,0,0,0
19.750000000000053,1023,1022,1022,883,1022,0,0,0,0,0,0
19.800000000000054,1061,1048,1049,906,1049,0,0,0,0,0,0
19.850000000000055,1049,1043,1043,894,1043,0,0,0,0,0,0
19.900000000000055,1040,1030,1031,873,1031,0,0,0,0,0,0
19.950000000000056,1012,1002,1003,844,1003,0,0,0,0,0,0
20.000000000000057,975,965,965,821,965,0,0,0,0,0,0
20.050000000000058,999,982,985,823,985,0,0,0,0,0,0
20.10000000000006,1019,993,996,832,996,0,0,0,0,0,0
20.15000000000006,1032,1005,1012,827,1012,0,0,0,0,0,0
20.20000000000006,1049,1021,1026,841,1026,0,0,0,0,0,0
20.25000000000006,1066,1023,1030,837,1030,0,0,0,0,0,0
20.30000000000006,1004,958,962,769,962,0,0,0,0,0,0
20.350000000000062,1002,952,958,766,958,0,0,0,0,0,0
20.400000000000063,1015,948,956,754,956,0,0,0,0,0,0
20.450000000000063,994,918,926,747,926,0,0,0,0,0,0
20.500000000000064,1047,974,984,776,984,0,0,0,0,0,0
20.550000000000065,1015,897,913,741,913,0,0,0,0,0,0
20.600000000000065,1062,954,967,778,967,0,0,0,0,0,0
20.650000000000066,1030,882,893,699,893,0,0,0,0,0,0
20.700000000000067,1001,855,872,667,872,0,0,0,0,0,0
20.750000000000068,1057,869,884,681,884,0,0,0,0,0,0
20.800000000000068,991,811,827,645,827,0,0,0,0,0,0
20.85000000000007,1024,795,812,632,812,0,0,0,0,0,0
20.90000000000007,1018,775,792,608,792,0,0,0,0,0,0
20.95000000000007,994,739,752,595,752,0,0,0,0,0,0
21.00000000000007,1044,733,755,589,755,0,0,0,0,0,0
21.05000000000007,1007,685,695,530,695,0,0,0,0,0,0
21.100000000000072,1058,672,690,548,690,0,0,0,0,0,0
21.150000000000073,1033,644,664,533,664,0,0,0,0,0,0
21.200000000000074,1050,596,618,489,618,0,0,0,0,0,0
21.250000000000075,975,547,565,422,565,0,0,0,0,0,0
21.300000000000075,1058,555,575,443,575,0,0,0,0,0,0
21.350000000000076,1001,463,484,382,484,0,0,0,0,0,0
21.400000000000077,978,440,456,377,456,0,0,0,0,0,0
21.450000000000077,1000,399,420,337,420,0,0,0,0,0,0
21.500000000000078,1040,393,411,324,411,0,0,0,0,0,0
21.55000000000008,1067,371,392,316,392,0,0,0,0,0,0
21.60000000000008,998,305,321,262,321,0,0,0,0,0,0
21.65000000000008,1091,307,328,261,328,0,0,0,0,0,0
21.70000000000008,1005,230,244,203,244,0,0,0,0,0,0
21.75000000000008,1018,240,253,215,253,0,0,0,0,0,0
21.800000000000082,977,219,231,188,231,0,0,0,0,0,0
21.850000000000083,1018,187,203,168,203,0,0,0,0,0,0
21.900000000000084,1047,166,174,152,174,0,0,0,0,0,0
21.950000000000085,1004,153,158,130,158,0,0,0,0,0,0
22.000000000000085,1006,133,140,114,140,0,0,0,0,0,0
22.050000000000086,1006,111,113,101,113,0,0,0,0,0,0
22.100000000000087,1030,86,91,83,91,0,0,0,0,0,0
22.150000000000087,1010,82,89,84,89,0,0,0,0,0,0
22.200000000000088,1028,70,73,57,73,0,0,0,0,0,0
22.25000000000009,1022,62,63,55,63,0,0,0,0,0,0
22.30000000000009,1017,45,48,44,48,0,0,0,0,0,0
22.35000000000009,1000,44,46,37,46,0,0,0,0,0,0
22.40000000000009,1038,34,34,30,34,0,0,0,0,0,0
22.45000000000009,979,26,29,25,29,0,0,0,0,0,0
22.500000000000092,1058,21,22,26,22,0,0,0,0,0,0
22.550000000000093,1011,22,24,24,24,0,0,0,0,0,0
22.600000000000094,1047,10,10,11,10,0,0,0,0,0,0
22.650000000000095,992,14,16,17,16,0,0,0,0,0,0
22.700000000000095,1022,6,6,5,6,0,0,0,0,0,0
22.750000000000096,1013,9,9,8,9,0,0,0,0,0,0
22.800000000000097,988,5,7,5,7,0,0,0,0,0,0
22.850000000000097,1003,5,5,4,5,0,0,0,0,0,0
22.900000000000098,950,4,4,5,4,0,0,0,0,0,0
22.9500000000001,1007,1,1,2,1,0,0,0,0,0,0
23.0000000000001,992,2,2,2,2,0,0,0,0,0,0
23.0500000000001,958,3,3,4,3,0,0,0,0,0,0
23.1000000000001,987,1,1,1,1,0,0,0,0,0,0
23.1500000000001,978,1,1,1,1,0,0,0,0,0,0
23.200000000000102,936,0,0,0,0,0,0,0,0,0,0
23.250000000000103,871,0,0,0,0,0,0,0,0,0,0
23.300000000000104,874,0,0,0,0,0,0,0,0,0,0
23.350000000000104,879,0,0,0,0,0,0,0,0,0,0
23.400000000000105,808,0,0,0,0,0,0,0,0,0,0
23.450000000000106,745,0,0,0,0,0,0,0,0,0,0
23.500000000000107,677,0,0,0,0,0,0,0,0,0,0
23.550000000000107,630,0,1,1,1,0,0,0,0,0,0
23.600000000000108,476,0,0,0,0,0,0,0,0,0,0
23.65000000000011,394,0,0,0,0,0,0,0,0,0,0
23.70000000000011,272,0,0,0,0,0,0,0,0,0,0
23.75000000000011,163,0,0,0,0,0,0,0,0,0,0
23.80000000000011,82,0,0,0,0,0,0,0,0,0,0
23.85000000000011,76,0,0,0,0,0,0,0,0,0,0
23.900000000000112,76,0,0,0,0,0,0,0,0,0,0
23.950000000000113,68,0,0,0,0,0,0,0,0,0,0
24.000000000000114,75,0,0,0,0,0,0,0,0,0,0
24.050000000000114,71,0,0,0,0,0,0,0,0,0,0
24.100000000000115,72,0,0,0,0,0,0,0,0,0,0
24.150000000000116,73,0,0,0,0,0,0,0,0,0,0
24.200000000000117,81,0,0,0,0,0,0,0,0,0,0
24.250000000000117,34,0,0,0,0,0,0,0,0,0,0
24.300000000000118,0,0,0,0,0,0,0,0,0,0,0
24.35000000000012,0,0,0,0,0,0,0,0,0,0,0
24.40000000000012,0,0,0,0,0,0,0,0,0,0,0
24.45000000000012,0,0,0,0,0,0,0,0,0,0,0
24.50000000000012,0,0,0,0,0,0,0,0,0,0,0
24.55000000000012,0,0,0,0,0,0,0,0,0,0,0
24.600000000000122,0,0,0,0,0,0,0,0,0,0,0
24.650000000000123,0,0,0,0,0,0,0,0,0,0,0
24.700000000000124,0,0,0,0,0,0,0,0,0,0,0
24.750000000000124,0,0,0,0,0,0,0,0,0,0,0
24.800000000000125,0,0,0,0,0,0,0,0,0,0,0
24.850000000000126,0,0,0,0,0,0,0,0,0,0,0
24.900000000000126,0,0,0,0,0,0,0,0,0,0,0
24.950000000000127,0,0,0,0,0,0,0,0,0,0,0
25.000000000000128,0,0,0,0,0,0,0,0,0,0,0
25.05000000000013,0,0,0,0,0,0,0,0,0,0,0
25.10000000000013,0,0,0,0,0,0,0,0,0,0,0
25.15000000000013,0,0,0,0,0,0,0,0,0,0,0
25.20000000000013,0,0,0,0,0,0,0,0,0,0,0
25.25000000000013,0,0,0,0,0,0,0,0,0,0,0
25.300000000000132,0,0,0,0,0,0,0,0,0,0,0
25.350000000000133,0,0,0,0,0,0,0,0,0,0,0
25.400000000000134,0,0,0,0,0,0,0,0,0,0,0
25.450000000000134,0,0,0,0,0,0,0,0,0,0,0
25.500000000000135,0,0,0,0,0,0,0,0,0,0,0
25.550000000000136,0,0,0,0,0,0,0,0,0,0,0
25.600000000000136,0,0,0,0,0,0,0,0,0,0,0
25.650000000000137,0,0,0,0,0,0,0,0,0,0,0
25.700000000000138,0,0,0,0,0,0,0,0,0,0,0
25.75000000000014,0,0,0,0,0,0,0,0,0,0,0
25.80000000000014,0,0,0,0,0,0,0,0,0,0,0
25.85000000000014,0,0,0,0,0,0,0,0,0,0,0
25.90000000000014,0,0,0,0,0,0,0,0,0,0,0
25.95000000000014,0,0,0,0,0,0,0,0,0,0,0
26.000000000000142,0,0,0,0,0,0,0,0,0,0,0
26.050000000000143,0,0,0,0,0,0,0,0,0,0,0
26.100000000000144,0,0,0,0,0,0,0,0,0,0,0
26.150000000000144,0,0,0,0,0,0,0,0,0,0,0
26.200000000000145,0,0,0,0,0,0,0,0,0,0,0
26.250000000000146,0,0,0,0,0,0,0,0,0,0,0
26.300000000000146,0,0,0,0,0,0,0,0,0,0,0
26.350000000000147,0,0,0,0,0,0,0,0,0,0,0
26.400000000000148,0,0,0,0,0,0,0,0,0,0,0
26.45000000000015,0,0,0,0,0,0,0,0,0,0,0
26.50000000000015,0,0,0,0,0,0,0,0,0,0,0
26.55000000000015,0,0,0,0,0,0,0,0,0,0,0
26.60000000000015,0,0,0,0,0,0,0,0,0,0,0
26.65000000000015,0,0,0,0,0,0,0,0,0,0,0
26.700000000000152,0,0,0,0,0,0,0,0,0,0,0
26.750000000000153,0,0,0,0,0,0,0,0,0,0,0
26.800000000000153,0,0,0,0,0,0,0,0,0,0,0
26.850000000000154,0,0,0,0,0,0,0,0,0,0,0
26.900000000000155,0,0,0,0,0,0,0,0,0,0,0
26.950000000000156,0,0,0,0,0,0,0,0,0,0,0
27.000000000000156,0,0,0,0,0,0,0,0,0,0,0
27.050000000000157,0,0,0,0,0,0,0,0,0,0,0
27.100000000000158,0,0,0,0,0,0,0,0,0,0,0
27.15000000000016,0,0,0,0,0,0,0,0,0,0,0
27.20000000000016,0,0,0,0,0,0,0,0,0,0,0
27.25000000000016,0,0,0,0,0,0,0,0,0,0,0
27.30000000000016,0,0,0,0,0,0,0,0,0,0,0
27.35000000000016,0,0,0,0,0,0,0,0,0,0,0
27.400000000000162,0,0,0,0,0,0,0,0,0,0,0
27.450000000000163,0,0,0,0,0,0,0,0,0,0,0
27.500000000000163,0,0,0,0,0,0,0,0,0,0,0
27.550000000000164,0,0,0,0,0,0,0,0,0,0,0
27.600000000000165,0,0,0,0,0,0,0,0,0,0,0
27.650000000000166,0,0,0,0,0,0,0,0,0,0,0
27.700000000000166,0,0,0,0,0,0,0,0,0,0,0
27.750000000000167,0,0,0,0,0,0,0,0,0,0,0
27.800000000000168,0,0,0,0,0,0,0,0,0,0,0
27.85000000000017,0,0,0,0,0,0,0,0,0,0,0
27.90000000000017,0,0,0,0,0,0,0,0,0,0,0
27.95000000000017,0,0,0,0,0,0,0,0,0,0,0
28.00000000000017,0,0,0,0,0,0,0,0,0,0,0
28.05000000000017,0,0,0,0,0,0,0,0,0,0,0
28.100000000000172,0,0,0,0,0,0,0,0,0,0,0
28.150000000000173,0,0,0,0,0,0,0,0,0,0,0
28.200000000000173,0,0,0,0,0,0,0,0,0,0,0
28.250000000000174,0,0,0,0,0,0,0,0,0,0,0
28.300000000000175,0,0,0,0,0,0,0,0,0,0,0
28.350000000000176,0,0,0,0,0,0,0,0,0,0,0
28.400000000000176,0,0,0,0,0,0,0,0,0,0,0
28.450000000000177,0,0,0,0,0,0,0,0,0,0,0
28.500000000000178,0,0,0,0,0,0,0,0,0,0,0
28.55000000000018,0,0,0,0,0,0,0,0,0,0,0
28.60000000000018,0,0,0,0,0,0,0,0,0,0,0
28.65000000000018,0,0,0,0,0,0,0,0,0,0,0
28.70000000000018,0,0,0,0,0,0,0,0,0,0,0
28.75000000000018,0,0,0,0,0,0,0,0,0,0,0
28.800000000000182,0,0,0,0,0,0,0,0,0,0,0
28.850000000000183,0,0,0,0,0,0,0,0,0,0,0
28.900000000000183,0,0,0,0,0,0,0,0,0,0,0
28.950000000000184,0,0,0,0,0,0,0,0,0,0,0
29.000000000000185,0,0,0,0,0,0,0,0,0,0,0
29.050000000000185,0,0,0,0,0,0,0,0,0,0,0
29.100000000000186,0,0,0,0,0,0,0,0,0,0,0
29.150000000000187,0,0,0,0,0,0,0,0,0,0,0
29.200000000000188,0,0,0,0,0,0,0,0,0,0,0
29.25000000000019,0,0,0,0,0,0,0,0,0,0,0
29.30000000000019,0,0,0,0,0,0,0,0,0,0,0
29.35000000000019,0,0,0,0,0,0,0,0,0,0,0
29.40000000000019,0,0,0,0,0,0,0,0,0,0,0
29.45000000000019,0,0,0,0,0,0,0,0,0,0,0
29.500000000000192,0,0,0,0,0,0,0,0,0,0,0
29.550000000000193,0,0,0,0,0,0,0,0,0,0,0
29.600000000000193,0,0,0,0,0,0,0,0,0,0,0
29.650000000000194,0,0,0,0,0,0,0,0,0,0,0
29.700000000000195,0,0,0,0,0,0,0,0,0,0,0
29.750000000000195,0,0,0,0,0,0,0,0,0,0,0
29.800000000000196,0,0,0,0,0,0,0,0,0,0,0
29.850000000000197,0,0,0,0,0,0,0,0,0,0,0
29.900000000000198,0,0,0,0,0,0,0,0,0,0,0
29.9500000000002,0,0,0,0,0,0,0,0,0,0,0
30.0000000000002,0,0,0,0,0,0,0,0,0,0,0
30.0500000000002,0,0,0,0,0,0,0,0,0,0,0
30.1000000000002,0,0,0,0,0,0,0,0,0,0,0
30.1500000000002,0,0,0,0,0,0,0,0,0,0,0
30.200000000000202,0,0,0,0,0,0,0,0,0,0,0
30.250000000000203,0,0,0,0,0,0,0,0,0,0,0
30.300000000000203,0,0,0,0,0,0,0,0,0,0,0
30.350000000000204,0,0,0,0,0,0,0,0,0,0,0
30.400000000000205,0,0,0,0,0,0,0,0,0,0,0
30.450000000000205,0,0,0,0,0,0,0,0,0,0,0
30.500000000000206,0,0,0,0,0,0,0,0,0,0,0
30.550000000000207,0,0,0,0,0,0,0,0,0,0,0
30.600000000000207,0,0,0,0,0,0,0,0,0,0,0
30.650000000000208,0,0,0,0,0,0,0,0,0,0,0
30.70000000000021,0,0,0,0,0,0,0,0,0,0,0
30.75000000000021,0,0,0,0,0,0,0,0,0,0,0
30.80000000000021,0,0,0,0,0,0,0,0,0,0,0
30.85000000000021,0,0,0,0,0,0,0,0,0,0,0
30.90000000000021,0,0,0,0,0,0,0,0,0,0,0
30.950000000000212,0,0,0,0,0,0,0,0,0,0,0
31.000000000000213,0,0,0,0,0,0,0,0,0,0,0
31.050000000000214,0,0,0,0,0,0,0,0,0,0,0
31.100000000000215,0,0,0,0,0,0,0,0,0,0,0
31.150000000000215,0,0,0,0,0,0,0,0,0,0,0
31.200000000000216,0,0,0,0,0,0,0,0,0,0,0
31.250000000000217,0,0,0,0,0,0,0,0,0,0,0
31.300000000000217,0,0,0,0,0,0,0,0,0,0,0
31.350000000000218,0,0,0,0,0,0,0,0,0,0,0
31.40000000000022,0,0,0,0,0,0,0,0,0,0,0
31.45000000000022,0,0,0,0,0,0,0,0,0,0,0
31.50000000000022,0,0,0,0,0,0,0,0,0,0,0
31.55000000000022,0,0,0,0,0,0,0,0,0,0,0
31.60000000000022,0,0,0,0,0,0,0,0,0,0,0
31.650000000000222,0,0,0,0,0,0,0,0,0,0,0
31.700000000000223,0,0,0,0,0,0,0,0,0,0,0
31.750000000000224,0,0,0,0,0,0,0,0,0,0,0
31.800000000000225,0,0,0,0,0,0,0,0,0,0,0
31.850000000000225,0,0,0,0,0,0,0,0,0,0,0
31.900000000000226,0,0,0,0,0,0,0,0,0,0,0
31.950000000000227,0,0,0,0,0,0,0,0,0,0,0
*****
16,0.05,1000,0.6,1,10,100,0.65,1.0,0.85,1.0,0.01
16,1000,389,480,325,480,0,0,0,0,0,0
16.05,937,364,449,322,449,0,0,0,0,0,0
16.1,934,391,459,305,459,0,0,0,0,0,0
16.150000000000002,959,373,462,328,462,0,0,0,0,0,0
16.200000000000003,924,368,435,325,435,0,0,0,0,0,0
16.250000000000004,898,365,432,331,432,0,0,0,0,0,0
16.300000000000004,883,360,454,343,454,0,0,0,0,0,0
16.350000000000005,942,372,450,357,450,0,0,0,0,0,0
16.400000000000006,987,414,512,365,512,0,0,0,0,0,0
16.450000000000006,971,384,502,354,502,0,0,0,0,0,0
16.500000000000007,977,363,480,335,480,0,0,0,0,0,0
16.550000000000008,961,362,465,353,465,0,0,0,0,0,0
16.60000000000001,891,342,426,319,426,0,0,0,0,0,0
16.65000000000001,923,345,399,319,399,0,0,0,0,0,0
16.70000000000001,927,365,459,337,459,0,0,0,0,0,0
16.75000000000001,965,404,502,319,502,0,0,0,0,0,0
16.80000000000001,924,339,430,258,430,0,0,0,0,0,0
16.850000000000012,983,378,486,299,486,0,0,0,0,0,0
16.900000000000013,931,340,457,298,457,0,0,0,0,0,0
16.950000000000014,945,327,439,306,439,0,0,0,0,0,0
17.000000000000014,939,302,433,312,433,0,0,0,0,0,0
17.050000000000015,969,317,447,339,447,0,0,0,0,0,0
17.100000000000016,953,332,455,320,455,0,0,0,0,0,0
17.150000000000016,997,337,478,323,478,0,0,0,0,0,0
17.200000000000017,908,299,406,263,406,0,0,0,0,0,0
17.250000000000018,912,314,449,248,449,0,0,0,0,0,0
17.30000000000002,929,302,404,242,404,0,0,0,0,0,0
17.35000000000002,987,293,439,240,439,0,0,0,0,0,0
17.40000000000002,911,230,369,243,369,0,0,0,0,0,0
17.45000000000002,943,207,346,192,346,0,0,0,0,0,0
17.50000000000002,940,183,312,218,312,0,0,0,0,0,0
17.550000000000022,974,191,301,200,301,0,0,0,0,0,0
17.600000000000023,962,185,319,210,319,0,0,0,0,0,0
17.650000000000023,929,169,281,153,281,0,0,0,0,0,0
17.700000000000024,967,150,255,152,255,0,0,0,0,0,0
17.750000000000025,907,151,245,152,245,0,0,0,0,0,0
17.800000000000026,896,126,225,129,225,0,0,0,0,0,0
17.850000000000026,931,125,241,136,241,0,0,0,0,0,0
17.900000000000027,941,118,239,134,239,0,0,0,0,0,0
17.950000000000028,966,104,225,137,225,0,0,0,0,0,0
18.00000000000003,899,95,178,105,178,0,0,0,0,0,0
18.05000000000003,970,85,159,112,159,0,0,0,0,0,0
18.10000000000003,961,70,143,88,143,0,0,0,0,0,0
18.15000000000003,911,62,125,80,125,0,0,0,0,0,0
18.20000000000003,945,64,112,85,112,0,0,0,0,0,0
18.250000000000032,966,43,99,59,99,0,0,0,0,0,0
18.300000000000033,911,53,99,57,99,0,0,0,0,0,0
18.350000000000033,955,49,93,48,93,0,0,0,0,0,0
18.400000000000034,873,29,62,31,62,0,0,0,0,0,0
18.450000000000035,916,29,59,34,59,0,0,0,0,0,0
18.500000000000036,951,17,47,31,47,0,0,0,0,0,0
18.550000000000036,1007,32,67,45,67,0,0,0,0,0,0
18.600000000000037,937,24,55,36,55,0,0,0,0,0,0
18.650000000000038,951,19,36,23,36,0,0,0,0,0,0
18.70000000000004,840,6,24,15,24,0,0,0,0,0,0
18.75000000000004,976,12,28,18,28,0,0,0,0,0,0
18.80000000000004,997,14,31,23,31,0,0,0,0,0,0
18.85000000000004,963,10,22,16,22,0,0,0,0,0,0
18.90000000000004,944,7,15,11,15,0,0,0,0,0,0
18.950000000000042,957,10,22,16,22,0,0,0,0,0,0
19.000000000000043,940,3,13,8,13,0,0,0,0,0,0
19.050000000000043,864,4,11,7,11,0,0,0,0,0,0
19.100000000000044,921,4,12,11,12,0,0,0,0,0,0
19.150000000000045,963,3,10,5,10,0,0,0,0,0,0
19.200000000000045,954,2,8,5,8,0,0,0,0,0,0
19.250000000000046,867,1,4,6,4,0,0,0,0,0,0
19.300000000000047,912,0,5,3,5,0,0,0,0,0,0
19.350000000000048,968,1,2,1,2,0,0,0,0,0,0
19.40000000000005,934,2,4,4,4,0,0,0,0,0,0
19.45000000000005,939,0,1,0,1,0,0,0,0,0,0
19.50000000000005,909,1,4,1,4,0,0,0,0,0,0
19.55000000000005,902,0,2,0,2,0,0,0,0,0,0
19.60000000000005,955,1,1,1,1,0,0,0,0,0,0
19.650000000000052,882,0,0,0,0,0,0,0,0,0,0
19.700000000000053,979,0,1,1,1,0,0,0,0,0,0
19.750000000000053,956,0,0,1,0,0,0,0,0,0,0
19.800000000000054,931,0,0,0,0,0,0,0,0,0,0
19.850000000000055,919,0,0,0,0,0,0,0,0,0,0
19.900000000000055,928,0,0,1,0,0,0,0,0,0,0
19.950000000000056,812,0,0,0,0,0,0,0,0,0,0
20.000000000000057,798,0,0,0,0,0,0,0,0,0,0
20.050000000000058,704,0,0,0,0,0,0,0,0,0,0
20.10000000000006,683,0,1,1,1,0,0,0,0,0,0
20.15000000000006,631,0,1,1,1,0,0,0,0,0,0
20.20000000000006,578,0,0,0,0,0,0,0,0,0,0
20.25000000000006,531,0,0,0,0,0,0,0,0,0,0
20.30000000000006,481,0,0,0,0,0,0,0,0,0,0
20.350000000000062,453,0,0,0,0,0,0,0,0,0,0
20.400000000000063,473,0,0,0,0,0,0,0,0,0,0
20.450000000000063,408,0,0,0,0,0,0,0,0,0,0
20.500000000000064,395,0,0,0,0,0,0,0,0,0,0
20.550000000000065,313,0,0,0,0,0,0,0,0,0,0
20.600000000000065,214,0,0,0,0,0,0,0,0,0,0
20.650000000000066,143,0,0,0,0,0,0,0,0,0,0
20.700000000000067,196,0,0,0,0,0,0,0,0,0,0
20.750000000000068,188,0,0,0,0,0,0,0,0,0,0
20.800000000000068,144,0,0,0,0,0,0,0,0,0,0
20.85000000000007,166,0,0,0,0,0,0,0,0,0,0
20.90000000000007,127,0,0,0,0,0,0,0,0,0,0
20.95000000000007,96,0,0,0,0,0,0,0,0,0,0
21.00000000000007,96,0,0,0,0,0,0,0,0,0,0
21.05000000000007,116,0,0,0,0,0,0,0,0,0,0
21.100000000000072,72,0,0,0,0,0,0,0,0,0,0
21.150000000000073,17,0,0,0,0,0,0,0,0,0,0
21.200000000000074,0,0,0,0,0,0,0,0,0,0,0
21.250000000000075,0,0,0,0,0,0,0,0,0,0,0
21.300000000000075,0,0,0,0,0,0,0,0,0,0,0
21.350000000000076,0,0,0,0,0,0,0,0,0,0,0
21.400000000000077,0,0,0,0,0,0,0,0,0,0,0
21.450000000000077,0,0,0,0,0,0,0,0,0,0,0
21.500000000000078,0,0,0,0,0,0,0,0,0,0,0
21.55000000000008,0,0,0,0,0,0,0,0,0,0,0
21.60000000000008,0,0,0,0,0,0,0,0,0,0,0
21.65000000000008,0,0,0,0,0,0,0,0,0,0,0
21.70000000000008,0,0,0,0,0,0,0,0,0,0,0
21.75000000000008,0,0,0,0,0,0,0,0,0,0,0
21.800000000000082,0,0,0,0,0,0,0,0,0,0,0
21.850000000000083,0,0,0,0,0,0,0,0,0,0,0
21.900000000000084,0,0,0,0,0,0,0,0,0,0,0
21.950000000000085,0,0,0,0,0,0,0,0,0,0,0
22.000000000000085,0,0,0,0,0,0,0,0,0,0,0
22.050000000000086,0,0,0,0,0,0,0,0,0,0,0
22.100000000000087,0,0,0,0,0,0,0,0,0,0,0
22.150000000000087,0,0,0,0,0,0,0,0,0,0,0
22.200000000000088,0,0,0,0,0,0,0,0,0,0,0
22.25000000000009,0,0,0,0,0,0,0,0,0,0,0
22.30000000000009,0,0,0,0,0,0,0,0,0,0,0
22.35000000000009,0,0,0,0,0,0,0,0,0,0,0
22.40000000000009,0,0,0,0,0,0,0,0,0,0,0
22.45000000000009,0,0,0,0,0,0,0,0,0,0,0
22.500000000000092,0,0,0,0,0,0,0,0,0,0,0
22.550000000000093,0,0,0,0,0,0,0,0,0,0,0
22.600000000000094,0,0,0,0,0,0,0,0,0,0,0
22.650000000000095,0,0,0,0,0,0,0,0,0,0,0
22.700000000000095,0,0,0,0,0,0,0,0,0,0,0
22.750000000000096,0,0,0,0,0,0,0,0,0,0,0
22.800000000000097,0,0,0,0,0,0,0,0,0,0,0
22.850000000000097,0,0,0,0,0,0,0,0,0,0,0
22.900000000000098,0,0,0,0,0,0,0,0,0,0,0
22.9500000000001,0,0,0,0,0,0,0,0,0,0,0
23.0000000000001,0,0,0,0,0,0,0,0,0,0,0
23.0500000000001,0,0,0,0,0,0,0,0,0,0,0
23.1000000000001,0,0,0,0,0,0,0,0,0,0,0
23.1500000000001,0,0,0,0,0,0,0,0,0,0,0
23.200000000000102,0,0,0,0,0,0,0,0,0,0,0
23.250000000000103,0,0,0,0,0,0,0,0,0,0,0
23.300000000000104,0,0,0,0,0,0,0,0,0,0,0
23.350000000000104,0,0,0,0,0,0,0,0,0,0,0
23.400000000000105,0,0,0,0,0,0,0,0,0,0,0
23.450000000000106,0,0,0,0,0,0,0,0,0,0,0
23.500000000000107,0,0,0,0,0,0,0,0,0,0,0
23.550000000000107,0,0,0,0,0,0,0,0,0,0,0
23.600000000000108,0,0,0,0,0,0,0,0,0,0,0
23.65000000000011,0,0,0,0,0,0,0,0,0,0,0
23.70000000000011,0,0,0,0,0,0,0,0,0,0,0
23.75000000000011,0,0,0,0,0,0,0,0,0,0,0
23.80000000000011,0,0,0,0,0,0,0,0,0,0,0
23.85000000000011,0,0,0,0,0,0,0,0,0,0,0
23.900000000000112,0,0,0,0,0,0,0,0,0,0,0
23.950000000000113,0,0,0,0,0,0,0,0,0,0,0
24.000000000000114,0,0,0,0,0,0,0,0,0,0,0
24.050000000000114,0,0,0,0,0,0,0,0,0,0,0
24.100000000000115,0,0,0,0,0,0,0,0,0,0,0
24.150000000000116,0,0,0,0,0,0,0,0,0,0,0
24.200000000000117,0,0,0,0,0,0,0,0,0,0,0
24.250000000000117,0,0,0,0,0,0,0,0,0,0,0
24.300000000000118,0,0,0,0,0,0,0,0,0,0,0
24.35000000000012,0,0,0,0,0,0,0,0,0,0,0
24.40000000000012,0,0,0,0,0,0,0,0,0,0,0
24.45000000000012,0,0,0,0,0,0,0,0,0,0,0
24.50000000000012,0,0,0,0,0,0,0,0,0,0,0
24.55000000000012,0,0,0,0,0,0,0,0,0,0,0
24.600000000000122,0,0,0,0,0,0,0,0,0,0,0
24.650000000000123,0,0,0,0,0,0,0,0,0,0,0
24.700000000000124,0,0,0,0,0,0,0,0,0,0,0
24.750000000000124,0,0,0,0,0,0,0,0,0,0,0
24.800000000000125,0,0,0,0,0,0,0,0,0,0,0
24.850000000000126,0,0,0,0,0,0,0,0,0,0,0
24.900000000000126,0,0,0,0,0,0,0,0,0,0,0
24.950000000000127,0,0,0,0,0,0,0,0,0,0,0
25.000000000000128,0,0,0,0,0,0,0,0,0,0,0
25.05000000000013,0,0,0,0,0,0,0,0,0,0,0
25.10000000000013,0,0,0,0,0,0,0,0,0,0,0
25.15000000000013,0,0,0,0,0,0,0,0,0,0,0
25.20000000000013,0,0,0,0,0,0,0,0,0,0,0
25.25000000000013,0,0,0,0,0,0,0,0,0,0,0
25.300000000000132,0,0,0,0,0,0,0,0,0,0,0
25.350000000000133,0,0,0,0,0,0,0,0,0,0,0
25.400000000000134,0,0,0,0,0,0,0,0,0,0,0
25.450000000000134,0,0,0,0,0,0,0,0,0,0,0
25.500000000000135,0,0,0,0,0,0,0,0,0,0,0
25.550000000000136,0,0,0,0,0,0,0,0,0,0,0
25.600000000000136,0,0,0,0,0,0,0,0,0,0,0
25.650000000000137,0,0,0,0,0,0,0,0,0,0,0
25.700000000000138,0,0,0,0,0,0,0,0,0,0,0
25.75000000000014,0,0,0,0,0,0,0,0,0,0,0
25.80000000000014,0,0,0,0,0,0,0,0,0,0,0
25.85000000000014,0,0,0,0,0,0,0,0,0,0,0
25.90000000000014,0,0,0,0,0,0,0,0,0,0,0
25.95000000000014,0,0,0,0,0,0,0,0,0,0,0
26.000000000000142,0,0,0,0,0,0,0,0,0,0,0
26.050000000000143,0,0,0,0,0,0,0,0,0,0,0
26.100000000000144,0,0,0,0,0,0,0,0,0,0,0
26.150000000000144,0,0,0,0,0,0,0,0,0,0,0
26.200000000000145,0,0,0,0,0,0,0,0,0,0,0
26.250000000000146,0,0,0,0,0,0,0,0,0,0,0
26.300000000000146,0,0,0,0,0,0,0,0,0,0,0
26.350000000000147,0,0,0,0,0,0,0,0,0,0,0
26.400000000000148,0,0,0,0,0,0,0,0,0,0,0
26.45000000000015,0,0,0,0,0,0,0,0,0,0,0
26.50000000000015,0,0,0,0,0,0,0,0,0,0,0
26.55000000000015,0,0,0,0,0,0,0,0,0,0,0
26.60000000000015,0,0,0,0,0,0,0,0,0,0,0
26.65000000000015,0,0,0,0,0,0,0,0,0,0,0
26.700000000000152,0,0,0,0,0,0,0,0,0,0,0
26.750000000000153,0,0,0,0,0,0,0,0,0,0,0
26.800000000000153,0,0,0,0,0,0,0,0,0,0,0
26.850000000000154,0,0,0,0,0,0,0,0,0,0,0
26.900000000000155,0,0,0,0,0,0,0,0,0,0,0
26.950000000000156,0,0,0,0,0,0,0,0,0,0,0
27.000000000000156,0,0,0,0,0,0,0,0,0,0,0
27.050000000000157,0,0,0,0,0,0,0,0,0,0,0
27.100000000000158,0,0,0,0,0,0,0,0,0,0,0
27.15000000000016,0,0,0,0,0,0,0,0,0,0,0
27.20000000000016,0,0,0,0,0,0,0,0,0,0,0
27.25000000000016,0,0,0,0,0,0,0,0,0,0,0
27.30000000000016,0,0,0,0,0,0,0,0,0,0,0
27.35000000000016,0,0,0,0,0,0,0,0,0,0,0
27.400000000000162,0,0,0,0,0,0,0,0,0,0,0
27.450000000000163,0,0,0,0,0,0,0,0,0,0,0
27.500000000000163,0,0,0,0,0,0,0,0,0,0,0
27.550000000000164,0,0,0,0,0,0,0,0,0,0,0
27.600000000000165,0,0,0,0,0,0,0,0,0,0,0
27.650000000000166,0,0,0,0,0,0,0,0,0,0,0
27.700000000000166,0,0,0,0,0,0,0,0,0,0,0
27.750000000000167,0,0,0,0,0,0,0,0,0,0,0
27.800000000000168,0,0,0,0,0,0,0,0,0,0,0
27.85000000000017,0,0,0,0,0,0,0,0,0,0,0
27.90000000000017,0,0,0,0,0,0,0,0,0,0,0
27.95000000000017,0,0,0,0,0,0,0,0,0,0,0
28.00000000000017,0,0,0,0,0,0,0,0,0,0,0
28.05000000000017,0,0,0,0,0,0,0,0,0,0,0
28.100000000000172,0,0,0,0,0,0,0,0,0,0,0
28.150000000000173,0,0,0,0,0,0,0,0,0,0,0
28.200000000000173,0,0,0,0,0,0,0,0,0,0,0
28.250000000000174,0,0,0,0,0,0,0,0,0,0,0
28.300000000000175,0,0,0,0,0,0,0,0,0,0,0
28.350000000000176,0,0,0,0,0,0,0,0,0,0,0
28.400000000000176,0,0,0,0,0,0,0,0,0,0,0
28.450000000000177,0,0,0,0,0,0,0,0,0,0,0
28.500000000000178,0,0,0,0,0,0,0,0,0,0,0
28.55000000000018,0,0,0,0,0,0,0,0,0,0,0
28.60000000000018,0,0,0,0,0,0,0,0,0,0,0
28.65000000000018,0,0,0,0,0,0,0,0,0,0,0
28.70000000000018,0,0,0,0,0,0,0,0,0,0,0
28.75000000000018,0,0,0,0,0,0,0,0,0,0,0
28.800000000000182,0,0,0,0,0,0,0,0,0,0,0
28.850000000000183,0,0,0,0,0,0,0,0,0,0,0
28.900000000000183,0,0,0,0,0,0,0,0,0,0,0
28.950000000000184,0,0,0,0,0,0,0,0,0,0,0
29.000000000000185,0,0,0,0,0,0,0,0,0,0,0
29.050000000000185,0,0,0,0,0,0,0,0,0,0,0
29.100000000000186,0,0,0,0,0,0,0,0,0,0,0
29.150000000000187,0,0,0,0,0,0,0,0,0,0,0
29.200000000000188,0,0,0,0,0,0,0,0,0,0,0
29.25000000000019,0,0,0,0,0,0,0,0,0,0,0
29.30000000000019,0,0,0,0,0,0,0,0,0,0,0
29.35000000000019,0,0,0,0,0,0,0,0,0,0,0
29.40000000000019,0,0,0,0,0,0,0,0,0,0,0
29.45000000000019,0,0,0,0,0,0,0,0,0,0,0
29.500000000000192,0,0,0,0,0,0,0,0,0,0,0
29.550000000000193,0,0,0,0,0,0,0,0,0,0,0
29.600000000000193,0,0,0,0,0,0,0,0,0,0,0
29.650000000000194,0,0,0,0,0,0,0,0,0,0,0
29.700000000000195,0,0,0,0,0,0,0,0,0,0,0
29.750000000000195,0,0,0,0,0,0,0,0,0,0,0
29.800000000000196,0,0,0,0,0,0,0,0,0,0,0
29.850000000000197,0,0,0,0,0,0,0,0,0,0,0
29.900000000000198,0,0,0,0,0,0,0,0,0,0,0
29.9500000000002,0,0,0,0,0,0,0,0,0,0,0
30.0000000000002,0,0,0,0,0,0,0,0,0,0,0
30.0500000000002,0,0,0,0,0,0,0,0,0,0,0
30.1000000000002,0,0,0,0,0,0,0,0,0,0,0
30.1500000000002,0,0,0,0,0,0,0,0,0,0,0
30.200000000000202,0,0,0,0,0,0,0,0,0,0,0
30.250000000000203,0,0,0,0,0,0,0,0,0,0,0
30.300000000000203,0,0,0,0,0,0,0,0,0,0,0
30.350000000000204,0,0,0,0,0,0,0,0,0,0,0
30.400000000000205,0,0,0,0,0,0,0,0,0,0,0
30.450000000000205,0,0,0,0,0,0,0,0,0,0,0
30.500000000000206,0,0,0,0,0,0,0,0,0,0,0
30.550000000000207,0,0,0,0,0,0,0,0,0,0,0
30.600000000000207,0,0,0,0,0,0,0,0,0,0,0
30.650000000000208,0,0,0,0,0,0,0,0,0,0,0
30.70000000000021,0,0,0,0,0,0,0,0,0,0,0
30.75000000000021,0,0,0,0,0,0,0,0,0,0,0
30.80000000000021,0,0,0,0,0,0,0,0,0,0,0
30.85000000000021,0,0,0,0,0,0,0,0,0,0,0
30.90000000000021,0,0,0,0,0,0,0,0,0,0,0
30.950000000000212,0,0,0,0,0,0,0,0,0,0,0
31.000000000000213,0,0,0,0,0,0,0,0,0,0,0
31.050000000000214,0,0,0,0,0,0,0,0,0,0,0
31.100000000000215,0,0,0,0,0,0,0,0,0,0,0
31.150000000000215,0,0,0,0,0,0,0,0,0,0,0
31.200000000000216,0,0,0,0,0,0,0,0,0,0,0
31.250000000000217,0,0,0,0,0,0,0,0,0,0,0
31.300000000000217,0,0,0,0,0,0,0,0,0,0,0
31.350000000000218,0,0,0,0,0,0,0,0,0,0,0
31.40000000000022,0,0,0,0,0,0,0,0,0,0,0
31.45000000000022,0,0,0,0,0,0,0,0,0,0,0
31.50000000000022,0,0,0,0,0,0,0,0,0,0,0
31.55000000000022,0,0,0,0,0,0,0,0,0,0,0
31.60000000000022,0,0,0,0,0,0,0,0,0,0,0
31.650000000000222,0,0,0,0,0,0,0,0,0,0,0
31.700000000000223,0,0,0,0,0,0,0,0,0,0,0
31.750000000000224,0,0,0,0,0,0,0,0,0,0,0
31.800000000000225,0,0,0,0,0,0,0,0,0,0,0
31.850000000000225,0,0,0,0,0,0,0,0,0,0,0
31.900000000000226,0,0,0,0,0,0,0,0,0,0,0
31.950000000000227,0,0,0,0,0,0,0,0,0,0,0
