*****
16 , 0.05 , 1000 , 0 , 1 , 10 , 100 , 0.65 , 1.0 , 0.85 , 1.0 , .055
16.0,1000,1000,1000,848,1000,0,1000,1000,794,1000,0
16.05,1077,1077,1077,948,1077,0,1077,1077,892,1077,0
16.1,1044,1044,1044,908,1044,0,1044,1044,836,1044,0
16.15,975,975,975,861,975,0,975,975,797,975,0
16.2,987,987,987,881,987,0,987,987,833,987,0
16.25,1051,1051,1051,914,1051,0,1051,1051,864,1051,0
16.3,1024,1024,1024,898,1024,0,1024,1024,849,1024,0
16.35,1006,1006,1006,881,1006,0,1006,1006,818,1006,0
16.4,993,991,993,858,993,0,991,993,823,993,0
16.45,1089,1087,1088,950,1088,0,1087,1088,915,1088,0
16.5,954,952,954,832,954,0,952,954,809,954,0
16.55,992,991,991,883,991,0,991,991,859,991,0
16.6,1052,1043,1052,897,1052,0,1043,1052,879,1052,0
16.65,1029,1014,1026,899,1027,0,1014,1026,881,1027,0
16.7,1070,1056,1065,901,1068,0,1056,1065,872,1068,0
16.75,1007,982,999,844,999,0,982,999,829,999,0
16.8,1026,999,1019,843,1021,0,999,1019,819,1021,0
16.85,979,940,966,751,972,0,940,966,734,972,0
16.9,1022,966,1001,772,1008,0,966,1001,754,1008,0
16.95,1000,929,971,731,981,0,929,971,715,981,0
17.0,1035,930,990,741,997,0,930,990,734,997,0
17.05,1009,881,961,651,966,0,881,961,644,966,0
17.1,1023,874,957,636,966,0,874,957,635,966,0
17.15,1032,831,940,624,959,0,831,940,617,959,0
17.2,1017,825,931,576,938,0,825,931,573,938,0
17.25,1010,748,863,536,877,0,748,863,531,877,0
17.3,1062,786,907,525,930,0,786,907,521,930,0
17.35,1036,702,841,484,865,0,702,841,479,865,0
17.4,1006,612,734,421,773,0,612,734,420,773,0
17.45,1026,597,761,422,791,0,597,761,419,791,0
17.5,987,515,695,392,721,0,515,695,391,721,0
17.55,1064,524,676,370,714,0,524,676,369,714,0
17.6,1096,472,633,338,682,0,472,633,338,682,0
17.65,999,410,573,329,611,0,410,573,328,611,0
17.7,1021,344,525,299,564,0,344,525,299,564,0
17.75,950,287,422,253,454,0,287,422,253,454,0
17.8,1038,296,446,247,492,0,296,446,246,492,0
17.85,1009,248,389,214,418,0,248,389,213,418,0
17.9,1038,202,321,209,369,0,202,321,209,369,0
17.95,1035,183,319,193,349,0,183,319,193,349,0
18.0,1030,154,254,150,272,0,154,254,150,272,0
18.05,985,129,223,152,252,0,129,223,153,252,0
18.1,1010,115,168,123,202,0,115,168,123,202,0
18.15,1037,85,168,113,204,0,85,168,113,204,0
18.2,1057,84,144,116,166,0,84,144,116,166,0
18.25,1002,64,129,85,155,0,64,129,85,155,0
18.3,1002,65,110,85,126,0,65,110,85,126,0
18.35,1022,51,87,79,94,0,51,87,79,94,0
18.4,1043,47,76,52,86,0,47,76,52,86,0
18.45,1025,36,68,55,80,0,36,68,55,80,0
18.5,1009,23,40,31,47,0,23,40,31,47,0
18.55,979,14,38,33,42,0,14,38,33,42,0
18.6,1024,13,34,27,39,0,13,34,27,39,0
18.65,1060,10,26,29,31,0,10,26,29,31,0
18.7,1023,2,11,15,19,0,2,11,15,19,0
18.75,1004,5,17,14,20,0,5,17,14,20,0
18.8,989,6,12,13,14,0,6,12,13,14,0
18.85,1021,4,10,9,12,0,4,10,9,12,0
18.9,1052,2,5,7,6,0,2,5,7,6,0
18.95,1052,2,3,6,4,0,2,3,6,4,0
19.0,1010,0,5,4,6,0,0,5,4,6,0
19.05,978,1,2,3,3,0,1,2,3,3,0
19.1,1064,0,1,5,2,0,0,1,5,2,0
19.15,997,0,1,2,1,0,0,1,2,1,0
19.2,1022,0,0,2,0,0,0,0,2,0,0
19.25,965,1,2,1,2,0,1,2,1,2,0
19.3,1025,2,3,5,3,0,2,3,5,3,0
19.35,1064,0,0,2,0,0,0,0,2,0,0
19.4,1056,0,0,0,0,0,0,0,0,0,0
19.45,984,0,0,1,0,0,0,0,1,0,0
19.5,1010,0,1,1,1,0,0,1,1,1,0
19.55,1048,0,0,0,0,0,0,0,0,0,0
19.6,1045,0,0,1,0,0,0,0,1,0,0
19.65,1010,0,0,0,0,0,0,0,0,0,0
19.7,998,0,0,0,0,0,0,0,0,0,0
19.75,1037,0,0,0,0,0,0,0,0,0,0
19.8,986,0,0,0,0,0,0,0,0,0,0
19.85,1017,0,0,0,0,0,0,0,0,0,0
19.9,1000,0,0,0,0,0,0,0,0,0,0
19.95,1038,0,0,0,0,0,0,0,0,0,0
20.0,1023,0,0,0,0,0,0,0,0,0,0
20.05,960,0,0,0,0,0,0,0,0,0,0
20.1,1000,0,0,0,0,0,0,0,0,0,0
20.15,1042,0,0,0,0,0,0,0,0,0,0
20.2,1045,0,0,0,0,0,0,0,0,0,0
20.25,1041,0,0,0,0,0,0,0,0,0,0
20.3,1015,0,0,0,0,0,0,0,0,0,0
20.35,1089,0,0,0,0,0,0,0,0,0,0
20.4,1001,0,0,0,0,0,0,0,0,0,0
20.45,1016,0,0,0,0,0,0,0,0,0,0
20.5,1009,0,0,0,0,0,0,0,0,0,0
20.55,1034,0,0,0,0,0,0,0,0,0,0
20.6,987,0,0,0,0,0,0,0,0,0,0
20.65,1025,0,0,0,0,0,0,0,0,0,0
20.7,971,0,0,0,0,0,0,0,0,0,0
20.75,1014,0,0,0,0,0,0,0,0,0,0
20.8,1020,0,0,0,0,0,0,0,0,0,0
20.85,1035,0,0,0,0,0,0,0,0,0,0
20.9,959,0,0,0,0,0,0,0,0,0,0
20.95,1049,0,0,0,0,0,0,0,0,0,0
21.0,996,0,0,0,0,0,0,0,0,0,0
21.05,1023,0,0,0,0,0,0,0,0,0,0
21.1,1036,0,0,0,0,0,0,0,0,0,0
21.15,1028,0,0,0,0,0,0,0,0,0,0
21.2,1023,0,0,0,0,0,0,0,0,0,0
21.25,1087,0,0,0,0,0,0,0,0,0,0
21.3,1028,0,0,0,0,0,0,0,0,0,0
21.35,919,0,0,0,0,0,0,0,0,0,0
21.4,1000,0,0,0,0,0,0,0,0,0,0
21.45,1032,0,0,0,0,0,0,0,0,0,0
21.5,1009,0,0,0,0,0,0,0,0,0,0
21.55,978,0,0,0,0,0,0,0,0,0,0
21.6,1030,0,0,0,0,0,0,0,0,0,0
21.65,1024,0,0,0,0,0,0,0,0,0,0
21.7,991,0,0,0,0,0,0,0,0,0,0
21.75,1022,0,0,0,0,0,0,0,0,0,0
21.8,985,0,0,0,0,0,0,0,0,0,0
21.85,1017,0,0,0,0,0,0,0,0,0,0
21.9,1022,0,0,0,0,0,0,0,0,0,0
21.95,1044,0,0,0,0,0,0,0,0,0,0
22.0,1063,0,0,0,0,0,0,0,0,0,0
22.05,1058,0,0,0,0,0,0,0,0,0,0
22.1,989,0,0,0,0,0,0,0,0,0,0
22.15,1009,0,0,0,0,0,0,0,0,0,0
22.2,1032,0,0,0,0,0,0,0,0,0,0
22.25,1024,0,0,0,0,0,0,0,0,0,0
22.3,1004,0,0,0,0,0,0,0,0,0,0
22.35,1028,0,0,0,0,0,0,0,0,0,0
22.4,1042,0,0,0,0,0,0,0,0,0,0
22.45,989,0,0,0,0,0,0,0,0,0,0
22.5,1020,0,0,0,0,0,0,0,0,0,0
22.55,1045,0,0,0,0,0,0,0,0,0,0
22.6,1001,0,0,0,0,0,0,0,0,0,0
22.65,1033,0,0,0,0,0,0,0,0,0,0
22.7,1020,0,0,0,0,0,0,0,0,0,0
22.75,1064,0,0,0,0,0,0,0,0,0,0
22.8,1043,0,0,0,0,0,0,0,0,0,0
22.85,1015,0,0,0,0,0,0,0,0,0,0
22.9,1033,0,0,0,0,0,0,0,0,0,0
22.95,994,0,0,0,0,0,0,0,0,0,0
23.0,1035,0,0,0,0,0,0,0,0,0,0
23.05,1012,0,0,0,0,0,0,0,0,0,0
23.1,1007,0,0,0,0,0,0,0,0,0,0
23.15,1021,0,0,0,0,0,0,0,0,0,0
23.2,1009,0,0,0,0,0,0,0,0,0,0
23.25,1021,0,0,0,0,0,0,0,0,0,0
23.3,1017,0,0,0,0,0,0,0,0,0,0
23.35,1002,0,0,0,0,0,0,0,0,0,0
23.4,970,0,0,0,0,0,0,0,0,0,0
23.45,1040,0,0,0,0,0,0,0,0,0,0
23.5,1076,0,0,0,0,0,0,0,0,0,0
23.55,1044,0,0,0,0,0,0,0,0,0,0
23.6,1009,0,0,0,0,0,0,0,0,0,0
23.65,1033,0,0,0,0,0,0,0,0,0,0
23.7,975,0,0,0,0,0,0,0,0,0,0
23.75,1007,0,0,0,0,0,0,0,0,0,0
23.8,1002,0,0,0,0,0,0,0,0,0,0
23.85,1023,0,0,0,0,0,0,0,0,0,0
23.9,1041,0,0,0,0,0,0,0,0,0,0
23.95,1058,0,0,0,0,0,0,0,0,0,0
24.0,997,0,0,0,0,0,0,0,0,0,0
24.05,1058,0,0,0,0,0,0,0,0,0,0
24.1,1063,0,0,0,0,0,0,0,0,0,0
24.15,1051,0,0,0,0,0,0,0,0,0,0
24.200000000000003,998,0,0,0,0,0,0,0,0,0,0
24.25,1004,0,0,0,0,0,0,0,0,0,0
24.3,1025,0,0,0,0,0,0,0,0,0,0
24.35,1041,0,0,0,0,0,0,0,0,0,0
24.4,1018,0,0,0,0,0,0,0,0,0,0
24.450000000000003,1036,0,0,0,0,0,0,0,0,0,0
24.5,1025,0,0,0,0,0,0,0,0,0,0
24.55,1049,0,0,0,0,0,0,0,0,0,0
24.6,1069,0,0,0,0,0,0,0,0,0,0
24.65,1011,0,0,0,0,0,0,0,0,0,0
24.700000000000003,965,0,0,0,0,0,0,0,0,0,0
24.75,988,0,0,0,0,0,0,0,0,0,0
24.8,1035,0,0,0,0,0,0,0,0,0,0
24.85,974,0,0,0,0,0,0,0,0,0,0
24.9,1049,0,0,0,0,0,0,0,0,0,0
24.950000000000003,1076,0,0,0,0,0,0,0,0,0,0
25.0,1004,0,0,0,0,0,0,0,0,0,0
25.05,1032,0,0,0,0,0,0,0,0,0,0
25.1,1027,0,0,0,0,0,0,0,0,0,0
25.15,956,0,0,0,0,0,0,0,0,0,0
25.200000000000003,1070,0,0,0,0,0,0,0,0,0,0
25.25,1042,0,0,0,0,0,0,0,0,0,0
25.3,1078,0,0,0,0,0,0,0,0,0,0
25.35,1014,0,0,0,0,0,0,0,0,0,0
25.4,1019,0,0,0,0,0,0,0,0,0,0
25.450000000000003,1061,0,0,0,0,0,0,0,0,0,0
25.5,1038,0,0,0,0,0,0,0,0,0,0
25.55,1053,0,0,0,0,0,0,0,0,0,0
25.6,1017,0,0,0,0,0,0,0,0,0,0
25.65,992,0,0,0,0,0,0,0,0,0,0
25.700000000000003,984,0,0,0,0,0,0,0,0,0,0
25.75,995,0,0,0,0,0,0,0,0,0,0
25.8,1008,0,0,0,0,0,0,0,0,0,0
25.85,1069,0,0,0,0,0,0,0,0,0,0
25.9,969,0,0,0,0,0,0,0,0,0,0
25.950000000000003,1027,0,0,0,0,0,0,0,0,0,0
26.0,1049,0,0,0,0,0,0,0,0,0,0
26.05,987,0,0,0,0,0,0,0,0,0,0
26.1,1030,0,0,0,0,0,0,0,0,0,0
26.15,1062,0,0,0,0,0,0,0,0,0,0
26.200000000000003,1013,0,0,0,0,0,0,0,0,0,0
26.25,1014,0,0,0,0,0,0,0,0,0,0
26.3,1006,0,0,0,0,0,0,0,0,0,0
26.35,986,0,0,0,0,0,0,0,0,0,0
26.4,991,0,0,0,0,0,0,0,0,0,0
26.450000000000003,996,0,0,0,0,0,0,0,0,0,0
26.5,1008,0,0,0,0,0,0,0,0,0,0
26.55,1009,0,0,0,0,0,0,0,0,0,0
26.6,1058,0,0,0,0,0,0,0,0,0,0
26.65,956,0,0,0,0,0,0,0,0,0,0
26.700000000000003,1048,0,0,0,0,0,0,0,0,0,0
26.75,1023,0,0,0,0,0,0,0,0,0,0
26.8,1003,0,0,0,0,0,0,0,0,0,0
26.85,1032,0,0,0,0,0,0,0,0,0,0
26.9,977,0,0,0,0,0,0,0,0,0,0
26.950000000000003,1046,0,0,0,0,0,0,0,0,0,0
27.0,1024,0,0,0,0,0,0,0,0,0,0
27.05,943,0,0,0,0,0,0,0,0,0,0
27.1,947,0,0,0,0,0,0,0,0,0,0
27.15,1071,0,0,0,0,0,0,0,0,0,0
27.200000000000003,1010,0,0,0,0,0,0,0,0,0,0
27.25,1015,0,0,0,0,0,0,0,0,0,0
27.3,1000,0,0,0,0,0,0,0,0,0,0
27.35,1020,0,0,0,0,0,0,0,0,0,0
27.4,1013,0,0,0,0,0,0,0,0,0,0
27.450000000000003,1023,0,0,0,0,0,0,0,0,0,0
27.5,1068,0,0,0,0,0,0,0,0,0,0
27.55,1031,0,0,0,0,0,0,0,0,0,0
27.6,981,0,0,0,0,0,0,0,0,0,0
27.65,967,0,0,0,0,0,0,0,0,0,0
27.700000000000003,978,0,0,0,0,0,0,0,0,0,0
27.75,1055,0,0,0,0,0,0,0,0,0,0
27.8,1004,0,0,0,0,0,0,0,0,0,0
27.85,1044,0,0,0,0,0,0,0,0,0,0
27.9,1021,0,0,0,0,0,0,0,0,0,0
27.950000000000003,1039,0,0,0,0,0,0,0,0,0,0
28.0,952,0,0,0,0,0,0,0,0,0,0
28.05,999,0,0,0,0,0,0,0,0,0,0
28.1,1021,0,0,0,0,0,0,0,0,0,0
28.15,1054,0,0,0,0,0,0,0,0,0,0
28.200000000000003,1000,0,0,0,0,0,0,0,0,0,0
28.25,1026,0,0,0,0,0,0,0,0,0,0
28.3,1029,0,0,0,0,0,0,0,0,0,0
28.35,976,0,0,0,0,0,0,0,0,0,0
28.4,1011,0,0,0,0,0,0,0,0,0,0
28.450000000000003,1046,0,0,0,0,0,0,0,0,0,0
28.5,1021,0,0,0,0,0,0,0,0,0,0
28.55,1012,0,0,0,0,0,0,0,0,0,0
28.6,1029,0,0,0,0,0,0,0,0,0,0
28.65,1014,0,0,0,0,0,0,0,0,0,0
28.700000000000003,1014,0,0,0,0,0,0,0,0,0,0
28.75,1066,0,0,0,0,0,0,0,0,0,0
28.8,1041,0,0,0,0,0,0,0,0,0,0
28.85,1026,0,0,0,0,0,0,0,0,0,0
28.9,1011,0,0,0,0,0,0,0,0,0,0
28.950000000000003,1007,0,0,0,0,0,0,0,0,0,0
29.0,1009,0,0,0,0,0,0,0,0,0,0
29.05,964,0,0,0,0,0,0,0,0,0,0
29.1,1020,0,0,0,0,0,0,0,0,0,0
29.15,1055,0,0,0,0,0,0,0,0,0,0
29.200000000000003,1036,0,0,0,0,0,0,0,0,0,0
29.25,1026,0,0,0,0,0,0,0,0,0,0
29.3,1054,0,0,0,0,0,0,0,0,0,0
29.35,1026,0,0,0,0,0,0,0,0,0,0
29.4,1002,0,0,0,0,0,0,0,0,0,0
29.450000000000003,988,0,0,0,0,0,0,0,0,0,0
29.5,1030,0,0,0,0,0,0,0,0,0,0
29.55,977,0,0,0,0,0,0,0,0,0,0
29.6,1022,0,0,0,0,0,0,0,0,0,0
29.65,1019,0,0,0,0,0,0,0,0,0,0
29.700000000000003,939,0,0,0,0,0,0,0,0,0,0
29.75,1028,0,0,0,0,0,0,0,0,0,0
29.8,1019,0,0,0,0,0,0,0,0,0,0
29.85,1066,0,0,0,0,0,0,0,0,0,0
29.9,1002,0,0,0,0,0,0,0,0,0,0
29.950000000000003,1066,0,0,0,0,0,0,0,0,0,0
30.0,1037,0,0,0,0,0,0,0,0,0,0
30.05,1040,0,0,0,0,0,0,0,0,0,0
30.1,1042,0,0,0,0,0,0,0,0,0,0
30.15,964,0,0,0,0,0,0,0,0,0,0
30.200000000000003,1018,0,0,0,0,0,0,0,0,0,0
30.25,1078,0,0,0,0,0,0,0,0,0,0
30.3,928,0,0,0,0,0,0,0,0,0,0
30.35,974,0,0,0,0,0,0,0,0,0,0
30.4,1016,0,0,0,0,0,0,0,0,0,0
30.450000000000003,1065,0,0,0,0,0,0,0,0,0,0
30.5,1029,0,0,0,0,0,0,0,0,0,0
30.55,1022,0,0,0,0,0,0,0,0,0,0
30.6,1015,0,0,0,0,0,0,0,0,0,0
30.65,1009,0,0,0,0,0,0,0,0,0,0
30.700000000000003,1014,0,0,0,0,0,0,0,0,0,0
30.75,1052,0,0,0,0,0,0,0,0,0,0
30.8,1048,0,0,0,0,0,0,0,0,0,0
30.85,1034,0,0,0,0,0,0,0,0,0,0
30.9,1018,0,0,0,0,0,0,0,0,0,0
30.950000000000003,1108,0,0,0,0,0,0,0,0,0,0
31.0,980,0,0,0,0,0,0,0,0,0,0
31.05,1007,0,0,0,0,0,0,0,0,0,0
31.1,983,0,0,0,0,0,0,0,0,0,0
31.15,1036,0,0,0,0,0,0,0,0,0,0
31.200000000000003,1004,0,0,0,0,0,0,0,0,0,0
31.25,1019,0,0,0,0,0,0,0,0,0,0
31.3,1017,0,0,0,0,0,0,0,0,0,0
31.35,1045,0,0,0,0,0,0,0,0,0,0
31.4,975,0,0,0,0,0,0,0,0,0,0
31.450000000000003,991,0,0,0,0,0,0,0,0,0,0
31.5,1013,0,0,0,0,0,0,0,0,0,0
31.55,1036,0,0,0,0,0,0,0,0,0,0
31.6,1005,0,0,0,0,0,0,0,0,0,0
31.65,1027,0,0,0,0,0,0,0,0,0,0
31.700000000000003,1071,0,0,0,0,0,0,0,0,0,0
31.75,1042,0,0,0,0,0,0,0,0,0,0
31.8,993,0,0,0,0,0,0,0,0,0,0
31.85,1000,0,0,0,0,0,0,0,0,0,0
31.9,1020,0,0,0,0,0,0,0,0,0,0
31.950000000000003,1031,0,0,0,0,0,0,0,0,0,0
32.0,1008,0,0,0,0,0,0,0,0,0,0
32.05,923,0,0,0,0,0,0,0,0,0,0
32.1,860,0,0,0,0,0,0,0,0,0,0
32.150000000000006,848,0,0,0,0,0,0,0,0,0,0
32.2,766,0,0,0,0,0,0,0,0,0,0
32.25,777,0,0,0,0,0,0,0,0,0,0
32.3,657,0,0,0,0,0,0,0,0,0,0
32.35,598,0,0,0,0,0,0,0,0,0,0
32.400000000000006,624,0,0,0,0,0,0,0,0,0,0
32.45,526,0,0,0,0,0,0,0,0,0,0
32.5,478,0,0,0,0,0,0,0,0,0,0
32.55,454,0,0,0,0,0,0,0,0,0,0
32.6,382,0,0,0,0,0,0,0,0,0,0
32.650000000000006,349,0,0,0,0,0,0,0,0,0,0
32.7,282,0,0,0,0,0,0,0,0,0,0
32.75,219,0,0,0,0,0,0,0,0,0,0
32.8,196,0,0,0,0,0,0,0,0,0,0
32.85,121,0,0,0,0,0,0,0,0,0,0
32.900000000000006,86,0,0,0,0,0,0,0,0,0,0
32.95,24,0,0,0,0,0,0,0,0,0,0
*****
16 , 0.05 , 1000 , 0 , 0.4 , 10 , 100 , 0.65 , 1.0 , 0.85 , 1.0 , .055
16.0,1000,1000,1000,1000,1000,0,1000,1000,1000,1000,0
16.05,1021,1021,1021,1021,1021,0,1021,1021,1021,1021,0
16.1,1048,1048,1048,1048,1048,0,1048,1048,1048,1048,0
16.15,1037,1037,1037,1037,1037,0,1037,1037,1037,1037,0
16.2,992,992,992,992,992,0,992,992,992,992,0
16.25,1042,1042,1042,1042,1042,0,1042,1042,1042,1042,0
16.3,1053,1053,1053,1053,1053,0,1053,1053,1053,1053,0
16.35,1075,1075,1075,1075,1075,0,1075,1075,1075,1075,0
16.4,1012,1012,1012,1012,1012,0,1012,1012,1012,1012,0
16.45,984,984,984,984,984,0,984,984,984,984,0
16.5,995,995,995,995,995,0,995,995,995,995,0
16.55,997,997,997,997,997,0,997,997,997,997,0
16.6,1078,1078,1078,1078,1078,0,1078,1078,1078,1078,0
16.65,1051,1051,1051,1051,1051,0,1051,1051,1051,1051,0
16.7,1057,1057,1057,1057,1057,0,1057,1057,1057,1057,0
16.75,1034,1034,1034,1034,1034,0,1034,1034,1034,1034,0
16.8,984,984,984,984,984,0,984,984,984,984,0
16.85,1002,1002,1002,1002,1002,0,1002,1002,1002,1002,0
16.9,1037,1037,1037,1037,1037,0,1037,1037,1037,1037,0
16.95,1020,1020,1020,1020,1020,0,1020,1020,1020,1020,0
17.0,1079,1079,1079,1079,1079,0,1079,1079,1079,1079,0
17.05,1007,1007,1007,1007,1007,0,1007,1007,1007,1007,0
17.1,1033,1033,1033,1033,1033,0,1033,1033,1033,1033,0
17.15,1050,1050,1050,1050,1050,0,1050,1050,1050,1050,0
17.2,1012,1012,1012,1012,1012,0,1012,1012,1012,1012,0
17.25,1019,1019,1019,1019,1019,0,1019,1019,1019,1019,0
17.3,1031,1031,1031,1031,1031,0,1031,1031,1031,1031,0
17.35,1058,1058,1058,1058,1058,0,1058,1058,1058,1058,0
17.4,1086,1086,1086,1086,1086,0,1086,1086,1086,1086,0
17.45,1021,1021,1021,1021,1021,0,1021,1021,1021,1021,0
17.5,994,994,994,994,994,0,994,994,994,994,0
17.55,1044,1044,1044,1044,1044,0,1044,1044,1044,1044,0
17.6,1013,1013,1012,1013,1013,0,1013,1012,1013,1013,0
17.65,1038,1038,1038,1038,1038,0,1038,1038,1038,1038,0
17.7,1054,1054,1054,1054,1054,0,1054,1054,1054,1054,0
17.75,1043,1043,1042,1043,1043,0,1043,1042,1043,1043,0
17.8,1050,1050,1046,1050,1050,0,1050,1046,1050,1050,0
17.85,1035,1035,1033,1035,1035,0,1035,1033,1035,1035,0
17.9,1029,1029,1026,1029,1029,0,1029,1026,1029,1029,0
17.95,1060,1060,1054,1060,1060,0,1060,1054,1060,1060,0
18.0,1058,1058,1047,1058,1058,0,1058,1047,1058,1058,0
18.05,988,988,975,988,988,0,988,975,988,988,0
18.1,1053,1053,1040,1053,1053,0,1053,1040,1053,1053,0
18.15,1052,1052,1023,1052,1052,0,1052,1023,1052,1052,0
18.2,1031,1029,993,1031,1029,0,1029,993,1031,1029,0
18.25,1064,1064,1021,1064,1064,0,1064,1021,1064,1064,0
18.3,986,981,894,986,984,0,981,894,986,984,0
18.35,1044,1034,942,1043,1042,0,1034,942,1043,1042,0
18.4,1031,1019,895,1031,1027,0,1019,895,1031,1027,0
18.45,1051,1023,889,1050,1043,0,1023,889,1050,1043,0
18.5,1032,998,834,1031,1019,0,998,834,1031,1019,0
18.55,1025,969,806,1023,1000,0,969,806,1023,1000,0
18.6,1023,957,754,1019,992,0,957,754,1019,992,0
18.65,1047,954,738,1032,998,0,954,738,1032,998,0
18.7,1007,886,632,996,950,0,886,632,996,950,0
18.75,1042,872,576,1017,951,0,872,576,1017,951,0
18.8,1019,808,537,978,893,0,808,537,978,893,0
18.85,1053,814,502,1003,911,0,814,502,1003,911,0
18.9,1000,691,412,909,804,0,691,412,909,804,0
18.95,1022,698,402,922,808,0,698,402,922,808,0
19.0,1099,644,333,958,784,0,644,333,958,784,0
19.05,1045,538,289,874,696,0,538,289,874,696,0
19.1,1063,516,249,856,634,0,516,249,856,634,0
19.15,1002,408,189,747,552,0,408,189,747,552,0
19.2,999,347,164,658,462,0,347,164,658,462,0
19.25,1080,289,111,633,412,0,289,111,633,412,0
19.3,1041,245,103,562,357,0,245,103,562,357,0
19.35,1069,190,77,506,281,0,190,77,506,281,0
19.4,1047,150,57,454,237,0,150,57,454,237,0
19.45,1015,118,40,347,183,0,118,40,347,183,0
19.5,1019,73,19,301,144,0,73,19,301,144,0
19.55,1023,70,28,260,127,0,70,28,260,127,0
19.6,1058,49,22,197,90,0,49,22,197,90,0
19.65,1080,39,22,176,65,0,39,22,176,65,0
19.7,1068,30,5,128,53,0,30,5,128,53,0
19.75,1036,12,3,94,24,0,12,3,94,24,0
19.8,1009,12,5,74,23,0,12,5,74,23,0
19.85,1063,6,3,42,8,0,6,3,42,8,0
19.9,1036,3,0,25,10,0,3,0,25,10,0
19.95,1036,2,1,23,5,0,2,1,23,5,0
20.0,1069,3,1,20,3,0,3,1,20,3,0
20.05,1015,0,0,11,1,0,0,0,11,1,0
20.1,1018,1,0,4,3,0,1,0,4,3,0
20.15,1040,1,0,2,1,0,1,0,2,1,0
20.2,1005,0,0,3,2,0,0,0,3,2,0
20.25,1032,0,0,2,1,0,0,0,2,1,0
20.3,1002,0,0,0,0,0,0,0,0,0,0
20.35,1094,0,0,0,0,0,0,0,0,0,0
20.4,1002,0,0,0,0,0,0,0,0,0,0
20.45,1006,0,0,0,0,0,0,0,0,0,0
20.5,1049,0,0,0,0,0,0,0,0,0,0
20.55,1058,0,0,0,0,0,0,0,0,0,0
20.6,1030,0,0,0,0,0,0,0,0,0,0
20.65,993,0,0,0,0,0,0,0,0,0,0
20.7,1049,0,0,0,0,0,0,0,0,0,0
20.75,1067,0,0,0,0,0,0,0,0,0,0
20.8,955,0,0,0,0,0,0,0,0,0,0
20.85,1083,0,0,0,0,0,0,0,0,0,0
20.9,1010,0,0,0,0,0,0,0,0,0,0
20.95,1046,0,0,0,0,0,0,0,0,0,0
21.0,996,0,0,0,0,0,0,0,0,0,0
21.05,1049,0,0,0,0,0,0,0,0,0,0
21.1,991,0,0,0,0,0,0,0,0,0,0
21.15,1036,0,0,0,0,0,0,0,0,0,0
21.2,1070,0,0,0,0,0,0,0,0,0,0
21.25,1045,0,0,0,0,0,0,0,0,0,0
21.3,1062,0,0,0,0,0,0,0,0,0,0
21.35,1020,0,0,0,0,0,0,0,0,0,0
21.4,1045,0,0,0,0,0,0,0,0,0,0
21.45,1027,0,0,0,0,0,0,0,0,0,0
21.5,1069,0,0,0,0,0,0,0,0,0,0
21.55,1007,0,0,0,0,0,0,0,0,0,0
21.6,1051,0,0,0,0,0,0,0,0,0,0
21.65,963,0,0,0,0,0,0,0,0,0,0
21.7,1074,0,0,0,0,0,0,0,0,0,0
21.75,1046,0,0,0,0,0,0,0,0,0,0
21.8,1057,0,0,0,0,0,0,0,0,0,0
21.85,1008,0,0,0,0,0,0,0,0,0,0
21.9,1059,0,0,0,0,0,0,0,0,0,0
21.95,1035,0,0,0,0,0,0,0,0,0,0
22.0,987,0,0,0,0,0,0,0,0,0,0
22.05,1038,0,0,0,0,0,0,0,0,0,0
22.1,1039,0,0,0,0,0,0,0,0,0,0
22.15,1007,0,0,0,0,0,0,0,0,0,0
22.2,1027,0,0,0,0,0,0,0,0,0,0
22.25,1025,0,0,0,0,0,0,0,0,0,0
22.3,1030,0,0,0,0,0,0,0,0,0,0
22.35,979,0,0,0,0,0,0,0,0,0,0
22.4,1062,0,0,0,0,0,0,0,0,0,0
22.45,1084,0,0,0,0,0,0,0,0,0,0
22.5,1045,0,0,0,0,0,0,0,0,0,0
22.55,1024,0,0,0,0,0,0,0,0,0,0
22.6,1042,0,0,0,0,0,0,0,0,0,0
22.65,1010,0,0,0,0,0,0,0,0,0,0
22.7,1082,0,0,0,0,0,0,0,0,0,0
22.75,1044,0,0,0,0,0,0,0,0,0,0
22.8,1081,0,0,0,0,0,0,0,0,0,0
22.85,1015,0,0,0,0,0,0,0,0,0,0
22.9,980,0,0,0,0,0,0,0,0,0,0
22.95,1000,0,0,0,0,0,0,0,0,0,0
23.0,1073,0,0,0,0,0,0,0,0,0,0
23.05,1042,0,0,0,0,0,0,0,0,0,0
23.1,1090,0,0,0,0,0,0,0,0,0,0
23.15,1024,0,0,0,0,0,0,0,0,0,0
23.2,981,0,0,0,0,0,0,0,0,0,0
23.25,1031,0,0,0,0,0,0,0,0,0,0
23.3,1034,0,0,0,0,0,0,0,0,0,0
23.35,1077,0,0,0,0,0,0,0,0,0,0
23.4,1021,0,0,0,0,0,0,0,0,0,0
23.45,1031,0,0,0,0,0,0,0,0,0,0
23.5,1064,0,0,0,0,0,0,0,0,0,0
23.55,1041,0,0,0,0,0,0,0,0,0,0
23.6,1027,0,0,0,0,0,0,0,0,0,0
23.65,1016,0,0,0,0,0,0,0,0,0,0
23.7,1052,0,0,0,0,0,0,0,0,0,0
23.75,994,0,0,0,0,0,0,0,0,0,0
23.8,1043,0,0,0,0,0,0,0,0,0,0
23.85,1059,0,0,0,0,0,0,0,0,0,0
23.9,997,0,0,0,0,0,0,0,0,0,0
23.95,1053,0,0,0,0,0,0,0,0,0,0
24.0,997,0,0,0,0,0,0,0,0,0,0
24.05,1016,0,0,0,0,0,0,0,0,0,0
24.1,1055,0,0,0,0,0,0,0,0,0,0
24.15,1066,0,0,0,0,0,0,0,0,0,0
24.200000000000003,1083,0,0,0,0,0,0,0,0,0,0
24.25,1039,0,0,0,0,0,0,0,0,0,0
24.3,987,0,0,0,0,0,0,0,0,0,0
24.35,1049,0,0,0,0,0,0,0,0,0,0
24.4,1028,0,0,0,0,0,0,0,0,0,0
24.450000000000003,997,0,0,0,0,0,0,0,0,0,0
24.5,1055,0,0,0,0,0,0,0,0,0,0
24.55,1040,0,0,0,0,0,0,0,0,0,0
24.6,1029,0,0,0,0,0,0,0,0,0,0
24.65,1015,0,0,0,0,0,0,0,0,0,0
24.700000000000003,1037,0,0,0,0,0,0,0,0,0,0
24.75,1021,0,0,0,0,0,0,0,0,0,0
24.8,1069,0,0,0,0,0,0,0,0,0,0
24.85,1055,0,0,0,0,0,0,0,0,0,0
24.9,1017,0,0,0,0,0,0,0,0,0,0
24.950000000000003,1041,0,0,0,0,0,0,0,0,0,0
25.0,1059,0,0,0,0,0,0,0,0,0,0
25.05,954,0,0,0,0,0,0,0,0,0,0
25.1,1046,0,0,0,0,0,0,0,0,0,0
25.15,1034,0,0,0,0,0,0,0,0,0,0
25.200000000000003,1007,0,0,0,0,0,0,0,0,0,0
25.25,1083,0,0,0,0,0,0,0,0,0,0
25.3,1096,0,0,0,0,0,0,0,0,0,0
25.35,984,0,0,0,0,0,0,0,0,0,0
25.4,1053,0,0,0,0,0,0,0,0,0,0
25.450000000000003,1075,0,0,0,0,0,0,0,0,0,0
25.5,1075,0,0,0,0,0,0,0,0,0,0
25.55,1056,0,0,0,0,0,0,0,0,0,0
25.6,1036,0,0,0,0,0,0,0,0,0,0
25.65,1005,0,0,0,0,0,0,0,0,0,0
25.700000000000003,1013,0,0,0,0,0,0,0,0,0,0
25.75,1052,0,0,0,0,0,0,0,0,0,0
25.8,1090,0,0,0,0,0,0,0,0,0,0
25.85,1035,0,0,0,0,0,0,0,0,0,0
25.9,1066,0,0,0,0,0,0,0,0,0,0
25.950000000000003,994,0,0,0,0,0,0,0,0,0,0
26.0,1062,0,0,0,0,0,0,0,0,0,0
26.05,1004,0,0,0,0,0,0,0,0,0,0
26.1,1035,0,0,0,0,0,0,0,0,0,0
26.15,1016,0,0,0,0,0,0,0,0,0,0
26.200000000000003,1090,0,0,0,0,0,0,0,0,0,0
26.25,1107,0,0,0,0,0,0,0,0,0,0
26.3,1036,0,0,0,0,0,0,0,0,0,0
26.35,1028,0,0,0,0,0,0,0,0,0,0
26.4,1054,0,0,0,0,0,0,0,0,0,0
26.450000000000003,1018,0,0,0,0,0,0,0,0,0,0
26.5,1071,0,0,0,0,0,0,0,0,0,0
26.55,1019,0,0,0,0,0,0,0,0,0,0
26.6,1049,0,0,0,0,0,0,0,0,0,0
26.65,1036,0,0,0,0,0,0,0,0,0,0
26.700000000000003,1042,0,0,0,0,0,0,0,0,0,0
26.75,1007,0,0,0,0,0,0,0,0,0,0
26.8,1039,0,0,0,0,0,0,0,0,0,0
26.85,1067,0,0,0,0,0,0,0,0,0,0
26.9,1075,0,0,0,0,0,0,0,0,0,0
26.950000000000003,1031,0,0,0,0,0,0,0,0,0,0
27.0,1013,0,0,0,0,0,0,0,0,0,0
27.05,1020,0,0,0,0,0,0,0,0,0,0
27.1,1039,0,0,0,0,0,0,0,0,0,0
27.15,1037,0,0,0,0,0,0,0,0,0,0
27.200000000000003,1017,0,0,0,0,0,0,0,0,0,0
27.25,982,0,0,0,0,0,0,0,0,0,0
27.3,1007,0,0,0,0,0,0,0,0,0,0
27.35,1056,0,0,0,0,0,0,0,0,0,0
27.4,1004,0,0,0,0,0,0,0,0,0,0
27.450000000000003,1085,0,0,0,0,0,0,0,0,0,0
27.5,1017,0,0,0,0,0,0,0,0,0,0
27.55,1057,0,0,0,0,0,0,0,0,0,0
27.6,994,0,0,0,0,0,0,0,0,0,0
27.65,1072,0,0,0,0,0,0,0,0,0,0
27.700000000000003,1059,0,0,0,0,0,0,0,0,0,0
27.75,1010,0,0,0,0,0,0,0,0,0,0
27.8,1056,0,0,0,0,0,0,0,0,0,0
27.85,1040,0,0,0,0,0,0,0,0,0,0
27.9,1026,0,0,0,0,0,0,0,0,0,0
27.950000000000003,970,0,0,0,0,0,0,0,0,0,0
28.0,1024,0,0,0,0,0,0,0,0,0,0
28.05,1020,0,0,0,0,0,0,0,0,0,0
28.1,1031,0,0,0,0,0,0,0,0,0,0
28.15,1027,0,0,0,0,0,0,0,0,0,0
28.200000000000003,1074,0,0,0,0,0,0,0,0,0,0
28.25,987,0,0,0,0,0,0,0,0,0,0
28.3,1079,0,0,0,0,0,0,0,0,0,0
28.35,1011,0,0,0,0,0,0,0,0,0,0
28.4,1055,0,0,0,0,0,0,0,0,0,0
28.450000000000003,1058,0,0,0,0,0,0,0,0,0,0
28.5,981,0,0,0,0,0,0,0,0,0,0
28.55,1042,0,0,0,0,0,0,0,0,0,0
28.6,998,0,0,0,0,0,0,0,0,0,0
28.65,1046,0,0,0,0,0,0,0,0,0,0
28.700000000000003,1000,0,0,0,0,0,0,0,0,0,0
28.75,1034,0,0,0,0,0,0,0,0,0,0
28.8,1023,0,0,0,0,0,0,0,0,0,0
28.85,1019,0,0,0,0,0,0,0,0,0,0
28.9,1060,0,0,0,0,0,0,0,0,0,0
28.950000000000003,1046,0,0,0,0,0,0,0,0,0,0
29.0,1011,0,0,0,0,0,0,0,0,0,0
29.05,1032,0,0,0,0,0,0,0,0,0,0
29.1,1058,0,0,0,0,0,0,0,0,0,0
29.15,1023,0,0,0,0,0,0,0,0,0,0
29.200000000000003,1024,0,0,0,0,0,0,0,0,0,0
29.25,985,0,0,0,0,0,0,0,0,0,0
29.3,1041,0,0,0,0,0,0,0,0,0,0
29.35,1003,0,0,0,0,0,0,0,0,0,0
29.4,1031,0,0,0,0,0,0,0,0,0,0
29.450000000000003,1046,0,0,0,0,0,0,0,0,0,0
29.5,1048,0,0,0,0,0,0,0,0,0,0
29.55,1053,0,0,0,0,0,0,0,0,0,0
29.6,1035,0,0,0,0,0,0,0,0,0,0
29.65,1027,0,0,0,0,0,0,0,0,0,0
29.700000000000003,1067,0,0,0,0,0,0,0,0,0,0
29.75,1062,0,0,0,0,0,0,0,0,0,0
29.8,1032,0,0,0,0,0,0,0,0,0,0
29.85,1043,0,0,0,0,0,0,0,0,0,0
29.9,1058,0,0,0,0,0,0,0,0,0,0
29.950000000000003,974,0,0,0,0,0,0,0,0,0,0
30.0,1058,0,0,0,0,0,0,0,0,0,0
30.05,1036,0,0,0,0,0,0,0,0,0,0
30.1,1060,0,0,0,0,0,0,0,0,0,0
30.15,1000,0,0,0,0,0,0,0,0,0,0
30.200000000000003,1026,0,0,0,0,0,0,0,0,0,0
30.25,1012,0,0,0,0,0,0,0,0,0,0
30.3,1040,0,0,0,0,0,0,0,0,0,0
30.35,1073,0,0,0,0,0,0,0,0,0,0
30.4,1032,0,0,0,0,0,0,0,0,0,0
30.450000000000003,1048,0,0,0,0,0,0,0,0,0,0
30.5,997,0,0,0,0,0,0,0,0,0,0
30.55,997,0,0,0,0,0,0,0,0,0,0
30.6,1069,0,0,0,0,0,0,0,0,0,0
30.65,1022,0,0,0,0,0,0,0,0,0,0
30.700000000000003,1048,0,0,0,0,0,0,0,0,0,0
30.75,1054,0,0,0,0,0,0,0,0,0,0
30.8,1094,0,0,0,0,0,0,0,0,0,0
30.85,992,0,0,0,0,0,0,0,0,0,0
30.9,1025,0,0,0,0,0,0,0,0,0,0
30.950000000000003,1002,0,0,0,0,0,0,0,0,0,0
31.0,1044,0,0,0,0,0,0,0,0,0,0
31.05,1024,0,0,0,0,0,0,0,0,0,0
31.1,999,0,0,0,0,0,0,0,0,0,0
31.15,1072,0,0,0,0,0,0,0,0,0,0
31.200000000000003,1023,0,0,0,0,0,0,0,0,0,0
31.25,1072,0,0,0,0,0,0,0,0,0,0
31.3,1028,0,0,0,0,0,0,0,0,0,0
31.35,1089,0,0,0,0,0,0,0,0,0,0
31.4,1020,0,0,0,0,0,0,0,0,0,0
31.450000000000003,997,0,0,0,0,0,0,0,0,0,0
31.5,1016,0,0,0,0,0,0,0,0,0,0
31.55,1043,0,0,0,0,0,0,0,0,0,0
31.6,1065,0,0,0,0,0,0,0,0,0,0
31.65,981,0,0,0,0,0,0,0,0,0,0
31.700000000000003,1081,0,0,0,0,0,0,0,0,0,0
31.75,1046,0,0,0,0,0,0,0,0,0,0
31.8,1003,0,0,0,0,0,0,0,0,0,0
31.85,1014,0,0,0,0,0,0,0,0,0,0
31.9,1072,0,0,0,0,0,0,0,0,0,0
31.950000000000003,1023,0,0,0,0,0,0,0,0,0,0
32.0,966,0,0,0,0,0,0,0,0,0,0
32.05,871,0,0,0,0,0,0,0,0,0,0
32.1,718,0,0,0,0,0,0,0,0,0,0
32.150000000000006,591,0,0,0,0,0,0,0,0,0,0
32.2,422,0,0,0,0,0,0,0,0,0,0
32.25,326,0,0,0,0,0,0,0,0,0,0
32.3,171,0,0,0,0,0,0,0,0,0,0
32.35,72,0,0,0,0,0,0,0,0,0,0
*****
16 , 0.05 , 1000 , 0.3 , 0.7 , 10 , 100 , 0.65 , 1.0 , 0.85 , 1.0 , .055
16.0,1000,1000,1000,998,1000,0,1000,1000,993,1000,0
16.05,973,973,973,971,973,0,973,973,965,973,0
16.1,1005,1005,1005,1004,1005,0,1005,1005,1000,1005,0
16.15,968,968,968,963,968,0,968,968,960,968,0
16.2,987,987,987,987,987,0,987,987,982,987,0
16.25,971,971,971,970,971,0,971,971,967,971,0
16.3,910,910,910,909,910,0,910,910,908,910,0
16.35,943,943,943,941,943,0,943,943,934,943,0
16.4,963,963,963,961,963,0,963,963,958,963,0
16.45,974,974,974,971,974,0,974,974,970,974,0
16.5,1049,1049,1049,1047,1049,0,1049,1049,1040,1049,0
16.55,974,974,974,971,974,0,974,974,970,974,0
16.6,952,952,952,951,952,0,952,952,946,952,0
16.65,1002,1002,1002,999,1002,0,1002,1002,998,1002,0
16.7,938,938,938,937,938,0,938,938,936,938,0
16.75,958,958,958,951,958,0,958,958,946,958,0
16.8,972,972,972,967,972,0,972,972,966,972,0
16.85,911,911,911,903,911,0,911,911,902,911,0
16.9,996,996,996,992,996,0,996,996,991,996,0
16.95,1050,1050,1050,1042,1050,0,1050,1050,1042,1050,0
17.0,971,971,971,966,971,0,971,971,967,971,0
17.05,990,990,990,979,990,0,990,990,975,990,0
17.1,930,930,930,908,930,0,930,930,907,930,0
17.15,985,985,985,975,985,0,985,985,973,985,0
17.2,927,927,927,904,927,0,927,927,903,927,0
17.25,921,921,921,905,921,0,921,921,904,921,0
17.3,1004,1004,1004,967,1004,0,1004,1004,966,1004,0
17.35,969,969,969,933,969,0,969,969,933,969,0
17.4,1018,1018,1018,996,1018,0,1018,1018,996,1018,0
17.45,956,956,956,921,956,0,956,956,921,956,0
17.5,926,924,926,888,926,0,924,926,888,926,0
17.55,986,985,986,949,986,0,985,986,949,986,0
17.6,967,967,967,915,967,0,967,967,915,967,0
17.65,1015,1012,1014,944,1015,0,1012,1014,944,1015,0
17.7,957,954,957,895,957,0,954,957,895,957,0
17.75,960,959,960,912,960,0,959,960,912,960,0
17.8,913,906,912,839,913,0,906,912,839,913,0
17.85,964,959,960,892,961,0,959,960,892,961,0
17.9,988,977,986,908,987,0,977,986,908,987,0
17.95,970,964,969,894,969,0,964,969,894,969,0
18.0,972,950,965,885,971,0,950,965,885,971,0
18.05,1009,991,1004,910,1006,0,991,1004,910,1006,0
18.1,913,886,903,805,907,0,886,903,805,907,0
18.15,953,921,940,834,949,0,921,940,834,949,0
18.2,953,918,944,833,948,0,918,944,833,948,0
18.25,944,894,925,825,935,0,894,925,825,935,0
18.3,1051,988,1025,892,1032,0,988,1025,892,1032,0
18.35,948,885,915,813,925,0,885,915,813,925,0
18.4,967,888,931,819,945,0,888,931,819,945,0
18.45,1005,893,946,812,961,0,893,946,812,961,0
18.5,996,876,932,826,954,0,876,932,826,954,0
18.55,957,805,877,744,889,0,805,877,744,889,0
18.6,1018,838,910,782,935,0,838,910,782,935,0
18.65,986,787,874,753,900,0,787,874,753,900,0
18.7,895,706,777,673,805,0,706,777,673,805,0
18.75,989,728,821,738,859,0,728,821,738,859,0
18.8,964,670,770,697,821,0,670,770,697,821,0
18.85,933,621,718,621,769,0,621,718,621,769,0
18.9,946,631,733,632,771,0,631,733,632,771,0
18.95,988,616,726,618,774,0,616,726,618,774,0
19.0,1000,565,673,617,729,0,565,673,617,729,0
19.05,1013,527,649,578,697,0,527,649,578,697,0
19.1,975,471,585,540,634,0,471,585,540,634,0
19.15,966,411,504,486,574,0,411,504,486,574,0
19.2,930,383,476,448,521,0,383,476,448,521,0
19.25,979,363,467,464,515,0,363,467,464,515,0
19.3,977,322,428,405,479,0,322,428,405,479,0
19.35,936,298,393,383,439,0,298,393,383,439,0
19.4,994,310,404,375,449,0,310,404,375,449,0
19.45,963,242,329,337,377,0,242,329,337,377,0
19.5,949,218,291,328,330,0,218,291,328,330,0
19.55,966,178,235,263,276,0,178,235,263,276,0
19.6,977,140,208,220,238,0,140,208,220,238,0
19.65,980,129,192,220,226,0,129,192,220,226,0
19.7,1009,137,205,220,229,0,137,205,220,229,0
19.75,977,107,155,176,182,0,107,155,176,182,0
19.8,917,75,117,155,145,0,75,117,155,145,0
19.85,982,75,104,135,123,0,75,104,135,123,0
19.9,972,52,80,101,96,0,52,80,101,96,0
19.95,1008,49,70,94,87,0,49,70,94,87,0
20.0,941,50,70,103,92,0,50,70,103,92,0
20.05,974,34,51,79,71,0,34,51,79,71,0
20.1,950,19,38,61,45,0,19,38,61,45,0
20.15,1032,24,33,51,41,0,24,33,51,41,0
20.2,887,25,29,45,37,0,25,29,45,37,0
20.25,985,11,14,20,18,0,11,14,20,18,0
20.3,935,10,18,23,25,0,10,18,23,25,0
20.35,982,9,16,34,21,0,9,16,34,21,0
20.4,993,2,9,17,14,0,2,9,17,14,0
20.45,991,1,2,8,4,0,1,2,8,4,0
20.5,999,3,8,10,11,0,3,8,10,11,0
20.55,961,0,2,7,3,0,0,2,7,3,0
20.6,982,1,3,9,5,0,1,3,9,5,0
20.65,956,3,3,4,3,0,3,3,4,3,0
20.7,986,2,2,4,2,0,2,2,4,2,0
20.75,963,2,3,5,4,0,2,3,5,4,0
20.8,965,0,1,2,1,0,0,1,2,1,0
20.85,932,1,2,3,2,0,1,2,3,2,0
20.9,943,0,0,1,0,0,0,0,1,0,0
20.95,976,1,1,1,1,0,1,1,1,1,0
21.0,1016,0,0,0,0,0,0,0,0,0,0
21.05,962,0,0,0,0,0,0,0,0,0,0
21.1,980,0,0,0,0,0,0,0,0,0,0
21.15,956,0,0,0,0,0,0,0,0,0,0
21.2,980,0,0,0,0,0,0,0,0,0,0
21.25,968,0,0,0,0,0,0,0,0,0,0
21.3,986,1,1,1,1,0,1,1,1,1,0
21.35,1004,0,0,0,0,0,0,0,0,0,0
21.4,938,0,0,0,0,0,0,0,0,0,0
21.45,947,0,0,0,0,0,0,0,0,0,0
21.5,944,0,0,0,0,0,0,0,0,0,0
21.55,933,0,0,0,0,0,0,0,0,0,0
21.6,1017,0,0,0,0,0,0,0,0,0,0
21.65,964,0,0,0,0,0,0,0,0,0,0
21.7,967,0,0,0,0,0,0,0,0,0,0
21.75,1019,0,0,0,0,0,0,0,0,0,0
21.8,898,0,0,0,0,0,0,0,0,0,0
21.85,957,0,0,0,0,0,0,0,0,0,0
21.9,994,0,0,0,0,0,0,0,0,0,0
21.95,999,0,0,0,0,0,0,0,0,0,0
22.0,978,0,0,0,0,0,0,0,0,0,0
22.05,957,0,0,0,0,0,0,0,0,0,0
22.1,977,0,0,0,0,0,0,0,0,0,0
22.15,941,0,0,0,0,0,0,0,0,0,0
22.2,963,0,0,0,0,0,0,0,0,0,0
22.25,967,0,0,0,0,0,0,0,0,0,0
22.3,988,0,0,0,0,0,0,0,0,0,0
22.35,942,0,0,0,0,0,0,0,0,0,0
22.4,966,0,0,0,0,0,0,0,0,0,0
22.45,1006,0,0,0,0,0,0,0,0,0,0
22.5,958,0,0,0,0,0,0,0,0,0,0
22.55,995,0,0,0,0,0,0,0,0,0,0
22.6,988,0,0,0,0,0,0,0,0,0,0
22.65,971,0,0,0,0,0,0,0,0,0,0
22.7,964,0,0,0,0,0,0,0,0,0,0
22.75,936,0,0,0,0,0,0,0,0,0,0
22.8,966,0,0,0,0,0,0,0,0,0,0
22.85,924,0,0,0,0,0,0,0,0,0,0
22.9,981,0,0,0,0,0,0,0,0,0,0
22.95,950,0,0,0,0,0,0,0,0,0,0
23.0,992,0,0,0,0,0,0,0,0,0,0
23.05,1000,0,0,0,0,0,0,0,0,0,0
23.1,988,0,0,0,0,0,0,0,0,0,0
23.15,985,0,0,0,0,0,0,0,0,0,0
23.2,952,0,0,0,0,0,0,0,0,0,0
23.25,938,0,0,0,0,0,0,0,0,0,0
23.3,905,0,0,0,0,0,0,0,0,0,0
23.35,1002,0,0,0,0,0,0,0,0,0,0
23.4,988,0,0,0,0,0,0,0,0,0,0
23.45,1006,0,0,0,0,0,0,0,0,0,0
23.5,932,0,0,0,0,0,0,0,0,0,0
23.55,1008,0,0,0,0,0,0,0,0,0,0
23.6,1007,0,0,0,0,0,0,0,0,0,0
23.65,938,0,0,0,0,0,0,0,0,0,0
23.7,998,0,0,0,0,0,0,0,0,0,0
23.75,955,0,0,0,0,0,0,0,0,0,0
23.8,949,0,0,0,0,0,0,0,0,0,0
23.85,959,0,0,0,0,0,0,0,0,0,0
23.9,953,0,0,0,0,0,0,0,0,0,0
23.95,980,0,0,0,0,0,0,0,0,0,0
24.0,975,0,0,0,0,0,0,0,0,0,0
24.05,972,0,0,0,0,0,0,0,0,0,0
24.1,984,0,0,0,0,0,0,0,0,0,0
24.15,959,0,0,0,0,0,0,0,0,0,0
24.200000000000003,980,0,0,0,0,0,0,0,0,0,0
24.25,962,0,0,0,0,0,0,0,0,0,0
24.3,982,0,0,0,0,0,0,0,0,0,0
24.35,936,0,0,0,0,0,0,0,0,0,0
24.4,1039,0,0,0,0,0,0,0,0,0,0
24.450000000000003,957,0,0,0,0,0,0,0,0,0,0
24.5,1018,0,0,0,0,0,0,0,0,0,0
24.55,918,0,0,0,0,0,0,0,0,0,0
24.6,948,0,0,0,0,0,0,0,0,0,0
24.65,943,0,0,0,0,0,0,0,0,0,0
24.700000000000003,949,0,0,0,0,0,0,0,0,0,0
24.75,984,0,0,0,0,0,0,0,0,0,0
24.8,977,0,0,0,0,0,0,0,0,0,0
24.85,958,0,0,0,0,0,0,0,0,0,0
24.9,953,0,0,0,0,0,0,0,0,0,0
24.950000000000003,1005,0,0,0,0,0,0,0,0,0,0
25.0,994,0,0,0,0,0,0,0,0,0,0
25.05,978,0,0,0,0,0,0,0,0,0,0
25.1,977,0,0,0,0,0,0,0,0,0,0
25.15,939,0,0,0,0,0,0,0,0,0,0
25.200000000000003,947,0,0,0,0,0,0,0,0,0,0
25.25,984,0,0,0,0,0,0,0,0,0,0
25.3,998,0,0,0,0,0,0,0,0,0,0
25.35,1005,0,0,0,0,0,0,0,0,0,0
25.4,1014,0,0,0,0,0,0,0,0,0,0
25.450000000000003,932,0,0,0,0,0,0,0,0,0,0
25.5,914,0,0,0,0,0,0,0,0,0,0
25.55,913,0,0,0,0,0,0,0,0,0,0
25.6,1023,0,0,0,0,0,0,0,0,0,0
25.65,991,0,0,0,0,0,0,0,0,0,0
25.700000000000003,965,0,0,0,0,0,0,0,0,0,0
25.75,972,0,0,0,0,0,0,0,0,0,0
25.8,931,0,0,0,0,0,0,0,0,0,0
25.85,926,0,0,0,0,0,0,0,0,0,0
25.9,969,0,0,0,0,0,0,0,0,0,0
25.950000000000003,991,0,0,0,0,0,0,0,0,0,0
26.0,1010,0,0,0,0,0,0,0,0,0,0
26.05,981,0,0,0,0,0,0,0,0,0,0
26.1,998,0,0,0,0,0,0,0,0,0,0
26.15,934,0,0,0,0,0,0,0,0,0,0
26.200000000000003,967,0,0,0,0,0,0,0,0,0,0
26.25,944,0,0,0,0,0,0,0,0,0,0
26.3,933,0,0,0,0,0,0,0,0,0,0
26.35,976,0,0,0,0,0,0,0,0,0,0
26.4,996,0,0,0,0,0,0,0,0,0,0
26.450000000000003,990,0,0,0,0,0,0,0,0,0,0
26.5,991,0,0,0,0,0,0,0,0,0,0
26.55,984,0,0,0,0,0,0,0,0,0,0
26.6,942,0,0,0,0,0,0,0,0,0,0
26.65,962,0,0,0,0,0,0,0,0,0,0
26.700000000000003,988,0,0,0,0,0,0,0,0,0,0
26.75,984,0,0,0,0,0,0,0,0,0,0
26.8,933,0,0,0,0,0,0,0,0,0,0
26.85,988,0,0,0,0,0,0,0,0,0,0
26.9,940,0,0,0,0,0,0,0,0,0,0
26.950000000000003,938,0,0,0,0,0,0,0,0,0,0
27.0,1048,0,0,0,0,0,0,0,0,0,0
27.05,968,0,0,0,0,0,0,0,0,0,0
27.1,937,0,0,0,0,0,0,0,0,0,0
27.15,1006,0,0,0,0,0,0,0,0,0,0
27.200000000000003,941,0,0,0,0,0,0,0,0,0,0
27.25,985,0,0,0,0,0,0,0,0,0,0
27.3,901,0,0,0,0,0,0,0,0,0,0
27.35,973,0,0,0,0,0,0,0,0,0,0
27.4,1006,0,0,0,0,0,0,0,0,0,0
27.450000000000003,1003,0,0,0,0,0,0,0,0,0,0
27.5,992,0,0,0,0,0,0,0,0,0,0
27.55,990,0,0,0,0,0,0,0,0,0,0
27.6,988,0,0,0,0,0,0,0,0,0,0
27.65,974,0,0,0,0,0,0,0,0,0,0
27.700000000000003,926,0,0,0,0,0,0,0,0,0,0
27.75,912,0,0,0,0,0,0,0,0,0,0
27.8,979,0,0,0,0,0,0,0,0,0,0
27.85,1027,0,0,0,0,0,0,0,0,0,0
27.9,954,0,0,0,0,0,0,0,0,0,0
27.950000000000003,957,0,0,0,0,0,0,0,0,0,0
28.0,963,0,0,0,0,0,0,0,0,0,0
28.05,972,0,0,0,0,0,0,0,0,0,0
28.1,951,0,0,0,0,0,0,0,0,0,0
28.15,1034,0,0,0,0,0,0,0,0,0,0
28.200000000000003,953,0,0,0,0,0,0,0,0,0,0
28.25,964,0,0,0,0,0,0,0,0,0,0
28.3,972,0,0,0,0,0,0,0,0,0,0
28.35,955,0,0,0,0,0,0,0,0,0,0
28.4,971,0,0,0,0,0,0,0,0,0,0
28.450000000000003,967,0,0,0,0,0,0,0,0,0,0
28.5,988,0,0,0,0,0,0,0,0,0,0
28.55,979,0,0,0,0,0,0,0,0,0,0
28.6,953,0,0,0,0,0,0,0,0,0,0
28.65,980,0,0,0,0,0,0,0,0,0,0
28.700000000000003,937,0,0,0,0,0,0,0,0,0,0
28.75,990,0,0,0,0,0,0,0,0,0,0
28.8,954,0,0,0,0,0,0,0,0,0,0
28.85,986,0,0,0,0,0,0,0,0,0,0
28.9,952,0,0,0,0,0,0,0,0,0,0
28.950000000000003,977,0,0,0,0,0,0,0,0,0,0
29.0,1020,0,0,0,0,0,0,0,0,0,0
29.05,970,0,0,0,0,0,0,0,0,0,0
29.1,963,0,0,0,0,0,0,0,0,0,0
29.15,953,0,0,0,0,0,0,0,0,0,0
29.200000000000003,959,0,0,0,0,0,0,0,0,0,0
29.25,955,0,0,0,0,0,0,0,0,0,0
29.3,935,0,0,0,0,0,0,0,0,0,0
29.35,997,0,0,0,0,0,0,0,0,0,0
29.4,955,0,0,0,0,0,0,0,0,0,0
29.450000000000003,964,0,0,0,0,0,0,0,0,0,0
29.5,1001,0,0,0,0,0,0,0,0,0,0
29.55,935,0,0,0,0,0,0,0,0,0,0
29.6,1042,0,0,0,0,0,0,0,0,0,0
29.65,1011,0,0,0,0,0,0,0,0,0,0
29.700000000000003,895,0,0,0,0,0,0,0,0,0,0
29.75,1023,0,0,0,0,0,0,0,0,0,0
29.8,934,0,0,0,0,0,0,0,0,0,0
29.85,1013,0,0,0,0,0,0,0,0,0,0
29.9,948,0,0,0,0,0,0,0,0,0,0
29.950000000000003,957,0,0,0,0,0,0,0,0,0,0
30.0,1010,0,0,0,0,0,0,0,0,0,0
30.05,934,0,0,0,0,0,0,0,0,0,0
30.1,1009,0,0,0,0,0,0,0,0,0,0
30.15,992,0,0,0,0,0,0,0,0,0,0
30.200000000000003,954,0,0,0,0,0,0,0,0,0,0
30.25,934,0,0,0,0,0,0,0,0,0,0
30.3,971,0,0,0,0,0,0,0,0,0,0
30.35,948,0,0,0,0,0,0,0,0,0,0
30.4,971,0,0,0,0,0,0,0,0,0,0
30.450000000000003,1001,0,0,0,0,0,0,0,0,0,0
30.5,992,0,0,0,0,0,0,0,0,0,0
30.55,1019,0,0,0,0,0,0,0,0,0,0
30.6,916,0,0,0,0,0,0,0,0,0,0
30.65,943,0,0,0,0,0,0,0,0,0,0
30.700000000000003,1047,0,0,0,0,0,0,0,0,0,0
30.75,900,0,0,0,0,0,0,0,0,0,0
30.8,965,0,0,0,0,0,0,0,0,0,0
30.85,985,0,0,0,0,0,0,0,0,0,0
30.9,911,0,0,0,0,0,0,0,0,0,0
30.950000000000003,975,0,0,0,0,0,0,0,0,0,0
31.0,1022,0,0,0,0,0,0,0,0,0,0
31.05,1013,0,0,0,0,0,0,0,0,0,0
31.1,1018,0,0,0,0,0,0,0,0,0,0
31.15,932,0,0,0,0,0,0,0,0,0,0
31.200000000000003,949,0,0,0,0,0,0,0,0,0,0
31.25,949,0,0,0,0,0,0,0,0,0,0
31.3,941,0,0,0,0,0,0,0,0,0,0
31.35,972,0,0,0,0,0,0,0,0,0,0
31.4,987,0,0,0,0,0,0,0,0,0,0
31.450000000000003,984,0,0,0,0,0,0,0,0,0,0
31.5,979,0,0,0,0,0,0,0,0,0,0
31.55,958,0,0,0,0,0,0,0,0,0,0
31.6,946,0,0,0,0,0,0,0,0,0,0
31.65,995,0,0,0,0,0,0,0,0,0,0
31.700000000000003,931,0,0,0,0,0,0,0,0,0,0
31.75,961,0,0,0,0,0,0,0,0,0,0
31.8,987,0,0,0,0,0,0,0,0,0,0
31.85,986,0,0,0,0,0,0,0,0,0,0
31.9,1012,0,0,0,0,0,0,0,0,0,0
31.950000000000003,915,0,0,0,0,0,0,0,0,0,0
32.0,996,0,0,0,0,0,0,0,0,0,0
32.05,979,0,0,0,0,0,0,0,0,0,0
32.1,941,0,0,0,0,0,0,0,0,0,0
32.150000000000006,1023,0,0,0,0,0,0,0,0,0,0
32.2,939,0,0,0,0,0,0,0,0,0,0
32.25,963,0,0,0,0,0,0,0,0,0,0
32.3,853,0,0,0,0,0,0,0,0,0,0
32.35,814,0,0,0,0,0,0,0,0,0,0
32.400000000000006,646,0,0,0,0,0,0,0,0,0,0
32.45,534,0,0,0,0,0,0,0,0,0,0
32.5,477,0,0,0,0,0,0,0,0,0,0
32.55,299,0,0,0,0,0,0,0,0,0,0
32.6,180,0,0,0,0,0,0,0,0,0,0
32.650000000000006,57,0,0,0,0,0,0,0,0,0,0
*****
16 , 0.05 , 1000 , 0.6 , 1 , 10 , 100 , 0.65 , 1.0 , 0.85 , 1.0 , .055
16.0,1000,223,353,211,353,0,224,389,242,389,0
16.05,980,222,346,201,346,0,229,385,218,385,0
16.1,1033,245,378,212,378,0,270,388,232,388,0
16.15,1009,235,346,200,346,0,280,370,202,370,0
16.2,992,180,333,217,333,0,248,332,195,332,0
16.25,1005,205,345,237,345,0,262,351,212,351,0
16.3,1028,222,360,229,360,0,274,374,212,374,0
16.35,955,233,346,235,346,0,253,367,230,367,0
16.4,1023,217,372,257,372,0,225,396,257,396,0
16.45,1049,181,363,240,363,0,189,400,260,400,0
16.5,958,141,348,225,348,0,147,354,259,354,0
16.55,966,141,353,263,353,0,153,338,310,338,0
16.6,924,149,338,256,338,0,167,352,284,352,0
16.65,958,162,338,229,338,0,206,350,262,350,0
16.7,1032,185,373,258,373,0,237,388,283,388,0
16.75,982,152,350,218,350,0,190,366,224,366,0
16.8,1004,132,342,164,342,0,173,368,181,368,0
16.85,978,113,338,180,338,0,131,367,197,367,0
16.9,1017,68,316,156,316,0,91,360,169,360,0
16.95,1000,65,303,155,303,0,75,337,163,337,0
17.0,1015,59,294,149,294,0,76,337,176,337,0
17.05,997,66,278,173,278,0,78,316,199,316,0
17.1,1038,57,273,150,273,0,76,306,176,306,0
17.15,989,72,241,134,241,0,85,263,157,263,0
17.2,984,41,226,113,226,0,58,247,129,247,0
17.25,1003,48,255,106,255,0,64,268,123,268,0
17.3,979,30,231,95,231,0,46,247,109,247,0
17.35,997,29,210,88,210,0,40,219,96,219,0
17.4,973,17,177,67,177,0,20,208,69,208,0
17.45,963,16,158,60,158,0,24,183,70,183,0
17.5,986,19,156,57,156,0,23,175,68,175,0
17.55,1003,11,100,44,100,0,11,128,52,128,0
17.6,925,8,91,35,91,0,9,93,38,93,0
17.65,1026,10,95,38,95,0,10,105,47,105,0
17.7,983,6,77,27,77,0,7,88,36,88,0
17.75,1032,7,82,33,82,0,7,77,34,77,0
17.8,1007,1,73,26,73,0,2,74,28,74,0
17.85,971,2,40,19,40,0,4,41,19,41,0
17.9,991,2,43,14,43,0,3,48,16,48,0
17.95,1030,1,45,12,45,0,1,46,15,46,0
18.0,1015,2,31,8,31,0,1,25,9,25,0
18.05,1012,3,30,12,30,0,3,30,12,30,0
18.1,976,2,18,4,18,0,2,16,5,16,0
18.15,1016,0,16,2,16,0,0,14,3,14,0
18.2,973,0,14,5,14,0,1,13,4,13,0
18.25,952,0,8,2,8,0,0,8,2,8,0
18.3,1016,1,13,5,13,0,0,11,3,11,0
18.35,936,1,8,5,8,0,1,6,3,6,0
18.4,986,1,4,2,4,0,1,3,2,3,0
18.45,969,0,7,3,7,0,0,5,3,5,0
18.5,967,0,2,1,2,0,0,2,1,2,0
18.55,1027,0,5,4,5,0,0,3,3,3,0
18.6,1031,0,1,1,1,0,0,0,1,0,0
18.65,983,0,0,1,0,0,0,0,1,0,0
18.7,1004,0,0,0,0,0,0,0,0,0,0
18.75,974,0,1,0,1,0,0,1,0,1,0
18.8,974,0,0,0,0,0,0,0,0,0,0
18.85,1050,0,1,0,1,0,0,1,0,1,0
18.9,1023,0,1,0,1,0,0,1,0,1,0
18.95,1007,0,0,0,0,0,0,0,0,0,0
19.0,1018,0,0,0,0,0,0,0,0,0,0
19.05,989,0,0,0,0,0,0,0,0,0,0
19.1,955,0,0,0,0,0,0,0,0,0,0
19.15,948,0,0,0,0,0,0,0,0,0,0
19.2,999,0,0,0,0,0,0,0,0,0,0
19.25,1006,0,0,0,0,0,0,0,0,0,0
19.3,962,0,0,0,0,0,0,0,0,0,0
19.35,999,0,0,0,0,0,0,0,0,0,0
19.4,1044,0,0,0,0,0,0,0,0,0,0
19.45,932,0,0,0,0,0,0,0,0,0,0
19.5,1021,0,0,0,0,0,0,0,0,0,0
19.55,1018,0,0,0,0,0,0,0,0,0,0
19.6,1004,0,0,0,0,0,0,0,0,0,0
19.65,1015,0,0,0,0,0,0,0,0,0,0
19.7,996,0,0,0,0,0,0,0,0,0,0
19.75,971,0,0,0,0,0,0,0,0,0,0
19.8,987,0,0,0,0,0,0,0,0,0,0
19.85,984,0,0,0,0,0,0,0,0,0,0
19.9,975,0,0,0,0,0,0,0,0,0,0
19.95,1011,0,0,0,0,0,0,0,0,0,0
20.0,975,0,0,0,0,0,0,0,0,0,0
20.05,980,0,0,0,0,0,0,0,0,0,0
20.1,944,0,0,0,0,0,0,0,0,0,0
20.15,929,0,0,0,0,0,0,0,0,0,0
20.2,1025,0,0,0,0,0,0,0,0,0,0
20.25,1032,0,0,0,0,0,0,0,0,0,0
20.3,1048,0,0,0,0,0,0,0,0,0,0
20.35,1014,0,0,0,0,0,0,0,0,0,0
20.4,1041,0,0,0,0,0,0,0,0,0,0
20.45,959,0,0,0,0,0,0,0,0,0,0
20.5,976,0,0,0,0,0,0,0,0,0,0
20.55,945,0,0,0,0,0,0,0,0,0,0
20.6,1007,0,0,0,0,0,0,0,0,0,0
20.65,1058,0,0,0,0,0,0,0,0,0,0
20.7,978,0,0,0,0,0,0,0,0,0,0
20.75,998,0,0,0,0,0,0,0,0,0,0
20.8,938,0,0,0,0,0,0,0,0,0,0
20.85,1022,0,0,0,0,0,0,0,0,0,0
20.9,977,0,0,0,0,0,0,0,0,0,0
20.95,992,0,0,0,0,0,0,0,0,0,0
21.0,1012,0,0,0,0,0,0,0,0,0,0
21.05,983,0,0,0,0,0,0,0,0,0,0
21.1,961,0,0,0,0,0,0,0,0,0,0
21.15,1007,0,0,0,0,0,0,0,0,0,0
21.2,993,0,0,0,0,0,0,0,0,0,0
21.25,986,0,0,0,0,0,0,0,0,0,0
21.3,1066,0,0,0,0,0,0,0,0,0,0
21.35,1003,0,0,0,0,0,0,0,0,0,0
21.4,959,0,0,0,0,0,0,0,0,0,0
21.45,1013,0,0,0,0,0,0,0,0,0,0
21.5,927,0,0,0,0,0,0,0,0,0,0
21.55,985,0,0,0,0,0,0,0,0,0,0
21.6,1018,0,0,0,0,0,0,0,0,0,0
21.65,979,0,0,0,0,0,0,0,0,0,0
21.7,986,0,0,0,0,0,0,0,0,0,0
21.75,998,0,0,0,0,0,0,0,0,0,0
21.8,986,0,0,0,0,0,0,0,0,0,0
21.85,1015,0,0,0,0,0,0,0,0,0,0
21.9,1025,0,0,0,0,0,0,0,0,0,0
21.95,1014,0,0,0,0,0,0,0,0,0,0
22.0,936,0,0,0,0,0,0,0,0,0,0
22.05,1047,0,0,0,0,0,0,0,0,0,0
22.1,992,0,0,0,0,0,0,0,0,0,0
22.15,968,0,0,0,0,0,0,0,0,0,0
22.2,1002,0,0,0,0,0,0,0,0,0,0
22.25,1000,0,0,0,0,0,0,0,0,0,0
22.3,975,0,0,0,0,0,0,0,0,0,0
22.35,974,0,0,0,0,0,0,0,0,0,0
22.4,954,0,0,0,0,0,0,0,0,0,0
22.45,931,0,0,0,0,0,0,0,0,0,0
22.5,1054,0,0,0,0,0,0,0,0,0,0
22.55,1016,0,0,0,0,0,0,0,0,0,0
22.6,1007,0,0,0,0,0,0,0,0,0,0
22.65,996,0,0,0,0,0,0,0,0,0,0
22.7,972,0,0,0,0,0,0,0,0,0,0
22.75,1009,0,0,0,0,0,0,0,0,0,0
22.8,1009,0,0,0,0,0,0,0,0,0,0
22.85,1038,0,0,0,0,0,0,0,0,0,0
22.9,998,0,0,0,0,0,0,0,0,0,0
22.95,967,0,0,0,0,0,0,0,0,0,0
23.0,1000,0,0,0,0,0,0,0,0,0,0
23.05,982,0,0,0,0,0,0,0,0,0,0
23.1,972,0,0,0,0,0,0,0,0,0,0
23.15,977,0,0,0,0,0,0,0,0,0,0
23.2,1012,0,0,0,0,0,0,0,0,0,0
23.25,894,0,0,0,0,0,0,0,0,0,0
23.3,967,0,0,0,0,0,0,0,0,0,0
23.35,994,0,0,0,0,0,0,0,0,0,0
23.4,1067,0,0,0,0,0,0,0,0,0,0
23.45,1048,0,0,0,0,0,0,0,0,0,0
23.5,1011,0,0,0,0,0,0,0,0,0,0
23.55,1019,0,0,0,0,0,0,0,0,0,0
23.6,976,0,0,0,0,0,0,0,0,0,0
23.65,951,0,0,0,0,0,0,0,0,0,0
23.7,999,0,0,0,0,0,0,0,0,0,0
23.75,1015,0,0,0,0,0,0,0,0,0,0
23.8,966,0,0,0,0,0,0,0,0,0,0
23.85,1002,0,0,0,0,0,0,0,0,0,0
23.9,994,0,0,0,0,0,0,0,0,0,0
23.95,972,0,0,0,0,0,0,0,0,0,0
24.0,950,0,0,0,0,0,0,0,0,0,0
24.05,988,0,0,0,0,0,0,0,0,0,0
24.1,988,0,0,0,0,0,0,0,0,0,0
24.15,1033,0,0,0,0,0,0,0,0,0,0
24.200000000000003,1014,0,0,0,0,0,0,0,0,0,0
24.25,950,0,0,0,0,0,0,0,0,0,0
24.3,1052,0,0,0,0,0,0,0,0,0,0
24.35,1045,0,0,0,0,0,0,0,0,0,0
24.4,961,0,0,0,0,0,0,0,0,0,0
24.450000000000003,992,0,0,0,0,0,0,0,0,0,0
24.5,1002,0,0,0,0,0,0,0,0,0,0
24.55,956,0,0,0,0,0,0,0,0,0,0
24.6,971,0,0,0,0,0,0,0,0,0,0
24.65,995,0,0,0,0,0,0,0,0,0,0
24.700000000000003,1008,0,0,0,0,0,0,0,0,0,0
24.75,1035,0,0,0,0,0,0,0,0,0,0
24.8,919,0,0,0,0,0,0,0,0,0,0
24.85,983,0,0,0,0,0,0,0,0,0,0
24.9,985,0,0,0,0,0,0,0,0,0,0
24.950000000000003,963,0,0,0,0,0,0,0,0,0,0
25.0,987,0,0,0,0,0,0,0,0,0,0
25.05,1080,0,0,0,0,0,0,0,0,0,0
25.1,958,0,0,0,0,0,0,0,0,0,0
25.15,1008,0,0,0,0,0,0,0,0,0,0
25.200000000000003,1017,0,0,0,0,0,0,0,0,0,0
25.25,1000,0,0,0,0,0,0,0,0,0,0
25.3,980,0,0,0,0,0,0,0,0,0,0
25.35,967,0,0,0,0,0,0,0,0,0,0
25.4,942,0,0,0,0,0,0,0,0,0,0
25.450000000000003,1023,0,0,0,0,0,0,0,0,0,0
25.5,1038,0,0,0,0,0,0,0,0,0,0
25.55,1016,0,0,0,0,0,0,0,0,0,0
25.6,960,0,0,0,0,0,0,0,0,0,0
25.65,982,0,0,0,0,0,0,0,0,0,0
25.700000000000003,975,0,0,0,0,0,0,0,0,0,0
25.75,981,0,0,0,0,0,0,0,0,0,0
25.8,1011,0,0,0,0,0,0,0,0,0,0
25.85,955,0,0,0,0,0,0,0,0,0,0
25.9,980,0,0,0,0,0,0,0,0,0,0
25.950000000000003,1010,0,0,0,0,0,0,0,0,0,0
26.0,1018,0,0,0,0,0,0,0,0,0,0
26.05,1049,0,0,0,0,0,0,0,0,0,0
26.1,1039,0,0,0,0,0,0,0,0,0,0
26.15,962,0,0,0,0,0,0,0,0,0,0
26.200000000000003,988,0,0,0,0,0,0,0,0,0,0
26.25,993,0,0,0,0,0,0,0,0,0,0
26.3,993,0,0,0,0,0,0,0,0,0,0
26.35,967,0,0,0,0,0,0,0,0,0,0
26.4,955,0,0,0,0,0,0,0,0,0,0
26.450000000000003,1057,0,0,0,0,0,0,0,0,0,0
26.5,976,0,0,0,0,0,0,0,0,0,0
26.55,952,0,0,0,0,0,0,0,0,0,0
26.6,987,0,0,0,0,0,0,0,0,0,0
26.65,951,0,0,0,0,0,0,0,0,0,0
26.700000000000003,1010,0,0,0,0,0,0,0,0,0,0
26.75,1027,0,0,0,0,0,0,0,0,0,0
26.8,1002,0,0,0,0,0,0,0,0,0,0
26.85,1002,0,0,0,0,0,0,0,0,0,0
26.9,1019,0,0,0,0,0,0,0,0,0,0
26.950000000000003,998,0,0,0,0,0,0,0,0,0,0
27.0,977,0,0,0,0,0,0,0,0,0,0
27.05,1013,0,0,0,0,0,0,0,0,0,0
27.1,1002,0,0,0,0,0,0,0,0,0,0
27.15,957,0,0,0,0,0,0,0,0,0,0
27.200000000000003,1006,0,0,0,0,0,0,0,0,0,0
27.25,885,0,0,0,0,0,0,0,0,0,0
27.3,985,0,0,0,0,0,0,0,0,0,0
27.35,1003,0,0,0,0,0,0,0,0,0,0
27.4,1039,0,0,0,0,0,0,0,0,0,0
27.450000000000003,1017,0,0,0,0,0,0,0,0,0,0
27.5,983,0,0,0,0,0,0,0,0,0,0
27.55,1003,0,0,0,0,0,0,0,0,0,0
27.6,1003,0,0,0,0,0,0,0,0,0,0
27.65,1007,0,0,0,0,0,0,0,0,0,0
27.700000000000003,999,0,0,0,0,0,0,0,0,0,0
27.75,1000,0,0,0,0,0,0,0,0,0,0
27.8,1018,0,0,0,0,0,0,0,0,0,0
27.85,950,0,0,0,0,0,0,0,0,0,0
27.9,974,0,0,0,0,0,0,0,0,0,0
27.950000000000003,981,0,0,0,0,0,0,0,0,0,0
28.0,970,0,0,0,0,0,0,0,0,0,0
28.05,1007,0,0,0,0,0,0,0,0,0,0
28.1,955,0,0,0,0,0,0,0,0,0,0
28.15,1060,0,0,0,0,0,0,0,0,0,0
28.200000000000003,982,0,0,0,0,0,0,0,0,0,0
28.25,952,0,0,0,0,0,0,0,0,0,0
28.3,991,0,0,0,0,0,0,0,0,0,0
28.35,1056,0,0,0,0,0,0,0,0,0,0
28.4,1051,0,0,0,0,0,0,0,0,0,0
28.450000000000003,1005,0,0,0,0,0,0,0,0,0,0
28.5,958,0,0,0,0,0,0,0,0,0,0
28.55,1026,0,0,0,0,0,0,0,0,0,0
28.6,981,0,0,0,0,0,0,0,0,0,0
28.65,955,0,0,0,0,0,0,0,0,0,0
28.700000000000003,1008,0,0,0,0,0,0,0,0,0,0
28.75,977,0,0,0,0,0,0,0,0,0,0
28.8,1022,0,0,0,0,0,0,0,0,0,0
28.85,978,0,0,0,0,0,0,0,0,0,0
28.9,987,0,0,0,0,0,0,0,0,0,0
28.950000000000003,1009,0,0,0,0,0,0,0,0,0,0
29.0,977,0,0,0,0,0,0,0,0,0,0
29.05,1023,0,0,0,0,0,0,0,0,0,0
29.1,967,0,0,0,0,0,0,0,0,0,0
29.15,1004,0,0,0,0,0,0,0,0,0,0
29.200000000000003,983,0,0,0,0,0,0,0,0,0,0
29.25,1016,0,0,0,0,0,0,0,0,0,0
29.3,990,0,0,0,0,0,0,0,0,0,0
29.35,1024,0,0,0,0,0,0,0,0,0,0
29.4,964,0,0,0,0,0,0,0,0,0,0
29.450000000000003,957,0,0,0,0,0,0,0,0,0,0
29.5,995,0,0,0,0,0,0,0,0,0,0
29.55,968,0,0,0,0,0,0,0,0,0,0
29.6,1001,0,0,0,0,0,0,0,0,0,0
29.65,1034,0,0,0,0,0,0,0,0,0,0
29.700000000000003,982,0,0,0,0,0,0,0,0,0,0
29.75,1026,0,0,0,0,0,0,0,0,0,0
29.8,961,0,0,0,0,0,0,0,0,0,0
29.85,961,0,0,0,0,0,0,0,0,0,0
29.9,996,0,0,0,0,0,0,0,0,0,0
29.950000000000003,1025,0,0,0,0,0,0,0,0,0,0
30.0,1027,0,0,0,0,0,0,0,0,0,0
30.05,991,0,0,0,0,0,0,0,0,0,0
30.1,944,0,0,0,0,0,0,0,0,0,0
30.15,979,0,0,0,0,0,0,0,0,0,0
30.200000000000003,1009,0,0,0,0,0,0,0,0,0,0
30.25,1078,0,0,0,0,0,0,0,0,0,0
30.3,989,0,0,0,0,0,0,0,0,0,0
30.35,940,0,0,0,0,0,0,0,0,0,0
30.4,993,0,0,0,0,0,0,0,0,0,0
30.450000000000003,1011,0,0,0,0,0,0,0,0,0,0
30.5,975,0,0,0,0,0,0,0,0,0,0
30.55,978,0,0,0,0,0,0,0,0,0,0
30.6,997,0,0,0,0,0,0,0,0,0,0
30.65,987,0,0,0,0,0,0,0,0,0,0
30.700000000000003,986,0,0,0,0,0,0,0,0,0,0
30.75,986,0,0,0,0,0,0,0,0,0,0
30.8,953,0,0,0,0,0,0,0,0,0,0
30.85,1057,0,0,0,0,0,0,0,0,0,0
30.9,988,0,0,0,0,0,0,0,0,0,0
30.950000000000003,1004,0,0,0,0,0,0,0,0,0,0
31.0,1018,0,0,0,0,0,0,0,0,0,0
31.05,1014,0,0,0,0,0,0,0,0,0,0
31.1,1005,0,0,0,0,0,0,0,0,0,0
31.15,977,0,0,0,0,0,0,0,0,0,0
31.200000000000003,980,0,0,0,0,0,0,0,0,0,0
31.25,1025,0,0,0,0,0,0,0,0,0,0
31.3,963,0,0,0,0,0,0,0,0,0,0
31.35,969,0,0,0,0,0,0,0,0,0,0
31.4,1014,0,0,0,0,0,0,0,0,0,0
31.450000000000003,920,0,0,0,0,0,0,0,0,0,0
31.5,965,0,0,0,0,0,0,0,0,0,0
31.55,1018,0,0,0,0,0,0,0,0,0,0
31.6,998,0,0,0,0,0,0,0,0,0,0
31.65,1008,0,0,0,0,0,0,0,0,0,0
31.700000000000003,1003,0,0,0,0,0,0,0,0,0,0
31.75,1033,0,0,0,0,0,0,0,0,0,0
31.8,991,0,0,0,0,0,0,0,0,0,0
31.85,1003,0,0,0,0,0,0,0,0,0,0
31.9,1030,0,0,0,0,0,0,0,0,0,0
31.950000000000003,955,0,0,0,0,0,0,0,0,0,0
32.0,985,0,0,0,0,0,0,0,0,0,0
32.05,1000,0,0,0,0,0,0,0,0,0,0
32.1,982,0,0,0,0,0,0,0,0,0,0
32.150000000000006,995,0,0,0,0,0,0,0,0,0,0
32.2,989,0,0,0,0,0,0,0,0,0,0
32.25,944,0,0,0,0,0,0,0,0,0,0
32.3,984,0,0,0,0,0,0,0,0,0,0
32.35,1009,0,0,0,0,0,0,0,0,0,0
32.400000000000006,985,0,0,0,0,0,0,0,0,0,0
32.45,976,0,0,0,0,0,0,0,0,0,0
32.5,979,0,0,0,0,0,0,0,0,0,0
32.55,1048,0,0,0,0,0,0,0,0,0,0
32.6,918,0,0,0,0,0,0,0,0,0,0
32.650000000000006,865,0,0,0,0,0,0,0,0,0,0
32.7,658,0,0,0,0,0,0,0,0,0,0
32.75,592,0,0,0,0,0,0,0,0,0,0
32.8,441,0,0,0,0,0,0,0,0,0,0
32.85,291,0,0,0,0,0,0,0,0,0,0
32.900000000000006,187,0,0,0,0,0,0,0,0,0,0
32.95,60,0,0,0,0,0,0,0,0,0,0
