*****
16 , 0.05 , 1000 , 0 , 1 , 10 , 100 , 0.75 , 1.0 , 0.85 , 1.0 , .055
16.0,1000,1000,1000,844,1000,0,1000,1000,798,1000,0
16.05,951,951,951,820,951,0,951,951,767,951,0
16.1,932,932,932,820,932,0,932,932,757,932,0
16.15,975,975,975,853,975,0,975,975,778,975,0
16.2,986,986,986,868,986,0,986,986,796,986,0
16.25,947,947,947,825,947,0,947,947,769,947,0
16.3,987,987,987,875,987,0,987,987,802,987,0
16.35,991,991,991,887,991,0,991,991,826,991,0
16.4,958,958,958,853,958,0,958,958,811,958,0
16.45,982,982,982,862,982,0,982,982,832,982,0
16.5,933,933,933,828,933,0,933,933,801,933,0
16.55,1011,1011,1011,875,1011,0,1011,1011,843,1011,0
16.6,944,944,944,828,944,0,944,944,817,944,0
16.65,968,967,968,842,968,0,967,968,817,968,0
16.7,1028,1028,1028,882,1028,0,1028,1028,855,1028,0
16.75,954,953,954,808,954,0,953,954,792,954,0
16.8,982,978,981,808,981,0,978,981,790,981,0
16.85,957,954,956,767,956,0,954,956,741,956,0
16.9,1010,1009,1010,781,1010,0,1009,1010,753,1010,0
16.95,882,877,880,666,880,0,877,880,647,880,0
17.0,1021,1012,1018,745,1018,0,1012,1018,731,1018,0
17.05,965,958,963,699,963,0,958,963,683,963,0
17.1,913,905,912,633,912,0,905,912,621,912,0
17.15,980,961,974,650,974,0,961,974,639,974,0
17.2,965,945,961,586,961,0,945,961,590,961,0
17.25,933,905,926,550,926,0,905,926,547,926,0
17.3,969,942,964,549,964,0,942,964,545,964,0
17.35,1002,957,987,559,987,0,957,987,550,987,0
17.4,915,858,893,496,893,0,858,893,495,893,0
17.45,976,909,949,492,949,0,909,949,491,949,0
17.5,1004,900,967,479,967,0,900,967,478,967,0
17.55,990,851,930,421,931,0,851,930,418,931,0
17.6,979,846,933,375,933,0,846,933,374,933,0
17.65,1015,846,946,432,946,0,846,946,431,946,0
17.7,967,761,871,364,871,0,761,871,363,871,0
17.75,919,718,810,334,810,0,718,810,333,810,0
17.8,958,708,813,307,813,0,708,813,307,813,0
17.85,953,693,808,289,809,0,693,808,288,809,0
17.9,987,673,821,303,822,0,673,821,303,822,0
17.95,945,612,745,260,745,0,612,745,260,745,0
18.0,986,592,736,278,736,0,592,736,277,736,0
18.05,1001,563,720,235,721,0,563,720,235,721,0
18.1,964,506,647,203,647,0,506,647,203,647,0
18.15,972,490,642,203,643,0,490,642,203,643,0
18.2,970,431,567,182,567,0,431,567,182,567,0
18.25,965,398,553,170,554,0,398,553,170,554,0
18.3,960,348,501,131,502,0,348,501,131,502,0
18.35,986,319,460,140,460,0,319,460,140,460,0
18.4,1004,321,476,161,477,0,321,476,161,477,0
18.45,910,266,387,124,388,0,266,387,124,388,0
18.5,955,244,369,109,370,0,244,369,109,370,0
18.55,952,217,319,116,322,0,217,319,116,322,0
18.6,927,177,272,88,273,0,177,272,88,273,0
18.65,1016,157,268,73,269,0,157,268,73,269,0
18.7,1003,147,226,68,226,0,147,226,68,226,0
18.75,955,105,177,62,178,0,105,177,62,178,0
18.8,919,94,150,55,150,0,94,150,55,150,0
18.85,931,72,135,55,138,0,72,135,55,138,0
18.9,989,76,134,42,134,0,76,134,42,134,0
18.95,995,61,111,33,112,0,61,111,33,112,0
19.0,995,60,102,35,102,0,60,102,35,102,0
19.05,926,35,80,25,81,0,35,80,25,81,0
19.1,966,34,70,25,70,0,34,70,25,70,0
19.15,898,37,57,22,57,0,37,57,22,57,0
19.2,956,20,42,20,42,0,20,42,20,42,0
19.25,979,18,39,16,39,0,18,39,16,39,0
19.3,945,13,31,11,31,0,13,31,11,31,0
19.35,1004,15,32,14,32,0,15,32,14,32,0
19.4,905,10,25,8,25,0,10,25,8,25,0
19.45,944,8,18,14,18,0,8,18,14,18,0
19.5,938,4,16,3,16,0,4,16,3,16,0
19.55,957,1,4,5,4,0,1,4,5,4,0
19.6,996,4,6,3,6,0,4,6,3,6,0
19.65,997,3,8,2,8,0,3,8,2,8,0
19.7,968,0,1,5,1,0,0,1,5,1,0
19.75,968,1,7,4,7,0,1,7,4,7,0
19.8,948,0,3,3,3,0,0,3,3,3,0
19.85,998,1,2,2,2,0,1,2,2,2,0
19.9,996,1,1,4,1,0,1,1,4,1,0
19.95,987,0,0,0,0,0,0,0,0,0,0
20.0,949,0,0,1,0,0,0,0,1,0,0
20.05,921,0,0,0,0,0,0,0,0,0,0
20.1,992,1,1,0,1,0,1,1,0,1,0
20.15,950,0,0,0,0,0,0,0,0,0,0
20.2,932,0,0,0,0,0,0,0,0,0,0
20.25,1031,0,2,0,2,0,0,2,0,2,0
20.3,991,0,0,0,0,0,0,0,0,0,0
20.35,939,0,0,0,0,0,0,0,0,0,0
20.4,988,0,0,1,0,0,0,0,1,0,0
20.45,988,0,0,0,0,0,0,0,0,0,0
20.5,960,0,0,0,0,0,0,0,0,0,0
20.55,1017,0,0,0,0,0,0,0,0,0,0
20.6,965,0,0,0,0,0,0,0,0,0,0
20.65,918,0,0,0,0,0,0,0,0,0,0
20.7,1004,0,0,0,0,0,0,0,0,0,0
20.75,936,0,0,0,0,0,0,0,0,0,0
20.8,1030,0,0,0,0,0,0,0,0,0,0
20.85,926,0,0,0,0,0,0,0,0,0,0
20.9,895,0,0,0,0,0,0,0,0,0,0
20.95,936,0,0,0,0,0,0,0,0,0,0
21.0,1047,0,0,0,0,0,0,0,0,0,0
21.05,931,0,0,0,0,0,0,0,0,0,0
21.1,955,0,0,0,0,0,0,0,0,0,0
21.15,947,0,0,0,0,0,0,0,0,0,0
21.2,991,0,0,0,0,0,0,0,0,0,0
21.25,1003,0,0,0,0,0,0,0,0,0,0
21.3,970,0,0,0,0,0,0,0,0,0,0
21.35,1005,0,0,0,0,0,0,0,0,0,0
21.4,934,0,0,0,0,0,0,0,0,0,0
21.45,977,0,0,0,0,0,0,0,0,0,0
21.5,948,0,0,0,0,0,0,0,0,0,0
21.55,976,0,0,0,0,0,0,0,0,0,0
21.6,912,0,0,0,0,0,0,0,0,0,0
21.65,955,0,0,0,0,0,0,0,0,0,0
21.7,975,0,0,0,0,0,0,0,0,0,0
21.75,965,0,0,0,0,0,0,0,0,0,0
21.8,995,0,0,0,0,0,0,0,0,0,0
21.85,998,0,0,0,0,0,0,0,0,0,0
21.9,1002,0,0,0,0,0,0,0,0,0,0
21.95,953,0,0,0,0,0,0,0,0,0,0
22.0,998,0,0,0,0,0,0,0,0,0,0
22.05,970,0,0,0,0,0,0,0,0,0,0
22.1,973,0,0,0,0,0,0,0,0,0,0
22.15,939,0,0,0,0,0,0,0,0,0,0
22.2,1015,0,0,0,0,0,0,0,0,0,0
22.25,986,0,0,0,0,0,0,0,0,0,0
22.3,951,0,0,0,0,0,0,0,0,0,0
22.35,952,0,0,0,0,0,0,0,0,0,0
22.4,974,0,0,0,0,0,0,0,0,0,0
22.45,905,0,0,0,0,0,0,0,0,0,0
22.5,959,0,0,0,0,0,0,0,0,0,0
22.55,934,0,0,0,0,0,0,0,0,0,0
22.6,962,0,0,0,0,0,0,0,0,0,0
22.65,915,0,0,0,0,0,0,0,0,0,0
22.7,964,0,0,0,0,0,0,0,0,0,0
22.75,975,0,0,0,0,0,0,0,0,0,0
22.8,983,0,0,0,0,0,0,0,0,0,0
22.85,1001,0,0,0,0,0,0,0,0,0,0
22.9,984,0,0,0,0,0,0,0,0,0,0
22.95,914,0,0,0,0,0,0,0,0,0,0
23.0,995,0,0,0,0,0,0,0,0,0,0
23.05,1006,0,0,0,0,0,0,0,0,0,0
23.1,922,0,0,0,0,0,0,0,0,0,0
23.15,962,0,0,0,0,0,0,0,0,0,0
23.2,972,0,0,0,0,0,0,0,0,0,0
23.25,960,0,0,0,0,0,0,0,0,0,0
23.3,913,0,0,0,0,0,0,0,0,0,0
23.35,958,0,0,0,0,0,0,0,0,0,0
23.4,996,0,0,0,0,0,0,0,0,0,0
23.45,930,0,0,0,0,0,0,0,0,0,0
23.5,975,0,0,0,0,0,0,0,0,0,0
23.55,971,0,0,0,0,0,0,0,0,0,0
23.6,967,0,0,0,0,0,0,0,0,0,0
23.65,1027,0,0,0,0,0,0,0,0,0,0
23.7,913,0,0,0,0,0,0,0,0,0,0
23.75,973,0,0,0,0,0,0,0,0,0,0
23.8,952,0,0,0,0,0,0,0,0,0,0
23.85,984,0,0,0,0,0,0,0,0,0,0
23.9,944,0,0,0,0,0,0,0,0,0,0
23.95,958,0,0,0,0,0,0,0,0,0,0
24.0,1030,0,0,0,0,0,0,0,0,0,0
24.05,973,0,0,0,0,0,0,0,0,0,0
24.1,980,0,0,0,0,0,0,0,0,0,0
24.15,987,0,0,0,0,0,0,0,0,0,0
24.200000000000003,934,0,0,0,0,0,0,0,0,0,0
24.25,993,0,0,0,0,0,0,0,0,0,0
24.3,947,0,0,0,0,0,0,0,0,0,0
24.35,1007,0,0,0,0,0,0,0,0,0,0
24.4,994,0,0,0,0,0,0,0,0,0,0
24.450000000000003,953,0,0,0,0,0,0,0,0,0,0
24.5,948,0,0,0,0,0,0,0,0,0,0
24.55,936,0,0,0,0,0,0,0,0,0,0
24.6,951,0,0,0,0,0,0,0,0,0,0
24.65,991,0,0,0,0,0,0,0,0,0,0
24.700000000000003,985,0,0,0,0,0,0,0,0,0,0
24.75,939,0,0,0,0,0,0,0,0,0,0
24.8,905,0,0,0,0,0,0,0,0,0,0
24.85,942,0,0,0,0,0,0,0,0,0,0
24.9,1022,0,0,0,0,0,0,0,0,0,0
24.950000000000003,939,0,0,0,0,0,0,0,0,0,0
25.0,1021,0,0,0,0,0,0,0,0,0,0
25.05,959,0,0,0,0,0,0,0,0,0,0
25.1,958,0,0,0,0,0,0,0,0,0,0
25.15,989,0,0,0,0,0,0,0,0,0,0
25.200000000000003,946,0,0,0,0,0,0,0,0,0,0
25.25,969,0,0,0,0,0,0,0,0,0,0
25.3,993,0,0,0,0,0,0,0,0,0,0
25.35,992,0,0,0,0,0,0,0,0,0,0
25.4,906,0,0,0,0,0,0,0,0,0,0
25.450000000000003,945,0,0,0,0,0,0,0,0,0,0
25.5,929,0,0,0,0,0,0,0,0,0,0
25.55,932,0,0,0,0,0,0,0,0,0,0
25.6,1012,0,0,0,0,0,0,0,0,0,0
25.65,928,0,0,0,0,0,0,0,0,0,0
25.700000000000003,1020,0,0,0,0,0,0,0,0,0,0
25.75,988,0,0,0,0,0,0,0,0,0,0
25.8,892,0,0,0,0,0,0,0,0,0,0
25.85,955,0,0,0,0,0,0,0,0,0,0
25.9,986,0,0,0,0,0,0,0,0,0,0
25.950000000000003,1015,0,0,0,0,0,0,0,0,0,0
26.0,918,0,0,0,0,0,0,0,0,0,0
26.05,981,0,0,0,0,0,0,0,0,0,0
26.1,987,0,0,0,0,0,0,0,0,0,0
26.15,965,0,0,0,0,0,0,0,0,0,0
26.200000000000003,999,0,0,0,0,0,0,0,0,0,0
26.25,928,0,0,0,0,0,0,0,0,0,0
26.3,960,0,0,0,0,0,0,0,0,0,0
26.35,922,0,0,0,0,0,0,0,0,0,0
26.4,955,0,0,0,0,0,0,0,0,0,0
26.450000000000003,971,0,0,0,0,0,0,0,0,0,0
26.5,980,0,0,0,0,0,0,0,0,0,0
26.55,927,0,0,0,0,0,0,0,0,0,0
26.6,966,0,0,0,0,0,0,0,0,0,0
26.65,999,0,0,0,0,0,0,0,0,0,0
26.700000000000003,984,0,0,0,0,0,0,0,0,0,0
26.75,985,0,0,0,0,0,0,0,0,0,0
26.8,1017,0,0,0,0,0,0,0,0,0,0
26.85,968,0,0,0,0,0,0,0,0,0,0
26.9,940,0,0,0,0,0,0,0,0,0,0
26.950000000000003,1011,0,0,0,0,0,0,0,0,0,0
27.0,999,0,0,0,0,0,0,0,0,0,0
27.05,996,0,0,0,0,0,0,0,0,0,0
27.1,967,0,0,0,0,0,0,0,0,0,0
27.15,1024,0,0,0,0,0,0,0,0,0,0
27.200000000000003,941,0,0,0,0,0,0,0,0,0,0
27.25,978,0,0,0,0,0,0,0,0,0,0
27.3,885,0,0,0,0,0,0,0,0,0,0
27.35,938,0,0,0,0,0,0,0,0,0,0
27.4,940,0,0,0,0,0,0,0,0,0,0
27.450000000000003,1014,0,0,0,0,0,0,0,0,0,0
27.5,1013,0,0,0,0,0,0,0,0,0,0
27.55,991,0,0,0,0,0,0,0,0,0,0
27.6,913,0,0,0,0,0,0,0,0,0,0
27.65,974,0,0,0,0,0,0,0,0,0,0
27.700000000000003,995,0,0,0,0,0,0,0,0,0,0
27.75,957,0,0,0,0,0,0,0,0,0,0
27.8,1002,0,0,0,0,0,0,0,0,0,0
27.85,947,0,0,0,0,0,0,0,0,0,0
27.9,972,0,0,0,0,0,0,0,0,0,0
27.950000000000003,975,0,0,0,0,0,0,0,0,0,0
28.0,950,0,0,0,0,0,0,0,0,0,0
28.05,956,0,0,0,0,0,0,0,0,0,0
28.1,971,0,0,0,0,0,0,0,0,0,0
28.15,943,0,0,0,0,0,0,0,0,0,0
28.200000000000003,986,0,0,0,0,0,0,0,0,0,0
28.25,1010,0,0,0,0,0,0,0,0,0,0
28.3,930,0,0,0,0,0,0,0,0,0,0
28.35,1013,0,0,0,0,0,0,0,0,0,0
28.4,977,0,0,0,0,0,0,0,0,0,0
28.450000000000003,956,0,0,0,0,0,0,0,0,0,0
28.5,970,0,0,0,0,0,0,0,0,0,0
28.55,943,0,0,0,0,0,0,0,0,0,0
28.6,967,0,0,0,0,0,0,0,0,0,0
28.65,1006,0,0,0,0,0,0,0,0,0,0
28.700000000000003,947,0,0,0,0,0,0,0,0,0,0
28.75,1006,0,0,0,0,0,0,0,0,0,0
28.8,960,0,0,0,0,0,0,0,0,0,0
28.85,937,0,0,0,0,0,0,0,0,0,0
28.9,947,0,0,0,0,0,0,0,0,0,0
28.950000000000003,973,0,0,0,0,0,0,0,0,0,0
29.0,967,0,0,0,0,0,0,0,0,0,0
29.05,990,0,0,0,0,0,0,0,0,0,0
29.1,916,0,0,0,0,0,0,0,0,0,0
29.15,942,0,0,0,0,0,0,0,0,0,0
29.200000000000003,955,0,0,0,0,0,0,0,0,0,0
29.25,952,0,0,0,0,0,0,0,0,0,0
29.3,985,0,0,0,0,0,0,0,0,0,0
29.35,990,0,0,0,0,0,0,0,0,0,0
29.4,976,0,0,0,0,0,0,0,0,0,0
29.450000000000003,996,0,0,0,0,0,0,0,0,0,0
29.5,982,0,0,0,0,0,0,0,0,0,0
29.55,935,0,0,0,0,0,0,0,0,0,0
29.6,972,0,0,0,0,0,0,0,0,0,0
29.65,975,0,0,0,0,0,0,0,0,0,0
29.700000000000003,994,0,0,0,0,0,0,0,0,0,0
29.75,957,0,0,0,0,0,0,0,0,0,0
29.8,915,0,0,0,0,0,0,0,0,0,0
29.85,988,0,0,0,0,0,0,0,0,0,0
29.9,929,0,0,0,0,0,0,0,0,0,0
29.950000000000003,955,0,0,0,0,0,0,0,0,0,0
30.0,953,0,0,0,0,0,0,0,0,0,0
30.05,977,0,0,0,0,0,0,0,0,0,0
30.1,1020,0,0,0,0,0,0,0,0,0,0
30.15,981,0,0,0,0,0,0,0,0,0,0
30.200000000000003,949,0,0,0,0,0,0,0,0,0,0
30.25,920,0,0,0,0,0,0,0,0,0,0
30.3,958,0,0,0,0,0,0,0,0,0,0
30.35,934,0,0,0,0,0,0,0,0,0,0
30.4,963,0,0,0,0,0,0,0,0,0,0
30.450000000000003,971,0,0,0,0,0,0,0,0,0,0
30.5,978,0,0,0,0,0,0,0,0,0,0
30.55,981,0,0,0,0,0,0,0,0,0,0
30.6,986,0,0,0,0,0,0,0,0,0,0
30.65,949,0,0,0,0,0,0,0,0,0,0
30.700000000000003,981,0,0,0,0,0,0,0,0,0,0
30.75,946,0,0,0,0,0,0,0,0,0,0
30.8,964,0,0,0,0,0,0,0,0,0,0
30.85,963,0,0,0,0,0,0,0,0,0,0
30.9,953,0,0,0,0,0,0,0,0,0,0
30.950000000000003,975,0,0,0,0,0,0,0,0,0,0
31.0,960,0,0,0,0,0,0,0,0,0,0
31.05,964,0,0,0,0,0,0,0,0,0,0
31.1,958,0,0,0,0,0,0,0,0,0,0
31.15,939,0,0,0,0,0,0,0,0,0,0
31.200000000000003,990,0,0,0,0,0,0,0,0,0,0
31.25,961,0,0,0,0,0,0,0,0,0,0
31.3,943,0,0,0,0,0,0,0,0,0,0
31.35,1007,0,0,0,0,0,0,0,0,0,0
31.4,958,0,0,0,0,0,0,0,0,0,0
31.450000000000003,1015,0,0,0,0,0,0,0,0,0,0
31.5,942,0,0,0,0,0,0,0,0,0,0
31.55,967,0,0,0,0,0,0,0,0,0,0
31.6,1013,0,0,0,0,0,0,0,0,0,0
31.65,969,0,0,0,0,0,0,0,0,0,0
31.700000000000003,952,0,0,0,0,0,0,0,0,0,0
31.75,934,0,0,0,0,0,0,0,0,0,0
31.8,995,0,0,0,0,0,0,0,0,0,0
31.85,947,0,0,0,0,0,0,0,0,0,0
31.9,921,0,0,0,0,0,0,0,0,0,0
31.950000000000003,962,0,0,0,0,0,0,0,0,0,0
32.0,930,0,0,0,0,0,0,0,0,0,0
32.05,900,0,0,0,0,0,0,0,0,0,0
32.1,881,0,0,0,0,0,0,0,0,0,0
32.150000000000006,781,0,0,0,0,0,0,0,0,0,0
32.2,734,0,0,0,0,0,0,0,0,0,0
32.25,700,0,0,0,0,0,0,0,0,0,0
32.3,640,0,0,0,0,0,0,0,0,0,0
32.35,602,0,0,0,0,0,0,0,0,0,0
32.400000000000006,582,0,0,0,0,0,0,0,0,0,0
32.45,536,0,0,0,0,0,0,0,0,0,0
32.5,443,0,0,0,0,0,0,0,0,0,0
32.55,384,0,0,0,0,0,0,0,0,0,0
32.6,343,0,0,0,0,0,0,0,0,0,0
32.650000000000006,329,0,0,0,0,0,0,0,0,0,0
32.7,256,0,0,0,0,0,0,0,0,0,0
32.75,228,0,0,0,0,0,0,0,0,0,0
32.8,195,0,0,0,0,0,0,0,0,0,0
32.85,112,0,0,0,0,0,0,0,0,0,0
32.900000000000006,80,0,0,0,0,0,0,0,0,0,0
32.95,19,0,0,0,0,0,0,0,0,0,0
*****
16 , 0.05 , 1000 , 0 , 0.4 , 10 , 100 , 0.75 , 1.0 , 0.85 , 1.0 , .055
16.0,1001,1001,1001,1001,1001,0,1001,1001,1001,1001,0
16.05,976,976,976,976,976,0,976,976,976,976,0
16.1,976,976,976,976,976,0,976,976,976,976,0
16.15,1011,1011,1011,1011,1011,0,1011,1011,1011,1011,0
16.2,976,976,976,976,976,0,976,976,976,976,0
16.25,1030,1030,1030,1030,1030,0,1030,1030,1030,1030,0
16.3,971,971,971,971,971,0,971,971,971,971,0
16.35,1016,1016,1016,1016,1016,0,1016,1016,1016,1016,0
16.4,1014,1014,1014,1014,1014,0,1014,1014,1014,1014,0
16.45,962,962,962,962,962,0,962,962,962,962,0
16.5,992,992,992,992,992,0,992,992,992,992,0
16.55,982,982,982,982,982,0,982,982,982,982,0
16.6,1022,1022,1022,1022,1022,0,1022,1022,1022,1022,0
16.65,988,988,988,988,988,0,988,988,988,988,0
16.7,993,993,993,993,993,0,993,993,993,993,0
16.75,992,992,992,992,992,0,992,992,992,992,0
16.8,985,985,985,985,985,0,985,985,985,985,0
16.85,992,992,992,992,992,0,992,992,992,992,0
16.9,1016,1016,1016,1016,1016,0,1016,1016,1016,1016,0
16.95,1003,1003,1003,1003,1003,0,1003,1003,1003,1003,0
17.0,955,955,955,955,955,0,955,955,955,955,0
17.05,967,967,967,967,967,0,967,967,967,967,0
17.1,1000,1000,1000,1000,1000,0,1000,1000,1000,1000,0
17.15,1052,1052,1052,1052,1052,0,1052,1052,1052,1052,0
17.2,986,986,986,986,986,0,986,986,986,986,0
17.25,997,997,997,997,997,0,997,997,997,997,0
17.3,1011,1011,1011,1011,1011,0,1011,1011,1011,1011,0
17.35,971,971,971,971,971,0,971,971,971,971,0
17.4,984,984,984,984,984,0,984,984,984,984,0
17.45,1019,1019,1019,1019,1019,0,1019,1019,1019,1019,0
17.5,973,973,973,973,973,0,973,973,973,973,0
17.55,973,973,973,973,973,0,973,973,973,973,0
17.6,1037,1037,1037,1037,1037,0,1037,1037,1037,1037,0
17.65,1010,1010,1010,1010,1010,0,1010,1010,1010,1010,0
17.7,973,973,973,973,973,0,973,973,973,973,0
17.75,936,936,936,936,936,0,936,936,936,936,0
17.8,967,967,967,967,967,0,967,967,967,967,0
17.85,958,958,958,958,958,0,958,958,958,958,0
17.9,956,956,956,956,956,0,956,956,956,956,0
17.95,1003,1003,1003,1003,1003,0,1003,1003,1003,1003,0
18.0,1009,1009,1009,1009,1009,0,1009,1009,1009,1009,0
18.05,1014,1014,1014,1014,1014,0,1014,1014,1014,1014,0
18.1,966,966,966,966,966,0,966,966,966,966,0
18.15,966,966,966,966,966,0,966,966,966,966,0
18.2,1014,1014,1014,1014,1014,0,1014,1014,1014,1014,0
18.25,937,937,937,937,937,0,937,937,937,937,0
18.3,1016,1016,1016,1016,1016,0,1016,1016,1016,1016,0
18.35,1003,1003,1003,1003,1003,0,1003,1003,1003,1003,0
18.4,965,965,965,965,965,0,965,965,965,965,0
18.45,985,985,985,985,985,0,985,985,985,985,0
18.5,1039,1039,1039,1039,1039,0,1039,1039,1039,1039,0
18.55,1033,1033,1033,1033,1033,0,1033,1033,1033,1033,0
18.6,982,982,982,982,982,0,982,982,982,982,0
18.65,958,958,958,958,958,0,958,958,958,958,0
18.7,972,972,972,972,972,0,972,972,972,972,0
18.75,1024,1024,1024,1024,1024,0,1024,1024,1024,1024,0
18.8,971,971,971,971,971,0,971,971,971,971,0
18.85,998,998,998,998,998,0,998,998,998,998,0
18.9,1006,1006,1006,1006,1006,0,1006,1006,1006,1006,0
18.95,957,957,957,957,957,0,957,957,957,957,0
19.0,1015,1015,1015,1015,1015,0,1015,1015,1015,1015,0
19.05,982,982,982,982,982,0,982,982,982,982,0
19.1,1040,1040,1040,1040,1040,0,1040,1040,1040,1040,0
19.15,997,997,997,997,997,0,997,997,997,997,0
19.2,1005,1005,1005,1005,1005,0,1005,1005,1005,1005,0
19.25,966,966,966,966,966,0,966,966,966,966,0
19.3,1017,1017,1017,1017,1017,0,1017,1017,1017,1017,0
19.35,990,990,990,990,990,0,990,990,990,990,0
19.4,991,991,991,991,991,0,991,991,991,991,0
19.45,1018,1018,1017,1018,1018,0,1018,1017,1018,1018,0
19.5,967,966,966,967,967,0,966,966,967,967,0
19.55,1032,1031,1030,1032,1031,0,1031,1030,1032,1031,0
19.6,999,999,999,999,999,0,999,999,999,999,0
19.65,1013,1008,1008,1013,1008,0,1008,1008,1013,1008,0
19.7,997,996,996,997,996,0,996,996,997,996,0
19.75,984,978,977,982,979,0,978,977,982,979,0
19.8,999,992,989,999,992,0,992,989,999,992,0
19.85,997,972,971,992,972,0,972,971,992,972,0
19.9,970,932,933,965,935,0,932,933,965,935,0
19.95,999,944,941,984,945,0,944,941,984,945,0
20.0,1054,963,961,1034,977,0,963,961,1034,977,0
20.05,1011,909,907,987,914,0,909,907,987,914,0
20.1,1055,895,898,1019,913,0,895,898,1019,913,0
20.15,958,782,779,903,793,0,782,779,903,793,0
20.2,987,757,749,909,767,0,757,749,909,767,0
20.25,991,684,687,885,698,0,684,687,885,698,0
20.3,1000,631,627,831,642,0,631,627,831,642,0
20.35,1041,557,559,806,569,0,557,559,806,569,0
20.4,998,456,459,706,478,0,456,459,706,478,0
20.45,1038,436,438,699,459,0,436,438,699,459,0
20.5,934,298,296,548,312,0,298,296,548,312,0
20.55,1046,278,281,525,288,0,278,281,525,288,0
20.6,988,211,209,439,218,0,211,209,439,218,0
20.65,1064,163,163,367,169,0,163,163,367,169,0
20.7,964,112,114,271,119,0,112,114,271,119,0
20.75,1047,92,93,225,97,0,92,93,225,97,0
20.8,973,67,65,158,69,0,67,65,158,69,0
20.85,979,34,34,127,37,0,34,34,127,37,0
20.9,969,22,21,92,22,0,22,21,92,22,0
20.95,1049,15,17,65,18,0,15,17,65,18,0
21.0,986,14,13,46,14,0,14,13,46,14,0
21.05,969,5,5,28,5,0,5,5,28,5,0
21.1,1022,4,4,28,4,0,4,4,28,4,0
21.15,990,0,0,7,0,0,0,0,7,0,0
21.2,1019,0,0,5,0,0,0,0,5,0,0
21.25,1079,1,1,3,1,0,1,1,3,1,0
21.3,988,0,0,0,0,0,0,0,0,0,0
21.35,1001,1,1,4,1,0,1,1,4,1,0
21.4,1010,0,0,2,0,0,0,0,2,0,0
21.45,996,0,0,0,0,0,0,0,0,0,0
21.5,1015,0,0,0,0,0,0,0,0,0,0
21.55,978,0,0,0,0,0,0,0,0,0,0
21.6,985,0,0,0,0,0,0,0,0,0,0
21.65,994,0,0,0,0,0,0,0,0,0,0
21.7,943,0,0,0,0,0,0,0,0,0,0
21.75,999,0,0,0,0,0,0,0,0,0,0
21.8,1030,0,0,0,0,0,0,0,0,0,0
21.85,1012,0,0,0,0,0,0,0,0,0,0
21.9,1035,0,0,0,0,0,0,0,0,0,0
21.95,1018,0,0,0,0,0,0,0,0,0,0
22.0,929,0,0,0,0,0,0,0,0,0,0
22.05,980,0,0,0,0,0,0,0,0,0,0
22.1,954,0,0,0,0,0,0,0,0,0,0
22.15,1029,0,0,0,0,0,0,0,0,0,0
22.2,1009,0,0,0,0,0,0,0,0,0,0
22.25,990,0,0,0,0,0,0,0,0,0,0
22.3,1016,0,0,0,0,0,0,0,0,0,0
22.35,980,0,0,0,0,0,0,0,0,0,0
22.4,982,0,0,0,0,0,0,0,0,0,0
22.45,1039,0,0,0,0,0,0,0,0,0,0
22.5,1005,0,0,0,0,0,0,0,0,0,0
22.55,1038,0,0,0,0,0,0,0,0,0,0
22.6,978,0,0,0,0,0,0,0,0,0,0
22.65,1043,0,0,0,0,0,0,0,0,0,0
22.7,1009,0,0,0,0,0,0,0,0,0,0
22.75,1012,0,0,0,0,0,0,0,0,0,0
22.8,969,0,0,0,0,0,0,0,0,0,0
22.85,972,0,0,0,0,0,0,0,0,0,0
22.9,972,0,0,0,0,0,0,0,0,0,0
22.95,1032,0,0,0,0,0,0,0,0,0,0
23.0,1000,0,0,0,0,0,0,0,0,0,0
23.05,1023,0,0,0,0,0,0,0,0,0,0
23.1,1037,0,0,0,0,0,0,0,0,0,0
23.15,978,0,0,0,0,0,0,0,0,0,0
23.2,968,0,0,0,0,0,0,0,0,0,0
23.25,1019,0,0,0,0,0,0,0,0,0,0
23.3,1011,0,0,0,0,0,0,0,0,0,0
23.35,964,0,0,0,0,0,0,0,0,0,0
23.4,991,0,0,0,0,0,0,0,0,0,0
23.45,1023,0,0,0,0,0,0,0,0,0,0
23.5,1019,0,0,0,0,0,0,0,0,0,0
23.55,1020,0,0,0,0,0,0,0,0,0,0
23.6,1032,0,0,0,0,0,0,0,0,0,0
23.65,1009,0,0,0,0,0,0,0,0,0,0
23.7,1005,0,0,0,0,0,0,0,0,0,0
23.75,980,0,0,0,0,0,0,0,0,0,0
23.8,1003,0,0,0,0,0,0,0,0,0,0
23.85,992,0,0,0,0,0,0,0,0,0,0
23.9,971,0,0,0,0,0,0,0,0,0,0
23.95,1007,0,0,0,0,0,0,0,0,0,0
24.0,1007,0,0,0,0,0,0,0,0,0,0
24.05,1024,0,0,0,0,0,0,0,0,0,0
24.1,974,0,0,0,0,0,0,0,0,0,0
24.15,972,0,0,0,0,0,0,0,0,0,0
24.200000000000003,997,0,0,0,0,0,0,0,0,0,0
24.25,990,0,0,0,0,0,0,0,0,0,0
24.3,1026,0,0,0,0,0,0,0,0,0,0
24.35,1020,0,0,0,0,0,0,0,0,0,0
24.4,988,0,0,0,0,0,0,0,0,0,0
24.450000000000003,1006,0,0,0,0,0,0,0,0,0,0
24.5,992,0,0,0,0,0,0,0,0,0,0
24.55,943,0,0,0,0,0,0,0,0,0,0
24.6,1030,0,0,0,0,0,0,0,0,0,0
24.65,1020,0,0,0,0,0,0,0,0,0,0
24.700000000000003,947,0,0,0,0,0,0,0,0,0,0
24.75,1044,0,0,0,0,0,0,0,0,0,0
24.8,1017,0,0,0,0,0,0,0,0,0,0
24.85,971,0,0,0,0,0,0,0,0,0,0
24.9,970,0,0,0,0,0,0,0,0,0,0
24.950000000000003,1046,0,0,0,0,0,0,0,0,0,0
25.0,1002,0,0,0,0,0,0,0,0,0,0
25.05,988,0,0,0,0,0,0,0,0,0,0
25.1,1015,0,0,0,0,0,0,0,0,0,0
25.15,1065,0,0,0,0,0,0,0,0,0,0
25.200000000000003,996,0,0,0,0,0,0,0,0,0,0
25.25,956,0,0,0,0,0,0,0,0,0,0
25.3,988,0,0,0,0,0,0,0,0,0,0
25.35,975,0,0,0,0,0,0,0,0,0,0
25.4,981,0,0,0,0,0,0,0,0,0,0
25.450000000000003,997,0,0,0,0,0,0,0,0,0,0
25.5,1009,0,0,0,0,0,0,0,0,0,0
25.55,1015,0,0,0,0,0,0,0,0,0,0
25.6,1026,0,0,0,0,0,0,0,0,0,0
25.65,1002,0,0,0,0,0,0,0,0,0,0
25.700000000000003,1001,0,0,0,0,0,0,0,0,0,0
25.75,926,0,0,0,0,0,0,0,0,0,0
25.8,917,0,0,0,0,0,0,0,0,0,0
25.85,1068,0,0,0,0,0,0,0,0,0,0
25.9,973,0,0,0,0,0,0,0,0,0,0
25.950000000000003,1011,0,0,0,0,0,0,0,0,0,0
26.0,1002,0,0,0,0,0,0,0,0,0,0
26.05,966,0,0,0,0,0,0,0,0,0,0
26.1,958,0,0,0,0,0,0,0,0,0,0
26.15,985,0,0,0,0,0,0,0,0,0,0
26.200000000000003,973,0,0,0,0,0,0,0,0,0,0
26.25,1016,0,0,0,0,0,0,0,0,0,0
26.3,996,0,0,0,0,0,0,0,0,0,0
26.35,1029,0,0,0,0,0,0,0,0,0,0
26.4,978,0,0,0,0,0,0,0,0,0,0
26.450000000000003,977,0,0,0,0,0,0,0,0,0,0
26.5,1034,0,0,0,0,0,0,0,0,0,0
26.55,961,0,0,0,0,0,0,0,0,0,0
26.6,1025,0,0,0,0,0,0,0,0,0,0
26.65,941,0,0,0,0,0,0,0,0,0,0
26.700000000000003,970,0,0,0,0,0,0,0,0,0,0
26.75,983,0,0,0,0,0,0,0,0,0,0
26.8,996,0,0,0,0,0,0,0,0,0,0
26.85,1004,0,0,0,0,0,0,0,0,0,0
26.9,984,0,0,0,0,0,0,0,0,0,0
26.950000000000003,979,0,0,0,0,0,0,0,0,0,0
27.0,994,0,0,0,0,0,0,0,0,0,0
27.05,975,0,0,0,0,0,0,0,0,0,0
27.1,1028,0,0,0,0,0,0,0,0,0,0
27.15,983,0,0,0,0,0,0,0,0,0,0
27.200000000000003,994,0,0,0,0,0,0,0,0,0,0
27.25,1043,0,0,0,0,0,0,0,0,0,0
27.3,949,0,0,0,0,0,0,0,0,0,0
27.35,1030,0,0,0,0,0,0,0,0,0,0
27.4,998,0,0,0,0,0,0,0,0,0,0
27.450000000000003,961,0,0,0,0,0,0,0,0,0,0
27.5,899,0,0,0,0,0,0,0,0,0,0
27.55,1030,0,0,0,0,0,0,0,0,0,0
27.6,1034,0,0,0,0,0,0,0,0,0,0
27.65,987,0,0,0,0,0,0,0,0,0,0
27.700000000000003,1022,0,0,0,0,0,0,0,0,0,0
27.75,964,0,0,0,0,0,0,0,0,0,0
27.8,971,0,0,0,0,0,0,0,0,0,0
27.85,1014,0,0,0,0,0,0,0,0,0,0
27.9,961,0,0,0,0,0,0,0,0,0,0
27.950000000000003,958,0,0,0,0,0,0,0,0,0,0
28.0,1049,0,0,0,0,0,0,0,0,0,0
28.05,1004,0,0,0,0,0,0,0,0,0,0
28.1,1027,0,0,0,0,0,0,0,0,0,0
28.15,989,0,0,0,0,0,0,0,0,0,0
28.200000000000003,989,0,0,0,0,0,0,0,0,0,0
28.25,997,0,0,0,0,0,0,0,0,0,0
28.3,1023,0,0,0,0,0,0,0,0,0,0
28.35,1008,0,0,0,0,0,0,0,0,0,0
28.4,967,0,0,0,0,0,0,0,0,0,0
28.450000000000003,1001,0,0,0,0,0,0,0,0,0,0
28.5,982,0,0,0,0,0,0,0,0,0,0
28.55,992,0,0,0,0,0,0,0,0,0,0
28.6,1009,0,0,0,0,0,0,0,0,0,0
28.65,1018,0,0,0,0,0,0,0,0,0,0
28.700000000000003,967,0,0,0,0,0,0,0,0,0,0
28.75,989,0,0,0,0,0,0,0,0,0,0
28.8,984,0,0,0,0,0,0,0,0,0,0
28.85,1006,0,0,0,0,0,0,0,0,0,0
28.9,1007,0,0,0,0,0,0,0,0,0,0
28.950000000000003,1024,0,0,0,0,0,0,0,0,0,0
29.0,982,0,0,0,0,0,0,0,0,0,0
29.05,961,0,0,0,0,0,0,0,0,0,0
29.1,1020,0,0,0,0,0,0,0,0,0,0
29.15,946,0,0,0,0,0,0,0,0,0,0
29.200000000000003,1021,0,0,0,0,0,0,0,0,0,0
29.25,934,0,0,0,0,0,0,0,0,0,0
29.3,989,0,0,0,0,0,0,0,0,0,0
29.35,1003,0,0,0,0,0,0,0,0,0,0
29.4,960,0,0,0,0,0,0,0,0,0,0
29.450000000000003,1027,0,0,0,0,0,0,0,0,0,0
29.5,986,0,0,0,0,0,0,0,0,0,0
29.55,978,0,0,0,0,0,0,0,0,0,0
29.6,1009,0,0,0,0,0,0,0,0,0,0
29.65,1015,0,0,0,0,0,0,0,0,0,0
29.700000000000003,994,0,0,0,0,0,0,0,0,0,0
29.75,1081,0,0,0,0,0,0,0,0,0,0
29.8,925,0,0,0,0,0,0,0,0,0,0
29.85,1025,0,0,0,0,0,0,0,0,0,0
29.9,1010,0,0,0,0,0,0,0,0,0,0
29.950000000000003,973,0,0,0,0,0,0,0,0,0,0
30.0,989,0,0,0,0,0,0,0,0,0,0
30.05,976,0,0,0,0,0,0,0,0,0,0
30.1,1023,0,0,0,0,0,0,0,0,0,0
30.15,970,0,0,0,0,0,0,0,0,0,0
30.200000000000003,949,0,0,0,0,0,0,0,0,0,0
30.25,955,0,0,0,0,0,0,0,0,0,0
30.3,1052,0,0,0,0,0,0,0,0,0,0
30.35,1037,0,0,0,0,0,0,0,0,0,0
30.4,945,0,0,0,0,0,0,0,0,0,0
30.450000000000003,1036,0,0,0,0,0,0,0,0,0,0
30.5,1016,0,0,0,0,0,0,0,0,0,0
30.55,959,0,0,0,0,0,0,0,0,0,0
30.6,978,0,0,0,0,0,0,0,0,0,0
30.65,1019,0,0,0,0,0,0,0,0,0,0
30.700000000000003,1033,0,0,0,0,0,0,0,0,0,0
30.75,1003,0,0,0,0,0,0,0,0,0,0
30.8,995,0,0,0,0,0,0,0,0,0,0
30.85,993,0,0,0,0,0,0,0,0,0,0
30.9,965,0,0,0,0,0,0,0,0,0,0
30.950000000000003,985,0,0,0,0,0,0,0,0,0,0
31.0,1008,0,0,0,0,0,0,0,0,0,0
31.05,969,0,0,0,0,0,0,0,0,0,0
31.1,1003,0,0,0,0,0,0,0,0,0,0
31.15,1015,0,0,0,0,0,0,0,0,0,0
31.200000000000003,995,0,0,0,0,0,0,0,0,0,0
31.25,1026,0,0,0,0,0,0,0,0,0,0
31.3,934,0,0,0,0,0,0,0,0,0,0
31.35,994,0,0,0,0,0,0,0,0,0,0
31.4,953,0,0,0,0,0,0,0,0,0,0
31.450000000000003,1089,0,0,0,0,0,0,0,0,0,0
31.5,964,0,0,0,0,0,0,0,0,0,0
31.55,958,0,0,0,0,0,0,0,0,0,0
31.6,1003,0,0,0,0,0,0,0,0,0,0
31.65,1001,0,0,0,0,0,0,0,0,0,0
31.700000000000003,1000,0,0,0,0,0,0,0,0,0,0
31.75,966,0,0,0,0,0,0,0,0,0,0
31.8,1063,0,0,0,0,0,0,0,0,0,0
31.85,957,0,0,0,0,0,0,0,0,0,0
31.9,1015,0,0,0,0,0,0,0,0,0,0
31.950000000000003,960,0,0,0,0,0,0,0,0,0,0
32.0,925,0,0,0,0,0,0,0,0,0,0
32.05,833,0,0,0,0,0,0,0,0,0,0
32.1,651,0,0,0,0,0,0,0,0,0,0
32.150000000000006,581,0,0,0,0,0,0,0,0,0,0
32.2,440,0,0,0,0,0,0,0,0,0,0
32.25,316,0,0,0,0,0,0,0,0,0,0
32.3,183,0,0,0,0,0,0,0,0,0,0
32.35,58,0,0,0,0,0,0,0,0,0,0
*****
16 , 0.05 , 1000 , 0.3 , 0.7 , 10 , 100 , 0.75 , 1.0 , 0.85 , 1.0 , .055
16.0,1000,1000,1000,1000,1000,0,1000,1000,1000,1000,0
16.05,1023,1023,1023,1023,1023,0,1023,1023,1023,1023,0
16.1,1001,1001,1001,1001,1001,0,1001,1001,1001,1001,0
16.15,1059,1059,1059,1059,1059,0,1059,1059,1059,1059,0
16.2,1089,1089,1089,1089,1089,0,1089,1089,1089,1089,0
16.25,998,998,998,998,998,0,998,998,998,998,0
16.3,1002,1002,1002,1002,1002,0,1002,1002,1002,1002,0
16.35,1041,1041,1041,1041,1041,0,1041,1041,1041,1041,0
16.4,980,980,980,980,980,0,980,980,980,980,0
16.45,1008,1008,1008,1008,1008,0,1008,1008,1008,1008,0
16.5,1032,1032,1032,1032,1032,0,1032,1032,1032,1032,0
16.55,1039,1039,1039,1039,1039,0,1039,1039,1039,1039,0
16.6,1056,1056,1056,1056,1056,0,1056,1056,1056,1056,0
16.65,1071,1071,1071,1071,1071,0,1071,1071,1071,1071,0
16.7,1031,1031,1031,1031,1031,0,1031,1031,1031,1031,0
16.75,987,987,987,987,987,0,987,987,987,987,0
16.8,969,969,969,969,969,0,969,969,969,969,0
16.85,1034,1034,1034,1034,1034,0,1034,1034,1034,1034,0
16.9,1019,1019,1019,1019,1019,0,1019,1019,1019,1019,0
16.95,1049,1049,1049,1049,1049,0,1049,1049,1049,1049,0
17.0,1074,1074,1074,1074,1074,0,1074,1074,1074,1074,0
17.05,1051,1051,1051,1051,1051,0,1051,1051,1051,1051,0
17.1,1010,1010,1010,1010,1010,0,1010,1010,1010,1010,0
17.15,949,949,949,949,949,0,949,949,949,949,0
17.2,1033,1033,1033,1033,1033,0,1033,1033,1033,1033,0
17.25,1059,1059,1059,1059,1059,0,1059,1059,1059,1059,0
17.3,1045,1045,1045,1045,1045,0,1045,1045,1045,1045,0
17.35,1082,1082,1082,1081,1082,0,1082,1082,1081,1082,0
17.4,1003,1003,1003,1003,1003,0,1003,1003,1003,1003,0
17.45,1025,1025,1025,1025,1025,0,1025,1025,1025,1025,0
17.5,948,948,948,948,948,0,948,948,948,948,0
17.55,1011,1011,1011,1011,1011,0,1011,1011,1011,1011,0
17.6,1078,1078,1078,1078,1078,0,1078,1078,1078,1078,0
17.65,1060,1060,1060,1060,1060,0,1060,1060,1060,1060,0
17.7,1053,1053,1053,1053,1053,0,1053,1053,1053,1053,0
17.75,1019,1019,1019,1019,1019,0,1019,1019,1019,1019,0
17.8,1002,1002,1002,1000,1002,0,1002,1002,1000,1002,0
17.85,1041,1041,1041,1041,1041,0,1041,1041,1041,1041,0
17.9,1000,1000,1000,1000,1000,0,1000,1000,1000,1000,0
17.95,1012,1012,1012,1011,1012,0,1012,1012,1011,1012,0
18.0,1038,1038,1038,1038,1038,0,1038,1038,1038,1038,0
18.05,1036,1036,1036,1035,1036,0,1036,1036,1035,1036,0
18.1,1037,1037,1037,1034,1037,0,1037,1037,1034,1037,0
18.15,1062,1062,1062,1059,1062,0,1062,1062,1059,1062,0
18.2,1034,1034,1034,1033,1034,0,1034,1034,1033,1034,0
18.25,1001,1001,1001,998,1001,0,1001,1001,998,1001,0
18.3,1017,1017,1017,1016,1017,0,1017,1017,1016,1017,0
18.35,1011,1011,1011,1008,1011,0,1011,1011,1008,1011,0
18.4,1092,1092,1092,1087,1092,0,1092,1092,1087,1092,0
18.45,1024,1024,1024,1023,1024,0,1024,1024,1023,1024,0
18.5,1037,1037,1037,1027,1037,0,1037,1037,1027,1037,0
18.55,990,990,990,985,990,0,990,990,985,990,0
18.6,997,996,997,990,997,0,996,997,990,997,0
18.65,1030,1030,1030,1020,1030,0,1030,1030,1020,1030,0
18.7,1046,1043,1046,1034,1046,0,1043,1046,1034,1046,0
18.75,1055,1054,1055,1045,1055,0,1054,1055,1045,1055,0
18.8,1025,1023,1024,1003,1024,0,1023,1024,1003,1024,0
18.85,1029,1027,1029,1012,1029,0,1027,1029,1012,1029,0
18.9,1035,1034,1035,1012,1035,0,1034,1035,1012,1035,0
18.95,1020,1017,1020,996,1020,0,1017,1020,996,1020,0
19.0,1014,1006,1013,979,1013,0,1006,1013,979,1013,0
19.05,1020,1017,1019,990,1019,0,1017,1019,990,1019,0
19.1,1038,1032,1037,998,1037,0,1032,1037,998,1037,0
19.15,1037,1028,1036,996,1036,0,1028,1036,996,1036,0
19.2,1070,1057,1065,1020,1065,0,1057,1065,1020,1065,0
19.25,993,982,988,923,988,0,982,988,923,988,0
19.3,1019,1004,1015,946,1015,0,1004,1015,946,1015,0
19.35,1026,995,1015,953,1015,0,995,1015,953,1015,0
19.4,1007,980,993,929,993,0,980,993,929,993,0
19.45,1005,975,989,924,989,0,975,989,924,989,0
19.5,1062,1013,1040,951,1040,0,1013,1040,951,1040,0
19.55,1022,970,997,897,997,0,970,997,897,997,0
19.6,1042,987,1018,930,1018,0,987,1018,930,1018,0
19.65,1047,979,1017,910,1017,0,979,1017,910,1017,0
19.7,1023,937,981,885,982,0,937,981,885,982,0
19.75,996,896,945,851,946,0,896,945,851,946,0
19.8,1012,892,941,813,942,0,892,941,813,942,0
19.85,1002,857,912,782,913,0,857,912,782,913,0
19.9,1060,873,956,817,956,0,873,956,817,956,0
19.95,981,816,877,763,879,0,816,877,763,879,0
20.0,1025,798,891,770,892,0,798,891,770,892,0
20.05,1064,785,870,760,871,0,785,870,760,871,0
20.1,1016,746,828,722,829,0,746,828,722,829,0
20.15,991,671,754,650,756,0,671,754,650,756,0
20.2,1059,701,794,702,795,0,701,794,702,795,0
20.25,1075,649,764,663,767,0,649,764,663,767,0
20.3,1058,615,711,633,714,0,615,711,633,714,0
20.35,1008,553,641,582,643,0,553,641,582,643,0
20.4,1053,524,623,556,625,0,524,623,556,625,0
20.45,963,439,538,478,540,0,439,538,478,540,0
20.5,988,403,498,466,498,0,403,498,466,498,0
20.55,1009,428,511,453,513,0,428,511,453,513,0
20.6,1083,368,466,442,468,0,368,466,442,468,0
20.65,1046,336,434,400,434,0,336,434,400,434,0
20.7,1067,291,372,365,375,0,291,372,365,375,0
20.75,995,244,314,317,316,0,244,314,317,316,0
20.8,1000,245,299,297,299,0,245,299,297,299,0
20.85,1051,220,279,252,282,0,220,279,252,282,0
20.9,1050,154,201,193,203,0,154,201,193,203,0
20.95,970,137,171,180,172,0,137,171,180,172,0
21.0,998,150,190,189,190,0,150,190,189,190,0
21.05,1036,110,148,165,149,0,110,148,165,149,0
21.1,1024,101,129,141,131,0,101,129,141,131,0
21.15,1005,68,91,112,91,0,68,91,112,91,0
21.2,1026,55,80,95,80,0,55,80,95,80,0
21.25,1085,45,61,75,62,0,45,61,75,62,0
21.3,1024,43,54,70,54,0,43,54,70,54,0
21.35,1008,41,56,66,56,0,41,56,66,56,0
21.4,1035,30,39,55,39,0,30,39,55,39,0
21.45,1050,21,37,44,37,0,21,37,44,37,0
21.5,1020,12,20,23,20,0,12,20,23,20,0
21.55,944,12,15,24,15,0,12,15,24,15,0
21.6,1080,9,11,13,11,0,9,11,13,11,0
21.65,990,8,9,11,9,0,8,9,11,9,0
21.7,1027,6,7,10,7,0,6,7,10,7,0
21.75,1073,8,10,12,10,0,8,10,12,10,0
21.8,1094,5,6,5,6,0,5,6,5,6,0
21.85,1086,4,5,7,5,0,4,5,7,5,0
21.9,1007,2,2,3,2,0,2,2,3,2,0
21.95,1029,0,0,1,0,0,0,0,1,0,0
22.0,991,0,0,2,0,0,0,0,2,0,0
22.05,965,0,0,0,0,0,0,0,0,0,0
22.1,1037,0,0,0,0,0,0,0,0,0,0
22.15,996,0,0,0,0,0,0,0,0,0,0
22.2,986,0,0,0,0,0,0,0,0,0,0
22.25,1089,0,1,1,1,0,0,1,1,1,0
22.3,1095,0,0,0,0,0,0,0,0,0,0
22.35,1041,0,0,0,0,0,0,0,0,0,0
22.4,1049,0,0,0,0,0,0,0,0,0,0
22.45,983,0,0,0,0,0,0,0,0,0,0
22.5,1028,0,0,0,0,0,0,0,0,0,0
22.55,979,0,0,0,0,0,0,0,0,0,0
22.6,1002,0,0,0,0,0,0,0,0,0,0
22.65,1059,0,0,0,0,0,0,0,0,0,0
22.7,993,0,0,0,0,0,0,0,0,0,0
22.75,1011,0,0,0,0,0,0,0,0,0,0
22.8,990,0,0,0,0,0,0,0,0,0,0
22.85,1100,0,0,0,0,0,0,0,0,0,0
22.9,1017,0,0,0,0,0,0,0,0,0,0
22.95,1089,0,0,0,0,0,0,0,0,0,0
23.0,1002,0,0,0,0,0,0,0,0,0,0
23.05,1030,0,0,0,0,0,0,0,0,0,0
23.1,1022,0,0,0,0,0,0,0,0,0,0
23.15,1038,0,0,0,0,0,0,0,0,0,0
23.2,1004,0,0,0,0,0,0,0,0,0,0
23.25,1026,0,0,0,0,0,0,0,0,0,0
23.3,1060,0,0,0,0,0,0,0,0,0,0
23.35,1050,0,0,0,0,0,0,0,0,0,0
23.4,943,0,0,0,0,0,0,0,0,0,0
23.45,1059,0,0,0,0,0,0,0,0,0,0
23.5,1016,0,0,0,0,0,0,0,0,0,0
23.55,1014,0,0,0,0,0,0,0,0,0,0
23.6,1004,0,0,0,0,0,0,0,0,0,0
23.65,1075,0,0,0,0,0,0,0,0,0,0
23.7,1027,0,0,0,0,0,0,0,0,0,0
23.75,983,0,0,0,0,0,0,0,0,0,0
23.8,1055,0,0,0,0,0,0,0,0,0,0
23.85,1019,0,0,0,0,0,0,0,0,0,0
23.9,994,0,0,0,0,0,0,0,0,0,0
23.95,982,0,0,0,0,0,0,0,0,0,0
24.0,1049,0,0,0,0,0,0,0,0,0,0
24.05,1055,0,0,0,0,0,0,0,0,0,0
24.1,1051,0,0,0,0,0,0,0,0,0,0
24.15,1041,0,0,0,0,0,0,0,0,0,0
24.200000000000003,1008,0,0,0,0,0,0,0,0,0,0
24.25,1054,0,0,0,0,0,0,0,0,0,0
24.3,963,0,0,0,0,0,0,0,0,0,0
24.35,1051,0,0,0,0,0,0,0,0,0,0
24.4,1008,0,0,0,0,0,0,0,0,0,0
24.450000000000003,1055,0,0,0,0,0,0,0,0,0,0
24.5,1023,0,0,0,0,0,0,0,0,0,0
24.55,1030,0,0,0,0,0,0,0,0,0,0
24.6,955,0,0,0,0,0,0,0,0,0,0
24.65,1035,0,0,0,0,0,0,0,0,0,0
24.700000000000003,1027,0,0,0,0,0,0,0,0,0,0
24.75,999,0,0,0,0,0,0,0,0,0,0
24.8,1065,0,0,0,0,0,0,0,0,0,0
24.85,1000,0,0,0,0,0,0,0,0,0,0
24.9,1042,0,0,0,0,0,0,0,0,0,0
24.950000000000003,1031,0,0,0,0,0,0,0,0,0,0
25.0,985,0,0,0,0,0,0,0,0,0,0
25.05,1023,0,0,0,0,0,0,0,0,0,0
25.1,1063,0,0,0,0,0,0,0,0,0,0
25.15,1082,0,0,0,0,0,0,0,0,0,0
25.200000000000003,1005,0,0,0,0,0,0,0,0,0,0
25.25,1016,0,0,0,0,0,0,0,0,0,0
25.3,1027,0,0,0,0,0,0,0,0,0,0
25.35,1020,0,0,0,0,0,0,0,0,0,0
25.4,986,0,0,0,0,0,0,0,0,0,0
25.450000000000003,1070,0,0,0,0,0,0,0,0,0,0
25.5,1043,0,0,0,0,0,0,0,0,0,0
25.55,1015,0,0,0,0,0,0,0,0,0,0
25.6,1057,0,0,0,0,0,0,0,0,0,0
25.65,979,0,0,0,0,0,0,0,0,0,0
25.700000000000003,1051,0,0,0,0,0,0,0,0,0,0
25.75,1034,0,0,0,0,0,0,0,0,0,0
25.8,951,0,0,0,0,0,0,0,0,0,0
25.85,1089,0,0,0,0,0,0,0,0,0,0
25.9,1041,0,0,0,0,0,0,0,0,0,0
25.950000000000003,1059,0,0,0,0,0,0,0,0,0,0
26.0,1009,0,0,0,0,0,0,0,0,0,0
26.05,1007,0,0,0,0,0,0,0,0,0,0
26.1,1048,0,0,0,0,0,0,0,0,0,0
26.15,948,0,0,0,0,0,0,0,0,0,0
26.200000000000003,1024,0,0,0,0,0,0,0,0,0,0
26.25,1040,0,0,0,0,0,0,0,0,0,0
26.3,1045,0,0,0,0,0,0,0,0,0,0
26.35,1079,0,0,0,0,0,0,0,0,0,0
26.4,1016,0,0,0,0,0,0,0,0,0,0
26.450000000000003,1010,0,0,0,0,0,0,0,0,0,0
26.5,1013,0,0,0,0,0,0,0,0,0,0
26.55,1010,0,0,0,0,0,0,0,0,0,0
26.6,1047,0,0,0,0,0,0,0,0,0,0
26.65,1019,0,0,0,0,0,0,0,0,0,0
26.700000000000003,1002,0,0,0,0,0,0,0,0,0,0
26.75,1056,0,0,0,0,0,0,0,0,0,0
26.8,1034,0,0,0,0,0,0,0,0,0,0
26.85,1029,0,0,0,0,0,0,0,0,0,0
26.9,994,0,0,0,0,0,0,0,0,0,0
26.950000000000003,1065,0,0,0,0,0,0,0,0,0,0
27.0,1011,0,0,0,0,0,0,0,0,0,0
27.05,1071,0,0,0,0,0,0,0,0,0,0
27.1,1030,0,0,0,0,0,0,0,0,0,0
27.15,993,0,0,0,0,0,0,0,0,0,0
27.200000000000003,1022,0,0,0,0,0,0,0,0,0,0
27.25,1046,0,0,0,0,0,0,0,0,0,0
27.3,1061,0,0,0,0,0,0,0,0,0,0
27.35,1015,0,0,0,0,0,0,0,0,0,0
27.4,993,0,0,0,0,0,0,0,0,0,0
27.450000000000003,1038,0,0,0,0,0,0,0,0,0,0
27.5,1050,0,0,0,0,0,0,0,0,0,0
27.55,1031,0,0,0,0,0,0,0,0,0,0
27.6,1065,0,0,0,0,0,0,0,0,0,0
27.65,1059,0,0,0,0,0,0,0,0,0,0
27.700000000000003,929,0,0,0,0,0,0,0,0,0,0
27.75,1050,0,0,0,0,0,0,0,0,0,0
27.8,1077,0,0,0,0,0,0,0,0,0,0
27.85,960,0,0,0,0,0,0,0,0,0,0
27.9,1068,0,0,0,0,0,0,0,0,0,0
27.950000000000003,999,0,0,0,0,0,0,0,0,0,0
28.0,1026,0,0,0,0,0,0,0,0,0,0
28.05,1023,0,0,0,0,0,0,0,0,0,0
28.1,1040,0,0,0,0,0,0,0,0,0,0
28.15,952,0,0,0,0,0,0,0,0,0,0
28.200000000000003,975,0,0,0,0,0,0,0,0,0,0
28.25,1041,0,0,0,0,0,0,0,0,0,0
28.3,1037,0,0,0,0,0,0,0,0,0,0
28.35,1060,0,0,0,0,0,0,0,0,0,0
28.4,1025,0,0,0,0,0,0,0,0,0,0
28.450000000000003,1070,0,0,0,0,0,0,0,0,0,0
28.5,1023,0,0,0,0,0,0,0,0,0,0
28.55,1033,0,0,0,0,0,0,0,0,0,0
28.6,992,0,0,0,0,0,0,0,0,0,0
28.65,975,0,0,0,0,0,0,0,0,0,0
28.700000000000003,1006,0,0,0,0,0,0,0,0,0,0
28.75,1029,0,0,0,0,0,0,0,0,0,0
28.8,1012,0,0,0,0,0,0,0,0,0,0
28.85,1043,0,0,0,0,0,0,0,0,0,0
28.9,1039,0,0,0,0,0,0,0,0,0,0
28.950000000000003,1099,0,0,0,0,0,0,0,0,0,0
29.0,1028,0,0,0,0,0,0,0,0,0,0
29.05,1060,0,0,0,0,0,0,0,0,0,0
29.1,1015,0,0,0,0,0,0,0,0,0,0
29.15,1023,0,0,0,0,0,0,0,0,0,0
29.200000000000003,962,0,0,0,0,0,0,0,0,0,0
29.25,1032,0,0,0,0,0,0,0,0,0,0
29.3,1044,0,0,0,0,0,0,0,0,0,0
29.35,1011,0,0,0,0,0,0,0,0,0,0
29.4,1059,0,0,0,0,0,0,0,0,0,0
29.450000000000003,1050,0,0,0,0,0,0,0,0,0,0
29.5,1025,0,0,0,0,0,0,0,0,0,0
29.55,1034,0,0,0,0,0,0,0,0,0,0
29.6,1073,0,0,0,0,0,0,0,0,0,0
29.65,1002,0,0,0,0,0,0,0,0,0,0
29.700000000000003,994,0,0,0,0,0,0,0,0,0,0
29.75,1023,0,0,0,0,0,0,0,0,0,0
29.8,1011,0,0,0,0,0,0,0,0,0,0
29.85,1021,0,0,0,0,0,0,0,0,0,0
29.9,1011,0,0,0,0,0,0,0,0,0,0
29.950000000000003,1075,0,0,0,0,0,0,0,0,0,0
30.0,987,0,0,0,0,0,0,0,0,0,0
30.05,1058,0,0,0,0,0,0,0,0,0,0
30.1,1029,0,0,0,0,0,0,0,0,0,0
30.15,1045,0,0,0,0,0,0,0,0,0,0
30.200000000000003,1029,0,0,0,0,0,0,0,0,0,0
30.25,1045,0,0,0,0,0,0,0,0,0,0
30.3,1055,0,0,0,0,0,0,0,0,0,0
30.35,1009,0,0,0,0,0,0,0,0,0,0
30.4,1022,0,0,0,0,0,0,0,0,0,0
30.450000000000003,1023,0,0,0,0,0,0,0,0,0,0
30.5,1010,0,0,0,0,0,0,0,0,0,0
30.55,1019,0,0,0,0,0,0,0,0,0,0
30.6,1013,0,0,0,0,0,0,0,0,0,0
30.65,1039,0,0,0,0,0,0,0,0,0,0
30.700000000000003,1032,0,0,0,0,0,0,0,0,0,0
30.75,1070,0,0,0,0,0,0,0,0,0,0
30.8,1039,0,0,0,0,0,0,0,0,0,0
30.85,1022,0,0,0,0,0,0,0,0,0,0
30.9,1015,0,0,0,0,0,0,0,0,0,0
30.950000000000003,1073,0,0,0,0,0,0,0,0,0,0
31.0,978,0,0,0,0,0,0,0,0,0,0
31.05,1046,0,0,0,0,0,0,0,0,0,0
31.1,962,0,0,0,0,0,0,0,0,0,0
31.15,1028,0,0,0,0,0,0,0,0,0,0
31.200000000000003,1084,0,0,0,0,0,0,0,0,0,0
31.25,1027,0,0,0,0,0,0,0,0,0,0
31.3,1017,0,0,0,0,0,0,0,0,0,0
31.35,1057,0,0,0,0,0,0,0,0,0,0
31.4,1017,0,0,0,0,0,0,0,0,0,0
31.450000000000003,1020,0,0,0,0,0,0,0,0,0,0
31.5,1006,0,0,0,0,0,0,0,0,0,0
31.55,1076,0,0,0,0,0,0,0,0,0,0
31.6,989,0,0,0,0,0,0,0,0,0,0
31.65,1038,0,0,0,0,0,0,0,0,0,0
31.700000000000003,994,0,0,0,0,0,0,0,0,0,0
31.75,1031,0,0,0,0,0,0,0,0,0,0
31.8,1035,0,0,0,0,0,0,0,0,0,0
31.85,1068,0,0,0,0,0,0,0,0,0,0
31.9,1010,0,0,0,0,0,0,0,0,0,0
31.950000000000003,1056,0,0,0,0,0,0,0,0,0,0
32.0,1037,0,0,0,0,0,0,0,0,0,0
32.05,1055,0,0,0,0,0,0,0,0,0,0
32.1,989,0,0,0,0,0,0,0,0,0,0
32.150000000000006,1015,0,0,0,0,0,0,0,0,0,0
32.2,1057,0,0,0,0,0,0,0,0,0,0
32.25,1019,0,0,0,0,0,0,0,0,0,0
32.3,905,0,0,0,0,0,0,0,0,0,0
32.35,843,0,0,0,0,0,0,0,0,0,0
32.400000000000006,702,0,0,0,0,0,0,0,0,0,0
32.45,590,0,0,0,0,0,0,0,0,0,0
32.5,478,0,0,0,0,0,0,0,0,0,0
32.55,335,0,0,0,0,0,0,0,0,0,0
32.6,181,0,0,0,0,0,0,0,0,0,0
32.650000000000006,64,0,0,0,0,0,0,0,0,0,0
*****
16 , 0.05 , 1000 , 0.6 , 1 , 10 , 100 , 0.75 , 1.0 , 0.85 , 1.0 , .055
16.0,1000,277,467,208,467,0,285,461,217,461,0
16.05,1022,329,485,207,485,0,339,499,234,499,0
16.1,1012,320,500,226,500,0,358,491,252,491,0
16.15,1000,260,454,204,454,0,315,470,224,470,0
16.2,1005,257,480,236,480,0,336,495,241,495,0
16.25,1014,282,494,217,494,0,319,512,208,512,0
16.3,1004,273,497,259,497,0,305,529,223,529,0
16.35,983,308,502,258,502,0,324,496,213,496,0
16.4,1002,287,478,262,478,0,296,500,237,500,0
16.45,1008,242,444,296,444,0,252,470,294,470,0
16.5,1020,253,455,280,455,0,270,486,283,486,0
16.55,1035,258,481,268,481,0,295,469,304,469,0
16.6,990,262,478,265,478,0,310,461,313,461,0
16.65,1018,255,483,286,483,0,312,472,320,472,0
16.7,981,265,438,240,438,0,336,440,276,440,0
16.75,1034,262,486,242,486,0,334,475,252,475,0
16.8,988,219,450,196,450,0,288,458,207,458,0
16.85,985,187,460,158,460,0,228,442,160,442,0
16.9,996,178,468,154,468,0,188,455,173,455,0
16.95,1025,188,463,176,463,0,211,448,190,448,0
17.0,990,160,446,156,446,0,178,442,174,442,0
17.05,988,161,424,195,424,0,186,421,214,421,0
17.1,985,153,421,156,421,0,186,408,186,408,0
17.15,1046,155,458,186,458,0,204,457,214,457,0
17.2,1033,125,436,166,436,0,173,436,203,436,0
17.25,987,113,406,131,406,0,157,416,154,416,0
17.3,1036,116,453,149,453,0,158,444,154,444,0
17.35,1016,90,368,105,368,0,107,389,122,389,0
17.4,988,91,361,106,361,0,100,373,120,373,0
17.45,1031,82,356,116,356,0,90,377,118,377,0
17.5,973,63,313,82,313,0,75,305,91,305,0
17.55,1031,56,328,78,328,0,74,337,97,337,0
17.6,1030,47,278,80,278,0,60,301,95,301,0
17.65,988,42,259,78,259,0,44,265,84,265,0
17.7,968,34,228,57,228,0,43,230,61,230,0
17.75,948,29,225,52,225,0,31,220,64,220,0
17.8,1005,34,221,45,221,0,37,206,55,206,0
17.85,936,13,167,32,167,0,17,162,37,162,0
17.9,1040,18,159,41,159,0,19,145,47,145,0
17.95,1043,17,175,38,175,0,21,148,44,148,0
18.0,1039,17,144,29,144,0,18,136,37,136,0
18.05,1024,6,116,28,116,0,6,109,28,109,0
18.1,983,7,89,23,89,0,8,87,26,87,0
18.15,1019,15,110,22,110,0,15,94,20,94,0
18.2,962,4,90,17,90,0,3,76,18,76,0
18.25,1044,4,68,15,68,0,3,57,19,57,0
18.3,1022,3,54,16,54,0,3,44,15,44,0
18.35,1019,3,59,17,59,0,1,51,16,51,0
18.4,992,4,46,9,46,0,4,39,8,39,0
18.45,999,2,35,4,35,0,2,27,5,27,0
18.5,994,5,32,8,32,0,3,27,9,27,0
18.55,998,2,39,13,39,0,3,33,13,33,0
18.6,1008,0,26,9,26,0,0,21,8,21,0
18.65,983,1,21,4,21,0,1,17,3,17,0
18.7,1002,1,12,2,12,0,1,12,2,12,0
18.75,964,1,12,0,12,0,1,8,0,8,0
18.8,1055,0,13,3,13,0,0,10,3,10,0
18.85,1028,0,3,0,3,0,0,3,0,3,0
18.9,985,0,7,1,7,0,0,6,1,6,0
18.95,1012,2,6,2,6,0,2,4,1,4,0
19.0,1038,0,3,0,3,0,0,3,0,3,0
19.05,981,0,1,1,1,0,0,1,1,1,0
19.1,1009,0,1,1,1,0,0,1,0,1,0
19.15,1018,0,3,0,3,0,0,3,0,3,0
19.2,1050,1,4,0,4,0,1,4,0,4,0
19.25,971,0,2,0,2,0,0,2,0,2,0
19.3,1010,0,1,0,1,0,0,1,0,1,0
19.35,976,0,0,0,0,0,0,0,0,0,0
19.4,1021,0,1,0,1,0,0,1,0,1,0
19.45,1025,0,0,0,0,0,0,0,0,0,0
19.5,967,0,0,0,0,0,0,0,0,0,0
19.55,993,0,0,0,0,0,0,0,0,0,0
19.6,981,0,0,0,0,0,0,0,0,0,0
19.65,1052,0,0,0,0,0,0,0,0,0,0
19.7,949,0,0,0,0,0,0,0,0,0,0
19.75,986,0,0,0,0,0,0,0,0,0,0
19.8,1035,0,1,0,1,0,0,1,0,1,0
19.85,1047,0,0,0,0,0,0,0,0,0,0
19.9,1034,0,0,0,0,0,0,0,0,0,0
19.95,973,0,0,0,0,0,0,0,0,0,0
20.0,1025,0,0,0,0,0,0,0,0,0,0
20.05,986,0,0,0,0,0,0,0,0,0,0
20.1,1025,0,0,0,0,0,0,0,0,0,0
20.15,974,0,0,0,0,0,0,0,0,0,0
20.2,1024,0,0,0,0,0,0,0,0,0,0
20.25,968,0,0,0,0,0,0,0,0,0,0
20.3,1013,0,0,0,0,0,0,0,0,0,0
20.35,1003,0,0,0,0,0,0,0,0,0,0
20.4,994,0,0,0,0,0,0,0,0,0,0
20.45,971,0,0,0,0,0,0,0,0,0,0
20.5,1047,0,0,0,0,0,0,0,0,0,0
20.55,1007,0,0,0,0,0,0,0,0,0,0
20.6,1007,0,0,0,0,0,0,0,0,0,0
20.65,1037,0,0,0,0,0,0,0,0,0,0
20.7,994,0,0,0,0,0,0,0,0,0,0
20.75,1023,0,0,0,0,0,0,0,0,0,0
20.8,973,0,0,0,0,0,0,0,0,0,0
20.85,1024,0,0,0,0,0,0,0,0,0,0
20.9,976,0,0,0,0,0,0,0,0,0,0
20.95,1023,0,0,0,0,0,0,0,0,0,0
21.0,1021,0,0,0,0,0,0,0,0,0,0
21.05,986,0,0,0,0,0,0,0,0,0,0
21.1,1002,0,0,0,0,0,0,0,0,0,0
21.15,990,0,0,0,0,0,0,0,0,0,0
21.2,985,0,0,0,0,0,0,0,0,0,0
21.25,1014,0,0,0,0,0,0,0,0,0,0
21.3,989,0,0,0,0,0,0,0,0,0,0
21.35,1061,0,0,0,0,0,0,0,0,0,0
21.4,959,0,0,0,0,0,0,0,0,0,0
21.45,1007,0,0,0,0,0,0,0,0,0,0
21.5,1001,0,0,0,0,0,0,0,0,0,0
21.55,1061,0,0,0,0,0,0,0,0,0,0
21.6,975,0,0,0,0,0,0,0,0,0,0
21.65,1028,0,0,0,0,0,0,0,0,0,0
21.7,982,0,0,0,0,0,0,0,0,0,0
21.75,1043,0,0,0,0,0,0,0,0,0,0
21.8,968,0,0,0,0,0,0,0,0,0,0
21.85,1001,0,0,0,0,0,0,0,0,0,0
21.9,1007,0,0,0,0,0,0,0,0,0,0
21.95,996,0,0,0,0,0,0,0,0,0,0
22.0,981,0,0,0,0,0,0,0,0,0,0
22.05,1030,0,0,0,0,0,0,0,0,0,0
22.1,986,0,0,0,0,0,0,0,0,0,0
22.15,1001,0,0,0,0,0,0,0,0,0,0
22.2,998,0,0,0,0,0,0,0,0,0,0
22.25,981,0,0,0,0,0,0,0,0,0,0
22.3,1034,0,0,0,0,0,0,0,0,0,0
22.35,1035,0,0,0,0,0,0,0,0,0,0
22.4,1070,0,0,0,0,0,0,0,0,0,0
22.45,1062,0,0,0,0,0,0,0,0,0,0
22.5,1022,0,0,0,0,0,0,0,0,0,0
22.55,947,0,0,0,0,0,0,0,0,0,0
22.6,1001,0,0,0,0,0,0,0,0,0,0
22.65,966,0,0,0,0,0,0,0,0,0,0
22.7,1010,0,0,0,0,0,0,0,0,0,0
22.75,935,0,0,0,0,0,0,0,0,0,0
22.8,1020,0,0,0,0,0,0,0,0,0,0
22.85,1026,0,0,0,0,0,0,0,0,0,0
22.9,1025,0,0,0,0,0,0,0,0,0,0
22.95,951,0,0,0,0,0,0,0,0,0,0
23.0,983,0,0,0,0,0,0,0,0,0,0
23.05,1005,0,0,0,0,0,0,0,0,0,0
23.1,1030,0,0,0,0,0,0,0,0,0,0
23.15,1019,0,0,0,0,0,0,0,0,0,0
23.2,1047,0,0,0,0,0,0,0,0,0,0
23.25,1022,0,0,0,0,0,0,0,0,0,0
23.3,998,0,0,0,0,0,0,0,0,0,0
23.35,1051,0,0,0,0,0,0,0,0,0,0
23.4,1020,0,0,0,0,0,0,0,0,0,0
23.45,1026,0,0,0,0,0,0,0,0,0,0
23.5,944,0,0,0,0,0,0,0,0,0,0
23.55,973,0,0,0,0,0,0,0,0,0,0
23.6,1003,0,0,0,0,0,0,0,0,0,0
23.65,916,0,0,0,0,0,0,0,0,0,0
23.7,1001,0,0,0,0,0,0,0,0,0,0
23.75,1047,0,0,0,0,0,0,0,0,0,0
23.8,1018,0,0,0,0,0,0,0,0,0,0
23.85,1002,0,0,0,0,0,0,0,0,0,0
23.9,997,0,0,0,0,0,0,0,0,0,0
23.95,990,0,0,0,0,0,0,0,0,0,0
24.0,1031,0,0,0,0,0,0,0,0,0,0
24.05,1062,0,0,0,0,0,0,0,0,0,0
24.1,1037,0,0,0,0,0,0,0,0,0,0
24.15,997,0,0,0,0,0,0,0,0,0,0
24.200000000000003,929,0,0,0,0,0,0,0,0,0,0
24.25,966,0,0,0,0,0,0,0,0,0,0
24.3,977,0,0,0,0,0,0,0,0,0,0
24.35,1016,0,0,0,0,0,0,0,0,0,0
24.4,1032,0,0,0,0,0,0,0,0,0,0
24.450000000000003,984,0,0,0,0,0,0,0,0,0,0
24.5,1038,0,0,0,0,0,0,0,0,0,0
24.55,957,0,0,0,0,0,0,0,0,0,0
24.6,1026,0,0,0,0,0,0,0,0,0,0
24.65,1010,0,0,0,0,0,0,0,0,0,0
24.700000000000003,1022,0,0,0,0,0,0,0,0,0,0
24.75,1069,0,0,0,0,0,0,0,0,0,0
24.8,973,0,0,0,0,0,0,0,0,0,0
24.85,1039,0,0,0,0,0,0,0,0,0,0
24.9,954,0,0,0,0,0,0,0,0,0,0
24.950000000000003,995,0,0,0,0,0,0,0,0,0,0
25.0,1041,0,0,0,0,0,0,0,0,0,0
25.05,949,0,0,0,0,0,0,0,0,0,0
25.1,998,0,0,0,0,0,0,0,0,0,0
25.15,1001,0,0,0,0,0,0,0,0,0,0
25.200000000000003,1050,0,0,0,0,0,0,0,0,0,0
25.25,1024,0,0,0,0,0,0,0,0,0,0
25.3,964,0,0,0,0,0,0,0,0,0,0
25.35,1016,0,0,0,0,0,0,0,0,0,0
25.4,996,0,0,0,0,0,0,0,0,0,0
25.450000000000003,1009,0,0,0,0,0,0,0,0,0,0
25.5,1019,0,0,0,0,0,0,0,0,0,0
25.55,967,0,0,0,0,0,0,0,0,0,0
25.6,977,0,0,0,0,0,0,0,0,0,0
25.65,1043,0,0,0,0,0,0,0,0,0,0
25.700000000000003,986,0,0,0,0,0,0,0,0,0,0
25.75,954,0,0,0,0,0,0,0,0,0,0
25.8,1070,0,0,0,0,0,0,0,0,0,0
25.85,1034,0,0,0,0,0,0,0,0,0,0
25.9,1036,0,0,0,0,0,0,0,0,0,0
25.950000000000003,1019,0,0,0,0,0,0,0,0,0,0
26.0,1009,0,0,0,0,0,0,0,0,0,0
26.05,1012,0,0,0,0,0,0,0,0,0,0
26.1,977,0,0,0,0,0,0,0,0,0,0
26.15,951,0,0,0,0,0,0,0,0,0,0
26.200000000000003,950,0,0,0,0,0,0,0,0,0,0
26.25,1024,0,0,0,0,0,0,0,0,0,0
26.3,1025,0,0,0,0,0,0,0,0,0,0
26.35,1063,0,0,0,0,0,0,0,0,0,0
26.4,1019,0,0,0,0,0,0,0,0,0,0
26.450000000000003,1025,0,0,0,0,0,0,0,0,0,0
26.5,987,0,0,0,0,0,0,0,0,0,0
26.55,942,0,0,0,0,0,0,0,0,0,0
26.6,995,0,0,0,0,0,0,0,0,0,0
26.65,992,0,0,0,0,0,0,0,0,0,0
26.700000000000003,1010,0,0,0,0,0,0,0,0,0,0
26.75,1049,0,0,0,0,0,0,0,0,0,0
26.8,1029,0,0,0,0,0,0,0,0,0,0
26.85,1024,0,0,0,0,0,0,0,0,0,0
26.9,999,0,0,0,0,0,0,0,0,0,0
26.950000000000003,1038,0,0,0,0,0,0,0,0,0,0
27.0,981,0,0,0,0,0,0,0,0,0,0
27.05,942,0,0,0,0,0,0,0,0,0,0
27.1,1032,0,0,0,0,0,0,0,0,0,0
27.15,993,0,0,0,0,0,0,0,0,0,0
27.200000000000003,1012,0,0,0,0,0,0,0,0,0,0
27.25,1041,0,0,0,0,0,0,0,0,0,0
27.3,990,0,0,0,0,0,0,0,0,0,0
27.35,1041,0,0,0,0,0,0,0,0,0,0
27.4,980,0,0,0,0,0,0,0,0,0,0
27.450000000000003,989,0,0,0,0,0,0,0,0,0,0
27.5,982,0,0,0,0,0,0,0,0,0,0
27.55,999,0,0,0,0,0,0,0,0,0,0
27.6,990,0,0,0,0,0,0,0,0,0,0
27.65,951,0,0,0,0,0,0,0,0,0,0
27.700000000000003,1041,0,0,0,0,0,0,0,0,0,0
27.75,1026,0,0,0,0,0,0,0,0,0,0
27.8,1050,0,0,0,0,0,0,0,0,0,0
27.85,1041,0,0,0,0,0,0,0,0,0,0
27.9,977,0,0,0,0,0,0,0,0,0,0
27.950000000000003,977,0,0,0,0,0,0,0,0,0,0
28.0,1002,0,0,0,0,0,0,0,0,0,0
28.05,980,0,0,0,0,0,0,0,0,0,0
28.1,1048,0,0,0,0,0,0,0,0,0,0
28.15,975,0,0,0,0,0,0,0,0,0,0
28.200000000000003,1012,0,0,0,0,0,0,0,0,0,0
28.25,1072,0,0,0,0,0,0,0,0,0,0
28.3,979,0,0,0,0,0,0,0,0,0,0
28.35,1019,0,0,0,0,0,0,0,0,0,0
28.4,1022,0,0,0,0,0,0,0,0,0,0
28.450000000000003,950,0,0,0,0,0,0,0,0,0,0
28.5,1007,0,0,0,0,0,0,0,0,0,0
28.55,978,0,0,0,0,0,0,0,0,0,0
28.6,1018,0,0,0,0,0,0,0,0,0,0
28.65,990,0,0,0,0,0,0,0,0,0,0
28.700000000000003,987,0,0,0,0,0,0,0,0,0,0
28.75,1001,0,0,0,0,0,0,0,0,0,0
28.8,1007,0,0,0,0,0,0,0,0,0,0
28.85,1023,0,0,0,0,0,0,0,0,0,0
28.9,1025,0,0,0,0,0,0,0,0,0,0
28.950000000000003,963,0,0,0,0,0,0,0,0,0,0
29.0,1023,0,0,0,0,0,0,0,0,0,0
29.05,1021,0,0,0,0,0,0,0,0,0,0
29.1,1020,0,0,0,0,0,0,0,0,0,0
29.15,1045,0,0,0,0,0,0,0,0,0,0
29.200000000000003,994,0,0,0,0,0,0,0,0,0,0
29.25,960,0,0,0,0,0,0,0,0,0,0
29.3,1006,0,0,0,0,0,0,0,0,0,0
29.35,1048,0,0,0,0,0,0,0,0,0,0
29.4,996,0,0,0,0,0,0,0,0,0,0
29.450000000000003,962,0,0,0,0,0,0,0,0,0,0
29.5,1040,0,0,0,0,0,0,0,0,0,0
29.55,965,0,0,0,0,0,0,0,0,0,0
29.6,1021,0,0,0,0,0,0,0,0,0,0
29.65,985,0,0,0,0,0,0,0,0,0,0
29.700000000000003,1028,0,0,0,0,0,0,0,0,0,0
29.75,979,0,0,0,0,0,0,0,0,0,0
29.8,1068,0,0,0,0,0,0,0,0,0,0
29.85,994,0,0,0,0,0,0,0,0,0,0
29.9,992,0,0,0,0,0,0,0,0,0,0
29.950000000000003,1001,0,0,0,0,0,0,0,0,0,0
30.0,1035,0,0,0,0,0,0,0,0,0,0
30.05,1039,0,0,0,0,0,0,0,0,0,0
30.1,1022,0,0,0,0,0,0,0,0,0,0
30.15,1013,0,0,0,0,0,0,0,0,0,0
30.200000000000003,974,0,0,0,0,0,0,0,0,0,0
30.25,982,0,0,0,0,0,0,0,0,0,0
30.3,1010,0,0,0,0,0,0,0,0,0,0
30.35,986,0,0,0,0,0,0,0,0,0,0
30.4,937,0,0,0,0,0,0,0,0,0,0
30.450000000000003,1016,0,0,0,0,0,0,0,0,0,0
30.5,1051,0,0,0,0,0,0,0,0,0,0
30.55,991,0,0,0,0,0,0,0,0,0,0
30.6,1036,0,0,0,0,0,0,0,0,0,0
30.65,1022,0,0,0,0,0,0,0,0,0,0
30.700000000000003,985,0,0,0,0,0,0,0,0,0,0
30.75,1017,0,0,0,0,0,0,0,0,0,0
30.8,1016,0,0,0,0,0,0,0,0,0,0
30.85,1020,0,0,0,0,0,0,0,0,0,0
30.9,982,0,0,0,0,0,0,0,0,0,0
30.950000000000003,982,0,0,0,0,0,0,0,0,0,0
31.0,1031,0,0,0,0,0,0,0,0,0,0
31.05,1034,0,0,0,0,0,0,0,0,0,0
31.1,1076,0,0,0,0,0,0,0,0,0,0
31.15,951,0,0,0,0,0,0,0,0,0,0
31.200000000000003,992,0,0,0,0,0,0,0,0,0,0
31.25,949,0,0,0,0,0,0,0,0,0,0
31.3,976,0,0,0,0,0,0,0,0,0,0
31.35,995,0,0,0,0,0,0,0,0,0,0
31.4,1031,0,0,0,0,0,0,0,0,0,0
31.450000000000003,983,0,0,0,0,0,0,0,0,0,0
31.5,1038,0,0,0,0,0,0,0,0,0,0
31.55,1014,0,0,0,0,0,0,0,0,0,0
31.6,1013,0,0,0,0,0,0,0,0,0,0
31.65,1018,0,0,0,0,0,0,0,0,0,0
31.700000000000003,994,0,0,0,0,0,0,0,0,0,0
31.75,1035,0,0,0,0,0,0,0,0,0,0
31.8,1006,0,0,0,0,0,0,0,0,0,0
31.85,1018,0,0,0,0,0,0,0,0,0,0
31.9,979,0,0,0,0,0,0,0,0,0,0
31.950000000000003,1037,0,0,0,0,0,0,0,0,0,0
32.0,942,0,0,0,0,0,0,0,0,0,0
32.05,1013,0,0,0,0,0,0,0,0,0,0
32.1,961,0,0,0,0,0,0,0,0,0,0
32.150000000000006,975,0,0,0,0,0,0,0,0,0,0
32.2,1032,0,0,0,0,0,0,0,0,0,0
32.25,1042,0,0,0,0,0,0,0,0,0,0
32.3,1050,0,0,0,0,0,0,0,0,0,0
32.35,968,0,0,0,0,0,0,0,0,0,0
32.400000000000006,1045,0,0,0,0,0,0,0,0,0,0
32.45,1017,0,0,0,0,0,0,0,0,0,0
32.5,1026,0,0,0,0,0,0,0,0,0,0
32.55,1035,0,0,0,0,0,0,0,0,0,0
32.6,924,0,0,0,0,0,0,0,0,0,0
32.650000000000006,800,0,0,0,0,0,0,0,0,0,0
32.7,704,0,0,0,0,0,0,0,0,0,0
32.75,557,0,0,0,0,0,0,0,0,0,0
32.8,461,0,0,0,0,0,0,0,0,0,0
32.85,286,0,0,0,0,0,0,0,0,0,0
32.900000000000006,180,0,0,0,0,0,0,0,0,0,0
32.95,63,0,0,0,0,0,0,0,0,0,0
