*****
16,0.05,1000,0,1,10,100,0.85,1.0,0.65,1.0,0.01
16,1000,1000,1000,886,1000,0,0,0,0,0,0
16.05,1054,1054,1054,953,1054,0,0,0,0,0,0
16.1,987,987,987,885,987,0,0,0,0,0,0
16.150000000000002,1040,1040,1040,940,1040,0,0,0,0,0,0
16.200000000000003,1016,1016,1016,913,1016,0,0,0,0,0,0
16.250000000000004,1062,1062,1062,977,1062,0,0,0,0,0,0
16.300000000000004,1029,1029,1029,933,1029,0,0,0,0,0,0
16.350000000000005,1026,1023,1026,932,1026,0,0,0,0,0,0
16.400000000000006,1043,1037,1041,933,1041,0,0,0,0,0,0
16.450000000000006,1058,1055,1057,947,1057,0,0,0,0,0,0
16.500000000000007,1103,1089,1098,1012,1098,0,0,0,0,0,0
16.550000000000008,1059,1035,1050,949,1050,0,0,0,0,0,0
16.60000000000001,1065,1030,1053,937,1053,0,0,0,0,0,0
16.65000000000001,1035,978,1007,903,1007,0,0,0,0,0,0
16.70000000000001,1017,938,975,839,975,0,0,0,0,0,0
16.75000000000001,1024,910,948,846,948,0,0,0,0,0,0
16.80000000000001,1021,868,916,822,916,0,0,0,0,0,0
16.850000000000012,1042,865,926,790,926,0,0,0,0,0,0
16.900000000000013,1057,786,870,775,870,0,0,0,0,0,0
16.950000000000014,986,678,766,705,766,0,0,0,0,0,0
17.000000000000014,1072,673,790,731,790,0,0,0,0,0,0
17.050000000000015,1070,617,741,697,741,0,0,0,0,0,0
17.100000000000016,1051,541,662,649,662,0,0,0,0,0,0
17.150000000000016,1046,462,584,622,584,0,0,0,0,0,0
17.200000000000017,1003,352,488,538,488,0,0,0,0,0,0
17.250000000000018,1040,332,461,527,461,0,0,0,0,0,0
17.30000000000002,1109,270,384,519,384,0,0,0,0,0,0
17.35000000000002,1080,200,324,478,324,0,0,0,0,0,0
17.40000000000002,1038,189,274,422,274,0,0,0,0,0,0
17.45000000000002,1034,161,258,387,258,0,0,0,0,0,0
17.50000000000002,1049,109,215,393,215,0,0,0,0,0,0
17.550000000000022,1061,101,151,336,151,0,0,0,0,0,0
17.600000000000023,999,59,119,305,119,0,0,0,0,0,0
17.650000000000023,1044,49,111,316,111,0,0,0,0,0,0
17.700000000000024,1041,29,77,246,77,0,0,0,0,0,0
17.750000000000025,1031,30,78,250,78,0,0,0,0,0,0
17.800000000000026,1069,13,45,236,45,0,0,0,0,0,0
17.850000000000026,1073,20,45,208,45,0,0,0,0,0,0
17.900000000000027,1026,16,25,176,25,0,0,0,0,0,0
17.950000000000028,1023,17,36,134,36,0,0,0,0,0,0
18.00000000000003,1099,8,29,142,29,0,0,0,0,0,0
18.05000000000003,1033,6,14,108,14,0,0,0,0,0,0
18.10000000000003,1035,1,12,108,12,0,0,0,0,0,0
18.15000000000003,972,1,7,79,7,0,0,0,0,0,0
18.20000000000003,1046,0,6,87,6,0,0,0,0,0,0
18.250000000000032,1035,2,6,74,6,0,0,0,0,0,0
18.300000000000033,1050,0,1,66,1,0,0,0,0,0,0
18.350000000000033,1051,1,4,44,4,0,0,0,0,0,0
18.400000000000034,1024,1,1,40,1,0,0,0,0,0,0
18.450000000000035,1043,1,2,36,2,0,0,0,0,0,0
18.500000000000036,1017,0,1,34,1,0,0,0,0,0,0
18.550000000000036,1032,0,2,28,2,0,0,0,0,0,0
18.600000000000037,1065,0,4,20,4,0,0,0,0,0,0
18.650000000000038,1046,1,1,14,1,0,0,0,0,0,0
18.70000000000004,1000,0,0,13,0,0,0,0,0,0,0
18.75000000000004,987,0,0,20,0,0,0,0,0,0,0
18.80000000000004,1026,0,0,13,0,0,0,0,0,0,0
18.85000000000004,1032,0,0,10,0,0,0,0,0,0,0
18.90000000000004,973,0,0,8,0,0,0,0,0,0,0
18.950000000000042,1029,0,0,4,0,0,0,0,0,0,0
19.000000000000043,968,0,0,4,0,0,0,0,0,0,0
19.050000000000043,928,0,0,1,0,0,0,0,0,0,0
19.100000000000044,931,0,0,3,0,0,0,0,0,0,0
19.150000000000045,913,0,0,3,0,0,0,0,0,0,0
19.200000000000045,905,0,0,4,0,0,0,0,0,0,0
19.250000000000046,859,0,0,1,0,0,0,0,0,0,0
19.300000000000047,884,0,0,1,0,0,0,0,0,0,0
19.350000000000048,830,0,0,0,0,0,0,0,0,0,0
19.40000000000005,799,0,0,0,0,0,0,0,0,0,0
19.45000000000005,777,0,0,0,0,0,0,0,0,0,0
19.50000000000005,677,0,0,0,0,0,0,0,0,0,0
19.55000000000005,643,0,0,0,0,0,0,0,0,0,0
19.60000000000005,622,0,0,1,0,0,0,0,0,0,0
19.650000000000052,543,0,0,0,0,0,0,0,0,0,0
19.700000000000053,544,0,0,0,0,0,0,0,0,0,0
19.750000000000053,468,0,0,0,0,0,0,0,0,0,0
19.800000000000054,391,0,0,0,0,0,0,0,0,0,0
19.850000000000055,309,0,0,0,0,0,0,0,0,0,0
19.900000000000055,313,0,0,0,0,0,0,0,0,0,0
19.950000000000056,242,0,0,0,0,0,0,0,0,0,0
20.000000000000057,228,0,0,0,0,0,0,0,0,0,0
20.050000000000058,249,0,0,0,0,0,0,0,0,0,0
20.10000000000006,192,0,0,0,0,0,0,0,0,0,0
20.15000000000006,164,0,0,0,0,0,0,0,0,0,0
20.20000000000006,120,0,0,0,0,0,0,0,0,0,0
20.25000000000006,82,0,0,0,0,0,0,0,0,0,0
20.30000000000006,47,0,0,0,0,0,0,0,0,0,0
20.350000000000062,12,0,0,0,0,0,0,0,0,0,0
20.400000000000063,21,0,0,0,0,0,0,0,0,0,0
20.450000000000063,11,0,0,0,0,0,0,0,0,0,0
20.500000000000064,19,0,0,0,0,0,0,0,0,0,0
20.550000000000065,15,0,0,0,0,0,0,0,0,0,0
20.600000000000065,12,0,0,0,0,0,0,0,0,0,0
20.650000000000066,0,0,0,0,0,0,0,0,0,0,0
20.700000000000067,0,0,0,0,0,0,0,0,0,0,0
20.750000000000068,0,0,0,0,0,0,0,0,0,0,0
20.800000000000068,0,0,0,0,0,0,0,0,0,0,0
20.85000000000007,0,0,0,0,0,0,0,0,0,0,0
20.90000000000007,0,0,0,0,0,0,0,0,0,0,0
20.95000000000007,0,0,0,0,0,0,0,0,0,0,0
21.00000000000007,0,0,0,0,0,0,0,0,0,0,0
21.05000000000007,0,0,0,0,0,0,0,0,0,0,0
21.100000000000072,0,0,0,0,0,0,0,0,0,0,0
21.150000000000073,0,0,0,0,0,0,0,0,0,0,0
21.200000000000074,0,0,0,0,0,0,0,0,0,0,0
21.250000000000075,0,0,0,0,0,0,0,0,0,0,0
21.300000000000075,0,0,0,0,0,0,0,0,0,0,0
21.350000000000076,0,0,0,0,0,0,0,0,0,0,0
21.400000000000077,0,0,0,0,0,0,0,0,0,0,0
21.450000000000077,0,0,0,0,0,0,0,0,0,0,0
21.500000000000078,0,0,0,0,0,0,0,0,0,0,0
21.55000000000008,0,0,0,0,0,0,0,0,0,0,0
21.60000000000008,0,0,0,0,0,0,0,0,0,0,0
21.65000000000008,0,0,0,0,0,0,0,0,0,0,0
21.70000000000008,0,0,0,0,0,0,0,0,0,0,0
21.75000000000008,0,0,0,0,0,0,0,0,0,0,0
21.800000000000082,0,0,0,0,0,0,0,0,0,0,0
21.850000000000083,0,0,0,0,0,0,0,0,0,0,0
21.900000000000084,0,0,0,0,0,0,0,0,0,0,0
21.950000000000085,0,0,0,0,0,0,0,0,0,0,0
22.000000000000085,0,0,0,0,0,0,0,0,0,0,0
22.050000000000086,0,0,0,0,0,0,0,0,0,0,0
22.100000000000087,0,0,0,0,0,0,0,0,0,0,0
22.150000000000087,0,0,0,0,0,0,0,0,0,0,0
22.200000000000088,0,0,0,0,0,0,0,0,0,0,0
22.25000000000009,0,0,0,0,0,0,0,0,0,0,0
22.30000000000009,0,0,0,0,0,0,0,0,0,0,0
22.35000000000009,0,0,0,0,0,0,0,0,0,0,0
22.40000000000009,0,0,0,0,0,0,0,0,0,0,0
22.45000000000009,0,0,0,0,0,0,0,0,0,0,0
22.500000000000092,0,0,0,0,0,0,0,0,0,0,0
22.550000000000093,0,0,0,0,0,0,0,0,0,0,0
22.600000000000094,0,0,0,0,0,0,0,0,0,0,0
22.650000000000095,0,0,0,0,0,0,0,0,0,0,0
22.700000000000095,0,0,0,0,0,0,0,0,0,0,0
22.750000000000096,0,0,0,0,0,0,0,0,0,0,0
22.800000000000097,0,0,0,0,0,0,0,0,0,0,0
22.850000000000097,0,0,0,0,0,0,0,0,0,0,0
22.900000000000098,0,0,0,0,0,0,0,0,0,0,0
22.9500000000001,0,0,0,0,0,0,0,0,0,0,0
23.0000000000001,0,0,0,0,0,0,0,0,0,0,0
23.0500000000001,0,0,0,0,0,0,0,0,0,0,0
23.1000000000001,0,0,0,0,0,0,0,0,0,0,0
23.1500000000001,0,0,0,0,0,0,0,0,0,0,0
23.200000000000102,0,0,0,0,0,0,0,0,0,0,0
23.250000000000103,0,0,0,0,0,0,0,0,0,0,0
23.300000000000104,0,0,0,0,0,0,0,0,0,0,0
23.350000000000104,0,0,0,0,0,0,0,0,0,0,0
23.400000000000105,0,0,0,0,0,0,0,0,0,0,0
23.450000000000106,0,0,0,0,0,0,0,0,0,0,0
23.500000000000107,0,0,0,0,0,0,0,0,0,0,0
23.550000000000107,0,0,0,0,0,0,0,0,0,0,0
23.600000000000108,0,0,0,0,0,0,0,0,0,0,0
23.65000000000011,0,0,0,0,0,0,0,0,0,0,0
23.70000000000011,0,0,0,0,0,0,0,0,0,0,0
23.75000000000011,0,0,0,0,0,0,0,0,0,0,0
23.80000000000011,0,0,0,0,0,0,0,0,0,0,0
23.85000000000011,0,0,0,0,0,0,0,0,0,0,0
23.900000000000112,0,0,0,0,0,0,0,0,0,0,0
23.950000000000113,0,0,0,0,0,0,0,0,0,0,0
24.000000000000114,0,0,0,0,0,0,0,0,0,0,0
24.050000000000114,0,0,0,0,0,0,0,0,0,0,0
24.100000000000115,0,0,0,0,0,0,0,0,0,0,0
24.150000000000116,0,0,0,0,0,0,0,0,0,0,0
24.200000000000117,0,0,0,0,0,0,0,0,0,0,0
24.250000000000117,0,0,0,0,0,0,0,0,0,0,0
24.300000000000118,0,0,0,0,0,0,0,0,0,0,0
24.35000000000012,0,0,0,0,0,0,0,0,0,0,0
24.40000000000012,0,0,0,0,0,0,0,0,0,0,0
24.45000000000012,0,0,0,0,0,0,0,0,0,0,0
24.50000000000012,0,0,0,0,0,0,0,0,0,0,0
24.55000000000012,0,0,0,0,0,0,0,0,0,0,0
24.600000000000122,0,0,0,0,0,0,0,0,0,0,0
24.650000000000123,0,0,0,0,0,0,0,0,0,0,0
24.700000000000124,0,0,0,0,0,0,0,0,0,0,0
24.750000000000124,0,0,0,0,0,0,0,0,0,0,0
24.800000000000125,0,0,0,0,0,0,0,0,0,0,0
24.850000000000126,0,0,0,0,0,0,0,0,0,0,0
24.900000000000126,0,0,0,0,0,0,0,0,0,0,0
24.950000000000127,0,0,0,0,0,0,0,0,0,0,0
25.000000000000128,0,0,0,0,0,0,0,0,0,0,0
25.05000000000013,0,0,0,0,0,0,0,0,0,0,0
25.10000000000013,0,0,0,0,0,0,0,0,0,0,0
25.15000000000013,0,0,0,0,0,0,0,0,0,0,0
25.20000000000013,0,0,0,0,0,0,0,0,0,0,0
25.25000000000013,0,0,0,0,0,0,0,0,0,0,0
25.300000000000132,0,0,0,0,0,0,0,0,0,0,0
25.350000000000133,0,0,0,0,0,0,0,0,0,0,0
25.400000000000134,0,0,0,0,0,0,0,0,0,0,0
25.450000000000134,0,0,0,0,0,0,0,0,0,0,0
25.500000000000135,0,0,0,0,0,0,0,0,0,0,0
25.550000000000136,0,0,0,0,0,0,0,0,0,0,0
25.600000000000136,0,0,0,0,0,0,0,0,0,0,0
25.650000000000137,0,0,0,0,0,0,0,0,0,0,0
25.700000000000138,0,0,0,0,0,0,0,0,0,0,0
25.75000000000014,0,0,0,0,0,0,0,0,0,0,0
25.80000000000014,0,0,0,0,0,0,0,0,0,0,0
25.85000000000014,0,0,0,0,0,0,0,0,0,0,0
25.90000000000014,0,0,0,0,0,0,0,0,0,0,0
25.95000000000014,0,0,0,0,0,0,0,0,0,0,0
26.000000000000142,0,0,0,0,0,0,0,0,0,0,0
26.050000000000143,0,0,0,0,0,0,0,0,0,0,0
26.100000000000144,0,0,0,0,0,0,0,0,0,0,0
26.150000000000144,0,0,0,0,0,0,0,0,0,0,0
26.200000000000145,0,0,0,0,0,0,0,0,0,0,0
26.250000000000146,0,0,0,0,0,0,0,0,0,0,0
26.300000000000146,0,0,0,0,0,0,0,0,0,0,0
26.350000000000147,0,0,0,0,0,0,0,0,0,0,0
26.400000000000148,0,0,0,0,0,0,0,0,0,0,0
26.45000000000015,0,0,0,0,0,0,0,0,0,0,0
26.50000000000015,0,0,0,0,0,0,0,0,0,0,0
26.55000000000015,0,0,0,0,0,0,0,0,0,0,0
26.60000000000015,0,0,0,0,0,0,0,0,0,0,0
26.65000000000015,0,0,0,0,0,0,0,0,0,0,0
26.700000000000152,0,0,0,0,0,0,0,0,0,0,0
26.750000000000153,0,0,0,0,0,0,0,0,0,0,0
26.800000000000153,0,0,0,0,0,0,0,0,0,0,0
26.850000000000154,0,0,0,0,0,0,0,0,0,0,0
26.900000000000155,0,0,0,0,0,0,0,0,0,0,0
26.950000000000156,0,0,0,0,0,0,0,0,0,0,0
27.000000000000156,0,0,0,0,0,0,0,0,0,0,0
27.050000000000157,0,0,0,0,0,0,0,0,0,0,0
27.100000000000158,0,0,0,0,0,0,0,0,0,0,0
27.15000000000016,0,0,0,0,0,0,0,0,0,0,0
27.20000000000016,0,0,0,0,0,0,0,0,0,0,0
27.25000000000016,0,0,0,0,0,0,0,0,0,0,0
27.30000000000016,0,0,0,0,0,0,0,0,0,0,0
27.35000000000016,0,0,0,0,0,0,0,0,0,0,0
27.400000000000162,0,0,0,0,0,0,0,0,0,0,0
27.450000000000163,0,0,0,0,0,0,0,0,0,0,0
27.500000000000163,0,0,0,0,0,0,0,0,0,0,0
27.550000000000164,0,0,0,0,0,0,0,0,0,0,0
27.600000000000165,0,0,0,0,0,0,0,0,0,0,0
27.650000000000166,0,0,0,0,0,0,0,0,0,0,0
27.700000000000166,0,0,0,0,0,0,0,0,0,0,0
27.750000000000167,0,0,0,0,0,0,0,0,0,0,0
27.800000000000168,0,0,0,0,0,0,0,0,0,0,0
27.85000000000017,0,0,0,0,0,0,0,0,0,0,0
27.90000000000017,0,0,0,0,0,0,0,0,0,0,0
27.95000000000017,0,0,0,0,0,0,0,0,0,0,0
28.00000000000017,0,0,0,0,0,0,0,0,0,0,0
28.05000000000017,0,0,0,0,0,0,0,0,0,0,0
28.100000000000172,0,0,0,0,0,0,0,0,0,0,0
28.150000000000173,0,0,0,0,0,0,0,0,0,0,0
28.200000000000173,0,0,0,0,0,0,0,0,0,0,0
28.250000000000174,0,0,0,0,0,0,0,0,0,0,0
28.300000000000175,0,0,0,0,0,0,0,0,0,0,0
28.350000000000176,0,0,0,0,0,0,0,0,0,0,0
28.400000000000176,0,0,0,0,0,0,0,0,0,0,0
28.450000000000177,0,0,0,0,0,0,0,0,0,0,0
28.500000000000178,0,0,0,0,0,0,0,0,0,0,0
28.55000000000018,0,0,0,0,0,0,0,0,0,0,0
28.60000000000018,0,0,0,0,0,0,0,0,0,0,0
28.65000000000018,0,0,0,0,0,0,0,0,0,0,0
28.70000000000018,0,0,0,0,0,0,0,0,0,0,0
28.75000000000018,0,0,0,0,0,0,0,0,0,0,0
28.800000000000182,0,0,0,0,0,0,0,0,0,0,0
28.850000000000183,0,0,0,0,0,0,0,0,0,0,0
28.900000000000183,0,0,0,0,0,0,0,0,0,0,0
28.950000000000184,0,0,0,0,0,0,0,0,0,0,0
29.000000000000185,0,0,0,0,0,0,0,0,0,0,0
29.050000000000185,0,0,0,0,0,0,0,0,0,0,0
29.100000000000186,0,0,0,0,0,0,0,0,0,0,0
29.150000000000187,0,0,0,0,0,0,0,0,0,0,0
29.200000000000188,0,0,0,0,0,0,0,0,0,0,0
29.25000000000019,0,0,0,0,0,0,0,0,0,0,0
29.30000000000019,0,0,0,0,0,0,0,0,0,0,0
29.35000000000019,0,0,0,0,0,0,0,0,0,0,0
29.40000000000019,0,0,0,0,0,0,0,0,0,0,0
29.45000000000019,0,0,0,0,0,0,0,0,0,0,0
29.500000000000192,0,0,0,0,0,0,0,0,0,0,0
29.550000000000193,0,0,0,0,0,0,0,0,0,0,0
29.600000000000193,0,0,0,0,0,0,0,0,0,0,0
29.650000000000194,0,0,0,0,0,0,0,0,0,0,0
29.700000000000195,0,0,0,0,0,0,0,0,0,0,0
29.750000000000195,0,0,0,0,0,0,0,0,0,0,0
29.800000000000196,0,0,0,0,0,0,0,0,0,0,0
29.850000000000197,0,0,0,0,0,0,0,0,0,0,0
29.900000000000198,0,0,0,0,0,0,0,0,0,0,0
29.9500000000002,0,0,0,0,0,0,0,0,0,0,0
30.0000000000002,0,0,0,0,0,0,0,0,0,0,0
30.0500000000002,0,0,0,0,0,0,0,0,0,0,0
30.1000000000002,0,0,0,0,0,0,0,0,0,0,0
30.1500000000002,0,0,0,0,0,0,0,0,0,0,0
30.200000000000202,0,0,0,0,0,0,0,0,0,0,0
30.250000000000203,0,0,0,0,0,0,0,0,0,0,0
30.300000000000203,0,0,0,0,0,0,0,0,0,0,0
30.350000000000204,0,0,0,0,0,0,0,0,0,0,0
30.400000000000205,0,0,0,0,0,0,0,0,0,0,0
30.450000000000205,0,0,0,0,0,0,0,0,0,0,0
30.500000000000206,0,0,0,0,0,0,0,0,0,0,0
30.550000000000207,0,0,0,0,0,0,0,0,0,0,0
30.600000000000207,0,0,0,0,0,0,0,0,0,0,0
30.650000000000208,0,0,0,0,0,0,0,0,0,0,0
30.70000000000021,0,0,0,0,0,0,0,0,0,0,0
30.75000000000021,0,0,0,0,0,0,0,0,0,0,0
30.80000000000021,0,0,0,0,0,0,0,0,0,0,0
30.85000000000021,0,0,0,0,0,0,0,0,0,0,0
30.90000000000021,0,0,0,0,0,0,0,0,0,0,0
30.950000000000212,0,0,0,0,0,0,0,0,0,0,0
31.000000000000213,0,0,0,0,0,0,0,0,0,0,0
31.050000000000214,0,0,0,0,0,0,0,0,0,0,0
31.100000000000215,0,0,0,0,0,0,0,0,0,0,0
31.150000000000215,0,0,0,0,0,0,0,0,0,0,0
31.200000000000216,0,0,0,0,0,0,0,0,0,0,0
31.250000000000217,0,0,0,0,0,0,0,0,0,0,0
31.300000000000217,0,0,0,0,0,0,0,0,0,0,0
31.350000000000218,0,0,0,0,0,0,0,0,0,0,0
31.40000000000022,0,0,0,0,0,0,0,0,0,0,0
31.45000000000022,0,0,0,0,0,0,0,0,0,0,0
31.50000000000022,0,0,0,0,0,0,0,0,0,0,0
31.55000000000022,0,0,0,0,0,0,0,0,0,0,0
31.60000000000022,0,0,0,0,0,0,0,0,0,0,0
31.650000000000222,0,0,0,0,0,0,0,0,0,0,0
31.700000000000223,0,0,0,0,0,0,0,0,0,0,0
31.750000000000224,0,0,0,0,0,0,0,0,0,0,0
31.800000000000225,0,0,0,0,0,0,0,0,0,0,0
31.850000000000225,0,0,0,0,0,0,0,0,0,0,0
31.900000000000226,0,0,0,0,0,0,0,0,0,0,0
31.950000000000227,0,0,0,0,0,0,0,0,0,0,0
*****
16,0.05,1000,0,0.4,10,100,0.85,1.0,0.65,1.0,0.01
16,1000,1000,1000,1000,1000,0,0,0,0,0,0
16.05,959,959,959,959,959,0,0,0,0,0,0
16.1,1004,1004,1004,1004,1004,0,0,0,0,0,0
16.150000000000002,942,942,942,942,942,0,0,0,0,0,0
16.200000000000003,970,970,970,970,970,0,0,0,0,0,0
16.250000000000004,997,997,997,997,997,0,0,0,0,0,0
16.300000000000004,991,991,991,991,991,0,0,0,0,0,0
16.350000000000005,981,981,981,981,981,0,0,0,0,0,0
16.400000000000006,992,992,992,992,992,0,0,0,0,0,0
16.450000000000006,1040,1040,1040,1040,1040,0,0,0,0,0,0
16.500000000000007,988,988,988,988,988,0,0,0,0,0,0
16.550000000000008,977,977,977,977,977,0,0,0,0,0,0
16.60000000000001,979,979,979,979,979,0,0,0,0,0,0
16.65000000000001,969,969,969,969,969,0,0,0,0,0,0
16.70000000000001,980,980,980,980,980,0,0,0,0,0,0
16.75000000000001,1011,1011,1011,1011,1011,0,0,0,0,0,0
16.80000000000001,983,983,983,983,983,0,0,0,0,0,0
16.850000000000012,978,978,978,978,978,0,0,0,0,0,0
16.900000000000013,992,992,992,992,992,0,0,0,0,0,0
16.950000000000014,950,950,950,950,950,0,0,0,0,0,0
17.000000000000014,955,955,955,955,955,0,0,0,0,0,0
17.050000000000015,1040,1040,1040,1040,1040,0,0,0,0,0,0
17.100000000000016,938,938,938,938,938,0,0,0,0,0,0
17.150000000000016,978,978,978,978,978,0,0,0,0,0,0
17.200000000000017,969,969,969,969,969,0,0,0,0,0,0
17.250000000000018,1023,1023,1023,1023,1023,0,0,0,0,0,0
17.30000000000002,939,939,939,939,939,0,0,0,0,0,0
17.35000000000002,1010,1010,1010,1010,1010,0,0,0,0,0,0
17.40000000000002,1004,1004,1004,1004,1004,0,0,0,0,0,0
17.45000000000002,987,987,987,987,987,0,0,0,0,0,0
17.50000000000002,983,983,983,982,983,0,0,0,0,0,0
17.550000000000022,996,996,996,996,996,0,0,0,0,0,0
17.600000000000023,965,965,965,965,965,0,0,0,0,0,0
17.650000000000023,1000,1000,1000,1000,1000,0,0,0,0,0,0
17.700000000000024,953,953,953,953,953,0,0,0,0,0,0
17.750000000000025,997,997,997,996,997,0,0,0,0,0,0
17.800000000000026,1029,1029,1029,1027,1029,0,0,0,0,0,0
17.850000000000026,993,993,993,993,993,0,0,0,0,0,0
17.900000000000027,990,990,990,990,990,0,0,0,0,0,0
17.950000000000028,1040,1040,1040,1038,1040,0,0,0,0,0,0
18.00000000000003,958,958,958,958,958,0,0,0,0,0,0
18.05000000000003,991,991,991,986,991,0,0,0,0,0,0
18.10000000000003,953,953,953,953,953,0,0,0,0,0,0
18.15000000000003,991,991,991,989,991,0,0,0,0,0,0
18.20000000000003,1028,1028,1028,1026,1028,0,0,0,0,0,0
18.250000000000032,1004,1004,1004,1001,1004,0,0,0,0,0,0
18.300000000000033,981,981,981,977,981,0,0,0,0,0,0
18.350000000000033,965,965,965,959,965,0,0,0,0,0,0
18.400000000000034,996,996,996,985,996,0,0,0,0,0,0
18.450000000000035,1022,1022,1022,1011,1022,0,0,0,0,0,0
18.500000000000036,988,988,988,972,988,0,0,0,0,0,0
18.550000000000036,1034,1033,1033,1014,1033,0,0,0,0,0,0
18.600000000000037,978,976,976,959,976,0,0,0,0,0,0
18.650000000000038,900,898,898,882,898,0,0,0,0,0,0
18.70000000000004,970,965,965,924,965,0,0,0,0,0,0
18.75000000000004,989,965,965,956,965,0,0,0,0,0,0
18.80000000000004,1008,956,958,967,958,0,0,0,0,0,0
18.85000000000004,985,891,893,930,893,0,0,0,0,0,0
18.90000000000004,1015,816,823,941,823,0,0,0,0,0,0
18.950000000000042,930,655,658,832,658,0,0,0,0,0,0
19.000000000000043,993,592,593,876,593,0,0,0,0,0,0
19.050000000000043,994,474,478,844,478,0,0,0,0,0,0
19.100000000000044,990,314,315,803,315,0,0,0,0,0,0
19.150000000000045,1012,245,248,795,248,0,0,0,0,0,0
19.200000000000045,967,177,179,706,179,0,0,0,0,0,0
19.250000000000046,954,110,112,651,112,0,0,0,0,0,0
19.300000000000047,963,63,64,621,64,0,0,0,0,0,0
19.350000000000048,955,35,37,544,37,0,0,0,0,0,0
19.40000000000005,962,16,17,486,17,0,0,0,0,0,0
19.45000000000005,964,15,15,437,15,0,0,0,0,0,0
19.50000000000005,994,8,8,416,8,0,0,0,0,0,0
19.55000000000005,1008,8,9,356,9,0,0,0,0,0,0
19.60000000000005,1010,1,1,325,1,0,0,0,0,0,0
19.650000000000052,969,1,1,243,1,0,0,0,0,0,0
19.700000000000053,990,3,3,211,3,0,0,0,0,0,0
19.750000000000053,966,1,1,175,1,0,0,0,0,0,0
19.800000000000054,1018,2,2,150,2,0,0,0,0,0,0
19.850000000000055,924,0,0,109,0,0,0,0,0,0,0
19.900000000000055,1003,0,0,88,0,0,0,0,0,0,0
19.950000000000056,1002,0,0,67,0,0,0,0,0,0,0
20.000000000000057,1003,0,0,47,0,0,0,0,0,0,0
20.050000000000058,924,0,0,44,0,0,0,0,0,0,0
20.10000000000006,978,0,0,33,0,0,0,0,0,0,0
20.15000000000006,963,0,0,23,0,0,0,0,0,0,0
20.20000000000006,999,0,0,10,0,0,0,0,0,0,0
20.25000000000006,953,0,0,11,0,0,0,0,0,0,0
20.30000000000006,1006,0,0,7,0,0,0,0,0,0,0
20.350000000000062,946,0,0,7,0,0,0,0,0,0,0
20.400000000000063,966,0,0,7,0,0,0,0,0,0,0
20.450000000000063,965,0,0,4,0,0,0,0,0,0,0
20.500000000000064,893,0,0,1,0,0,0,0,0,0,0
20.550000000000065,879,0,0,2,0,0,0,0,0,0,0
20.600000000000065,836,0,0,0,0,0,0,0,0,0,0
20.650000000000066,677,0,0,0,0,0,0,0,0,0,0
20.700000000000067,577,0,0,0,0,0,0,0,0,0,0
20.750000000000068,423,0,0,0,0,0,0,0,0,0,0
20.800000000000068,357,0,0,0,0,0,0,0,0,0,0
20.85000000000007,219,0,0,0,0,0,0,0,0,0,0
20.90000000000007,124,0,0,0,0,0,0,0,0,0,0
20.95000000000007,39,0,0,0,0,0,0,0,0,0,0
21.00000000000007,0,0,0,0,0,0,0,0,0,0,0
21.05000000000007,0,0,0,0,0,0,0,0,0,0,0
21.100000000000072,0,0,0,0,0,0,0,0,0,0,0
21.150000000000073,0,0,0,0,0,0,0,0,0,0,0
21.200000000000074,0,0,0,0,0,0,0,0,0,0,0
21.250000000000075,0,0,0,0,0,0,0,0,0,0,0
21.300000000000075,0,0,0,0,0,0,0,0,0,0,0
21.350000000000076,0,0,0,0,0,0,0,0,0,0,0
21.400000000000077,0,0,0,0,0,0,0,0,0,0,0
21.450000000000077,0,0,0,0,0,0,0,0,0,0,0
21.500000000000078,0,0,0,0,0,0,0,0,0,0,0
21.55000000000008,0,0,0,0,0,0,0,0,0,0,0
21.60000000000008,0,0,0,0,0,0,0,0,0,0,0
21.65000000000008,0,0,0,0,0,0,0,0,0,0,0
21.70000000000008,0,0,0,0,0,0,0,0,0,0,0
21.75000000000008,0,0,0,0,0,0,0,0,0,0,0
21.800000000000082,0,0,0,0,0,0,0,0,0,0,0
21.850000000000083,0,0,0,0,0,0,0,0,0,0,0
21.900000000000084,0,0,0,0,0,0,0,0,0,0,0
21.950000000000085,0,0,0,0,0,0,0,0,0,0,0
22.000000000000085,0,0,0,0,0,0,0,0,0,0,0
22.050000000000086,0,0,0,0,0,0,0,0,0,0,0
22.100000000000087,0,0,0,0,0,0,0,0,0,0,0
22.150000000000087,0,0,0,0,0,0,0,0,0,0,0
22.200000000000088,0,0,0,0,0,0,0,0,0,0,0
22.25000000000009,0,0,0,0,0,0,0,0,0,0,0
22.30000000000009,0,0,0,0,0,0,0,0,0,0,0
22.35000000000009,0,0,0,0,0,0,0,0,0,0,0
22.40000000000009,0,0,0,0,0,0,0,0,0,0,0
22.45000000000009,0,0,0,0,0,0,0,0,0,0,0
22.500000000000092,0,0,0,0,0,0,0,0,0,0,0
22.550000000000093,0,0,0,0,0,0,0,0,0,0,0
22.600000000000094,0,0,0,0,0,0,0,0,0,0,0
22.650000000000095,0,0,0,0,0,0,0,0,0,0,0
22.700000000000095,0,0,0,0,0,0,0,0,0,0,0
22.750000000000096,0,0,0,0,0,0,0,0,0,0,0
22.800000000000097,0,0,0,0,0,0,0,0,0,0,0
22.850000000000097,0,0,0,0,0,0,0,0,0,0,0
22.900000000000098,0,0,0,0,0,0,0,0,0,0,0
22.9500000000001,0,0,0,0,0,0,0,0,0,0,0
23.0000000000001,0,0,0,0,0,0,0,0,0,0,0
23.0500000000001,0,0,0,0,0,0,0,0,0,0,0
23.1000000000001,0,0,0,0,0,0,0,0,0,0,0
23.1500000000001,0,0,0,0,0,0,0,0,0,0,0
23.200000000000102,0,0,0,0,0,0,0,0,0,0,0
23.250000000000103,0,0,0,0,0,0,0,0,0,0,0
23.300000000000104,0,0,0,0,0,0,0,0,0,0,0
23.350000000000104,0,0,0,0,0,0,0,0,0,0,0
23.400000000000105,0,0,0,0,0,0,0,0,0,0,0
23.450000000000106,0,0,0,0,0,0,0,0,0,0,0
23.500000000000107,0,0,0,0,0,0,0,0,0,0,0
23.550000000000107,0,0,0,0,0,0,0,0,0,0,0
23.600000000000108,0,0,0,0,0,0,0,0,0,0,0
23.65000000000011,0,0,0,0,0,0,0,0,0,0,0
23.70000000000011,0,0,0,0,0,0,0,0,0,0,0
23.75000000000011,0,0,0,0,0,0,0,0,0,0,0
23.80000000000011,0,0,0,0,0,0,0,0,0,0,0
23.85000000000011,0,0,0,0,0,0,0,0,0,0,0
23.900000000000112,0,0,0,0,0,0,0,0,0,0,0
23.950000000000113,0,0,0,0,0,0,0,0,0,0,0
24.000000000000114,0,0,0,0,0,0,0,0,0,0,0
24.050000000000114,0,0,0,0,0,0,0,0,0,0,0
24.100000000000115,0,0,0,0,0,0,0,0,0,0,0
24.150000000000116,0,0,0,0,0,0,0,0,0,0,0
24.200000000000117,0,0,0,0,0,0,0,0,0,0,0
24.250000000000117,0,0,0,0,0,0,0,0,0,0,0
24.300000000000118,0,0,0,0,0,0,0,0,0,0,0
24.35000000000012,0,0,0,0,0,0,0,0,0,0,0
24.40000000000012,0,0,0,0,0,0,0,0,0,0,0
24.45000000000012,0,0,0,0,0,0,0,0,0,0,0
24.50000000000012,0,0,0,0,0,0,0,0,0,0,0
24.55000000000012,0,0,0,0,0,0,0,0,0,0,0
24.600000000000122,0,0,0,0,0,0,0,0,0,0,0
24.650000000000123,0,0,0,0,0,0,0,0,0,0,0
24.700000000000124,0,0,0,0,0,0,0,0,0,0,0
24.750000000000124,0,0,0,0,0,0,0,0,0,0,0
24.800000000000125,0,0,0,0,0,0,0,0,0,0,0
24.850000000000126,0,0,0,0,0,0,0,0,0,0,0
24.900000000000126,0,0,0,0,0,0,0,0,0,0,0
24.950000000000127,0,0,0,0,0,0,0,0,0,0,0
25.000000000000128,0,0,0,0,0,0,0,0,0,0,0
25.05000000000013,0,0,0,0,0,0,0,0,0,0,0
25.10000000000013,0,0,0,0,0,0,0,0,0,0,0
25.15000000000013,0,0,0,0,0,0,0,0,0,0,0
25.20000000000013,0,0,0,0,0,0,0,0,0,0,0
25.25000000000013,0,0,0,0,0,0,0,0,0,0,0
25.300000000000132,0,0,0,0,0,0,0,0,0,0,0
25.350000000000133,0,0,0,0,0,0,0,0,0,0,0
25.400000000000134,0,0,0,0,0,0,0,0,0,0,0
25.450000000000134,0,0,0,0,0,0,0,0,0,0,0
25.500000000000135,0,0,0,0,0,0,0,0,0,0,0
25.550000000000136,0,0,0,0,0,0,0,0,0,0,0
25.600000000000136,0,0,0,0,0,0,0,0,0,0,0
25.650000000000137,0,0,0,0,0,0,0,0,0,0,0
25.700000000000138,0,0,0,0,0,0,0,0,0,0,0
25.75000000000014,0,0,0,0,0,0,0,0,0,0,0
25.80000000000014,0,0,0,0,0,0,0,0,0,0,0
25.85000000000014,0,0,0,0,0,0,0,0,0,0,0
25.90000000000014,0,0,0,0,0,0,0,0,0,0,0
25.95000000000014,0,0,0,0,0,0,0,0,0,0,0
26.000000000000142,0,0,0,0,0,0,0,0,0,0,0
26.050000000000143,0,0,0,0,0,0,0,0,0,0,0
26.100000000000144,0,0,0,0,0,0,0,0,0,0,0
26.150000000000144,0,0,0,0,0,0,0,0,0,0,0
26.200000000000145,0,0,0,0,0,0,0,0,0,0,0
26.250000000000146,0,0,0,0,0,0,0,0,0,0,0
26.300000000000146,0,0,0,0,0,0,0,0,0,0,0
26.350000000000147,0,0,0,0,0,0,0,0,0,0,0
26.400000000000148,0,0,0,0,0,0,0,0,0,0,0
26.45000000000015,0,0,0,0,0,0,0,0,0,0,0
26.50000000000015,0,0,0,0,0,0,0,0,0,0,0
26.55000000000015,0,0,0,0,0,0,0,0,0,0,0
26.60000000000015,0,0,0,0,0,0,0,0,0,0,0
26.65000000000015,0,0,0,0,0,0,0,0,0,0,0
26.700000000000152,0,0,0,0,0,0,0,0,0,0,0
26.750000000000153,0,0,0,0,0,0,0,0,0,0,0
26.800000000000153,0,0,0,0,0,0,0,0,0,0,0
26.850000000000154,0,0,0,0,0,0,0,0,0,0,0
26.900000000000155,0,0,0,0,0,0,0,0,0,0,0
26.950000000000156,0,0,0,0,0,0,0,0,0,0,0
27.000000000000156,0,0,0,0,0,0,0,0,0,0,0
27.050000000000157,0,0,0,0,0,0,0,0,0,0,0
27.100000000000158,0,0,0,0,0,0,0,0,0,0,0
27.15000000000016,0,0,0,0,0,0,0,0,0,0,0
27.20000000000016,0,0,0,0,0,0,0,0,0,0,0
27.25000000000016,0,0,0,0,0,0,0,0,0,0,0
27.30000000000016,0,0,0,0,0,0,0,0,0,0,0
27.35000000000016,0,0,0,0,0,0,0,0,0,0,0
27.400000000000162,0,0,0,0,0,0,0,0,0,0,0
27.450000000000163,0,0,0,0,0,0,0,0,0,0,0
27.500000000000163,0,0,0,0,0,0,0,0,0,0,0
27.550000000000164,0,0,0,0,0,0,0,0,0,0,0
27.600000000000165,0,0,0,0,0,0,0,0,0,0,0
27.650000000000166,0,0,0,0,0,0,0,0,0,0,0
27.700000000000166,0,0,0,0,0,0,0,0,0,0,0
27.750000000000167,0,0,0,0,0,0,0,0,0,0,0
27.800000000000168,0,0,0,0,0,0,0,0,0,0,0
27.85000000000017,0,0,0,0,0,0,0,0,0,0,0
27.90000000000017,0,0,0,0,0,0,0,0,0,0,0
27.95000000000017,0,0,0,0,0,0,0,0,0,0,0
28.00000000000017,0,0,0,0,0,0,0,0,0,0,0
28.05000000000017,0,0,0,0,0,0,0,0,0,0,0
28.100000000000172,0,0,0,0,0,0,0,0,0,0,0
28.150000000000173,0,0,0,0,0,0,0,0,0,0,0
28.200000000000173,0,0,0,0,0,0,0,0,0,0,0
28.250000000000174,0,0,0,0,0,0,0,0,0,0,0
28.300000000000175,0,0,0,0,0,0,0,0,0,0,0
28.350000000000176,0,0,0,0,0,0,0,0,0,0,0
28.400000000000176,0,0,0,0,0,0,0,0,0,0,0
28.450000000000177,0,0,0,0,0,0,0,0,0,0,0
28.500000000000178,0,0,0,0,0,0,0,0,0,0,0
28.55000000000018,0,0,0,0,0,0,0,0,0,0,0
28.60000000000018,0,0,0,0,0,0,0,0,0,0,0
28.65000000000018,0,0,0,0,0,0,0,0,0,0,0
28.70000000000018,0,0,0,0,0,0,0,0,0,0,0
28.75000000000018,0,0,0,0,0,0,0,0,0,0,0
28.800000000000182,0,0,0,0,0,0,0,0,0,0,0
28.850000000000183,0,0,0,0,0,0,0,0,0,0,0
28.900000000000183,0,0,0,0,0,0,0,0,0,0,0
28.950000000000184,0,0,0,0,0,0,0,0,0,0,0
29.000000000000185,0,0,0,0,0,0,0,0,0,0,0
29.050000000000185,0,0,0,0,0,0,0,0,0,0,0
29.100000000000186,0,0,0,0,0,0,0,0,0,0,0
29.150000000000187,0,0,0,0,0,0,0,0,0,0,0
29.200000000000188,0,0,0,0,0,0,0,0,0,0,0
29.25000000000019,0,0,0,0,0,0,0,0,0,0,0
29.30000000000019,0,0,0,0,0,0,0,0,0,0,0
29.35000000000019,0,0,0,0,0,0,0,0,0,0,0
29.40000000000019,0,0,0,0,0,0,0,0,0,0,0
29.45000000000019,0,0,0,0,0,0,0,0,0,0,0
29.500000000000192,0,0,0,0,0,0,0,0,0,0,0
29.550000000000193,0,0,0,0,0,0,0,0,0,0,0
29.600000000000193,0,0,0,0,0,0,0,0,0,0,0
29.650000000000194,0,0,0,0,0,0,0,0,0,0,0
29.700000000000195,0,0,0,0,0,0,0,0,0,0,0
29.750000000000195,0,0,0,0,0,0,0,0,0,0,0
29.800000000000196,0,0,0,0,0,0,0,0,0,0,0
29.850000000000197,0,0,0,0,0,0,0,0,0,0,0
29.900000000000198,0,0,0,0,0,0,0,0,0,0,0
29.9500000000002,0,0,0,0,0,0,0,0,0,0,0
30.0000000000002,0,0,0,0,0,0,0,0,0,0,0
30.0500000000002,0,0,0,0,0,0,0,0,0,0,0
30.1000000000002,0,0,0,0,0,0,0,0,0,0,0
30.1500000000002,0,0,0,0,0,0,0,0,0,0,0
30.200000000000202,0,0,0,0,0,0,0,0,0,0,0
30.250000000000203,0,0,0,0,0,0,0,0,0,0,0
30.300000000000203,0,0,0,0,0,0,0,0,0,0,0
30.350000000000204,0,0,0,0,0,0,0,0,0,0,0
30.400000000000205,0,0,0,0,0,0,0,0,0,0,0
30.450000000000205,0,0,0,0,0,0,0,0,0,0,0
30.500000000000206,0,0,0,0,0,0,0,0,0,0,0
30.550000000000207,0,0,0,0,0,0,0,0,0,0,0
30.600000000000207,0,0,0,0,0,0,0,0,0,0,0
30.650000000000208,0,0,0,0,0,0,0,0,0,0,0
30.70000000000021,0,0,0,0,0,0,0,0,0,0,0
30.75000000000021,0,0,0,0,0,0,0,0,0,0,0
30.80000000000021,0,0,0,0,0,0,0,0,0,0,0
30.85000000000021,0,0,0,0,0,0,0,0,0,0,0
30.90000000000021,0,0,0,0,0,0,0,0,0,0,0
30.950000000000212,0,0,0,0,0,0,0,0,0,0,0
31.000000000000213,0,0,0,0,0,0,0,0,0,0,0
31.050000000000214,0,0,0,0,0,0,0,0,0,0,0
31.100000000000215,0,0,0,0,0,0,0,0,0,0,0
31.150000000000215,0,0,0,0,0,0,0,0,0,0,0
31.200000000000216,0,0,0,0,0,0,0,0,0,0,0
31.250000000000217,0,0,0,0,0,0,0,0,0,0,0
31.300000000000217,0,0,0,0,0,0,0,0,0,0,0
31.350000000000218,0,0,0,0,0,0,0,0,0,0,0
31.40000000000022,0,0,0,0,0,0,0,0,0,0,0
31.45000000000022,0,0,0,0,0,0,0,0,0,0,0
31.50000000000022,0,0,0,0,0,0,0,0,0,0,0
31.55000000000022,0,0,0,0,0,0,0,0,0,0,0
31.60000000000022,0,0,0,0,0,0,0,0,0,0,0
31.650000000000222,0,0,0,0,0,0,0,0,0,0,0
31.700000000000223,0,0,0,0,0,0,0,0,0,0,0
31.750000000000224,0,0,0,0,0,0,0,0,0,0,0
31.800000000000225,0,0,0,0,0,0,0,0,0,0,0
31.850000000000225,0,0,0,0,0,0,0,0,0,0,0
31.900000000000226,0,0,0,0,0,0,0,0,0,0,0
31.950000000000227,0,0,0,0,0,0,0,0,0,0,0
*****
16,0.05,1000,0.3,0.7,10,100,0.85,1.0,0.65,1.0,0.01
16,1000,1000,1000,1000,1000,0,0,0,0,0,0
16.05,964,964,964,964,964,0,0,0,0,0,0
16.1,1051,1051,1051,1051,1051,0,0,0,0,0,0
16.150000000000002,990,990,990,990,990,0,0,0,0,0,0
16.200000000000003,1051,1051,1051,1051,1051,0,0,0,0,0,0
16.250000000000004,1004,1004,1004,1004,1004,0,0,0,0,0,0
16.300000000000004,1017,1017,1017,1017,1017,0,0,0,0,0,0
16.350000000000005,1007,1007,1007,1007,1007,0,0,0,0,0,0
16.400000000000006,1030,1030,1030,1030,1030,0,0,0,0,0,0
16.450000000000006,1019,1019,1019,1019,1019,0,0,0,0,0,0
16.500000000000007,1005,1005,1005,1005,1005,0,0,0,0,0,0
16.550000000000008,993,993,993,993,993,0,0,0,0,0,0
16.60000000000001,997,997,997,997,997,0,0,0,0,0,0
16.65000000000001,1037,1037,1037,1037,1037,0,0,0,0,0,0
16.70000000000001,1011,1011,1011,1011,1011,0,0,0,0,0,0
16.75000000000001,1020,1020,1020,1020,1020,0,0,0,0,0,0
16.80000000000001,988,988,988,988,988,0,0,0,0,0,0
16.850000000000012,998,998,998,998,998,0,0,0,0,0,0
16.900000000000013,1042,1042,1042,1042,1042,0,0,0,0,0,0
16.950000000000014,1021,1021,1021,1021,1021,0,0,0,0,0,0
17.000000000000014,986,986,986,986,986,0,0,0,0,0,0
17.050000000000015,982,982,982,982,982,0,0,0,0,0,0
17.100000000000016,985,985,985,985,985,0,0,0,0,0,0
17.150000000000016,1013,1011,1013,1013,1013,0,0,0,0,0,0
17.200000000000017,1012,1011,1012,1012,1012,0,0,0,0,0,0
17.250000000000018,1034,1034,1034,1034,1034,0,0,0,0,0,0
17.30000000000002,1015,1013,1015,1015,1015,0,0,0,0,0,0
17.35000000000002,1065,1059,1062,1064,1062,0,0,0,0,0,0
17.40000000000002,1004,995,1000,1003,1000,0,0,0,0,0,0
17.45000000000002,994,981,988,994,988,0,0,0,0,0,0
17.50000000000002,983,963,975,982,975,0,0,0,0,0,0
17.550000000000022,1039,1013,1026,1038,1026,0,0,0,0,0,0
17.600000000000023,974,933,956,971,956,0,0,0,0,0,0
17.650000000000023,1021,962,987,1015,987,0,0,0,0,0,0
17.700000000000024,1013,932,971,1009,971,0,0,0,0,0,0
17.750000000000025,1030,949,982,1026,982,0,0,0,0,0,0
17.800000000000026,991,894,933,983,933,0,0,0,0,0,0
17.850000000000026,971,808,867,962,867,0,0,0,0,0,0
17.900000000000027,1018,796,865,1004,865,0,0,0,0,0,0
17.950000000000028,984,739,818,967,818,0,0,0,0,0,0
18.00000000000003,1042,767,845,1026,845,0,0,0,0,0,0
18.05000000000003,1050,729,818,1023,818,0,0,0,0,0,0
18.10000000000003,977,637,721,940,721,0,0,0,0,0,0
18.15000000000003,997,555,668,967,668,0,0,0,0,0,0
18.20000000000003,1049,559,665,1007,665,0,0,0,0,0,0
18.250000000000032,1009,450,564,959,564,0,0,0,0,0,0
18.300000000000033,959,391,492,914,492,0,0,0,0,0,0
18.350000000000033,1026,428,528,958,528,0,0,0,0,0,0
18.400000000000034,1018,326,426,937,426,0,0,0,0,0,0
18.450000000000035,1016,304,395,924,395,0,0,0,0,0,0
18.500000000000036,989,236,328,890,328,0,0,0,0,0,0
18.550000000000036,1031,248,328,889,328,0,0,0,0,0,0
18.600000000000037,1031,186,259,881,259,0,0,0,0,0,0
18.650000000000038,998,148,196,813,196,0,0,0,0,0,0
18.70000000000004,1005,132,198,832,198,0,0,0,0,0,0
18.75000000000004,1019,127,183,823,183,0,0,0,0,0,0
18.80000000000004,976,101,137,772,137,0,0,0,0,0,0
18.85000000000004,1037,71,108,773,108,0,0,0,0,0,0
18.90000000000004,956,69,105,697,105,0,0,0,0,0,0
18.950000000000042,1019,65,103,688,103,0,0,0,0,0,0
19.000000000000043,1015,44,78,671,78,0,0,0,0,0,0
19.050000000000043,985,40,65,632,65,0,0,0,0,0,0
19.100000000000044,1062,38,63,656,63,0,0,0,0,0,0
19.150000000000045,1051,20,37,585,37,0,0,0,0,0,0
19.200000000000045,967,15,32,516,32,0,0,0,0,0,0
19.250000000000046,1012,15,30,519,30,0,0,0,0,0,0
19.300000000000047,973,17,28,481,28,0,0,0,0,0,0
19.350000000000048,1005,13,25,483,25,0,0,0,0,0,0
19.40000000000005,1006,8,14,421,14,0,0,0,0,0,0
19.45000000000005,1000,12,18,398,18,0,0,0,0,0,0
19.50000000000005,1011,2,7,366,7,0,0,0,0,0,0
19.55000000000005,1060,6,10,340,10,0,0,0,0,0,0
19.60000000000005,1018,7,14,315,14,0,0,0,0,0,0
19.650000000000052,999,0,3,283,3,0,0,0,0,0,0
19.700000000000053,1000,0,2,228,2,0,0,0,0,0,0
19.750000000000053,990,0,4,228,4,0,0,0,0,0,0
19.800000000000054,1006,3,6,217,6,0,0,0,0,0,0
19.850000000000055,1029,1,4,182,4,0,0,0,0,0,0
19.900000000000055,1036,2,3,143,3,0,0,0,0,0,0
19.950000000000056,997,0,1,153,1,0,0,0,0,0,0
20.000000000000057,993,2,4,128,4,0,0,0,0,0,0
20.050000000000058,1044,1,4,106,4,0,0,0,0,0,0
20.10000000000006,1011,0,0,90,0,0,0,0,0,0,0
20.15000000000006,973,0,0,77,0,0,0,0,0,0,0
20.20000000000006,1032,0,0,87,0,0,0,0,0,0,0
20.25000000000006,993,0,1,60,1,0,0,0,0,0,0
20.30000000000006,976,1,1,45,1,0,0,0,0,0,0
20.350000000000062,1004,0,0,48,0,0,0,0,0,0,0
20.400000000000063,1021,1,1,33,1,0,0,0,0,0,0
20.450000000000063,998,0,0,28,0,0,0,0,0,0,0
20.500000000000064,1029,0,0,26,0,0,0,0,0,0,0
20.550000000000065,979,0,0,20,0,0,0,0,0,0,0
20.600000000000065,1038,0,0,21,0,0,0,0,0,0,0
20.650000000000066,1014,0,0,25,0,0,0,0,0,0,0
20.700000000000067,1016,0,0,14,0,0,0,0,0,0,0
20.750000000000068,1038,0,0,4,0,0,0,0,0,0,0
20.800000000000068,940,0,0,10,0,0,0,0,0,0,0
20.85000000000007,971,1,1,8,1,0,0,0,0,0,0
20.90000000000007,992,0,0,5,0,0,0,0,0,0,0
20.95000000000007,967,0,0,5,0,0,0,0,0,0,0
21.00000000000007,978,0,0,8,0,0,0,0,0,0,0
21.05000000000007,1004,0,0,1,0,0,0,0,0,0,0
21.100000000000072,951,0,0,3,0,0,0,0,0,0,0
21.150000000000073,980,0,0,3,0,0,0,0,0,0,0
21.200000000000074,945,0,0,0,0,0,0,0,0,0,0
21.250000000000075,892,0,0,3,0,0,0,0,0,0,0
21.300000000000075,899,0,0,1,0,0,0,0,0,0,0
21.350000000000076,852,0,0,0,0,0,0,0,0,0,0
21.400000000000077,833,0,0,1,0,0,0,0,0,0,0
21.450000000000077,810,0,0,0,0,0,0,0,0,0,0
21.500000000000078,767,0,0,1,0,0,0,0,0,0,0
21.55000000000008,700,0,0,1,0,0,0,0,0,0,0
21.60000000000008,734,0,0,0,0,0,0,0,0,0,0
21.65000000000008,623,0,0,0,0,0,0,0,0,0,0
21.70000000000008,559,0,0,0,0,0,0,0,0,0,0
21.75000000000008,490,0,0,0,0,0,0,0,0,0,0
21.800000000000082,434,0,0,0,0,0,0,0,0,0,0
21.850000000000083,370,0,0,0,0,0,0,0,0,0,0
21.900000000000084,330,0,0,0,0,0,0,0,0,0,0
21.950000000000085,291,0,0,0,0,0,0,0,0,0,0
22.000000000000085,197,0,0,0,0,0,0,0,0,0,0
22.050000000000086,150,0,0,0,0,0,0,0,0,0,0
22.100000000000087,135,0,0,0,0,0,0,0,0,0,0
22.150000000000087,131,0,0,0,0,0,0,0,0,0,0
22.200000000000088,108,0,0,0,0,0,0,0,0,0,0
22.25000000000009,39,0,0,0,0,0,0,0,0,0,0
22.30000000000009,0,0,0,0,0,0,0,0,0,0,0
22.35000000000009,0,0,0,0,0,0,0,0,0,0,0
22.40000000000009,0,0,0,0,0,0,0,0,0,0,0
22.45000000000009,0,0,0,0,0,0,0,0,0,0,0
22.500000000000092,0,0,0,0,0,0,0,0,0,0,0
22.550000000000093,0,0,0,0,0,0,0,0,0,0,0
22.600000000000094,0,0,0,0,0,0,0,0,0,0,0
22.650000000000095,0,0,0,0,0,0,0,0,0,0,0
22.700000000000095,0,0,0,0,0,0,0,0,0,0,0
22.750000000000096,0,0,0,0,0,0,0,0,0,0,0
22.800000000000097,0,0,0,0,0,0,0,0,0,0,0
22.850000000000097,0,0,0,0,0,0,0,0,0,0,0
22.900000000000098,0,0,0,0,0,0,0,0,0,0,0
22.9500000000001,0,0,0,0,0,0,0,0,0,0,0
23.0000000000001,0,0,0,0,0,0,0,0,0,0,0
23.0500000000001,0,0,0,0,0,0,0,0,0,0,0
23.1000000000001,0,0,0,0,0,0,0,0,0,0,0
23.1500000000001,0,0,0,0,0,0,0,0,0,0,0
23.200000000000102,0,0,0,0,0,0,0,0,0,0,0
23.250000000000103,0,0,0,0,0,0,0,0,0,0,0
23.300000000000104,0,0,0,0,0,0,0,0,0,0,0
23.350000000000104,0,0,0,0,0,0,0,0,0,0,0
23.400000000000105,0,0,0,0,0,0,0,0,0,0,0
23.450000000000106,0,0,0,0,0,0,0,0,0,0,0
23.500000000000107,0,0,0,0,0,0,0,0,0,0,0
23.550000000000107,0,0,0,0,0,0,0,0,0,0,0
23.600000000000108,0,0,0,0,0,0,0,0,0,0,0
23.65000000000011,0,0,0,0,0,0,0,0,0,0,0
23.70000000000011,0,0,0,0,0,0,0,0,0,0,0
23.75000000000011,0,0,0,0,0,0,0,0,0,0,0
23.80000000000011,0,0,0,0,0,0,0,0,0,0,0
23.85000000000011,0,0,0,0,0,0,0,0,0,0,0
23.900000000000112,0,0,0,0,0,0,0,0,0,0,0
23.950000000000113,0,0,0,0,0,0,0,0,0,0,0
24.000000000000114,0,0,0,0,0,0,0,0,0,0,0
24.050000000000114,0,0,0,0,0,0,0,0,0,0,0
24.100000000000115,0,0,0,0,0,0,0,0,0,0,0
24.150000000000116,0,0,0,0,0,0,0,0,0,0,0
24.200000000000117,0,0,0,0,0,0,0,0,0,0,0
24.250000000000117,0,0,0,0,0,0,0,0,0,0,0
24.300000000000118,0,0,0,0,0,0,0,0,0,0,0
24.35000000000012,0,0,0,0,0,0,0,0,0,0,0
24.40000000000012,0,0,0,0,0,0,0,0,0,0,0
24.45000000000012,0,0,0,0,0,0,0,0,0,0,0
24.50000000000012,0,0,0,0,0,0,0,0,0,0,0
24.55000000000012,0,0,0,0,0,0,0,0,0,0,0
24.600000000000122,0,0,0,0,0,0,0,0,0,0,0
24.650000000000123,0,0,0,0,0,0,0,0,0,0,0
24.700000000000124,0,0,0,0,0,0,0,0,0,0,0
24.750000000000124,0,0,0,0,0,0,0,0,0,0,0
24.800000000000125,0,0,0,0,0,0,0,0,0,0,0
24.850000000000126,0,0,0,0,0,0,0,0,0,0,0
24.900000000000126,0,0,0,0,0,0,0,0,0,0,0
24.950000000000127,0,0,0,0,0,0,0,0,0,0,0
25.000000000000128,0,0,0,0,0,0,0,0,0,0,0
25.05000000000013,0,0,0,0,0,0,0,0,0,0,0
25.10000000000013,0,0,0,0,0,0,0,0,0,0,0
25.15000000000013,0,0,0,0,0,0,0,0,0,0,0
25.20000000000013,0,0,0,0,0,0,0,0,0,0,0
25.25000000000013,0,0,0,0,0,0,0,0,0,0,0
25.300000000000132,0,0,0,0,0,0,0,0,0,0,0
25.350000000000133,0,0,0,0,0,0,0,0,0,0,0
25.400000000000134,0,0,0,0,0,0,0,0,0,0,0
25.450000000000134,0,0,0,0,0,0,0,0,0,0,0
25.500000000000135,0,0,0,0,0,0,0,0,0,0,0
25.550000000000136,0,0,0,0,0,0,0,0,0,0,0
25.600000000000136,0,0,0,0,0,0,0,0,0,0,0
25.650000000000137,0,0,0,0,0,0,0,0,0,0,0
25.700000000000138,0,0,0,0,0,0,0,0,0,0,0
25.75000000000014,0,0,0,0,0,0,0,0,0,0,0
25.80000000000014,0,0,0,0,0,0,0,0,0,0,0
25.85000000000014,0,0,0,0,0,0,0,0,0,0,0
25.90000000000014,0,0,0,0,0,0,0,0,0,0,0
25.95000000000014,0,0,0,0,0,0,0,0,0,0,0
26.000000000000142,0,0,0,0,0,0,0,0,0,0,0
26.050000000000143,0,0,0,0,0,0,0,0,0,0,0
26.100000000000144,0,0,0,0,0,0,0,0,0,0,0
26.150000000000144,0,0,0,0,0,0,0,0,0,0,0
26.200000000000145,0,0,0,0,0,0,0,0,0,0,0
26.250000000000146,0,0,0,0,0,0,0,0,0,0,0
26.300000000000146,0,0,0,0,0,0,0,0,0,0,0
26.350000000000147,0,0,0,0,0,0,0,0,0,0,0
26.400000000000148,0,0,0,0,0,0,0,0,0,0,0
26.45000000000015,0,0,0,0,0,0,0,0,0,0,0
26.50000000000015,0,0,0,0,0,0,0,0,0,0,0
26.55000000000015,0,0,0,0,0,0,0,0,0,0,0
26.60000000000015,0,0,0,0,0,0,0,0,0,0,0
26.65000000000015,0,0,0,0,0,0,0,0,0,0,0
26.700000000000152,0,0,0,0,0,0,0,0,0,0,0
26.750000000000153,0,0,0,0,0,0,0,0,0,0,0
26.800000000000153,0,0,0,0,0,0,0,0,0,0,0
26.850000000000154,0,0,0,0,0,0,0,0,0,0,0
26.900000000000155,0,0,0,0,0,0,0,0,0,0,0
26.950000000000156,0,0,0,0,0,0,0,0,0,0,0
27.000000000000156,0,0,0,0,0,0,0,0,0,0,0
27.050000000000157,0,0,0,0,0,0,0,0,0,0,0
27.100000000000158,0,0,0,0,0,0,0,0,0,0,0
27.15000000000016,0,0,0,0,0,0,0,0,0,0,0
27.20000000000016,0,0,0,0,0,0,0,0,0,0,0
27.25000000000016,0,0,0,0,0,0,0,0,0,0,0
27.30000000000016,0,0,0,0,0,0,0,0,0,0,0
27.35000000000016,0,0,0,0,0,0,0,0,0,0,0
27.400000000000162,0,0,0,0,0,0,0,0,0,0,0
27.450000000000163,0,0,0,0,0,0,0,0,0,0,0
27.500000000000163,0,0,0,0,0,0,0,0,0,0,0
27.550000000000164,0,0,0,0,0,0,0,0,0,0,0
27.600000000000165,0,0,0,0,0,0,0,0,0,0,0
27.650000000000166,0,0,0,0,0,0,0,0,0,0,0
27.700000000000166,0,0,0,0,0,0,0,0,0,0,0
27.750000000000167,0,0,0,0,0,0,0,0,0,0,0
27.800000000000168,0,0,0,0,0,0,0,0,0,0,0
27.85000000000017,0,0,0,0,0,0,0,0,0,0,0
27.90000000000017,0,0,0,0,0,0,0,0,0,0,0
27.95000000000017,0,0,0,0,0,0,0,0,0,0,0
28.00000000000017,0,0,0,0,0,0,0,0,0,0,0
28.05000000000017,0,0,0,0,0,0,0,0,0,0,0
28.100000000000172,0,0,0,0,0,0,0,0,0,0,0
28.150000000000173,0,0,0,0,0,0,0,0,0,0,0
28.200000000000173,0,0,0,0,0,0,0,0,0,0,0
28.250000000000174,0,0,0,0,0,0,0,0,0,0,0
28.300000000000175,0,0,0,0,0,0,0,0,0,0,0
28.350000000000176,0,0,0,0,0,0,0,0,0,0,0
28.400000000000176,0,0,0,0,0,0,0,0,0,0,0
28.450000000000177,0,0,0,0,0,0,0,0,0,0,0
28.500000000000178,0,0,0,0,0,0,0,0,0,0,0
28.55000000000018,0,0,0,0,0,0,0,0,0,0,0
28.60000000000018,0,0,0,0,0,0,0,0,0,0,0
28.65000000000018,0,0,0,0,0,0,0,0,0,0,0
28.70000000000018,0,0,0,0,0,0,0,0,0,0,0
28.75000000000018,0,0,0,0,0,0,0,0,0,0,0
28.800000000000182,0,0,0,0,0,0,0,0,0,0,0
28.850000000000183,0,0,0,0,0,0,0,0,0,0,0
28.900000000000183,0,0,0,0,0,0,0,0,0,0,0
28.950000000000184,0,0,0,0,0,0,0,0,0,0,0
29.000000000000185,0,0,0,0,0,0,0,0,0,0,0
29.050000000000185,0,0,0,0,0,0,0,0,0,0,0
29.100000000000186,0,0,0,0,0,0,0,0,0,0,0
29.150000000000187,0,0,0,0,0,0,0,0,0,0,0
29.200000000000188,0,0,0,0,0,0,0,0,0,0,0
29.25000000000019,0,0,0,0,0,0,0,0,0,0,0
29.30000000000019,0,0,0,0,0,0,0,0,0,0,0
29.35000000000019,0,0,0,0,0,0,0,0,0,0,0
29.40000000000019,0,0,0,0,0,0,0,0,0,0,0
29.45000000000019,0,0,0,0,0,0,0,0,0,0,0
29.500000000000192,0,0,0,0,0,0,0,0,0,0,0
29.550000000000193,0,0,0,0,0,0,0,0,0,0,0
29.600000000000193,0,0,0,0,0,0,0,0,0,0,0
29.650000000000194,0,0,0,0,0,0,0,0,0,0,0
29.700000000000195,0,0,0,0,0,0,0,0,0,0,0
29.750000000000195,0,0,0,0,0,0,0,0,0,0,0
29.800000000000196,0,0,0,0,0,0,0,0,0,0,0
29.850000000000197,0,0,0,0,0,0,0,0,0,0,0
29.900000000000198,0,0,0,0,0,0,0,0,0,0,0
29.9500000000002,0,0,0,0,0,0,0,0,0,0,0
30.0000000000002,0,0,0,0,0,0,0,0,0,0,0
30.0500000000002,0,0,0,0,0,0,0,0,0,0,0
30.1000000000002,0,0,0,0,0,0,0,0,0,0,0
30.1500000000002,0,0,0,0,0,0,0,0,0,0,0
30.200000000000202,0,0,0,0,0,0,0,0,0,0,0
30.250000000000203,0,0,0,0,0,0,0,0,0,0,0
30.300000000000203,0,0,0,0,0,0,0,0,0,0,0
30.350000000000204,0,0,0,0,0,0,0,0,0,0,0
30.400000000000205,0,0,0,0,0,0,0,0,0,0,0
30.450000000000205,0,0,0,0,0,0,0,0,0,0,0
30.500000000000206,0,0,0,0,0,0,0,0,0,0,0
30.550000000000207,0,0,0,0,0,0,0,0,0,0,0
30.600000000000207,0,0,0,0,0,0,0,0,0,0,0
30.650000000000208,0,0,0,0,0,0,0,0,0,0,0
30.70000000000021,0,0,0,0,0,0,0,0,0,0,0
30.75000000000021,0,0,0,0,0,0,0,0,0,0,0
30.80000000000021,0,0,0,0,0,0,0,0,0,0,0
30.85000000000021,0,0,0,0,0,0,0,0,0,0,0
30.90000000000021,0,0,0,0,0,0,0,0,0,0,0
30.950000000000212,0,0,0,0,0,0,0,0,0,0,0
31.000000000000213,0,0,0,0,0,0,0,0,0,0,0
31.050000000000214,0,0,0,0,0,0,0,0,0,0,0
31.100000000000215,0,0,0,0,0,0,0,0,0,0,0
31.150000000000215,0,0,0,0,0,0,0,0,0,0,0
31.200000000000216,0,0,0,0,0,0,0,0,0,0,0
31.250000000000217,0,0,0,0,0,0,0,0,0,0,0
31.300000000000217,0,0,0,0,0,0,0,0,0,0,0
31.350000000000218,0,0,0,0,0,0,0,0,0,0,0
31.40000000000022,0,0,0,0,0,0,0,0,0,0,0
31.45000000000022,0,0,0,0,0,0,0,0,0,0,0
31.50000000000022,0,0,0,0,0,0,0,0,0,0,0
31.55000000000022,0,0,0,0,0,0,0,0,0,0,0
31.60000000000022,0,0,0,0,0,0,0,0,0,0,0
31.650000000000222,0,0,0,0,0,0,0,0,0,0,0
31.700000000000223,0,0,0,0,0,0,0,0,0,0,0
31.750000000000224,0,0,0,0,0,0,0,0,0,0,0
31.800000000000225,0,0,0,0,0,0,0,0,0,0,0
31.850000000000225,0,0,0,0,0,0,0,0,0,0,0
31.900000000000226,0,0,0,0,0,0,0,0,0,0,0
31.950000000000227,0,0,0,0,0,0,0,0,0,0,0
*****
16,0.05,1000,0.6,1,10,100,0.85,1.0,0.65,1.0,0.01
16,1000,13,124,193,124,0,0,0,0,0,0
16.05,960,5,119,222,119,0,0,0,0,0,0
16.1,1002,3,111,234,111,0,0,0,0,0,0
16.150000000000002,971,6,87,228,87,0,0,0,0,0,0
16.200000000000003,1007,47,102,263,102,0,0,0,0,0,0
16.250000000000004,950,68,111,263,111,0,0,0,0,0,0
16.300000000000004,929,21,116,263,116,0,0,0,0,0,0
16.350000000000005,942,2,81,264,81,0,0,0,0,0,0
16.400000000000006,984,4,95,297,95,0,0,0,0,0,0
16.450000000000006,926,7,98,260,98,0,0,0,0,0,0
16.500000000000007,958,14,102,248,102,0,0,0,0,0,0
16.550000000000008,954,10,91,272,91,0,0,0,0,0,0
16.60000000000001,1001,12,98,262,98,0,0,0,0,0,0
16.65000000000001,961,7,102,269,102,0,0,0,0,0,0
16.70000000000001,922,2,88,223,88,0,0,0,0,0,0
16.75000000000001,905,2,70,181,70,0,0,0,0,0,0
16.80000000000001,1017,2,77,176,77,0,0,0,0,0,0
16.850000000000012,962,4,79,160,79,0,0,0,0,0,0
16.900000000000013,1030,4,79,195,79,0,0,0,0,0,0
16.950000000000014,1022,0,73,180,73,0,0,0,0,0,0
17.000000000000014,983,0,74,190,74,0,0,0,0,0,0
17.050000000000015,946,1,74,173,74,0,0,0,0,0,0
17.100000000000016,955,1,67,186,67,0,0,0,0,0,0
17.150000000000016,927,0,65,165,65,0,0,0,0,0,0
17.200000000000017,986,0,64,160,64,0,0,0,0,0,0
17.250000000000018,950,0,46,126,46,0,0,0,0,0,0
17.30000000000002,974,0,49,117,49,0,0,0,0,0,0
17.35000000000002,869,0,41,83,41,0,0,0,0,0,0
17.40000000000002,927,0,39,72,39,0,0,0,0,0,0
17.45000000000002,943,0,46,79,46,0,0,0,0,0,0
17.50000000000002,971,0,26,77,26,0,0,0,0,0,0
17.550000000000022,988,0,20,79,20,0,0,0,0,0,0
17.600000000000023,989,0,18,65,18,0,0,0,0,0,0
17.650000000000023,975,0,24,55,24,0,0,0,0,0,0
17.700000000000024,999,0,27,53,27,0,0,0,0,0,0
17.750000000000025,936,0,21,40,21,0,0,0,0,0,0
17.800000000000026,1062,0,20,45,20,0,0,0,0,0,0
17.850000000000026,971,0,9,36,9,0,0,0,0,0,0
17.900000000000027,965,0,14,34,14,0,0,0,0,0,0
17.950000000000028,965,0,11,29,11,0,0,0,0,0,0
18.00000000000003,931,0,14,18,14,0,0,0,0,0,0
18.05000000000003,956,0,8,18,8,0,0,0,0,0,0
18.10000000000003,907,0,8,13,8,0,0,0,0,0,0
18.15000000000003,984,0,10,7,10,0,0,0,0,0,0
18.20000000000003,899,0,5,16,5,0,0,0,0,0,0
18.250000000000032,911,0,5,6,5,0,0,0,0,0,0
18.300000000000033,938,0,2,8,2,0,0,0,0,0,0
18.350000000000033,951,0,3,4,3,0,0,0,0,0,0
18.400000000000034,963,0,8,8,8,0,0,0,0,0,0
18.450000000000035,1032,0,2,7,2,0,0,0,0,0,0
18.500000000000036,1030,0,3,4,3,0,0,0,0,0,0
18.550000000000036,992,0,1,1,1,0,0,0,0,0,0
18.600000000000037,936,0,1,3,1,0,0,0,0,0,0
18.650000000000038,939,0,1,1,1,0,0,0,0,0,0
18.70000000000004,987,0,0,0,0,0,0,0,0,0,0
18.75000000000004,961,0,3,3,3,0,0,0,0,0,0
18.80000000000004,954,0,0,1,0,0,0,0,0,0,0
18.85000000000004,907,0,0,0,0,0,0,0,0,0,0
18.90000000000004,933,0,0,0,0,0,0,0,0,0,0
18.950000000000042,871,0,2,1,2,0,0,0,0,0,0
19.000000000000043,850,0,0,1,0,0,0,0,0,0,0
19.050000000000043,882,0,0,0,0,0,0,0,0,0,0
19.100000000000044,858,0,1,2,1,0,0,0,0,0,0
19.150000000000045,852,0,0,0,0,0,0,0,0,0,0
19.200000000000045,771,0,0,1,0,0,0,0,0,0,0
19.250000000000046,786,0,0,0,0,0,0,0,0,0,0
19.300000000000047,657,0,1,0,1,0,0,0,0,0,0
19.350000000000048,633,0,1,0,1,0,0,0,0,0,0
19.40000000000005,572,0,0,0,0,0,0,0,0,0,0
19.45000000000005,512,0,0,0,0,0,0,0,0,0,0
19.50000000000005,429,0,0,0,0,0,0,0,0,0,0
19.55000000000005,365,0,0,0,0,0,0,0,0,0,0
19.60000000000005,382,0,0,0,0,0,0,0,0,0,0
19.650000000000052,340,0,0,0,0,0,0,0,0,0,0
19.700000000000053,393,0,0,0,0,0,0,0,0,0,0
19.750000000000053,350,0,0,0,0,0,0,0,0,0,0
19.800000000000054,299,0,0,0,0,0,0,0,0,0,0
19.850000000000055,260,0,0,0,0,0,0,0,0,0,0
19.900000000000055,307,0,0,0,0,0,0,0,0,0,0
19.950000000000056,285,0,0,0,0,0,0,0,0,0,0
20.000000000000057,252,0,0,0,0,0,0,0,0,0,0
20.050000000000058,225,0,0,0,0,0,0,0,0,0,0
20.10000000000006,186,0,0,0,0,0,0,0,0,0,0
20.15000000000006,131,0,0,0,0,0,0,0,0,0,0
20.20000000000006,85,0,0,0,0,0,0,0,0,0,0
20.25000000000006,54,0,0,0,0,0,0,0,0,0,0
20.30000000000006,71,0,0,0,0,0,0,0,0,0,0
20.350000000000062,32,0,0,0,0,0,0,0,0,0,0
20.400000000000063,0,0,0,0,0,0,0,0,0,0,0
20.450000000000063,0,0,0,0,0,0,0,0,0,0,0
20.500000000000064,0,0,0,0,0,0,0,0,0,0,0
20.550000000000065,0,0,0,0,0,0,0,0,0,0,0
20.600000000000065,0,0,0,0,0,0,0,0,0,0,0
20.650000000000066,0,0,0,0,0,0,0,0,0,0,0
20.700000000000067,0,0,0,0,0,0,0,0,0,0,0
20.750000000000068,0,0,0,0,0,0,0,0,0,0,0
20.800000000000068,0,0,0,0,0,0,0,0,0,0,0
20.85000000000007,0,0,0,0,0,0,0,0,0,0,0
20.90000000000007,0,0,0,0,0,0,0,0,0,0,0
20.95000000000007,0,0,0,0,0,0,0,0,0,0,0
21.00000000000007,0,0,0,0,0,0,0,0,0,0,0
21.05000000000007,0,0,0,0,0,0,0,0,0,0,0
21.100000000000072,0,0,0,0,0,0,0,0,0,0,0
21.150000000000073,0,0,0,0,0,0,0,0,0,0,0
21.200000000000074,0,0,0,0,0,0,0,0,0,0,0
21.250000000000075,0,0,0,0,0,0,0,0,0,0,0
21.300000000000075,0,0,0,0,0,0,0,0,0,0,0
21.350000000000076,0,0,0,0,0,0,0,0,0,0,0
21.400000000000077,0,0,0,0,0,0,0,0,0,0,0
21.450000000000077,0,0,0,0,0,0,0,0,0,0,0
21.500000000000078,0,0,0,0,0,0,0,0,0,0,0
21.55000000000008,0,0,0,0,0,0,0,0,0,0,0
21.60000000000008,0,0,0,0,0,0,0,0,0,0,0
21.65000000000008,0,0,0,0,0,0,0,0,0,0,0
21.70000000000008,0,0,0,0,0,0,0,0,0,0,0
21.75000000000008,0,0,0,0,0,0,0,0,0,0,0
21.800000000000082,0,0,0,0,0,0,0,0,0,0,0
21.850000000000083,0,0,0,0,0,0,0,0,0,0,0
21.900000000000084,0,0,0,0,0,0,0,0,0,0,0
21.950000000000085,0,0,0,0,0,0,0,0,0,0,0
22.000000000000085,0,0,0,0,0,0,0,0,0,0,0
22.050000000000086,0,0,0,0,0,0,0,0,0,0,0
22.100000000000087,0,0,0,0,0,0,0,0,0,0,0
22.150000000000087,0,0,0,0,0,0,0,0,0,0,0
22.200000000000088,0,0,0,0,0,0,0,0,0,0,0
22.25000000000009,0,0,0,0,0,0,0,0,0,0,0
22.30000000000009,0,0,0,0,0,0,0,0,0,0,0
22.35000000000009,0,0,0,0,0,0,0,0,0,0,0
22.40000000000009,0,0,0,0,0,0,0,0,0,0,0
22.45000000000009,0,0,0,0,0,0,0,0,0,0,0
22.500000000000092,0,0,0,0,0,0,0,0,0,0,0
22.550000000000093,0,0,0,0,0,0,0,0,0,0,0
22.600000000000094,0,0,0,0,0,0,0,0,0,0,0
22.650000000000095,0,0,0,0,0,0,0,0,0,0,0
22.700000000000095,0,0,0,0,0,0,0,0,0,0,0
22.750000000000096,0,0,0,0,0,0,0,0,0,0,0
22.800000000000097,0,0,0,0,0,0,0,0,0,0,0
22.850000000000097,0,0,0,0,0,0,0,0,0,0,0
22.900000000000098,0,0,0,0,0,0,0,0,0,0,0
22.9500000000001,0,0,0,0,0,0,0,0,0,0,0
23.0000000000001,0,0,0,0,0,0,0,0,0,0,0
23.0500000000001,0,0,0,0,0,0,0,0,0,0,0
23.1000000000001,0,0,0,0,0,0,0,0,0,0,0
23.1500000000001,0,0,0,0,0,0,0,0,0,0,0
23.200000000000102,0,0,0,0,0,0,0,0,0,0,0
23.250000000000103,0,0,0,0,0,0,0,0,0,0,0
23.300000000000104,0,0,0,0,0,0,0,0,0,0,0
23.350000000000104,0,0,0,0,0,0,0,0,0,0,0
23.400000000000105,0,0,0,0,0,0,0,0,0,0,0
23.450000000000106,0,0,0,0,0,0,0,0,0,0,0
23.500000000000107,0,0,0,0,0,0,0,0,0,0,0
23.550000000000107,0,0,0,0,0,0,0,0,0,0,0
23.600000000000108,0,0,0,0,0,0,0,0,0,0,0
23.65000000000011,0,0,0,0,0,0,0,0,0,0,0
23.70000000000011,0,0,0,0,0,0,0,0,0,0,0
23.75000000000011,0,0,0,0,0,0,0,0,0,0,0
23.80000000000011,0,0,0,0,0,0,0,0,0,0,0
23.85000000000011,0,0,0,0,0,0,0,0,0,0,0
23.900000000000112,0,0,0,0,0,0,0,0,0,0,0
23.950000000000113,0,0,0,0,0,0,0,0,0,0,0
24.000000000000114,0,0,0,0,0,0,0,0,0,0,0
24.050000000000114,0,0,0,0,0,0,0,0,0,0,0
24.100000000000115,0,0,0,0,0,0,0,0,0,0,0
24.150000000000116,0,0,0,0,0,0,0,0,0,0,0
24.200000000000117,0,0,0,0,0,0,0,0,0,0,0
24.250000000000117,0,0,0,0,0,0,0,0,0,0,0
24.300000000000118,0,0,0,0,0,0,0,0,0,0,0
24.35000000000012,0,0,0,0,0,0,0,0,0,0,0
24.40000000000012,0,0,0,0,0,0,0,0,0,0,0
24.45000000000012,0,0,0,0,0,0,0,0,0,0,0
24.50000000000012,0,0,0,0,0,0,0,0,0,0,0
24.55000000000012,0,0,0,0,0,0,0,0,0,0,0
24.600000000000122,0,0,0,0,0,0,0,0,0,0,0
24.650000000000123,0,0,0,0,0,0,0,0,0,0,0
24.700000000000124,0,0,0,0,0,0,0,0,0,0,0
24.750000000000124,0,0,0,0,0,0,0,0,0,0,0
24.800000000000125,0,0,0,0,0,0,0,0,0,0,0
24.850000000000126,0,0,0,0,0,0,0,0,0,0,0
24.900000000000126,0,0,0,0,0,0,0,0,0,0,0
24.950000000000127,0,0,0,0,0,0,0,0,0,0,0
25.000000000000128,0,0,0,0,0,0,0,0,0,0,0
25.05000000000013,0,0,0,0,0,0,0,0,0,0,0
25.10000000000013,0,0,0,0,0,0,0,0,0,0,0
25.15000000000013,0,0,0,0,0,0,0,0,0,0,0
25.20000000000013,0,0,0,0,0,0,0,0,0,0,0
25.25000000000013,0,0,0,0,0,0,0,0,0,0,0
25.300000000000132,0,0,0,0,0,0,0,0,0,0,0
25.350000000000133,0,0,0,0,0,0,0,0,0,0,0
25.400000000000134,0,0,0,0,0,0,0,0,0,0,0
25.450000000000134,0,0,0,0,0,0,0,0,0,0,0
25.500000000000135,0,0,0,0,0,0,0,0,0,0,0
25.550000000000136,0,0,0,0,0,0,0,0,0,0,0
25.600000000000136,0,0,0,0,0,0,0,0,0,0,0
25.650000000000137,0,0,0,0,0,0,0,0,0,0,0
25.700000000000138,0,0,0,0,0,0,0,0,0,0,0
25.75000000000014,0,0,0,0,0,0,0,0,0,0,0
25.80000000000014,0,0,0,0,0,0,0,0,0,0,0
25.85000000000014,0,0,0,0,0,0,0,0,0,0,0
25.90000000000014,0,0,0,0,0,0,0,0,0,0,0
25.95000000000014,0,0,0,0,0,0,0,0,0,0,0
26.000000000000142,0,0,0,0,0,0,0,0,0,0,0
26.050000000000143,0,0,0,0,0,0,0,0,0,0,0
26.100000000000144,0,0,0,0,0,0,0,0,0,0,0
26.150000000000144,0,0,0,0,0,0,0,0,0,0,0
26.200000000000145,0,0,0,0,0,0,0,0,0,0,0
26.250000000000146,0,0,0,0,0,0,0,0,0,0,0
26.300000000000146,0,0,0,0,0,0,0,0,0,0,0
26.350000000000147,0,0,0,0,0,0,0,0,0,0,0
26.400000000000148,0,0,0,0,0,0,0,0,0,0,0
26.45000000000015,0,0,0,0,0,0,0,0,0,0,0
26.50000000000015,0,0,0,0,0,0,0,0,0,0,0
26.55000000000015,0,0,0,0,0,0,0,0,0,0,0
26.60000000000015,0,0,0,0,0,0,0,0,0,0,0
26.65000000000015,0,0,0,0,0,0,0,0,0,0,0
26.700000000000152,0,0,0,0,0,0,0,0,0,0,0
26.750000000000153,0,0,0,0,0,0,0,0,0,0,0
26.800000000000153,0,0,0,0,0,0,0,0,0,0,0
26.850000000000154,0,0,0,0,0,0,0,0,0,0,0
26.900000000000155,0,0,0,0,0,0,0,0,0,0,0
26.950000000000156,0,0,0,0,0,0,0,0,0,0,0
27.000000000000156,0,0,0,0,0,0,0,0,0,0,0
27.050000000000157,0,0,0,0,0,0,0,0,0,0,0
27.100000000000158,0,0,0,0,0,0,0,0,0,0,0
27.15000000000016,0,0,0,0,0,0,0,0,0,0,0
27.20000000000016,0,0,0,0,0,0,0,0,0,0,0
27.25000000000016,0,0,0,0,0,0,0,0,0,0,0
27.30000000000016,0,0,0,0,0,0,0,0,0,0,0
27.35000000000016,0,0,0,0,0,0,0,0,0,0,0
27.400000000000162,0,0,0,0,0,0,0,0,0,0,0
27.450000000000163,0,0,0,0,0,0,0,0,0,0,0
27.500000000000163,0,0,0,0,0,0,0,0,0,0,0
27.550000000000164,0,0,0,0,0,0,0,0,0,0,0
27.600000000000165,0,0,0,0,0,0,0,0,0,0,0
27.650000000000166,0,0,0,0,0,0,0,0,0,0,0
27.700000000000166,0,0,0,0,0,0,0,0,0,0,0
27.750000000000167,0,0,0,0,0,0,0,0,0,0,0
27.800000000000168,0,0,0,0,0,0,0,0,0,0,0
27.85000000000017,0,0,0,0,0,0,0,0,0,0,0
27.90000000000017,0,0,0,0,0,0,0,0,0,0,0
27.95000000000017,0,0,0,0,0,0,0,0,0,0,0
28.00000000000017,0,0,0,0,0,0,0,0,0,0,0
28.05000000000017,0,0,0,0,0,0,0,0,0,0,0
28.100000000000172,0,0,0,0,0,0,0,0,0,0,0
28.150000000000173,0,0,0,0,0,0,0,0,0,0,0
28.200000000000173,0,0,0,0,0,0,0,0,0,0,0
28.250000000000174,0,0,0,0,0,0,0,0,0,0,0
28.300000000000175,0,0,0,0,0,0,0,0,0,0,0
28.350000000000176,0,0,0,0,0,0,0,0,0,0,0
28.400000000000176,0,0,0,0,0,0,0,0,0,0,0
28.450000000000177,0,0,0,0,0,0,0,0,0,0,0
28.500000000000178,0,0,0,0,0,0,0,0,0,0,0
28.55000000000018,0,0,0,0,0,0,0,0,0,0,0
28.60000000000018,0,0,0,0,0,0,0,0,0,0,0
28.65000000000018,0,0,0,0,0,0,0,0,0,0,0
28.70000000000018,0,0,0,0,0,0,0,0,0,0,0
28.75000000000018,0,0,0,0,0,0,0,0,0,0,0
28.800000000000182,0,0,0,0,0,0,0,0,0,0,0
28.850000000000183,0,0,0,0,0,0,0,0,0,0,0
28.900000000000183,0,0,0,0,0,0,0,0,0,0,0
28.950000000000184,0,0,0,0,0,0,0,0,0,0,0
29.000000000000185,0,0,0,0,0,0,0,0,0,0,0
29.050000000000185,0,0,0,0,0,0,0,0,0,0,0
29.100000000000186,0,0,0,0,0,0,0,0,0,0,0
29.150000000000187,0,0,0,0,0,0,0,0,0,0,0
29.200000000000188,0,0,0,0,0,0,0,0,0,0,0
29.25000000000019,0,0,0,0,0,0,0,0,0,0,0
29.30000000000019,0,0,0,0,0,0,0,0,0,0,0
29.35000000000019,0,0,0,0,0,0,0,0,0,0,0
29.40000000000019,0,0,0,0,0,0,0,0,0,0,0
29.45000000000019,0,0,0,0,0,0,0,0,0,0,0
29.500000000000192,0,0,0,0,0,0,0,0,0,0,0
29.550000000000193,0,0,0,0,0,0,0,0,0,0,0
29.600000000000193,0,0,0,0,0,0,0,0,0,0,0
29.650000000000194,0,0,0,0,0,0,0,0,0,0,0
29.700000000000195,0,0,0,0,0,0,0,0,0,0,0
29.750000000000195,0,0,0,0,0,0,0,0,0,0,0
29.800000000000196,0,0,0,0,0,0,0,0,0,0,0
29.850000000000197,0,0,0,0,0,0,0,0,0,0,0
29.900000000000198,0,0,0,0,0,0,0,0,0,0,0
29.9500000000002,0,0,0,0,0,0,0,0,0,0,0
30.0000000000002,0,0,0,0,0,0,0,0,0,0,0
30.0500000000002,0,0,0,0,0,0,0,0,0,0,0
30.1000000000002,0,0,0,0,0,0,0,0,0,0,0
30.1500000000002,0,0,0,0,0,0,0,0,0,0,0
30.200000000000202,0,0,0,0,0,0,0,0,0,0,0
30.250000000000203,0,0,0,0,0,0,0,0,0,0,0
30.300000000000203,0,0,0,0,0,0,0,0,0,0,0
30.350000000000204,0,0,0,0,0,0,0,0,0,0,0
30.400000000000205,0,0,0,0,0,0,0,0,0,0,0
30.450000000000205,0,0,0,0,0,0,0,0,0,0,0
30.500000000000206,0,0,0,0,0,0,0,0,0,0,0
30.550000000000207,0,0,0,0,0,0,0,0,0,0,0
30.600000000000207,0,0,0,0,0,0,0,0,0,0,0
30.650000000000208,0,0,0,0,0,0,0,0,0,0,0
30.70000000000021,0,0,0,0,0,0,0,0,0,0,0
30.75000000000021,0,0,0,0,0,0,0,0,0,0,0
30.80000000000021,0,0,0,0,0,0,0,0,0,0,0
30.85000000000021,0,0,0,0,0,0,0,0,0,0,0
30.90000000000021,0,0,0,0,0,0,0,0,0,0,0
30.950000000000212,0,0,0,0,0,0,0,0,0,0,0
31.000000000000213,0,0,0,0,0,0,0,0,0,0,0
31.050000000000214,0,0,0,0,0,0,0,0,0,0,0
31.100000000000215,0,0,0,0,0,0,0,0,0,0,0
31.150000000000215,0,0,0,0,0,0,0,0,0,0,0
31.200000000000216,0,0,0,0,0,0,0,0,0,0,0
31.250000000000217,0,0,0,0,0,0,0,0,0,0,0
31.300000000000217,0,0,0,0,0,0,0,0,0,0,0
31.350000000000218,0,0,0,0,0,0,0,0,0,0,0
31.40000000000022,0,0,0,0,0,0,0,0,0,0,0
31.45000000000022,0,0,0,0,0,0,0,0,0,0,0
31.50000000000022,0,0,0,0,0,0,0,0,0,0,0
31.55000000000022,0,0,0,0,0,0,0,0,0,0,0
31.60000000000022,0,0,0,0,0,0,0,0,0,0,0
31.650000000000222,0,0,0,0,0,0,0,0,0,0,0
31.700000000000223,0,0,0,0,0,0,0,0,0,0,0
31.750000000000224,0,0,0,0,0,0,0,0,0,0,0
31.800000000000225,0,0,0,0,0,0,0,0,0,0,0
31.850000000000225,0,0,0,0,0,0,0,0,0,0,0
31.900000000000226,0,0,0,0,0,0,0,0,0,0,0
31.950000000000227,0,0,0,0,0,0,0,0,0,0,0
