*****
16 , 0.05 , 1000 , 0 , 1 , 10 , 100 , 0.75 , 1.0 , 0.75 , 1.0 , .055
16.0,1000,1000,1000,845,1000,0,1000,1000,776,1000,0
16.05,876,876,876,736,876,0,876,876,680,876,0
16.1,899,898,898,769,898,0,899,898,700,898,0
16.15,848,848,848,691,848,0,848,848,629,848,0
16.2,900,900,900,759,900,0,899,898,703,898,0
16.25,902,901,902,753,902,0,901,902,693,902,0
16.3,866,864,866,727,866,0,864,866,685,866,0
16.35,822,820,822,697,822,0,820,822,664,822,0
16.4,835,829,835,708,835,0,829,835,670,835,0
16.45,932,920,932,804,932,0,920,932,779,932,0
16.5,829,812,825,703,827,0,812,825,676,827,0
16.55,866,840,862,716,862,0,840,862,696,862,0
16.6,884,848,881,720,882,0,848,881,704,882,0
16.65,874,808,864,709,866,0,808,864,704,866,0
16.7,839,760,818,652,822,0,760,818,635,822,0
16.75,920,795,888,723,893,0,795,888,710,893,0
16.8,887,680,818,658,829,0,680,818,630,829,0
16.85,870,640,788,624,799,0,640,788,597,799,0
16.9,883,606,767,617,789,0,606,767,610,789,0
16.95,945,598,793,588,808,0,598,793,581,808,0
17.0,873,491,688,508,709,0,491,688,497,709,0
17.05,843,432,641,480,663,0,432,641,474,663,0
17.1,895,400,584,443,610,0,400,584,440,610,0
17.15,881,346,550,400,570,0,346,550,400,570,0
17.2,919,298,517,388,550,0,298,517,388,550,0
17.25,845,242,428,354,459,0,242,428,351,459,0
17.3,874,192,399,303,429,0,192,399,302,429,0
17.35,895,170,364,299,394,0,170,364,298,394,0
17.4,877,106,292,280,316,0,106,292,273,316,0
17.45,845,100,251,208,274,0,100,251,208,274,0
17.5,904,110,241,208,264,0,110,241,208,264,0
17.55,889,60,172,190,194,0,60,172,188,194,0
17.6,909,60,158,186,175,0,60,158,186,175,0
17.65,898,40,125,151,143,0,40,125,151,143,0
17.7,870,29,98,130,117,0,29,98,130,117,0
17.75,893,25,79,124,91,0,25,79,124,91,0
17.8,876,17,57,110,62,0,17,57,109,62,0
17.85,886,11,46,92,51,0,11,46,90,51,0
17.9,852,8,29,67,41,0,8,29,67,41,0
17.95,862,9,32,62,39,0,9,32,62,39,0
18.0,896,3,21,50,24,0,3,21,50,24,0
18.05,881,7,19,47,20,0,7,19,47,20,0
18.1,925,1,17,45,19,0,1,17,45,19,0
18.15,917,0,8,24,8,0,0,8,24,8,0
18.2,913,1,8,39,9,0,1,8,39,9,0
18.25,857,2,5,25,6,0,2,5,25,6,0
18.3,913,0,2,15,2,0,0,2,15,2,0
18.35,887,1,3,13,5,0,1,3,13,5,0
18.4,878,0,3,10,3,0,0,3,10,3,0
18.45,930,0,3,9,3,0,0,3,9,3,0
18.5,903,0,0,6,1,0,0,0,6,1,0
18.55,845,0,0,4,0,0,0,0,4,0,0
18.6,881,0,0,4,0,0,0,0,4,0,0
18.65,894,0,0,5,0,0,0,0,5,0,0
18.7,888,0,0,5,0,0,0,0,5,0,0
18.75,883,0,0,2,0,0,0,0,2,0,0
18.8,884,0,0,2,0,0,0,0,2,0,0
18.85,849,0,0,0,0,0,0,0,0,0,0
18.9,900,0,0,1,0,0,0,0,1,0,0
18.95,869,0,0,1,0,0,0,0,1,0,0
19.0,880,0,0,0,0,0,0,0,0,0,0
19.05,936,0,0,0,0,0,0,0,0,0,0
19.1,866,0,0,0,0,0,0,0,0,0,0
19.15,862,0,0,0,0,0,0,0,0,0,0
19.2,924,0,0,0,0,0,0,0,0,0,0
19.25,899,0,0,0,0,0,0,0,0,0,0
19.3,909,0,0,0,0,0,0,0,0,0,0
19.35,830,0,0,0,0,0,0,0,0,0,0
19.4,861,0,0,0,0,0,0,0,0,0,0
19.45,906,0,0,0,0,0,0,0,0,0,0
19.5,877,0,0,0,0,0,0,0,0,0,0
19.55,851,0,0,0,0,0,0,0,0,0,0
19.6,867,0,0,0,0,0,0,0,0,0,0
19.65,876,0,0,0,0,0,0,0,0,0,0
19.7,876,0,0,0,0,0,0,0,0,0,0
19.75,900,0,0,0,0,0,0,0,0,0,0
19.8,865,0,0,0,0,0,0,0,0,0,0
19.85,858,0,0,0,0,0,0,0,0,0,0
19.9,930,0,0,0,0,0,0,0,0,0,0
19.95,906,0,0,0,0,0,0,0,0,0,0
20.0,892,0,0,0,0,0,0,0,0,0,0
20.05,868,0,0,0,0,0,0,0,0,0,0
20.1,915,0,0,0,0,0,0,0,0,0,0
20.15,927,0,0,0,0,0,0,0,0,0,0
20.2,855,0,0,0,0,0,0,0,0,0,0
20.25,923,0,0,0,0,0,0,0,0,0,0
20.3,862,0,0,0,0,0,0,0,0,0,0
20.35,870,0,0,0,0,0,0,0,0,0,0
20.4,869,0,0,0,0,0,0,0,0,0,0
20.45,858,0,0,0,0,0,0,0,0,0,0
20.5,884,0,0,0,0,0,0,0,0,0,0
20.55,801,0,0,0,0,0,0,0,0,0,0
20.6,880,0,0,0,0,0,0,0,0,0,0
20.65,919,0,0,0,0,0,0,0,0,0,0
20.7,857,0,0,0,0,0,0,0,0,0,0
20.75,914,0,0,0,0,0,0,0,0,0,0
20.8,912,0,0,0,0,0,0,0,0,0,0
20.85,865,0,0,0,0,0,0,0,0,0,0
20.9,940,0,0,0,0,0,0,0,0,0,0
20.95,890,0,0,0,0,0,0,0,0,0,0
21.0,876,0,0,0,0,0,0,0,0,0,0
21.05,927,0,0,0,0,0,0,0,0,0,0
21.1,890,0,0,0,0,0,0,0,0,0,0
21.15,927,0,0,0,0,0,0,0,0,0,0
21.2,879,0,0,0,0,0,0,0,0,0,0
21.25,891,0,0,0,0,0,0,0,0,0,0
21.3,875,0,0,0,0,0,0,0,0,0,0
21.35,856,0,0,0,0,0,0,0,0,0,0
21.4,890,0,0,0,0,0,0,0,0,0,0
21.45,889,0,0,0,0,0,0,0,0,0,0
21.5,861,0,0,0,0,0,0,0,0,0,0
21.55,862,0,0,0,0,0,0,0,0,0,0
21.6,902,0,0,0,0,0,0,0,0,0,0
21.65,918,0,0,0,0,0,0,0,0,0,0
21.7,873,0,0,0,0,0,0,0,0,0,0
21.75,897,0,0,0,0,0,0,0,0,0,0
21.8,857,0,0,0,0,0,0,0,0,0,0
21.85,878,0,0,0,0,0,0,0,0,0,0
21.9,867,0,0,0,0,0,0,0,0,0,0
21.95,888,0,0,0,0,0,0,0,0,0,0
22.0,906,0,0,0,0,0,0,0,0,0,0
22.05,923,0,0,0,0,0,0,0,0,0,0
22.1,895,0,0,0,0,0,0,0,0,0,0
22.15,897,0,0,0,0,0,0,0,0,0,0
22.2,845,0,0,0,0,0,0,0,0,0,0
22.25,901,0,0,0,0,0,0,0,0,0,0
22.3,918,0,0,0,0,0,0,0,0,0,0
22.35,879,0,0,0,0,0,0,0,0,0,0
22.4,891,0,0,0,0,0,0,0,0,0,0
22.45,880,0,0,0,0,0,0,0,0,0,0
22.5,894,0,0,0,0,0,0,0,0,0,0
22.55,906,0,0,0,0,0,0,0,0,0,0
22.6,913,0,0,0,0,0,0,0,0,0,0
22.65,881,0,0,0,0,0,0,0,0,0,0
22.7,912,0,0,0,0,0,0,0,0,0,0
22.75,830,0,0,0,0,0,0,0,0,0,0
22.8,885,0,0,0,0,0,0,0,0,0,0
22.85,841,0,0,0,0,0,0,0,0,0,0
22.9,941,0,0,0,0,0,0,0,0,0,0
22.95,879,0,0,0,0,0,0,0,0,0,0
23.0,894,0,0,0,0,0,0,0,0,0,0
23.05,880,0,0,0,0,0,0,0,0,0,0
23.1,894,0,0,0,0,0,0,0,0,0,0
23.15,899,0,0,0,0,0,0,0,0,0,0
23.2,868,0,0,0,0,0,0,0,0,0,0
23.25,846,0,0,0,0,0,0,0,0,0,0
23.3,889,0,0,0,0,0,0,0,0,0,0
23.35,884,0,0,0,0,0,0,0,0,0,0
23.4,909,0,0,0,0,0,0,0,0,0,0
23.45,931,0,0,0,0,0,0,0,0,0,0
23.5,888,0,0,0,0,0,0,0,0,0,0
23.55,900,0,0,0,0,0,0,0,0,0,0
23.6,871,0,0,0,0,0,0,0,0,0,0
23.65,878,0,0,0,0,0,0,0,0,0,0
23.7,891,0,0,0,0,0,0,0,0,0,0
23.75,901,0,0,0,0,0,0,0,0,0,0
23.8,885,0,0,0,0,0,0,0,0,0,0
23.85,932,0,0,0,0,0,0,0,0,0,0
23.9,866,0,0,0,0,0,0,0,0,0,0
23.95,874,0,0,0,0,0,0,0,0,0,0
24.0,899,0,0,0,0,0,0,0,0,0,0
24.05,925,0,0,0,0,0,0,0,0,0,0
24.1,845,0,0,0,0,0,0,0,0,0,0
24.15,862,0,0,0,0,0,0,0,0,0,0
24.200000000000003,888,0,0,0,0,0,0,0,0,0,0
24.25,899,0,0,0,0,0,0,0,0,0,0
24.3,844,0,0,0,0,0,0,0,0,0,0
24.35,866,0,0,0,0,0,0,0,0,0,0
24.4,899,0,0,0,0,0,0,0,0,0,0
24.450000000000003,871,0,0,0,0,0,0,0,0,0,0
24.5,829,0,0,0,0,0,0,0,0,0,0
24.55,883,0,0,0,0,0,0,0,0,0,0
24.6,889,0,0,0,0,0,0,0,0,0,0
24.65,902,0,0,0,0,0,0,0,0,0,0
24.700000000000003,869,0,0,0,0,0,0,0,0,0,0
24.75,908,0,0,0,0,0,0,0,0,0,0
24.8,834,0,0,0,0,0,0,0,0,0,0
24.85,871,0,0,0,0,0,0,0,0,0,0
24.9,861,0,0,0,0,0,0,0,0,0,0
24.950000000000003,888,0,0,0,0,0,0,0,0,0,0
25.0,896,0,0,0,0,0,0,0,0,0,0
25.05,894,0,0,0,0,0,0,0,0,0,0
25.1,903,0,0,0,0,0,0,0,0,0,0
25.15,870,0,0,0,0,0,0,0,0,0,0
25.200000000000003,884,0,0,0,0,0,0,0,0,0,0
25.25,883,0,0,0,0,0,0,0,0,0,0
25.3,904,0,0,0,0,0,0,0,0,0,0
25.35,919,0,0,0,0,0,0,0,0,0,0
25.4,872,0,0,0,0,0,0,0,0,0,0
25.450000000000003,869,0,0,0,0,0,0,0,0,0,0
25.5,901,0,0,0,0,0,0,0,0,0,0
25.55,850,0,0,0,0,0,0,0,0,0,0
25.6,900,0,0,0,0,0,0,0,0,0,0
25.65,883,0,0,0,0,0,0,0,0,0,0
25.700000000000003,882,0,0,0,0,0,0,0,0,0,0
25.75,875,0,0,0,0,0,0,0,0,0,0
25.8,844,0,0,0,0,0,0,0,0,0,0
25.85,885,0,0,0,0,0,0,0,0,0,0
25.9,893,0,0,0,0,0,0,0,0,0,0
25.950000000000003,889,0,0,0,0,0,0,0,0,0,0
26.0,884,0,0,0,0,0,0,0,0,0,0
26.05,839,0,0,0,0,0,0,0,0,0,0
26.1,854,0,0,0,0,0,0,0,0,0,0
26.15,911,0,0,0,0,0,0,0,0,0,0
26.200000000000003,910,0,0,0,0,0,0,0,0,0,0
26.25,874,0,0,0,0,0,0,0,0,0,0
26.3,913,0,0,0,0,0,0,0,0,0,0
26.35,906,0,0,0,0,0,0,0,0,0,0
26.4,856,0,0,0,0,0,0,0,0,0,0
26.450000000000003,855,0,0,0,0,0,0,0,0,0,0
26.5,873,0,0,0,0,0,0,0,0,0,0
26.55,857,0,0,0,0,0,0,0,0,0,0
26.6,914,0,0,0,0,0,0,0,0,0,0
26.65,895,0,0,0,0,0,0,0,0,0,0
26.700000000000003,846,0,0,0,0,0,0,0,0,0,0
26.75,859,0,0,0,0,0,0,0,0,0,0
26.8,880,0,0,0,0,0,0,0,0,0,0
26.85,838,0,0,0,0,0,0,0,0,0,0
26.9,895,0,0,0,0,0,0,0,0,0,0
26.950000000000003,883,0,0,0,0,0,0,0,0,0,0
27.0,900,0,0,0,0,0,0,0,0,0,0
27.05,843,0,0,0,0,0,0,0,0,0,0
27.1,902,0,0,0,0,0,0,0,0,0,0
27.15,922,0,0,0,0,0,0,0,0,0,0
27.200000000000003,876,0,0,0,0,0,0,0,0,0,0
27.25,920,0,0,0,0,0,0,0,0,0,0
27.3,879,0,0,0,0,0,0,0,0,0,0
27.35,864,0,0,0,0,0,0,0,0,0,0
27.4,887,0,0,0,0,0,0,0,0,0,0
27.450000000000003,901,0,0,0,0,0,0,0,0,0,0
27.5,874,0,0,0,0,0,0,0,0,0,0
27.55,895,0,0,0,0,0,0,0,0,0,0
27.6,886,0,0,0,0,0,0,0,0,0,0
27.65,925,0,0,0,0,0,0,0,0,0,0
27.700000000000003,917,0,0,0,0,0,0,0,0,0,0
27.75,827,0,0,0,0,0,0,0,0,0,0
27.8,893,0,0,0,0,0,0,0,0,0,0
27.85,846,0,0,0,0,0,0,0,0,0,0
27.9,905,0,0,0,0,0,0,0,0,0,0
27.950000000000003,873,0,0,0,0,0,0,0,0,0,0
28.0,886,0,0,0,0,0,0,0,0,0,0
28.05,898,0,0,0,0,0,0,0,0,0,0
28.1,840,0,0,0,0,0,0,0,0,0,0
28.15,918,0,0,0,0,0,0,0,0,0,0
28.200000000000003,929,0,0,0,0,0,0,0,0,0,0
28.25,854,0,0,0,0,0,0,0,0,0,0
28.3,891,0,0,0,0,0,0,0,0,0,0
28.35,924,0,0,0,0,0,0,0,0,0,0
28.4,879,0,0,0,0,0,0,0,0,0,0
28.450000000000003,864,0,0,0,0,0,0,0,0,0,0
28.5,857,0,0,0,0,0,0,0,0,0,0
28.55,896,0,0,0,0,0,0,0,0,0,0
28.6,884,0,0,0,0,0,0,0,0,0,0
28.65,859,0,0,0,0,0,0,0,0,0,0
28.700000000000003,866,0,0,0,0,0,0,0,0,0,0
28.75,905,0,0,0,0,0,0,0,0,0,0
28.8,886,0,0,0,0,0,0,0,0,0,0
28.85,901,0,0,0,0,0,0,0,0,0,0
28.9,899,0,0,0,0,0,0,0,0,0,0
28.950000000000003,879,0,0,0,0,0,0,0,0,0,0
29.0,876,0,0,0,0,0,0,0,0,0,0
29.05,960,0,0,0,0,0,0,0,0,0,0
29.1,880,0,0,0,0,0,0,0,0,0,0
29.15,841,0,0,0,0,0,0,0,0,0,0
29.200000000000003,933,0,0,0,0,0,0,0,0,0,0
29.25,911,0,0,0,0,0,0,0,0,0,0
29.3,896,0,0,0,0,0,0,0,0,0,0
29.35,864,0,0,0,0,0,0,0,0,0,0
29.4,876,0,0,0,0,0,0,0,0,0,0
29.450000000000003,854,0,0,0,0,0,0,0,0,0,0
29.5,902,0,0,0,0,0,0,0,0,0,0
29.55,896,0,0,0,0,0,0,0,0,0,0
29.6,899,0,0,0,0,0,0,0,0,0,0
29.65,890,0,0,0,0,0,0,0,0,0,0
29.700000000000003,903,0,0,0,0,0,0,0,0,0,0
29.75,866,0,0,0,0,0,0,0,0,0,0
29.8,844,0,0,0,0,0,0,0,0,0,0
29.85,888,0,0,0,0,0,0,0,0,0,0
29.9,845,0,0,0,0,0,0,0,0,0,0
29.950000000000003,943,0,0,0,0,0,0,0,0,0,0
30.0,897,0,0,0,0,0,0,0,0,0,0
30.05,845,0,0,0,0,0,0,0,0,0,0
30.1,891,0,0,0,0,0,0,0,0,0,0
30.15,914,0,0,0,0,0,0,0,0,0,0
30.200000000000003,909,0,0,0,0,0,0,0,0,0,0
30.25,923,0,0,0,0,0,0,0,0,0,0
30.3,851,0,0,0,0,0,0,0,0,0,0
30.35,869,0,0,0,0,0,0,0,0,0,0
30.4,880,0,0,0,0,0,0,0,0,0,0
30.450000000000003,891,0,0,0,0,0,0,0,0,0,0
30.5,903,0,0,0,0,0,0,0,0,0,0
30.55,880,0,0,0,0,0,0,0,0,0,0
30.6,903,0,0,0,0,0,0,0,0,0,0
30.65,883,0,0,0,0,0,0,0,0,0,0
30.700000000000003,837,0,0,0,0,0,0,0,0,0,0
30.75,895,0,0,0,0,0,0,0,0,0,0
30.8,892,0,0,0,0,0,0,0,0,0,0
30.85,862,0,0,0,0,0,0,0,0,0,0
30.9,859,0,0,0,0,0,0,0,0,0,0
30.950000000000003,924,0,0,0,0,0,0,0,0,0,0
31.0,890,0,0,0,0,0,0,0,0,0,0
31.05,894,0,0,0,0,0,0,0,0,0,0
31.1,891,0,0,0,0,0,0,0,0,0,0
31.15,925,0,0,0,0,0,0,0,0,0,0
31.200000000000003,919,0,0,0,0,0,0,0,0,0,0
31.25,870,0,0,0,0,0,0,0,0,0,0
31.3,925,0,0,0,0,0,0,0,0,0,0
31.35,895,0,0,0,0,0,0,0,0,0,0
31.4,823,0,0,0,0,0,0,0,0,0,0
31.450000000000003,872,0,0,0,0,0,0,0,0,0,0
31.5,895,0,0,0,0,0,0,0,0,0,0
31.55,867,0,0,0,0,0,0,0,0,0,0
31.6,910,0,0,0,0,0,0,0,0,0,0
31.65,848,0,0,0,0,0,0,0,0,0,0
31.700000000000003,877,0,0,0,0,0,0,0,0,0,0
31.75,883,0,0,0,0,0,0,0,0,0,0
31.8,875,0,0,0,0,0,0,0,0,0,0
31.85,939,0,0,0,0,0,0,0,0,0,0
31.9,892,0,0,0,0,0,0,0,0,0,0
31.950000000000003,912,0,0,0,0,0,0,0,0,0,0
32.0,872,0,0,0,0,0,0,0,0,0,0
32.05,852,0,0,0,0,0,0,0,0,0,0
32.1,792,0,0,0,0,0,0,0,0,0,0
32.150000000000006,714,0,0,0,0,0,0,0,0,0,0
32.2,717,0,0,0,0,0,0,0,0,0,0
32.25,625,0,0,0,0,0,0,0,0,0,0
32.3,588,0,0,0,0,0,0,0,0,0,0
32.35,568,0,0,0,0,0,0,0,0,0,0
32.400000000000006,482,0,0,0,0,0,0,0,0,0,0
32.45,448,0,0,0,0,0,0,0,0,0,0
32.5,397,0,0,0,0,0,0,0,0,0,0
32.55,337,0,0,0,0,0,0,0,0,0,0
32.6,341,0,0,0,0,0,0,0,0,0,0
32.650000000000006,314,0,0,0,0,0,0,0,0,0,0
32.7,248,0,0,0,0,0,0,0,0,0,0
32.75,186,0,0,0,0,0,0,0,0,0,0
32.8,161,0,0,0,0,0,0,0,0,0,0
32.85,124,0,0,0,0,0,0,0,0,0,0
32.900000000000006,72,0,0,0,0,0,0,0,0,0,0
32.95,14,0,0,0,0,0,0,0,0,0,0
*****
16 , 0.05 , 1000 , 0 , 0.4 , 10 , 100 , 0.75 , 1.0 , 0.75 , 1.0 , .055
16.0,1000,1000,1000,1000,1000,0,1000,1000,1000,1000,0
16.05,981,981,981,981,981,0,981,981,981,981,0
16.1,1005,1005,1005,1005,1005,0,1005,1005,1005,1005,0
16.15,1009,1009,1009,1009,1009,0,1009,1009,1009,1009,0
16.2,973,973,973,973,973,0,973,973,973,973,0
16.25,990,990,990,990,990,0,990,990,990,990,0
16.3,992,992,992,992,992,0,992,992,992,992,0
16.35,1035,1035,1035,1035,1035,0,1035,1035,1035,1035,0
16.4,986,986,986,986,986,0,986,986,986,986,0
16.45,949,949,949,949,949,0,949,949,949,949,0
16.5,1025,1025,1025,1025,1025,0,1025,1025,1025,1025,0
16.55,995,995,995,995,995,0,995,995,995,995,0
16.6,1027,1027,1027,1027,1027,0,1027,1027,1027,1027,0
16.65,1005,1005,1005,1005,1005,0,1005,1005,1005,1005,0
16.7,1006,1006,1006,1006,1006,0,1006,1006,1006,1006,0
16.75,974,974,974,974,974,0,974,974,974,974,0
16.8,1024,1024,1024,1024,1024,0,1024,1024,1024,1024,0
16.85,987,987,987,987,987,0,987,987,987,987,0
16.9,984,984,984,984,984,0,984,984,984,984,0
16.95,999,999,999,999,999,0,999,999,999,999,0
17.0,960,960,960,960,960,0,960,960,960,960,0
17.05,983,983,983,983,983,0,983,983,983,983,0
17.1,1048,1048,1048,1048,1048,0,1048,1048,1048,1048,0
17.15,996,996,995,996,996,0,996,995,996,996,0
17.2,967,967,967,967,967,0,967,967,967,967,0
17.25,1011,1011,1011,1011,1011,0,1011,1011,1011,1011,0
17.3,997,997,992,997,997,0,997,992,997,997,0
17.35,1027,1027,1019,1027,1027,0,1027,1019,1027,1027,0
17.4,972,972,964,972,972,0,972,964,972,972,0
17.45,1011,1010,996,1011,1011,0,1010,996,1011,1011,0
17.5,1009,1008,989,1009,1009,0,1008,989,1009,1009,0
17.55,951,950,924,951,951,0,950,924,951,951,0
17.6,1034,1033,984,1034,1034,0,1033,984,1034,1034,0
17.65,1029,1017,949,1029,1028,0,1017,949,1029,1028,0
17.7,1019,1004,924,1019,1012,0,1004,924,1019,1012,0
17.75,1013,990,897,1013,1005,0,990,897,1013,1005,0
17.8,982,934,808,982,966,0,934,808,982,966,0
17.85,1043,972,822,1043,1019,0,972,822,1043,1019,0
17.9,1007,913,738,1007,974,0,913,738,1007,974,0
17.95,994,867,696,994,935,0,867,696,994,935,0
18.0,971,789,588,971,889,0,789,588,971,889,0
18.05,1015,735,511,1014,868,0,735,511,1014,868,0
18.1,937,617,415,934,755,0,617,415,934,755,0
18.15,1029,606,394,1021,769,0,606,394,1021,769,0
18.2,1013,508,324,1006,666,0,508,324,1006,666,0
18.25,1054,464,301,1040,632,0,464,301,1040,632,0
18.3,1008,366,226,990,533,0,366,226,990,533,0
18.35,988,273,155,945,429,0,273,155,945,429,0
18.4,989,224,119,931,363,0,224,119,931,363,0
18.45,1024,152,88,911,279,0,152,88,911,279,0
18.5,1042,120,70,915,230,0,120,70,915,230,0
18.55,980,95,52,810,167,0,95,52,810,167,0
18.6,996,65,42,763,121,0,65,42,763,121,0
18.65,981,43,24,702,90,0,43,24,702,90,0
18.7,966,27,18,604,57,0,27,18,604,57,0
18.75,976,18,9,552,39,0,18,9,552,39,0
18.8,974,20,12,486,40,0,20,12,486,40,0
18.85,982,6,5,365,15,0,6,5,365,15,0
18.9,1020,2,1,365,11,0,2,1,365,11,0
18.95,963,3,1,253,6,0,3,1,253,6,0
19.0,1036,2,1,224,4,0,2,1,224,4,0
19.05,999,0,1,164,4,0,0,1,164,4,0
19.1,1006,0,0,135,2,0,0,0,135,2,0
19.15,972,0,0,93,0,0,0,0,93,0,0
19.2,1015,0,0,75,1,0,0,0,75,1,0
19.25,964,0,0,54,0,0,0,0,54,0,0
19.3,1039,0,0,52,0,0,0,0,52,0,0
19.35,979,0,0,22,0,0,0,0,22,0,0
19.4,951,0,0,17,0,0,0,0,17,0,0
19.45,950,0,0,8,0,0,0,0,8,0,0
19.5,999,0,0,7,0,0,0,0,7,0,0
19.55,1019,0,0,0,0,0,0,0,0,0,0
19.6,1020,0,0,2,0,0,0,0,2,0,0
19.65,993,0,0,2,0,0,0,0,2,0,0
19.7,991,0,0,0,0,0,0,0,0,0,0
19.75,927,0,0,0,0,0,0,0,0,0,0
19.8,988,0,0,0,0,0,0,0,0,0,0
19.85,1017,0,0,1,0,0,0,0,1,0,0
19.9,1031,0,0,0,0,0,0,0,0,0,0
19.95,1016,0,0,0,0,0,0,0,0,0,0
20.0,1015,0,0,0,0,0,0,0,0,0,0
20.05,1052,0,0,0,0,0,0,0,0,0,0
20.1,968,0,0,0,0,0,0,0,0,0,0
20.15,925,0,0,0,0,0,0,0,0,0,0
20.2,996,0,0,0,0,0,0,0,0,0,0
20.25,1003,0,0,0,0,0,0,0,0,0,0
20.3,975,0,0,0,0,0,0,0,0,0,0
20.35,987,0,0,0,0,0,0,0,0,0,0
20.4,931,0,0,0,0,0,0,0,0,0,0
20.45,980,0,0,0,0,0,0,0,0,0,0
20.5,1025,0,0,0,0,0,0,0,0,0,0
20.55,1004,0,0,0,0,0,0,0,0,0,0
20.6,1013,0,0,0,0,0,0,0,0,0,0
20.65,1013,0,0,0,0,0,0,0,0,0,0
20.7,1006,0,0,0,0,0,0,0,0,0,0
20.75,985,0,0,0,0,0,0,0,0,0,0
20.8,1024,0,0,0,0,0,0,0,0,0,0
20.85,985,0,0,0,0,0,0,0,0,0,0
20.9,1004,0,0,0,0,0,0,0,0,0,0
20.95,966,0,0,0,0,0,0,0,0,0,0
21.0,974,0,0,0,0,0,0,0,0,0,0
21.05,1026,0,0,0,0,0,0,0,0,0,0
21.1,1012,0,0,0,0,0,0,0,0,0,0
21.15,977,0,0,0,0,0,0,0,0,0,0
21.2,998,0,0,0,0,0,0,0,0,0,0
21.25,1012,0,0,0,0,0,0,0,0,0,0
21.3,950,0,0,0,0,0,0,0,0,0,0
21.35,977,0,0,0,0,0,0,0,0,0,0
21.4,1031,0,0,0,0,0,0,0,0,0,0
21.45,950,0,0,0,0,0,0,0,0,0,0
21.5,985,0,0,0,0,0,0,0,0,0,0
21.55,924,0,0,0,0,0,0,0,0,0,0
21.6,920,0,0,0,0,0,0,0,0,0,0
21.65,1035,0,0,0,0,0,0,0,0,0,0
21.7,980,0,0,0,0,0,0,0,0,0,0
21.75,978,0,0,0,0,0,0,0,0,0,0
21.8,999,0,0,0,0,0,0,0,0,0,0
21.85,968,0,0,0,0,0,0,0,0,0,0
21.9,977,0,0,0,0,0,0,0,0,0,0
21.95,951,0,0,0,0,0,0,0,0,0,0
22.0,1089,0,0,0,0,0,0,0,0,0,0
22.05,1016,0,0,0,0,0,0,0,0,0,0
22.1,962,0,0,0,0,0,0,0,0,0,0
22.15,986,0,0,0,0,0,0,0,0,0,0
22.2,990,0,0,0,0,0,0,0,0,0,0
22.25,969,0,0,0,0,0,0,0,0,0,0
22.3,1025,0,0,0,0,0,0,0,0,0,0
22.35,1019,0,0,0,0,0,0,0,0,0,0
22.4,1023,0,0,0,0,0,0,0,0,0,0
22.45,961,0,0,0,0,0,0,0,0,0,0
22.5,1004,0,0,0,0,0,0,0,0,0,0
22.55,969,0,0,0,0,0,0,0,0,0,0
22.6,984,0,0,0,0,0,0,0,0,0,0
22.65,1001,0,0,0,0,0,0,0,0,0,0
22.7,1036,0,0,0,0,0,0,0,0,0,0
22.75,988,0,0,0,0,0,0,0,0,0,0
22.8,1008,0,0,0,0,0,0,0,0,0,0
22.85,1013,0,0,0,0,0,0,0,0,0,0
22.9,935,0,0,0,0,0,0,0,0,0,0
22.95,987,0,0,0,0,0,0,0,0,0,0
23.0,1004,0,0,0,0,0,0,0,0,0,0
23.05,1051,0,0,0,0,0,0,0,0,0,0
23.1,1010,0,0,0,0,0,0,0,0,0,0
23.15,992,0,0,0,0,0,0,0,0,0,0
23.2,966,0,0,0,0,0,0,0,0,0,0
23.25,1041,0,0,0,0,0,0,0,0,0,0
23.3,1007,0,0,0,0,0,0,0,0,0,0
23.35,936,0,0,0,0,0,0,0,0,0,0
23.4,992,0,0,0,0,0,0,0,0,0,0
23.45,1039,0,0,0,0,0,0,0,0,0,0
23.5,971,0,0,0,0,0,0,0,0,0,0
23.55,984,0,0,0,0,0,0,0,0,0,0
23.6,956,0,0,0,0,0,0,0,0,0,0
23.65,1008,0,0,0,0,0,0,0,0,0,0
23.7,960,0,0,0,0,0,0,0,0,0,0
23.75,1037,0,0,0,0,0,0,0,0,0,0
23.8,995,0,0,0,0,0,0,0,0,0,0
23.85,999,0,0,0,0,0,0,0,0,0,0
23.9,945,0,0,0,0,0,0,0,0,0,0
23.95,1024,0,0,0,0,0,0,0,0,0,0
24.0,1009,0,0,0,0,0,0,0,0,0,0
24.05,1048,0,0,0,0,0,0,0,0,0,0
24.1,934,0,0,0,0,0,0,0,0,0,0
24.15,985,0,0,0,0,0,0,0,0,0,0
24.200000000000003,1007,0,0,0,0,0,0,0,0,0,0
24.25,991,0,0,0,0,0,0,0,0,0,0
24.3,962,0,0,0,0,0,0,0,0,0,0
24.35,1047,0,0,0,0,0,0,0,0,0,0
24.4,978,0,0,0,0,0,0,0,0,0,0
24.450000000000003,951,0,0,0,0,0,0,0,0,0,0
24.5,956,0,0,0,0,0,0,0,0,0,0
24.55,947,0,0,0,0,0,0,0,0,0,0
24.6,1079,0,0,0,0,0,0,0,0,0,0
24.65,1013,0,0,0,0,0,0,0,0,0,0
24.700000000000003,1019,0,0,0,0,0,0,0,0,0,0
24.75,973,0,0,0,0,0,0,0,0,0,0
24.8,935,0,0,0,0,0,0,0,0,0,0
24.85,983,0,0,0,0,0,0,0,0,0,0
24.9,989,0,0,0,0,0,0,0,0,0,0
24.950000000000003,1019,0,0,0,0,0,0,0,0,0,0
25.0,1000,0,0,0,0,0,0,0,0,0,0
25.05,1034,0,0,0,0,0,0,0,0,0,0
25.1,950,0,0,0,0,0,0,0,0,0,0
25.15,944,0,0,0,0,0,0,0,0,0,0
25.200000000000003,1013,0,0,0,0,0,0,0,0,0,0
25.25,983,0,0,0,0,0,0,0,0,0,0
25.3,1054,0,0,0,0,0,0,0,0,0,0
25.35,1029,0,0,0,0,0,0,0,0,0,0
25.4,939,0,0,0,0,0,0,0,0,0,0
25.450000000000003,979,0,0,0,0,0,0,0,0,0,0
25.5,1054,0,0,0,0,0,0,0,0,0,0
25.55,1012,0,0,0,0,0,0,0,0,0,0
25.6,995,0,0,0,0,0,0,0,0,0,0
25.65,1050,0,0,0,0,0,0,0,0,0,0
25.700000000000003,1006,0,0,0,0,0,0,0,0,0,0
25.75,977,0,0,0,0,0,0,0,0,0,0
25.8,1031,0,0,0,0,0,0,0,0,0,0
25.85,934,0,0,0,0,0,0,0,0,0,0
25.9,985,0,0,0,0,0,0,0,0,0,0
25.950000000000003,1011,0,0,0,0,0,0,0,0,0,0
26.0,1019,0,0,0,0,0,0,0,0,0,0
26.05,1025,0,0,0,0,0,0,0,0,0,0
26.1,1004,0,0,0,0,0,0,0,0,0,0
26.15,969,0,0,0,0,0,0,0,0,0,0
26.200000000000003,982,0,0,0,0,0,0,0,0,0,0
26.25,966,0,0,0,0,0,0,0,0,0,0
26.3,997,0,0,0,0,0,0,0,0,0,0
26.35,1055,0,0,0,0,0,0,0,0,0,0
26.4,1001,0,0,0,0,0,0,0,0,0,0
26.450000000000003,1022,0,0,0,0,0,0,0,0,0,0
26.5,1012,0,0,0,0,0,0,0,0,0,0
26.55,996,0,0,0,0,0,0,0,0,0,0
26.6,956,0,0,0,0,0,0,0,0,0,0
26.65,1049,0,0,0,0,0,0,0,0,0,0
26.700000000000003,1051,0,0,0,0,0,0,0,0,0,0
26.75,975,0,0,0,0,0,0,0,0,0,0
26.8,957,0,0,0,0,0,0,0,0,0,0
26.85,998,0,0,0,0,0,0,0,0,0,0
26.9,998,0,0,0,0,0,0,0,0,0,0
26.950000000000003,999,0,0,0,0,0,0,0,0,0,0
27.0,965,0,0,0,0,0,0,0,0,0,0
27.05,1017,0,0,0,0,0,0,0,0,0,0
27.1,972,0,0,0,0,0,0,0,0,0,0
27.15,1048,0,0,0,0,0,0,0,0,0,0
27.200000000000003,1001,0,0,0,0,0,0,0,0,0,0
27.25,984,0,0,0,0,0,0,0,0,0,0
27.3,1014,0,0,0,0,0,0,0,0,0,0
27.35,1012,0,0,0,0,0,0,0,0,0,0
27.4,945,0,0,0,0,0,0,0,0,0,0
27.450000000000003,1047,0,0,0,0,0,0,0,0,0,0
27.5,976,0,0,0,0,0,0,0,0,0,0
27.55,982,0,0,0,0,0,0,0,0,0,0
27.6,1006,0,0,0,0,0,0,0,0,0,0
27.65,1036,0,0,0,0,0,0,0,0,0,0
27.700000000000003,946,0,0,0,0,0,0,0,0,0,0
27.75,1018,0,0,0,0,0,0,0,0,0,0
27.8,1054,0,0,0,0,0,0,0,0,0,0
27.85,1021,0,0,0,0,0,0,0,0,0,0
27.9,944,0,0,0,0,0,0,0,0,0,0
27.950000000000003,965,0,0,0,0,0,0,0,0,0,0
28.0,1034,0,0,0,0,0,0,0,0,0,0
28.05,1005,0,0,0,0,0,0,0,0,0,0
28.1,1026,0,0,0,0,0,0,0,0,0,0
28.15,946,0,0,0,0,0,0,0,0,0,0
28.200000000000003,943,0,0,0,0,0,0,0,0,0,0
28.25,995,0,0,0,0,0,0,0,0,0,0
28.3,1034,0,0,0,0,0,0,0,0,0,0
28.35,1005,0,0,0,0,0,0,0,0,0,0
28.4,1025,0,0,0,0,0,0,0,0,0,0
28.450000000000003,1027,0,0,0,0,0,0,0,0,0,0
28.5,980,0,0,0,0,0,0,0,0,0,0
28.55,979,0,0,0,0,0,0,0,0,0,0
28.6,1031,0,0,0,0,0,0,0,0,0,0
28.65,1023,0,0,0,0,0,0,0,0,0,0
28.700000000000003,1024,0,0,0,0,0,0,0,0,0,0
28.75,940,0,0,0,0,0,0,0,0,0,0
28.8,1061,0,0,0,0,0,0,0,0,0,0
28.85,1044,0,0,0,0,0,0,0,0,0,0
28.9,993,0,0,0,0,0,0,0,0,0,0
28.950000000000003,1018,0,0,0,0,0,0,0,0,0,0
29.0,969,0,0,0,0,0,0,0,0,0,0
29.05,940,0,0,0,0,0,0,0,0,0,0
29.1,1013,0,0,0,0,0,0,0,0,0,0
29.15,996,0,0,0,0,0,0,0,0,0,0
29.200000000000003,1033,0,0,0,0,0,0,0,0,0,0
29.25,966,0,0,0,0,0,0,0,0,0,0
29.3,957,0,0,0,0,0,0,0,0,0,0
29.35,980,0,0,0,0,0,0,0,0,0,0
29.4,958,0,0,0,0,0,0,0,0,0,0
29.450000000000003,1022,0,0,0,0,0,0,0,0,0,0
29.5,994,0,0,0,0,0,0,0,0,0,0
29.55,993,0,0,0,0,0,0,0,0,0,0
29.6,958,0,0,0,0,0,0,0,0,0,0
29.65,990,0,0,0,0,0,0,0,0,0,0
29.700000000000003,1026,0,0,0,0,0,0,0,0,0,0
29.75,974,0,0,0,0,0,0,0,0,0,0
29.8,968,0,0,0,0,0,0,0,0,0,0
29.85,996,0,0,0,0,0,0,0,0,0,0
29.9,1033,0,0,0,0,0,0,0,0,0,0
29.950000000000003,1036,0,0,0,0,0,0,0,0,0,0
30.0,1003,0,0,0,0,0,0,0,0,0,0
30.05,995,0,0,0,0,0,0,0,0,0,0
30.1,957,0,0,0,0,0,0,0,0,0,0
30.15,963,0,0,0,0,0,0,0,0,0,0
30.200000000000003,1047,0,0,0,0,0,0,0,0,0,0
30.25,1036,0,0,0,0,0,0,0,0,0,0
30.3,1000,0,0,0,0,0,0,0,0,0,0
30.35,1006,0,0,0,0,0,0,0,0,0,0
30.4,954,0,0,0,0,0,0,0,0,0,0
30.450000000000003,990,0,0,0,0,0,0,0,0,0,0
30.5,978,0,0,0,0,0,0,0,0,0,0
30.55,1042,0,0,0,0,0,0,0,0,0,0
30.6,1007,0,0,0,0,0,0,0,0,0,0
30.65,1002,0,0,0,0,0,0,0,0,0,0
30.700000000000003,961,0,0,0,0,0,0,0,0,0,0
30.75,1018,0,0,0,0,0,0,0,0,0,0
30.8,981,0,0,0,0,0,0,0,0,0,0
30.85,1003,0,0,0,0,0,0,0,0,0,0
30.9,1022,0,0,0,0,0,0,0,0,0,0
30.950000000000003,1021,0,0,0,0,0,0,0,0,0,0
31.0,1044,0,0,0,0,0,0,0,0,0,0
31.05,965,0,0,0,0,0,0,0,0,0,0
31.1,995,0,0,0,0,0,0,0,0,0,0
31.15,999,0,0,0,0,0,0,0,0,0,0
31.200000000000003,1032,0,0,0,0,0,0,0,0,0,0
31.25,985,0,0,0,0,0,0,0,0,0,0
31.3,1059,0,0,0,0,0,0,0,0,0,0
31.35,1005,0,0,0,0,0,0,0,0,0,0
31.4,993,0,0,0,0,0,0,0,0,0,0
31.450000000000003,949,0,0,0,0,0,0,0,0,0,0
31.5,984,0,0,0,0,0,0,0,0,0,0
31.55,986,0,0,0,0,0,0,0,0,0,0
31.6,962,0,0,0,0,0,0,0,0,0,0
31.65,1034,0,0,0,0,0,0,0,0,0,0
31.700000000000003,1001,0,0,0,0,0,0,0,0,0,0
31.75,982,0,0,0,0,0,0,0,0,0,0
31.8,1037,0,0,0,0,0,0,0,0,0,0
31.85,1041,0,0,0,0,0,0,0,0,0,0
31.9,1038,0,0,0,0,0,0,0,0,0,0
31.950000000000003,954,0,0,0,0,0,0,0,0,0,0
32.0,899,0,0,0,0,0,0,0,0,0,0
32.05,794,0,0,0,0,0,0,0,0,0,0
32.1,696,0,0,0,0,0,0,0,0,0,0
32.150000000000006,553,0,0,0,0,0,0,0,0,0,0
32.2,473,0,0,0,0,0,0,0,0,0,0
32.25,303,0,0,0,0,0,0,0,0,0,0
32.3,216,0,0,0,0,0,0,0,0,0,0
32.35,55,0,0,0,0,0,0,0,0,0,0
*****
16 , 0.05 , 1000 , 0.3 , 0.7 , 10 , 100 , 0.75 , 1.0 , 0.75 , 1.0 , .055
16.0,1000,1000,1000,1000,1000,0,1000,1000,1000,1000,0
16.05,994,994,994,993,994,0,994,994,991,994,0
16.1,951,951,951,951,951,0,951,951,950,951,0
16.15,986,986,986,985,986,0,986,986,984,986,0
16.2,932,932,932,932,932,0,932,932,930,932,0
16.25,930,930,930,930,930,0,930,930,929,930,0
16.3,913,913,913,913,913,0,913,913,913,913,0
16.35,988,988,988,988,988,0,988,988,987,988,0
16.4,1017,1017,1017,1017,1017,0,1017,1017,1015,1017,0
16.45,930,930,930,930,930,0,930,930,930,930,0
16.5,983,983,983,983,983,0,983,983,982,983,0
16.55,936,936,936,936,936,0,936,936,935,936,0
16.6,956,956,956,956,956,0,956,956,955,956,0
16.65,972,972,972,972,972,0,972,972,972,972,0
16.7,937,937,937,937,937,0,937,937,936,937,0
16.75,958,958,958,958,958,0,958,958,957,958,0
16.8,927,927,927,927,927,0,927,927,926,927,0
16.85,965,964,965,964,965,0,964,965,964,965,0
16.9,990,987,990,989,990,0,987,990,987,990,0
16.95,1009,1009,1009,1009,1009,0,1009,1009,1009,1009,0
17.0,959,956,959,959,959,0,956,959,958,959,0
17.05,937,934,937,936,937,0,934,937,936,937,0
17.1,936,933,936,936,936,0,933,936,935,936,0
17.15,973,969,973,972,973,0,969,973,972,973,0
17.2,951,945,951,950,951,0,945,951,950,951,0
17.25,949,937,948,946,949,0,937,948,946,949,0
17.3,990,973,987,989,987,0,973,987,988,987,0
17.35,970,947,967,967,968,0,947,967,967,968,0
17.4,963,922,952,955,958,0,922,952,955,958,0
17.45,922,875,911,915,915,0,875,911,915,915,0
17.5,955,914,947,948,949,0,914,947,948,949,0
17.55,985,914,963,971,970,0,914,963,971,970,0
17.6,928,845,907,908,913,0,845,907,908,913,0
17.65,946,860,923,930,930,0,860,923,930,930,0
17.7,941,819,905,920,912,0,819,905,920,912,0
17.75,1020,851,957,992,968,0,851,957,991,968,0
17.8,945,746,884,916,904,0,746,884,916,904,0
17.85,973,740,878,935,895,0,740,878,934,895,0
17.9,971,722,855,920,876,0,722,855,920,876,0
17.95,950,660,819,881,844,0,660,819,881,844,0
18.0,939,616,785,867,807,0,616,785,867,807,0
18.05,952,557,749,866,783,0,557,749,866,783,0
18.1,988,584,777,888,811,0,584,777,888,811,0
18.15,942,461,696,818,726,0,461,696,818,726,0
18.2,1003,441,640,849,685,0,441,640,849,685,0
18.25,917,354,579,760,613,0,354,579,760,613,0
18.3,935,325,540,774,589,0,325,540,774,589,0
18.35,979,311,527,755,567,0,311,527,755,567,0
18.4,935,290,474,706,512,0,290,474,706,512,0
18.45,966,235,414,693,450,0,235,414,693,450,0
18.5,980,207,390,677,428,0,207,390,677,428,0
18.55,978,210,363,637,387,0,210,363,637,387,0
18.6,959,147,281,577,317,0,147,281,577,317,0
18.65,980,127,263,554,298,0,127,263,554,298,0
18.7,937,108,231,517,250,0,108,231,517,250,0
18.75,949,90,182,469,200,0,90,182,469,200,0
18.8,952,73,164,427,188,0,73,164,427,188,0
18.85,959,50,122,372,137,0,50,122,372,137,0
18.9,982,55,127,376,141,0,55,127,376,141,0
18.95,937,37,85,321,101,0,37,85,321,101,0
19.0,919,32,87,287,95,0,32,87,287,95,0
19.05,963,26,67,255,71,0,26,67,255,71,0
19.1,1025,19,69,234,76,0,19,69,234,76,0
19.15,992,19,48,204,57,0,19,48,204,57,0
19.2,940,12,37,183,42,0,12,37,183,42,0
19.25,903,11,22,132,26,0,11,22,132,26,0
19.3,967,5,22,124,27,0,5,22,124,27,0
19.35,936,6,12,91,15,0,6,12,91,15,0
19.4,973,5,14,88,16,0,5,14,88,16,0
19.45,945,2,6,61,8,0,2,6,61,8,0
19.5,1022,2,3,68,4,0,2,3,68,4,0
19.55,929,1,7,51,7,0,1,7,51,7,0
19.6,971,0,4,44,5,0,0,4,44,5,0
19.65,976,0,5,45,6,0,0,5,45,6,0
19.7,971,2,2,31,3,0,2,2,31,3,0
19.75,945,0,0,14,0,0,0,0,14,0,0
19.8,1004,1,1,4,2,0,1,1,4,2,0
19.85,904,1,1,6,1,0,1,1,6,1,0
19.9,944,0,0,8,0,0,0,0,8,0,0
19.95,946,0,0,4,0,0,0,0,4,0,0
20.0,934,0,0,3,0,0,0,0,3,0,0
20.05,944,0,0,2,0,0,0,0,2,0,0
20.1,964,0,0,1,0,0,0,0,1,0,0
20.15,953,0,0,1,0,0,0,0,1,0,0
20.2,995,0,0,1,0,0,0,0,1,0,0
20.25,972,0,0,0,0,0,0,0,0,0,0
20.3,988,0,0,0,0,0,0,0,0,0,0
20.35,986,0,0,1,0,0,0,0,1,0,0
20.4,986,0,0,0,0,0,0,0,0,0,0
20.45,947,0,0,0,0,0,0,0,0,0,0
20.5,913,0,0,0,0,0,0,0,0,0,0
20.55,955,0,0,0,0,0,0,0,0,0,0
20.6,946,0,0,0,0,0,0,0,0,0,0
20.65,931,0,0,0,0,0,0,0,0,0,0
20.7,983,0,0,0,0,0,0,0,0,0,0
20.75,1031,0,0,0,0,0,0,0,0,0,0
20.8,948,0,0,0,0,0,0,0,0,0,0
20.85,943,0,0,0,0,0,0,0,0,0,0
20.9,894,0,0,0,0,0,0,0,0,0,0
20.95,1006,0,0,0,0,0,0,0,0,0,0
21.0,968,0,0,0,0,0,0,0,0,0,0
21.05,973,0,0,0,0,0,0,0,0,0,0
21.1,909,0,0,0,0,0,0,0,0,0,0
21.15,933,0,0,0,0,0,0,0,0,0,0
21.2,1004,0,0,0,0,0,0,0,0,0,0
21.25,951,0,0,0,0,0,0,0,0,0,0
21.3,929,0,0,0,0,0,0,0,0,0,0
21.35,1018,0,0,0,0,0,0,0,0,0,0
21.4,1013,0,0,0,0,0,0,0,0,0,0
21.45,926,0,0,0,0,0,0,0,0,0,0
21.5,945,0,0,0,0,0,0,0,0,0,0
21.55,951,0,0,0,0,0,0,0,0,0,0
21.6,972,0,0,0,0,0,0,0,0,0,0
21.65,966,0,0,0,0,0,0,0,0,0,0
21.7,908,0,0,0,0,0,0,0,0,0,0
21.75,978,0,0,0,0,0,0,0,0,0,0
21.8,948,0,0,0,0,0,0,0,0,0,0
21.85,981,0,0,0,0,0,0,0,0,0,0
21.9,923,0,0,0,0,0,0,0,0,0,0
21.95,980,0,0,0,0,0,0,0,0,0,0
22.0,975,0,0,0,0,0,0,0,0,0,0
22.05,997,0,0,0,0,0,0,0,0,0,0
22.1,921,0,0,0,0,0,0,0,0,0,0
22.15,924,0,0,0,0,0,0,0,0,0,0
22.2,982,0,0,0,0,0,0,0,0,0,0
22.25,969,0,0,0,0,0,0,0,0,0,0
22.3,956,0,0,0,0,0,0,0,0,0,0
22.35,992,0,0,0,0,0,0,0,0,0,0
22.4,925,0,0,0,0,0,0,0,0,0,0
22.45,977,0,0,0,0,0,0,0,0,0,0
22.5,939,0,0,0,0,0,0,0,0,0,0
22.55,991,0,0,0,0,0,0,0,0,0,0
22.6,988,0,0,0,0,0,0,0,0,0,0
22.65,970,0,0,0,0,0,0,0,0,0,0
22.7,906,0,0,0,0,0,0,0,0,0,0
22.75,918,0,0,0,0,0,0,0,0,0,0
22.8,928,0,0,0,0,0,0,0,0,0,0
22.85,973,0,0,0,0,0,0,0,0,0,0
22.9,982,0,0,0,0,0,0,0,0,0,0
22.95,998,0,0,0,0,0,0,0,0,0,0
23.0,977,0,0,0,0,0,0,0,0,0,0
23.05,993,0,0,0,0,0,0,0,0,0,0
23.1,983,0,0,0,0,0,0,0,0,0,0
23.15,937,0,0,0,0,0,0,0,0,0,0
23.2,901,0,0,0,0,0,0,0,0,0,0
23.25,909,0,0,0,0,0,0,0,0,0,0
23.3,962,0,0,0,0,0,0,0,0,0,0
23.35,961,0,0,0,0,0,0,0,0,0,0
23.4,978,0,0,0,0,0,0,0,0,0,0
23.45,979,0,0,0,0,0,0,0,0,0,0
23.5,946,0,0,0,0,0,0,0,0,0,0
23.55,962,0,0,0,0,0,0,0,0,0,0
23.6,1012,0,0,0,0,0,0,0,0,0,0
23.65,956,0,0,0,0,0,0,0,0,0,0
23.7,940,0,0,0,0,0,0,0,0,0,0
23.75,902,0,0,0,0,0,0,0,0,0,0
23.8,998,0,0,0,0,0,0,0,0,0,0
23.85,992,0,0,0,0,0,0,0,0,0,0
23.9,919,0,0,0,0,0,0,0,0,0,0
23.95,948,0,0,0,0,0,0,0,0,0,0
24.0,991,0,0,0,0,0,0,0,0,0,0
24.05,1002,0,0,0,0,0,0,0,0,0,0
24.1,904,0,0,0,0,0,0,0,0,0,0
24.15,917,0,0,0,0,0,0,0,0,0,0
24.200000000000003,926,0,0,0,0,0,0,0,0,0,0
24.25,1000,0,0,0,0,0,0,0,0,0,0
24.3,973,0,0,0,0,0,0,0,0,0,0
24.35,949,0,0,0,0,0,0,0,0,0,0
24.4,961,0,0,0,0,0,0,0,0,0,0
24.450000000000003,1010,0,0,0,0,0,0,0,0,0,0
24.5,915,0,0,0,0,0,0,0,0,0,0
24.55,1007,0,0,0,0,0,0,0,0,0,0
24.6,968,0,0,0,0,0,0,0,0,0,0
24.65,974,0,0,0,0,0,0,0,0,0,0
24.700000000000003,979,0,0,0,0,0,0,0,0,0,0
24.75,964,0,0,0,0,0,0,0,0,0,0
24.8,914,0,0,0,0,0,0,0,0,0,0
24.85,989,0,0,0,0,0,0,0,0,0,0
24.9,926,0,0,0,0,0,0,0,0,0,0
24.950000000000003,955,0,0,0,0,0,0,0,0,0,0
25.0,917,0,0,0,0,0,0,0,0,0,0
25.05,953,0,0,0,0,0,0,0,0,0,0
25.1,958,0,0,0,0,0,0,0,0,0,0
25.15,976,0,0,0,0,0,0,0,0,0,0
25.200000000000003,1006,0,0,0,0,0,0,0,0,0,0
25.25,961,0,0,0,0,0,0,0,0,0,0
25.3,920,0,0,0,0,0,0,0,0,0,0
25.35,986,0,0,0,0,0,0,0,0,0,0
25.4,968,0,0,0,0,0,0,0,0,0,0
25.450000000000003,962,0,0,0,0,0,0,0,0,0,0
25.5,952,0,0,0,0,0,0,0,0,0,0
25.55,969,0,0,0,0,0,0,0,0,0,0
25.6,937,0,0,0,0,0,0,0,0,0,0
25.65,913,0,0,0,0,0,0,0,0,0,0
25.700000000000003,992,0,0,0,0,0,0,0,0,0,0
25.75,971,0,0,0,0,0,0,0,0,0,0
25.8,980,0,0,0,0,0,0,0,0,0,0
25.85,979,0,0,0,0,0,0,0,0,0,0
25.9,950,0,0,0,0,0,0,0,0,0,0
25.950000000000003,949,0,0,0,0,0,0,0,0,0,0
26.0,944,0,0,0,0,0,0,0,0,0,0
26.05,914,0,0,0,0,0,0,0,0,0,0
26.1,985,0,0,0,0,0,0,0,0,0,0
26.15,974,0,0,0,0,0,0,0,0,0,0
26.200000000000003,931,0,0,0,0,0,0,0,0,0,0
26.25,964,0,0,0,0,0,0,0,0,0,0
26.3,944,0,0,0,0,0,0,0,0,0,0
26.35,993,0,0,0,0,0,0,0,0,0,0
26.4,981,0,0,0,0,0,0,0,0,0,0
26.450000000000003,859,0,0,0,0,0,0,0,0,0,0
26.5,951,0,0,0,0,0,0,0,0,0,0
26.55,976,0,0,0,0,0,0,0,0,0,0
26.6,991,0,0,0,0,0,0,0,0,0,0
26.65,986,0,0,0,0,0,0,0,0,0,0
26.700000000000003,922,0,0,0,0,0,0,0,0,0,0
26.75,1003,0,0,0,0,0,0,0,0,0,0
26.8,970,0,0,0,0,0,0,0,0,0,0
26.85,917,0,0,0,0,0,0,0,0,0,0
26.9,987,0,0,0,0,0,0,0,0,0,0
26.950000000000003,989,0,0,0,0,0,0,0,0,0,0
27.0,969,0,0,0,0,0,0,0,0,0,0
27.05,1000,0,0,0,0,0,0,0,0,0,0
27.1,935,0,0,0,0,0,0,0,0,0,0
27.15,938,0,0,0,0,0,0,0,0,0,0
27.200000000000003,961,0,0,0,0,0,0,0,0,0,0
27.25,973,0,0,0,0,0,0,0,0,0,0
27.3,960,0,0,0,0,0,0,0,0,0,0
27.35,955,0,0,0,0,0,0,0,0,0,0
27.4,996,0,0,0,0,0,0,0,0,0,0
27.450000000000003,939,0,0,0,0,0,0,0,0,0,0
27.5,929,0,0,0,0,0,0,0,0,0,0
27.55,1000,0,0,0,0,0,0,0,0,0,0
27.6,997,0,0,0,0,0,0,0,0,0,0
27.65,966,0,0,0,0,0,0,0,0,0,0
27.700000000000003,923,0,0,0,0,0,0,0,0,0,0
27.75,958,0,0,0,0,0,0,0,0,0,0
27.8,931,0,0,0,0,0,0,0,0,0,0
27.85,954,0,0,0,0,0,0,0,0,0,0
27.9,961,0,0,0,0,0,0,0,0,0,0
27.950000000000003,963,0,0,0,0,0,0,0,0,0,0
28.0,949,0,0,0,0,0,0,0,0,0,0
28.05,957,0,0,0,0,0,0,0,0,0,0
28.1,955,0,0,0,0,0,0,0,0,0,0
28.15,990,0,0,0,0,0,0,0,0,0,0
28.200000000000003,962,0,0,0,0,0,0,0,0,0,0
28.25,955,0,0,0,0,0,0,0,0,0,0
28.3,960,0,0,0,0,0,0,0,0,0,0
28.35,960,0,0,0,0,0,0,0,0,0,0
28.4,915,0,0,0,0,0,0,0,0,0,0
28.450000000000003,949,0,0,0,0,0,0,0,0,0,0
28.5,1001,0,0,0,0,0,0,0,0,0,0
28.55,960,0,0,0,0,0,0,0,0,0,0
28.6,953,0,0,0,0,0,0,0,0,0,0
28.65,914,0,0,0,0,0,0,0,0,0,0
28.700000000000003,1001,0,0,0,0,0,0,0,0,0,0
28.75,983,0,0,0,0,0,0,0,0,0,0
28.8,978,0,0,0,0,0,0,0,0,0,0
28.85,963,0,0,0,0,0,0,0,0,0,0
28.9,974,0,0,0,0,0,0,0,0,0,0
28.950000000000003,959,0,0,0,0,0,0,0,0,0,0
29.0,960,0,0,0,0,0,0,0,0,0,0
29.05,906,0,0,0,0,0,0,0,0,0,0
29.1,945,0,0,0,0,0,0,0,0,0,0
29.15,959,0,0,0,0,0,0,0,0,0,0
29.200000000000003,1008,0,0,0,0,0,0,0,0,0,0
29.25,970,0,0,0,0,0,0,0,0,0,0
29.3,916,0,0,0,0,0,0,0,0,0,0
29.35,971,0,0,0,0,0,0,0,0,0,0
29.4,974,0,0,0,0,0,0,0,0,0,0
29.450000000000003,926,0,0,0,0,0,0,0,0,0,0
29.5,940,0,0,0,0,0,0,0,0,0,0
29.55,1019,0,0,0,0,0,0,0,0,0,0
29.6,952,0,0,0,0,0,0,0,0,0,0
29.65,879,0,0,0,0,0,0,0,0,0,0
29.700000000000003,959,0,0,0,0,0,0,0,0,0,0
29.75,1040,0,0,0,0,0,0,0,0,0,0
29.8,957,0,0,0,0,0,0,0,0,0,0
29.85,996,0,0,0,0,0,0,0,0,0,0
29.9,961,0,0,0,0,0,0,0,0,0,0
29.950000000000003,929,0,0,0,0,0,0,0,0,0,0
30.0,948,0,0,0,0,0,0,0,0,0,0
30.05,922,0,0,0,0,0,0,0,0,0,0
30.1,954,0,0,0,0,0,0,0,0,0,0
30.15,1002,0,0,0,0,0,0,0,0,0,0
30.200000000000003,958,0,0,0,0,0,0,0,0,0,0
30.25,979,0,0,0,0,0,0,0,0,0,0
30.3,954,0,0,0,0,0,0,0,0,0,0
30.35,941,0,0,0,0,0,0,0,0,0,0
30.4,979,0,0,0,0,0,0,0,0,0,0
30.450000000000003,979,0,0,0,0,0,0,0,0,0,0
30.5,838,0,0,0,0,0,0,0,0,0,0
30.55,978,0,0,0,0,0,0,0,0,0,0
30.6,970,0,0,0,0,0,0,0,0,0,0
30.65,991,0,0,0,0,0,0,0,0,0,0
30.700000000000003,997,0,0,0,0,0,0,0,0,0,0
30.75,956,0,0,0,0,0,0,0,0,0,0
30.8,986,0,0,0,0,0,0,0,0,0,0
30.85,930,0,0,0,0,0,0,0,0,0,0
30.9,930,0,0,0,0,0,0,0,0,0,0
30.950000000000003,942,0,0,0,0,0,0,0,0,0,0
31.0,925,0,0,0,0,0,0,0,0,0,0
31.05,1025,0,0,0,0,0,0,0,0,0,0
31.1,954,0,0,0,0,0,0,0,0,0,0
31.15,989,0,0,0,0,0,0,0,0,0,0
31.200000000000003,917,0,0,0,0,0,0,0,0,0,0
31.25,1038,0,0,0,0,0,0,0,0,0,0
31.3,962,0,0,0,0,0,0,0,0,0,0
31.35,905,0,0,0,0,0,0,0,0,0,0
31.4,1016,0,0,0,0,0,0,0,0,0,0
31.450000000000003,992,0,0,0,0,0,0,0,0,0,0
31.5,926,0,0,0,0,0,0,0,0,0,0
31.55,956,0,0,0,0,0,0,0,0,0,0
31.6,990,0,0,0,0,0,0,0,0,0,0
31.65,966,0,0,0,0,0,0,0,0,0,0
31.700000000000003,945,0,0,0,0,0,0,0,0,0,0
31.75,946,0,0,0,0,0,0,0,0,0,0
31.8,1006,0,0,0,0,0,0,0,0,0,0
31.85,918,0,0,0,0,0,0,0,0,0,0
31.9,999,0,0,0,0,0,0,0,0,0,0
31.950000000000003,944,0,0,0,0,0,0,0,0,0,0
32.0,938,0,0,0,0,0,0,0,0,0,0
32.05,1008,0,0,0,0,0,0,0,0,0,0
32.1,970,0,0,0,0,0,0,0,0,0,0
32.150000000000006,960,0,0,0,0,0,0,0,0,0,0
32.2,969,0,0,0,0,0,0,0,0,0,0
32.25,949,0,0,0,0,0,0,0,0,0,0
32.3,872,0,0,0,0,0,0,0,0,0,0
32.35,771,0,0,0,0,0,0,0,0,0,0
32.400000000000006,644,0,0,0,0,0,0,0,0,0,0
32.45,587,0,0,0,0,0,0,0,0,0,0
32.5,415,0,0,0,0,0,0,0,0,0,0
32.55,282,0,0,0,0,0,0,0,0,0,0
32.6,177,0,0,0,0,0,0,0,0,0,0
32.650000000000006,57,0,0,0,0,0,0,0,0,0,0
*****
16 , 0.05 , 1000 , 0.6 , 1 , 10 , 100 , 0.75 , 1.0 , 0.75 , 1.0 , .055
16.0,1000,119,183,151,183,0,128,200,148,200,0
16.05,995,109,196,159,196,0,131,214,166,214,0
16.1,952,44,189,156,189,0,75,203,148,203,0
16.15,991,26,196,150,196,0,56,192,148,192,0
16.2,940,44,203,194,203,0,54,220,174,220,0
16.25,992,115,179,180,179,0,118,192,172,192,0
16.3,1033,145,209,215,209,0,146,220,205,220,0
16.35,942,86,193,227,193,0,94,202,217,202,0
16.4,944,42,200,226,200,0,51,206,231,206,0
16.45,1002,25,179,232,179,0,27,185,257,185,0
16.5,958,21,173,226,173,0,32,189,251,189,0
16.55,937,43,174,229,174,0,51,191,269,191,0
16.6,995,38,197,227,197,0,41,217,279,217,0
16.65,988,42,200,230,200,0,46,233,257,233,0
16.7,979,32,203,159,203,0,33,228,182,228,0
16.75,925,7,163,131,163,0,9,200,142,200,0
16.8,999,11,183,125,183,0,11,207,144,207,0
16.85,964,5,136,84,136,0,6,163,92,163,0
16.9,970,4,129,101,129,0,4,161,105,161,0
16.95,1003,4,125,101,125,0,7,133,110,133,0
17.0,1005,3,149,100,149,0,4,166,114,166,0
17.05,1006,7,102,93,102,0,7,121,109,121,0
17.1,928,4,107,93,107,0,7,125,105,125,0
17.15,995,1,124,73,124,0,2,135,82,135,0
17.2,979,2,98,53,98,0,2,128,62,128,0
17.25,988,0,83,48,83,0,0,106,56,106,0
17.3,950,0,57,40,57,0,0,78,42,78,0
17.35,926,0,47,26,47,0,0,49,31,49,0
17.4,940,1,49,34,49,0,2,58,35,58,0
17.45,955,0,48,26,48,0,0,62,30,62,0
17.5,976,0,43,30,43,0,0,42,33,42,0
17.55,1012,1,23,17,23,0,1,27,21,27,0
17.6,981,0,28,22,28,0,0,34,29,34,0
17.65,1013,0,21,12,21,0,1,22,13,22,0
17.7,984,0,25,12,25,0,0,26,12,26,0
17.75,975,0,12,8,12,0,0,13,9,13,0
17.8,972,0,12,6,12,0,0,13,8,13,0
17.85,963,0,11,3,11,0,0,11,4,11,0
17.9,955,0,14,2,14,0,0,12,2,12,0
17.95,960,0,9,2,9,0,0,8,1,8,0
18.0,987,0,5,4,5,0,0,4,5,4,0
18.05,970,0,3,3,3,0,0,2,2,2,0
18.1,962,0,1,3,1,0,0,1,3,1,0
18.15,1012,0,1,1,1,0,0,0,1,0,0
18.2,922,0,1,1,1,0,0,1,1,1,0
18.25,976,0,3,0,3,0,0,3,1,3,0
18.3,976,0,1,2,1,0,0,1,2,1,0
18.35,1019,0,2,0,2,0,0,0,1,0,0
18.4,949,0,0,1,0,0,0,0,1,0,0
18.45,1010,0,1,0,1,0,0,1,0,1,0
18.5,995,0,2,1,2,0,0,1,1,1,0
18.55,920,0,0,0,0,0,0,0,0,0,0
18.6,978,0,0,0,0,0,0,0,0,0,0
18.65,1010,0,0,0,0,0,0,0,0,0,0
18.7,975,0,0,0,0,0,0,0,0,0,0
18.75,899,0,0,0,0,0,0,0,0,0,0
18.8,1040,0,0,0,0,0,0,0,0,0,0
18.85,908,0,0,0,0,0,0,0,0,0,0
18.9,972,0,0,0,0,0,0,0,0,0,0
18.95,995,0,0,0,0,0,0,0,0,0,0
19.0,962,0,0,0,0,0,0,0,0,0,0
19.05,1015,0,0,0,0,0,0,0,0,0,0
19.1,955,0,0,0,0,0,0,0,0,0,0
19.15,980,0,0,0,0,0,0,0,0,0,0
19.2,990,0,0,0,0,0,0,0,0,0,0
19.25,1020,0,0,0,0,0,0,0,0,0,0
19.3,954,0,0,0,0,0,0,0,0,0,0
19.35,966,0,0,0,0,0,0,0,0,0,0
19.4,950,0,0,0,0,0,0,0,0,0,0
19.45,945,0,0,0,0,0,0,0,0,0,0
19.5,1016,0,0,0,0,0,0,0,0,0,0
19.55,964,0,0,0,0,0,0,0,0,0,0
19.6,1015,0,0,0,0,0,0,0,0,0,0
19.65,926,0,0,0,0,0,0,0,0,0,0
19.7,943,0,0,0,0,0,0,0,0,0,0
19.75,945,0,0,0,0,0,0,0,0,0,0
19.8,990,0,0,0,0,0,0,0,0,0,0
19.85,961,0,0,0,0,0,0,0,0,0,0
19.9,965,0,0,0,0,0,0,0,0,0,0
19.95,980,0,0,0,0,0,0,0,0,0,0
20.0,973,0,0,0,0,0,0,0,0,0,0
20.05,1001,0,0,0,0,0,0,0,0,0,0
20.1,978,0,0,0,0,0,0,0,0,0,0
20.15,1002,0,0,0,0,0,0,0,0,0,0
20.2,978,0,0,0,0,0,0,0,0,0,0
20.25,954,0,0,0,0,0,0,0,0,0,0
20.3,969,0,0,0,0,0,0,0,0,0,0
20.35,969,0,0,0,0,0,0,0,0,0,0
20.4,951,0,0,0,0,0,0,0,0,0,0
20.45,966,0,0,0,0,0,0,0,0,0,0
20.5,975,0,0,0,0,0,0,0,0,0,0
20.55,995,0,0,0,0,0,0,0,0,0,0
20.6,941,0,0,0,0,0,0,0,0,0,0
20.65,915,0,0,0,0,0,0,0,0,0,0
20.7,940,0,0,0,0,0,0,0,0,0,0
20.75,1042,0,0,0,0,0,0,0,0,0,0
20.8,999,0,0,0,0,0,0,0,0,0,0
20.85,954,0,0,0,0,0,0,0,0,0,0
20.9,963,0,0,0,0,0,0,0,0,0,0
20.95,991,0,0,0,0,0,0,0,0,0,0
21.0,1029,0,0,0,0,0,0,0,0,0,0
21.05,970,0,0,0,0,0,0,0,0,0,0
21.1,999,0,0,0,0,0,0,0,0,0,0
21.15,921,0,0,0,0,0,0,0,0,0,0
21.2,1039,0,0,0,0,0,0,0,0,0,0
21.25,952,0,0,0,0,0,0,0,0,0,0
21.3,925,0,0,0,0,0,0,0,0,0,0
21.35,977,0,0,0,0,0,0,0,0,0,0
21.4,974,0,0,0,0,0,0,0,0,0,0
21.45,948,0,0,0,0,0,0,0,0,0,0
21.5,992,0,0,0,0,0,0,0,0,0,0
21.55,966,0,0,0,0,0,0,0,0,0,0
21.6,1002,0,0,0,0,0,0,0,0,0,0
21.65,968,0,0,0,0,0,0,0,0,0,0
21.7,974,0,0,0,0,0,0,0,0,0,0
21.75,959,0,0,0,0,0,0,0,0,0,0
21.8,924,0,0,0,0,0,0,0,0,0,0
21.85,980,0,0,0,0,0,0,0,0,0,0
21.9,997,0,0,0,0,0,0,0,0,0,0
21.95,972,0,0,0,0,0,0,0,0,0,0
22.0,1005,0,0,0,0,0,0,0,0,0,0
22.05,977,0,0,0,0,0,0,0,0,0,0
22.1,1023,0,0,0,0,0,0,0,0,0,0
22.15,928,0,0,0,0,0,0,0,0,0,0
22.2,934,0,0,0,0,0,0,0,0,0,0
22.25,999,0,0,0,0,0,0,0,0,0,0
22.3,981,0,0,0,0,0,0,0,0,0,0
22.35,1020,0,0,0,0,0,0,0,0,0,0
22.4,977,0,0,0,0,0,0,0,0,0,0
22.45,935,0,0,0,0,0,0,0,0,0,0
22.5,959,0,0,0,0,0,0,0,0,0,0
22.55,989,0,0,0,0,0,0,0,0,0,0
22.6,960,0,0,0,0,0,0,0,0,0,0
22.65,985,0,0,0,0,0,0,0,0,0,0
22.7,956,0,0,0,0,0,0,0,0,0,0
22.75,967,0,0,0,0,0,0,0,0,0,0
22.8,940,0,0,0,0,0,0,0,0,0,0
22.85,963,0,0,0,0,0,0,0,0,0,0
22.9,969,0,0,0,0,0,0,0,0,0,0
22.95,1014,0,0,0,0,0,0,0,0,0,0
23.0,991,0,0,0,0,0,0,0,0,0,0
23.05,934,0,0,0,0,0,0,0,0,0,0
23.1,1006,0,0,0,0,0,0,0,0,0,0
23.15,1002,0,0,0,0,0,0,0,0,0,0
23.2,966,0,0,0,0,0,0,0,0,0,0
23.25,965,0,0,0,0,0,0,0,0,0,0
23.3,947,0,0,0,0,0,0,0,0,0,0
23.35,980,0,0,0,0,0,0,0,0,0,0
23.4,967,0,0,0,0,0,0,0,0,0,0
23.45,960,0,0,0,0,0,0,0,0,0,0
23.5,991,0,0,0,0,0,0,0,0,0,0
23.55,966,0,0,0,0,0,0,0,0,0,0
23.6,971,0,0,0,0,0,0,0,0,0,0
23.65,972,0,0,0,0,0,0,0,0,0,0
23.7,1007,0,0,0,0,0,0,0,0,0,0
23.75,945,0,0,0,0,0,0,0,0,0,0
23.8,972,0,0,0,0,0,0,0,0,0,0
23.85,980,0,0,0,0,0,0,0,0,0,0
23.9,984,0,0,0,0,0,0,0,0,0,0
23.95,996,0,0,0,0,0,0,0,0,0,0
24.0,1002,0,0,0,0,0,0,0,0,0,0
24.05,996,0,0,0,0,0,0,0,0,0,0
24.1,925,0,0,0,0,0,0,0,0,0,0
24.15,989,0,0,0,0,0,0,0,0,0,0
24.200000000000003,910,0,0,0,0,0,0,0,0,0,0
24.25,1017,0,0,0,0,0,0,0,0,0,0
24.3,931,0,0,0,0,0,0,0,0,0,0
24.35,989,0,0,0,0,0,0,0,0,0,0
24.4,961,0,0,0,0,0,0,0,0,0,0
24.450000000000003,972,0,0,0,0,0,0,0,0,0,0
24.5,992,0,0,0,0,0,0,0,0,0,0
24.55,961,0,0,0,0,0,0,0,0,0,0
24.6,991,0,0,0,0,0,0,0,0,0,0
24.65,1006,0,0,0,0,0,0,0,0,0,0
24.700000000000003,1037,0,0,0,0,0,0,0,0,0,0
24.75,986,0,0,0,0,0,0,0,0,0,0
24.8,992,0,0,0,0,0,0,0,0,0,0
24.85,984,0,0,0,0,0,0,0,0,0,0
24.9,921,0,0,0,0,0,0,0,0,0,0
24.950000000000003,936,0,0,0,0,0,0,0,0,0,0
25.0,930,0,0,0,0,0,0,0,0,0,0
25.05,1017,0,0,0,0,0,0,0,0,0,0
25.1,948,0,0,0,0,0,0,0,0,0,0
25.15,941,0,0,0,0,0,0,0,0,0,0
25.200000000000003,1000,0,0,0,0,0,0,0,0,0,0
25.25,980,0,0,0,0,0,0,0,0,0,0
25.3,1007,0,0,0,0,0,0,0,0,0,0
25.35,960,0,0,0,0,0,0,0,0,0,0
25.4,974,0,0,0,0,0,0,0,0,0,0
25.450000000000003,1001,0,0,0,0,0,0,0,0,0,0
25.5,948,0,0,0,0,0,0,0,0,0,0
25.55,995,0,0,0,0,0,0,0,0,0,0
25.6,952,0,0,0,0,0,0,0,0,0,0
25.65,941,0,0,0,0,0,0,0,0,0,0
25.700000000000003,992,0,0,0,0,0,0,0,0,0,0
25.75,1002,0,0,0,0,0,0,0,0,0,0
25.8,975,0,0,0,0,0,0,0,0,0,0
25.85,967,0,0,0,0,0,0,0,0,0,0
25.9,937,0,0,0,0,0,0,0,0,0,0
25.950000000000003,991,0,0,0,0,0,0,0,0,0,0
26.0,982,0,0,0,0,0,0,0,0,0,0
26.05,960,0,0,0,0,0,0,0,0,0,0
26.1,1001,0,0,0,0,0,0,0,0,0,0
26.15,958,0,0,0,0,0,0,0,0,0,0
26.200000000000003,954,0,0,0,0,0,0,0,0,0,0
26.25,968,0,0,0,0,0,0,0,0,0,0
26.3,1003,0,0,0,0,0,0,0,0,0,0
26.35,1001,0,0,0,0,0,0,0,0,0,0
26.4,991,0,0,0,0,0,0,0,0,0,0
26.450000000000003,953,0,0,0,0,0,0,0,0,0,0
26.5,980,0,0,0,0,0,0,0,0,0,0
26.55,949,0,0,0,0,0,0,0,0,0,0
26.6,989,0,0,0,0,0,0,0,0,0,0
26.65,1005,0,0,0,0,0,0,0,0,0,0
26.700000000000003,1010,0,0,0,0,0,0,0,0,0,0
26.75,940,0,0,0,0,0,0,0,0,0,0
26.8,988,0,0,0,0,0,0,0,0,0,0
26.85,919,0,0,0,0,0,0,0,0,0,0
26.9,962,0,0,0,0,0,0,0,0,0,0
26.950000000000003,997,0,0,0,0,0,0,0,0,0,0
27.0,983,0,0,0,0,0,0,0,0,0,0
27.05,960,0,0,0,0,0,0,0,0,0,0
27.1,991,0,0,0,0,0,0,0,0,0,0
27.15,984,0,0,0,0,0,0,0,0,0,0
27.200000000000003,932,0,0,0,0,0,0,0,0,0,0
27.25,983,0,0,0,0,0,0,0,0,0,0
27.3,977,0,0,0,0,0,0,0,0,0,0
27.35,983,0,0,0,0,0,0,0,0,0,0
27.4,956,0,0,0,0,0,0,0,0,0,0
27.450000000000003,944,0,0,0,0,0,0,0,0,0,0
27.5,1032,0,0,0,0,0,0,0,0,0,0
27.55,984,0,0,0,0,0,0,0,0,0,0
27.6,947,0,0,0,0,0,0,0,0,0,0
27.65,978,0,0,0,0,0,0,0,0,0,0
27.700000000000003,987,0,0,0,0,0,0,0,0,0,0
27.75,950,0,0,0,0,0,0,0,0,0,0
27.8,984,0,0,0,0,0,0,0,0,0,0
27.85,912,0,0,0,0,0,0,0,0,0,0
27.9,1000,0,0,0,0,0,0,0,0,0,0
27.950000000000003,989,0,0,0,0,0,0,0,0,0,0
28.0,1000,0,0,0,0,0,0,0,0,0,0
28.05,981,0,0,0,0,0,0,0,0,0,0
28.1,941,0,0,0,0,0,0,0,0,0,0
28.15,985,0,0,0,0,0,0,0,0,0,0
28.200000000000003,953,0,0,0,0,0,0,0,0,0,0
28.25,1013,0,0,0,0,0,0,0,0,0,0
28.3,925,0,0,0,0,0,0,0,0,0,0
28.35,957,0,0,0,0,0,0,0,0,0,0
28.4,1020,0,0,0,0,0,0,0,0,0,0
28.450000000000003,968,0,0,0,0,0,0,0,0,0,0
28.5,957,0,0,0,0,0,0,0,0,0,0
28.55,968,0,0,0,0,0,0,0,0,0,0
28.6,980,0,0,0,0,0,0,0,0,0,0
28.65,1017,0,0,0,0,0,0,0,0,0,0
28.700000000000003,998,0,0,0,0,0,0,0,0,0,0
28.75,978,0,0,0,0,0,0,0,0,0,0
28.8,961,0,0,0,0,0,0,0,0,0,0
28.85,991,0,0,0,0,0,0,0,0,0,0
28.9,1001,0,0,0,0,0,0,0,0,0,0
28.950000000000003,933,0,0,0,0,0,0,0,0,0,0
29.0,976,0,0,0,0,0,0,0,0,0,0
29.05,984,0,0,0,0,0,0,0,0,0,0
29.1,985,0,0,0,0,0,0,0,0,0,0
29.15,910,0,0,0,0,0,0,0,0,0,0
29.200000000000003,962,0,0,0,0,0,0,0,0,0,0
29.25,976,0,0,0,0,0,0,0,0,0,0
29.3,954,0,0,0,0,0,0,0,0,0,0
29.35,944,0,0,0,0,0,0,0,0,0,0
29.4,1023,0,0,0,0,0,0,0,0,0,0
29.450000000000003,971,0,0,0,0,0,0,0,0,0,0
29.5,1014,0,0,0,0,0,0,0,0,0,0
29.55,992,0,0,0,0,0,0,0,0,0,0
29.6,984,0,0,0,0,0,0,0,0,0,0
29.65,925,0,0,0,0,0,0,0,0,0,0
29.700000000000003,982,0,0,0,0,0,0,0,0,0,0
29.75,961,0,0,0,0,0,0,0,0,0,0
29.8,991,0,0,0,0,0,0,0,0,0,0
29.85,969,0,0,0,0,0,0,0,0,0,0
29.9,967,0,0,0,0,0,0,0,0,0,0
29.950000000000003,1010,0,0,0,0,0,0,0,0,0,0
30.0,1003,0,0,0,0,0,0,0,0,0,0
30.05,910,0,0,0,0,0,0,0,0,0,0
30.1,960,0,0,0,0,0,0,0,0,0,0
30.15,955,0,0,0,0,0,0,0,0,0,0
30.200000000000003,968,0,0,0,0,0,0,0,0,0,0
30.25,1017,0,0,0,0,0,0,0,0,0,0
30.3,969,0,0,0,0,0,0,0,0,0,0
30.35,1003,0,0,0,0,0,0,0,0,0,0
30.4,1000,0,0,0,0,0,0,0,0,0,0
30.450000000000003,930,0,0,0,0,0,0,0,0,0,0
30.5,1034,0,0,0,0,0,0,0,0,0,0
30.55,945,0,0,0,0,0,0,0,0,0,0
30.6,998,0,0,0,0,0,0,0,0,0,0
30.65,929,0,0,0,0,0,0,0,0,0,0
30.700000000000003,963,0,0,0,0,0,0,0,0,0,0
30.75,965,0,0,0,0,0,0,0,0,0,0
30.8,953,0,0,0,0,0,0,0,0,0,0
30.85,993,0,0,0,0,0,0,0,0,0,0
30.9,970,0,0,0,0,0,0,0,0,0,0
30.950000000000003,1006,0,0,0,0,0,0,0,0,0,0
31.0,920,0,0,0,0,0,0,0,0,0,0
31.05,935,0,0,0,0,0,0,0,0,0,0
31.1,988,0,0,0,0,0,0,0,0,0,0
31.15,971,0,0,0,0,0,0,0,0,0,0
31.200000000000003,1013,0,0,0,0,0,0,0,0,0,0
31.25,973,0,0,0,0,0,0,0,0,0,0
31.3,947,0,0,0,0,0,0,0,0,0,0
31.35,1004,0,0,0,0,0,0,0,0,0,0
31.4,1008,0,0,0,0,0,0,0,0,0,0
31.450000000000003,1001,0,0,0,0,0,0,0,0,0,0
31.5,976,0,0,0,0,0,0,0,0,0,0
31.55,981,0,0,0,0,0,0,0,0,0,0
31.6,955,0,0,0,0,0,0,0,0,0,0
31.65,973,0,0,0,0,0,0,0,0,0,0
31.700000000000003,914,0,0,0,0,0,0,0,0,0,0
31.75,968,0,0,0,0,0,0,0,0,0,0
31.8,974,0,0,0,0,0,0,0,0,0,0
31.85,961,0,0,0,0,0,0,0,0,0,0
31.9,957,0,0,0,0,0,0,0,0,0,0
31.950000000000003,1012,0,0,0,0,0,0,0,0,0,0
32.0,1029,0,0,0,0,0,0,0,0,0,0
32.05,959,0,0,0,0,0,0,0,0,0,0
32.1,921,0,0,0,0,0,0,0,0,0,0
32.150000000000006,972,0,0,0,0,0,0,0,0,0,0
32.2,1046,0,0,0,0,0,0,0,0,0,0
32.25,993,0,0,0,0,0,0,0,0,0,0
32.3,942,0,0,0,0,0,0,0,0,0,0
32.35,976,0,0,0,0,0,0,0,0,0,0
32.400000000000006,1030,0,0,0,0,0,0,0,0,0,0
32.45,958,0,0,0,0,0,0,0,0,0,0
32.5,937,0,0,0,0,0,0,0,0,0,0
32.55,942,0,0,0,0,0,0,0,0,0,0
32.6,921,0,0,0,0,0,0,0,0,0,0
32.650000000000006,796,0,0,0,0,0,0,0,0,0,0
32.7,647,0,0,0,0,0,0,0,0,0,0
32.75,544,0,0,0,0,0,0,0,0,0,0
32.8,427,0,0,0,0,0,0,0,0,0,0
32.85,291,0,0,0,0,0,0,0,0,0,0
32.900000000000006,171,0,0,0,0,0,0,0,0,0,0
32.95,80,0,0,0,0,0,0,0,0,0,0
