*****
16,0.05,1000,0,1,10,100,0.85,1.0,0.85,1.0,0.1
16,1000,1000,1000,771,1000,0,0,0,0,0,0
16.05,930,930,930,727,930,0,0,0,0,0,0
16.1,929,929,929,726,929,0,0,0,0,0,0
16.150000000000002,984,984,984,784,984,0,0,0,0,0,0
16.200000000000003,975,975,975,812,975,0,0,0,0,0,0
16.250000000000004,926,926,926,738,926,0,0,0,0,0,0
16.300000000000004,955,955,955,782,955,0,0,0,0,0,0
16.350000000000005,898,898,898,754,898,0,0,0,0,0,0
16.400000000000006,930,929,930,791,930,0,0,0,0,0,0
16.450000000000006,953,952,953,803,953,0,0,0,0,0,0
16.500000000000007,944,944,944,771,944,0,0,0,0,0,0
16.550000000000008,943,943,943,776,943,0,0,0,0,0,0
16.60000000000001,934,929,934,756,934,0,0,0,0,0,0
16.65000000000001,935,927,935,761,935,0,0,0,0,0,0
16.70000000000001,930,919,930,775,930,0,0,0,0,0,0
16.75000000000001,919,907,919,743,919,0,0,0,0,0,0
16.80000000000001,966,950,964,771,965,0,0,0,0,0,0
16.850000000000012,914,887,911,696,911,0,0,0,0,0,0
16.900000000000013,928,891,925,695,926,0,0,0,0,0,0
16.950000000000014,919,849,912,683,914,0,0,0,0,0,0
17.000000000000014,977,886,966,698,968,0,0,0,0,0,0
17.050000000000015,912,809,902,608,902,0,0,0,0,0,0
17.100000000000016,949,815,930,629,934,0,0,0,0,0,0
17.150000000000016,926,743,893,549,897,0,0,0,0,0,0
17.200000000000017,917,720,874,501,879,0,0,0,0,0,0
17.250000000000018,932,694,871,523,875,0,0,0,0,0,0
17.30000000000002,955,684,884,457,892,0,0,0,0,0,0
17.35000000000002,953,610,860,423,873,0,0,0,0,0,0
17.40000000000002,922,526,788,354,792,0,0,0,0,0,0
17.45000000000002,921,495,784,328,795,0,0,0,0,0,0
17.50000000000002,973,508,764,307,779,0,0,0,0,0,0
17.550000000000022,956,410,715,262,726,0,0,0,0,0,0
17.600000000000023,871,328,618,203,635,0,0,0,0,0,0
17.650000000000023,974,323,641,226,653,0,0,0,0,0,0
17.700000000000024,965,292,591,193,611,0,0,0,0,0,0
17.750000000000025,985,235,530,170,548,0,0,0,0,0,0
17.800000000000026,945,210,500,161,524,0,0,0,0,0,0
17.850000000000026,925,166,440,101,456,0,0,0,0,0,0
17.900000000000027,873,108,336,87,352,0,0,0,0,0,0
17.950000000000028,947,110,313,86,325,0,0,0,0,0,0
18.00000000000003,928,76,264,49,280,0,0,0,0,0,0
18.05000000000003,957,79,247,74,259,0,0,0,0,0,0
18.10000000000003,960,57,194,49,209,0,0,0,0,0,0
18.15000000000003,935,48,180,41,191,0,0,0,0,0,0
18.20000000000003,925,28,136,35,142,0,0,0,0,0,0
18.250000000000032,950,23,105,28,111,0,0,0,0,0,0
18.300000000000033,934,19,89,28,95,0,0,0,0,0,0
18.350000000000033,939,18,73,27,80,0,0,0,0,0,0
18.400000000000034,977,13,54,13,58,0,0,0,0,0,0
18.450000000000035,962,9,51,15,57,0,0,0,0,0,0
18.500000000000036,908,6,29,8,31,0,0,0,0,0,0
18.550000000000036,944,6,24,13,27,0,0,0,0,0,0
18.600000000000037,934,3,15,4,15,0,0,0,0,0,0
18.650000000000038,926,4,8,5,11,0,0,0,0,0,0
18.70000000000004,912,4,14,3,14,0,0,0,0,0,0
18.75000000000004,935,0,7,0,7,0,0,0,0,0,0
18.80000000000004,930,1,4,5,5,0,0,0,0,0,0
18.85000000000004,937,0,6,0,6,0,0,0,0,0,0
18.90000000000004,949,1,2,2,2,0,0,0,0,0,0
18.950000000000042,903,0,0,3,0,0,0,0,0,0,0
19.000000000000043,835,2,4,3,4,0,0,0,0,0,0
19.050000000000043,868,0,1,2,1,0,0,0,0,0,0
19.100000000000044,867,0,1,0,1,0,0,0,0,0,0
19.150000000000045,782,0,0,1,0,0,0,0,0,0,0
19.200000000000045,782,0,0,0,1,0,0,0,0,0,0
19.250000000000046,793,0,1,1,1,0,0,0,0,0,0
19.300000000000047,771,0,0,0,0,0,0,0,0,0,0
19.350000000000048,706,0,0,0,0,0,0,0,0,0,0
19.40000000000005,646,0,0,0,0,0,0,0,0,0,0
19.45000000000005,638,0,0,0,0,0,0,0,0,0,0
19.50000000000005,560,0,0,0,0,0,0,0,0,0,0
19.55000000000005,511,0,0,0,0,0,0,0,0,0,0
19.60000000000005,466,0,0,0,0,0,0,0,0,0,0
19.650000000000052,454,0,0,0,0,0,0,0,0,0,0
19.700000000000053,374,0,0,0,0,0,0,0,0,0,0
19.750000000000053,353,0,0,0,0,0,0,0,0,0,0
19.800000000000054,288,0,0,0,0,0,0,0,0,0,0
19.850000000000055,277,0,0,0,0,0,0,0,0,0,0
19.900000000000055,204,0,0,0,0,0,0,0,0,0,0
19.950000000000056,180,0,0,0,0,0,0,0,0,0,0
20.000000000000057,109,0,0,0,0,0,0,0,0,0,0
20.050000000000058,109,0,0,0,0,0,0,0,0,0,0
20.10000000000006,79,0,0,0,0,0,0,0,0,0,0
20.15000000000006,49,0,0,0,0,0,0,0,0,0,0
20.20000000000006,42,0,0,0,0,0,0,0,0,0,0
20.25000000000006,9,0,0,0,0,0,0,0,0,0,0
20.30000000000006,0,0,0,0,0,0,0,0,0,0,0
20.350000000000062,0,0,0,0,0,0,0,0,0,0,0
20.400000000000063,0,0,0,0,0,0,0,0,0,0,0
20.450000000000063,0,0,0,0,0,0,0,0,0,0,0
20.500000000000064,0,0,0,0,0,0,0,0,0,0,0
20.550000000000065,0,0,0,0,0,0,0,0,0,0,0
20.600000000000065,0,0,0,0,0,0,0,0,0,0,0
20.650000000000066,0,0,0,0,0,0,0,0,0,0,0
20.700000000000067,0,0,0,0,0,0,0,0,0,0,0
20.750000000000068,0,0,0,0,0,0,0,0,0,0,0
20.800000000000068,0,0,0,0,0,0,0,0,0,0,0
20.85000000000007,0,0,0,0,0,0,0,0,0,0,0
20.90000000000007,0,0,0,0,0,0,0,0,0,0,0
20.95000000000007,0,0,0,0,0,0,0,0,0,0,0
21.00000000000007,0,0,0,0,0,0,0,0,0,0,0
21.05000000000007,0,0,0,0,0,0,0,0,0,0,0
21.100000000000072,0,0,0,0,0,0,0,0,0,0,0
21.150000000000073,0,0,0,0,0,0,0,0,0,0,0
21.200000000000074,0,0,0,0,0,0,0,0,0,0,0
21.250000000000075,0,0,0,0,0,0,0,0,0,0,0
21.300000000000075,0,0,0,0,0,0,0,0,0,0,0
21.350000000000076,0,0,0,0,0,0,0,0,0,0,0
21.400000000000077,0,0,0,0,0,0,0,0,0,0,0
21.450000000000077,0,0,0,0,0,0,0,0,0,0,0
21.500000000000078,0,0,0,0,0,0,0,0,0,0,0
21.55000000000008,0,0,0,0,0,0,0,0,0,0,0
21.60000000000008,0,0,0,0,0,0,0,0,0,0,0
21.65000000000008,0,0,0,0,0,0,0,0,0,0,0
21.70000000000008,0,0,0,0,0,0,0,0,0,0,0
21.75000000000008,0,0,0,0,0,0,0,0,0,0,0
21.800000000000082,0,0,0,0,0,0,0,0,0,0,0
21.850000000000083,0,0,0,0,0,0,0,0,0,0,0
21.900000000000084,0,0,0,0,0,0,0,0,0,0,0
21.950000000000085,0,0,0,0,0,0,0,0,0,0,0
22.000000000000085,0,0,0,0,0,0,0,0,0,0,0
22.050000000000086,0,0,0,0,0,0,0,0,0,0,0
22.100000000000087,0,0,0,0,0,0,0,0,0,0,0
22.150000000000087,0,0,0,0,0,0,0,0,0,0,0
22.200000000000088,0,0,0,0,0,0,0,0,0,0,0
22.25000000000009,0,0,0,0,0,0,0,0,0,0,0
22.30000000000009,0,0,0,0,0,0,0,0,0,0,0
22.35000000000009,0,0,0,0,0,0,0,0,0,0,0
22.40000000000009,0,0,0,0,0,0,0,0,0,0,0
22.45000000000009,0,0,0,0,0,0,0,0,0,0,0
22.500000000000092,0,0,0,0,0,0,0,0,0,0,0
22.550000000000093,0,0,0,0,0,0,0,0,0,0,0
22.600000000000094,0,0,0,0,0,0,0,0,0,0,0
22.650000000000095,0,0,0,0,0,0,0,0,0,0,0
22.700000000000095,0,0,0,0,0,0,0,0,0,0,0
22.750000000000096,0,0,0,0,0,0,0,0,0,0,0
22.800000000000097,0,0,0,0,0,0,0,0,0,0,0
22.850000000000097,0,0,0,0,0,0,0,0,0,0,0
22.900000000000098,0,0,0,0,0,0,0,0,0,0,0
22.9500000000001,0,0,0,0,0,0,0,0,0,0,0
23.0000000000001,0,0,0,0,0,0,0,0,0,0,0
23.0500000000001,0,0,0,0,0,0,0,0,0,0,0
23.1000000000001,0,0,0,0,0,0,0,0,0,0,0
23.1500000000001,0,0,0,0,0,0,0,0,0,0,0
23.200000000000102,0,0,0,0,0,0,0,0,0,0,0
23.250000000000103,0,0,0,0,0,0,0,0,0,0,0
23.300000000000104,0,0,0,0,0,0,0,0,0,0,0
23.350000000000104,0,0,0,0,0,0,0,0,0,0,0
23.400000000000105,0,0,0,0,0,0,0,0,0,0,0
23.450000000000106,0,0,0,0,0,0,0,0,0,0,0
23.500000000000107,0,0,0,0,0,0,0,0,0,0,0
23.550000000000107,0,0,0,0,0,0,0,0,0,0,0
23.600000000000108,0,0,0,0,0,0,0,0,0,0,0
23.65000000000011,0,0,0,0,0,0,0,0,0,0,0
23.70000000000011,0,0,0,0,0,0,0,0,0,0,0
23.75000000000011,0,0,0,0,0,0,0,0,0,0,0
23.80000000000011,0,0,0,0,0,0,0,0,0,0,0
23.85000000000011,0,0,0,0,0,0,0,0,0,0,0
23.900000000000112,0,0,0,0,0,0,0,0,0,0,0
23.950000000000113,0,0,0,0,0,0,0,0,0,0,0
24.000000000000114,0,0,0,0,0,0,0,0,0,0,0
24.050000000000114,0,0,0,0,0,0,0,0,0,0,0
24.100000000000115,0,0,0,0,0,0,0,0,0,0,0
24.150000000000116,0,0,0,0,0,0,0,0,0,0,0
24.200000000000117,0,0,0,0,0,0,0,0,0,0,0
24.250000000000117,0,0,0,0,0,0,0,0,0,0,0
24.300000000000118,0,0,0,0,0,0,0,0,0,0,0
24.35000000000012,0,0,0,0,0,0,0,0,0,0,0
24.40000000000012,0,0,0,0,0,0,0,0,0,0,0
24.45000000000012,0,0,0,0,0,0,0,0,0,0,0
24.50000000000012,0,0,0,0,0,0,0,0,0,0,0
24.55000000000012,0,0,0,0,0,0,0,0,0,0,0
24.600000000000122,0,0,0,0,0,0,0,0,0,0,0
24.650000000000123,0,0,0,0,0,0,0,0,0,0,0
24.700000000000124,0,0,0,0,0,0,0,0,0,0,0
24.750000000000124,0,0,0,0,0,0,0,0,0,0,0
24.800000000000125,0,0,0,0,0,0,0,0,0,0,0
24.850000000000126,0,0,0,0,0,0,0,0,0,0,0
24.900000000000126,0,0,0,0,0,0,0,0,0,0,0
24.950000000000127,0,0,0,0,0,0,0,0,0,0,0
25.000000000000128,0,0,0,0,0,0,0,0,0,0,0
25.05000000000013,0,0,0,0,0,0,0,0,0,0,0
25.10000000000013,0,0,0,0,0,0,0,0,0,0,0
25.15000000000013,0,0,0,0,0,0,0,0,0,0,0
25.20000000000013,0,0,0,0,0,0,0,0,0,0,0
25.25000000000013,0,0,0,0,0,0,0,0,0,0,0
25.300000000000132,0,0,0,0,0,0,0,0,0,0,0
25.350000000000133,0,0,0,0,0,0,0,0,0,0,0
25.400000000000134,0,0,0,0,0,0,0,0,0,0,0
25.450000000000134,0,0,0,0,0,0,0,0,0,0,0
25.500000000000135,0,0,0,0,0,0,0,0,0,0,0
25.550000000000136,0,0,0,0,0,0,0,0,0,0,0
25.600000000000136,0,0,0,0,0,0,0,0,0,0,0
25.650000000000137,0,0,0,0,0,0,0,0,0,0,0
25.700000000000138,0,0,0,0,0,0,0,0,0,0,0
25.75000000000014,0,0,0,0,0,0,0,0,0,0,0
25.80000000000014,0,0,0,0,0,0,0,0,0,0,0
25.85000000000014,0,0,0,0,0,0,0,0,0,0,0
25.90000000000014,0,0,0,0,0,0,0,0,0,0,0
25.95000000000014,0,0,0,0,0,0,0,0,0,0,0
26.000000000000142,0,0,0,0,0,0,0,0,0,0,0
26.050000000000143,0,0,0,0,0,0,0,0,0,0,0
26.100000000000144,0,0,0,0,0,0,0,0,0,0,0
26.150000000000144,0,0,0,0,0,0,0,0,0,0,0
26.200000000000145,0,0,0,0,0,0,0,0,0,0,0
26.250000000000146,0,0,0,0,0,0,0,0,0,0,0
26.300000000000146,0,0,0,0,0,0,0,0,0,0,0
26.350000000000147,0,0,0,0,0,0,0,0,0,0,0
26.400000000000148,0,0,0,0,0,0,0,0,0,0,0
26.45000000000015,0,0,0,0,0,0,0,0,0,0,0
26.50000000000015,0,0,0,0,0,0,0,0,0,0,0
26.55000000000015,0,0,0,0,0,0,0,0,0,0,0
26.60000000000015,0,0,0,0,0,0,0,0,0,0,0
26.65000000000015,0,0,0,0,0,0,0,0,0,0,0
26.700000000000152,0,0,0,0,0,0,0,0,0,0,0
26.750000000000153,0,0,0,0,0,0,0,0,0,0,0
26.800000000000153,0,0,0,0,0,0,0,0,0,0,0
26.850000000000154,0,0,0,0,0,0,0,0,0,0,0
26.900000000000155,0,0,0,0,0,0,0,0,0,0,0
26.950000000000156,0,0,0,0,0,0,0,0,0,0,0
27.000000000000156,0,0,0,0,0,0,0,0,0,0,0
27.050000000000157,0,0,0,0,0,0,0,0,0,0,0
27.100000000000158,0,0,0,0,0,0,0,0,0,0,0
27.15000000000016,0,0,0,0,0,0,0,0,0,0,0
27.20000000000016,0,0,0,0,0,0,0,0,0,0,0
27.25000000000016,0,0,0,0,0,0,0,0,0,0,0
27.30000000000016,0,0,0,0,0,0,0,0,0,0,0
27.35000000000016,0,0,0,0,0,0,0,0,0,0,0
27.400000000000162,0,0,0,0,0,0,0,0,0,0,0
27.450000000000163,0,0,0,0,0,0,0,0,0,0,0
27.500000000000163,0,0,0,0,0,0,0,0,0,0,0
27.550000000000164,0,0,0,0,0,0,0,0,0,0,0
27.600000000000165,0,0,0,0,0,0,0,0,0,0,0
27.650000000000166,0,0,0,0,0,0,0,0,0,0,0
27.700000000000166,0,0,0,0,0,0,0,0,0,0,0
27.750000000000167,0,0,0,0,0,0,0,0,0,0,0
27.800000000000168,0,0,0,0,0,0,0,0,0,0,0
27.85000000000017,0,0,0,0,0,0,0,0,0,0,0
27.90000000000017,0,0,0,0,0,0,0,0,0,0,0
27.95000000000017,0,0,0,0,0,0,0,0,0,0,0
28.00000000000017,0,0,0,0,0,0,0,0,0,0,0
28.05000000000017,0,0,0,0,0,0,0,0,0,0,0
28.100000000000172,0,0,0,0,0,0,0,0,0,0,0
28.150000000000173,0,0,0,0,0,0,0,0,0,0,0
28.200000000000173,0,0,0,0,0,0,0,0,0,0,0
28.250000000000174,0,0,0,0,0,0,0,0,0,0,0
28.300000000000175,0,0,0,0,0,0,0,0,0,0,0
28.350000000000176,0,0,0,0,0,0,0,0,0,0,0
28.400000000000176,0,0,0,0,0,0,0,0,0,0,0
28.450000000000177,0,0,0,0,0,0,0,0,0,0,0
28.500000000000178,0,0,0,0,0,0,0,0,0,0,0
28.55000000000018,0,0,0,0,0,0,0,0,0,0,0
28.60000000000018,0,0,0,0,0,0,0,0,0,0,0
28.65000000000018,0,0,0,0,0,0,0,0,0,0,0
28.70000000000018,0,0,0,0,0,0,0,0,0,0,0
28.75000000000018,0,0,0,0,0,0,0,0,0,0,0
28.800000000000182,0,0,0,0,0,0,0,0,0,0,0
28.850000000000183,0,0,0,0,0,0,0,0,0,0,0
28.900000000000183,0,0,0,0,0,0,0,0,0,0,0
28.950000000000184,0,0,0,0,0,0,0,0,0,0,0
29.000000000000185,0,0,0,0,0,0,0,0,0,0,0
29.050000000000185,0,0,0,0,0,0,0,0,0,0,0
29.100000000000186,0,0,0,0,0,0,0,0,0,0,0
29.150000000000187,0,0,0,0,0,0,0,0,0,0,0
29.200000000000188,0,0,0,0,0,0,0,0,0,0,0
29.25000000000019,0,0,0,0,0,0,0,0,0,0,0
29.30000000000019,0,0,0,0,0,0,0,0,0,0,0
29.35000000000019,0,0,0,0,0,0,0,0,0,0,0
29.40000000000019,0,0,0,0,0,0,0,0,0,0,0
29.45000000000019,0,0,0,0,0,0,0,0,0,0,0
29.500000000000192,0,0,0,0,0,0,0,0,0,0,0
29.550000000000193,0,0,0,0,0,0,0,0,0,0,0
29.600000000000193,0,0,0,0,0,0,0,0,0,0,0
29.650000000000194,0,0,0,0,0,0,0,0,0,0,0
29.700000000000195,0,0,0,0,0,0,0,0,0,0,0
29.750000000000195,0,0,0,0,0,0,0,0,0,0,0
29.800000000000196,0,0,0,0,0,0,0,0,0,0,0
29.850000000000197,0,0,0,0,0,0,0,0,0,0,0
29.900000000000198,0,0,0,0,0,0,0,0,0,0,0
29.9500000000002,0,0,0,0,0,0,0,0,0,0,0
30.0000000000002,0,0,0,0,0,0,0,0,0,0,0
30.0500000000002,0,0,0,0,0,0,0,0,0,0,0
30.1000000000002,0,0,0,0,0,0,0,0,0,0,0
30.1500000000002,0,0,0,0,0,0,0,0,0,0,0
30.200000000000202,0,0,0,0,0,0,0,0,0,0,0
30.250000000000203,0,0,0,0,0,0,0,0,0,0,0
30.300000000000203,0,0,0,0,0,0,0,0,0,0,0
30.350000000000204,0,0,0,0,0,0,0,0,0,0,0
30.400000000000205,0,0,0,0,0,0,0,0,0,0,0
30.450000000000205,0,0,0,0,0,0,0,0,0,0,0
30.500000000000206,0,0,0,0,0,0,0,0,0,0,0
30.550000000000207,0,0,0,0,0,0,0,0,0,0,0
30.600000000000207,0,0,0,0,0,0,0,0,0,0,0
30.650000000000208,0,0,0,0,0,0,0,0,0,0,0
30.70000000000021,0,0,0,0,0,0,0,0,0,0,0
30.75000000000021,0,0,0,0,0,0,0,0,0,0,0
30.80000000000021,0,0,0,0,0,0,0,0,0,0,0
30.85000000000021,0,0,0,0,0,0,0,0,0,0,0
30.90000000000021,0,0,0,0,0,0,0,0,0,0,0
30.950000000000212,0,0,0,0,0,0,0,0,0,0,0
31.000000000000213,0,0,0,0,0,0,0,0,0,0,0
31.050000000000214,0,0,0,0,0,0,0,0,0,0,0
31.100000000000215,0,0,0,0,0,0,0,0,0,0,0
31.150000000000215,0,0,0,0,0,0,0,0,0,0,0
31.200000000000216,0,0,0,0,0,0,0,0,0,0,0
31.250000000000217,0,0,0,0,0,0,0,0,0,0,0
31.300000000000217,0,0,0,0,0,0,0,0,0,0,0
31.350000000000218,0,0,0,0,0,0,0,0,0,0,0
31.40000000000022,0,0,0,0,0,0,0,0,0,0,0
31.45000000000022,0,0,0,0,0,0,0,0,0,0,0
31.50000000000022,0,0,0,0,0,0,0,0,0,0,0
31.55000000000022,0,0,0,0,0,0,0,0,0,0,0
31.60000000000022,0,0,0,0,0,0,0,0,0,0,0
31.650000000000222,0,0,0,0,0,0,0,0,0,0,0
31.700000000000223,0,0,0,0,0,0,0,0,0,0,0
31.750000000000224,0,0,0,0,0,0,0,0,0,0,0
31.800000000000225,0,0,0,0,0,0,0,0,0,0,0
31.850000000000225,0,0,0,0,0,0,0,0,0,0,0
31.900000000000226,0,0,0,0,0,0,0,0,0,0,0
31.950000000000227,0,0,0,0,0,0,0,0,0,0,0
*****
16,0.05,1000,0,0.4,10,100,0.85,1.0,0.85,1.0,0.1
16,1000,1000,1000,1000,1000,0,0,0,0,0,0
16.05,1007,1007,1007,1007,1007,0,0,0,0,0,0
16.1,988,988,988,988,988,0,0,0,0,0,0
16.150000000000002,1006,1006,1006,1006,1006,0,0,0,0,0,0
16.200000000000003,975,975,975,975,975,0,0,0,0,0,0
16.250000000000004,992,992,992,992,992,0,0,0,0,0,0
16.300000000000004,1028,1028,1028,1028,1028,0,0,0,0,0,0
16.350000000000005,998,998,998,998,998,0,0,0,0,0,0
16.400000000000006,966,966,966,966,966,0,0,0,0,0,0
16.450000000000006,1019,1019,1019,1019,1019,0,0,0,0,0,0
16.500000000000007,1003,1003,1003,1003,1003,0,0,0,0,0,0
16.550000000000008,991,991,991,991,991,0,0,0,0,0,0
16.60000000000001,963,963,963,963,963,0,0,0,0,0,0
16.65000000000001,996,996,996,996,996,0,0,0,0,0,0
16.70000000000001,989,989,989,989,989,0,0,0,0,0,0
16.75000000000001,969,969,969,969,969,0,0,0,0,0,0
16.80000000000001,941,941,941,941,941,0,0,0,0,0,0
16.850000000000012,1022,1022,1022,1022,1022,0,0,0,0,0,0
16.900000000000013,968,968,968,968,968,0,0,0,0,0,0
16.950000000000014,992,992,992,992,992,0,0,0,0,0,0
17.000000000000014,981,981,981,981,981,0,0,0,0,0,0
17.050000000000015,1019,1019,1019,1019,1019,0,0,0,0,0,0
17.100000000000016,995,995,995,995,995,0,0,0,0,0,0
17.150000000000016,974,974,974,974,974,0,0,0,0,0,0
17.200000000000017,955,955,955,955,955,0,0,0,0,0,0
17.250000000000018,932,932,932,932,932,0,0,0,0,0,0
17.30000000000002,1026,1026,1026,1026,1026,0,0,0,0,0,0
17.35000000000002,946,946,946,946,946,0,0,0,0,0,0
17.40000000000002,980,980,980,980,980,0,0,0,0,0,0
17.45000000000002,1003,1003,1003,1003,1003,0,0,0,0,0,0
17.50000000000002,1011,1011,1011,1011,1011,0,0,0,0,0,0
17.550000000000022,1007,1007,1007,1007,1007,0,0,0,0,0,0
17.600000000000023,995,995,995,995,995,0,0,0,0,0,0
17.650000000000023,991,991,991,991,991,0,0,0,0,0,0
17.700000000000024,1043,1043,1043,1043,1043,0,0,0,0,0,0
17.750000000000025,977,977,976,977,977,0,0,0,0,0,0
17.800000000000026,1011,1011,1010,1011,1011,0,0,0,0,0,0
17.850000000000026,924,924,922,924,924,0,0,0,0,0,0
17.900000000000027,937,937,936,937,937,0,0,0,0,0,0
17.950000000000028,991,991,987,991,991,0,0,0,0,0,0
18.00000000000003,991,989,983,991,991,0,0,0,0,0,0
18.05000000000003,980,980,971,980,980,0,0,0,0,0,0
18.10000000000003,1034,1029,1006,1034,1034,0,0,0,0,0,0
18.15000000000003,1001,996,974,1001,1000,0,0,0,0,0,0
18.20000000000003,978,968,932,978,978,0,0,0,0,0,0
18.250000000000032,968,957,922,968,966,0,0,0,0,0,0
18.300000000000033,974,953,901,974,968,0,0,0,0,0,0
18.350000000000033,974,936,852,974,959,0,0,0,0,0,0
18.400000000000034,956,881,800,956,932,0,0,0,0,0,0
18.450000000000035,949,850,722,949,908,0,0,0,0,0,0
18.500000000000036,964,813,683,964,892,0,0,0,0,0,0
18.550000000000036,959,768,612,959,855,0,0,0,0,0,0
18.600000000000037,968,706,568,967,827,0,0,0,0,0,0
18.650000000000038,984,622,484,984,756,0,0,0,0,0,0
18.70000000000004,1005,546,402,1001,692,0,0,0,0,0,0
18.75000000000004,953,453,338,950,590,0,0,0,0,0,0
18.80000000000004,972,375,285,967,498,0,0,0,0,0,0
18.85000000000004,996,308,238,977,450,0,0,0,0,0,0
18.90000000000004,1029,242,176,997,369,0,0,0,0,0,0
18.950000000000042,1038,184,129,980,297,0,0,0,0,0,0
19.000000000000043,993,138,91,902,242,0,0,0,0,0,0
19.050000000000043,947,79,58,824,129,0,0,0,0,0,0
19.100000000000044,961,61,49,798,108,0,0,0,0,0,0
19.150000000000045,962,46,32,711,69,0,0,0,0,0,0
19.200000000000045,934,22,17,616,37,0,0,0,0,0,0
19.250000000000046,1002,20,14,560,37,0,0,0,0,0,0
19.300000000000047,942,10,7,428,14,0,0,0,0,0,0
19.350000000000048,1001,10,10,365,13,0,0,0,0,0,0
19.40000000000005,1010,3,2,282,6,0,0,0,0,0,0
19.45000000000005,1027,1,1,221,4,0,0,0,0,0,0
19.50000000000005,984,1,1,136,1,0,0,0,0,0,0
19.55000000000005,987,1,1,115,2,0,0,0,0,0,0
19.60000000000005,941,0,0,66,0,0,0,0,0,0,0
19.650000000000052,957,0,0,38,1,0,0,0,0,0,0
19.700000000000053,959,0,0,19,0,0,0,0,0,0,0
19.750000000000053,1045,0,0,17,0,0,0,0,0,0,0
19.800000000000054,957,0,0,7,0,0,0,0,0,0,0
19.850000000000055,963,0,0,2,0,0,0,0,0,0,0
19.900000000000055,931,0,0,2,0,0,0,0,0,0,0
19.950000000000056,870,0,0,1,0,0,0,0,0,0,0
20.000000000000057,786,0,0,1,0,0,0,0,0,0,0
20.050000000000058,685,0,0,0,0,0,0,0,0,0,0
20.10000000000006,541,0,0,0,0,0,0,0,0,0,0
20.15000000000006,453,0,0,0,0,0,0,0,0,0,0
20.20000000000006,343,0,0,0,0,0,0,0,0,0,0
20.25000000000006,225,0,0,0,0,0,0,0,0,0,0
20.30000000000006,109,0,0,0,0,0,0,0,0,0,0
20.350000000000062,67,0,0,0,0,0,0,0,0,0,0
20.400000000000063,21,0,0,0,0,0,0,0,0,0,0
20.450000000000063,0,0,0,0,0,0,0,0,0,0,0
20.500000000000064,0,0,0,0,0,0,0,0,0,0,0
20.550000000000065,0,0,0,0,0,0,0,0,0,0,0
20.600000000000065,0,0,0,0,0,0,0,0,0,0,0
20.650000000000066,0,0,0,0,0,0,0,0,0,0,0
20.700000000000067,0,0,0,0,0,0,0,0,0,0,0
20.750000000000068,0,0,0,0,0,0,0,0,0,0,0
20.800000000000068,0,0,0,0,0,0,0,0,0,0,0
20.85000000000007,0,0,0,0,0,0,0,0,0,0,0
20.90000000000007,0,0,0,0,0,0,0,0,0,0,0
20.95000000000007,0,0,0,0,0,0,0,0,0,0,0
21.00000000000007,0,0,0,0,0,0,0,0,0,0,0
21.05000000000007,0,0,0,0,0,0,0,0,0,0,0
21.100000000000072,0,0,0,0,0,0,0,0,0,0,0
21.150000000000073,0,0,0,0,0,0,0,0,0,0,0
21.200000000000074,0,0,0,0,0,0,0,0,0,0,0
21.250000000000075,0,0,0,0,0,0,0,0,0,0,0
21.300000000000075,0,0,0,0,0,0,0,0,0,0,0
21.350000000000076,0,0,0,0,0,0,0,0,0,0,0
21.400000000000077,0,0,0,0,0,0,0,0,0,0,0
21.450000000000077,0,0,0,0,0,0,0,0,0,0,0
21.500000000000078,0,0,0,0,0,0,0,0,0,0,0
21.55000000000008,0,0,0,0,0,0,0,0,0,0,0
21.60000000000008,0,0,0,0,0,0,0,0,0,0,0
21.65000000000008,0,0,0,0,0,0,0,0,0,0,0
21.70000000000008,0,0,0,0,0,0,0,0,0,0,0
21.75000000000008,0,0,0,0,0,0,0,0,0,0,0
21.800000000000082,0,0,0,0,0,0,0,0,0,0,0
21.850000000000083,0,0,0,0,0,0,0,0,0,0,0
21.900000000000084,0,0,0,0,0,0,0,0,0,0,0
21.950000000000085,0,0,0,0,0,0,0,0,0,0,0
22.000000000000085,0,0,0,0,0,0,0,0,0,0,0
22.050000000000086,0,0,0,0,0,0,0,0,0,0,0
22.100000000000087,0,0,0,0,0,0,0,0,0,0,0
22.150000000000087,0,0,0,0,0,0,0,0,0,0,0
22.200000000000088,0,0,0,0,0,0,0,0,0,0,0
22.25000000000009,0,0,0,0,0,0,0,0,0,0,0
22.30000000000009,0,0,0,0,0,0,0,0,0,0,0
22.35000000000009,0,0,0,0,0,0,0,0,0,0,0
22.40000000000009,0,0,0,0,0,0,0,0,0,0,0
22.45000000000009,0,0,0,0,0,0,0,0,0,0,0
22.500000000000092,0,0,0,0,0,0,0,0,0,0,0
22.550000000000093,0,0,0,0,0,0,0,0,0,0,0
22.600000000000094,0,0,0,0,0,0,0,0,0,0,0
22.650000000000095,0,0,0,0,0,0,0,0,0,0,0
22.700000000000095,0,0,0,0,0,0,0,0,0,0,0
22.750000000000096,0,0,0,0,0,0,0,0,0,0,0
22.800000000000097,0,0,0,0,0,0,0,0,0,0,0
22.850000000000097,0,0,0,0,0,0,0,0,0,0,0
22.900000000000098,0,0,0,0,0,0,0,0,0,0,0
22.9500000000001,0,0,0,0,0,0,0,0,0,0,0
23.0000000000001,0,0,0,0,0,0,0,0,0,0,0
23.0500000000001,0,0,0,0,0,0,0,0,0,0,0
23.1000000000001,0,0,0,0,0,0,0,0,0,0,0
23.1500000000001,0,0,0,0,0,0,0,0,0,0,0
23.200000000000102,0,0,0,0,0,0,0,0,0,0,0
23.250000000000103,0,0,0,0,0,0,0,0,0,0,0
23.300000000000104,0,0,0,0,0,0,0,0,0,0,0
23.350000000000104,0,0,0,0,0,0,0,0,0,0,0
23.400000000000105,0,0,0,0,0,0,0,0,0,0,0
23.450000000000106,0,0,0,0,0,0,0,0,0,0,0
23.500000000000107,0,0,0,0,0,0,0,0,0,0,0
23.550000000000107,0,0,0,0,0,0,0,0,0,0,0
23.600000000000108,0,0,0,0,0,0,0,0,0,0,0
23.65000000000011,0,0,0,0,0,0,0,0,0,0,0
23.70000000000011,0,0,0,0,0,0,0,0,0,0,0
23.75000000000011,0,0,0,0,0,0,0,0,0,0,0
23.80000000000011,0,0,0,0,0,0,0,0,0,0,0
23.85000000000011,0,0,0,0,0,0,0,0,0,0,0
23.900000000000112,0,0,0,0,0,0,0,0,0,0,0
23.950000000000113,0,0,0,0,0,0,0,0,0,0,0
24.000000000000114,0,0,0,0,0,0,0,0,0,0,0
24.050000000000114,0,0,0,0,0,0,0,0,0,0,0
24.100000000000115,0,0,0,0,0,0,0,0,0,0,0
24.150000000000116,0,0,0,0,0,0,0,0,0,0,0
24.200000000000117,0,0,0,0,0,0,0,0,0,0,0
24.250000000000117,0,0,0,0,0,0,0,0,0,0,0
24.300000000000118,0,0,0,0,0,0,0,0,0,0,0
24.35000000000012,0,0,0,0,0,0,0,0,0,0,0
24.40000000000012,0,0,0,0,0,0,0,0,0,0,0
24.45000000000012,0,0,0,0,0,0,0,0,0,0,0
24.50000000000012,0,0,0,0,0,0,0,0,0,0,0
24.55000000000012,0,0,0,0,0,0,0,0,0,0,0
24.600000000000122,0,0,0,0,0,0,0,0,0,0,0
24.650000000000123,0,0,0,0,0,0,0,0,0,0,0
24.700000000000124,0,0,0,0,0,0,0,0,0,0,0
24.750000000000124,0,0,0,0,0,0,0,0,0,0,0
24.800000000000125,0,0,0,0,0,0,0,0,0,0,0
24.850000000000126,0,0,0,0,0,0,0,0,0,0,0
24.900000000000126,0,0,0,0,0,0,0,0,0,0,0
24.950000000000127,0,0,0,0,0,0,0,0,0,0,0
25.000000000000128,0,0,0,0,0,0,0,0,0,0,0
25.05000000000013,0,0,0,0,0,0,0,0,0,0,0
25.10000000000013,0,0,0,0,0,0,0,0,0,0,0
25.15000000000013,0,0,0,0,0,0,0,0,0,0,0
25.20000000000013,0,0,0,0,0,0,0,0,0,0,0
25.25000000000013,0,0,0,0,0,0,0,0,0,0,0
25.300000000000132,0,0,0,0,0,0,0,0,0,0,0
25.350000000000133,0,0,0,0,0,0,0,0,0,0,0
25.400000000000134,0,0,0,0,0,0,0,0,0,0,0
25.450000000000134,0,0,0,0,0,0,0,0,0,0,0
25.500000000000135,0,0,0,0,0,0,0,0,0,0,0
25.550000000000136,0,0,0,0,0,0,0,0,0,0,0
25.600000000000136,0,0,0,0,0,0,0,0,0,0,0
25.650000000000137,0,0,0,0,0,0,0,0,0,0,0
25.700000000000138,0,0,0,0,0,0,0,0,0,0,0
25.75000000000014,0,0,0,0,0,0,0,0,0,0,0
25.80000000000014,0,0,0,0,0,0,0,0,0,0,0
25.85000000000014,0,0,0,0,0,0,0,0,0,0,0
25.90000000000014,0,0,0,0,0,0,0,0,0,0,0
25.95000000000014,0,0,0,0,0,0,0,0,0,0,0
26.000000000000142,0,0,0,0,0,0,0,0,0,0,0
26.050000000000143,0,0,0,0,0,0,0,0,0,0,0
26.100000000000144,0,0,0,0,0,0,0,0,0,0,0
26.150000000000144,0,0,0,0,0,0,0,0,0,0,0
26.200000000000145,0,0,0,0,0,0,0,0,0,0,0
26.250000000000146,0,0,0,0,0,0,0,0,0,0,0
26.300000000000146,0,0,0,0,0,0,0,0,0,0,0
26.350000000000147,0,0,0,0,0,0,0,0,0,0,0
26.400000000000148,0,0,0,0,0,0,0,0,0,0,0
26.45000000000015,0,0,0,0,0,0,0,0,0,0,0
26.50000000000015,0,0,0,0,0,0,0,0,0,0,0
26.55000000000015,0,0,0,0,0,0,0,0,0,0,0
26.60000000000015,0,0,0,0,0,0,0,0,0,0,0
26.65000000000015,0,0,0,0,0,0,0,0,0,0,0
26.700000000000152,0,0,0,0,0,0,0,0,0,0,0
26.750000000000153,0,0,0,0,0,0,0,0,0,0,0
26.800000000000153,0,0,0,0,0,0,0,0,0,0,0
26.850000000000154,0,0,0,0,0,0,0,0,0,0,0
26.900000000000155,0,0,0,0,0,0,0,0,0,0,0
26.950000000000156,0,0,0,0,0,0,0,0,0,0,0
27.000000000000156,0,0,0,0,0,0,0,0,0,0,0
27.050000000000157,0,0,0,0,0,0,0,0,0,0,0
27.100000000000158,0,0,0,0,0,0,0,0,0,0,0
27.15000000000016,0,0,0,0,0,0,0,0,0,0,0
27.20000000000016,0,0,0,0,0,0,0,0,0,0,0
27.25000000000016,0,0,0,0,0,0,0,0,0,0,0
27.30000000000016,0,0,0,0,0,0,0,0,0,0,0
27.35000000000016,0,0,0,0,0,0,0,0,0,0,0
27.400000000000162,0,0,0,0,0,0,0,0,0,0,0
27.450000000000163,0,0,0,0,0,0,0,0,0,0,0
27.500000000000163,0,0,0,0,0,0,0,0,0,0,0
27.550000000000164,0,0,0,0,0,0,0,0,0,0,0
27.600000000000165,0,0,0,0,0,0,0,0,0,0,0
27.650000000000166,0,0,0,0,0,0,0,0,0,0,0
27.700000000000166,0,0,0,0,0,0,0,0,0,0,0
27.750000000000167,0,0,0,0,0,0,0,0,0,0,0
27.800000000000168,0,0,0,0,0,0,0,0,0,0,0
27.85000000000017,0,0,0,0,0,0,0,0,0,0,0
27.90000000000017,0,0,0,0,0,0,0,0,0,0,0
27.95000000000017,0,0,0,0,0,0,0,0,0,0,0
28.00000000000017,0,0,0,0,0,0,0,0,0,0,0
28.05000000000017,0,0,0,0,0,0,0,0,0,0,0
28.100000000000172,0,0,0,0,0,0,0,0,0,0,0
28.150000000000173,0,0,0,0,0,0,0,0,0,0,0
28.200000000000173,0,0,0,0,0,0,0,0,0,0,0
28.250000000000174,0,0,0,0,0,0,0,0,0,0,0
28.300000000000175,0,0,0,0,0,0,0,0,0,0,0
28.350000000000176,0,0,0,0,0,0,0,0,0,0,0
28.400000000000176,0,0,0,0,0,0,0,0,0,0,0
28.450000000000177,0,0,0,0,0,0,0,0,0,0,0
28.500000000000178,0,0,0,0,0,0,0,0,0,0,0
28.55000000000018,0,0,0,0,0,0,0,0,0,0,0
28.60000000000018,0,0,0,0,0,0,0,0,0,0,0
28.65000000000018,0,0,0,0,0,0,0,0,0,0,0
28.70000000000018,0,0,0,0,0,0,0,0,0,0,0
28.75000000000018,0,0,0,0,0,0,0,0,0,0,0
28.800000000000182,0,0,0,0,0,0,0,0,0,0,0
28.850000000000183,0,0,0,0,0,0,0,0,0,0,0
28.900000000000183,0,0,0,0,0,0,0,0,0,0,0
28.950000000000184,0,0,0,0,0,0,0,0,0,0,0
29.000000000000185,0,0,0,0,0,0,0,0,0,0,0
29.050000000000185,0,0,0,0,0,0,0,0,0,0,0
29.100000000000186,0,0,0,0,0,0,0,0,0,0,0
29.150000000000187,0,0,0,0,0,0,0,0,0,0,0
29.200000000000188,0,0,0,0,0,0,0,0,0,0,0
29.25000000000019,0,0,0,0,0,0,0,0,0,0,0
29.30000000000019,0,0,0,0,0,0,0,0,0,0,0
29.35000000000019,0,0,0,0,0,0,0,0,0,0,0
29.40000000000019,0,0,0,0,0,0,0,0,0,0,0
29.45000000000019,0,0,0,0,0,0,0,0,0,0,0
29.500000000000192,0,0,0,0,0,0,0,0,0,0,0
29.550000000000193,0,0,0,0,0,0,0,0,0,0,0
29.600000000000193,0,0,0,0,0,0,0,0,0,0,0
29.650000000000194,0,0,0,0,0,0,0,0,0,0,0
29.700000000000195,0,0,0,0,0,0,0,0,0,0,0
29.750000000000195,0,0,0,0,0,0,0,0,0,0,0
29.800000000000196,0,0,0,0,0,0,0,0,0,0,0
29.850000000000197,0,0,0,0,0,0,0,0,0,0,0
29.900000000000198,0,0,0,0,0,0,0,0,0,0,0
29.9500000000002,0,0,0,0,0,0,0,0,0,0,0
30.0000000000002,0,0,0,0,0,0,0,0,0,0,0
30.0500000000002,0,0,0,0,0,0,0,0,0,0,0
30.1000000000002,0,0,0,0,0,0,0,0,0,0,0
30.1500000000002,0,0,0,0,0,0,0,0,0,0,0
30.200000000000202,0,0,0,0,0,0,0,0,0,0,0
30.250000000000203,0,0,0,0,0,0,0,0,0,0,0
30.300000000000203,0,0,0,0,0,0,0,0,0,0,0
30.350000000000204,0,0,0,0,0,0,0,0,0,0,0
30.400000000000205,0,0,0,0,0,0,0,0,0,0,0
30.450000000000205,0,0,0,0,0,0,0,0,0,0,0
30.500000000000206,0,0,0,0,0,0,0,0,0,0,0
30.550000000000207,0,0,0,0,0,0,0,0,0,0,0
30.600000000000207,0,0,0,0,0,0,0,0,0,0,0
30.650000000000208,0,0,0,0,0,0,0,0,0,0,0
30.70000000000021,0,0,0,0,0,0,0,0,0,0,0
30.75000000000021,0,0,0,0,0,0,0,0,0,0,0
30.80000000000021,0,0,0,0,0,0,0,0,0,0,0
30.85000000000021,0,0,0,0,0,0,0,0,0,0,0
30.90000000000021,0,0,0,0,0,0,0,0,0,0,0
30.950000000000212,0,0,0,0,0,0,0,0,0,0,0
31.000000000000213,0,0,0,0,0,0,0,0,0,0,0
31.050000000000214,0,0,0,0,0,0,0,0,0,0,0
31.100000000000215,0,0,0,0,0,0,0,0,0,0,0
31.150000000000215,0,0,0,0,0,0,0,0,0,0,0
31.200000000000216,0,0,0,0,0,0,0,0,0,0,0
31.250000000000217,0,0,0,0,0,0,0,0,0,0,0
31.300000000000217,0,0,0,0,0,0,0,0,0,0,0
31.350000000000218,0,0,0,0,0,0,0,0,0,0,0
31.40000000000022,0,0,0,0,0,0,0,0,0,0,0
31.45000000000022,0,0,0,0,0,0,0,0,0,0,0
31.50000000000022,0,0,0,0,0,0,0,0,0,0,0
31.55000000000022,0,0,0,0,0,0,0,0,0,0,0
31.60000000000022,0,0,0,0,0,0,0,0,0,0,0
31.650000000000222,0,0,0,0,0,0,0,0,0,0,0
31.700000000000223,0,0,0,0,0,0,0,0,0,0,0
31.750000000000224,0,0,0,0,0,0,0,0,0,0,0
31.800000000000225,0,0,0,0,0,0,0,0,0,0,0
31.850000000000225,0,0,0,0,0,0,0,0,0,0,0
31.900000000000226,0,0,0,0,0,0,0,0,0,0,0
31.950000000000227,0,0,0,0,0,0,0,0,0,0,0
*****
16,0.05,1000,0.3,0.7,10,100,0.85,1.0,0.85,1.0,0.1
16,1000,1000,1000,1000,1000,0,0,0,0,0,0
16.05,968,968,968,968,968,0,0,0,0,0,0
16.1,1000,1000,1000,1000,1000,0,0,0,0,0,0
16.150000000000002,1004,1004,1004,1004,1004,0,0,0,0,0,0
16.200000000000003,950,950,950,950,950,0,0,0,0,0,0
16.250000000000004,963,963,963,963,963,0,0,0,0,0,0
16.300000000000004,1042,1042,1042,1042,1042,0,0,0,0,0,0
16.350000000000005,944,944,944,944,944,0,0,0,0,0,0
16.400000000000006,957,957,957,957,957,0,0,0,0,0,0
16.450000000000006,943,943,943,943,943,0,0,0,0,0,0
16.500000000000007,955,955,955,955,955,0,0,0,0,0,0
16.550000000000008,935,935,935,935,935,0,0,0,0,0,0
16.60000000000001,972,972,972,972,972,0,0,0,0,0,0
16.65000000000001,1020,1020,1020,1020,1020,0,0,0,0,0,0
16.70000000000001,971,971,971,971,971,0,0,0,0,0,0
16.75000000000001,991,991,991,991,991,0,0,0,0,0,0
16.80000000000001,960,960,960,960,960,0,0,0,0,0,0
16.850000000000012,978,978,978,978,978,0,0,0,0,0,0
16.900000000000013,948,948,948,948,948,0,0,0,0,0,0
16.950000000000014,988,988,988,988,988,0,0,0,0,0,0
17.000000000000014,975,975,975,975,975,0,0,0,0,0,0
17.050000000000015,971,971,971,971,971,0,0,0,0,0,0
17.100000000000016,904,904,904,904,904,0,0,0,0,0,0
17.150000000000016,959,959,959,959,959,0,0,0,0,0,0
17.200000000000017,938,938,938,938,938,0,0,0,0,0,0
17.250000000000018,985,985,985,985,985,0,0,0,0,0,0
17.30000000000002,1027,1027,1027,1027,1027,0,0,0,0,0,0
17.35000000000002,986,986,986,986,986,0,0,0,0,0,0
17.40000000000002,1026,1026,1026,1026,1026,0,0,0,0,0,0
17.45000000000002,959,959,959,959,959,0,0,0,0,0,0
17.50000000000002,923,923,923,923,923,0,0,0,0,0,0
17.550000000000022,947,947,947,947,947,0,0,0,0,0,0
17.600000000000023,964,964,964,964,964,0,0,0,0,0,0
17.650000000000023,933,933,933,933,933,0,0,0,0,0,0
17.700000000000024,931,930,931,931,931,0,0,0,0,0,0
17.750000000000025,1008,1007,1008,1008,1008,0,0,0,0,0,0
17.800000000000026,1005,1001,1004,1005,1005,0,0,0,0,0,0
17.850000000000026,983,980,983,983,983,0,0,0,0,0,0
17.900000000000027,957,952,956,957,957,0,0,0,0,0,0
17.950000000000028,962,955,962,962,962,0,0,0,0,0,0
18.00000000000003,994,989,994,994,994,0,0,0,0,0,0
18.05000000000003,1020,1009,1020,1020,1020,0,0,0,0,0,0
18.10000000000003,951,931,951,951,951,0,0,0,0,0,0
18.15000000000003,903,886,901,903,902,0,0,0,0,0,0
18.20000000000003,958,934,952,958,954,0,0,0,0,0,0
18.250000000000032,948,922,947,948,947,0,0,0,0,0,0
18.300000000000033,1007,955,1002,1005,1003,0,0,0,0,0,0
18.350000000000033,920,873,920,919,920,0,0,0,0,0,0
18.400000000000034,1001,932,991,1001,995,0,0,0,0,0,0
18.450000000000035,978,901,968,975,971,0,0,0,0,0,0
18.500000000000036,1009,906,993,1003,996,0,0,0,0,0,0
18.550000000000036,958,830,940,950,944,0,0,0,0,0,0
18.600000000000037,979,821,945,973,952,0,0,0,0,0,0
18.650000000000038,1001,798,958,992,965,0,0,0,0,0,0
18.70000000000004,934,750,890,925,899,0,0,0,0,0,0
18.75000000000004,941,727,883,923,894,0,0,0,0,0,0
18.80000000000004,1021,737,920,991,934,0,0,0,0,0,0
18.85000000000004,984,651,861,950,888,0,0,0,0,0,0
18.90000000000004,970,587,829,924,847,0,0,0,0,0,0
18.950000000000042,975,580,807,925,833,0,0,0,0,0,0
19.000000000000043,954,485,739,878,764,0,0,0,0,0,0
19.050000000000043,975,495,732,876,755,0,0,0,0,0,0
19.100000000000044,947,466,681,845,706,0,0,0,0,0,0
19.150000000000045,988,415,649,856,677,0,0,0,0,0,0
19.200000000000045,971,349,608,806,640,0,0,0,0,0,0
19.250000000000046,973,320,555,789,592,0,0,0,0,0,0
19.300000000000047,941,262,463,731,493,0,0,0,0,0,0
19.350000000000048,974,263,459,722,485,0,0,0,0,0,0
19.40000000000005,993,215,420,670,460,0,0,0,0,0,0
19.45000000000005,1007,200,392,657,414,0,0,0,0,0,0
19.50000000000005,918,169,323,578,343,0,0,0,0,0,0
19.55000000000005,1009,126,285,554,305,0,0,0,0,0,0
19.60000000000005,941,108,249,493,269,0,0,0,0,0,0
19.650000000000052,984,91,197,433,212,0,0,0,0,0,0
19.700000000000053,933,71,171,373,184,0,0,0,0,0,0
19.750000000000053,934,61,135,302,141,0,0,0,0,0,0
19.800000000000054,1025,56,131,302,142,0,0,0,0,0,0
19.850000000000055,1016,42,96,275,107,0,0,0,0,0,0
19.900000000000055,941,32,80,204,84,0,0,0,0,0,0
19.950000000000056,980,34,65,185,72,0,0,0,0,0,0
20.000000000000057,915,20,52,154,57,0,0,0,0,0,0
20.050000000000058,945,15,34,116,36,0,0,0,0,0,0
20.10000000000006,1020,9,20,95,24,0,0,0,0,0,0
20.15000000000006,1024,4,17,82,18,0,0,0,0,0,0
20.20000000000006,956,3,10,54,11,0,0,0,0,0,0
20.25000000000006,967,4,10,41,10,0,0,0,0,0,0
20.30000000000006,941,1,5,24,5,0,0,0,0,0,0
20.350000000000062,965,1,5,31,9,0,0,0,0,0,0
20.400000000000063,942,1,3,15,4,0,0,0,0,0,0
20.450000000000063,978,1,3,16,3,0,0,0,0,0,0
20.500000000000064,989,1,1,6,1,0,0,0,0,0,0
20.550000000000065,998,1,3,4,3,0,0,0,0,0,0
20.600000000000065,917,0,0,5,0,0,0,0,0,0,0
20.650000000000066,909,0,0,1,0,0,0,0,0,0,0
20.700000000000067,866,1,2,3,2,0,0,0,0,0,0
20.750000000000068,993,0,0,2,0,0,0,0,0,0,0
20.800000000000068,966,0,0,1,0,0,0,0,0,0,0
20.85000000000007,958,0,0,1,0,0,0,0,0,0,0
20.90000000000007,921,0,0,0,0,0,0,0,0,0,0
20.95000000000007,817,0,0,0,0,0,0,0,0,0,0
21.00000000000007,768,0,0,0,0,0,0,0,0,0,0
21.05000000000007,757,0,0,0,0,0,0,0,0,0,0
21.100000000000072,675,0,0,0,0,0,0,0,0,0,0
21.150000000000073,670,0,0,0,0,0,0,0,0,0,0
21.200000000000074,567,0,0,0,0,0,0,0,0,0,0
21.250000000000075,409,0,0,0,0,0,0,0,0,0,0
21.300000000000075,350,0,0,0,0,0,0,0,0,0,0
21.350000000000076,305,0,0,0,0,0,0,0,0,0,0
21.400000000000077,247,0,0,0,0,0,0,0,0,0,0
21.450000000000077,161,0,0,0,0,0,0,0,0,0,0
21.500000000000078,93,0,0,0,0,0,0,0,0,0,0
21.55000000000008,31,0,0,0,0,0,0,0,0,0,0
21.60000000000008,0,0,0,0,0,0,0,0,0,0,0
21.65000000000008,0,0,0,0,0,0,0,0,0,0,0
21.70000000000008,0,0,0,0,0,0,0,0,0,0,0
21.75000000000008,0,0,0,0,0,0,0,0,0,0,0
21.800000000000082,0,0,0,0,0,0,0,0,0,0,0
21.850000000000083,0,0,0,0,0,0,0,0,0,0,0
21.900000000000084,0,0,0,0,0,0,0,0,0,0,0
21.950000000000085,0,0,0,0,0,0,0,0,0,0,0
22.000000000000085,0,0,0,0,0,0,0,0,0,0,0
22.050000000000086,0,0,0,0,0,0,0,0,0,0,0
22.100000000000087,0,0,0,0,0,0,0,0,0,0,0
22.150000000000087,0,0,0,0,0,0,0,0,0,0,0
22.200000000000088,0,0,0,0,0,0,0,0,0,0,0
22.25000000000009,0,0,0,0,0,0,0,0,0,0,0
22.30000000000009,0,0,0,0,0,0,0,0,0,0,0
22.35000000000009,0,0,0,0,0,0,0,0,0,0,0
22.40000000000009,0,0,0,0,0,0,0,0,0,0,0
22.45000000000009,0,0,0,0,0,0,0,0,0,0,0
22.500000000000092,0,0,0,0,0,0,0,0,0,0,0
22.550000000000093,0,0,0,0,0,0,0,0,0,0,0
22.600000000000094,0,0,0,0,0,0,0,0,0,0,0
22.650000000000095,0,0,0,0,0,0,0,0,0,0,0
22.700000000000095,0,0,0,0,0,0,0,0,0,0,0
22.750000000000096,0,0,0,0,0,0,0,0,0,0,0
22.800000000000097,0,0,0,0,0,0,0,0,0,0,0
22.850000000000097,0,0,0,0,0,0,0,0,0,0,0
22.900000000000098,0,0,0,0,0,0,0,0,0,0,0
22.9500000000001,0,0,0,0,0,0,0,0,0,0,0
23.0000000000001,0,0,0,0,0,0,0,0,0,0,0
23.0500000000001,0,0,0,0,0,0,0,0,0,0,0
23.1000000000001,0,0,0,0,0,0,0,0,0,0,0
23.1500000000001,0,0,0,0,0,0,0,0,0,0,0
23.200000000000102,0,0,0,0,0,0,0,0,0,0,0
23.250000000000103,0,0,0,0,0,0,0,0,0,0,0
23.300000000000104,0,0,0,0,0,0,0,0,0,0,0
23.350000000000104,0,0,0,0,0,0,0,0,0,0,0
23.400000000000105,0,0,0,0,0,0,0,0,0,0,0
23.450000000000106,0,0,0,0,0,0,0,0,0,0,0
23.500000000000107,0,0,0,0,0,0,0,0,0,0,0
23.550000000000107,0,0,0,0,0,0,0,0,0,0,0
23.600000000000108,0,0,0,0,0,0,0,0,0,0,0
23.65000000000011,0,0,0,0,0,0,0,0,0,0,0
23.70000000000011,0,0,0,0,0,0,0,0,0,0,0
23.75000000000011,0,0,0,0,0,0,0,0,0,0,0
23.80000000000011,0,0,0,0,0,0,0,0,0,0,0
23.85000000000011,0,0,0,0,0,0,0,0,0,0,0
23.900000000000112,0,0,0,0,0,0,0,0,0,0,0
23.950000000000113,0,0,0,0,0,0,0,0,0,0,0
24.000000000000114,0,0,0,0,0,0,0,0,0,0,0
24.050000000000114,0,0,0,0,0,0,0,0,0,0,0
24.100000000000115,0,0,0,0,0,0,0,0,0,0,0
24.150000000000116,0,0,0,0,0,0,0,0,0,0,0
24.200000000000117,0,0,0,0,0,0,0,0,0,0,0
24.250000000000117,0,0,0,0,0,0,0,0,0,0,0
24.300000000000118,0,0,0,0,0,0,0,0,0,0,0
24.35000000000012,0,0,0,0,0,0,0,0,0,0,0
24.40000000000012,0,0,0,0,0,0,0,0,0,0,0
24.45000000000012,0,0,0,0,0,0,0,0,0,0,0
24.50000000000012,0,0,0,0,0,0,0,0,0,0,0
24.55000000000012,0,0,0,0,0,0,0,0,0,0,0
24.600000000000122,0,0,0,0,0,0,0,0,0,0,0
24.650000000000123,0,0,0,0,0,0,0,0,0,0,0
24.700000000000124,0,0,0,0,0,0,0,0,0,0,0
24.750000000000124,0,0,0,0,0,0,0,0,0,0,0
24.800000000000125,0,0,0,0,0,0,0,0,0,0,0
24.850000000000126,0,0,0,0,0,0,0,0,0,0,0
24.900000000000126,0,0,0,0,0,0,0,0,0,0,0
24.950000000000127,0,0,0,0,0,0,0,0,0,0,0
25.000000000000128,0,0,0,0,0,0,0,0,0,0,0
25.05000000000013,0,0,0,0,0,0,0,0,0,0,0
25.10000000000013,0,0,0,0,0,0,0,0,0,0,0
25.15000000000013,0,0,0,0,0,0,0,0,0,0,0
25.20000000000013,0,0,0,0,0,0,0,0,0,0,0
25.25000000000013,0,0,0,0,0,0,0,0,0,0,0
25.300000000000132,0,0,0,0,0,0,0,0,0,0,0
25.350000000000133,0,0,0,0,0,0,0,0,0,0,0
25.400000000000134,0,0,0,0,0,0,0,0,0,0,0
25.450000000000134,0,0,0,0,0,0,0,0,0,0,0
25.500000000000135,0,0,0,0,0,0,0,0,0,0,0
25.550000000000136,0,0,0,0,0,0,0,0,0,0,0
25.600000000000136,0,0,0,0,0,0,0,0,0,0,0
25.650000000000137,0,0,0,0,0,0,0,0,0,0,0
25.700000000000138,0,0,0,0,0,0,0,0,0,0,0
25.75000000000014,0,0,0,0,0,0,0,0,0,0,0
25.80000000000014,0,0,0,0,0,0,0,0,0,0,0
25.85000000000014,0,0,0,0,0,0,0,0,0,0,0
25.90000000000014,0,0,0,0,0,0,0,0,0,0,0
25.95000000000014,0,0,0,0,0,0,0,0,0,0,0
26.000000000000142,0,0,0,0,0,0,0,0,0,0,0
26.050000000000143,0,0,0,0,0,0,0,0,0,0,0
26.100000000000144,0,0,0,0,0,0,0,0,0,0,0
26.150000000000144,0,0,0,0,0,0,0,0,0,0,0
26.200000000000145,0,0,0,0,0,0,0,0,0,0,0
26.250000000000146,0,0,0,0,0,0,0,0,0,0,0
26.300000000000146,0,0,0,0,0,0,0,0,0,0,0
26.350000000000147,0,0,0,0,0,0,0,0,0,0,0
26.400000000000148,0,0,0,0,0,0,0,0,0,0,0
26.45000000000015,0,0,0,0,0,0,0,0,0,0,0
26.50000000000015,0,0,0,0,0,0,0,0,0,0,0
26.55000000000015,0,0,0,0,0,0,0,0,0,0,0
26.60000000000015,0,0,0,0,0,0,0,0,0,0,0
26.65000000000015,0,0,0,0,0,0,0,0,0,0,0
26.700000000000152,0,0,0,0,0,0,0,0,0,0,0
26.750000000000153,0,0,0,0,0,0,0,0,0,0,0
26.800000000000153,0,0,0,0,0,0,0,0,0,0,0
26.850000000000154,0,0,0,0,0,0,0,0,0,0,0
26.900000000000155,0,0,0,0,0,0,0,0,0,0,0
26.950000000000156,0,0,0,0,0,0,0,0,0,0,0
27.000000000000156,0,0,0,0,0,0,0,0,0,0,0
27.050000000000157,0,0,0,0,0,0,0,0,0,0,0
27.100000000000158,0,0,0,0,0,0,0,0,0,0,0
27.15000000000016,0,0,0,0,0,0,0,0,0,0,0
27.20000000000016,0,0,0,0,0,0,0,0,0,0,0
27.25000000000016,0,0,0,0,0,0,0,0,0,0,0
27.30000000000016,0,0,0,0,0,0,0,0,0,0,0
27.35000000000016,0,0,0,0,0,0,0,0,0,0,0
27.400000000000162,0,0,0,0,0,0,0,0,0,0,0
27.450000000000163,0,0,0,0,0,0,0,0,0,0,0
27.500000000000163,0,0,0,0,0,0,0,0,0,0,0
27.550000000000164,0,0,0,0,0,0,0,0,0,0,0
27.600000000000165,0,0,0,0,0,0,0,0,0,0,0
27.650000000000166,0,0,0,0,0,0,0,0,0,0,0
27.700000000000166,0,0,0,0,0,0,0,0,0,0,0
27.750000000000167,0,0,0,0,0,0,0,0,0,0,0
27.800000000000168,0,0,0,0,0,0,0,0,0,0,0
27.85000000000017,0,0,0,0,0,0,0,0,0,0,0
27.90000000000017,0,0,0,0,0,0,0,0,0,0,0
27.95000000000017,0,0,0,0,0,0,0,0,0,0,0
28.00000000000017,0,0,0,0,0,0,0,0,0,0,0
28.05000000000017,0,0,0,0,0,0,0,0,0,0,0
28.100000000000172,0,0,0,0,0,0,0,0,0,0,0
28.150000000000173,0,0,0,0,0,0,0,0,0,0,0
28.200000000000173,0,0,0,0,0,0,0,0,0,0,0
28.250000000000174,0,0,0,0,0,0,0,0,0,0,0
28.300000000000175,0,0,0,0,0,0,0,0,0,0,0
28.350000000000176,0,0,0,0,0,0,0,0,0,0,0
28.400000000000176,0,0,0,0,0,0,0,0,0,0,0
28.450000000000177,0,0,0,0,0,0,0,0,0,0,0
28.500000000000178,0,0,0,0,0,0,0,0,0,0,0
28.55000000000018,0,0,0,0,0,0,0,0,0,0,0
28.60000000000018,0,0,0,0,0,0,0,0,0,0,0
28.65000000000018,0,0,0,0,0,0,0,0,0,0,0
28.70000000000018,0,0,0,0,0,0,0,0,0,0,0
28.75000000000018,0,0,0,0,0,0,0,0,0,0,0
28.800000000000182,0,0,0,0,0,0,0,0,0,0,0
28.850000000000183,0,0,0,0,0,0,0,0,0,0,0
28.900000000000183,0,0,0,0,0,0,0,0,0,0,0
28.950000000000184,0,0,0,0,0,0,0,0,0,0,0
29.000000000000185,0,0,0,0,0,0,0,0,0,0,0
29.050000000000185,0,0,0,0,0,0,0,0,0,0,0
29.100000000000186,0,0,0,0,0,0,0,0,0,0,0
29.150000000000187,0,0,0,0,0,0,0,0,0,0,0
29.200000000000188,0,0,0,0,0,0,0,0,0,0,0
29.25000000000019,0,0,0,0,0,0,0,0,0,0,0
29.30000000000019,0,0,0,0,0,0,0,0,0,0,0
29.35000000000019,0,0,0,0,0,0,0,0,0,0,0
29.40000000000019,0,0,0,0,0,0,0,0,0,0,0
29.45000000000019,0,0,0,0,0,0,0,0,0,0,0
29.500000000000192,0,0,0,0,0,0,0,0,0,0,0
29.550000000000193,0,0,0,0,0,0,0,0,0,0,0
29.600000000000193,0,0,0,0,0,0,0,0,0,0,0
29.650000000000194,0,0,0,0,0,0,0,0,0,0,0
29.700000000000195,0,0,0,0,0,0,0,0,0,0,0
29.750000000000195,0,0,0,0,0,0,0,0,0,0,0
29.800000000000196,0,0,0,0,0,0,0,0,0,0,0
29.850000000000197,0,0,0,0,0,0,0,0,0,0,0
29.900000000000198,0,0,0,0,0,0,0,0,0,0,0
29.9500000000002,0,0,0,0,0,0,0,0,0,0,0
30.0000000000002,0,0,0,0,0,0,0,0,0,0,0
30.0500000000002,0,0,0,0,0,0,0,0,0,0,0
30.1000000000002,0,0,0,0,0,0,0,0,0,0,0
30.1500000000002,0,0,0,0,0,0,0,0,0,0,0
30.200000000000202,0,0,0,0,0,0,0,0,0,0,0
30.250000000000203,0,0,0,0,0,0,0,0,0,0,0
30.300000000000203,0,0,0,0,0,0,0,0,0,0,0
30.350000000000204,0,0,0,0,0,0,0,0,0,0,0
30.400000000000205,0,0,0,0,0,0,0,0,0,0,0
30.450000000000205,0,0,0,0,0,0,0,0,0,0,0
30.500000000000206,0,0,0,0,0,0,0,0,0,0,0
30.550000000000207,0,0,0,0,0,0,0,0,0,0,0
30.600000000000207,0,0,0,0,0,0,0,0,0,0,0
30.650000000000208,0,0,0,0,0,0,0,0,0,0,0
30.70000000000021,0,0,0,0,0,0,0,0,0,0,0
30.75000000000021,0,0,0,0,0,0,0,0,0,0,0
30.80000000000021,0,0,0,0,0,0,0,0,0,0,0
30.85000000000021,0,0,0,0,0,0,0,0,0,0,0
30.90000000000021,0,0,0,0,0,0,0,0,0,0,0
30.950000000000212,0,0,0,0,0,0,0,0,0,0,0
31.000000000000213,0,0,0,0,0,0,0,0,0,0,0
31.050000000000214,0,0,0,0,0,0,0,0,0,0,0
31.100000000000215,0,0,0,0,0,0,0,0,0,0,0
31.150000000000215,0,0,0,0,0,0,0,0,0,0,0
31.200000000000216,0,0,0,0,0,0,0,0,0,0,0
31.250000000000217,0,0,0,0,0,0,0,0,0,0,0
31.300000000000217,0,0,0,0,0,0,0,0,0,0,0
31.350000000000218,0,0,0,0,0,0,0,0,0,0,0
31.40000000000022,0,0,0,0,0,0,0,0,0,0,0
31.45000000000022,0,0,0,0,0,0,0,0,0,0,0
31.50000000000022,0,0,0,0,0,0,0,0,0,0,0
31.55000000000022,0,0,0,0,0,0,0,0,0,0,0
31.60000000000022,0,0,0,0,0,0,0,0,0,0,0
31.650000000000222,0,0,0,0,0,0,0,0,0,0,0
31.700000000000223,0,0,0,0,0,0,0,0,0,0,0
31.750000000000224,0,0,0,0,0,0,0,0,0,0,0
31.800000000000225,0,0,0,0,0,0,0,0,0,0,0
31.850000000000225,0,0,0,0,0,0,0,0,0,0,0
31.900000000000226,0,0,0,0,0,0,0,0,0,0,0
31.950000000000227,0,0,0,0,0,0,0,0,0,0,0
*****
16,0.05,1000,0.6,1,10,100,0.85,1.0,0.85,1.0,0.1
16,1000,242,394,91,394,0,0,0,0,0,0
16.05,1118,258,499,104,499,0,0,0,0,0,0
16.1,1114,201,448,133,448,0,0,0,0,0,0
16.150000000000002,1020,138,435,147,435,0,0,0,0,0,0
16.200000000000003,1081,119,439,182,439,0,0,0,0,0,0
16.250000000000004,1028,156,439,183,439,0,0,0,0,0,0
16.300000000000004,1044,225,433,181,433,0,0,0,0,0,0
16.350000000000005,1055,230,437,204,437,0,0,0,0,0,0
16.400000000000006,1050,173,397,200,397,0,0,0,0,0,0
16.450000000000006,1049,120,425,213,425,0,0,0,0,0,0
16.500000000000007,1090,120,435,267,435,0,0,0,0,0,0
16.550000000000008,1031,112,416,268,416,0,0,0,0,0,0
16.60000000000001,1102,168,462,275,462,0,0,0,0,0,0
16.65000000000001,1059,161,417,272,417,0,0,0,0,0,0
16.70000000000001,1037,139,427,217,427,0,0,0,0,0,0
16.75000000000001,1104,121,441,239,441,0,0,0,0,0,0
16.80000000000001,1079,90,458,218,458,0,0,0,0,0,0
16.850000000000012,1019,59,420,201,420,0,0,0,0,0,0
16.900000000000013,1037,64,426,158,426,0,0,0,0,0,0
16.950000000000014,1050,69,454,119,454,0,0,0,0,0,0
17.000000000000014,1042,72,441,94,441,0,0,0,0,0,0
17.050000000000015,1103,56,433,139,433,0,0,0,0,0,0
17.100000000000016,1037,34,417,122,417,0,0,0,0,0,0
17.150000000000016,1083,43,424,122,424,0,0,0,0,0,0
17.200000000000017,1039,25,419,147,419,0,0,0,0,0,0
17.250000000000018,1073,11,397,158,397,0,0,0,0,0,0
17.30000000000002,996,12,361,129,361,0,0,0,0,0,0
17.35000000000002,1050,16,389,121,389,0,0,0,0,0,0
17.40000000000002,1089,13,369,101,369,0,0,0,0,0,0
17.45000000000002,1075,10,338,61,338,0,0,0,0,0,0
17.50000000000002,1032,2,300,38,300,0,0,0,0,0,0
17.550000000000022,1062,7,284,36,284,0,0,0,0,0,0
17.600000000000023,1077,3,254,33,254,0,0,0,0,0,0
17.650000000000023,1092,2,263,34,263,0,0,0,0,0,0
17.700000000000024,1033,2,214,31,214,0,0,0,0,0,0
17.750000000000025,1063,2,189,30,189,0,0,0,0,0,0
17.800000000000026,1024,1,176,12,176,0,0,0,0,0,0
17.850000000000026,1048,1,165,14,165,0,0,0,0,0,0
17.900000000000027,1068,0,142,11,142,0,0,0,0,0,0
17.950000000000028,1089,0,110,4,110,0,0,0,0,0,0
18.00000000000003,1100,0,94,5,94,0,0,0,0,0,0
18.05000000000003,1061,0,72,7,72,0,0,0,0,0,0
18.10000000000003,1074,0,62,2,62,0,0,0,0,0,0
18.15000000000003,1040,0,54,2,54,0,0,0,0,0,0
18.20000000000003,1052,0,45,2,45,0,0,0,0,0,0
18.250000000000032,1076,0,39,1,39,0,0,0,0,0,0
18.300000000000033,1031,0,29,2,29,0,0,0,0,0,0
18.350000000000033,1055,0,23,0,23,0,0,0,0,0,0
18.400000000000034,1032,0,9,1,9,0,0,0,0,0,0
18.450000000000035,1048,0,18,0,18,0,0,0,0,0,0
18.500000000000036,1040,0,17,1,17,0,0,0,0,0,0
18.550000000000036,1060,0,6,1,6,0,0,0,0,0,0
18.600000000000037,1071,0,4,0,4,0,0,0,0,0,0
18.650000000000038,1098,0,2,0,2,0,0,0,0,0,0
18.70000000000004,1050,0,2,0,2,0,0,0,0,0,0
18.75000000000004,1042,0,0,0,0,0,0,0,0,0,0
18.80000000000004,1021,0,1,0,1,0,0,0,0,0,0
18.85000000000004,1067,0,1,0,1,0,0,0,0,0,0
18.90000000000004,1004,0,0,0,0,0,0,0,0,0,0
18.950000000000042,1060,0,0,0,0,0,0,0,0,0,0
19.000000000000043,1031,0,1,0,1,0,0,0,0,0,0
19.050000000000043,1014,0,0,0,0,0,0,0,0,0,0
19.100000000000044,1025,0,0,0,0,0,0,0,0,0,0
19.150000000000045,1046,0,0,0,0,0,0,0,0,0,0
19.200000000000045,973,0,0,0,0,0,0,0,0,0,0
19.250000000000046,943,0,0,0,0,0,0,0,0,0,0
19.300000000000047,884,0,0,0,0,0,0,0,0,0,0
19.350000000000048,831,0,0,0,0,0,0,0,0,0,0
19.40000000000005,656,0,0,0,0,0,0,0,0,0,0
19.45000000000005,633,0,0,0,0,0,0,0,0,0,0
19.50000000000005,591,0,0,0,0,0,0,0,0,0,0
19.55000000000005,488,0,0,0,0,0,0,0,0,0,0
19.60000000000005,387,0,0,0,0,0,0,0,0,0,0
19.650000000000052,316,0,0,0,0,0,0,0,0,0,0
19.700000000000053,224,0,0,0,0,0,0,0,0,0,0
19.750000000000053,190,0,0,0,0,0,0,0,0,0,0
19.800000000000054,146,0,0,0,0,0,0,0,0,0,0
19.850000000000055,68,0,0,0,0,0,0,0,0,0,0
19.900000000000055,2,0,0,0,0,0,0,0,0,0,0
19.950000000000056,1,0,0,0,0,0,0,0,0,0,0
20.000000000000057,5,0,0,0,0,0,0,0,0,0,0
20.050000000000058,0,0,0,0,0,0,0,0,0,0,0
20.10000000000006,0,0,0,0,0,0,0,0,0,0,0
20.15000000000006,0,0,0,0,0,0,0,0,0,0,0
20.20000000000006,0,0,0,0,0,0,0,0,0,0,0
20.25000000000006,0,0,0,0,0,0,0,0,0,0,0
20.30000000000006,0,0,0,0,0,0,0,0,0,0,0
20.350000000000062,0,0,0,0,0,0,0,0,0,0,0
20.400000000000063,0,0,0,0,0,0,0,0,0,0,0
20.450000000000063,0,0,0,0,0,0,0,0,0,0,0
20.500000000000064,0,0,0,0,0,0,0,0,0,0,0
20.550000000000065,0,0,0,0,0,0,0,0,0,0,0
20.600000000000065,0,0,0,0,0,0,0,0,0,0,0
20.650000000000066,0,0,0,0,0,0,0,0,0,0,0
20.700000000000067,0,0,0,0,0,0,0,0,0,0,0
20.750000000000068,0,0,0,0,0,0,0,0,0,0,0
20.800000000000068,0,0,0,0,0,0,0,0,0,0,0
20.85000000000007,0,0,0,0,0,0,0,0,0,0,0
20.90000000000007,0,0,0,0,0,0,0,0,0,0,0
20.95000000000007,0,0,0,0,0,0,0,0,0,0,0
21.00000000000007,0,0,0,0,0,0,0,0,0,0,0
21.05000000000007,0,0,0,0,0,0,0,0,0,0,0
21.100000000000072,0,0,0,0,0,0,0,0,0,0,0
21.150000000000073,0,0,0,0,0,0,0,0,0,0,0
21.200000000000074,0,0,0,0,0,0,0,0,0,0,0
21.250000000000075,0,0,0,0,0,0,0,0,0,0,0
21.300000000000075,0,0,0,0,0,0,0,0,0,0,0
21.350000000000076,0,0,0,0,0,0,0,0,0,0,0
21.400000000000077,0,0,0,0,0,0,0,0,0,0,0
21.450000000000077,0,0,0,0,0,0,0,0,0,0,0
21.500000000000078,0,0,0,0,0,0,0,0,0,0,0
21.55000000000008,0,0,0,0,0,0,0,0,0,0,0
21.60000000000008,0,0,0,0,0,0,0,0,0,0,0
21.65000000000008,0,0,0,0,0,0,0,0,0,0,0
21.70000000000008,0,0,0,0,0,0,0,0,0,0,0
21.75000000000008,0,0,0,0,0,0,0,0,0,0,0
21.800000000000082,0,0,0,0,0,0,0,0,0,0,0
21.850000000000083,0,0,0,0,0,0,0,0,0,0,0
21.900000000000084,0,0,0,0,0,0,0,0,0,0,0
21.950000000000085,0,0,0,0,0,0,0,0,0,0,0
22.000000000000085,0,0,0,0,0,0,0,0,0,0,0
22.050000000000086,0,0,0,0,0,0,0,0,0,0,0
22.100000000000087,0,0,0,0,0,0,0,0,0,0,0
22.150000000000087,0,0,0,0,0,0,0,0,0,0,0
22.200000000000088,0,0,0,0,0,0,0,0,0,0,0
22.25000000000009,0,0,0,0,0,0,0,0,0,0,0
22.30000000000009,0,0,0,0,0,0,0,0,0,0,0
22.35000000000009,0,0,0,0,0,0,0,0,0,0,0
22.40000000000009,0,0,0,0,0,0,0,0,0,0,0
22.45000000000009,0,0,0,0,0,0,0,0,0,0,0
22.500000000000092,0,0,0,0,0,0,0,0,0,0,0
22.550000000000093,0,0,0,0,0,0,0,0,0,0,0
22.600000000000094,0,0,0,0,0,0,0,0,0,0,0
22.650000000000095,0,0,0,0,0,0,0,0,0,0,0
22.700000000000095,0,0,0,0,0,0,0,0,0,0,0
22.750000000000096,0,0,0,0,0,0,0,0,0,0,0
22.800000000000097,0,0,0,0,0,0,0,0,0,0,0
22.850000000000097,0,0,0,0,0,0,0,0,0,0,0
22.900000000000098,0,0,0,0,0,0,0,0,0,0,0
22.9500000000001,0,0,0,0,0,0,0,0,0,0,0
23.0000000000001,0,0,0,0,0,0,0,0,0,0,0
23.0500000000001,0,0,0,0,0,0,0,0,0,0,0
23.1000000000001,0,0,0,0,0,0,0,0,0,0,0
23.1500000000001,0,0,0,0,0,0,0,0,0,0,0
23.200000000000102,0,0,0,0,0,0,0,0,0,0,0
23.250000000000103,0,0,0,0,0,0,0,0,0,0,0
23.300000000000104,0,0,0,0,0,0,0,0,0,0,0
23.350000000000104,0,0,0,0,0,0,0,0,0,0,0
23.400000000000105,0,0,0,0,0,0,0,0,0,0,0
23.450000000000106,0,0,0,0,0,0,0,0,0,0,0
23.500000000000107,0,0,0,0,0,0,0,0,0,0,0
23.550000000000107,0,0,0,0,0,0,0,0,0,0,0
23.600000000000108,0,0,0,0,0,0,0,0,0,0,0
23.65000000000011,0,0,0,0,0,0,0,0,0,0,0
23.70000000000011,0,0,0,0,0,0,0,0,0,0,0
23.75000000000011,0,0,0,0,0,0,0,0,0,0,0
23.80000000000011,0,0,0,0,0,0,0,0,0,0,0
23.85000000000011,0,0,0,0,0,0,0,0,0,0,0
23.900000000000112,0,0,0,0,0,0,0,0,0,0,0
23.950000000000113,0,0,0,0,0,0,0,0,0,0,0
24.000000000000114,0,0,0,0,0,0,0,0,0,0,0
24.050000000000114,0,0,0,0,0,0,0,0,0,0,0
24.100000000000115,0,0,0,0,0,0,0,0,0,0,0
24.150000000000116,0,0,0,0,0,0,0,0,0,0,0
24.200000000000117,0,0,0,0,0,0,0,0,0,0,0
24.250000000000117,0,0,0,0,0,0,0,0,0,0,0
24.300000000000118,0,0,0,0,0,0,0,0,0,0,0
24.35000000000012,0,0,0,0,0,0,0,0,0,0,0
24.40000000000012,0,0,0,0,0,0,0,0,0,0,0
24.45000000000012,0,0,0,0,0,0,0,0,0,0,0
24.50000000000012,0,0,0,0,0,0,0,0,0,0,0
24.55000000000012,0,0,0,0,0,0,0,0,0,0,0
24.600000000000122,0,0,0,0,0,0,0,0,0,0,0
24.650000000000123,0,0,0,0,0,0,0,0,0,0,0
24.700000000000124,0,0,0,0,0,0,0,0,0,0,0
24.750000000000124,0,0,0,0,0,0,0,0,0,0,0
24.800000000000125,0,0,0,0,0,0,0,0,0,0,0
24.850000000000126,0,0,0,0,0,0,0,0,0,0,0
24.900000000000126,0,0,0,0,0,0,0,0,0,0,0
24.950000000000127,0,0,0,0,0,0,0,0,0,0,0
25.000000000000128,0,0,0,0,0,0,0,0,0,0,0
25.05000000000013,0,0,0,0,0,0,0,0,0,0,0
25.10000000000013,0,0,0,0,0,0,0,0,0,0,0
25.15000000000013,0,0,0,0,0,0,0,0,0,0,0
25.20000000000013,0,0,0,0,0,0,0,0,0,0,0
25.25000000000013,0,0,0,0,0,0,0,0,0,0,0
25.300000000000132,0,0,0,0,0,0,0,0,0,0,0
25.350000000000133,0,0,0,0,0,0,0,0,0,0,0
25.400000000000134,0,0,0,0,0,0,0,0,0,0,0
25.450000000000134,0,0,0,0,0,0,0,0,0,0,0
25.500000000000135,0,0,0,0,0,0,0,0,0,0,0
25.550000000000136,0,0,0,0,0,0,0,0,0,0,0
25.600000000000136,0,0,0,0,0,0,0,0,0,0,0
25.650000000000137,0,0,0,0,0,0,0,0,0,0,0
25.700000000000138,0,0,0,0,0,0,0,0,0,0,0
25.75000000000014,0,0,0,0,0,0,0,0,0,0,0
25.80000000000014,0,0,0,0,0,0,0,0,0,0,0
25.85000000000014,0,0,0,0,0,0,0,0,0,0,0
25.90000000000014,0,0,0,0,0,0,0,0,0,0,0
25.95000000000014,0,0,0,0,0,0,0,0,0,0,0
26.000000000000142,0,0,0,0,0,0,0,0,0,0,0
26.050000000000143,0,0,0,0,0,0,0,0,0,0,0
26.100000000000144,0,0,0,0,0,0,0,0,0,0,0
26.150000000000144,0,0,0,0,0,0,0,0,0,0,0
26.200000000000145,0,0,0,0,0,0,0,0,0,0,0
26.250000000000146,0,0,0,0,0,0,0,0,0,0,0
26.300000000000146,0,0,0,0,0,0,0,0,0,0,0
26.350000000000147,0,0,0,0,0,0,0,0,0,0,0
26.400000000000148,0,0,0,0,0,0,0,0,0,0,0
26.45000000000015,0,0,0,0,0,0,0,0,0,0,0
26.50000000000015,0,0,0,0,0,0,0,0,0,0,0
26.55000000000015,0,0,0,0,0,0,0,0,0,0,0
26.60000000000015,0,0,0,0,0,0,0,0,0,0,0
26.65000000000015,0,0,0,0,0,0,0,0,0,0,0
26.700000000000152,0,0,0,0,0,0,0,0,0,0,0
26.750000000000153,0,0,0,0,0,0,0,0,0,0,0
26.800000000000153,0,0,0,0,0,0,0,0,0,0,0
26.850000000000154,0,0,0,0,0,0,0,0,0,0,0
26.900000000000155,0,0,0,0,0,0,0,0,0,0,0
26.950000000000156,0,0,0,0,0,0,0,0,0,0,0
27.000000000000156,0,0,0,0,0,0,0,0,0,0,0
27.050000000000157,0,0,0,0,0,0,0,0,0,0,0
27.100000000000158,0,0,0,0,0,0,0,0,0,0,0
27.15000000000016,0,0,0,0,0,0,0,0,0,0,0
27.20000000000016,0,0,0,0,0,0,0,0,0,0,0
27.25000000000016,0,0,0,0,0,0,0,0,0,0,0
27.30000000000016,0,0,0,0,0,0,0,0,0,0,0
27.35000000000016,0,0,0,0,0,0,0,0,0,0,0
27.400000000000162,0,0,0,0,0,0,0,0,0,0,0
27.450000000000163,0,0,0,0,0,0,0,0,0,0,0
27.500000000000163,0,0,0,0,0,0,0,0,0,0,0
27.550000000000164,0,0,0,0,0,0,0,0,0,0,0
27.600000000000165,0,0,0,0,0,0,0,0,0,0,0
27.650000000000166,0,0,0,0,0,0,0,0,0,0,0
27.700000000000166,0,0,0,0,0,0,0,0,0,0,0
27.750000000000167,0,0,0,0,0,0,0,0,0,0,0
27.800000000000168,0,0,0,0,0,0,0,0,0,0,0
27.85000000000017,0,0,0,0,0,0,0,0,0,0,0
27.90000000000017,0,0,0,0,0,0,0,0,0,0,0
27.95000000000017,0,0,0,0,0,0,0,0,0,0,0
28.00000000000017,0,0,0,0,0,0,0,0,0,0,0
28.05000000000017,0,0,0,0,0,0,0,0,0,0,0
28.100000000000172,0,0,0,0,0,0,0,0,0,0,0
28.150000000000173,0,0,0,0,0,0,0,0,0,0,0
28.200000000000173,0,0,0,0,0,0,0,0,0,0,0
28.250000000000174,0,0,0,0,0,0,0,0,0,0,0
28.300000000000175,0,0,0,0,0,0,0,0,0,0,0
28.350000000000176,0,0,0,0,0,0,0,0,0,0,0
28.400000000000176,0,0,0,0,0,0,0,0,0,0,0
28.450000000000177,0,0,0,0,0,0,0,0,0,0,0
28.500000000000178,0,0,0,0,0,0,0,0,0,0,0
28.55000000000018,0,0,0,0,0,0,0,0,0,0,0
28.60000000000018,0,0,0,0,0,0,0,0,0,0,0
28.65000000000018,0,0,0,0,0,0,0,0,0,0,0
28.70000000000018,0,0,0,0,0,0,0,0,0,0,0
28.75000000000018,0,0,0,0,0,0,0,0,0,0,0
28.800000000000182,0,0,0,0,0,0,0,0,0,0,0
28.850000000000183,0,0,0,0,0,0,0,0,0,0,0
28.900000000000183,0,0,0,0,0,0,0,0,0,0,0
28.950000000000184,0,0,0,0,0,0,0,0,0,0,0
29.000000000000185,0,0,0,0,0,0,0,0,0,0,0
29.050000000000185,0,0,0,0,0,0,0,0,0,0,0
29.100000000000186,0,0,0,0,0,0,0,0,0,0,0
29.150000000000187,0,0,0,0,0,0,0,0,0,0,0
29.200000000000188,0,0,0,0,0,0,0,0,0,0,0
29.25000000000019,0,0,0,0,0,0,0,0,0,0,0
29.30000000000019,0,0,0,0,0,0,0,0,0,0,0
29.35000000000019,0,0,0,0,0,0,0,0,0,0,0
29.40000000000019,0,0,0,0,0,0,0,0,0,0,0
29.45000000000019,0,0,0,0,0,0,0,0,0,0,0
29.500000000000192,0,0,0,0,0,0,0,0,0,0,0
29.550000000000193,0,0,0,0,0,0,0,0,0,0,0
29.600000000000193,0,0,0,0,0,0,0,0,0,0,0
29.650000000000194,0,0,0,0,0,0,0,0,0,0,0
29.700000000000195,0,0,0,0,0,0,0,0,0,0,0
29.750000000000195,0,0,0,0,0,0,0,0,0,0,0
29.800000000000196,0,0,0,0,0,0,0,0,0,0,0
29.850000000000197,0,0,0,0,0,0,0,0,0,0,0
29.900000000000198,0,0,0,0,0,0,0,0,0,0,0
29.9500000000002,0,0,0,0,0,0,0,0,0,0,0
30.0000000000002,0,0,0,0,0,0,0,0,0,0,0
30.0500000000002,0,0,0,0,0,0,0,0,0,0,0
30.1000000000002,0,0,0,0,0,0,0,0,0,0,0
30.1500000000002,0,0,0,0,0,0,0,0,0,0,0
30.200000000000202,0,0,0,0,0,0,0,0,0,0,0
30.250000000000203,0,0,0,0,0,0,0,0,0,0,0
30.300000000000203,0,0,0,0,0,0,0,0,0,0,0
30.350000000000204,0,0,0,0,0,0,0,0,0,0,0
30.400000000000205,0,0,0,0,0,0,0,0,0,0,0
30.450000000000205,0,0,0,0,0,0,0,0,0,0,0
30.500000000000206,0,0,0,0,0,0,0,0,0,0,0
30.550000000000207,0,0,0,0,0,0,0,0,0,0,0
30.600000000000207,0,0,0,0,0,0,0,0,0,0,0
30.650000000000208,0,0,0,0,0,0,0,0,0,0,0
30.70000000000021,0,0,0,0,0,0,0,0,0,0,0
30.75000000000021,0,0,0,0,0,0,0,0,0,0,0
30.80000000000021,0,0,0,0,0,0,0,0,0,0,0
30.85000000000021,0,0,0,0,0,0,0,0,0,0,0
30.90000000000021,0,0,0,0,0,0,0,0,0,0,0
30.950000000000212,0,0,0,0,0,0,0,0,0,0,0
31.000000000000213,0,0,0,0,0,0,0,0,0,0,0
31.050000000000214,0,0,0,0,0,0,0,0,0,0,0
31.100000000000215,0,0,0,0,0,0,0,0,0,0,0
31.150000000000215,0,0,0,0,0,0,0,0,0,0,0
31.200000000000216,0,0,0,0,0,0,0,0,0,0,0
31.250000000000217,0,0,0,0,0,0,0,0,0,0,0
31.300000000000217,0,0,0,0,0,0,0,0,0,0,0
31.350000000000218,0,0,0,0,0,0,0,0,0,0,0
31.40000000000022,0,0,0,0,0,0,0,0,0,0,0
31.45000000000022,0,0,0,0,0,0,0,0,0,0,0
31.50000000000022,0,0,0,0,0,0,0,0,0,0,0
31.55000000000022,0,0,0,0,0,0,0,0,0,0,0
31.60000000000022,0,0,0,0,0,0,0,0,0,0,0
31.650000000000222,0,0,0,0,0,0,0,0,0,0,0
31.700000000000223,0,0,0,0,0,0,0,0,0,0,0
31.750000000000224,0,0,0,0,0,0,0,0,0,0,0
31.800000000000225,0,0,0,0,0,0,0,0,0,0,0
31.850000000000225,0,0,0,0,0,0,0,0,0,0,0
31.900000000000226,0,0,0,0,0,0,0,0,0,0,0
31.950000000000227,0,0,0,0,0,0,0,0,0,0,0
