*****
16,0.05,1000,0,1,10,100,0.85,1.0,0.85,1.0,0.01
16,1000,1000,1000,946,1000,0,0,0,0,0,0
16.05,1072,1072,1072,1005,1072,0,0,0,0,0,0
16.1,1034,1034,1034,986,1034,0,0,0,0,0,0
16.150000000000002,1032,1032,1032,994,1032,0,0,0,0,0,0
16.200000000000003,1023,1023,1023,977,1023,0,0,0,0,0,0
16.250000000000004,1048,1048,1048,1007,1048,0,0,0,0,0,0
16.300000000000004,1046,1046,1046,1002,1046,0,0,0,0,0,0
16.350000000000005,1071,1071,1071,1028,1071,0,0,0,0,0,0
16.400000000000006,1031,1031,1031,984,1031,0,0,0,0,0,0
16.450000000000006,1051,1051,1051,1009,1051,0,0,0,0,0,0
16.500000000000007,1032,1032,1032,986,1032,0,0,0,0,0,0
16.550000000000008,1001,1001,1001,961,1001,0,0,0,0,0,0
16.60000000000001,1021,1021,1021,973,1021,0,0,0,0,0,0
16.65000000000001,1029,1029,1029,987,1029,0,0,0,0,0,0
16.70000000000001,1012,1012,1012,970,1012,0,0,0,0,0,0
16.75000000000001,1029,1029,1029,979,1029,0,0,0,0,0,0
16.80000000000001,1028,1028,1028,950,1028,0,0,0,0,0,0
16.850000000000012,1083,1083,1083,1019,1083,0,0,0,0,0,0
16.900000000000013,998,998,998,933,998,0,0,0,0,0,0
16.950000000000014,1070,1070,1070,990,1070,0,0,0,0,0,0
17.000000000000014,1007,1007,1007,926,1007,0,0,0,0,0,0
17.050000000000015,995,995,995,907,995,0,0,0,0,0,0
17.100000000000016,1006,1006,1006,903,1006,0,0,0,0,0,0
17.150000000000016,975,975,975,882,975,0,0,0,0,0,0
17.200000000000017,1021,1021,1021,899,1021,0,0,0,0,0,0
17.250000000000018,1015,1015,1015,886,1015,0,0,0,0,0,0
17.30000000000002,1080,1080,1080,912,1080,0,0,0,0,0,0
17.35000000000002,1023,1023,1023,866,1023,0,0,0,0,0,0
17.40000000000002,1007,1007,1007,829,1007,0,0,0,0,0,0
17.45000000000002,1048,1048,1048,837,1048,0,0,0,0,0,0
17.50000000000002,1054,1053,1054,831,1054,0,0,0,0,0,0
17.550000000000022,1045,1045,1045,815,1045,0,0,0,0,0,0
17.600000000000023,1040,1040,1040,791,1040,0,0,0,0,0,0
17.650000000000023,1006,1006,1006,760,1006,0,0,0,0,0,0
17.700000000000024,1045,1045,1045,785,1045,0,0,0,0,0,0
17.750000000000025,1062,1061,1061,776,1061,0,0,0,0,0,0
17.800000000000026,992,992,992,704,992,0,0,0,0,0,0
17.850000000000026,981,981,981,692,981,0,0,0,0,0,0
17.900000000000027,1033,1032,1033,707,1033,0,0,0,0,0,0
17.950000000000028,975,974,975,664,975,0,0,0,0,0,0
18.00000000000003,1037,1037,1037,704,1037,0,0,0,0,0,0
18.05000000000003,1009,1007,1008,638,1008,0,0,0,0,0,0
18.10000000000003,1005,1005,1005,645,1005,0,0,0,0,0,0
18.15000000000003,1029,1028,1028,619,1028,0,0,0,0,0,0
18.20000000000003,1057,1055,1055,609,1055,0,0,0,0,0,0
18.250000000000032,1062,1059,1059,609,1059,0,0,0,0,0,0
18.300000000000033,1044,1039,1041,630,1041,0,0,0,0,0,0
18.350000000000033,996,992,992,560,992,0,0,0,0,0,0
18.400000000000034,1010,1006,1008,555,1008,0,0,0,0,0,0
18.450000000000035,1034,1029,1033,540,1033,0,0,0,0,0,0
18.500000000000036,1024,1020,1020,535,1020,0,0,0,0,0,0
18.550000000000036,1096,1086,1089,540,1089,0,0,0,0,0,0
18.600000000000037,1008,1001,1001,512,1001,0,0,0,0,0,0
18.650000000000038,1002,995,995,483,995,0,0,0,0,0,0
18.70000000000004,1038,1022,1025,472,1025,0,0,0,0,0,0
18.75000000000004,938,929,931,453,931,0,0,0,0,0,0
18.80000000000004,1029,1013,1018,428,1018,0,0,0,0,0,0
18.85000000000004,990,973,977,432,977,0,0,0,0,0,0
18.90000000000004,1061,1037,1043,445,1043,0,0,0,0,0,0
18.950000000000042,1089,1055,1060,454,1060,0,0,0,0,0,0
19.000000000000043,1004,966,972,349,972,0,0,0,0,0,0
19.050000000000043,1037,999,1004,371,1004,0,0,0,0,0,0
19.100000000000044,1057,995,1004,341,1004,0,0,0,0,0,0
19.150000000000045,1023,967,976,382,976,0,0,0,0,0,0
19.200000000000045,1056,1002,1012,326,1012,0,0,0,0,0,0
19.250000000000046,1084,1013,1022,363,1022,0,0,0,0,0,0
19.300000000000047,980,903,913,307,913,0,0,0,0,0,0
19.350000000000048,1083,1011,1022,328,1022,0,0,0,0,0,0
19.40000000000005,1088,997,1011,331,1011,0,0,0,0,0,0
19.45000000000005,964,863,876,289,876,0,0,0,0,0,0
19.50000000000005,1059,965,971,280,971,0,0,0,0,0,0
19.55000000000005,1045,926,943,294,943,0,0,0,0,0,0
19.60000000000005,982,840,856,255,856,0,0,0,0,0,0
19.650000000000052,980,840,851,242,851,0,0,0,0,0,0
19.700000000000053,996,836,849,223,849,0,0,0,0,0,0
19.750000000000053,1055,884,899,263,899,0,0,0,0,0,0
19.800000000000054,935,732,750,190,750,0,0,0,0,0,0
19.850000000000055,1005,801,818,212,818,0,0,0,0,0,0
19.900000000000055,1066,833,850,206,850,0,0,0,0,0,0
19.950000000000056,1041,804,827,225,827,0,0,0,0,0,0
20.000000000000057,1044,791,810,233,810,0,0,0,0,0,0
20.050000000000058,1020,762,782,196,782,0,0,0,0,0,0
20.10000000000006,1022,730,761,158,761,0,0,0,0,0,0
20.15000000000006,1079,731,749,168,749,0,0,0,0,0,0
20.20000000000006,1062,718,741,137,741,0,0,0,0,0,0
20.25000000000006,1056,680,708,157,708,0,0,0,0,0,0
20.30000000000006,1083,647,669,148,669,0,0,0,0,0,0
20.350000000000062,963,572,597,121,597,0,0,0,0,0,0
20.400000000000063,1031,609,632,130,632,0,0,0,0,0,0
20.450000000000063,1003,547,576,110,576,0,0,0,0,0,0
20.500000000000064,1019,523,556,111,556,0,0,0,0,0,0
20.550000000000065,1036,521,555,119,555,0,0,0,0,0,0
20.600000000000065,1028,483,506,101,506,0,0,0,0,0,0
20.650000000000066,1041,524,548,107,548,0,0,0,0,0,0
20.700000000000067,1052,488,511,89,511,0,0,0,0,0,0
20.750000000000068,1004,423,451,97,451,0,0,0,0,0,0
20.800000000000068,1058,404,420,89,420,0,0,0,0,0,0
20.85000000000007,1088,415,432,80,432,0,0,0,0,0,0
20.90000000000007,1021,370,391,89,391,0,0,0,0,0,0
20.95000000000007,1066,363,377,70,377,0,0,0,0,0,0
21.00000000000007,1021,339,360,69,360,0,0,0,0,0,0
21.05000000000007,1053,344,365,89,365,0,0,0,0,0,0
21.100000000000072,1052,292,313,69,313,0,0,0,0,0,0
21.150000000000073,1051,293,313,62,313,0,0,0,0,0,0
21.200000000000074,1069,247,273,55,273,0,0,0,0,0,0
21.250000000000075,1041,242,257,51,257,0,0,0,0,0,0
21.300000000000075,1032,226,245,53,245,0,0,0,0,0,0
21.350000000000076,964,202,215,54,215,0,0,0,0,0,0
21.400000000000077,963,182,198,44,198,0,0,0,0,0,0
21.450000000000077,1033,189,206,46,206,0,0,0,0,0,0
21.500000000000078,1050,174,189,48,189,0,0,0,0,0,0
21.55000000000008,1024,146,155,33,155,0,0,0,0,0,0
21.60000000000008,1022,140,155,27,155,0,0,0,0,0,0
21.65000000000008,1051,114,128,29,128,0,0,0,0,0,0
21.70000000000008,1068,126,132,23,132,0,0,0,0,0,0
21.75000000000008,1036,91,103,21,103,0,0,0,0,0,0
21.800000000000082,1051,98,101,22,101,0,0,0,0,0,0
21.850000000000083,1014,90,100,22,100,0,0,0,0,0,0
21.900000000000084,1016,78,83,10,83,0,0,0,0,0,0
21.950000000000085,988,73,77,22,77,0,0,0,0,0,0
22.000000000000085,978,66,72,14,72,0,0,0,0,0,0
22.050000000000086,1033,45,48,8,48,0,0,0,0,0,0
22.100000000000087,1044,53,57,12,57,0,0,0,0,0,0
22.150000000000087,1035,36,39,12,39,0,0,0,0,0,0
22.200000000000088,961,37,37,8,37,0,0,0,0,0,0
22.25000000000009,1007,34,36,11,36,0,0,0,0,0,0
22.30000000000009,983,27,29,10,29,0,0,0,0,0,0
22.35000000000009,1044,32,34,11,34,0,0,0,0,0,0
22.40000000000009,1021,26,31,4,31,0,0,0,0,0,0
22.45000000000009,1065,19,20,7,20,0,0,0,0,0,0
22.500000000000092,984,20,23,8,23,0,0,0,0,0,0
22.550000000000093,989,16,17,4,17,0,0,0,0,0,0
22.600000000000094,1026,11,14,4,14,0,0,0,0,0,0
22.650000000000095,946,14,15,3,15,0,0,0,0,0,0
22.700000000000095,1036,16,16,3,16,0,0,0,0,0,0
22.750000000000096,995,9,9,3,9,0,0,0,0,0,0
22.800000000000097,987,11,11,3,11,0,0,0,0,0,0
22.850000000000097,936,10,12,3,12,0,0,0,0,0,0
22.900000000000098,938,9,11,4,11,0,0,0,0,0,0
22.9500000000001,1028,5,5,2,5,0,0,0,0,0,0
23.0000000000001,978,4,5,1,5,0,0,0,0,0,0
23.0500000000001,967,2,2,0,2,0,0,0,0,0,0
23.1000000000001,979,4,4,0,4,0,0,0,0,0,0
23.1500000000001,1017,3,4,2,4,0,0,0,0,0,0
23.200000000000102,968,1,1,0,1,0,0,0,0,0,0
23.250000000000103,873,0,0,0,0,0,0,0,0,0,0
23.300000000000104,833,2,2,1,2,0,0,0,0,0,0
23.350000000000104,830,1,1,0,1,0,0,0,0,0,0
23.400000000000105,735,0,0,0,0,0,0,0,0,0,0
23.450000000000106,765,2,2,1,2,0,0,0,0,0,0
23.500000000000107,791,0,0,0,0,0,0,0,0,0,0
23.550000000000107,703,1,1,0,1,0,0,0,0,0,0
23.600000000000108,645,0,0,0,0,0,0,0,0,0,0
23.65000000000011,571,0,0,1,0,0,0,0,0,0,0
23.70000000000011,559,0,0,0,0,0,0,0,0,0,0
23.75000000000011,507,0,0,0,0,0,0,0,0,0,0
23.80000000000011,413,0,0,0,0,0,0,0,0,0,0
23.85000000000011,411,0,0,0,0,0,0,0,0,0,0
23.900000000000112,355,0,0,0,0,0,0,0,0,0,0
23.950000000000113,288,0,0,0,0,0,0,0,0,0,0
24.000000000000114,299,0,0,0,0,0,0,0,0,0,0
24.050000000000114,206,0,0,0,0,0,0,0,0,0,0
24.100000000000115,128,0,0,0,0,0,0,0,0,0,0
24.150000000000116,114,0,0,0,0,0,0,0,0,0,0
24.200000000000117,99,0,0,0,0,0,0,0,0,0,0
24.250000000000117,82,0,0,0,0,0,0,0,0,0,0
24.300000000000118,84,0,0,0,0,0,0,0,0,0,0
24.35000000000012,59,0,0,0,0,0,0,0,0,0,0
24.40000000000012,41,0,0,0,0,0,0,0,0,0,0
24.45000000000012,29,0,0,0,0,0,0,0,0,0,0
24.50000000000012,20,0,0,0,0,0,0,0,0,0,0
24.55000000000012,10,0,0,0,0,0,0,0,0,0,0
24.600000000000122,2,0,0,0,0,0,0,0,0,0,0
24.650000000000123,1,0,0,0,0,0,0,0,0,0,0
24.700000000000124,0,0,0,0,0,0,0,0,0,0,0
24.750000000000124,0,0,0,0,0,0,0,0,0,0,0
24.800000000000125,0,0,0,0,0,0,0,0,0,0,0
24.850000000000126,0,0,0,0,0,0,0,0,0,0,0
24.900000000000126,0,0,0,0,0,0,0,0,0,0,0
24.950000000000127,0,0,0,0,0,0,0,0,0,0,0
25.000000000000128,0,0,0,0,0,0,0,0,0,0,0
25.05000000000013,0,0,0,0,0,0,0,0,0,0,0
25.10000000000013,0,0,0,0,0,0,0,0,0,0,0
25.15000000000013,0,0,0,0,0,0,0,0,0,0,0
25.20000000000013,0,0,0,0,0,0,0,0,0,0,0
25.25000000000013,0,0,0,0,0,0,0,0,0,0,0
25.300000000000132,0,0,0,0,0,0,0,0,0,0,0
25.350000000000133,0,0,0,0,0,0,0,0,0,0,0
25.400000000000134,0,0,0,0,0,0,0,0,0,0,0
25.450000000000134,0,0,0,0,0,0,0,0,0,0,0
25.500000000000135,0,0,0,0,0,0,0,0,0,0,0
25.550000000000136,0,0,0,0,0,0,0,0,0,0,0
25.600000000000136,0,0,0,0,0,0,0,0,0,0,0
25.650000000000137,0,0,0,0,0,0,0,0,0,0,0
25.700000000000138,0,0,0,0,0,0,0,0,0,0,0
25.75000000000014,0,0,0,0,0,0,0,0,0,0,0
25.80000000000014,0,0,0,0,0,0,0,0,0,0,0
25.85000000000014,0,0,0,0,0,0,0,0,0,0,0
25.90000000000014,0,0,0,0,0,0,0,0,0,0,0
25.95000000000014,0,0,0,0,0,0,0,0,0,0,0
26.000000000000142,0,0,0,0,0,0,0,0,0,0,0
26.050000000000143,0,0,0,0,0,0,0,0,0,0,0
26.100000000000144,0,0,0,0,0,0,0,0,0,0,0
26.150000000000144,0,0,0,0,0,0,0,0,0,0,0
26.200000000000145,0,0,0,0,0,0,0,0,0,0,0
26.250000000000146,0,0,0,0,0,0,0,0,0,0,0
26.300000000000146,0,0,0,0,0,0,0,0,0,0,0
26.350000000000147,0,0,0,0,0,0,0,0,0,0,0
26.400000000000148,0,0,0,0,0,0,0,0,0,0,0
26.45000000000015,0,0,0,0,0,0,0,0,0,0,0
26.50000000000015,0,0,0,0,0,0,0,0,0,0,0
26.55000000000015,0,0,0,0,0,0,0,0,0,0,0
26.60000000000015,0,0,0,0,0,0,0,0,0,0,0
26.65000000000015,0,0,0,0,0,0,0,0,0,0,0
26.700000000000152,0,0,0,0,0,0,0,0,0,0,0
26.750000000000153,0,0,0,0,0,0,0,0,0,0,0
26.800000000000153,0,0,0,0,0,0,0,0,0,0,0
26.850000000000154,0,0,0,0,0,0,0,0,0,0,0
26.900000000000155,0,0,0,0,0,0,0,0,0,0,0
26.950000000000156,0,0,0,0,0,0,0,0,0,0,0
27.000000000000156,0,0,0,0,0,0,0,0,0,0,0
27.050000000000157,0,0,0,0,0,0,0,0,0,0,0
27.100000000000158,0,0,0,0,0,0,0,0,0,0,0
27.15000000000016,0,0,0,0,0,0,0,0,0,0,0
27.20000000000016,0,0,0,0,0,0,0,0,0,0,0
27.25000000000016,0,0,0,0,0,0,0,0,0,0,0
27.30000000000016,0,0,0,0,0,0,0,0,0,0,0
27.35000000000016,0,0,0,0,0,0,0,0,0,0,0
27.400000000000162,0,0,0,0,0,0,0,0,0,0,0
27.450000000000163,0,0,0,0,0,0,0,0,0,0,0
27.500000000000163,0,0,0,0,0,0,0,0,0,0,0
27.550000000000164,0,0,0,0,0,0,0,0,0,0,0
27.600000000000165,0,0,0,0,0,0,0,0,0,0,0
27.650000000000166,0,0,0,0,0,0,0,0,0,0,0
27.700000000000166,0,0,0,0,0,0,0,0,0,0,0
27.750000000000167,0,0,0,0,0,0,0,0,0,0,0
27.800000000000168,0,0,0,0,0,0,0,0,0,0,0
27.85000000000017,0,0,0,0,0,0,0,0,0,0,0
27.90000000000017,0,0,0,0,0,0,0,0,0,0,0
27.95000000000017,0,0,0,0,0,0,0,0,0,0,0
28.00000000000017,0,0,0,0,0,0,0,0,0,0,0
28.05000000000017,0,0,0,0,0,0,0,0,0,0,0
28.100000000000172,0,0,0,0,0,0,0,0,0,0,0
28.150000000000173,0,0,0,0,0,0,0,0,0,0,0
28.200000000000173,0,0,0,0,0,0,0,0,0,0,0
28.250000000000174,0,0,0,0,0,0,0,0,0,0,0
28.300000000000175,0,0,0,0,0,0,0,0,0,0,0
28.350000000000176,0,0,0,0,0,0,0,0,0,0,0
28.400000000000176,0,0,0,0,0,0,0,0,0,0,0
28.450000000000177,0,0,0,0,0,0,0,0,0,0,0
28.500000000000178,0,0,0,0,0,0,0,0,0,0,0
28.55000000000018,0,0,0,0,0,0,0,0,0,0,0
28.60000000000018,0,0,0,0,0,0,0,0,0,0,0
28.65000000000018,0,0,0,0,0,0,0,0,0,0,0
28.70000000000018,0,0,0,0,0,0,0,0,0,0,0
28.75000000000018,0,0,0,0,0,0,0,0,0,0,0
28.800000000000182,0,0,0,0,0,0,0,0,0,0,0
28.850000000000183,0,0,0,0,0,0,0,0,0,0,0
28.900000000000183,0,0,0,0,0,0,0,0,0,0,0
28.950000000000184,0,0,0,0,0,0,0,0,0,0,0
29.000000000000185,0,0,0,0,0,0,0,0,0,0,0
29.050000000000185,0,0,0,0,0,0,0,0,0,0,0
29.100000000000186,0,0,0,0,0,0,0,0,0,0,0
29.150000000000187,0,0,0,0,0,0,0,0,0,0,0
29.200000000000188,0,0,0,0,0,0,0,0,0,0,0
29.25000000000019,0,0,0,0,0,0,0,0,0,0,0
29.30000000000019,0,0,0,0,0,0,0,0,0,0,0
29.35000000000019,0,0,0,0,0,0,0,0,0,0,0
29.40000000000019,0,0,0,0,0,0,0,0,0,0,0
29.45000000000019,0,0,0,0,0,0,0,0,0,0,0
29.500000000000192,0,0,0,0,0,0,0,0,0,0,0
29.550000000000193,0,0,0,0,0,0,0,0,0,0,0
29.600000000000193,0,0,0,0,0,0,0,0,0,0,0
29.650000000000194,0,0,0,0,0,0,0,0,0,0,0
29.700000000000195,0,0,0,0,0,0,0,0,0,0,0
29.750000000000195,0,0,0,0,0,0,0,0,0,0,0
29.800000000000196,0,0,0,0,0,0,0,0,0,0,0
29.850000000000197,0,0,0,0,0,0,0,0,0,0,0
29.900000000000198,0,0,0,0,0,0,0,0,0,0,0
29.9500000000002,0,0,0,0,0,0,0,0,0,0,0
30.0000000000002,0,0,0,0,0,0,0,0,0,0,0
30.0500000000002,0,0,0,0,0,0,0,0,0,0,0
30.1000000000002,0,0,0,0,0,0,0,0,0,0,0
30.1500000000002,0,0,0,0,0,0,0,0,0,0,0
30.200000000000202,0,0,0,0,0,0,0,0,0,0,0
30.250000000000203,0,0,0,0,0,0,0,0,0,0,0
30.300000000000203,0,0,0,0,0,0,0,0,0,0,0
30.350000000000204,0,0,0,0,0,0,0,0,0,0,0
30.400000000000205,0,0,0,0,0,0,0,0,0,0,0
30.450000000000205,0,0,0,0,0,0,0,0,0,0,0
30.500000000000206,0,0,0,0,0,0,0,0,0,0,0
30.550000000000207,0,0,0,0,0,0,0,0,0,0,0
30.600000000000207,0,0,0,0,0,0,0,0,0,0,0
30.650000000000208,0,0,0,0,0,0,0,0,0,0,0
30.70000000000021,0,0,0,0,0,0,0,0,0,0,0
30.75000000000021,0,0,0,0,0,0,0,0,0,0,0
30.80000000000021,0,0,0,0,0,0,0,0,0,0,0
30.85000000000021,0,0,0,0,0,0,0,0,0,0,0
30.90000000000021,0,0,0,0,0,0,0,0,0,0,0
30.950000000000212,0,0,0,0,0,0,0,0,0,0,0
31.000000000000213,0,0,0,0,0,0,0,0,0,0,0
31.050000000000214,0,0,0,0,0,0,0,0,0,0,0
31.100000000000215,0,0,0,0,0,0,0,0,0,0,0
31.150000000000215,0,0,0,0,0,0,0,0,0,0,0
31.200000000000216,0,0,0,0,0,0,0,0,0,0,0
31.250000000000217,0,0,0,0,0,0,0,0,0,0,0
31.300000000000217,0,0,0,0,0,0,0,0,0,0,0
31.350000000000218,0,0,0,0,0,0,0,0,0,0,0
31.40000000000022,0,0,0,0,0,0,0,0,0,0,0
31.45000000000022,0,0,0,0,0,0,0,0,0,0,0
31.50000000000022,0,0,0,0,0,0,0,0,0,0,0
31.55000000000022,0,0,0,0,0,0,0,0,0,0,0
31.60000000000022,0,0,0,0,0,0,0,0,0,0,0
31.650000000000222,0,0,0,0,0,0,0,0,0,0,0
31.700000000000223,0,0,0,0,0,0,0,0,0,0,0
31.750000000000224,0,0,0,0,0,0,0,0,0,0,0
31.800000000000225,0,0,0,0,0,0,0,0,0,0,0
31.850000000000225,0,0,0,0,0,0,0,0,0,0,0
31.900000000000226,0,0,0,0,0,0,0,0,0,0,0
31.950000000000227,0,0,0,0,0,0,0,0,0,0,0
*****
16,0.05,1000,0,0.4,10,100,0.85,1.0,0.85,1.0,0.01
16,1000,1000,1000,1000,1000,0,0,0,0,0,0
16.05,1018,1018,1018,1018,1018,0,0,0,0,0,0
16.1,959,959,959,959,959,0,0,0,0,0,0
16.150000000000002,1030,1030,1030,1030,1030,0,0,0,0,0,0
16.200000000000003,1005,1005,1005,1005,1005,0,0,0,0,0,0
16.250000000000004,996,996,996,996,996,0,0,0,0,0,0
16.300000000000004,996,996,996,996,996,0,0,0,0,0,0
16.350000000000005,1029,1029,1029,1029,1029,0,0,0,0,0,0
16.400000000000006,986,986,986,986,986,0,0,0,0,0,0
16.450000000000006,1063,1063,1063,1063,1063,0,0,0,0,0,0
16.500000000000007,936,936,936,936,936,0,0,0,0,0,0
16.550000000000008,1002,1002,1002,1002,1002,0,0,0,0,0,0
16.60000000000001,988,988,988,988,988,0,0,0,0,0,0
16.65000000000001,969,969,969,969,969,0,0,0,0,0,0
16.70000000000001,1001,1001,1001,1001,1001,0,0,0,0,0,0
16.75000000000001,1010,1010,1010,1010,1010,0,0,0,0,0,0
16.80000000000001,974,974,974,974,974,0,0,0,0,0,0
16.850000000000012,1033,1033,1033,1033,1033,0,0,0,0,0,0
16.900000000000013,938,938,938,938,938,0,0,0,0,0,0
16.950000000000014,999,999,999,999,999,0,0,0,0,0,0
17.000000000000014,1011,1011,1011,1011,1011,0,0,0,0,0,0
17.050000000000015,986,986,986,986,986,0,0,0,0,0,0
17.100000000000016,998,998,998,998,998,0,0,0,0,0,0
17.150000000000016,993,993,993,993,993,0,0,0,0,0,0
17.200000000000017,1077,1077,1077,1077,1077,0,0,0,0,0,0
17.250000000000018,925,925,925,925,925,0,0,0,0,0,0
17.30000000000002,992,992,992,992,992,0,0,0,0,0,0
17.35000000000002,957,957,957,957,957,0,0,0,0,0,0
17.40000000000002,990,990,990,990,990,0,0,0,0,0,0
17.45000000000002,1020,1020,1020,1020,1020,0,0,0,0,0,0
17.50000000000002,1058,1058,1058,1058,1058,0,0,0,0,0,0
17.550000000000022,992,992,992,992,992,0,0,0,0,0,0
17.600000000000023,965,965,965,965,965,0,0,0,0,0,0
17.650000000000023,980,980,980,980,980,0,0,0,0,0,0
17.700000000000024,994,994,994,994,994,0,0,0,0,0,0
17.750000000000025,1031,1031,1031,1031,1031,0,0,0,0,0,0
17.800000000000026,1011,1011,1011,1011,1011,0,0,0,0,0,0
17.850000000000026,1002,1002,1002,1002,1002,0,0,0,0,0,0
17.900000000000027,1009,1009,1009,1009,1009,0,0,0,0,0,0
17.950000000000028,942,942,942,942,942,0,0,0,0,0,0
18.00000000000003,960,960,960,960,960,0,0,0,0,0,0
18.05000000000003,1001,1001,1001,1001,1001,0,0,0,0,0,0
18.10000000000003,1020,1020,1020,1020,1020,0,0,0,0,0,0
18.15000000000003,1038,1038,1038,1038,1038,0,0,0,0,0,0
18.20000000000003,964,964,964,964,964,0,0,0,0,0,0
18.250000000000032,997,997,997,997,997,0,0,0,0,0,0
18.300000000000033,946,946,946,946,946,0,0,0,0,0,0
18.350000000000033,960,960,960,960,960,0,0,0,0,0,0
18.400000000000034,986,986,986,986,986,0,0,0,0,0,0
18.450000000000035,999,999,999,999,999,0,0,0,0,0,0
18.500000000000036,1047,1047,1047,1047,1047,0,0,0,0,0,0
18.550000000000036,995,995,995,995,995,0,0,0,0,0,0
18.600000000000037,978,978,978,978,978,0,0,0,0,0,0
18.650000000000038,1000,1000,1000,1000,1000,0,0,0,0,0,0
18.70000000000004,981,981,981,981,981,0,0,0,0,0,0
18.75000000000004,951,951,951,951,951,0,0,0,0,0,0
18.80000000000004,955,955,955,955,955,0,0,0,0,0,0
18.85000000000004,1018,1018,1018,1018,1018,0,0,0,0,0,0
18.90000000000004,1011,1011,1011,1011,1011,0,0,0,0,0,0
18.950000000000042,983,983,983,983,983,0,0,0,0,0,0
19.000000000000043,1004,1004,1004,1004,1004,0,0,0,0,0,0
19.050000000000043,1019,1019,1019,1019,1019,0,0,0,0,0,0
19.100000000000044,946,946,946,946,946,0,0,0,0,0,0
19.150000000000045,1018,1018,1018,1018,1018,0,0,0,0,0,0
19.200000000000045,979,979,979,979,979,0,0,0,0,0,0
19.250000000000046,986,986,986,986,986,0,0,0,0,0,0
19.300000000000047,968,968,968,968,968,0,0,0,0,0,0
19.350000000000048,1013,1013,1013,1013,1013,0,0,0,0,0,0
19.40000000000005,1004,1004,1004,1004,1004,0,0,0,0,0,0
19.45000000000005,1015,1015,1015,1015,1015,0,0,0,0,0,0
19.50000000000005,1004,1004,1004,1004,1004,0,0,0,0,0,0
19.55000000000005,959,959,959,959,959,0,0,0,0,0,0
19.60000000000005,1022,1022,1022,1022,1022,0,0,0,0,0,0
19.650000000000052,975,975,975,975,975,0,0,0,0,0,0
19.700000000000053,973,973,973,973,973,0,0,0,0,0,0
19.750000000000053,997,997,997,997,997,0,0,0,0,0,0
19.800000000000054,969,969,969,969,969,0,0,0,0,0,0
19.850000000000055,970,970,970,970,970,0,0,0,0,0,0
19.900000000000055,1035,1035,1035,1035,1035,0,0,0,0,0,0
19.950000000000056,1044,1044,1044,1044,1044,0,0,0,0,0,0
20.000000000000057,1006,1006,1006,1006,1006,0,0,0,0,0,0
20.050000000000058,1002,1002,1002,1002,1002,0,0,0,0,0,0
20.10000000000006,987,987,987,987,987,0,0,0,0,0,0
20.15000000000006,982,982,982,982,982,0,0,0,0,0,0
20.20000000000006,1036,1036,1036,1036,1036,0,0,0,0,0,0
20.25000000000006,1008,1008,1008,1008,1008,0,0,0,0,0,0
20.30000000000006,999,999,999,999,999,0,0,0,0,0,0
20.350000000000062,970,970,970,970,970,0,0,0,0,0,0
20.400000000000063,971,971,971,971,971,0,0,0,0,0,0
20.450000000000063,1054,1054,1054,1054,1054,0,0,0,0,0,0
20.500000000000064,1027,1027,1027,1027,1027,0,0,0,0,0,0
20.550000000000065,1018,1018,1018,1018,1018,0,0,0,0,0,0
20.600000000000065,948,948,948,948,948,0,0,0,0,0,0
20.650000000000066,989,989,989,989,989,0,0,0,0,0,0
20.700000000000067,970,970,970,970,970,0,0,0,0,0,0
20.750000000000068,989,989,989,989,989,0,0,0,0,0,0
20.800000000000068,976,976,976,976,976,0,0,0,0,0,0
20.85000000000007,952,952,952,952,952,0,0,0,0,0,0
20.90000000000007,1069,1069,1069,1069,1069,0,0,0,0,0,0
20.95000000000007,937,937,937,937,937,0,0,0,0,0,0
21.00000000000007,1025,1025,1025,1025,1025,0,0,0,0,0,0
21.05000000000007,1008,1008,1008,1008,1008,0,0,0,0,0,0
21.100000000000072,1011,1011,1011,1011,1011,0,0,0,0,0,0
21.150000000000073,988,988,988,988,988,0,0,0,0,0,0
21.200000000000074,985,985,985,985,985,0,0,0,0,0,0
21.250000000000075,1002,1002,1002,1002,1002,0,0,0,0,0,0
21.300000000000075,945,945,945,945,945,0,0,0,0,0,0
21.350000000000076,944,944,944,944,944,0,0,0,0,0,0
21.400000000000077,1025,1025,1025,1025,1025,0,0,0,0,0,0
21.450000000000077,1008,1008,1008,1008,1008,0,0,0,0,0,0
21.500000000000078,998,998,998,998,998,0,0,0,0,0,0
21.55000000000008,967,967,967,967,967,0,0,0,0,0,0
21.60000000000008,1025,1025,1025,1025,1025,0,0,0,0,0,0
21.65000000000008,997,997,997,997,997,0,0,0,0,0,0
21.70000000000008,975,975,975,975,975,0,0,0,0,0,0
21.75000000000008,992,992,992,992,992,0,0,0,0,0,0
21.800000000000082,1058,1058,1058,1058,1058,0,0,0,0,0,0
21.850000000000083,975,975,975,975,975,0,0,0,0,0,0
21.900000000000084,988,988,988,988,988,0,0,0,0,0,0
21.950000000000085,950,950,950,950,950,0,0,0,0,0,0
22.000000000000085,1030,1030,1030,1030,1030,0,0,0,0,0,0
22.050000000000086,1062,1062,1062,1062,1062,0,0,0,0,0,0
22.100000000000087,996,996,996,996,996,0,0,0,0,0,0
22.150000000000087,1013,1013,1013,1013,1013,0,0,0,0,0,0
22.200000000000088,931,931,931,931,931,0,0,0,0,0,0
22.25000000000009,950,950,950,950,950,0,0,0,0,0,0
22.30000000000009,992,992,992,992,992,0,0,0,0,0,0
22.35000000000009,1036,1036,1036,1036,1036,0,0,0,0,0,0
22.40000000000009,977,977,977,977,977,0,0,0,0,0,0
22.45000000000009,1026,1026,1026,1026,1026,0,0,0,0,0,0
22.500000000000092,1009,1009,1009,1009,1009,0,0,0,0,0,0
22.550000000000093,1007,1007,1007,1007,1007,0,0,0,0,0,0
22.600000000000094,971,971,971,971,971,0,0,0,0,0,0
22.650000000000095,977,977,977,977,977,0,0,0,0,0,0
22.700000000000095,1002,1002,1002,1002,1002,0,0,0,0,0,0
22.750000000000096,1008,1008,1008,1008,1008,0,0,0,0,0,0
22.800000000000097,981,981,981,981,981,0,0,0,0,0,0
22.850000000000097,963,963,963,963,963,0,0,0,0,0,0
22.900000000000098,1012,1012,1012,1012,1012,0,0,0,0,0,0
22.9500000000001,968,968,968,968,968,0,0,0,0,0,0
23.0000000000001,972,972,972,972,972,0,0,0,0,0,0
23.0500000000001,1013,1013,1013,1013,1013,0,0,0,0,0,0
23.1000000000001,1004,1004,1004,1004,1004,0,0,0,0,0,0
23.1500000000001,1038,1038,1038,1038,1038,0,0,0,0,0,0
23.200000000000102,991,991,991,991,991,0,0,0,0,0,0
23.250000000000103,956,956,956,956,956,0,0,0,0,0,0
23.300000000000104,991,991,991,991,991,0,0,0,0,0,0
23.350000000000104,985,985,985,985,985,0,0,0,0,0,0
23.400000000000105,1015,1015,1015,1015,1015,0,0,0,0,0,0
23.450000000000106,988,988,988,988,988,0,0,0,0,0,0
23.500000000000107,938,938,938,938,938,0,0,0,0,0,0
23.550000000000107,1013,1013,1013,1013,1013,0,0,0,0,0,0
23.600000000000108,1017,1017,1017,1017,1017,0,0,0,0,0,0
23.65000000000011,957,957,957,957,957,0,0,0,0,0,0
23.70000000000011,973,973,973,973,973,0,0,0,0,0,0
23.75000000000011,983,983,983,983,983,0,0,0,0,0,0
23.80000000000011,1001,1001,1001,1001,1001,0,0,0,0,0,0
23.85000000000011,1010,1010,1010,1010,1010,0,0,0,0,0,0
23.900000000000112,984,984,984,984,984,0,0,0,0,0,0
23.950000000000113,974,974,974,974,974,0,0,0,0,0,0
24.000000000000114,974,974,974,974,974,0,0,0,0,0,0
24.050000000000114,962,962,962,962,962,0,0,0,0,0,0
24.100000000000115,1066,1066,1066,1066,1066,0,0,0,0,0,0
24.150000000000116,985,985,985,985,985,0,0,0,0,0,0
24.200000000000117,1003,1003,1003,1003,1003,0,0,0,0,0,0
24.250000000000117,975,975,975,975,975,0,0,0,0,0,0
24.300000000000118,984,984,984,984,984,0,0,0,0,0,0
24.35000000000012,1002,1001,1001,1001,1001,0,0,0,0,0,0
24.40000000000012,988,980,980,981,980,0,0,0,0,0,0
24.45000000000012,965,949,950,953,950,0,0,0,0,0,0
24.50000000000012,1013,968,968,971,968,0,0,0,0,0,0
24.55000000000012,965,893,894,898,894,0,0,0,0,0,0
24.600000000000122,1026,857,859,870,859,0,0,0,0,0,0
24.650000000000123,959,693,695,719,695,0,0,0,0,0,0
24.700000000000124,961,560,562,592,562,0,0,0,0,0,0
24.750000000000124,993,422,426,452,426,0,0,0,0,0,0
24.800000000000125,998,310,313,331,313,0,0,0,0,0,0
24.850000000000126,997,194,196,214,196,0,0,0,0,0,0
24.900000000000126,1008,112,114,134,114,0,0,0,0,0,0
24.950000000000127,998,56,57,75,57,0,0,0,0,0,0
25.000000000000128,992,24,25,32,25,0,0,0,0,0,0
25.05000000000013,897,12,12,12,12,0,0,0,0,0,0
25.10000000000013,974,3,3,5,3,0,0,0,0,0,0
25.15000000000013,962,2,2,2,2,0,0,0,0,0,0
25.20000000000013,959,1,1,2,1,0,0,0,0,0,0
25.25000000000013,807,0,0,0,0,0,0,0,0,0,0
25.300000000000132,731,0,0,0,0,0,0,0,0,0,0
25.350000000000133,572,0,0,0,0,0,0,0,0,0,0
25.400000000000134,479,0,0,0,0,0,0,0,0,0,0
25.450000000000134,346,0,0,0,0,0,0,0,0,0,0
25.500000000000135,237,0,0,0,0,0,0,0,0,0,0
25.550000000000136,150,0,0,0,0,0,0,0,0,0,0
25.600000000000136,49,0,0,0,0,0,0,0,0,0,0
25.650000000000137,0,0,0,0,0,0,0,0,0,0,0
25.700000000000138,0,0,0,0,0,0,0,0,0,0,0
25.75000000000014,0,0,0,0,0,0,0,0,0,0,0
25.80000000000014,0,0,0,0,0,0,0,0,0,0,0
25.85000000000014,0,0,0,0,0,0,0,0,0,0,0
25.90000000000014,0,0,0,0,0,0,0,0,0,0,0
25.95000000000014,0,0,0,0,0,0,0,0,0,0,0
26.000000000000142,0,0,0,0,0,0,0,0,0,0,0
26.050000000000143,0,0,0,0,0,0,0,0,0,0,0
26.100000000000144,0,0,0,0,0,0,0,0,0,0,0
26.150000000000144,0,0,0,0,0,0,0,0,0,0,0
26.200000000000145,0,0,0,0,0,0,0,0,0,0,0
26.250000000000146,0,0,0,0,0,0,0,0,0,0,0
26.300000000000146,0,0,0,0,0,0,0,0,0,0,0
26.350000000000147,0,0,0,0,0,0,0,0,0,0,0
26.400000000000148,0,0,0,0,0,0,0,0,0,0,0
26.45000000000015,0,0,0,0,0,0,0,0,0,0,0
26.50000000000015,0,0,0,0,0,0,0,0,0,0,0
26.55000000000015,0,0,0,0,0,0,0,0,0,0,0
26.60000000000015,0,0,0,0,0,0,0,0,0,0,0
26.65000000000015,0,0,0,0,0,0,0,0,0,0,0
26.700000000000152,0,0,0,0,0,0,0,0,0,0,0
26.750000000000153,0,0,0,0,0,0,0,0,0,0,0
26.800000000000153,0,0,0,0,0,0,0,0,0,0,0
26.850000000000154,0,0,0,0,0,0,0,0,0,0,0
26.900000000000155,0,0,0,0,0,0,0,0,0,0,0
26.950000000000156,0,0,0,0,0,0,0,0,0,0,0
27.000000000000156,0,0,0,0,0,0,0,0,0,0,0
27.050000000000157,0,0,0,0,0,0,0,0,0,0,0
27.100000000000158,0,0,0,0,0,0,0,0,0,0,0
27.15000000000016,0,0,0,0,0,0,0,0,0,0,0
27.20000000000016,0,0,0,0,0,0,0,0,0,0,0
27.25000000000016,0,0,0,0,0,0,0,0,0,0,0
27.30000000000016,0,0,0,0,0,0,0,0,0,0,0
27.35000000000016,0,0,0,0,0,0,0,0,0,0,0
27.400000000000162,0,0,0,0,0,0,0,0,0,0,0
27.450000000000163,0,0,0,0,0,0,0,0,0,0,0
27.500000000000163,0,0,0,0,0,0,0,0,0,0,0
27.550000000000164,0,0,0,0,0,0,0,0,0,0,0
27.600000000000165,0,0,0,0,0,0,0,0,0,0,0
27.650000000000166,0,0,0,0,0,0,0,0,0,0,0
27.700000000000166,0,0,0,0,0,0,0,0,0,0,0
27.750000000000167,0,0,0,0,0,0,0,0,0,0,0
27.800000000000168,0,0,0,0,0,0,0,0,0,0,0
27.85000000000017,0,0,0,0,0,0,0,0,0,0,0
27.90000000000017,0,0,0,0,0,0,0,0,0,0,0
27.95000000000017,0,0,0,0,0,0,0,0,0,0,0
28.00000000000017,0,0,0,0,0,0,0,0,0,0,0
28.05000000000017,0,0,0,0,0,0,0,0,0,0,0
28.100000000000172,0,0,0,0,0,0,0,0,0,0,0
28.150000000000173,0,0,0,0,0,0,0,0,0,0,0
28.200000000000173,0,0,0,0,0,0,0,0,0,0,0
28.250000000000174,0,0,0,0,0,0,0,0,0,0,0
28.300000000000175,0,0,0,0,0,0,0,0,0,0,0
28.350000000000176,0,0,0,0,0,0,0,0,0,0,0
28.400000000000176,0,0,0,0,0,0,0,0,0,0,0
28.450000000000177,0,0,0,0,0,0,0,0,0,0,0
28.500000000000178,0,0,0,0,0,0,0,0,0,0,0
28.55000000000018,0,0,0,0,0,0,0,0,0,0,0
28.60000000000018,0,0,0,0,0,0,0,0,0,0,0
28.65000000000018,0,0,0,0,0,0,0,0,0,0,0
28.70000000000018,0,0,0,0,0,0,0,0,0,0,0
28.75000000000018,0,0,0,0,0,0,0,0,0,0,0
28.800000000000182,0,0,0,0,0,0,0,0,0,0,0
28.850000000000183,0,0,0,0,0,0,0,0,0,0,0
28.900000000000183,0,0,0,0,0,0,0,0,0,0,0
28.950000000000184,0,0,0,0,0,0,0,0,0,0,0
29.000000000000185,0,0,0,0,0,0,0,0,0,0,0
29.050000000000185,0,0,0,0,0,0,0,0,0,0,0
29.100000000000186,0,0,0,0,0,0,0,0,0,0,0
29.150000000000187,0,0,0,0,0,0,0,0,0,0,0
29.200000000000188,0,0,0,0,0,0,0,0,0,0,0
29.25000000000019,0,0,0,0,0,0,0,0,0,0,0
29.30000000000019,0,0,0,0,0,0,0,0,0,0,0
29.35000000000019,0,0,0,0,0,0,0,0,0,0,0
29.40000000000019,0,0,0,0,0,0,0,0,0,0,0
29.45000000000019,0,0,0,0,0,0,0,0,0,0,0
29.500000000000192,0,0,0,0,0,0,0,0,0,0,0
29.550000000000193,0,0,0,0,0,0,0,0,0,0,0
29.600000000000193,0,0,0,0,0,0,0,0,0,0,0
29.650000000000194,0,0,0,0,0,0,0,0,0,0,0
29.700000000000195,0,0,0,0,0,0,0,0,0,0,0
29.750000000000195,0,0,0,0,0,0,0,0,0,0,0
29.800000000000196,0,0,0,0,0,0,0,0,0,0,0
29.850000000000197,0,0,0,0,0,0,0,0,0,0,0
29.900000000000198,0,0,0,0,0,0,0,0,0,0,0
29.9500000000002,0,0,0,0,0,0,0,0,0,0,0
30.0000000000002,0,0,0,0,0,0,0,0,0,0,0
30.0500000000002,0,0,0,0,0,0,0,0,0,0,0
30.1000000000002,0,0,0,0,0,0,0,0,0,0,0
30.1500000000002,0,0,0,0,0,0,0,0,0,0,0
30.200000000000202,0,0,0,0,0,0,0,0,0,0,0
30.250000000000203,0,0,0,0,0,0,0,0,0,0,0
30.300000000000203,0,0,0,0,0,0,0,0,0,0,0
30.350000000000204,0,0,0,0,0,0,0,0,0,0,0
30.400000000000205,0,0,0,0,0,0,0,0,0,0,0
30.450000000000205,0,0,0,0,0,0,0,0,0,0,0
30.500000000000206,0,0,0,0,0,0,0,0,0,0,0
30.550000000000207,0,0,0,0,0,0,0,0,0,0,0
30.600000000000207,0,0,0,0,0,0,0,0,0,0,0
30.650000000000208,0,0,0,0,0,0,0,0,0,0,0
30.70000000000021,0,0,0,0,0,0,0,0,0,0,0
30.75000000000021,0,0,0,0,0,0,0,0,0,0,0
30.80000000000021,0,0,0,0,0,0,0,0,0,0,0
30.85000000000021,0,0,0,0,0,0,0,0,0,0,0
30.90000000000021,0,0,0,0,0,0,0,0,0,0,0
30.950000000000212,0,0,0,0,0,0,0,0,0,0,0
31.000000000000213,0,0,0,0,0,0,0,0,0,0,0
31.050000000000214,0,0,0,0,0,0,0,0,0,0,0
31.100000000000215,0,0,0,0,0,0,0,0,0,0,0
31.150000000000215,0,0,0,0,0,0,0,0,0,0,0
31.200000000000216,0,0,0,0,0,0,0,0,0,0,0
31.250000000000217,0,0,0,0,0,0,0,0,0,0,0
31.300000000000217,0,0,0,0,0,0,0,0,0,0,0
31.350000000000218,0,0,0,0,0,0,0,0,0,0,0
31.40000000000022,0,0,0,0,0,0,0,0,0,0,0
31.45000000000022,0,0,0,0,0,0,0,0,0,0,0
31.50000000000022,0,0,0,0,0,0,0,0,0,0,0
31.55000000000022,0,0,0,0,0,0,0,0,0,0,0
31.60000000000022,0,0,0,0,0,0,0,0,0,0,0
31.650000000000222,0,0,0,0,0,0,0,0,0,0,0
31.700000000000223,0,0,0,0,0,0,0,0,0,0,0
31.750000000000224,0,0,0,0,0,0,0,0,0,0,0
31.800000000000225,0,0,0,0,0,0,0,0,0,0,0
31.850000000000225,0,0,0,0,0,0,0,0,0,0,0
31.900000000000226,0,0,0,0,0,0,0,0,0,0,0
31.950000000000227,0,0,0,0,0,0,0,0,0,0,0
*****
16,0.05,1000,0.3,0.7,10,100,0.85,1.0,0.85,1.0,0.01
16,1000,1000,1000,1000,1000,0,0,0,0,0,0
16.05,1040,1040,1040,1040,1040,0,0,0,0,0,0
16.1,982,982,982,982,982,0,0,0,0,0,0
16.150000000000002,955,955,955,955,955,0,0,0,0,0,0
16.200000000000003,1005,1005,1005,1005,1005,0,0,0,0,0,0
16.250000000000004,1009,1009,1009,1009,1009,0,0,0,0,0,0
16.300000000000004,1048,1048,1048,1048,1048,0,0,0,0,0,0
16.350000000000005,1019,1019,1019,1019,1019,0,0,0,0,0,0
16.400000000000006,987,987,987,987,987,0,0,0,0,0,0
16.450000000000006,990,990,990,990,990,0,0,0,0,0,0
16.500000000000007,1009,1009,1009,1009,1009,0,0,0,0,0,0
16.550000000000008,1052,1052,1052,1052,1052,0,0,0,0,0,0
16.60000000000001,1011,1011,1011,1011,1011,0,0,0,0,0,0
16.65000000000001,1001,1001,1001,1001,1001,0,0,0,0,0,0
16.70000000000001,988,988,988,988,988,0,0,0,0,0,0
16.75000000000001,1015,1015,1015,1015,1015,0,0,0,0,0,0
16.80000000000001,1039,1039,1039,1039,1039,0,0,0,0,0,0
16.850000000000012,1024,1024,1024,1024,1024,0,0,0,0,0,0
16.900000000000013,1024,1024,1024,1024,1024,0,0,0,0,0,0
16.950000000000014,1048,1048,1048,1048,1048,0,0,0,0,0,0
17.000000000000014,1012,1012,1012,1012,1012,0,0,0,0,0,0
17.050000000000015,1009,1009,1009,1009,1009,0,0,0,0,0,0
17.100000000000016,948,948,948,948,948,0,0,0,0,0,0
17.150000000000016,1000,1000,1000,1000,1000,0,0,0,0,0,0
17.200000000000017,973,973,973,973,973,0,0,0,0,0,0
17.250000000000018,1057,1057,1057,1057,1057,0,0,0,0,0,0
17.30000000000002,1000,1000,1000,1000,1000,0,0,0,0,0,0
17.35000000000002,981,981,981,981,981,0,0,0,0,0,0
17.40000000000002,1034,1034,1034,1034,1034,0,0,0,0,0,0
17.45000000000002,982,982,982,982,982,0,0,0,0,0,0
17.50000000000002,1083,1083,1083,1083,1083,0,0,0,0,0,0
17.550000000000022,1039,1039,1039,1039,1039,0,0,0,0,0,0
17.600000000000023,1024,1024,1024,1024,1024,0,0,0,0,0,0
17.650000000000023,1039,1039,1039,1039,1039,0,0,0,0,0,0
17.700000000000024,977,977,977,977,977,0,0,0,0,0,0
17.750000000000025,1016,1016,1016,1016,1016,0,0,0,0,0,0
17.800000000000026,993,993,993,993,993,0,0,0,0,0,0
17.850000000000026,1037,1037,1037,1037,1037,0,0,0,0,0,0
17.900000000000027,997,997,997,997,997,0,0,0,0,0,0
17.950000000000028,1029,1029,1029,1029,1029,0,0,0,0,0,0
18.00000000000003,998,998,998,998,998,0,0,0,0,0,0
18.05000000000003,967,967,967,967,967,0,0,0,0,0,0
18.10000000000003,1049,1049,1049,1049,1049,0,0,0,0,0,0
18.15000000000003,1002,1002,1002,1002,1002,0,0,0,0,0,0
18.20000000000003,1015,1015,1015,1015,1015,0,0,0,0,0,0
18.250000000000032,996,996,996,996,996,0,0,0,0,0,0
18.300000000000033,998,998,998,998,998,0,0,0,0,0,0
18.350000000000033,1025,1025,1025,1025,1025,0,0,0,0,0,0
18.400000000000034,1037,1037,1037,1037,1037,0,0,0,0,0,0
18.450000000000035,1030,1030,1030,1030,1030,0,0,0,0,0,0
18.500000000000036,1031,1031,1031,1031,1031,0,0,0,0,0,0
18.550000000000036,1069,1069,1069,1069,1069,0,0,0,0,0,0
18.600000000000037,961,961,961,961,961,0,0,0,0,0,0
18.650000000000038,1022,1022,1022,1022,1022,0,0,0,0,0,0
18.70000000000004,976,976,976,976,976,0,0,0,0,0,0
18.75000000000004,977,977,977,977,977,0,0,0,0,0,0
18.80000000000004,989,989,989,989,989,0,0,0,0,0,0
18.85000000000004,1018,1018,1018,1018,1018,0,0,0,0,0,0
18.90000000000004,1042,1042,1042,1042,1042,0,0,0,0,0,0
18.950000000000042,1026,1026,1026,1026,1026,0,0,0,0,0,0
19.000000000000043,1036,1036,1036,1036,1036,0,0,0,0,0,0
19.050000000000043,1004,1004,1004,1004,1004,0,0,0,0,0,0
19.100000000000044,976,976,976,976,976,0,0,0,0,0,0
19.150000000000045,1061,1061,1061,1061,1061,0,0,0,0,0,0
19.200000000000045,1002,1002,1002,1002,1002,0,0,0,0,0,0
19.250000000000046,1019,1019,1019,1019,1019,0,0,0,0,0,0
19.300000000000047,1013,1013,1013,1013,1013,0,0,0,0,0,0
19.350000000000048,1016,1016,1016,1016,1016,0,0,0,0,0,0
19.40000000000005,983,983,983,983,983,0,0,0,0,0,0
19.45000000000005,980,980,980,980,980,0,0,0,0,0,0
19.50000000000005,1030,1030,1030,1030,1030,0,0,0,0,0,0
19.55000000000005,1043,1043,1043,1043,1043,0,0,0,0,0,0
19.60000000000005,1023,1023,1023,1023,1023,0,0,0,0,0,0
19.650000000000052,1029,1029,1029,1029,1029,0,0,0,0,0,0
19.700000000000053,1047,1047,1047,1047,1047,0,0,0,0,0,0
19.750000000000053,958,958,958,958,958,0,0,0,0,0,0
19.800000000000054,1038,1038,1038,1038,1038,0,0,0,0,0,0
19.850000000000055,954,954,954,954,954,0,0,0,0,0,0
19.900000000000055,1000,1000,1000,1000,1000,0,0,0,0,0,0
19.950000000000056,969,969,969,969,969,0,0,0,0,0,0
20.000000000000057,1038,1038,1038,1038,1038,0,0,0,0,0,0
20.050000000000058,995,995,995,995,995,0,0,0,0,0,0
20.10000000000006,1021,1021,1021,1021,1021,0,0,0,0,0,0
20.15000000000006,1061,1061,1061,1061,1061,0,0,0,0,0,0
20.20000000000006,1050,1050,1050,1050,1050,0,0,0,0,0,0
20.25000000000006,962,962,962,962,962,0,0,0,0,0,0
20.30000000000006,1043,1043,1043,1043,1043,0,0,0,0,0,0
20.350000000000062,982,982,982,982,982,0,0,0,0,0,0
20.400000000000063,1011,1011,1011,1011,1011,0,0,0,0,0,0
20.450000000000063,985,985,985,985,985,0,0,0,0,0,0
20.500000000000064,1043,1043,1043,1043,1043,0,0,0,0,0,0
20.550000000000065,1006,1006,1006,1006,1006,0,0,0,0,0,0
20.600000000000065,1006,1006,1006,1006,1006,0,0,0,0,0,0
20.650000000000066,978,978,978,978,978,0,0,0,0,0,0
20.700000000000067,1005,1005,1005,1005,1005,0,0,0,0,0,0
20.750000000000068,1047,1047,1047,1047,1047,0,0,0,0,0,0
20.800000000000068,1084,1084,1084,1084,1084,0,0,0,0,0,0
20.85000000000007,1010,1010,1010,1010,1010,0,0,0,0,0,0
20.90000000000007,1002,1002,1002,1002,1002,0,0,0,0,0,0
20.95000000000007,985,985,985,985,985,0,0,0,0,0,0
21.00000000000007,966,966,966,966,966,0,0,0,0,0,0
21.05000000000007,1034,1034,1034,1034,1034,0,0,0,0,0,0
21.100000000000072,1030,1030,1030,1030,1030,0,0,0,0,0,0
21.150000000000073,1007,1007,1007,1007,1007,0,0,0,0,0,0
21.200000000000074,1035,1035,1035,1035,1035,0,0,0,0,0,0
21.250000000000075,941,941,941,941,941,0,0,0,0,0,0
21.300000000000075,1012,1012,1012,1012,1012,0,0,0,0,0,0
21.350000000000076,1005,1005,1005,1005,1005,0,0,0,0,0,0
21.400000000000077,1038,1038,1038,1038,1038,0,0,0,0,0,0
21.450000000000077,1079,1079,1079,1079,1079,0,0,0,0,0,0
21.500000000000078,1001,1001,1001,1001,1001,0,0,0,0,0,0
21.55000000000008,997,997,997,997,997,0,0,0,0,0,0
21.60000000000008,984,984,984,984,984,0,0,0,0,0,0
21.65000000000008,1008,1008,1008,1008,1008,0,0,0,0,0,0
21.70000000000008,964,964,964,964,964,0,0,0,0,0,0
21.75000000000008,1042,1042,1042,1042,1042,0,0,0,0,0,0
21.800000000000082,1022,1022,1022,1022,1022,0,0,0,0,0,0
21.850000000000083,1030,1030,1030,1030,1030,0,0,0,0,0,0
21.900000000000084,1003,1003,1003,1003,1003,0,0,0,0,0,0
21.950000000000085,1025,1025,1025,1025,1025,0,0,0,0,0,0
22.000000000000085,978,978,978,978,978,0,0,0,0,0,0
22.050000000000086,1028,1028,1028,1028,1028,0,0,0,0,0,0
22.100000000000087,1016,1016,1016,1016,1016,0,0,0,0,0,0
22.150000000000087,979,979,979,979,979,0,0,0,0,0,0
22.200000000000088,1065,1065,1065,1065,1065,0,0,0,0,0,0
22.25000000000009,1029,1029,1029,1029,1029,0,0,0,0,0,0
22.30000000000009,1006,1006,1006,1006,1006,0,0,0,0,0,0
22.35000000000009,1017,1017,1017,1017,1017,0,0,0,0,0,0
22.40000000000009,971,971,971,971,971,0,0,0,0,0,0
22.45000000000009,1049,1049,1049,1049,1049,0,0,0,0,0,0
22.500000000000092,1045,1045,1045,1045,1045,0,0,0,0,0,0
22.550000000000093,949,949,949,949,949,0,0,0,0,0,0
22.600000000000094,1054,1054,1054,1054,1054,0,0,0,0,0,0
22.650000000000095,984,984,984,984,984,0,0,0,0,0,0
22.700000000000095,957,957,957,957,957,0,0,0,0,0,0
22.750000000000096,1043,1043,1043,1043,1043,0,0,0,0,0,0
22.800000000000097,1046,1046,1046,1046,1046,0,0,0,0,0,0
22.850000000000097,1038,1038,1038,1038,1038,0,0,0,0,0,0
22.900000000000098,1032,1032,1032,1032,1032,0,0,0,0,0,0
22.9500000000001,957,957,957,957,957,0,0,0,0,0,0
23.0000000000001,994,994,994,994,994,0,0,0,0,0,0
23.0500000000001,988,988,988,988,988,0,0,0,0,0,0
23.1000000000001,1067,1067,1067,1067,1067,0,0,0,0,0,0
23.1500000000001,1058,1058,1058,1058,1058,0,0,0,0,0,0
23.200000000000102,1001,1001,1001,1000,1001,0,0,0,0,0,0
23.250000000000103,1010,1010,1010,1010,1010,0,0,0,0,0,0
23.300000000000104,1015,1015,1015,1015,1015,0,0,0,0,0,0
23.350000000000104,974,974,974,974,974,0,0,0,0,0,0
23.400000000000105,996,996,996,996,996,0,0,0,0,0,0
23.450000000000106,1018,1018,1018,1018,1018,0,0,0,0,0,0
23.500000000000107,978,978,978,978,978,0,0,0,0,0,0
23.550000000000107,1019,1019,1019,1019,1019,0,0,0,0,0,0
23.600000000000108,1043,1043,1043,1043,1043,0,0,0,0,0,0
23.65000000000011,1009,1009,1009,1009,1009,0,0,0,0,0,0
23.70000000000011,987,987,987,987,987,0,0,0,0,0,0
23.75000000000011,1041,1041,1041,1040,1041,0,0,0,0,0,0
23.80000000000011,980,980,980,980,980,0,0,0,0,0,0
23.85000000000011,1008,1008,1008,1008,1008,0,0,0,0,0,0
23.900000000000112,1095,1095,1095,1094,1095,0,0,0,0,0,0
23.950000000000113,1000,1000,1000,1000,1000,0,0,0,0,0,0
24.000000000000114,990,990,990,990,990,0,0,0,0,0,0
24.050000000000114,1015,1015,1015,1015,1015,0,0,0,0,0,0
24.100000000000115,1058,1058,1058,1058,1058,0,0,0,0,0,0
24.150000000000116,927,927,927,926,927,0,0,0,0,0,0
24.200000000000117,1000,999,999,999,999,0,0,0,0,0,0
24.250000000000117,1013,1012,1012,1012,1012,0,0,0,0,0,0
24.300000000000118,1055,1054,1054,1053,1054,0,0,0,0,0,0
24.35000000000012,1025,1023,1023,1022,1023,0,0,0,0,0,0
24.40000000000012,994,990,990,990,990,0,0,0,0,0,0
24.45000000000012,1026,1016,1016,1015,1016,0,0,0,0,0,0
24.50000000000012,978,963,963,959,963,0,0,0,0,0,0
24.55000000000012,1029,984,984,981,984,0,0,0,0,0,0
24.600000000000122,982,919,922,922,922,0,0,0,0,0,0
24.650000000000123,1070,959,961,962,961,0,0,0,0,0,0
24.700000000000124,996,882,883,883,883,0,0,0,0,0,0
24.750000000000124,1038,805,810,807,810,0,0,0,0,0,0
24.800000000000125,1002,692,697,697,697,0,0,0,0,0,0
24.850000000000126,1022,620,627,627,627,0,0,0,0,0,0
24.900000000000126,1043,506,511,509,511,0,0,0,0,0,0
24.950000000000127,991,402,407,407,407,0,0,0,0,0,0
25.000000000000128,998,327,332,331,332,0,0,0,0,0,0
25.05000000000013,981,243,251,251,251,0,0,0,0,0,0
25.10000000000013,987,157,159,159,159,0,0,0,0,0,0
25.15000000000013,1037,129,133,132,133,0,0,0,0,0,0
25.20000000000013,1017,75,76,77,76,0,0,0,0,0,0
25.25000000000013,1010,50,50,51,50,0,0,0,0,0,0
25.300000000000132,1037,36,36,38,36,0,0,0,0,0,0
25.350000000000133,1053,17,18,18,18,0,0,0,0,0,0
25.400000000000134,913,10,10,10,10,0,0,0,0,0,0
25.450000000000134,1033,6,6,6,6,0,0,0,0,0,0
25.500000000000135,1044,5,5,5,5,0,0,0,0,0,0
25.550000000000136,966,1,1,1,1,0,0,0,0,0,0
25.600000000000136,971,2,2,2,2,0,0,0,0,0,0
25.650000000000137,1040,0,0,0,0,0,0,0,0,0,0
25.700000000000138,969,1,1,1,1,0,0,0,0,0,0
25.75000000000014,969,0,0,0,0,0,0,0,0,0,0
25.80000000000014,984,0,0,0,0,0,0,0,0,0,0
25.85000000000014,876,0,0,0,0,0,0,0,0,0,0
25.90000000000014,886,0,0,0,0,0,0,0,0,0,0
25.95000000000014,731,0,0,0,0,0,0,0,0,0,0
26.000000000000142,706,0,0,0,0,0,0,0,0,0,0
26.050000000000143,557,0,0,0,0,0,0,0,0,0,0
26.100000000000144,442,0,0,0,0,0,0,0,0,0,0
26.150000000000144,297,0,0,0,0,0,0,0,0,0,0
26.200000000000145,201,0,0,0,0,0,0,0,0,0,0
26.250000000000146,142,0,0,0,0,0,0,0,0,0,0
26.300000000000146,92,0,0,0,0,0,0,0,0,0,0
26.350000000000147,21,0,0,0,0,0,0,0,0,0,0
26.400000000000148,14,0,0,0,0,0,0,0,0,0,0
26.45000000000015,0,0,0,0,0,0,0,0,0,0,0
26.50000000000015,0,0,0,0,0,0,0,0,0,0,0
26.55000000000015,0,0,0,0,0,0,0,0,0,0,0
26.60000000000015,0,0,0,0,0,0,0,0,0,0,0
26.65000000000015,0,0,0,0,0,0,0,0,0,0,0
26.700000000000152,0,0,0,0,0,0,0,0,0,0,0
26.750000000000153,0,0,0,0,0,0,0,0,0,0,0
26.800000000000153,0,0,0,0,0,0,0,0,0,0,0
26.850000000000154,0,0,0,0,0,0,0,0,0,0,0
26.900000000000155,0,0,0,0,0,0,0,0,0,0,0
26.950000000000156,0,0,0,0,0,0,0,0,0,0,0
27.000000000000156,0,0,0,0,0,0,0,0,0,0,0
27.050000000000157,0,0,0,0,0,0,0,0,0,0,0
27.100000000000158,0,0,0,0,0,0,0,0,0,0,0
27.15000000000016,0,0,0,0,0,0,0,0,0,0,0
27.20000000000016,0,0,0,0,0,0,0,0,0,0,0
27.25000000000016,0,0,0,0,0,0,0,0,0,0,0
27.30000000000016,0,0,0,0,0,0,0,0,0,0,0
27.35000000000016,0,0,0,0,0,0,0,0,0,0,0
27.400000000000162,0,0,0,0,0,0,0,0,0,0,0
27.450000000000163,0,0,0,0,0,0,0,0,0,0,0
27.500000000000163,0,0,0,0,0,0,0,0,0,0,0
27.550000000000164,0,0,0,0,0,0,0,0,0,0,0
27.600000000000165,0,0,0,0,0,0,0,0,0,0,0
27.650000000000166,0,0,0,0,0,0,0,0,0,0,0
27.700000000000166,0,0,0,0,0,0,0,0,0,0,0
27.750000000000167,0,0,0,0,0,0,0,0,0,0,0
27.800000000000168,0,0,0,0,0,0,0,0,0,0,0
27.85000000000017,0,0,0,0,0,0,0,0,0,0,0
27.90000000000017,0,0,0,0,0,0,0,0,0,0,0
27.95000000000017,0,0,0,0,0,0,0,0,0,0,0
28.00000000000017,0,0,0,0,0,0,0,0,0,0,0
28.05000000000017,0,0,0,0,0,0,0,0,0,0,0
28.100000000000172,0,0,0,0,0,0,0,0,0,0,0
28.150000000000173,0,0,0,0,0,0,0,0,0,0,0
28.200000000000173,0,0,0,0,0,0,0,0,0,0,0
28.250000000000174,0,0,0,0,0,0,0,0,0,0,0
28.300000000000175,0,0,0,0,0,0,0,0,0,0,0
28.350000000000176,0,0,0,0,0,0,0,0,0,0,0
28.400000000000176,0,0,0,0,0,0,0,0,0,0,0
28.450000000000177,0,0,0,0,0,0,0,0,0,0,0
28.500000000000178,0,0,0,0,0,0,0,0,0,0,0
28.55000000000018,0,0,0,0,0,0,0,0,0,0,0
28.60000000000018,0,0,0,0,0,0,0,0,0,0,0
28.65000000000018,0,0,0,0,0,0,0,0,0,0,0
28.70000000000018,0,0,0,0,0,0,0,0,0,0,0
28.75000000000018,0,0,0,0,0,0,0,0,0,0,0
28.800000000000182,0,0,0,0,0,0,0,0,0,0,0
28.850000000000183,0,0,0,0,0,0,0,0,0,0,0
28.900000000000183,0,0,0,0,0,0,0,0,0,0,0
28.950000000000184,0,0,0,0,0,0,0,0,0,0,0
29.000000000000185,0,0,0,0,0,0,0,0,0,0,0
29.050000000000185,0,0,0,0,0,0,0,0,0,0,0
29.100000000000186,0,0,0,0,0,0,0,0,0,0,0
29.150000000000187,0,0,0,0,0,0,0,0,0,0,0
29.200000000000188,0,0,0,0,0,0,0,0,0,0,0
29.25000000000019,0,0,0,0,0,0,0,0,0,0,0
29.30000000000019,0,0,0,0,0,0,0,0,0,0,0
29.35000000000019,0,0,0,0,0,0,0,0,0,0,0
29.40000000000019,0,0,0,0,0,0,0,0,0,0,0
29.45000000000019,0,0,0,0,0,0,0,0,0,0,0
29.500000000000192,0,0,0,0,0,0,0,0,0,0,0
29.550000000000193,0,0,0,0,0,0,0,0,0,0,0
29.600000000000193,0,0,0,0,0,0,0,0,0,0,0
29.650000000000194,0,0,0,0,0,0,0,0,0,0,0
29.700000000000195,0,0,0,0,0,0,0,0,0,0,0
29.750000000000195,0,0,0,0,0,0,0,0,0,0,0
29.800000000000196,0,0,0,0,0,0,0,0,0,0,0
29.850000000000197,0,0,0,0,0,0,0,0,0,0,0
29.900000000000198,0,0,0,0,0,0,0,0,0,0,0
29.9500000000002,0,0,0,0,0,0,0,0,0,0,0
30.0000000000002,0,0,0,0,0,0,0,0,0,0,0
30.0500000000002,0,0,0,0,0,0,0,0,0,0,0
30.1000000000002,0,0,0,0,0,0,0,0,0,0,0
30.1500000000002,0,0,0,0,0,0,0,0,0,0,0
30.200000000000202,0,0,0,0,0,0,0,0,0,0,0
30.250000000000203,0,0,0,0,0,0,0,0,0,0,0
30.300000000000203,0,0,0,0,0,0,0,0,0,0,0
30.350000000000204,0,0,0,0,0,0,0,0,0,0,0
30.400000000000205,0,0,0,0,0,0,0,0,0,0,0
30.450000000000205,0,0,0,0,0,0,0,0,0,0,0
30.500000000000206,0,0,0,0,0,0,0,0,0,0,0
30.550000000000207,0,0,0,0,0,0,0,0,0,0,0
30.600000000000207,0,0,0,0,0,0,0,0,0,0,0
30.650000000000208,0,0,0,0,0,0,0,0,0,0,0
30.70000000000021,0,0,0,0,0,0,0,0,0,0,0
30.75000000000021,0,0,0,0,0,0,0,0,0,0,0
30.80000000000021,0,0,0,0,0,0,0,0,0,0,0
30.85000000000021,0,0,0,0,0,0,0,0,0,0,0
30.90000000000021,0,0,0,0,0,0,0,0,0,0,0
30.950000000000212,0,0,0,0,0,0,0,0,0,0,0
31.000000000000213,0,0,0,0,0,0,0,0,0,0,0
31.050000000000214,0,0,0,0,0,0,0,0,0,0,0
31.100000000000215,0,0,0,0,0,0,0,0,0,0,0
31.150000000000215,0,0,0,0,0,0,0,0,0,0,0
31.200000000000216,0,0,0,0,0,0,0,0,0,0,0
31.250000000000217,0,0,0,0,0,0,0,0,0,0,0
31.300000000000217,0,0,0,0,0,0,0,0,0,0,0
31.350000000000218,0,0,0,0,0,0,0,0,0,0,0
31.40000000000022,0,0,0,0,0,0,0,0,0,0,0
31.45000000000022,0,0,0,0,0,0,0,0,0,0,0
31.50000000000022,0,0,0,0,0,0,0,0,0,0,0
31.55000000000022,0,0,0,0,0,0,0,0,0,0,0
31.60000000000022,0,0,0,0,0,0,0,0,0,0,0
31.650000000000222,0,0,0,0,0,0,0,0,0,0,0
31.700000000000223,0,0,0,0,0,0,0,0,0,0,0
31.750000000000224,0,0,0,0,0,0,0,0,0,0,0
31.800000000000225,0,0,0,0,0,0,0,0,0,0,0
31.850000000000225,0,0,0,0,0,0,0,0,0,0,0
31.900000000000226,0,0,0,0,0,0,0,0,0,0,0
31.950000000000227,0,0,0,0,0,0,0,0,0,0,0
*****
16,0.05,1000,0.6,1,10,100,0.85,1.0,0.85,1.0,0.01
16,1000,764,830,476,830,0,0,0,0,0,0
16.05,1037,794,867,524,867,0,0,0,0,0,0
16.1,1032,767,829,499,829,0,0,0,0,0,0
16.150000000000002,1042,773,852,479,852,0,0,0,0,0,0
16.200000000000003,1014,783,847,513,847,0,0,0,0,0,0
16.250000000000004,1054,784,862,552,862,0,0,0,0,0,0
16.300000000000004,1027,761,846,518,846,0,0,0,0,0,0
16.350000000000005,976,743,812,514,812,0,0,0,0,0,0
16.400000000000006,1061,799,869,560,869,0,0,0,0,0,0
16.450000000000006,1089,810,879,565,879,0,0,0,0,0,0
16.500000000000007,1076,825,876,535,876,0,0,0,0,0,0
16.550000000000008,1007,794,836,540,836,0,0,0,0,0,0
16.60000000000001,1031,793,850,517,850,0,0,0,0,0,0
16.65000000000001,1019,791,834,543,834,0,0,0,0,0,0
16.70000000000001,1024,823,861,511,861,0,0,0,0,0,0
16.75000000000001,1055,845,892,520,892,0,0,0,0,0,0
16.80000000000001,1057,856,897,477,897,0,0,0,0,0,0
16.850000000000012,1093,879,928,505,928,0,0,0,0,0,0
16.900000000000013,1066,854,899,504,899,0,0,0,0,0,0
16.950000000000014,1022,836,889,483,889,0,0,0,0,0,0
17.000000000000014,1061,874,931,522,931,0,0,0,0,0,0
17.050000000000015,1014,824,884,521,884,0,0,0,0,0,0
17.100000000000016,1030,818,873,518,873,0,0,0,0,0,0
17.150000000000016,977,802,850,462,850,0,0,0,0,0,0
17.200000000000017,1016,791,849,490,849,0,0,0,0,0,0
17.250000000000018,1064,837,905,512,905,0,0,0,0,0,0
17.30000000000002,1004,801,849,470,849,0,0,0,0,0,0
17.35000000000002,1034,851,895,437,895,0,0,0,0,0,0
17.40000000000002,1045,848,915,442,915,0,0,0,0,0,0
17.45000000000002,1058,848,897,436,897,0,0,0,0,0,0
17.50000000000002,1058,846,909,401,909,0,0,0,0,0,0
17.550000000000022,1031,824,886,404,886,0,0,0,0,0,0
17.600000000000023,1009,802,859,407,859,0,0,0,0,0,0
17.650000000000023,1076,876,917,425,917,0,0,0,0,0,0
17.700000000000024,1052,839,904,422,904,0,0,0,0,0,0
17.750000000000025,1062,888,931,456,931,0,0,0,0,0,0
17.800000000000026,1036,855,905,441,905,0,0,0,0,0,0
17.850000000000026,1090,866,941,417,941,0,0,0,0,0,0
17.900000000000027,1008,807,878,362,878,0,0,0,0,0,0
17.950000000000028,1081,829,921,372,921,0,0,0,0,0,0
18.00000000000003,998,767,852,329,852,0,0,0,0,0,0
18.05000000000003,1029,720,832,321,832,0,0,0,0,0,0
18.10000000000003,1046,755,823,322,823,0,0,0,0,0,0
18.15000000000003,978,700,787,291,787,0,0,0,0,0,0
18.20000000000003,1031,720,822,299,822,0,0,0,0,0,0
18.250000000000032,1003,704,789,296,789,0,0,0,0,0,0
18.300000000000033,1066,745,839,312,839,0,0,0,0,0,0
18.350000000000033,1038,725,818,301,818,0,0,0,0,0,0
18.400000000000034,1050,696,778,257,778,0,0,0,0,0,0
18.450000000000035,1042,696,787,274,787,0,0,0,0,0,0
18.500000000000036,1070,639,758,218,758,0,0,0,0,0,0
18.550000000000036,1107,674,805,285,805,0,0,0,0,0,0
18.600000000000037,1036,603,729,231,729,0,0,0,0,0,0
18.650000000000038,986,536,666,217,666,0,0,0,0,0,0
18.70000000000004,1021,552,658,216,658,0,0,0,0,0,0
18.75000000000004,1038,533,633,187,633,0,0,0,0,0,0
18.80000000000004,1068,506,636,184,636,0,0,0,0,0,0
18.85000000000004,1062,498,605,182,605,0,0,0,0,0,0
18.90000000000004,991,462,576,141,576,0,0,0,0,0,0
18.950000000000042,1010,438,533,162,533,0,0,0,0,0,0
19.000000000000043,1027,449,569,155,569,0,0,0,0,0,0
19.050000000000043,1036,386,491,133,491,0,0,0,0,0,0
19.100000000000044,1049,376,515,129,515,0,0,0,0,0,0
19.150000000000045,1021,342,466,122,466,0,0,0,0,0,0
19.200000000000045,1027,322,427,91,427,0,0,0,0,0,0
19.250000000000046,1077,317,418,129,418,0,0,0,0,0,0
19.300000000000047,1085,303,396,104,396,0,0,0,0,0,0
19.350000000000048,1039,264,360,84,360,0,0,0,0,0,0
19.40000000000005,1070,282,368,90,368,0,0,0,0,0,0
19.45000000000005,1013,219,310,85,310,0,0,0,0,0,0
19.50000000000005,1050,232,312,58,312,0,0,0,0,0,0
19.55000000000005,1066,213,316,68,316,0,0,0,0,0,0
19.60000000000005,999,175,257,71,257,0,0,0,0,0,0
19.650000000000052,1037,171,266,65,266,0,0,0,0,0,0
19.700000000000053,1020,155,217,56,217,0,0,0,0,0,0
19.750000000000053,1045,129,205,55,205,0,0,0,0,0,0
19.800000000000054,1005,114,178,42,178,0,0,0,0,0,0
19.850000000000055,1018,121,182,39,182,0,0,0,0,0,0
19.900000000000055,1021,105,150,31,150,0,0,0,0,0,0
19.950000000000056,1032,91,148,31,148,0,0,0,0,0,0
20.000000000000057,1011,96,125,31,125,0,0,0,0,0,0
20.050000000000058,1044,82,110,37,110,0,0,0,0,0,0
20.10000000000006,1065,82,125,26,125,0,0,0,0,0,0
20.15000000000006,1068,56,94,22,94,0,0,0,0,0,0
20.20000000000006,1081,60,87,30,87,0,0,0,0,0,0
20.25000000000006,1092,62,92,30,92,0,0,0,0,0,0
20.30000000000006,1004,47,71,17,71,0,0,0,0,0,0
20.350000000000062,1066,50,78,18,78,0,0,0,0,0,0
20.400000000000063,1034,45,66,19,66,0,0,0,0,0,0
20.450000000000063,1044,30,50,11,50,0,0,0,0,0,0
20.500000000000064,1002,25,42,5,42,0,0,0,0,0,0
20.550000000000065,973,20,32,10,32,0,0,0,0,0,0
20.600000000000065,982,21,40,8,40,0,0,0,0,0,0
20.650000000000066,1052,25,32,5,32,0,0,0,0,0,0
20.700000000000067,995,20,33,6,33,0,0,0,0,0,0
20.750000000000068,1054,13,25,5,25,0,0,0,0,0,0
20.800000000000068,1014,14,27,6,27,0,0,0,0,0,0
20.85000000000007,1041,7,19,4,19,0,0,0,0,0,0
20.90000000000007,1039,13,25,8,25,0,0,0,0,0,0
20.95000000000007,1062,15,19,6,19,0,0,0,0,0,0
21.00000000000007,1030,6,12,3,12,0,0,0,0,0,0
21.05000000000007,1063,13,20,1,20,0,0,0,0,0,0
21.100000000000072,1125,8,10,2,10,0,0,0,0,0,0
21.150000000000073,1046,2,5,0,5,0,0,0,0,0,0
21.200000000000074,1034,6,8,1,8,0,0,0,0,0,0
21.250000000000075,1001,6,8,1,8,0,0,0,0,0,0
21.300000000000075,1006,3,3,1,3,0,0,0,0,0,0
21.350000000000076,999,3,5,2,5,0,0,0,0,0,0
21.400000000000077,961,2,3,2,3,0,0,0,0,0,0
21.450000000000077,1002,1,4,0,4,0,0,0,0,0,0
21.500000000000078,1013,1,3,0,3,0,0,0,0,0,0
21.55000000000008,954,2,4,1,4,0,0,0,0,0,0
21.60000000000008,1007,2,2,1,2,0,0,0,0,0,0
21.65000000000008,1043,0,0,0,0,0,0,0,0,0,0
21.70000000000008,1053,1,3,0,3,0,0,0,0,0,0
21.75000000000008,1030,0,1,0,1,0,0,0,0,0,0
21.800000000000082,923,1,1,0,1,0,0,0,0,0,0
21.850000000000083,981,0,1,1,1,0,0,0,0,0,0
21.900000000000084,945,1,2,1,2,0,0,0,0,0,0
21.950000000000085,953,0,0,0,0,0,0,0,0,0,0
22.000000000000085,854,0,0,0,0,0,0,0,0,0,0
22.050000000000086,857,0,0,0,0,0,0,0,0,0,0
22.100000000000087,849,0,1,0,1,0,0,0,0,0,0
22.150000000000087,853,1,2,0,2,0,0,0,0,0,0
22.200000000000088,822,0,0,0,0,0,0,0,0,0,0
22.25000000000009,755,0,0,0,0,0,0,0,0,0,0
22.30000000000009,708,0,0,0,0,0,0,0,0,0,0
22.35000000000009,652,0,0,0,0,0,0,0,0,0,0
22.40000000000009,620,1,1,0,1,0,0,0,0,0,0
22.45000000000009,617,0,0,0,0,0,0,0,0,0,0
22.500000000000092,634,0,0,0,0,0,0,0,0,0,0
22.550000000000093,575,0,1,0,1,0,0,0,0,0,0
22.600000000000094,446,0,0,0,0,0,0,0,0,0,0
22.650000000000095,391,0,0,0,0,0,0,0,0,0,0
22.700000000000095,403,0,0,0,0,0,0,0,0,0,0
22.750000000000096,349,0,0,0,0,0,0,0,0,0,0
22.800000000000097,313,0,0,0,0,0,0,0,0,0,0
22.850000000000097,281,0,0,0,0,0,0,0,0,0,0
22.900000000000098,165,0,0,0,0,0,0,0,0,0,0
22.9500000000001,98,0,0,0,0,0,0,0,0,0,0
23.0000000000001,122,0,0,0,0,0,0,0,0,0,0
23.0500000000001,129,0,0,0,0,0,0,0,0,0,0
23.1000000000001,108,0,0,0,0,0,0,0,0,0,0
23.1500000000001,66,0,0,0,0,0,0,0,0,0,0
23.200000000000102,35,0,0,0,0,0,0,0,0,0,0
23.250000000000103,35,0,1,0,1,0,0,0,0,0,0
23.300000000000104,27,0,0,0,0,0,0,0,0,0,0
23.350000000000104,17,0,0,0,0,0,0,0,0,0,0
23.400000000000105,15,0,0,0,0,0,0,0,0,0,0
23.450000000000106,1,0,0,0,0,0,0,0,0,0,0
23.500000000000107,0,0,0,0,0,0,0,0,0,0,0
23.550000000000107,1,0,0,0,0,0,0,0,0,0,0
23.600000000000108,0,0,0,0,0,0,0,0,0,0,0
23.65000000000011,0,0,0,0,0,0,0,0,0,0,0
23.70000000000011,0,0,0,0,0,0,0,0,0,0,0
23.75000000000011,0,0,0,0,0,0,0,0,0,0,0
23.80000000000011,0,0,0,0,0,0,0,0,0,0,0
23.85000000000011,0,0,0,0,0,0,0,0,0,0,0
23.900000000000112,1,0,0,0,0,0,0,0,0,0,0
23.950000000000113,1,0,0,0,0,0,0,0,0,0,0
24.000000000000114,1,0,0,0,0,0,0,0,0,0,0
24.050000000000114,0,0,0,0,0,0,0,0,0,0,0
24.100000000000115,0,0,0,0,0,0,0,0,0,0,0
24.150000000000116,0,0,0,0,0,0,0,0,0,0,0
24.200000000000117,1,0,0,0,0,0,0,0,0,0,0
24.250000000000117,0,0,0,0,0,0,0,0,0,0,0
24.300000000000118,0,0,0,0,0,0,0,0,0,0,0
24.35000000000012,0,0,0,0,0,0,0,0,0,0,0
24.40000000000012,0,0,0,0,0,0,0,0,0,0,0
24.45000000000012,0,0,0,0,0,0,0,0,0,0,0
24.50000000000012,0,0,0,0,0,0,0,0,0,0,0
24.55000000000012,0,0,0,0,0,0,0,0,0,0,0
24.600000000000122,0,0,0,0,0,0,0,0,0,0,0
24.650000000000123,0,0,0,0,0,0,0,0,0,0,0
24.700000000000124,0,0,0,0,0,0,0,0,0,0,0
24.750000000000124,0,0,0,0,0,0,0,0,0,0,0
24.800000000000125,0,0,0,0,0,0,0,0,0,0,0
24.850000000000126,0,0,0,0,0,0,0,0,0,0,0
24.900000000000126,0,0,0,0,0,0,0,0,0,0,0
24.950000000000127,0,0,0,0,0,0,0,0,0,0,0
25.000000000000128,0,0,0,0,0,0,0,0,0,0,0
25.05000000000013,0,0,0,0,0,0,0,0,0,0,0
25.10000000000013,0,0,0,0,0,0,0,0,0,0,0
25.15000000000013,0,0,0,0,0,0,0,0,0,0,0
25.20000000000013,0,0,0,0,0,0,0,0,0,0,0
25.25000000000013,0,0,0,0,0,0,0,0,0,0,0
25.300000000000132,0,0,0,0,0,0,0,0,0,0,0
25.350000000000133,0,0,0,0,0,0,0,0,0,0,0
25.400000000000134,0,0,0,0,0,0,0,0,0,0,0
25.450000000000134,0,0,0,0,0,0,0,0,0,0,0
25.500000000000135,0,0,0,0,0,0,0,0,0,0,0
25.550000000000136,0,0,0,0,0,0,0,0,0,0,0
25.600000000000136,0,0,0,0,0,0,0,0,0,0,0
25.650000000000137,0,0,0,0,0,0,0,0,0,0,0
25.700000000000138,0,0,0,0,0,0,0,0,0,0,0
25.75000000000014,0,0,0,0,0,0,0,0,0,0,0
25.80000000000014,0,0,0,0,0,0,0,0,0,0,0
25.85000000000014,0,0,0,0,0,0,0,0,0,0,0
25.90000000000014,0,0,0,0,0,0,0,0,0,0,0
25.95000000000014,0,0,0,0,0,0,0,0,0,0,0
26.000000000000142,0,0,0,0,0,0,0,0,0,0,0
26.050000000000143,0,0,0,0,0,0,0,0,0,0,0
26.100000000000144,0,0,0,0,0,0,0,0,0,0,0
26.150000000000144,0,0,0,0,0,0,0,0,0,0,0
26.200000000000145,0,0,0,0,0,0,0,0,0,0,0
26.250000000000146,0,0,0,0,0,0,0,0,0,0,0
26.300000000000146,0,0,0,0,0,0,0,0,0,0,0
26.350000000000147,0,0,0,0,0,0,0,0,0,0,0
26.400000000000148,0,0,0,0,0,0,0,0,0,0,0
26.45000000000015,0,0,0,0,0,0,0,0,0,0,0
26.50000000000015,0,0,0,0,0,0,0,0,0,0,0
26.55000000000015,0,0,0,0,0,0,0,0,0,0,0
26.60000000000015,0,0,0,0,0,0,0,0,0,0,0
26.65000000000015,0,0,0,0,0,0,0,0,0,0,0
26.700000000000152,0,0,0,0,0,0,0,0,0,0,0
26.750000000000153,0,0,0,0,0,0,0,0,0,0,0
26.800000000000153,0,0,0,0,0,0,0,0,0,0,0
26.850000000000154,0,0,0,0,0,0,0,0,0,0,0
26.900000000000155,0,0,0,0,0,0,0,0,0,0,0
26.950000000000156,0,0,0,0,0,0,0,0,0,0,0
27.000000000000156,0,0,0,0,0,0,0,0,0,0,0
27.050000000000157,0,0,0,0,0,0,0,0,0,0,0
27.100000000000158,0,0,0,0,0,0,0,0,0,0,0
27.15000000000016,0,0,0,0,0,0,0,0,0,0,0
27.20000000000016,0,0,0,0,0,0,0,0,0,0,0
27.25000000000016,0,0,0,0,0,0,0,0,0,0,0
27.30000000000016,0,0,0,0,0,0,0,0,0,0,0
27.35000000000016,0,0,0,0,0,0,0,0,0,0,0
27.400000000000162,0,0,0,0,0,0,0,0,0,0,0
27.450000000000163,0,0,0,0,0,0,0,0,0,0,0
27.500000000000163,0,0,0,0,0,0,0,0,0,0,0
27.550000000000164,0,0,0,0,0,0,0,0,0,0,0
27.600000000000165,0,0,0,0,0,0,0,0,0,0,0
27.650000000000166,0,0,0,0,0,0,0,0,0,0,0
27.700000000000166,0,0,0,0,0,0,0,0,0,0,0
27.750000000000167,0,0,0,0,0,0,0,0,0,0,0
27.800000000000168,0,0,0,0,0,0,0,0,0,0,0
27.85000000000017,0,0,0,0,0,0,0,0,0,0,0
27.90000000000017,0,0,0,0,0,0,0,0,0,0,0
27.95000000000017,0,0,0,0,0,0,0,0,0,0,0
28.00000000000017,0,0,0,0,0,0,0,0,0,0,0
28.05000000000017,0,0,0,0,0,0,0,0,0,0,0
28.100000000000172,0,0,0,0,0,0,0,0,0,0,0
28.150000000000173,0,0,0,0,0,0,0,0,0,0,0
28.200000000000173,0,0,0,0,0,0,0,0,0,0,0
28.250000000000174,0,0,0,0,0,0,0,0,0,0,0
28.300000000000175,0,0,0,0,0,0,0,0,0,0,0
28.350000000000176,0,0,0,0,0,0,0,0,0,0,0
28.400000000000176,0,0,0,0,0,0,0,0,0,0,0
28.450000000000177,0,0,0,0,0,0,0,0,0,0,0
28.500000000000178,0,0,0,0,0,0,0,0,0,0,0
28.55000000000018,0,0,0,0,0,0,0,0,0,0,0
28.60000000000018,0,0,0,0,0,0,0,0,0,0,0
28.65000000000018,0,0,0,0,0,0,0,0,0,0,0
28.70000000000018,0,0,0,0,0,0,0,0,0,0,0
28.75000000000018,0,0,0,0,0,0,0,0,0,0,0
28.800000000000182,0,0,0,0,0,0,0,0,0,0,0
28.850000000000183,0,0,0,0,0,0,0,0,0,0,0
28.900000000000183,0,0,0,0,0,0,0,0,0,0,0
28.950000000000184,0,0,0,0,0,0,0,0,0,0,0
29.000000000000185,0,0,0,0,0,0,0,0,0,0,0
29.050000000000185,0,0,0,0,0,0,0,0,0,0,0
29.100000000000186,0,0,0,0,0,0,0,0,0,0,0
29.150000000000187,0,0,0,0,0,0,0,0,0,0,0
29.200000000000188,0,0,0,0,0,0,0,0,0,0,0
29.25000000000019,0,0,0,0,0,0,0,0,0,0,0
29.30000000000019,0,0,0,0,0,0,0,0,0,0,0
29.35000000000019,0,0,0,0,0,0,0,0,0,0,0
29.40000000000019,0,0,0,0,0,0,0,0,0,0,0
29.45000000000019,0,0,0,0,0,0,0,0,0,0,0
29.500000000000192,0,0,0,0,0,0,0,0,0,0,0
29.550000000000193,0,0,0,0,0,0,0,0,0,0,0
29.600000000000193,0,0,0,0,0,0,0,0,0,0,0
29.650000000000194,0,0,0,0,0,0,0,0,0,0,0
29.700000000000195,0,0,0,0,0,0,0,0,0,0,0
29.750000000000195,0,0,0,0,0,0,0,0,0,0,0
29.800000000000196,0,0,0,0,0,0,0,0,0,0,0
29.850000000000197,0,0,0,0,0,0,0,0,0,0,0
29.900000000000198,0,0,0,0,0,0,0,0,0,0,0
29.9500000000002,0,0,0,0,0,0,0,0,0,0,0
30.0000000000002,0,0,0,0,0,0,0,0,0,0,0
30.0500000000002,0,0,0,0,0,0,0,0,0,0,0
30.1000000000002,0,0,0,0,0,0,0,0,0,0,0
30.1500000000002,0,0,0,0,0,0,0,0,0,0,0
30.200000000000202,0,0,0,0,0,0,0,0,0,0,0
30.250000000000203,0,0,0,0,0,0,0,0,0,0,0
30.300000000000203,0,0,0,0,0,0,0,0,0,0,0
30.350000000000204,0,0,0,0,0,0,0,0,0,0,0
30.400000000000205,0,0,0,0,0,0,0,0,0,0,0
30.450000000000205,0,0,0,0,0,0,0,0,0,0,0
30.500000000000206,0,0,0,0,0,0,0,0,0,0,0
30.550000000000207,0,0,0,0,0,0,0,0,0,0,0
30.600000000000207,0,0,0,0,0,0,0,0,0,0,0
30.650000000000208,0,0,0,0,0,0,0,0,0,0,0
30.70000000000021,0,0,0,0,0,0,0,0,0,0,0
30.75000000000021,0,0,0,0,0,0,0,0,0,0,0
30.80000000000021,0,0,0,0,0,0,0,0,0,0,0
30.85000000000021,0,0,0,0,0,0,0,0,0,0,0
30.90000000000021,0,0,0,0,0,0,0,0,0,0,0
30.950000000000212,0,0,0,0,0,0,0,0,0,0,0
31.000000000000213,0,0,0,0,0,0,0,0,0,0,0
31.050000000000214,0,0,0,0,0,0,0,0,0,0,0
31.100000000000215,0,0,0,0,0,0,0,0,0,0,0
31.150000000000215,0,0,0,0,0,0,0,0,0,0,0
31.200000000000216,0,0,0,0,0,0,0,0,0,0,0
31.250000000000217,0,0,0,0,0,0,0,0,0,0,0
31.300000000000217,0,0,0,0,0,0,0,0,0,0,0
31.350000000000218,0,0,0,0,0,0,0,0,0,0,0
31.40000000000022,0,0,0,0,0,0,0,0,0,0,0
31.45000000000022,0,0,0,0,0,0,0,0,0,0,0
31.50000000000022,0,0,0,0,0,0,0,0,0,0,0
31.55000000000022,0,0,0,0,0,0,0,0,0,0,0
31.60000000000022,0,0,0,0,0,0,0,0,0,0,0
31.650000000000222,0,0,0,0,0,0,0,0,0,0,0
31.700000000000223,0,0,0,0,0,0,0,0,0,0,0
31.750000000000224,0,0,0,0,0,0,0,0,0,0,0
31.800000000000225,0,0,0,0,0,0,0,0,0,0,0
31.850000000000225,0,0,0,0,0,0,0,0,0,0,0
31.900000000000226,0,0,0,0,0,0,0,0,0,0,0
31.950000000000227,0,0,0,0,0,0,0,0,0,0,0
