*****
16,0.05,1000,0,1,10,100,0.75,1.0,0.85,1.0,0.1
16,1000,1000,1000,775,1000,0,0,0,0,0,0
16.05,986,986,986,754,986,0,0,0,0,0,0
16.1,1020,1020,1020,787,1020,0,0,0,0,0,0
16.150000000000002,1011,1010,1011,784,1011,0,0,0,0,0,0
16.200000000000003,978,978,978,764,978,0,0,0,0,0,0
16.250000000000004,1043,1039,1043,810,1043,0,0,0,0,0,0
16.300000000000004,907,905,907,714,907,0,0,0,0,0,0
16.350000000000005,1000,990,1000,783,1000,0,0,0,0,0,0
16.400000000000006,962,949,959,751,962,0,0,0,0,0,0
16.450000000000006,985,965,984,776,985,0,0,0,0,0,0
16.500000000000007,1012,985,1011,824,1012,0,0,0,0,0,0
16.550000000000008,954,912,951,756,954,0,0,0,0,0,0
16.60000000000001,1051,960,1039,805,1049,0,0,0,0,0,0
16.65000000000001,962,854,945,744,956,0,0,0,0,0,0
16.70000000000001,955,802,929,755,943,0,0,0,0,0,0
16.75000000000001,982,783,935,771,961,0,0,0,0,0,0
16.80000000000001,1038,792,983,774,1011,0,0,0,0,0,0
16.850000000000012,928,648,847,648,886,0,0,0,0,0,0
16.900000000000013,948,601,829,638,876,0,0,0,0,0,0
16.950000000000014,990,546,837,638,907,0,0,0,0,0,0
17.000000000000014,971,483,777,592,853,0,0,0,0,0,0
17.050000000000015,977,407,721,557,813,0,0,0,0,0,0
17.100000000000016,969,349,685,526,789,0,0,0,0,0,0
17.150000000000016,949,320,629,429,724,0,0,0,0,0,0
17.200000000000017,1044,273,626,456,739,0,0,0,0,0,0
17.250000000000018,1002,203,518,389,628,0,0,0,0,0,0
17.30000000000002,985,183,463,317,575,0,0,0,0,0,0
17.35000000000002,974,126,378,280,480,0,0,0,0,0,0
17.40000000000002,928,93,310,215,408,0,0,0,0,0,0
17.45000000000002,1049,86,302,233,416,0,0,0,0,0,0
17.50000000000002,996,62,233,187,316,0,0,0,0,0,0
17.550000000000022,956,54,185,171,268,0,0,0,0,0,0
17.600000000000023,908,35,137,119,195,0,0,0,0,0,0
17.650000000000023,992,22,112,149,182,0,0,0,0,0,0
17.700000000000024,1007,16,87,103,147,0,0,0,0,0,0
17.750000000000025,1009,11,76,70,132,0,0,0,0,0,0
17.800000000000026,1029,12,65,72,96,0,0,0,0,0,0
17.850000000000026,1017,4,38,47,76,0,0,0,0,0,0
17.900000000000027,1007,3,28,41,59,0,0,0,0,0,0
17.950000000000028,944,2,23,41,42,0,0,0,0,0,0
18.00000000000003,937,2,20,24,32,0,0,0,0,0,0
18.05000000000003,990,1,9,33,18,0,0,0,0,0,0
18.10000000000003,966,0,10,14,22,0,0,0,0,0,0
18.15000000000003,916,1,5,13,14,0,0,0,0,0,0
18.20000000000003,1056,0,0,14,9,0,0,0,0,0,0
18.250000000000032,931,0,2,7,3,0,0,0,0,0,0
18.300000000000033,947,0,0,4,2,0,0,0,0,0,0
18.350000000000033,927,0,0,5,0,0,0,0,0,0,0
18.400000000000034,912,0,1,5,2,0,0,0,0,0,0
18.450000000000035,958,0,1,1,1,0,0,0,0,0,0
18.500000000000036,938,0,0,4,1,0,0,0,0,0,0
18.550000000000036,941,0,0,2,0,0,0,0,0,0,0
18.600000000000037,920,0,1,0,1,0,0,0,0,0,0
18.650000000000038,823,0,0,0,0,0,0,0,0,0,0
18.70000000000004,772,0,0,1,0,0,0,0,0,0,0
18.75000000000004,700,0,0,3,0,0,0,0,0,0,0
18.80000000000004,736,0,0,1,0,0,0,0,0,0,0
18.85000000000004,653,0,0,0,0,0,0,0,0,0,0
18.90000000000004,597,0,0,0,0,0,0,0,0,0,0
18.950000000000042,612,0,0,0,0,0,0,0,0,0,0
19.000000000000043,576,0,0,0,0,0,0,0,0,0,0
19.050000000000043,517,0,0,0,0,0,0,0,0,0,0
19.100000000000044,399,0,0,0,0,0,0,0,0,0,0
19.150000000000045,409,0,0,0,0,0,0,0,0,0,0
19.200000000000045,348,0,0,0,0,0,0,0,0,0,0
19.250000000000046,313,0,0,0,0,0,0,0,0,0,0
19.300000000000047,253,0,0,0,0,0,0,0,0,0,0
19.350000000000048,229,0,0,0,0,0,0,0,0,0,0
19.40000000000005,201,0,0,0,0,0,0,0,0,0,0
19.45000000000005,134,0,0,0,0,0,0,0,0,0,0
19.50000000000005,94,0,0,0,0,0,0,0,0,0,0
19.55000000000005,72,0,0,0,0,0,0,0,0,0,0
19.60000000000005,49,0,0,0,0,0,0,0,0,0,0
19.650000000000052,71,0,0,0,0,0,0,0,0,0,0
19.700000000000053,57,0,0,0,0,0,0,0,0,0,0
19.750000000000053,39,0,0,0,0,0,0,0,0,0,0
19.800000000000054,17,0,0,0,0,0,0,0,0,0,0
19.850000000000055,0,0,0,0,0,0,0,0,0,0,0
19.900000000000055,0,0,0,0,0,0,0,0,0,0,0
19.950000000000056,0,0,0,0,0,0,0,0,0,0,0
20.000000000000057,0,0,0,0,0,0,0,0,0,0,0
20.050000000000058,0,0,0,0,0,0,0,0,0,0,0
20.10000000000006,0,0,0,0,0,0,0,0,0,0,0
20.15000000000006,0,0,0,0,0,0,0,0,0,0,0
20.20000000000006,0,0,0,0,0,0,0,0,0,0,0
20.25000000000006,0,0,0,0,0,0,0,0,0,0,0
20.30000000000006,0,0,0,0,0,0,0,0,0,0,0
20.350000000000062,0,0,0,0,0,0,0,0,0,0,0
20.400000000000063,0,0,0,0,0,0,0,0,0,0,0
20.450000000000063,0,0,0,0,0,0,0,0,0,0,0
20.500000000000064,0,0,0,0,0,0,0,0,0,0,0
20.550000000000065,0,0,0,0,0,0,0,0,0,0,0
20.600000000000065,0,0,0,0,0,0,0,0,0,0,0
20.650000000000066,0,0,0,0,0,0,0,0,0,0,0
20.700000000000067,0,0,0,0,0,0,0,0,0,0,0
20.750000000000068,0,0,0,0,0,0,0,0,0,0,0
20.800000000000068,0,0,0,0,0,0,0,0,0,0,0
20.85000000000007,0,0,0,0,0,0,0,0,0,0,0
20.90000000000007,0,0,0,0,0,0,0,0,0,0,0
20.95000000000007,0,0,0,0,0,0,0,0,0,0,0
21.00000000000007,0,0,0,0,0,0,0,0,0,0,0
21.05000000000007,0,0,0,0,0,0,0,0,0,0,0
21.100000000000072,0,0,0,0,0,0,0,0,0,0,0
21.150000000000073,0,0,0,0,0,0,0,0,0,0,0
21.200000000000074,0,0,0,0,0,0,0,0,0,0,0
21.250000000000075,0,0,0,0,0,0,0,0,0,0,0
21.300000000000075,0,0,0,0,0,0,0,0,0,0,0
21.350000000000076,0,0,0,0,0,0,0,0,0,0,0
21.400000000000077,0,0,0,0,0,0,0,0,0,0,0
21.450000000000077,0,0,0,0,0,0,0,0,0,0,0
21.500000000000078,0,0,0,0,0,0,0,0,0,0,0
21.55000000000008,0,0,0,0,0,0,0,0,0,0,0
21.60000000000008,0,0,0,0,0,0,0,0,0,0,0
21.65000000000008,0,0,0,0,0,0,0,0,0,0,0
21.70000000000008,0,0,0,0,0,0,0,0,0,0,0
21.75000000000008,0,0,0,0,0,0,0,0,0,0,0
21.800000000000082,0,0,0,0,0,0,0,0,0,0,0
21.850000000000083,0,0,0,0,0,0,0,0,0,0,0
21.900000000000084,0,0,0,0,0,0,0,0,0,0,0
21.950000000000085,0,0,0,0,0,0,0,0,0,0,0
22.000000000000085,0,0,0,0,0,0,0,0,0,0,0
22.050000000000086,0,0,0,0,0,0,0,0,0,0,0
22.100000000000087,0,0,0,0,0,0,0,0,0,0,0
22.150000000000087,0,0,0,0,0,0,0,0,0,0,0
22.200000000000088,0,0,0,0,0,0,0,0,0,0,0
22.25000000000009,0,0,0,0,0,0,0,0,0,0,0
22.30000000000009,0,0,0,0,0,0,0,0,0,0,0
22.35000000000009,0,0,0,0,0,0,0,0,0,0,0
22.40000000000009,0,0,0,0,0,0,0,0,0,0,0
22.45000000000009,0,0,0,0,0,0,0,0,0,0,0
22.500000000000092,0,0,0,0,0,0,0,0,0,0,0
22.550000000000093,0,0,0,0,0,0,0,0,0,0,0
22.600000000000094,0,0,0,0,0,0,0,0,0,0,0
22.650000000000095,0,0,0,0,0,0,0,0,0,0,0
22.700000000000095,0,0,0,0,0,0,0,0,0,0,0
22.750000000000096,0,0,0,0,0,0,0,0,0,0,0
22.800000000000097,0,0,0,0,0,0,0,0,0,0,0
22.850000000000097,0,0,0,0,0,0,0,0,0,0,0
22.900000000000098,0,0,0,0,0,0,0,0,0,0,0
22.9500000000001,0,0,0,0,0,0,0,0,0,0,0
23.0000000000001,0,0,0,0,0,0,0,0,0,0,0
23.0500000000001,0,0,0,0,0,0,0,0,0,0,0
23.1000000000001,0,0,0,0,0,0,0,0,0,0,0
23.1500000000001,0,0,0,0,0,0,0,0,0,0,0
23.200000000000102,0,0,0,0,0,0,0,0,0,0,0
23.250000000000103,0,0,0,0,0,0,0,0,0,0,0
23.300000000000104,0,0,0,0,0,0,0,0,0,0,0
23.350000000000104,0,0,0,0,0,0,0,0,0,0,0
23.400000000000105,0,0,0,0,0,0,0,0,0,0,0
23.450000000000106,0,0,0,0,0,0,0,0,0,0,0
23.500000000000107,0,0,0,0,0,0,0,0,0,0,0
23.550000000000107,0,0,0,0,0,0,0,0,0,0,0
23.600000000000108,0,0,0,0,0,0,0,0,0,0,0
23.65000000000011,0,0,0,0,0,0,0,0,0,0,0
23.70000000000011,0,0,0,0,0,0,0,0,0,0,0
23.75000000000011,0,0,0,0,0,0,0,0,0,0,0
23.80000000000011,0,0,0,0,0,0,0,0,0,0,0
23.85000000000011,0,0,0,0,0,0,0,0,0,0,0
23.900000000000112,0,0,0,0,0,0,0,0,0,0,0
23.950000000000113,0,0,0,0,0,0,0,0,0,0,0
24.000000000000114,0,0,0,0,0,0,0,0,0,0,0
24.050000000000114,0,0,0,0,0,0,0,0,0,0,0
24.100000000000115,0,0,0,0,0,0,0,0,0,0,0
24.150000000000116,0,0,0,0,0,0,0,0,0,0,0
24.200000000000117,0,0,0,0,0,0,0,0,0,0,0
24.250000000000117,0,0,0,0,0,0,0,0,0,0,0
24.300000000000118,0,0,0,0,0,0,0,0,0,0,0
24.35000000000012,0,0,0,0,0,0,0,0,0,0,0
24.40000000000012,0,0,0,0,0,0,0,0,0,0,0
24.45000000000012,0,0,0,0,0,0,0,0,0,0,0
24.50000000000012,0,0,0,0,0,0,0,0,0,0,0
24.55000000000012,0,0,0,0,0,0,0,0,0,0,0
24.600000000000122,0,0,0,0,0,0,0,0,0,0,0
24.650000000000123,0,0,0,0,0,0,0,0,0,0,0
24.700000000000124,0,0,0,0,0,0,0,0,0,0,0
24.750000000000124,0,0,0,0,0,0,0,0,0,0,0
24.800000000000125,0,0,0,0,0,0,0,0,0,0,0
24.850000000000126,0,0,0,0,0,0,0,0,0,0,0
24.900000000000126,0,0,0,0,0,0,0,0,0,0,0
24.950000000000127,0,0,0,0,0,0,0,0,0,0,0
25.000000000000128,0,0,0,0,0,0,0,0,0,0,0
25.05000000000013,0,0,0,0,0,0,0,0,0,0,0
25.10000000000013,0,0,0,0,0,0,0,0,0,0,0
25.15000000000013,0,0,0,0,0,0,0,0,0,0,0
25.20000000000013,0,0,0,0,0,0,0,0,0,0,0
25.25000000000013,0,0,0,0,0,0,0,0,0,0,0
25.300000000000132,0,0,0,0,0,0,0,0,0,0,0
25.350000000000133,0,0,0,0,0,0,0,0,0,0,0
25.400000000000134,0,0,0,0,0,0,0,0,0,0,0
25.450000000000134,0,0,0,0,0,0,0,0,0,0,0
25.500000000000135,0,0,0,0,0,0,0,0,0,0,0
25.550000000000136,0,0,0,0,0,0,0,0,0,0,0
25.600000000000136,0,0,0,0,0,0,0,0,0,0,0
25.650000000000137,0,0,0,0,0,0,0,0,0,0,0
25.700000000000138,0,0,0,0,0,0,0,0,0,0,0
25.75000000000014,0,0,0,0,0,0,0,0,0,0,0
25.80000000000014,0,0,0,0,0,0,0,0,0,0,0
25.85000000000014,0,0,0,0,0,0,0,0,0,0,0
25.90000000000014,0,0,0,0,0,0,0,0,0,0,0
25.95000000000014,0,0,0,0,0,0,0,0,0,0,0
26.000000000000142,0,0,0,0,0,0,0,0,0,0,0
26.050000000000143,0,0,0,0,0,0,0,0,0,0,0
26.100000000000144,0,0,0,0,0,0,0,0,0,0,0
26.150000000000144,0,0,0,0,0,0,0,0,0,0,0
26.200000000000145,0,0,0,0,0,0,0,0,0,0,0
26.250000000000146,0,0,0,0,0,0,0,0,0,0,0
26.300000000000146,0,0,0,0,0,0,0,0,0,0,0
26.350000000000147,0,0,0,0,0,0,0,0,0,0,0
26.400000000000148,0,0,0,0,0,0,0,0,0,0,0
26.45000000000015,0,0,0,0,0,0,0,0,0,0,0
26.50000000000015,0,0,0,0,0,0,0,0,0,0,0
26.55000000000015,0,0,0,0,0,0,0,0,0,0,0
26.60000000000015,0,0,0,0,0,0,0,0,0,0,0
26.65000000000015,0,0,0,0,0,0,0,0,0,0,0
26.700000000000152,0,0,0,0,0,0,0,0,0,0,0
26.750000000000153,0,0,0,0,0,0,0,0,0,0,0
26.800000000000153,0,0,0,0,0,0,0,0,0,0,0
26.850000000000154,0,0,0,0,0,0,0,0,0,0,0
26.900000000000155,0,0,0,0,0,0,0,0,0,0,0
26.950000000000156,0,0,0,0,0,0,0,0,0,0,0
27.000000000000156,0,0,0,0,0,0,0,0,0,0,0
27.050000000000157,0,0,0,0,0,0,0,0,0,0,0
27.100000000000158,0,0,0,0,0,0,0,0,0,0,0
27.15000000000016,0,0,0,0,0,0,0,0,0,0,0
27.20000000000016,0,0,0,0,0,0,0,0,0,0,0
27.25000000000016,0,0,0,0,0,0,0,0,0,0,0
27.30000000000016,0,0,0,0,0,0,0,0,0,0,0
27.35000000000016,0,0,0,0,0,0,0,0,0,0,0
27.400000000000162,0,0,0,0,0,0,0,0,0,0,0
27.450000000000163,0,0,0,0,0,0,0,0,0,0,0
27.500000000000163,0,0,0,0,0,0,0,0,0,0,0
27.550000000000164,0,0,0,0,0,0,0,0,0,0,0
27.600000000000165,0,0,0,0,0,0,0,0,0,0,0
27.650000000000166,0,0,0,0,0,0,0,0,0,0,0
27.700000000000166,0,0,0,0,0,0,0,0,0,0,0
27.750000000000167,0,0,0,0,0,0,0,0,0,0,0
27.800000000000168,0,0,0,0,0,0,0,0,0,0,0
27.85000000000017,0,0,0,0,0,0,0,0,0,0,0
27.90000000000017,0,0,0,0,0,0,0,0,0,0,0
27.95000000000017,0,0,0,0,0,0,0,0,0,0,0
28.00000000000017,0,0,0,0,0,0,0,0,0,0,0
28.05000000000017,0,0,0,0,0,0,0,0,0,0,0
28.100000000000172,0,0,0,0,0,0,0,0,0,0,0
28.150000000000173,0,0,0,0,0,0,0,0,0,0,0
28.200000000000173,0,0,0,0,0,0,0,0,0,0,0
28.250000000000174,0,0,0,0,0,0,0,0,0,0,0
28.300000000000175,0,0,0,0,0,0,0,0,0,0,0
28.350000000000176,0,0,0,0,0,0,0,0,0,0,0
28.400000000000176,0,0,0,0,0,0,0,0,0,0,0
28.450000000000177,0,0,0,0,0,0,0,0,0,0,0
28.500000000000178,0,0,0,0,0,0,0,0,0,0,0
28.55000000000018,0,0,0,0,0,0,0,0,0,0,0
28.60000000000018,0,0,0,0,0,0,0,0,0,0,0
28.65000000000018,0,0,0,0,0,0,0,0,0,0,0
28.70000000000018,0,0,0,0,0,0,0,0,0,0,0
28.75000000000018,0,0,0,0,0,0,0,0,0,0,0
28.800000000000182,0,0,0,0,0,0,0,0,0,0,0
28.850000000000183,0,0,0,0,0,0,0,0,0,0,0
28.900000000000183,0,0,0,0,0,0,0,0,0,0,0
28.950000000000184,0,0,0,0,0,0,0,0,0,0,0
29.000000000000185,0,0,0,0,0,0,0,0,0,0,0
29.050000000000185,0,0,0,0,0,0,0,0,0,0,0
29.100000000000186,0,0,0,0,0,0,0,0,0,0,0
29.150000000000187,0,0,0,0,0,0,0,0,0,0,0
29.200000000000188,0,0,0,0,0,0,0,0,0,0,0
29.25000000000019,0,0,0,0,0,0,0,0,0,0,0
29.30000000000019,0,0,0,0,0,0,0,0,0,0,0
29.35000000000019,0,0,0,0,0,0,0,0,0,0,0
29.40000000000019,0,0,0,0,0,0,0,0,0,0,0
29.45000000000019,0,0,0,0,0,0,0,0,0,0,0
29.500000000000192,0,0,0,0,0,0,0,0,0,0,0
29.550000000000193,0,0,0,0,0,0,0,0,0,0,0
29.600000000000193,0,0,0,0,0,0,0,0,0,0,0
29.650000000000194,0,0,0,0,0,0,0,0,0,0,0
29.700000000000195,0,0,0,0,0,0,0,0,0,0,0
29.750000000000195,0,0,0,0,0,0,0,0,0,0,0
29.800000000000196,0,0,0,0,0,0,0,0,0,0,0
29.850000000000197,0,0,0,0,0,0,0,0,0,0,0
29.900000000000198,0,0,0,0,0,0,0,0,0,0,0
29.9500000000002,0,0,0,0,0,0,0,0,0,0,0
30.0000000000002,0,0,0,0,0,0,0,0,0,0,0
30.0500000000002,0,0,0,0,0,0,0,0,0,0,0
30.1000000000002,0,0,0,0,0,0,0,0,0,0,0
30.1500000000002,0,0,0,0,0,0,0,0,0,0,0
30.200000000000202,0,0,0,0,0,0,0,0,0,0,0
30.250000000000203,0,0,0,0,0,0,0,0,0,0,0
30.300000000000203,0,0,0,0,0,0,0,0,0,0,0
30.350000000000204,0,0,0,0,0,0,0,0,0,0,0
30.400000000000205,0,0,0,0,0,0,0,0,0,0,0
30.450000000000205,0,0,0,0,0,0,0,0,0,0,0
30.500000000000206,0,0,0,0,0,0,0,0,0,0,0
30.550000000000207,0,0,0,0,0,0,0,0,0,0,0
30.600000000000207,0,0,0,0,0,0,0,0,0,0,0
30.650000000000208,0,0,0,0,0,0,0,0,0,0,0
30.70000000000021,0,0,0,0,0,0,0,0,0,0,0
30.75000000000021,0,0,0,0,0,0,0,0,0,0,0
30.80000000000021,0,0,0,0,0,0,0,0,0,0,0
30.85000000000021,0,0,0,0,0,0,0,0,0,0,0
30.90000000000021,0,0,0,0,0,0,0,0,0,0,0
30.950000000000212,0,0,0,0,0,0,0,0,0,0,0
31.000000000000213,0,0,0,0,0,0,0,0,0,0,0
31.050000000000214,0,0,0,0,0,0,0,0,0,0,0
31.100000000000215,0,0,0,0,0,0,0,0,0,0,0
31.150000000000215,0,0,0,0,0,0,0,0,0,0,0
31.200000000000216,0,0,0,0,0,0,0,0,0,0,0
31.250000000000217,0,0,0,0,0,0,0,0,0,0,0
31.300000000000217,0,0,0,0,0,0,0,0,0,0,0
31.350000000000218,0,0,0,0,0,0,0,0,0,0,0
31.40000000000022,0,0,0,0,0,0,0,0,0,0,0
31.45000000000022,0,0,0,0,0,0,0,0,0,0,0
31.50000000000022,0,0,0,0,0,0,0,0,0,0,0
31.55000000000022,0,0,0,0,0,0,0,0,0,0,0
31.60000000000022,0,0,0,0,0,0,0,0,0,0,0
31.650000000000222,0,0,0,0,0,0,0,0,0,0,0
31.700000000000223,0,0,0,0,0,0,0,0,0,0,0
31.750000000000224,0,0,0,0,0,0,0,0,0,0,0
31.800000000000225,0,0,0,0,0,0,0,0,0,0,0
31.850000000000225,0,0,0,0,0,0,0,0,0,0,0
31.900000000000226,0,0,0,0,0,0,0,0,0,0,0
31.950000000000227,0,0,0,0,0,0,0,0,0,0,0
*****
16,0.05,1000,0,0.4,10,100,0.75,1.0,0.85,1.0,0.1
16,1000,1000,1000,1000,1000,0,0,0,0,0,0
16.05,1055,1055,1055,1055,1055,0,0,0,0,0,0
16.1,1015,1015,1015,1015,1015,0,0,0,0,0,0
16.150000000000002,986,986,986,986,986,0,0,0,0,0,0
16.200000000000003,1031,1031,1028,1031,1031,0,0,0,0,0,0
16.250000000000004,1011,1011,1011,1011,1011,0,0,0,0,0,0
16.300000000000004,1000,1000,997,1000,1000,0,0,0,0,0,0
16.350000000000005,1017,1017,1015,1017,1017,0,0,0,0,0,0
16.400000000000006,1012,1012,1005,1012,1012,0,0,0,0,0,0
16.450000000000006,964,964,942,964,964,0,0,0,0,0,0
16.500000000000007,1066,1066,1051,1066,1066,0,0,0,0,0,0
16.550000000000008,1078,1078,1050,1078,1078,0,0,0,0,0,0
16.60000000000001,1003,1003,968,1003,1003,0,0,0,0,0,0
16.65000000000001,950,950,899,950,950,0,0,0,0,0,0
16.70000000000001,1012,1012,941,1012,1012,0,0,0,0,0,0
16.75000000000001,1023,1023,934,1023,1023,0,0,0,0,0,0
16.80000000000001,1033,1033,904,1033,1033,0,0,0,0,0,0
16.850000000000012,1008,1008,850,1008,1008,0,0,0,0,0,0
16.900000000000013,951,951,775,951,951,0,0,0,0,0,0
16.950000000000014,1017,1017,791,1017,1017,0,0,0,0,0,0
17.000000000000014,991,991,715,991,991,0,0,0,0,0,0
17.050000000000015,1025,1025,685,1025,1025,0,0,0,0,0,0
17.100000000000016,1011,1011,619,1011,1011,0,0,0,0,0,0
17.150000000000016,1020,1016,589,1020,1020,0,0,0,0,0,0
17.200000000000017,979,973,480,979,979,0,0,0,0,0,0
17.250000000000018,1067,1046,487,1067,1067,0,0,0,0,0,0
17.30000000000002,1024,986,394,1024,1024,0,0,0,0,0,0
17.35000000000002,999,952,318,999,999,0,0,0,0,0,0
17.40000000000002,1002,923,250,1002,1000,0,0,0,0,0,0
17.45000000000002,974,864,210,974,971,0,0,0,0,0,0
17.50000000000002,999,851,184,999,988,0,0,0,0,0,0
17.550000000000022,1032,789,148,1032,1015,0,0,0,0,0,0
17.600000000000023,1032,706,111,1030,998,0,0,0,0,0,0
17.650000000000023,954,591,66,951,906,0,0,0,0,0,0
17.700000000000024,1047,544,55,1046,954,0,0,0,0,0,0
17.750000000000025,950,400,46,949,827,0,0,0,0,0,0
17.800000000000026,1030,363,35,1026,848,0,0,0,0,0,0
17.850000000000026,1030,303,22,1019,789,0,0,0,0,0,0
17.900000000000027,1004,226,20,991,669,0,0,0,0,0,0
17.950000000000028,1055,186,15,1032,633,0,0,0,0,0,0
18.00000000000003,989,118,5,946,483,0,0,0,0,0,0
18.05000000000003,989,76,4,914,395,0,0,0,0,0,0
18.10000000000003,1037,55,4,915,296,0,0,0,0,0,0
18.15000000000003,1009,43,1,833,248,0,0,0,0,0,0
18.20000000000003,1009,29,3,774,185,0,0,0,0,0,0
18.250000000000032,1019,11,0,724,129,0,0,0,0,0,0
18.300000000000033,991,9,0,617,94,0,0,0,0,0,0
18.350000000000033,1023,2,1,536,60,0,0,0,0,0,0
18.400000000000034,999,2,0,430,43,0,0,0,0,0,0
18.450000000000035,1004,2,0,317,22,0,0,0,0,0,0
18.500000000000036,1018,1,1,279,20,0,0,0,0,0,0
18.550000000000036,947,1,1,199,8,0,0,0,0,0,0
18.600000000000037,1061,2,0,166,5,0,0,0,0,0,0
18.650000000000038,983,1,0,88,3,0,0,0,0,0,0
18.70000000000004,956,0,0,68,0,0,0,0,0,0,0
18.75000000000004,989,0,0,59,2,0,0,0,0,0,0
18.80000000000004,983,0,0,28,0,0,0,0,0,0,0
18.85000000000004,986,0,0,21,0,0,0,0,0,0,0
18.90000000000004,942,0,0,12,0,0,0,0,0,0,0
18.950000000000042,972,0,0,9,1,0,0,0,0,0,0
19.000000000000043,926,0,0,1,0,0,0,0,0,0,0
19.050000000000043,862,0,0,5,0,0,0,0,0,0,0
19.100000000000044,883,0,0,2,0,0,0,0,0,0,0
19.150000000000045,805,0,0,0,0,0,0,0,0,0,0
19.200000000000045,674,0,0,0,0,0,0,0,0,0,0
19.250000000000046,567,0,0,0,0,0,0,0,0,0,0
19.300000000000047,394,0,0,0,0,0,0,0,0,0,0
19.350000000000048,326,0,0,0,0,0,0,0,0,0,0
19.40000000000005,250,0,0,0,0,0,0,0,0,0,0
19.45000000000005,139,0,0,0,0,0,0,0,0,0,0
19.50000000000005,64,0,0,0,0,0,0,0,0,0,0
19.55000000000005,0,0,0,0,0,0,0,0,0,0,0
19.60000000000005,0,0,0,0,0,0,0,0,0,0,0
19.650000000000052,0,0,0,0,0,0,0,0,0,0,0
19.700000000000053,0,0,0,0,0,0,0,0,0,0,0
19.750000000000053,0,0,0,0,0,0,0,0,0,0,0
19.800000000000054,0,0,0,0,0,0,0,0,0,0,0
19.850000000000055,0,0,0,0,0,0,0,0,0,0,0
19.900000000000055,0,0,0,0,0,0,0,0,0,0,0
19.950000000000056,0,0,0,0,0,0,0,0,0,0,0
20.000000000000057,0,0,0,0,0,0,0,0,0,0,0
20.050000000000058,0,0,0,0,0,0,0,0,0,0,0
20.10000000000006,0,0,0,0,0,0,0,0,0,0,0
20.15000000000006,0,0,0,0,0,0,0,0,0,0,0
20.20000000000006,0,0,0,0,0,0,0,0,0,0,0
20.25000000000006,0,0,0,0,0,0,0,0,0,0,0
20.30000000000006,0,0,0,0,0,0,0,0,0,0,0
20.350000000000062,0,0,0,0,0,0,0,0,0,0,0
20.400000000000063,0,0,0,0,0,0,0,0,0,0,0
20.450000000000063,0,0,0,0,0,0,0,0,0,0,0
20.500000000000064,0,0,0,0,0,0,0,0,0,0,0
20.550000000000065,0,0,0,0,0,0,0,0,0,0,0
20.600000000000065,0,0,0,0,0,0,0,0,0,0,0
20.650000000000066,0,0,0,0,0,0,0,0,0,0,0
20.700000000000067,0,0,0,0,0,0,0,0,0,0,0
20.750000000000068,0,0,0,0,0,0,0,0,0,0,0
20.800000000000068,0,0,0,0,0,0,0,0,0,0,0
20.85000000000007,0,0,0,0,0,0,0,0,0,0,0
20.90000000000007,0,0,0,0,0,0,0,0,0,0,0
20.95000000000007,0,0,0,0,0,0,0,0,0,0,0
21.00000000000007,0,0,0,0,0,0,0,0,0,0,0
21.05000000000007,0,0,0,0,0,0,0,0,0,0,0
21.100000000000072,0,0,0,0,0,0,0,0,0,0,0
21.150000000000073,0,0,0,0,0,0,0,0,0,0,0
21.200000000000074,0,0,0,0,0,0,0,0,0,0,0
21.250000000000075,0,0,0,0,0,0,0,0,0,0,0
21.300000000000075,0,0,0,0,0,0,0,0,0,0,0
21.350000000000076,0,0,0,0,0,0,0,0,0,0,0
21.400000000000077,0,0,0,0,0,0,0,0,0,0,0
21.450000000000077,0,0,0,0,0,0,0,0,0,0,0
21.500000000000078,0,0,0,0,0,0,0,0,0,0,0
21.55000000000008,0,0,0,0,0,0,0,0,0,0,0
21.60000000000008,0,0,0,0,0,0,0,0,0,0,0
21.65000000000008,0,0,0,0,0,0,0,0,0,0,0
21.70000000000008,0,0,0,0,0,0,0,0,0,0,0
21.75000000000008,0,0,0,0,0,0,0,0,0,0,0
21.800000000000082,0,0,0,0,0,0,0,0,0,0,0
21.850000000000083,0,0,0,0,0,0,0,0,0,0,0
21.900000000000084,0,0,0,0,0,0,0,0,0,0,0
21.950000000000085,0,0,0,0,0,0,0,0,0,0,0
22.000000000000085,0,0,0,0,0,0,0,0,0,0,0
22.050000000000086,0,0,0,0,0,0,0,0,0,0,0
22.100000000000087,0,0,0,0,0,0,0,0,0,0,0
22.150000000000087,0,0,0,0,0,0,0,0,0,0,0
22.200000000000088,0,0,0,0,0,0,0,0,0,0,0
22.25000000000009,0,0,0,0,0,0,0,0,0,0,0
22.30000000000009,0,0,0,0,0,0,0,0,0,0,0
22.35000000000009,0,0,0,0,0,0,0,0,0,0,0
22.40000000000009,0,0,0,0,0,0,0,0,0,0,0
22.45000000000009,0,0,0,0,0,0,0,0,0,0,0
22.500000000000092,0,0,0,0,0,0,0,0,0,0,0
22.550000000000093,0,0,0,0,0,0,0,0,0,0,0
22.600000000000094,0,0,0,0,0,0,0,0,0,0,0
22.650000000000095,0,0,0,0,0,0,0,0,0,0,0
22.700000000000095,0,0,0,0,0,0,0,0,0,0,0
22.750000000000096,0,0,0,0,0,0,0,0,0,0,0
22.800000000000097,0,0,0,0,0,0,0,0,0,0,0
22.850000000000097,0,0,0,0,0,0,0,0,0,0,0
22.900000000000098,0,0,0,0,0,0,0,0,0,0,0
22.9500000000001,0,0,0,0,0,0,0,0,0,0,0
23.0000000000001,0,0,0,0,0,0,0,0,0,0,0
23.0500000000001,0,0,0,0,0,0,0,0,0,0,0
23.1000000000001,0,0,0,0,0,0,0,0,0,0,0
23.1500000000001,0,0,0,0,0,0,0,0,0,0,0
23.200000000000102,0,0,0,0,0,0,0,0,0,0,0
23.250000000000103,0,0,0,0,0,0,0,0,0,0,0
23.300000000000104,0,0,0,0,0,0,0,0,0,0,0
23.350000000000104,0,0,0,0,0,0,0,0,0,0,0
23.400000000000105,0,0,0,0,0,0,0,0,0,0,0
23.450000000000106,0,0,0,0,0,0,0,0,0,0,0
23.500000000000107,0,0,0,0,0,0,0,0,0,0,0
23.550000000000107,0,0,0,0,0,0,0,0,0,0,0
23.600000000000108,0,0,0,0,0,0,0,0,0,0,0
23.65000000000011,0,0,0,0,0,0,0,0,0,0,0
23.70000000000011,0,0,0,0,0,0,0,0,0,0,0
23.75000000000011,0,0,0,0,0,0,0,0,0,0,0
23.80000000000011,0,0,0,0,0,0,0,0,0,0,0
23.85000000000011,0,0,0,0,0,0,0,0,0,0,0
23.900000000000112,0,0,0,0,0,0,0,0,0,0,0
23.950000000000113,0,0,0,0,0,0,0,0,0,0,0
24.000000000000114,0,0,0,0,0,0,0,0,0,0,0
24.050000000000114,0,0,0,0,0,0,0,0,0,0,0
24.100000000000115,0,0,0,0,0,0,0,0,0,0,0
24.150000000000116,0,0,0,0,0,0,0,0,0,0,0
24.200000000000117,0,0,0,0,0,0,0,0,0,0,0
24.250000000000117,0,0,0,0,0,0,0,0,0,0,0
24.300000000000118,0,0,0,0,0,0,0,0,0,0,0
24.35000000000012,0,0,0,0,0,0,0,0,0,0,0
24.40000000000012,0,0,0,0,0,0,0,0,0,0,0
24.45000000000012,0,0,0,0,0,0,0,0,0,0,0
24.50000000000012,0,0,0,0,0,0,0,0,0,0,0
24.55000000000012,0,0,0,0,0,0,0,0,0,0,0
24.600000000000122,0,0,0,0,0,0,0,0,0,0,0
24.650000000000123,0,0,0,0,0,0,0,0,0,0,0
24.700000000000124,0,0,0,0,0,0,0,0,0,0,0
24.750000000000124,0,0,0,0,0,0,0,0,0,0,0
24.800000000000125,0,0,0,0,0,0,0,0,0,0,0
24.850000000000126,0,0,0,0,0,0,0,0,0,0,0
24.900000000000126,0,0,0,0,0,0,0,0,0,0,0
24.950000000000127,0,0,0,0,0,0,0,0,0,0,0
25.000000000000128,0,0,0,0,0,0,0,0,0,0,0
25.05000000000013,0,0,0,0,0,0,0,0,0,0,0
25.10000000000013,0,0,0,0,0,0,0,0,0,0,0
25.15000000000013,0,0,0,0,0,0,0,0,0,0,0
25.20000000000013,0,0,0,0,0,0,0,0,0,0,0
25.25000000000013,0,0,0,0,0,0,0,0,0,0,0
25.300000000000132,0,0,0,0,0,0,0,0,0,0,0
25.350000000000133,0,0,0,0,0,0,0,0,0,0,0
25.400000000000134,0,0,0,0,0,0,0,0,0,0,0
25.450000000000134,0,0,0,0,0,0,0,0,0,0,0
25.500000000000135,0,0,0,0,0,0,0,0,0,0,0
25.550000000000136,0,0,0,0,0,0,0,0,0,0,0
25.600000000000136,0,0,0,0,0,0,0,0,0,0,0
25.650000000000137,0,0,0,0,0,0,0,0,0,0,0
25.700000000000138,0,0,0,0,0,0,0,0,0,0,0
25.75000000000014,0,0,0,0,0,0,0,0,0,0,0
25.80000000000014,0,0,0,0,0,0,0,0,0,0,0
25.85000000000014,0,0,0,0,0,0,0,0,0,0,0
25.90000000000014,0,0,0,0,0,0,0,0,0,0,0
25.95000000000014,0,0,0,0,0,0,0,0,0,0,0
26.000000000000142,0,0,0,0,0,0,0,0,0,0,0
26.050000000000143,0,0,0,0,0,0,0,0,0,0,0
26.100000000000144,0,0,0,0,0,0,0,0,0,0,0
26.150000000000144,0,0,0,0,0,0,0,0,0,0,0
26.200000000000145,0,0,0,0,0,0,0,0,0,0,0
26.250000000000146,0,0,0,0,0,0,0,0,0,0,0
26.300000000000146,0,0,0,0,0,0,0,0,0,0,0
26.350000000000147,0,0,0,0,0,0,0,0,0,0,0
26.400000000000148,0,0,0,0,0,0,0,0,0,0,0
26.45000000000015,0,0,0,0,0,0,0,0,0,0,0
26.50000000000015,0,0,0,0,0,0,0,0,0,0,0
26.55000000000015,0,0,0,0,0,0,0,0,0,0,0
26.60000000000015,0,0,0,0,0,0,0,0,0,0,0
26.65000000000015,0,0,0,0,0,0,0,0,0,0,0
26.700000000000152,0,0,0,0,0,0,0,0,0,0,0
26.750000000000153,0,0,0,0,0,0,0,0,0,0,0
26.800000000000153,0,0,0,0,0,0,0,0,0,0,0
26.850000000000154,0,0,0,0,0,0,0,0,0,0,0
26.900000000000155,0,0,0,0,0,0,0,0,0,0,0
26.950000000000156,0,0,0,0,0,0,0,0,0,0,0
27.000000000000156,0,0,0,0,0,0,0,0,0,0,0
27.050000000000157,0,0,0,0,0,0,0,0,0,0,0
27.100000000000158,0,0,0,0,0,0,0,0,0,0,0
27.15000000000016,0,0,0,0,0,0,0,0,0,0,0
27.20000000000016,0,0,0,0,0,0,0,0,0,0,0
27.25000000000016,0,0,0,0,0,0,0,0,0,0,0
27.30000000000016,0,0,0,0,0,0,0,0,0,0,0
27.35000000000016,0,0,0,0,0,0,0,0,0,0,0
27.400000000000162,0,0,0,0,0,0,0,0,0,0,0
27.450000000000163,0,0,0,0,0,0,0,0,0,0,0
27.500000000000163,0,0,0,0,0,0,0,0,0,0,0
27.550000000000164,0,0,0,0,0,0,0,0,0,0,0
27.600000000000165,0,0,0,0,0,0,0,0,0,0,0
27.650000000000166,0,0,0,0,0,0,0,0,0,0,0
27.700000000000166,0,0,0,0,0,0,0,0,0,0,0
27.750000000000167,0,0,0,0,0,0,0,0,0,0,0
27.800000000000168,0,0,0,0,0,0,0,0,0,0,0
27.85000000000017,0,0,0,0,0,0,0,0,0,0,0
27.90000000000017,0,0,0,0,0,0,0,0,0,0,0
27.95000000000017,0,0,0,0,0,0,0,0,0,0,0
28.00000000000017,0,0,0,0,0,0,0,0,0,0,0
28.05000000000017,0,0,0,0,0,0,0,0,0,0,0
28.100000000000172,0,0,0,0,0,0,0,0,0,0,0
28.150000000000173,0,0,0,0,0,0,0,0,0,0,0
28.200000000000173,0,0,0,0,0,0,0,0,0,0,0
28.250000000000174,0,0,0,0,0,0,0,0,0,0,0
28.300000000000175,0,0,0,0,0,0,0,0,0,0,0
28.350000000000176,0,0,0,0,0,0,0,0,0,0,0
28.400000000000176,0,0,0,0,0,0,0,0,0,0,0
28.450000000000177,0,0,0,0,0,0,0,0,0,0,0
28.500000000000178,0,0,0,0,0,0,0,0,0,0,0
28.55000000000018,0,0,0,0,0,0,0,0,0,0,0
28.60000000000018,0,0,0,0,0,0,0,0,0,0,0
28.65000000000018,0,0,0,0,0,0,0,0,0,0,0
28.70000000000018,0,0,0,0,0,0,0,0,0,0,0
28.75000000000018,0,0,0,0,0,0,0,0,0,0,0
28.800000000000182,0,0,0,0,0,0,0,0,0,0,0
28.850000000000183,0,0,0,0,0,0,0,0,0,0,0
28.900000000000183,0,0,0,0,0,0,0,0,0,0,0
28.950000000000184,0,0,0,0,0,0,0,0,0,0,0
29.000000000000185,0,0,0,0,0,0,0,0,0,0,0
29.050000000000185,0,0,0,0,0,0,0,0,0,0,0
29.100000000000186,0,0,0,0,0,0,0,0,0,0,0
29.150000000000187,0,0,0,0,0,0,0,0,0,0,0
29.200000000000188,0,0,0,0,0,0,0,0,0,0,0
29.25000000000019,0,0,0,0,0,0,0,0,0,0,0
29.30000000000019,0,0,0,0,0,0,0,0,0,0,0
29.35000000000019,0,0,0,0,0,0,0,0,0,0,0
29.40000000000019,0,0,0,0,0,0,0,0,0,0,0
29.45000000000019,0,0,0,0,0,0,0,0,0,0,0
29.500000000000192,0,0,0,0,0,0,0,0,0,0,0
29.550000000000193,0,0,0,0,0,0,0,0,0,0,0
29.600000000000193,0,0,0,0,0,0,0,0,0,0,0
29.650000000000194,0,0,0,0,0,0,0,0,0,0,0
29.700000000000195,0,0,0,0,0,0,0,0,0,0,0
29.750000000000195,0,0,0,0,0,0,0,0,0,0,0
29.800000000000196,0,0,0,0,0,0,0,0,0,0,0
29.850000000000197,0,0,0,0,0,0,0,0,0,0,0
29.900000000000198,0,0,0,0,0,0,0,0,0,0,0
29.9500000000002,0,0,0,0,0,0,0,0,0,0,0
30.0000000000002,0,0,0,0,0,0,0,0,0,0,0
30.0500000000002,0,0,0,0,0,0,0,0,0,0,0
30.1000000000002,0,0,0,0,0,0,0,0,0,0,0
30.1500000000002,0,0,0,0,0,0,0,0,0,0,0
30.200000000000202,0,0,0,0,0,0,0,0,0,0,0
30.250000000000203,0,0,0,0,0,0,0,0,0,0,0
30.300000000000203,0,0,0,0,0,0,0,0,0,0,0
30.350000000000204,0,0,0,0,0,0,0,0,0,0,0
30.400000000000205,0,0,0,0,0,0,0,0,0,0,0
30.450000000000205,0,0,0,0,0,0,0,0,0,0,0
30.500000000000206,0,0,0,0,0,0,0,0,0,0,0
30.550000000000207,0,0,0,0,0,0,0,0,0,0,0
30.600000000000207,0,0,0,0,0,0,0,0,0,0,0
30.650000000000208,0,0,0,0,0,0,0,0,0,0,0
30.70000000000021,0,0,0,0,0,0,0,0,0,0,0
30.75000000000021,0,0,0,0,0,0,0,0,0,0,0
30.80000000000021,0,0,0,0,0,0,0,0,0,0,0
30.85000000000021,0,0,0,0,0,0,0,0,0,0,0
30.90000000000021,0,0,0,0,0,0,0,0,0,0,0
30.950000000000212,0,0,0,0,0,0,0,0,0,0,0
31.000000000000213,0,0,0,0,0,0,0,0,0,0,0
31.050000000000214,0,0,0,0,0,0,0,0,0,0,0
31.100000000000215,0,0,0,0,0,0,0,0,0,0,0
31.150000000000215,0,0,0,0,0,0,0,0,0,0,0
31.200000000000216,0,0,0,0,0,0,0,0,0,0,0
31.250000000000217,0,0,0,0,0,0,0,0,0,0,0
31.300000000000217,0,0,0,0,0,0,0,0,0,0,0
31.350000000000218,0,0,0,0,0,0,0,0,0,0,0
31.40000000000022,0,0,0,0,0,0,0,0,0,0,0
31.45000000000022,0,0,0,0,0,0,0,0,0,0,0
31.50000000000022,0,0,0,0,0,0,0,0,0,0,0
31.55000000000022,0,0,0,0,0,0,0,0,0,0,0
31.60000000000022,0,0,0,0,0,0,0,0,0,0,0
31.650000000000222,0,0,0,0,0,0,0,0,0,0,0
31.700000000000223,0,0,0,0,0,0,0,0,0,0,0
31.750000000000224,0,0,0,0,0,0,0,0,0,0,0
31.800000000000225,0,0,0,0,0,0,0,0,0,0,0
31.850000000000225,0,0,0,0,0,0,0,0,0,0,0
31.900000000000226,0,0,0,0,0,0,0,0,0,0,0
31.950000000000227,0,0,0,0,0,0,0,0,0,0,0
*****
16,0.05,1000,0.3,0.7,10,100,0.75,1.0,0.85,1.0,0.1
16,1000,1000,1000,1000,1000,0,0,0,0,0,0
16.05,1001,1001,1001,1001,1001,0,0,0,0,0,0
16.1,963,963,963,962,963,0,0,0,0,0,0
16.150000000000002,951,951,951,951,951,0,0,0,0,0,0
16.200000000000003,935,935,935,935,935,0,0,0,0,0,0
16.250000000000004,958,958,958,957,958,0,0,0,0,0,0
16.300000000000004,969,969,969,969,969,0,0,0,0,0,0
16.350000000000005,929,929,929,929,929,0,0,0,0,0,0
16.400000000000006,998,998,998,998,998,0,0,0,0,0,0
16.450000000000006,1022,1022,1022,1022,1022,0,0,0,0,0,0
16.500000000000007,1033,1033,1033,1033,1033,0,0,0,0,0,0
16.550000000000008,923,923,923,923,923,0,0,0,0,0,0
16.60000000000001,980,980,980,980,980,0,0,0,0,0,0
16.65000000000001,969,969,969,968,969,0,0,0,0,0,0
16.70000000000001,954,954,954,954,954,0,0,0,0,0,0
16.75000000000001,973,973,973,972,973,0,0,0,0,0,0
16.80000000000001,993,993,993,993,993,0,0,0,0,0,0
16.850000000000012,982,980,982,982,982,0,0,0,0,0,0
16.900000000000013,951,949,951,951,951,0,0,0,0,0,0
16.950000000000014,962,960,962,962,962,0,0,0,0,0,0
17.000000000000014,934,933,934,934,934,0,0,0,0,0,0
17.050000000000015,993,983,993,992,993,0,0,0,0,0,0
17.100000000000016,987,981,987,987,987,0,0,0,0,0,0
17.150000000000016,1007,992,1005,1007,1007,0,0,0,0,0,0
17.200000000000017,1008,992,1008,1007,1008,0,0,0,0,0,0
17.250000000000018,969,942,969,968,969,0,0,0,0,0,0
17.30000000000002,938,902,933,938,938,0,0,0,0,0,0
17.35000000000002,950,908,945,947,949,0,0,0,0,0,0
17.40000000000002,949,902,945,947,949,0,0,0,0,0,0
17.45000000000002,955,859,941,949,951,0,0,0,0,0,0
17.50000000000002,954,858,935,945,952,0,0,0,0,0,0
17.550000000000022,1010,884,987,996,1004,0,0,0,0,0,0
17.600000000000023,958,817,929,945,953,0,0,0,0,0,0
17.650000000000023,953,789,918,940,944,0,0,0,0,0,0
17.700000000000024,1028,794,977,1004,1012,0,0,0,0,0,0
17.750000000000025,994,713,926,951,965,0,0,0,0,0,0
17.800000000000026,1034,707,950,984,999,0,0,0,0,0,0
17.850000000000026,896,591,803,851,864,0,0,0,0,0,0
17.900000000000027,968,583,832,895,917,0,0,0,0,0,0
17.950000000000028,1012,527,822,909,923,0,0,0,0,0,0
18.00000000000003,951,449,752,857,848,0,0,0,0,0,0
18.05000000000003,982,428,731,838,844,0,0,0,0,0,0
18.10000000000003,940,380,671,775,775,0,0,0,0,0,0
18.15000000000003,994,352,652,813,785,0,0,0,0,0,0
18.20000000000003,1004,308,621,776,763,0,0,0,0,0,0
18.250000000000032,1015,258,542,759,698,0,0,0,0,0,0
18.300000000000033,963,230,456,695,602,0,0,0,0,0,0
18.350000000000033,954,193,417,636,551,0,0,0,0,0,0
18.400000000000034,929,137,376,602,503,0,0,0,0,0,0
18.450000000000035,965,100,310,532,460,0,0,0,0,0,0
18.500000000000036,1012,109,289,543,400,0,0,0,0,0,0
18.550000000000036,968,86,250,479,362,0,0,0,0,0,0
18.600000000000037,980,68,207,411,309,0,0,0,0,0,0
18.650000000000038,983,63,199,394,286,0,0,0,0,0,0
18.70000000000004,995,43,151,367,239,0,0,0,0,0,0
18.75000000000004,1004,39,122,315,191,0,0,0,0,0,0
18.80000000000004,998,23,96,258,151,0,0,0,0,0,0
18.85000000000004,953,21,56,187,103,0,0,0,0,0,0
18.90000000000004,987,14,53,194,95,0,0,0,0,0,0
18.950000000000042,945,9,37,155,66,0,0,0,0,0,0
19.000000000000043,991,10,35,136,59,0,0,0,0,0,0
19.050000000000043,942,4,25,88,42,0,0,0,0,0,0
19.100000000000044,958,6,25,87,39,0,0,0,0,0,0
19.150000000000045,984,5,17,67,32,0,0,0,0,0,0
19.200000000000045,992,3,15,47,22,0,0,0,0,0,0
19.250000000000046,978,2,12,45,19,0,0,0,0,0,0
19.300000000000047,915,2,4,28,10,0,0,0,0,0,0
19.350000000000048,975,0,1,22,5,0,0,0,0,0,0
19.40000000000005,981,0,3,18,4,0,0,0,0,0,0
19.45000000000005,982,0,3,10,5,0,0,0,0,0,0
19.50000000000005,992,0,1,10,2,0,0,0,0,0,0
19.55000000000005,1035,0,1,8,2,0,0,0,0,0,0
19.60000000000005,950,0,0,6,1,0,0,0,0,0,0
19.650000000000052,928,0,0,3,1,0,0,0,0,0,0
19.700000000000053,930,0,1,4,1,0,0,0,0,0,0
19.750000000000053,962,0,0,0,0,0,0,0,0,0,0
19.800000000000054,937,0,0,0,0,0,0,0,0,0,0
19.850000000000055,928,0,0,1,0,0,0,0,0,0,0
19.900000000000055,909,0,0,0,0,0,0,0,0,0,0
19.950000000000056,906,0,0,0,0,0,0,0,0,0,0
20.000000000000057,876,0,0,0,0,0,0,0,0,0,0
20.050000000000058,783,0,0,0,0,0,0,0,0,0,0
20.10000000000006,699,0,0,0,0,0,0,0,0,0,0
20.15000000000006,666,0,0,1,0,0,0,0,0,0,0
20.20000000000006,555,0,0,0,0,0,0,0,0,0,0
20.25000000000006,473,0,0,0,0,0,0,0,0,0,0
20.30000000000006,341,0,0,0,0,0,0,0,0,0,0
20.350000000000062,229,0,0,0,0,0,0,0,0,0,0
20.400000000000063,169,0,0,0,0,0,0,0,0,0,0
20.450000000000063,104,0,0,0,0,0,0,0,0,0,0
20.500000000000064,127,0,0,0,0,0,0,0,0,0,0
20.550000000000065,78,0,0,0,0,0,0,0,0,0,0
20.600000000000065,20,0,0,0,0,0,0,0,0,0,0
20.650000000000066,14,0,0,0,0,0,0,0,0,0,0
20.700000000000067,15,0,0,0,0,0,0,0,0,0,0
20.750000000000068,16,0,0,0,0,0,0,0,0,0,0
20.800000000000068,16,0,0,0,0,0,0,0,0,0,0
20.85000000000007,11,0,0,0,0,0,0,0,0,0,0
20.90000000000007,0,0,0,0,0,0,0,0,0,0,0
20.95000000000007,0,0,0,0,0,0,0,0,0,0,0
21.00000000000007,0,0,0,0,0,0,0,0,0,0,0
21.05000000000007,0,0,0,0,0,0,0,0,0,0,0
21.100000000000072,0,0,0,0,0,0,0,0,0,0,0
21.150000000000073,0,0,0,0,0,0,0,0,0,0,0
21.200000000000074,0,0,0,0,0,0,0,0,0,0,0
21.250000000000075,0,0,0,0,0,0,0,0,0,0,0
21.300000000000075,0,0,0,0,0,0,0,0,0,0,0
21.350000000000076,0,0,0,0,0,0,0,0,0,0,0
21.400000000000077,0,0,0,0,0,0,0,0,0,0,0
21.450000000000077,0,0,0,0,0,0,0,0,0,0,0
21.500000000000078,0,0,0,0,0,0,0,0,0,0,0
21.55000000000008,0,0,0,0,0,0,0,0,0,0,0
21.60000000000008,0,0,0,0,0,0,0,0,0,0,0
21.65000000000008,0,0,0,0,0,0,0,0,0,0,0
21.70000000000008,0,0,0,0,0,0,0,0,0,0,0
21.75000000000008,0,0,0,0,0,0,0,0,0,0,0
21.800000000000082,0,0,0,0,0,0,0,0,0,0,0
21.850000000000083,0,0,0,0,0,0,0,0,0,0,0
21.900000000000084,0,0,0,0,0,0,0,0,0,0,0
21.950000000000085,0,0,0,0,0,0,0,0,0,0,0
22.000000000000085,0,0,0,0,0,0,0,0,0,0,0
22.050000000000086,0,0,0,0,0,0,0,0,0,0,0
22.100000000000087,0,0,0,0,0,0,0,0,0,0,0
22.150000000000087,0,0,0,0,0,0,0,0,0,0,0
22.200000000000088,0,0,0,0,0,0,0,0,0,0,0
22.25000000000009,0,0,0,0,0,0,0,0,0,0,0
22.30000000000009,0,0,0,0,0,0,0,0,0,0,0
22.35000000000009,0,0,0,0,0,0,0,0,0,0,0
22.40000000000009,0,0,0,0,0,0,0,0,0,0,0
22.45000000000009,0,0,0,0,0,0,0,0,0,0,0
22.500000000000092,0,0,0,0,0,0,0,0,0,0,0
22.550000000000093,0,0,0,0,0,0,0,0,0,0,0
22.600000000000094,0,0,0,0,0,0,0,0,0,0,0
22.650000000000095,0,0,0,0,0,0,0,0,0,0,0
22.700000000000095,0,0,0,0,0,0,0,0,0,0,0
22.750000000000096,0,0,0,0,0,0,0,0,0,0,0
22.800000000000097,0,0,0,0,0,0,0,0,0,0,0
22.850000000000097,0,0,0,0,0,0,0,0,0,0,0
22.900000000000098,0,0,0,0,0,0,0,0,0,0,0
22.9500000000001,0,0,0,0,0,0,0,0,0,0,0
23.0000000000001,0,0,0,0,0,0,0,0,0,0,0
23.0500000000001,0,0,0,0,0,0,0,0,0,0,0
23.1000000000001,0,0,0,0,0,0,0,0,0,0,0
23.1500000000001,0,0,0,0,0,0,0,0,0,0,0
23.200000000000102,0,0,0,0,0,0,0,0,0,0,0
23.250000000000103,0,0,0,0,0,0,0,0,0,0,0
23.300000000000104,0,0,0,0,0,0,0,0,0,0,0
23.350000000000104,0,0,0,0,0,0,0,0,0,0,0
23.400000000000105,0,0,0,0,0,0,0,0,0,0,0
23.450000000000106,0,0,0,0,0,0,0,0,0,0,0
23.500000000000107,0,0,0,0,0,0,0,0,0,0,0
23.550000000000107,0,0,0,0,0,0,0,0,0,0,0
23.600000000000108,0,0,0,0,0,0,0,0,0,0,0
23.65000000000011,0,0,0,0,0,0,0,0,0,0,0
23.70000000000011,0,0,0,0,0,0,0,0,0,0,0
23.75000000000011,0,0,0,0,0,0,0,0,0,0,0
23.80000000000011,0,0,0,0,0,0,0,0,0,0,0
23.85000000000011,0,0,0,0,0,0,0,0,0,0,0
23.900000000000112,0,0,0,0,0,0,0,0,0,0,0
23.950000000000113,0,0,0,0,0,0,0,0,0,0,0
24.000000000000114,0,0,0,0,0,0,0,0,0,0,0
24.050000000000114,0,0,0,0,0,0,0,0,0,0,0
24.100000000000115,0,0,0,0,0,0,0,0,0,0,0
24.150000000000116,0,0,0,0,0,0,0,0,0,0,0
24.200000000000117,0,0,0,0,0,0,0,0,0,0,0
24.250000000000117,0,0,0,0,0,0,0,0,0,0,0
24.300000000000118,0,0,0,0,0,0,0,0,0,0,0
24.35000000000012,0,0,0,0,0,0,0,0,0,0,0
24.40000000000012,0,0,0,0,0,0,0,0,0,0,0
24.45000000000012,0,0,0,0,0,0,0,0,0,0,0
24.50000000000012,0,0,0,0,0,0,0,0,0,0,0
24.55000000000012,0,0,0,0,0,0,0,0,0,0,0
24.600000000000122,0,0,0,0,0,0,0,0,0,0,0
24.650000000000123,0,0,0,0,0,0,0,0,0,0,0
24.700000000000124,0,0,0,0,0,0,0,0,0,0,0
24.750000000000124,0,0,0,0,0,0,0,0,0,0,0
24.800000000000125,0,0,0,0,0,0,0,0,0,0,0
24.850000000000126,0,0,0,0,0,0,0,0,0,0,0
24.900000000000126,0,0,0,0,0,0,0,0,0,0,0
24.950000000000127,0,0,0,0,0,0,0,0,0,0,0
25.000000000000128,0,0,0,0,0,0,0,0,0,0,0
25.05000000000013,0,0,0,0,0,0,0,0,0,0,0
25.10000000000013,0,0,0,0,0,0,0,0,0,0,0
25.15000000000013,0,0,0,0,0,0,0,0,0,0,0
25.20000000000013,0,0,0,0,0,0,0,0,0,0,0
25.25000000000013,0,0,0,0,0,0,0,0,0,0,0
25.300000000000132,0,0,0,0,0,0,0,0,0,0,0
25.350000000000133,0,0,0,0,0,0,0,0,0,0,0
25.400000000000134,0,0,0,0,0,0,0,0,0,0,0
25.450000000000134,0,0,0,0,0,0,0,0,0,0,0
25.500000000000135,0,0,0,0,0,0,0,0,0,0,0
25.550000000000136,0,0,0,0,0,0,0,0,0,0,0
25.600000000000136,0,0,0,0,0,0,0,0,0,0,0
25.650000000000137,0,0,0,0,0,0,0,0,0,0,0
25.700000000000138,0,0,0,0,0,0,0,0,0,0,0
25.75000000000014,0,0,0,0,0,0,0,0,0,0,0
25.80000000000014,0,0,0,0,0,0,0,0,0,0,0
25.85000000000014,0,0,0,0,0,0,0,0,0,0,0
25.90000000000014,0,0,0,0,0,0,0,0,0,0,0
25.95000000000014,0,0,0,0,0,0,0,0,0,0,0
26.000000000000142,0,0,0,0,0,0,0,0,0,0,0
26.050000000000143,0,0,0,0,0,0,0,0,0,0,0
26.100000000000144,0,0,0,0,0,0,0,0,0,0,0
26.150000000000144,0,0,0,0,0,0,0,0,0,0,0
26.200000000000145,0,0,0,0,0,0,0,0,0,0,0
26.250000000000146,0,0,0,0,0,0,0,0,0,0,0
26.300000000000146,0,0,0,0,0,0,0,0,0,0,0
26.350000000000147,0,0,0,0,0,0,0,0,0,0,0
26.400000000000148,0,0,0,0,0,0,0,0,0,0,0
26.45000000000015,0,0,0,0,0,0,0,0,0,0,0
26.50000000000015,0,0,0,0,0,0,0,0,0,0,0
26.55000000000015,0,0,0,0,0,0,0,0,0,0,0
26.60000000000015,0,0,0,0,0,0,0,0,0,0,0
26.65000000000015,0,0,0,0,0,0,0,0,0,0,0
26.700000000000152,0,0,0,0,0,0,0,0,0,0,0
26.750000000000153,0,0,0,0,0,0,0,0,0,0,0
26.800000000000153,0,0,0,0,0,0,0,0,0,0,0
26.850000000000154,0,0,0,0,0,0,0,0,0,0,0
26.900000000000155,0,0,0,0,0,0,0,0,0,0,0
26.950000000000156,0,0,0,0,0,0,0,0,0,0,0
27.000000000000156,0,0,0,0,0,0,0,0,0,0,0
27.050000000000157,0,0,0,0,0,0,0,0,0,0,0
27.100000000000158,0,0,0,0,0,0,0,0,0,0,0
27.15000000000016,0,0,0,0,0,0,0,0,0,0,0
27.20000000000016,0,0,0,0,0,0,0,0,0,0,0
27.25000000000016,0,0,0,0,0,0,0,0,0,0,0
27.30000000000016,0,0,0,0,0,0,0,0,0,0,0
27.35000000000016,0,0,0,0,0,0,0,0,0,0,0
27.400000000000162,0,0,0,0,0,0,0,0,0,0,0
27.450000000000163,0,0,0,0,0,0,0,0,0,0,0
27.500000000000163,0,0,0,0,0,0,0,0,0,0,0
27.550000000000164,0,0,0,0,0,0,0,0,0,0,0
27.600000000000165,0,0,0,0,0,0,0,0,0,0,0
27.650000000000166,0,0,0,0,0,0,0,0,0,0,0
27.700000000000166,0,0,0,0,0,0,0,0,0,0,0
27.750000000000167,0,0,0,0,0,0,0,0,0,0,0
27.800000000000168,0,0,0,0,0,0,0,0,0,0,0
27.85000000000017,0,0,0,0,0,0,0,0,0,0,0
27.90000000000017,0,0,0,0,0,0,0,0,0,0,0
27.95000000000017,0,0,0,0,0,0,0,0,0,0,0
28.00000000000017,0,0,0,0,0,0,0,0,0,0,0
28.05000000000017,0,0,0,0,0,0,0,0,0,0,0
28.100000000000172,0,0,0,0,0,0,0,0,0,0,0
28.150000000000173,0,0,0,0,0,0,0,0,0,0,0
28.200000000000173,0,0,0,0,0,0,0,0,0,0,0
28.250000000000174,0,0,0,0,0,0,0,0,0,0,0
28.300000000000175,0,0,0,0,0,0,0,0,0,0,0
28.350000000000176,0,0,0,0,0,0,0,0,0,0,0
28.400000000000176,0,0,0,0,0,0,0,0,0,0,0
28.450000000000177,0,0,0,0,0,0,0,0,0,0,0
28.500000000000178,0,0,0,0,0,0,0,0,0,0,0
28.55000000000018,0,0,0,0,0,0,0,0,0,0,0
28.60000000000018,0,0,0,0,0,0,0,0,0,0,0
28.65000000000018,0,0,0,0,0,0,0,0,0,0,0
28.70000000000018,0,0,0,0,0,0,0,0,0,0,0
28.75000000000018,0,0,0,0,0,0,0,0,0,0,0
28.800000000000182,0,0,0,0,0,0,0,0,0,0,0
28.850000000000183,0,0,0,0,0,0,0,0,0,0,0
28.900000000000183,0,0,0,0,0,0,0,0,0,0,0
28.950000000000184,0,0,0,0,0,0,0,0,0,0,0
29.000000000000185,0,0,0,0,0,0,0,0,0,0,0
29.050000000000185,0,0,0,0,0,0,0,0,0,0,0
29.100000000000186,0,0,0,0,0,0,0,0,0,0,0
29.150000000000187,0,0,0,0,0,0,0,0,0,0,0
29.200000000000188,0,0,0,0,0,0,0,0,0,0,0
29.25000000000019,0,0,0,0,0,0,0,0,0,0,0
29.30000000000019,0,0,0,0,0,0,0,0,0,0,0
29.35000000000019,0,0,0,0,0,0,0,0,0,0,0
29.40000000000019,0,0,0,0,0,0,0,0,0,0,0
29.45000000000019,0,0,0,0,0,0,0,0,0,0,0
29.500000000000192,0,0,0,0,0,0,0,0,0,0,0
29.550000000000193,0,0,0,0,0,0,0,0,0,0,0
29.600000000000193,0,0,0,0,0,0,0,0,0,0,0
29.650000000000194,0,0,0,0,0,0,0,0,0,0,0
29.700000000000195,0,0,0,0,0,0,0,0,0,0,0
29.750000000000195,0,0,0,0,0,0,0,0,0,0,0
29.800000000000196,0,0,0,0,0,0,0,0,0,0,0
29.850000000000197,0,0,0,0,0,0,0,0,0,0,0
29.900000000000198,0,0,0,0,0,0,0,0,0,0,0
29.9500000000002,0,0,0,0,0,0,0,0,0,0,0
30.0000000000002,0,0,0,0,0,0,0,0,0,0,0
30.0500000000002,0,0,0,0,0,0,0,0,0,0,0
30.1000000000002,0,0,0,0,0,0,0,0,0,0,0
30.1500000000002,0,0,0,0,0,0,0,0,0,0,0
30.200000000000202,0,0,0,0,0,0,0,0,0,0,0
30.250000000000203,0,0,0,0,0,0,0,0,0,0,0
30.300000000000203,0,0,0,0,0,0,0,0,0,0,0
30.350000000000204,0,0,0,0,0,0,0,0,0,0,0
30.400000000000205,0,0,0,0,0,0,0,0,0,0,0
30.450000000000205,0,0,0,0,0,0,0,0,0,0,0
30.500000000000206,0,0,0,0,0,0,0,0,0,0,0
30.550000000000207,0,0,0,0,0,0,0,0,0,0,0
30.600000000000207,0,0,0,0,0,0,0,0,0,0,0
30.650000000000208,0,0,0,0,0,0,0,0,0,0,0
30.70000000000021,0,0,0,0,0,0,0,0,0,0,0
30.75000000000021,0,0,0,0,0,0,0,0,0,0,0
30.80000000000021,0,0,0,0,0,0,0,0,0,0,0
30.85000000000021,0,0,0,0,0,0,0,0,0,0,0
30.90000000000021,0,0,0,0,0,0,0,0,0,0,0
30.950000000000212,0,0,0,0,0,0,0,0,0,0,0
31.000000000000213,0,0,0,0,0,0,0,0,0,0,0
31.050000000000214,0,0,0,0,0,0,0,0,0,0,0
31.100000000000215,0,0,0,0,0,0,0,0,0,0,0
31.150000000000215,0,0,0,0,0,0,0,0,0,0,0
31.200000000000216,0,0,0,0,0,0,0,0,0,0,0
31.250000000000217,0,0,0,0,0,0,0,0,0,0,0
31.300000000000217,0,0,0,0,0,0,0,0,0,0,0
31.350000000000218,0,0,0,0,0,0,0,0,0,0,0
31.40000000000022,0,0,0,0,0,0,0,0,0,0,0
31.45000000000022,0,0,0,0,0,0,0,0,0,0,0
31.50000000000022,0,0,0,0,0,0,0,0,0,0,0
31.55000000000022,0,0,0,0,0,0,0,0,0,0,0
31.60000000000022,0,0,0,0,0,0,0,0,0,0,0
31.650000000000222,0,0,0,0,0,0,0,0,0,0,0
31.700000000000223,0,0,0,0,0,0,0,0,0,0,0
31.750000000000224,0,0,0,0,0,0,0,0,0,0,0
31.800000000000225,0,0,0,0,0,0,0,0,0,0,0
31.850000000000225,0,0,0,0,0,0,0,0,0,0,0
31.900000000000226,0,0,0,0,0,0,0,0,0,0,0
31.950000000000227,0,0,0,0,0,0,0,0,0,0,0
*****
16,0.05,1000,0.6,1,10,100,0.75,1.0,0.85,1.0,0.1
16,1000,145,247,72,247,0,0,0,0,0,0
16.05,1009,153,265,108,265,0,0,0,0,0,0
16.1,1014,122,254,97,254,0,0,0,0,0,0
16.150000000000002,1076,81,275,152,275,0,0,0,0,0,0
16.200000000000003,1090,57,242,135,242,0,0,0,0,0,0
16.250000000000004,1009,116,252,132,252,0,0,0,0,0,0
16.300000000000004,1032,176,249,135,249,0,0,0,0,0,0
16.350000000000005,1021,151,240,160,240,0,0,0,0,0,0
16.400000000000006,1049,86,262,206,262,0,0,0,0,0,0
16.450000000000006,1065,39,268,210,268,0,0,0,0,0,0
16.500000000000007,1030,33,298,244,298,0,0,0,0,0,0
16.550000000000008,1002,43,274,223,274,0,0,0,0,0,0
16.60000000000001,1003,57,273,238,273,0,0,0,0,0,0
16.65000000000001,954,63,256,205,256,0,0,0,0,0,0
16.70000000000001,994,48,285,238,285,0,0,0,0,0,0
16.75000000000001,1022,41,295,241,295,0,0,0,0,0,0
16.80000000000001,1038,25,305,234,305,0,0,0,0,0,0
16.850000000000012,1014,13,267,169,267,0,0,0,0,0,0
16.900000000000013,1082,6,273,113,273,0,0,0,0,0,0
16.950000000000014,1020,7,260,91,260,0,0,0,0,0,0
17.000000000000014,1060,11,264,92,264,0,0,0,0,0,0
17.050000000000015,1056,4,246,107,246,0,0,0,0,0,0
17.100000000000016,1052,6,246,107,246,0,0,0,0,0,0
17.150000000000016,962,5,201,100,201,0,0,0,0,0,0
17.200000000000017,1019,2,197,117,197,0,0,0,0,0,0
17.250000000000018,1018,0,158,101,158,0,0,0,0,0,0
17.30000000000002,1020,1,171,76,171,0,0,0,0,0,0
17.35000000000002,1036,0,170,72,170,0,0,0,0,0,0
17.40000000000002,1050,0,155,39,155,0,0,0,0,0,0
17.45000000000002,981,2,123,37,123,0,0,0,0,0,0
17.50000000000002,1041,0,127,27,127,0,0,0,0,0,0
17.550000000000022,991,0,70,17,70,0,0,0,0,0,0
17.600000000000023,984,0,69,15,69,0,0,0,0,0,0
17.650000000000023,1057,0,72,15,72,0,0,0,0,0,0
17.700000000000024,1068,0,49,17,49,0,0,0,0,0,0
17.750000000000025,1037,0,46,6,46,0,0,0,0,0,0
17.800000000000026,1011,0,28,7,28,0,0,0,0,0,0
17.850000000000026,1053,0,14,4,14,0,0,0,0,0,0
17.900000000000027,969,0,20,2,20,0,0,0,0,0,0
17.950000000000028,1035,0,14,2,14,0,0,0,0,0,0
18.00000000000003,1033,0,15,1,15,0,0,0,0,0,0
18.05000000000003,1064,0,12,0,12,0,0,0,0,0,0
18.10000000000003,1028,0,7,0,7,0,0,0,0,0,0
18.15000000000003,1029,0,3,0,3,0,0,0,0,0,0
18.20000000000003,1060,0,6,0,6,0,0,0,0,0,0
18.250000000000032,1015,0,2,0,2,0,0,0,0,0,0
18.300000000000033,1001,0,0,0,0,0,0,0,0,0,0
18.350000000000033,974,0,3,0,3,0,0,0,0,0,0
18.400000000000034,975,0,1,0,1,0,0,0,0,0,0
18.450000000000035,990,0,1,0,1,0,0,0,0,0,0
18.500000000000036,943,0,0,0,0,0,0,0,0,0,0
18.550000000000036,1000,0,0,0,0,0,0,0,0,0,0
18.600000000000037,949,0,0,0,0,0,0,0,0,0,0
18.650000000000038,974,0,0,0,0,0,0,0,0,0,0
18.70000000000004,965,0,0,0,0,0,0,0,0,0,0
18.75000000000004,877,0,1,0,1,0,0,0,0,0,0
18.80000000000004,933,0,0,0,0,0,0,0,0,0,0
18.85000000000004,909,0,0,0,0,0,0,0,0,0,0
18.90000000000004,753,0,0,0,0,0,0,0,0,0,0
18.950000000000042,719,0,0,0,0,0,0,0,0,0,0
19.000000000000043,686,0,0,0,0,0,0,0,0,0,0
19.050000000000043,600,0,0,0,0,0,0,0,0,0,0
19.100000000000044,496,0,0,0,0,0,0,0,0,0,0
19.150000000000045,437,0,0,0,0,0,0,0,0,0,0
19.200000000000045,365,0,0,0,0,0,0,0,0,0,0
19.250000000000046,279,0,0,0,0,0,0,0,0,0,0
19.300000000000047,221,0,0,0,0,0,0,0,0,0,0
19.350000000000048,191,0,0,0,0,0,0,0,0,0,0
19.40000000000005,185,0,0,0,0,0,0,0,0,0,0
19.45000000000005,111,0,0,0,0,0,0,0,0,0,0
19.50000000000005,72,0,0,0,0,0,0,0,0,0,0
19.55000000000005,68,0,0,0,0,0,0,0,0,0,0
19.60000000000005,65,0,0,0,0,0,0,0,0,0,0
19.650000000000052,66,0,0,0,0,0,0,0,0,0,0
19.700000000000053,69,0,0,0,0,0,0,0,0,0,0
19.750000000000053,47,0,0,0,0,0,0,0,0,0,0
19.800000000000054,0,0,0,0,0,0,0,0,0,0,0
19.850000000000055,0,0,0,0,0,0,0,0,0,0,0
19.900000000000055,0,0,0,0,0,0,0,0,0,0,0
19.950000000000056,0,0,0,0,0,0,0,0,0,0,0
20.000000000000057,0,0,0,0,0,0,0,0,0,0,0
20.050000000000058,0,0,0,0,0,0,0,0,0,0,0
20.10000000000006,0,0,0,0,0,0,0,0,0,0,0
20.15000000000006,0,0,0,0,0,0,0,0,0,0,0
20.20000000000006,0,0,0,0,0,0,0,0,0,0,0
20.25000000000006,0,0,0,0,0,0,0,0,0,0,0
20.30000000000006,0,0,0,0,0,0,0,0,0,0,0
20.350000000000062,0,0,0,0,0,0,0,0,0,0,0
20.400000000000063,0,0,0,0,0,0,0,0,0,0,0
20.450000000000063,0,0,0,0,0,0,0,0,0,0,0
20.500000000000064,0,0,0,0,0,0,0,0,0,0,0
20.550000000000065,0,0,0,0,0,0,0,0,0,0,0
20.600000000000065,0,0,0,0,0,0,0,0,0,0,0
20.650000000000066,0,0,0,0,0,0,0,0,0,0,0
20.700000000000067,0,0,0,0,0,0,0,0,0,0,0
20.750000000000068,0,0,0,0,0,0,0,0,0,0,0
20.800000000000068,0,0,0,0,0,0,0,0,0,0,0
20.85000000000007,0,0,0,0,0,0,0,0,0,0,0
20.90000000000007,0,0,0,0,0,0,0,0,0,0,0
20.95000000000007,0,0,0,0,0,0,0,0,0,0,0
21.00000000000007,0,0,0,0,0,0,0,0,0,0,0
21.05000000000007,0,0,0,0,0,0,0,0,0,0,0
21.100000000000072,0,0,0,0,0,0,0,0,0,0,0
21.150000000000073,0,0,0,0,0,0,0,0,0,0,0
21.200000000000074,0,0,0,0,0,0,0,0,0,0,0
21.250000000000075,0,0,0,0,0,0,0,0,0,0,0
21.300000000000075,0,0,0,0,0,0,0,0,0,0,0
21.350000000000076,0,0,0,0,0,0,0,0,0,0,0
21.400000000000077,0,0,0,0,0,0,0,0,0,0,0
21.450000000000077,0,0,0,0,0,0,0,0,0,0,0
21.500000000000078,0,0,0,0,0,0,0,0,0,0,0
21.55000000000008,0,0,0,0,0,0,0,0,0,0,0
21.60000000000008,0,0,0,0,0,0,0,0,0,0,0
21.65000000000008,0,0,0,0,0,0,0,0,0,0,0
21.70000000000008,0,0,0,0,0,0,0,0,0,0,0
21.75000000000008,0,0,0,0,0,0,0,0,0,0,0
21.800000000000082,0,0,0,0,0,0,0,0,0,0,0
21.850000000000083,0,0,0,0,0,0,0,0,0,0,0
21.900000000000084,0,0,0,0,0,0,0,0,0,0,0
21.950000000000085,0,0,0,0,0,0,0,0,0,0,0
22.000000000000085,0,0,0,0,0,0,0,0,0,0,0
22.050000000000086,0,0,0,0,0,0,0,0,0,0,0
22.100000000000087,0,0,0,0,0,0,0,0,0,0,0
22.150000000000087,0,0,0,0,0,0,0,0,0,0,0
22.200000000000088,0,0,0,0,0,0,0,0,0,0,0
22.25000000000009,0,0,0,0,0,0,0,0,0,0,0
22.30000000000009,0,0,0,0,0,0,0,0,0,0,0
22.35000000000009,0,0,0,0,0,0,0,0,0,0,0
22.40000000000009,0,0,0,0,0,0,0,0,0,0,0
22.45000000000009,0,0,0,0,0,0,0,0,0,0,0
22.500000000000092,0,0,0,0,0,0,0,0,0,0,0
22.550000000000093,0,0,0,0,0,0,0,0,0,0,0
22.600000000000094,0,0,0,0,0,0,0,0,0,0,0
22.650000000000095,0,0,0,0,0,0,0,0,0,0,0
22.700000000000095,0,0,0,0,0,0,0,0,0,0,0
22.750000000000096,0,0,0,0,0,0,0,0,0,0,0
22.800000000000097,0,0,0,0,0,0,0,0,0,0,0
22.850000000000097,0,0,0,0,0,0,0,0,0,0,0
22.900000000000098,0,0,0,0,0,0,0,0,0,0,0
22.9500000000001,0,0,0,0,0,0,0,0,0,0,0
23.0000000000001,0,0,0,0,0,0,0,0,0,0,0
23.0500000000001,0,0,0,0,0,0,0,0,0,0,0
23.1000000000001,0,0,0,0,0,0,0,0,0,0,0
23.1500000000001,0,0,0,0,0,0,0,0,0,0,0
23.200000000000102,0,0,0,0,0,0,0,0,0,0,0
23.250000000000103,0,0,0,0,0,0,0,0,0,0,0
23.300000000000104,0,0,0,0,0,0,0,0,0,0,0
23.350000000000104,0,0,0,0,0,0,0,0,0,0,0
23.400000000000105,0,0,0,0,0,0,0,0,0,0,0
23.450000000000106,0,0,0,0,0,0,0,0,0,0,0
23.500000000000107,0,0,0,0,0,0,0,0,0,0,0
23.550000000000107,0,0,0,0,0,0,0,0,0,0,0
23.600000000000108,0,0,0,0,0,0,0,0,0,0,0
23.65000000000011,0,0,0,0,0,0,0,0,0,0,0
23.70000000000011,0,0,0,0,0,0,0,0,0,0,0
23.75000000000011,0,0,0,0,0,0,0,0,0,0,0
23.80000000000011,0,0,0,0,0,0,0,0,0,0,0
23.85000000000011,0,0,0,0,0,0,0,0,0,0,0
23.900000000000112,0,0,0,0,0,0,0,0,0,0,0
23.950000000000113,0,0,0,0,0,0,0,0,0,0,0
24.000000000000114,0,0,0,0,0,0,0,0,0,0,0
24.050000000000114,0,0,0,0,0,0,0,0,0,0,0
24.100000000000115,0,0,0,0,0,0,0,0,0,0,0
24.150000000000116,0,0,0,0,0,0,0,0,0,0,0
24.200000000000117,0,0,0,0,0,0,0,0,0,0,0
24.250000000000117,0,0,0,0,0,0,0,0,0,0,0
24.300000000000118,0,0,0,0,0,0,0,0,0,0,0
24.35000000000012,0,0,0,0,0,0,0,0,0,0,0
24.40000000000012,0,0,0,0,0,0,0,0,0,0,0
24.45000000000012,0,0,0,0,0,0,0,0,0,0,0
24.50000000000012,0,0,0,0,0,0,0,0,0,0,0
24.55000000000012,0,0,0,0,0,0,0,0,0,0,0
24.600000000000122,0,0,0,0,0,0,0,0,0,0,0
24.650000000000123,0,0,0,0,0,0,0,0,0,0,0
24.700000000000124,0,0,0,0,0,0,0,0,0,0,0
24.750000000000124,0,0,0,0,0,0,0,0,0,0,0
24.800000000000125,0,0,0,0,0,0,0,0,0,0,0
24.850000000000126,0,0,0,0,0,0,0,0,0,0,0
24.900000000000126,0,0,0,0,0,0,0,0,0,0,0
24.950000000000127,0,0,0,0,0,0,0,0,0,0,0
25.000000000000128,0,0,0,0,0,0,0,0,0,0,0
25.05000000000013,0,0,0,0,0,0,0,0,0,0,0
25.10000000000013,0,0,0,0,0,0,0,0,0,0,0
25.15000000000013,0,0,0,0,0,0,0,0,0,0,0
25.20000000000013,0,0,0,0,0,0,0,0,0,0,0
25.25000000000013,0,0,0,0,0,0,0,0,0,0,0
25.300000000000132,0,0,0,0,0,0,0,0,0,0,0
25.350000000000133,0,0,0,0,0,0,0,0,0,0,0
25.400000000000134,0,0,0,0,0,0,0,0,0,0,0
25.450000000000134,0,0,0,0,0,0,0,0,0,0,0
25.500000000000135,0,0,0,0,0,0,0,0,0,0,0
25.550000000000136,0,0,0,0,0,0,0,0,0,0,0
25.600000000000136,0,0,0,0,0,0,0,0,0,0,0
25.650000000000137,0,0,0,0,0,0,0,0,0,0,0
25.700000000000138,0,0,0,0,0,0,0,0,0,0,0
25.75000000000014,0,0,0,0,0,0,0,0,0,0,0
25.80000000000014,0,0,0,0,0,0,0,0,0,0,0
25.85000000000014,0,0,0,0,0,0,0,0,0,0,0
25.90000000000014,0,0,0,0,0,0,0,0,0,0,0
25.95000000000014,0,0,0,0,0,0,0,0,0,0,0
26.000000000000142,0,0,0,0,0,0,0,0,0,0,0
26.050000000000143,0,0,0,0,0,0,0,0,0,0,0
26.100000000000144,0,0,0,0,0,0,0,0,0,0,0
26.150000000000144,0,0,0,0,0,0,0,0,0,0,0
26.200000000000145,0,0,0,0,0,0,0,0,0,0,0
26.250000000000146,0,0,0,0,0,0,0,0,0,0,0
26.300000000000146,0,0,0,0,0,0,0,0,0,0,0
26.350000000000147,0,0,0,0,0,0,0,0,0,0,0
26.400000000000148,0,0,0,0,0,0,0,0,0,0,0
26.45000000000015,0,0,0,0,0,0,0,0,0,0,0
26.50000000000015,0,0,0,0,0,0,0,0,0,0,0
26.55000000000015,0,0,0,0,0,0,0,0,0,0,0
26.60000000000015,0,0,0,0,0,0,0,0,0,0,0
26.65000000000015,0,0,0,0,0,0,0,0,0,0,0
26.700000000000152,0,0,0,0,0,0,0,0,0,0,0
26.750000000000153,0,0,0,0,0,0,0,0,0,0,0
26.800000000000153,0,0,0,0,0,0,0,0,0,0,0
26.850000000000154,0,0,0,0,0,0,0,0,0,0,0
26.900000000000155,0,0,0,0,0,0,0,0,0,0,0
26.950000000000156,0,0,0,0,0,0,0,0,0,0,0
27.000000000000156,0,0,0,0,0,0,0,0,0,0,0
27.050000000000157,0,0,0,0,0,0,0,0,0,0,0
27.100000000000158,0,0,0,0,0,0,0,0,0,0,0
27.15000000000016,0,0,0,0,0,0,0,0,0,0,0
27.20000000000016,0,0,0,0,0,0,0,0,0,0,0
27.25000000000016,0,0,0,0,0,0,0,0,0,0,0
27.30000000000016,0,0,0,0,0,0,0,0,0,0,0
27.35000000000016,0,0,0,0,0,0,0,0,0,0,0
27.400000000000162,0,0,0,0,0,0,0,0,0,0,0
27.450000000000163,0,0,0,0,0,0,0,0,0,0,0
27.500000000000163,0,0,0,0,0,0,0,0,0,0,0
27.550000000000164,0,0,0,0,0,0,0,0,0,0,0
27.600000000000165,0,0,0,0,0,0,0,0,0,0,0
27.650000000000166,0,0,0,0,0,0,0,0,0,0,0
27.700000000000166,0,0,0,0,0,0,0,0,0,0,0
27.750000000000167,0,0,0,0,0,0,0,0,0,0,0
27.800000000000168,0,0,0,0,0,0,0,0,0,0,0
27.85000000000017,0,0,0,0,0,0,0,0,0,0,0
27.90000000000017,0,0,0,0,0,0,0,0,0,0,0
27.95000000000017,0,0,0,0,0,0,0,0,0,0,0
28.00000000000017,0,0,0,0,0,0,0,0,0,0,0
28.05000000000017,0,0,0,0,0,0,0,0,0,0,0
28.100000000000172,0,0,0,0,0,0,0,0,0,0,0
28.150000000000173,0,0,0,0,0,0,0,0,0,0,0
28.200000000000173,0,0,0,0,0,0,0,0,0,0,0
28.250000000000174,0,0,0,0,0,0,0,0,0,0,0
28.300000000000175,0,0,0,0,0,0,0,0,0,0,0
28.350000000000176,0,0,0,0,0,0,0,0,0,0,0
28.400000000000176,0,0,0,0,0,0,0,0,0,0,0
28.450000000000177,0,0,0,0,0,0,0,0,0,0,0
28.500000000000178,0,0,0,0,0,0,0,0,0,0,0
28.55000000000018,0,0,0,0,0,0,0,0,0,0,0
28.60000000000018,0,0,0,0,0,0,0,0,0,0,0
28.65000000000018,0,0,0,0,0,0,0,0,0,0,0
28.70000000000018,0,0,0,0,0,0,0,0,0,0,0
28.75000000000018,0,0,0,0,0,0,0,0,0,0,0
28.800000000000182,0,0,0,0,0,0,0,0,0,0,0
28.850000000000183,0,0,0,0,0,0,0,0,0,0,0
28.900000000000183,0,0,0,0,0,0,0,0,0,0,0
28.950000000000184,0,0,0,0,0,0,0,0,0,0,0
29.000000000000185,0,0,0,0,0,0,0,0,0,0,0
29.050000000000185,0,0,0,0,0,0,0,0,0,0,0
29.100000000000186,0,0,0,0,0,0,0,0,0,0,0
29.150000000000187,0,0,0,0,0,0,0,0,0,0,0
29.200000000000188,0,0,0,0,0,0,0,0,0,0,0
29.25000000000019,0,0,0,0,0,0,0,0,0,0,0
29.30000000000019,0,0,0,0,0,0,0,0,0,0,0
29.35000000000019,0,0,0,0,0,0,0,0,0,0,0
29.40000000000019,0,0,0,0,0,0,0,0,0,0,0
29.45000000000019,0,0,0,0,0,0,0,0,0,0,0
29.500000000000192,0,0,0,0,0,0,0,0,0,0,0
29.550000000000193,0,0,0,0,0,0,0,0,0,0,0
29.600000000000193,0,0,0,0,0,0,0,0,0,0,0
29.650000000000194,0,0,0,0,0,0,0,0,0,0,0
29.700000000000195,0,0,0,0,0,0,0,0,0,0,0
29.750000000000195,0,0,0,0,0,0,0,0,0,0,0
29.800000000000196,0,0,0,0,0,0,0,0,0,0,0
29.850000000000197,0,0,0,0,0,0,0,0,0,0,0
29.900000000000198,0,0,0,0,0,0,0,0,0,0,0
29.9500000000002,0,0,0,0,0,0,0,0,0,0,0
30.0000000000002,0,0,0,0,0,0,0,0,0,0,0
30.0500000000002,0,0,0,0,0,0,0,0,0,0,0
30.1000000000002,0,0,0,0,0,0,0,0,0,0,0
30.1500000000002,0,0,0,0,0,0,0,0,0,0,0
30.200000000000202,0,0,0,0,0,0,0,0,0,0,0
30.250000000000203,0,0,0,0,0,0,0,0,0,0,0
30.300000000000203,0,0,0,0,0,0,0,0,0,0,0
30.350000000000204,0,0,0,0,0,0,0,0,0,0,0
30.400000000000205,0,0,0,0,0,0,0,0,0,0,0
30.450000000000205,0,0,0,0,0,0,0,0,0,0,0
30.500000000000206,0,0,0,0,0,0,0,0,0,0,0
30.550000000000207,0,0,0,0,0,0,0,0,0,0,0
30.600000000000207,0,0,0,0,0,0,0,0,0,0,0
30.650000000000208,0,0,0,0,0,0,0,0,0,0,0
30.70000000000021,0,0,0,0,0,0,0,0,0,0,0
30.75000000000021,0,0,0,0,0,0,0,0,0,0,0
30.80000000000021,0,0,0,0,0,0,0,0,0,0,0
30.85000000000021,0,0,0,0,0,0,0,0,0,0,0
30.90000000000021,0,0,0,0,0,0,0,0,0,0,0
30.950000000000212,0,0,0,0,0,0,0,0,0,0,0
31.000000000000213,0,0,0,0,0,0,0,0,0,0,0
31.050000000000214,0,0,0,0,0,0,0,0,0,0,0
31.100000000000215,0,0,0,0,0,0,0,0,0,0,0
31.150000000000215,0,0,0,0,0,0,0,0,0,0,0
31.200000000000216,0,0,0,0,0,0,0,0,0,0,0
31.250000000000217,0,0,0,0,0,0,0,0,0,0,0
31.300000000000217,0,0,0,0,0,0,0,0,0,0,0
31.350000000000218,0,0,0,0,0,0,0,0,0,0,0
31.40000000000022,0,0,0,0,0,0,0,0,0,0,0
31.45000000000022,0,0,0,0,0,0,0,0,0,0,0
31.50000000000022,0,0,0,0,0,0,0,0,0,0,0
31.55000000000022,0,0,0,0,0,0,0,0,0,0,0
31.60000000000022,0,0,0,0,0,0,0,0,0,0,0
31.650000000000222,0,0,0,0,0,0,0,0,0,0,0
31.700000000000223,0,0,0,0,0,0,0,0,0,0,0
31.750000000000224,0,0,0,0,0,0,0,0,0,0,0
31.800000000000225,0,0,0,0,0,0,0,0,0,0,0
31.850000000000225,0,0,0,0,0,0,0,0,0,0,0
31.900000000000226,0,0,0,0,0,0,0,0,0,0,0
31.950000000000227,0,0,0,0,0,0,0,0,0,0,0
