*****
16 , 0.05 , 1000 , 0 , 1 , 10 , 100 , 0.65 , 1.0 , 0.65 , 1.0 , .055
16.0,1000,978,877,759,997,0,971,877,692,993,0
16.05,1047,981,846,809,1043,0,978,846,710,1042,0
16.1,1007,856,750,792,1002,0,857,749,720,999,0
16.15,1020,734,686,799,1010,0,729,686,728,1010,0
16.2,993,572,561,792,977,0,570,561,736,973,0
16.25,1016,419,491,811,957,0,418,491,745,956,0
16.3,1023,292,409,811,929,0,292,409,758,928,0
16.35,942,172,299,755,788,0,172,299,712,786,0
16.4,1028,131,270,813,805,0,131,270,783,805,0
16.45,1009,65,193,807,697,0,65,193,798,697,0
16.5,1062,46,156,853,615,0,46,156,831,614,0
16.55,967,20,102,728,450,0,20,102,715,450,0
16.6,1003,15,64,709,401,0,15,64,689,400,0
16.65,947,6,61,609,317,0,6,61,605,317,0
16.7,1006,4,34,595,292,0,4,34,583,292,0
16.75,942,1,23,505,199,0,1,23,491,199,0
16.8,971,0,22,414,179,0,0,22,401,179,0
16.85,978,1,16,397,128,0,1,16,386,128,0
16.9,966,0,8,353,108,0,0,8,343,108,0
16.95,1032,0,9,314,72,0,0,9,307,72,0
17.0,1037,1,5,263,67,0,1,5,256,67,0
17.05,986,0,1,206,49,0,0,1,205,49,0
17.1,1010,0,5,192,37,0,0,5,188,37,0
17.15,994,0,0,142,26,0,0,0,139,26,0
17.2,1004,0,3,118,14,0,0,3,115,14,0
17.25,1057,0,0,97,17,0,0,0,96,17,0
17.3,1056,0,0,80,7,0,0,0,80,7,0
17.35,958,0,0,52,5,0,0,0,52,5,0
17.4,978,0,0,55,4,0,0,0,55,4,0
17.45,954,0,0,34,2,0,0,0,34,2,0
17.5,1011,0,0,28,1,0,0,0,28,1,0
17.55,986,0,0,12,0,0,0,0,12,0,0
17.6,977,0,0,12,2,0,0,0,12,2,0
17.65,972,0,0,8,0,0,0,0,8,0,0
17.7,1034,0,0,10,0,0,0,0,10,0,0
17.75,1059,0,0,4,0,0,0,0,4,0,0
17.8,1031,0,0,3,0,0,0,0,3,0,0
17.85,964,0,0,4,0,0,0,0,4,0,0
17.9,1060,0,0,5,0,0,0,0,5,0,0
17.95,975,0,0,0,0,0,0,0,0,0,0
18.0,985,0,0,1,0,0,0,0,1,0,0
18.05,1017,0,0,0,0,0,0,0,0,0,0
18.1,1007,0,0,0,0,0,0,0,0,0,0
18.15,994,0,0,0,0,0,0,0,0,0,0
18.2,1027,0,0,1,0,0,0,0,1,0,0
18.25,1024,0,0,0,0,0,0,0,0,0,0
18.3,989,0,0,1,0,0,0,0,1,0,0
18.35,1008,0,0,0,0,0,0,0,0,0,0
18.4,987,0,0,0,0,0,0,0,0,0,0
18.45,1013,0,0,0,0,0,0,0,0,0,0
18.5,964,0,0,0,0,0,0,0,0,0,0
18.55,996,0,0,0,0,0,0,0,0,0,0
18.6,997,0,0,0,0,0,0,0,0,0,0
18.65,998,0,0,0,0,0,0,0,0,0,0
18.7,1003,0,0,0,0,0,0,0,0,0,0
18.75,937,0,0,0,0,0,0,0,0,0,0
18.8,1011,0,0,0,0,0,0,0,0,0,0
18.85,957,0,0,0,0,0,0,0,0,0,0
18.9,963,0,0,0,0,0,0,0,0,0,0
18.95,1005,0,0,0,0,0,0,0,0,0,0
19.0,979,0,0,0,0,0,0,0,0,0,0
19.05,1039,0,0,0,0,0,0,0,0,0,0
19.1,1083,0,0,0,0,0,0,0,0,0,0
19.15,1023,0,0,0,0,0,0,0,0,0,0
19.2,1011,0,0,0,0,0,0,0,0,0,0
19.25,992,0,0,0,0,0,0,0,0,0,0
19.3,976,0,0,0,0,0,0,0,0,0,0
19.35,1028,0,0,0,0,0,0,0,0,0,0
19.4,943,0,0,0,0,0,0,0,0,0,0
19.45,1055,0,0,0,0,0,0,0,0,0,0
19.5,964,0,0,0,0,0,0,0,0,0,0
19.55,1057,0,0,0,0,0,0,0,0,0,0
19.6,986,0,0,0,0,0,0,0,0,0,0
19.65,995,0,0,0,0,0,0,0,0,0,0
19.7,990,0,0,0,0,0,0,0,0,0,0
19.75,995,0,0,0,0,0,0,0,0,0,0
19.8,1024,0,0,0,0,0,0,0,0,0,0
19.85,974,0,0,0,0,0,0,0,0,0,0
19.9,1001,0,0,0,0,0,0,0,0,0,0
19.95,969,0,0,0,0,0,0,0,0,0,0
20.0,999,0,0,0,0,0,0,0,0,0,0
20.05,999,0,0,0,0,0,0,0,0,0,0
20.1,1031,0,0,0,0,0,0,0,0,0,0
20.15,962,0,0,0,0,0,0,0,0,0,0
20.2,1039,0,0,0,0,0,0,0,0,0,0
20.25,954,0,0,0,0,0,0,0,0,0,0
20.3,975,0,0,0,0,0,0,0,0,0,0
20.35,1051,0,0,0,0,0,0,0,0,0,0
20.4,990,0,0,0,0,0,0,0,0,0,0
20.45,1019,0,0,0,0,0,0,0,0,0,0
20.5,1019,0,0,0,0,0,0,0,0,0,0
20.55,956,0,0,0,0,0,0,0,0,0,0
20.6,1063,0,0,0,0,0,0,0,0,0,0
20.65,1066,0,0,0,0,0,0,0,0,0,0
20.7,1003,0,0,0,0,0,0,0,0,0,0
20.75,982,0,0,0,0,0,0,0,0,0,0
20.8,1020,0,0,0,0,0,0,0,0,0,0
20.85,965,0,0,0,0,0,0,0,0,0,0
20.9,1012,0,0,0,0,0,0,0,0,0,0
20.95,995,0,0,0,0,0,0,0,0,0,0
21.0,951,0,0,0,0,0,0,0,0,0,0
21.05,980,0,0,0,0,0,0,0,0,0,0
21.1,980,0,0,0,0,0,0,0,0,0,0
21.15,1064,0,0,0,0,0,0,0,0,0,0
21.2,1024,0,0,0,0,0,0,0,0,0,0
21.25,1031,0,0,0,0,0,0,0,0,0,0
21.3,1045,0,0,0,0,0,0,0,0,0,0
21.35,1026,0,0,0,0,0,0,0,0,0,0
21.4,1004,0,0,0,0,0,0,0,0,0,0
21.45,1023,0,0,0,0,0,0,0,0,0,0
21.5,1010,0,0,0,0,0,0,0,0,0,0
21.55,1037,0,0,0,0,0,0,0,0,0,0
21.6,973,0,0,0,0,0,0,0,0,0,0
21.65,983,0,0,0,0,0,0,0,0,0,0
21.7,1053,0,0,0,0,0,0,0,0,0,0
21.75,1025,0,0,0,0,0,0,0,0,0,0
21.8,1050,0,0,0,0,0,0,0,0,0,0
21.85,985,0,0,0,0,0,0,0,0,0,0
21.9,1079,0,0,0,0,0,0,0,0,0,0
21.95,979,0,0,0,0,0,0,0,0,0,0
22.0,1013,0,0,0,0,0,0,0,0,0,0
22.05,944,0,0,0,0,0,0,0,0,0,0
22.1,1030,0,0,0,0,0,0,0,0,0,0
22.15,1019,0,0,0,0,0,0,0,0,0,0
22.2,955,0,0,0,0,0,0,0,0,0,0
22.25,963,0,0,0,0,0,0,0,0,0,0
22.3,1006,0,0,0,0,0,0,0,0,0,0
22.35,1048,0,0,0,0,0,0,0,0,0,0
22.4,1004,0,0,0,0,0,0,0,0,0,0
22.45,1015,0,0,0,0,0,0,0,0,0,0
22.5,1022,0,0,0,0,0,0,0,0,0,0
22.55,955,0,0,0,0,0,0,0,0,0,0
22.6,1008,0,0,0,0,0,0,0,0,0,0
22.65,986,0,0,0,0,0,0,0,0,0,0
22.7,1025,0,0,0,0,0,0,0,0,0,0
22.75,1037,0,0,0,0,0,0,0,0,0,0
22.8,988,0,0,0,0,0,0,0,0,0,0
22.85,1028,0,0,0,0,0,0,0,0,0,0
22.9,1042,0,0,0,0,0,0,0,0,0,0
22.95,1046,0,0,0,0,0,0,0,0,0,0
23.0,979,0,0,0,0,0,0,0,0,0,0
23.05,944,0,0,0,0,0,0,0,0,0,0
23.1,930,0,0,0,0,0,0,0,0,0,0
23.15,1009,0,0,0,0,0,0,0,0,0,0
23.2,968,0,0,0,0,0,0,0,0,0,0
23.25,1027,0,0,0,0,0,0,0,0,0,0
23.3,1011,0,0,0,0,0,0,0,0,0,0
23.35,1030,0,0,0,0,0,0,0,0,0,0
23.4,1002,0,0,0,0,0,0,0,0,0,0
23.45,1006,0,0,0,0,0,0,0,0,0,0
23.5,977,0,0,0,0,0,0,0,0,0,0
23.55,992,0,0,0,0,0,0,0,0,0,0
23.6,1009,0,0,0,0,0,0,0,0,0,0
23.65,994,0,0,0,0,0,0,0,0,0,0
23.7,1005,0,0,0,0,0,0,0,0,0,0
23.75,1005,0,0,0,0,0,0,0,0,0,0
23.8,1012,0,0,0,0,0,0,0,0,0,0
23.85,1005,0,0,0,0,0,0,0,0,0,0
23.9,1003,0,0,0,0,0,0,0,0,0,0
23.95,998,0,0,0,0,0,0,0,0,0,0
24.0,995,0,0,0,0,0,0,0,0,0,0
24.05,978,0,0,0,0,0,0,0,0,0,0
24.1,1009,0,0,0,0,0,0,0,0,0,0
24.15,1044,0,0,0,0,0,0,0,0,0,0
24.200000000000003,979,0,0,0,0,0,0,0,0,0,0
24.25,921,0,0,0,0,0,0,0,0,0,0
24.3,1008,0,0,0,0,0,0,0,0,0,0
24.35,984,0,0,0,0,0,0,0,0,0,0
24.4,1019,0,0,0,0,0,0,0,0,0,0
24.450000000000003,976,0,0,0,0,0,0,0,0,0,0
24.5,1038,0,0,0,0,0,0,0,0,0,0
24.55,1024,0,0,0,0,0,0,0,0,0,0
24.6,993,0,0,0,0,0,0,0,0,0,0
24.65,971,0,0,0,0,0,0,0,0,0,0
24.700000000000003,1026,0,0,0,0,0,0,0,0,0,0
24.75,1009,0,0,0,0,0,0,0,0,0,0
24.8,1056,0,0,0,0,0,0,0,0,0,0
24.85,976,0,0,0,0,0,0,0,0,0,0
24.9,1025,0,0,0,0,0,0,0,0,0,0
24.950000000000003,991,0,0,0,0,0,0,0,0,0,0
25.0,978,0,0,0,0,0,0,0,0,0,0
25.05,989,0,0,0,0,0,0,0,0,0,0
25.1,988,0,0,0,0,0,0,0,0,0,0
25.15,970,0,0,0,0,0,0,0,0,0,0
25.200000000000003,1001,0,0,0,0,0,0,0,0,0,0
25.25,905,0,0,0,0,0,0,0,0,0,0
25.3,1023,0,0,0,0,0,0,0,0,0,0
25.35,971,0,0,0,0,0,0,0,0,0,0
25.4,1027,0,0,0,0,0,0,0,0,0,0
25.450000000000003,1013,0,0,0,0,0,0,0,0,0,0
25.5,1009,0,0,0,0,0,0,0,0,0,0
25.55,1034,0,0,0,0,0,0,0,0,0,0
25.6,1019,0,0,0,0,0,0,0,0,0,0
25.65,1007,0,0,0,0,0,0,0,0,0,0
25.700000000000003,970,0,0,0,0,0,0,0,0,0,0
25.75,1046,0,0,0,0,0,0,0,0,0,0
25.8,965,0,0,0,0,0,0,0,0,0,0
25.85,1040,0,0,0,0,0,0,0,0,0,0
25.9,989,0,0,0,0,0,0,0,0,0,0
25.950000000000003,986,0,0,0,0,0,0,0,0,0,0
26.0,1001,0,0,0,0,0,0,0,0,0,0
26.05,1004,0,0,0,0,0,0,0,0,0,0
26.1,953,0,0,0,0,0,0,0,0,0,0
26.15,951,0,0,0,0,0,0,0,0,0,0
26.200000000000003,993,0,0,0,0,0,0,0,0,0,0
26.25,1060,0,0,0,0,0,0,0,0,0,0
26.3,990,0,0,0,0,0,0,0,0,0,0
26.35,967,0,0,0,0,0,0,0,0,0,0
26.4,1000,0,0,0,0,0,0,0,0,0,0
26.450000000000003,1006,0,0,0,0,0,0,0,0,0,0
26.5,1058,0,0,0,0,0,0,0,0,0,0
26.55,980,0,0,0,0,0,0,0,0,0,0
26.6,1010,0,0,0,0,0,0,0,0,0,0
26.65,1017,0,0,0,0,0,0,0,0,0,0
26.700000000000003,1040,0,0,0,0,0,0,0,0,0,0
26.75,991,0,0,0,0,0,0,0,0,0,0
26.8,986,0,0,0,0,0,0,0,0,0,0
26.85,965,0,0,0,0,0,0,0,0,0,0
26.9,981,0,0,0,0,0,0,0,0,0,0
26.950000000000003,967,0,0,0,0,0,0,0,0,0,0
27.0,997,0,0,0,0,0,0,0,0,0,0
27.05,1024,0,0,0,0,0,0,0,0,0,0
27.1,971,0,0,0,0,0,0,0,0,0,0
27.15,979,0,0,0,0,0,0,0,0,0,0
27.200000000000003,973,0,0,0,0,0,0,0,0,0,0
27.25,964,0,0,0,0,0,0,0,0,0,0
27.3,982,0,0,0,0,0,0,0,0,0,0
27.35,985,0,0,0,0,0,0,0,0,0,0
27.4,1068,0,0,0,0,0,0,0,0,0,0
27.450000000000003,1005,0,0,0,0,0,0,0,0,0,0
27.5,1038,0,0,0,0,0,0,0,0,0,0
27.55,1003,0,0,0,0,0,0,0,0,0,0
27.6,1034,0,0,0,0,0,0,0,0,0,0
27.65,939,0,0,0,0,0,0,0,0,0,0
27.700000000000003,1059,0,0,0,0,0,0,0,0,0,0
27.75,1021,0,0,0,0,0,0,0,0,0,0
27.8,987,0,0,0,0,0,0,0,0,0,0
27.85,980,0,0,0,0,0,0,0,0,0,0
27.9,1026,0,0,0,0,0,0,0,0,0,0
27.950000000000003,997,0,0,0,0,0,0,0,0,0,0
28.0,983,0,0,0,0,0,0,0,0,0,0
28.05,974,0,0,0,0,0,0,0,0,0,0
28.1,954,0,0,0,0,0,0,0,0,0,0
28.15,1027,0,0,0,0,0,0,0,0,0,0
28.200000000000003,984,0,0,0,0,0,0,0,0,0,0
28.25,1046,0,0,0,0,0,0,0,0,0,0
28.3,945,0,0,0,0,0,0,0,0,0,0
28.35,1002,0,0,0,0,0,0,0,0,0,0
28.4,989,0,0,0,0,0,0,0,0,0,0
28.450000000000003,996,0,0,0,0,0,0,0,0,0,0
28.5,1015,0,0,0,0,0,0,0,0,0,0
28.55,1016,0,0,0,0,0,0,0,0,0,0
28.6,984,0,0,0,0,0,0,0,0,0,0
28.65,1011,0,0,0,0,0,0,0,0,0,0
28.700000000000003,1016,0,0,0,0,0,0,0,0,0,0
28.75,960,0,0,0,0,0,0,0,0,0,0
28.8,1043,0,0,0,0,0,0,0,0,0,0
28.85,1015,0,0,0,0,0,0,0,0,0,0
28.9,1026,0,0,0,0,0,0,0,0,0,0
28.950000000000003,930,0,0,0,0,0,0,0,0,0,0
29.0,1023,0,0,0,0,0,0,0,0,0,0
29.05,969,0,0,0,0,0,0,0,0,0,0
29.1,1019,0,0,0,0,0,0,0,0,0,0
29.15,1019,0,0,0,0,0,0,0,0,0,0
29.200000000000003,973,0,0,0,0,0,0,0,0,0,0
29.25,1011,0,0,0,0,0,0,0,0,0,0
29.3,989,0,0,0,0,0,0,0,0,0,0
29.35,1087,0,0,0,0,0,0,0,0,0,0
29.4,977,0,0,0,0,0,0,0,0,0,0
29.450000000000003,984,0,0,0,0,0,0,0,0,0,0
29.5,976,0,0,0,0,0,0,0,0,0,0
29.55,939,0,0,0,0,0,0,0,0,0,0
29.6,1002,0,0,0,0,0,0,0,0,0,0
29.65,952,0,0,0,0,0,0,0,0,0,0
29.700000000000003,1009,0,0,0,0,0,0,0,0,0,0
29.75,1012,0,0,0,0,0,0,0,0,0,0
29.8,981,0,0,0,0,0,0,0,0,0,0
29.85,1014,0,0,0,0,0,0,0,0,0,0
29.9,990,0,0,0,0,0,0,0,0,0,0
29.950000000000003,1012,0,0,0,0,0,0,0,0,0,0
30.0,976,0,0,0,0,0,0,0,0,0,0
30.05,1023,0,0,0,0,0,0,0,0,0,0
30.1,989,0,0,0,0,0,0,0,0,0,0
30.15,1033,0,0,0,0,0,0,0,0,0,0
30.200000000000003,1012,0,0,0,0,0,0,0,0,0,0
30.25,955,0,0,0,0,0,0,0,0,0,0
30.3,1035,0,0,0,0,0,0,0,0,0,0
30.35,1005,0,0,0,0,0,0,0,0,0,0
30.4,972,0,0,0,0,0,0,0,0,0,0
30.450000000000003,1025,0,0,0,0,0,0,0,0,0,0
30.5,940,0,0,0,0,0,0,0,0,0,0
30.55,1017,0,0,0,0,0,0,0,0,0,0
30.6,996,0,0,0,0,0,0,0,0,0,0
30.65,1023,0,0,0,0,0,0,0,0,0,0
30.700000000000003,1021,0,0,0,0,0,0,0,0,0,0
30.75,1053,0,0,0,0,0,0,0,0,0,0
30.8,948,0,0,0,0,0,0,0,0,0,0
30.85,931,0,0,0,0,0,0,0,0,0,0
30.9,991,0,0,0,0,0,0,0,0,0,0
30.950000000000003,1012,0,0,0,0,0,0,0,0,0,0
31.0,996,0,0,0,0,0,0,0,0,0,0
31.05,1002,0,0,0,0,0,0,0,0,0,0
31.1,999,0,0,0,0,0,0,0,0,0,0
31.15,984,0,0,0,0,0,0,0,0,0,0
31.200000000000003,1000,0,0,0,0,0,0,0,0,0,0
31.25,987,0,0,0,0,0,0,0,0,0,0
31.3,977,0,0,0,0,0,0,0,0,0,0
31.35,977,0,0,0,0,0,0,0,0,0,0
31.4,1015,0,0,0,0,0,0,0,0,0,0
31.450000000000003,1036,0,0,0,0,0,0,0,0,0,0
31.5,1000,0,0,0,0,0,0,0,0,0,0
31.55,969,0,0,0,0,0,0,0,0,0,0
31.6,1034,0,0,0,0,0,0,0,0,0,0
31.65,972,0,0,0,0,0,0,0,0,0,0
31.700000000000003,1020,0,0,0,0,0,0,0,0,0,0
31.75,936,0,0,0,0,0,0,0,0,0,0
31.8,989,0,0,0,0,0,0,0,0,0,0
31.85,1023,0,0,0,0,0,0,0,0,0,0
31.9,956,0,0,0,0,0,0,0,0,0,0
31.950000000000003,1008,0,0,0,0,0,0,0,0,0,0
32.0,1001,0,0,0,0,0,0,0,0,0,0
32.05,920,0,0,0,0,0,0,0,0,0,0
32.1,891,0,0,0,0,0,0,0,0,0,0
32.150000000000006,851,0,0,0,0,0,0,0,0,0,0
32.2,769,0,0,0,0,0,0,0,0,0,0
32.25,720,0,0,0,0,0,0,0,0,0,0
32.3,680,0,0,0,0,0,0,0,0,0,0
32.35,639,0,0,0,0,0,0,0,0,0,0
32.400000000000006,533,0,0,0,0,0,0,0,0,0,0
32.45,542,0,0,0,0,0,0,0,0,0,0
32.5,448,0,0,0,0,0,0,0,0,0,0
32.55,407,0,0,0,0,0,0,0,0,0,0
32.6,386,0,0,0,0,0,0,0,0,0,0
32.650000000000006,330,0,0,0,0,0,0,0,0,0,0
32.7,284,0,0,0,0,0,0,0,0,0,0
32.75,218,0,0,0,0,0,0,0,0,0,0
32.8,185,0,0,0,0,0,0,0,0,0,0
32.85,121,0,0,0,0,0,0,0,0,0,0
32.900000000000006,67,0,0,0,0,0,0,0,0,0,0
32.95,19,0,0,0,0,0,0,0,0,0,0
*****
16 , 0.05 , 1000 , 0 , 0.4 , 10 , 100 , 0.65 , 1.0 , 0.65 , 1.0 , .055
16.0,1000,1000,0,1000,1000,0,1000,0,1000,1000,0
16.05,1081,1081,1,1081,1081,0,1081,1,1081,1081,0
16.1,1043,1043,0,1043,1043,0,1043,0,1043,1043,0
16.15,1036,1034,0,1036,1036,0,1034,0,1036,1036,0
16.2,1045,1024,0,1045,1045,0,1024,0,1045,1045,0
16.25,1006,929,0,1006,1006,0,929,0,1006,1006,0
16.3,1096,952,0,1096,1094,0,952,0,1096,1094,0
16.35,1010,740,0,1010,1007,0,740,0,1010,1007,0
16.4,1009,566,0,1009,1004,0,566,0,1009,1004,0
16.45,1076,423,0,1076,1055,0,423,0,1076,1055,0
16.5,1022,261,0,1022,981,0,261,0,1022,981,0
16.55,1056,173,0,1056,980,0,173,0,1056,980,0
16.6,1029,96,0,1028,902,0,96,0,1028,902,0
16.65,1064,48,0,1062,839,0,48,0,1062,839,0
16.7,1040,36,0,1037,697,0,36,0,1037,697,0
16.75,1095,19,0,1087,607,0,19,0,1087,607,0
16.8,1079,5,0,1057,492,0,5,0,1057,492,0
16.85,1043,2,0,1011,366,0,2,0,1011,366,0
16.9,1012,3,0,966,259,0,3,0,966,259,0
16.95,974,0,0,922,161,0,0,0,922,161,0
17.0,1058,0,0,977,152,0,0,0,977,152,0
17.05,1045,1,0,921,72,0,1,0,921,72,0
17.1,1081,0,0,914,51,0,0,0,914,51,0
17.15,1027,0,0,811,35,0,0,0,811,35,0
17.2,1069,0,0,754,22,0,0,0,754,22,0
17.25,1069,0,0,685,13,0,0,0,685,13,0
17.3,1031,0,0,602,6,0,0,0,602,6,0
17.35,1051,0,0,547,5,0,0,0,547,5,0
17.4,1055,0,0,451,4,0,0,0,451,4,0
17.45,1016,0,0,337,0,0,0,0,337,0,0
17.5,1052,0,0,303,0,0,0,0,303,0,0
17.55,1117,0,0,263,0,0,0,0,263,0,0
17.6,1024,0,0,186,0,0,0,0,186,0,0
17.65,1019,0,0,129,0,0,0,0,129,0,0
17.7,1040,0,0,94,0,0,0,0,94,0,0
17.75,1040,0,0,73,0,0,0,0,73,0,0
17.8,1033,0,0,36,0,0,0,0,36,0,0
17.85,1017,0,0,32,0,0,0,0,32,0,0
17.9,1020,0,0,13,0,0,0,0,13,0,0
17.95,1022,0,0,11,0,0,0,0,11,0,0
18.0,1080,0,0,14,0,0,0,0,14,0,0
18.05,1124,0,0,10,0,0,0,0,10,0,0
18.1,1061,0,0,0,0,0,0,0,0,0,0
18.15,1005,0,0,2,0,0,0,0,2,0,0
18.2,1061,0,0,1,0,0,0,0,1,0,0
18.25,1046,0,0,0,0,0,0,0,0,0,0
18.3,1048,0,0,0,0,0,0,0,0,0,0
18.35,1071,0,0,0,0,0,0,0,0,0,0
18.4,1027,0,0,0,0,0,0,0,0,0,0
18.45,1109,0,0,0,0,0,0,0,0,0,0
18.5,1093,0,0,0,0,0,0,0,0,0,0
18.55,1032,0,0,0,0,0,0,0,0,0,0
18.6,1049,0,0,0,0,0,0,0,0,0,0
18.65,1103,0,0,0,0,0,0,0,0,0,0
18.7,1061,0,0,0,0,0,0,0,0,0,0
18.75,1037,0,0,0,0,0,0,0,0,0,0
18.8,1019,0,0,0,0,0,0,0,0,0,0
18.85,1066,0,0,0,0,0,0,0,0,0,0
18.9,990,0,0,0,0,0,0,0,0,0,0
18.95,1081,0,0,0,0,0,0,0,0,0,0
19.0,1091,0,0,0,0,0,0,0,0,0,0
19.05,1034,0,0,0,0,0,0,0,0,0,0
19.1,1051,0,0,0,0,0,0,0,0,0,0
19.15,1053,0,0,0,0,0,0,0,0,0,0
19.2,1081,0,0,0,0,0,0,0,0,0,0
19.25,1058,0,0,0,0,0,0,0,0,0,0
19.3,1026,0,0,0,0,0,0,0,0,0,0
19.35,1032,0,0,0,0,0,0,0,0,0,0
19.4,1002,0,0,0,0,0,0,0,0,0,0
19.45,1077,0,0,0,0,0,0,0,0,0,0
19.5,1040,0,0,0,0,0,0,0,0,0,0
19.55,1073,0,0,0,0,0,0,0,0,0,0
19.6,1078,0,0,0,0,0,0,0,0,0,0
19.65,1046,0,0,0,0,0,0,0,0,0,0
19.7,1040,0,0,0,0,0,0,0,0,0,0
19.75,1036,0,0,0,0,0,0,0,0,0,0
19.8,1066,0,0,0,0,0,0,0,0,0,0
19.85,1043,0,0,0,0,0,0,0,0,0,0
19.9,1037,0,0,0,0,0,0,0,0,0,0
19.95,1109,0,0,0,0,0,0,0,0,0,0
20.0,1034,0,0,0,0,0,0,0,0,0,0
20.05,1077,0,0,0,0,0,0,0,0,0,0
20.1,1073,0,0,0,0,0,0,0,0,0,0
20.15,1047,0,0,0,0,0,0,0,0,0,0
20.2,951,0,0,0,0,0,0,0,0,0,0
20.25,1070,0,0,0,0,0,0,0,0,0,0
20.3,1047,0,0,0,0,0,0,0,0,0,0
20.35,1091,0,0,0,0,0,0,0,0,0,0
20.4,1031,0,0,0,0,0,0,0,0,0,0
20.45,1047,0,0,0,0,0,0,0,0,0,0
20.5,1041,0,0,0,0,0,0,0,0,0,0
20.55,1080,0,0,0,0,0,0,0,0,0,0
20.6,1054,0,0,0,0,0,0,0,0,0,0
20.65,1080,0,0,0,0,0,0,0,0,0,0
20.7,1010,0,0,0,0,0,0,0,0,0,0
20.75,1037,0,0,0,0,0,0,0,0,0,0
20.8,1099,0,0,0,0,0,0,0,0,0,0
20.85,1046,0,0,0,0,0,0,0,0,0,0
20.9,1046,0,0,0,0,0,0,0,0,0,0
20.95,1082,0,0,0,0,0,0,0,0,0,0
21.0,1054,0,0,0,0,0,0,0,0,0,0
21.05,1090,0,0,0,0,0,0,0,0,0,0
21.1,1018,0,0,0,0,0,0,0,0,0,0
21.15,1045,0,0,0,0,0,0,0,0,0,0
21.2,1029,0,0,0,0,0,0,0,0,0,0
21.25,1035,0,0,0,0,0,0,0,0,0,0
21.3,1060,0,0,0,0,0,0,0,0,0,0
21.35,1069,0,0,0,0,0,0,0,0,0,0
21.4,1087,0,0,0,0,0,0,0,0,0,0
21.45,1043,0,0,0,0,0,0,0,0,0,0
21.5,1048,0,0,0,0,0,0,0,0,0,0
21.55,1054,0,0,0,0,0,0,0,0,0,0
21.6,1032,0,0,0,0,0,0,0,0,0,0
21.65,1025,0,0,0,0,0,0,0,0,0,0
21.7,1047,0,0,0,0,0,0,0,0,0,0
21.75,1030,0,0,0,0,0,0,0,0,0,0
21.8,1045,0,0,0,0,0,0,0,0,0,0
21.85,1010,0,0,0,0,0,0,0,0,0,0
21.9,1040,0,0,0,0,0,0,0,0,0,0
21.95,1027,0,0,0,0,0,0,0,0,0,0
22.0,1062,0,0,0,0,0,0,0,0,0,0
22.05,1059,0,0,0,0,0,0,0,0,0,0
22.1,1021,0,0,0,0,0,0,0,0,0,0
22.15,1035,0,0,0,0,0,0,0,0,0,0
22.2,1030,0,0,0,0,0,0,0,0,0,0
22.25,1031,0,0,0,0,0,0,0,0,0,0
22.3,1070,0,0,0,0,0,0,0,0,0,0
22.35,1039,0,0,0,0,0,0,0,0,0,0
22.4,1037,0,0,0,0,0,0,0,0,0,0
22.45,1055,0,0,0,0,0,0,0,0,0,0
22.5,1020,0,0,0,0,0,0,0,0,0,0
22.55,1017,0,0,0,0,0,0,0,0,0,0
22.6,1067,0,0,0,0,0,0,0,0,0,0
22.65,1039,0,0,0,0,0,0,0,0,0,0
22.7,1060,0,0,0,0,0,0,0,0,0,0
22.75,1031,0,0,0,0,0,0,0,0,0,0
22.8,1056,0,0,0,0,0,0,0,0,0,0
22.85,987,0,0,0,0,0,0,0,0,0,0
22.9,1047,0,0,0,0,0,0,0,0,0,0
22.95,1071,0,0,0,0,0,0,0,0,0,0
23.0,1062,0,0,0,0,0,0,0,0,0,0
23.05,1057,0,0,0,0,0,0,0,0,0,0
23.1,1082,0,0,0,0,0,0,0,0,0,0
23.15,1013,0,0,0,0,0,0,0,0,0,0
23.2,1038,0,0,0,0,0,0,0,0,0,0
23.25,1028,0,0,0,0,0,0,0,0,0,0
23.3,1050,0,0,0,0,0,0,0,0,0,0
23.35,1053,0,0,0,0,0,0,0,0,0,0
23.4,1088,0,0,0,0,0,0,0,0,0,0
23.45,1057,0,0,0,0,0,0,0,0,0,0
23.5,1007,0,0,0,0,0,0,0,0,0,0
23.55,1015,0,0,0,0,0,0,0,0,0,0
23.6,1111,0,0,0,0,0,0,0,0,0,0
23.65,1082,0,0,0,0,0,0,0,0,0,0
23.7,1019,0,0,0,0,0,0,0,0,0,0
23.75,1043,0,0,0,0,0,0,0,0,0,0
23.8,1047,0,0,0,0,0,0,0,0,0,0
23.85,1037,0,0,0,0,0,0,0,0,0,0
23.9,1037,0,0,0,0,0,0,0,0,0,0
23.95,1054,0,0,0,0,0,0,0,0,0,0
24.0,1031,0,0,0,0,0,0,0,0,0,0
24.05,987,0,0,0,0,0,0,0,0,0,0
24.1,1049,0,0,0,0,0,0,0,0,0,0
24.15,1091,0,0,0,0,0,0,0,0,0,0
24.200000000000003,1011,0,0,0,0,0,0,0,0,0,0
24.25,1077,0,0,0,0,0,0,0,0,0,0
24.3,1045,0,0,0,0,0,0,0,0,0,0
24.35,1078,0,0,0,0,0,0,0,0,0,0
24.4,1065,0,0,0,0,0,0,0,0,0,0
24.450000000000003,1061,0,0,0,0,0,0,0,0,0,0
24.5,1054,0,0,0,0,0,0,0,0,0,0
24.55,1039,0,0,0,0,0,0,0,0,0,0
24.6,1039,0,0,0,0,0,0,0,0,0,0
24.65,1049,0,0,0,0,0,0,0,0,0,0
24.700000000000003,1071,0,0,0,0,0,0,0,0,0,0
24.75,1037,0,0,0,0,0,0,0,0,0,0
24.8,1010,0,0,0,0,0,0,0,0,0,0
24.85,1104,0,0,0,0,0,0,0,0,0,0
24.9,1076,0,0,0,0,0,0,0,0,0,0
24.950000000000003,964,0,0,0,0,0,0,0,0,0,0
25.0,1045,0,0,0,0,0,0,0,0,0,0
25.05,1030,0,0,0,0,0,0,0,0,0,0
25.1,1117,0,0,0,0,0,0,0,0,0,0
25.15,1041,0,0,0,0,0,0,0,0,0,0
25.200000000000003,1029,0,0,0,0,0,0,0,0,0,0
25.25,1028,0,0,0,0,0,0,0,0,0,0
25.3,1019,0,0,0,0,0,0,0,0,0,0
25.35,1062,0,0,0,0,0,0,0,0,0,0
25.4,1069,0,0,0,0,0,0,0,0,0,0
25.450000000000003,1063,0,0,0,0,0,0,0,0,0,0
25.5,1041,0,0,0,0,0,0,0,0,0,0
25.55,1024,0,0,0,0,0,0,0,0,0,0
25.6,1048,0,0,0,0,0,0,0,0,0,0
25.65,1097,0,0,0,0,0,0,0,0,0,0
25.700000000000003,1016,0,0,0,0,0,0,0,0,0,0
25.75,1016,0,0,0,0,0,0,0,0,0,0
25.8,1031,0,0,0,0,0,0,0,0,0,0
25.85,1034,0,0,0,0,0,0,0,0,0,0
25.9,1051,0,0,0,0,0,0,0,0,0,0
25.950000000000003,1017,0,0,0,0,0,0,0,0,0,0
26.0,1088,0,0,0,0,0,0,0,0,0,0
26.05,1086,0,0,0,0,0,0,0,0,0,0
26.1,1017,0,0,0,0,0,0,0,0,0,0
26.15,1020,0,0,0,0,0,0,0,0,0,0
26.200000000000003,1048,0,0,0,0,0,0,0,0,0,0
26.25,1097,0,0,0,0,0,0,0,0,0,0
26.3,1048,0,0,0,0,0,0,0,0,0,0
26.35,1039,0,0,0,0,0,0,0,0,0,0
26.4,1044,0,0,0,0,0,0,0,0,0,0
26.450000000000003,1046,0,0,0,0,0,0,0,0,0,0
26.5,1010,0,0,0,0,0,0,0,0,0,0
26.55,1070,0,0,0,0,0,0,0,0,0,0
26.6,1076,0,0,0,0,0,0,0,0,0,0
26.65,1028,0,0,0,0,0,0,0,0,0,0
26.700000000000003,1051,0,0,0,0,0,0,0,0,0,0
26.75,1088,0,0,0,0,0,0,0,0,0,0
26.8,1035,0,0,0,0,0,0,0,0,0,0
26.85,1039,0,0,0,0,0,0,0,0,0,0
26.9,1060,0,0,0,0,0,0,0,0,0,0
26.950000000000003,1053,0,0,0,0,0,0,0,0,0,0
27.0,1097,0,0,0,0,0,0,0,0,0,0
27.05,1013,0,0,0,0,0,0,0,0,0,0
27.1,1052,0,0,0,0,0,0,0,0,0,0
27.15,1030,0,0,0,0,0,0,0,0,0,0
27.200000000000003,1069,0,0,0,0,0,0,0,0,0,0
27.25,1028,0,0,0,0,0,0,0,0,0,0
27.3,1018,0,0,0,0,0,0,0,0,0,0
27.35,1027,0,0,0,0,0,0,0,0,0,0
27.4,1072,0,0,0,0,0,0,0,0,0,0
27.450000000000003,1057,0,0,0,0,0,0,0,0,0,0
27.5,1076,0,0,0,0,0,0,0,0,0,0
27.55,1010,0,0,0,0,0,0,0,0,0,0
27.6,1023,0,0,0,0,0,0,0,0,0,0
27.65,1061,0,0,0,0,0,0,0,0,0,0
27.700000000000003,1047,0,0,0,0,0,0,0,0,0,0
27.75,1019,0,0,0,0,0,0,0,0,0,0
27.8,1039,0,0,0,0,0,0,0,0,0,0
27.85,1068,0,0,0,0,0,0,0,0,0,0
27.9,1088,0,0,0,0,0,0,0,0,0,0
27.950000000000003,1035,0,0,0,0,0,0,0,0,0,0
28.0,1086,0,0,0,0,0,0,0,0,0,0
28.05,1017,0,0,0,0,0,0,0,0,0,0
28.1,1112,0,0,0,0,0,0,0,0,0,0
28.15,1056,0,0,0,0,0,0,0,0,0,0
28.200000000000003,1073,0,0,0,0,0,0,0,0,0,0
28.25,1041,0,0,0,0,0,0,0,0,0,0
28.3,1077,0,0,0,0,0,0,0,0,0,0
28.35,1026,0,0,0,0,0,0,0,0,0,0
28.4,1048,0,0,0,0,0,0,0,0,0,0
28.450000000000003,1048,0,0,0,0,0,0,0,0,0,0
28.5,1046,0,0,0,0,0,0,0,0,0,0
28.55,1067,0,0,0,0,0,0,0,0,0,0
28.6,1061,0,0,0,0,0,0,0,0,0,0
28.65,1054,0,0,0,0,0,0,0,0,0,0
28.700000000000003,1058,0,0,0,0,0,0,0,0,0,0
28.75,1017,0,0,0,0,0,0,0,0,0,0
28.8,1043,0,0,0,0,0,0,0,0,0,0
28.85,1048,0,0,0,0,0,0,0,0,0,0
28.9,1020,0,0,0,0,0,0,0,0,0,0
28.950000000000003,1057,0,0,0,0,0,0,0,0,0,0
29.0,1063,0,0,0,0,0,0,0,0,0,0
29.05,1003,0,0,0,0,0,0,0,0,0,0
29.1,1066,0,0,0,0,0,0,0,0,0,0
29.15,1068,0,0,0,0,0,0,0,0,0,0
29.200000000000003,1046,0,0,0,0,0,0,0,0,0,0
29.25,1028,0,0,0,0,0,0,0,0,0,0
29.3,1069,0,0,0,0,0,0,0,0,0,0
29.35,1076,0,0,0,0,0,0,0,0,0,0
29.4,1035,0,0,0,0,0,0,0,0,0,0
29.450000000000003,1030,0,0,0,0,0,0,0,0,0,0
29.5,1058,0,0,0,0,0,0,0,0,0,0
29.55,1047,0,0,0,0,0,0,0,0,0,0
29.6,1073,0,0,0,0,0,0,0,0,0,0
29.65,1067,0,0,0,0,0,0,0,0,0,0
29.700000000000003,1054,0,0,0,0,0,0,0,0,0,0
29.75,1066,0,0,0,0,0,0,0,0,0,0
29.8,1016,0,0,0,0,0,0,0,0,0,0
29.85,1081,0,0,0,0,0,0,0,0,0,0
29.9,1015,0,0,0,0,0,0,0,0,0,0
29.950000000000003,1044,0,0,0,0,0,0,0,0,0,0
30.0,1103,0,0,0,0,0,0,0,0,0,0
30.05,1067,0,0,0,0,0,0,0,0,0,0
30.1,1044,0,0,0,0,0,0,0,0,0,0
30.15,1051,0,0,0,0,0,0,0,0,0,0
30.200000000000003,1094,0,0,0,0,0,0,0,0,0,0
30.25,1088,0,0,0,0,0,0,0,0,0,0
30.3,991,0,0,0,0,0,0,0,0,0,0
30.35,1063,0,0,0,0,0,0,0,0,0,0
30.4,1100,0,0,0,0,0,0,0,0,0,0
30.450000000000003,1066,0,0,0,0,0,0,0,0,0,0
30.5,1066,0,0,0,0,0,0,0,0,0,0
30.55,1029,0,0,0,0,0,0,0,0,0,0
30.6,1059,0,0,0,0,0,0,0,0,0,0
30.65,1029,0,0,0,0,0,0,0,0,0,0
30.700000000000003,1033,0,0,0,0,0,0,0,0,0,0
30.75,1039,0,0,0,0,0,0,0,0,0,0
30.8,1062,0,0,0,0,0,0,0,0,0,0
30.85,1014,0,0,0,0,0,0,0,0,0,0
30.9,1025,0,0,0,0,0,0,0,0,0,0
30.950000000000003,1106,0,0,0,0,0,0,0,0,0,0
31.0,1067,0,0,0,0,0,0,0,0,0,0
31.05,1031,0,0,0,0,0,0,0,0,0,0
31.1,997,0,0,0,0,0,0,0,0,0,0
31.15,1041,0,0,0,0,0,0,0,0,0,0
31.200000000000003,1085,0,0,0,0,0,0,0,0,0,0
31.25,1060,0,0,0,0,0,0,0,0,0,0
31.3,1043,0,0,0,0,0,0,0,0,0,0
31.35,1060,0,0,0,0,0,0,0,0,0,0
31.4,1048,0,0,0,0,0,0,0,0,0,0
31.450000000000003,1040,0,0,0,0,0,0,0,0,0,0
31.5,1065,0,0,0,0,0,0,0,0,0,0
31.55,1088,0,0,0,0,0,0,0,0,0,0
31.6,1014,0,0,0,0,0,0,0,0,0,0
31.65,1002,0,0,0,0,0,0,0,0,0,0
31.700000000000003,1073,0,0,0,0,0,0,0,0,0,0
31.75,1115,0,0,0,0,0,0,0,0,0,0
31.8,1021,0,0,0,0,0,0,0,0,0,0
31.85,1074,0,0,0,0,0,0,0,0,0,0
31.9,1010,0,0,0,0,0,0,0,0,0,0
31.950000000000003,1056,0,0,0,0,0,0,0,0,0,0
32.0,921,0,0,0,0,0,0,0,0,0,0
32.05,849,0,0,0,0,0,0,0,0,0,0
32.1,722,0,0,0,0,0,0,0,0,0,0
32.150000000000006,639,0,0,0,0,0,0,0,0,0,0
32.2,446,0,0,0,0,0,0,0,0,0,0
32.25,342,0,0,0,0,0,0,0,0,0,0
32.3,204,0,0,0,0,0,0,0,0,0,0
32.35,68,0,0,0,0,0,0,0,0,0,0
*****
16 , 0.05 , 1000 , 0.3 , 0.7 , 10 , 100 , 0.65 , 1.0 , 0.65 , 1.0 , .055
16.0,1000,950,974,978,999,0,893,971,940,989,0
16.05,1022,984,991,1012,1021,0,940,991,975,1013,0
16.1,933,887,889,917,932,0,849,887,881,923,0
16.15,1007,945,932,983,1006,0,917,933,944,998,0
16.2,981,877,888,964,981,0,850,885,919,976,0
16.25,1072,903,915,1054,1071,0,885,913,1021,1058,0
16.3,1003,771,821,986,1000,0,753,820,952,991,0
16.35,1030,679,792,1014,1025,0,670,792,982,1015,0
16.4,991,580,709,977,980,0,576,708,943,974,0
16.45,1025,466,655,1009,1007,0,462,655,973,1005,0
16.5,974,352,622,954,939,0,348,622,910,937,0
16.55,1027,292,553,1012,960,0,292,553,987,957,0
16.6,993,215,461,969,904,0,214,461,942,905,0
16.65,1003,171,447,982,885,0,171,447,957,884,0
16.7,972,122,353,939,769,0,122,353,912,768,0
16.75,997,78,340,949,772,0,77,340,927,772,0
16.8,1005,53,264,961,720,0,53,264,936,720,0
16.85,998,41,231,911,661,0,41,231,898,660,0
16.9,1042,26,199,935,588,0,26,199,917,588,0
16.95,1022,23,161,897,526,0,23,161,881,526,0
17.0,990,10,115,838,438,0,10,115,828,437,0
17.05,962,9,109,779,379,0,9,109,774,378,0
17.1,977,7,93,757,330,0,7,93,752,330,0
17.15,1038,5,67,804,284,0,5,67,798,284,0
17.2,1009,2,64,695,262,0,2,64,693,262,0
17.25,999,1,47,650,213,0,1,47,648,213,0
17.3,1030,0,37,650,191,0,0,37,648,191,0
17.35,964,0,24,528,112,0,0,24,528,112,0
17.4,982,0,18,493,105,0,0,18,493,105,0
17.45,999,0,14,456,106,0,0,14,456,106,0
17.5,963,0,10,383,71,0,0,10,381,71,0
17.55,1043,0,7,361,77,0,0,7,361,77,0
17.6,1071,0,11,347,48,0,0,11,347,48,0
17.65,1006,0,6,240,34,0,0,6,240,34,0
17.7,988,0,7,240,32,0,0,7,240,32,0
17.75,966,0,4,207,30,0,0,4,207,30,0
17.8,941,0,4,155,30,0,0,4,155,30,0
17.85,1007,0,1,141,10,0,0,1,141,10,0
17.9,1038,0,3,109,9,0,0,3,109,9,0
17.95,1039,0,2,115,4,0,0,2,115,4,0
18.0,1013,0,0,80,7,0,0,0,80,7,0
18.05,992,0,1,57,7,0,0,1,57,7,0
18.1,971,0,0,42,7,0,0,0,42,7,0
18.15,1030,0,0,38,1,0,0,0,38,1,0
18.2,992,0,0,28,3,0,0,0,28,3,0
18.25,1026,0,0,26,1,0,0,0,26,1,0
18.3,1023,0,0,17,3,0,0,0,17,3,0
18.35,972,0,0,19,0,0,0,0,19,0,0
18.4,1027,0,0,6,0,0,0,0,6,0,0
18.45,988,0,0,5,0,0,0,0,5,0,0
18.5,1024,0,0,5,0,0,0,0,5,0,0
18.55,997,0,0,2,1,0,0,0,2,1,0
18.6,1020,0,0,2,0,0,0,0,2,0,0
18.65,941,0,0,1,0,0,0,0,1,0,0
18.7,977,0,0,1,0,0,0,0,1,0,0
18.75,1015,0,0,0,0,0,0,0,0,0,0
18.8,987,0,0,0,0,0,0,0,0,0,0
18.85,1054,0,0,0,0,0,0,0,0,0,0
18.9,999,0,0,0,0,0,0,0,0,0,0
18.95,1028,0,0,0,0,0,0,0,0,0,0
19.0,989,0,0,0,0,0,0,0,0,0,0
19.05,1028,0,0,0,0,0,0,0,0,0,0
19.1,984,0,0,0,0,0,0,0,0,0,0
19.15,1009,0,0,0,0,0,0,0,0,0,0
19.2,1001,0,0,0,0,0,0,0,0,0,0
19.25,965,0,0,0,0,0,0,0,0,0,0
19.3,1016,0,0,0,0,0,0,0,0,0,0
19.35,990,0,0,0,0,0,0,0,0,0,0
19.4,1034,0,0,0,0,0,0,0,0,0,0
19.45,979,0,0,0,0,0,0,0,0,0,0
19.5,995,0,0,0,0,0,0,0,0,0,0
19.55,1011,0,0,0,0,0,0,0,0,0,0
19.6,1049,0,0,0,0,0,0,0,0,0,0
19.65,972,0,0,0,0,0,0,0,0,0,0
19.7,990,0,0,0,0,0,0,0,0,0,0
19.75,945,0,0,0,0,0,0,0,0,0,0
19.8,1044,0,0,0,0,0,0,0,0,0,0
19.85,995,0,0,0,0,0,0,0,0,0,0
19.9,1037,0,0,0,0,0,0,0,0,0,0
19.95,981,0,0,0,0,0,0,0,0,0,0
20.0,1022,0,0,0,0,0,0,0,0,0,0
20.05,1013,0,0,0,0,0,0,0,0,0,0
20.1,989,0,0,0,0,0,0,0,0,0,0
20.15,975,0,0,0,0,0,0,0,0,0,0
20.2,978,0,0,0,0,0,0,0,0,0,0
20.25,1034,0,0,0,0,0,0,0,0,0,0
20.3,1002,0,0,0,0,0,0,0,0,0,0
20.35,1020,0,0,0,0,0,0,0,0,0,0
20.4,1030,0,0,0,0,0,0,0,0,0,0
20.45,1004,0,0,0,0,0,0,0,0,0,0
20.5,988,0,0,0,0,0,0,0,0,0,0
20.55,1009,0,0,0,0,0,0,0,0,0,0
20.6,1028,0,0,0,0,0,0,0,0,0,0
20.65,973,0,0,0,0,0,0,0,0,0,0
20.7,1006,0,0,0,0,0,0,0,0,0,0
20.75,994,0,0,0,0,0,0,0,0,0,0
20.8,981,0,0,0,0,0,0,0,0,0,0
20.85,996,0,0,0,0,0,0,0,0,0,0
20.9,1028,0,0,0,0,0,0,0,0,0,0
20.95,1010,0,0,0,0,0,0,0,0,0,0
21.0,1008,0,0,0,0,0,0,0,0,0,0
21.05,998,0,0,0,0,0,0,0,0,0,0
21.1,1016,0,0,0,0,0,0,0,0,0,0
21.15,1016,0,0,0,0,0,0,0,0,0,0
21.2,995,0,0,0,0,0,0,0,0,0,0
21.25,997,0,0,0,0,0,0,0,0,0,0
21.3,1006,0,0,0,0,0,0,0,0,0,0
21.35,924,0,0,0,0,0,0,0,0,0,0
21.4,992,0,0,0,0,0,0,0,0,0,0
21.45,1021,0,0,0,0,0,0,0,0,0,0
21.5,1042,0,0,0,0,0,0,0,0,0,0
21.55,1055,0,0,0,0,0,0,0,0,0,0
21.6,997,0,0,0,0,0,0,0,0,0,0
21.65,1036,0,0,0,0,0,0,0,0,0,0
21.7,968,0,0,0,0,0,0,0,0,0,0
21.75,999,0,0,0,0,0,0,0,0,0,0
21.8,1051,0,0,0,0,0,0,0,0,0,0
21.85,975,0,0,0,0,0,0,0,0,0,0
21.9,967,0,0,0,0,0,0,0,0,0,0
21.95,972,0,0,0,0,0,0,0,0,0,0
22.0,993,0,0,0,0,0,0,0,0,0,0
22.05,945,0,0,0,0,0,0,0,0,0,0
22.1,1051,0,0,0,0,0,0,0,0,0,0
22.15,993,0,0,0,0,0,0,0,0,0,0
22.2,1044,0,0,0,0,0,0,0,0,0,0
22.25,1008,0,0,0,0,0,0,0,0,0,0
22.3,991,0,0,0,0,0,0,0,0,0,0
22.35,1008,0,0,0,0,0,0,0,0,0,0
22.4,927,0,0,0,0,0,0,0,0,0,0
22.45,1073,0,0,0,0,0,0,0,0,0,0
22.5,1041,0,0,0,0,0,0,0,0,0,0
22.55,953,0,0,0,0,0,0,0,0,0,0
22.6,1002,0,0,0,0,0,0,0,0,0,0
22.65,1013,0,0,0,0,0,0,0,0,0,0
22.7,965,0,0,0,0,0,0,0,0,0,0
22.75,978,0,0,0,0,0,0,0,0,0,0
22.8,1018,0,0,0,0,0,0,0,0,0,0
22.85,985,0,0,0,0,0,0,0,0,0,0
22.9,988,0,0,0,0,0,0,0,0,0,0
22.95,1033,0,0,0,0,0,0,0,0,0,0
23.0,1021,0,0,0,0,0,0,0,0,0,0
23.05,1056,0,0,0,0,0,0,0,0,0,0
23.1,1029,0,0,0,0,0,0,0,0,0,0
23.15,994,0,0,0,0,0,0,0,0,0,0
23.2,930,0,0,0,0,0,0,0,0,0,0
23.25,980,0,0,0,0,0,0,0,0,0,0
23.3,989,0,0,0,0,0,0,0,0,0,0
23.35,1022,0,0,0,0,0,0,0,0,0,0
23.4,976,0,0,0,0,0,0,0,0,0,0
23.45,952,0,0,0,0,0,0,0,0,0,0
23.5,1029,0,0,0,0,0,0,0,0,0,0
23.55,1048,0,0,0,0,0,0,0,0,0,0
23.6,1032,0,0,0,0,0,0,0,0,0,0
23.65,964,0,0,0,0,0,0,0,0,0,0
23.7,1019,0,0,0,0,0,0,0,0,0,0
23.75,1016,0,0,0,0,0,0,0,0,0,0
23.8,993,0,0,0,0,0,0,0,0,0,0
23.85,973,0,0,0,0,0,0,0,0,0,0
23.9,1009,0,0,0,0,0,0,0,0,0,0
23.95,936,0,0,0,0,0,0,0,0,0,0
24.0,991,0,0,0,0,0,0,0,0,0,0
24.05,1007,0,0,0,0,0,0,0,0,0,0
24.1,1026,0,0,0,0,0,0,0,0,0,0
24.15,1007,0,0,0,0,0,0,0,0,0,0
24.200000000000003,1014,0,0,0,0,0,0,0,0,0,0
24.25,1004,0,0,0,0,0,0,0,0,0,0
24.3,979,0,0,0,0,0,0,0,0,0,0
24.35,996,0,0,0,0,0,0,0,0,0,0
24.4,1049,0,0,0,0,0,0,0,0,0,0
24.450000000000003,971,0,0,0,0,0,0,0,0,0,0
24.5,942,0,0,0,0,0,0,0,0,0,0
24.55,1051,0,0,0,0,0,0,0,0,0,0
24.6,990,0,0,0,0,0,0,0,0,0,0
24.65,982,0,0,0,0,0,0,0,0,0,0
24.700000000000003,1028,0,0,0,0,0,0,0,0,0,0
24.75,968,0,0,0,0,0,0,0,0,0,0
24.8,976,0,0,0,0,0,0,0,0,0,0
24.85,1052,0,0,0,0,0,0,0,0,0,0
24.9,1006,0,0,0,0,0,0,0,0,0,0
24.950000000000003,964,0,0,0,0,0,0,0,0,0,0
25.0,1012,0,0,0,0,0,0,0,0,0,0
25.05,1025,0,0,0,0,0,0,0,0,0,0
25.1,949,0,0,0,0,0,0,0,0,0,0
25.15,1013,0,0,0,0,0,0,0,0,0,0
25.200000000000003,1033,0,0,0,0,0,0,0,0,0,0
25.25,1057,0,0,0,0,0,0,0,0,0,0
25.3,967,0,0,0,0,0,0,0,0,0,0
25.35,983,0,0,0,0,0,0,0,0,0,0
25.4,1005,0,0,0,0,0,0,0,0,0,0
25.450000000000003,974,0,0,0,0,0,0,0,0,0,0
25.5,978,0,0,0,0,0,0,0,0,0,0
25.55,1003,0,0,0,0,0,0,0,0,0,0
25.6,1018,0,0,0,0,0,0,0,0,0,0
25.65,1010,0,0,0,0,0,0,0,0,0,0
25.700000000000003,1033,0,0,0,0,0,0,0,0,0,0
25.75,1027,0,0,0,0,0,0,0,0,0,0
25.8,980,0,0,0,0,0,0,0,0,0,0
25.85,927,0,0,0,0,0,0,0,0,0,0
25.9,1033,0,0,0,0,0,0,0,0,0,0
25.950000000000003,993,0,0,0,0,0,0,0,0,0,0
26.0,1020,0,0,0,0,0,0,0,0,0,0
26.05,1042,0,0,0,0,0,0,0,0,0,0
26.1,993,0,0,0,0,0,0,0,0,0,0
26.15,986,0,0,0,0,0,0,0,0,0,0
26.200000000000003,1053,0,0,0,0,0,0,0,0,0,0
26.25,980,0,0,0,0,0,0,0,0,0,0
26.3,1002,0,0,0,0,0,0,0,0,0,0
26.35,985,0,0,0,0,0,0,0,0,0,0
26.4,982,0,0,0,0,0,0,0,0,0,0
26.450000000000003,1002,0,0,0,0,0,0,0,0,0,0
26.5,995,0,0,0,0,0,0,0,0,0,0
26.55,1036,0,0,0,0,0,0,0,0,0,0
26.6,1032,0,0,0,0,0,0,0,0,0,0
26.65,1028,0,0,0,0,0,0,0,0,0,0
26.700000000000003,996,0,0,0,0,0,0,0,0,0,0
26.75,1024,0,0,0,0,0,0,0,0,0,0
26.8,1011,0,0,0,0,0,0,0,0,0,0
26.85,992,0,0,0,0,0,0,0,0,0,0
26.9,978,0,0,0,0,0,0,0,0,0,0
26.950000000000003,1018,0,0,0,0,0,0,0,0,0,0
27.0,979,0,0,0,0,0,0,0,0,0,0
27.05,1008,0,0,0,0,0,0,0,0,0,0
27.1,1074,0,0,0,0,0,0,0,0,0,0
27.15,998,0,0,0,0,0,0,0,0,0,0
27.200000000000003,1003,0,0,0,0,0,0,0,0,0,0
27.25,990,0,0,0,0,0,0,0,0,0,0
27.3,976,0,0,0,0,0,0,0,0,0,0
27.35,971,0,0,0,0,0,0,0,0,0,0
27.4,992,0,0,0,0,0,0,0,0,0,0
27.450000000000003,1043,0,0,0,0,0,0,0,0,0,0
27.5,1015,0,0,0,0,0,0,0,0,0,0
27.55,997,0,0,0,0,0,0,0,0,0,0
27.6,1026,0,0,0,0,0,0,0,0,0,0
27.65,988,0,0,0,0,0,0,0,0,0,0
27.700000000000003,1015,0,0,0,0,0,0,0,0,0,0
27.75,985,0,0,0,0,0,0,0,0,0,0
27.8,973,0,0,0,0,0,0,0,0,0,0
27.85,1040,0,0,0,0,0,0,0,0,0,0
27.9,1061,0,0,0,0,0,0,0,0,0,0
27.950000000000003,962,0,0,0,0,0,0,0,0,0,0
28.0,966,0,0,0,0,0,0,0,0,0,0
28.05,1007,0,0,0,0,0,0,0,0,0,0
28.1,997,0,0,0,0,0,0,0,0,0,0
28.15,1064,0,0,0,0,0,0,0,0,0,0
28.200000000000003,1013,0,0,0,0,0,0,0,0,0,0
28.25,1013,0,0,0,0,0,0,0,0,0,0
28.3,989,0,0,0,0,0,0,0,0,0,0
28.35,983,0,0,0,0,0,0,0,0,0,0
28.4,963,0,0,0,0,0,0,0,0,0,0
28.450000000000003,1003,0,0,0,0,0,0,0,0,0,0
28.5,1046,0,0,0,0,0,0,0,0,0,0
28.55,1006,0,0,0,0,0,0,0,0,0,0
28.6,984,0,0,0,0,0,0,0,0,0,0
28.65,1063,0,0,0,0,0,0,0,0,0,0
28.700000000000003,1039,0,0,0,0,0,0,0,0,0,0
28.75,966,0,0,0,0,0,0,0,0,0,0
28.8,1000,0,0,0,0,0,0,0,0,0,0
28.85,962,0,0,0,0,0,0,0,0,0,0
28.9,1020,0,0,0,0,0,0,0,0,0,0
28.950000000000003,962,0,0,0,0,0,0,0,0,0,0
29.0,944,0,0,0,0,0,0,0,0,0,0
29.05,1004,0,0,0,0,0,0,0,0,0,0
29.1,1014,0,0,0,0,0,0,0,0,0,0
29.15,1088,0,0,0,0,0,0,0,0,0,0
29.200000000000003,1019,0,0,0,0,0,0,0,0,0,0
29.25,1057,0,0,0,0,0,0,0,0,0,0
29.3,975,0,0,0,0,0,0,0,0,0,0
29.35,957,0,0,0,0,0,0,0,0,0,0
29.4,999,0,0,0,0,0,0,0,0,0,0
29.450000000000003,1022,0,0,0,0,0,0,0,0,0,0
29.5,986,0,0,0,0,0,0,0,0,0,0
29.55,996,0,0,0,0,0,0,0,0,0,0
29.6,992,0,0,0,0,0,0,0,0,0,0
29.65,981,0,0,0,0,0,0,0,0,0,0
29.700000000000003,1027,0,0,0,0,0,0,0,0,0,0
29.75,1018,0,0,0,0,0,0,0,0,0,0
29.8,1037,0,0,0,0,0,0,0,0,0,0
29.85,1020,0,0,0,0,0,0,0,0,0,0
29.9,963,0,0,0,0,0,0,0,0,0,0
29.950000000000003,1001,0,0,0,0,0,0,0,0,0,0
30.0,1079,0,0,0,0,0,0,0,0,0,0
30.05,940,0,0,0,0,0,0,0,0,0,0
30.1,939,0,0,0,0,0,0,0,0,0,0
30.15,999,0,0,0,0,0,0,0,0,0,0
30.200000000000003,976,0,0,0,0,0,0,0,0,0,0
30.25,1003,0,0,0,0,0,0,0,0,0,0
30.3,1017,0,0,0,0,0,0,0,0,0,0
30.35,1020,0,0,0,0,0,0,0,0,0,0
30.4,1051,0,0,0,0,0,0,0,0,0,0
30.450000000000003,969,0,0,0,0,0,0,0,0,0,0
30.5,1019,0,0,0,0,0,0,0,0,0,0
30.55,1044,0,0,0,0,0,0,0,0,0,0
30.6,1015,0,0,0,0,0,0,0,0,0,0
30.65,931,0,0,0,0,0,0,0,0,0,0
30.700000000000003,997,0,0,0,0,0,0,0,0,0,0
30.75,994,0,0,0,0,0,0,0,0,0,0
30.8,976,0,0,0,0,0,0,0,0,0,0
30.85,1016,0,0,0,0,0,0,0,0,0,0
30.9,1039,0,0,0,0,0,0,0,0,0,0
30.950000000000003,1042,0,0,0,0,0,0,0,0,0,0
31.0,1002,0,0,0,0,0,0,0,0,0,0
31.05,991,0,0,0,0,0,0,0,0,0,0
31.1,963,0,0,0,0,0,0,0,0,0,0
31.15,1001,0,0,0,0,0,0,0,0,0,0
31.200000000000003,1000,0,0,0,0,0,0,0,0,0,0
31.25,1002,0,0,0,0,0,0,0,0,0,0
31.3,1004,0,0,0,0,0,0,0,0,0,0
31.35,989,0,0,0,0,0,0,0,0,0,0
31.4,1050,0,0,0,0,0,0,0,0,0,0
31.450000000000003,998,0,0,0,0,0,0,0,0,0,0
31.5,1029,0,0,0,0,0,0,0,0,0,0
31.55,1016,0,0,0,0,0,0,0,0,0,0
31.6,1021,0,0,0,0,0,0,0,0,0,0
31.65,984,0,0,0,0,0,0,0,0,0,0
31.700000000000003,977,0,0,0,0,0,0,0,0,0,0
31.75,982,0,0,0,0,0,0,0,0,0,0
31.8,950,0,0,0,0,0,0,0,0,0,0
31.85,1025,0,0,0,0,0,0,0,0,0,0
31.9,1034,0,0,0,0,0,0,0,0,0,0
31.950000000000003,1048,0,0,0,0,0,0,0,0,0,0
32.0,1035,0,0,0,0,0,0,0,0,0,0
32.05,1043,0,0,0,0,0,0,0,0,0,0
32.1,1025,0,0,0,0,0,0,0,0,0,0
32.150000000000006,906,0,0,0,0,0,0,0,0,0,0
32.2,1035,0,0,0,0,0,0,0,0,0,0
32.25,990,0,0,0,0,0,0,0,0,0,0
32.3,909,0,0,0,0,0,0,0,0,0,0
32.35,793,0,0,0,0,0,0,0,0,0,0
32.400000000000006,685,0,0,0,0,0,0,0,0,0,0
32.45,550,0,0,0,0,0,0,0,0,0,0
32.5,464,0,0,0,0,0,0,0,0,0,0
32.55,317,0,0,0,0,0,0,0,0,0,0
32.6,210,0,0,0,0,0,0,0,0,0,0
32.650000000000006,59,0,0,0,0,0,0,0,0,0,0
*****
16 , 0.05 , 1000 , 0.6 , 1 , 10 , 100 , 0.65 , 1.0 , 0.65 , 1.0 , .055
16.0,1000,0,11,106,11,0,0,10,95,10,0
16.05,1030,0,4,114,4,0,0,3,102,3,0
16.1,944,0,7,132,7,0,0,9,127,9,0
16.15,967,0,13,155,13,0,0,11,137,11,0
16.2,982,8,13,169,13,0,8,14,165,14,0
16.25,1026,7,13,177,13,0,7,16,189,16,0
16.3,971,4,9,212,9,0,4,8,221,8,0
16.35,1013,1,15,220,15,0,1,17,241,17,0
16.4,1046,1,4,211,4,0,1,7,254,7,0
16.45,1030,0,9,229,9,0,0,13,273,13,0
16.5,1032,0,6,257,6,0,0,7,292,7,0
16.55,959,0,5,221,5,0,0,5,253,5,0
16.6,964,0,4,216,4,0,0,5,241,5,0
16.65,979,0,6,157,6,0,0,7,181,7,0
16.7,1050,0,7,120,7,0,0,7,130,7,0
16.75,993,0,2,76,2,0,0,3,82,3,0
16.8,990,0,2,49,2,0,0,3,52,3,0
16.85,1027,0,2,40,2,0,0,3,43,3,0
16.9,1042,0,3,39,3,0,0,4,41,4,0
16.95,978,0,4,30,4,0,0,3,30,3,0
17.0,975,0,4,30,4,0,0,4,31,4,0
17.05,1007,0,5,31,5,0,0,5,34,5,0
17.1,1014,0,2,19,2,0,0,2,22,2,0
17.15,991,0,1,14,1,0,0,1,14,1,0
17.2,1033,0,1,14,1,0,0,2,14,2,0
17.25,981,0,0,8,0,0,0,0,9,0,0
17.3,1007,0,0,7,0,0,0,0,7,0,0
17.35,1023,0,1,1,1,0,0,2,3,2,0
17.4,999,0,0,3,0,0,0,0,4,0,0
17.45,941,0,0,1,0,0,0,0,1,0,0
17.5,1014,0,0,2,0,0,0,0,3,0,0
17.55,1026,0,0,0,0,0,0,1,1,1,0
17.6,1024,0,0,1,0,0,0,0,1,0,0
17.65,959,0,0,0,0,0,0,0,0,0,0
17.7,997,0,0,0,0,0,0,0,0,0,0
17.75,1021,0,2,0,2,0,0,1,0,1,0
17.8,1032,0,0,0,0,0,0,0,0,0,0
17.85,967,0,0,0,0,0,0,0,0,0,0
17.9,993,0,0,0,0,0,0,0,0,0,0
17.95,1006,0,0,0,0,0,0,0,0,0,0
18.0,1069,0,0,0,0,0,0,0,0,0,0
18.05,966,0,0,1,0,0,0,0,1,0,0
18.1,958,0,0,0,0,0,0,0,0,0,0
18.15,977,0,0,0,0,0,0,0,0,0,0
18.2,1050,0,0,0,0,0,0,0,0,0,0
18.25,973,0,0,0,0,0,0,0,0,0,0
18.3,1051,0,0,0,0,0,0,0,0,0,0
18.35,978,0,0,0,0,0,0,0,0,0,0
18.4,1005,0,0,0,0,0,0,0,0,0,0
18.45,1000,0,0,0,0,0,0,0,0,0,0
18.5,1030,0,0,0,0,0,0,0,0,0,0
18.55,976,0,0,0,0,0,0,0,0,0,0
18.6,1016,0,0,0,0,0,0,0,0,0,0
18.65,999,0,0,0,0,0,0,0,0,0,0
18.7,997,0,0,0,0,0,0,0,0,0,0
18.75,990,0,0,0,0,0,0,0,0,0,0
18.8,1010,0,0,0,0,0,0,0,0,0,0
18.85,1055,0,0,0,0,0,0,0,0,0,0
18.9,1006,0,0,0,0,0,0,0,0,0,0
18.95,1013,0,0,0,0,0,0,0,0,0,0
19.0,942,0,0,0,0,0,0,0,0,0,0
19.05,1026,0,0,0,0,0,0,0,0,0,0
19.1,1020,0,0,0,0,0,0,0,0,0,0
19.15,1004,0,0,0,0,0,0,0,0,0,0
19.2,992,0,0,0,0,0,0,0,0,0,0
19.25,966,0,0,0,0,0,0,0,0,0,0
19.3,991,0,0,0,0,0,0,0,0,0,0
19.35,1014,0,0,0,0,0,0,0,0,0,0
19.4,1009,0,0,0,0,0,0,0,0,0,0
19.45,1015,0,0,0,0,0,0,0,0,0,0
19.5,987,0,0,0,0,0,0,0,0,0,0
19.55,997,0,0,0,0,0,0,0,0,0,0
19.6,1034,0,0,0,0,0,0,0,0,0,0
19.65,999,0,0,0,0,0,0,0,0,0,0
19.7,1031,0,0,0,0,0,0,0,0,0,0
19.75,1046,0,0,0,0,0,0,0,0,0,0
19.8,998,0,0,0,0,0,0,0,0,0,0
19.85,1014,0,0,0,0,0,0,0,0,0,0
19.9,971,0,0,0,0,0,0,0,0,0,0
19.95,988,0,0,0,0,0,0,0,0,0,0
20.0,994,0,0,0,0,0,0,0,0,0,0
20.05,969,0,0,0,0,0,0,0,0,0,0
20.1,993,0,0,0,0,0,0,0,0,0,0
20.15,976,0,0,0,0,0,0,0,0,0,0
20.2,1044,0,0,0,0,0,0,0,0,0,0
20.25,979,0,0,0,0,0,0,0,0,0,0
20.3,1061,0,0,0,0,0,0,0,0,0,0
20.35,967,0,0,0,0,0,0,0,0,0,0
20.4,984,0,0,0,0,0,0,0,0,0,0
20.45,1009,0,0,0,0,0,0,0,0,0,0
20.5,965,0,0,0,0,0,0,0,0,0,0
20.55,1078,0,0,0,0,0,0,0,0,0,0
20.6,987,0,0,0,0,0,0,0,0,0,0
20.65,1024,0,0,0,0,0,0,0,0,0,0
20.7,1016,0,0,0,0,0,0,0,0,0,0
20.75,1037,0,0,0,0,0,0,0,0,0,0
20.8,1002,0,0,0,0,0,0,0,0,0,0
20.85,976,0,0,0,0,0,0,0,0,0,0
20.9,969,0,0,0,0,0,0,0,0,0,0
20.95,998,0,0,0,0,0,0,0,0,0,0
21.0,1069,0,0,0,0,0,0,0,0,0,0
21.05,947,0,0,0,0,0,0,0,0,0,0
21.1,961,0,0,0,0,0,0,0,0,0,0
21.15,980,0,0,0,0,0,0,0,0,0,0
21.2,1004,0,0,0,0,0,0,0,0,0,0
21.25,1039,0,0,0,0,0,0,0,0,0,0
21.3,991,0,0,0,0,0,0,0,0,0,0
21.35,1057,0,0,0,0,0,0,0,0,0,0
21.4,1016,0,0,0,0,0,0,0,0,0,0
21.45,1019,0,0,0,0,0,0,0,0,0,0
21.5,1029,0,0,0,0,0,0,0,0,0,0
21.55,975,0,0,0,0,0,0,0,0,0,0
21.6,995,0,0,0,0,0,0,0,0,0,0
21.65,971,0,0,0,0,0,0,0,0,0,0
21.7,986,0,0,0,0,0,0,0,0,0,0
21.75,999,0,0,0,0,0,0,0,0,0,0
21.8,1045,0,0,0,0,0,0,0,0,0,0
21.85,989,0,0,0,0,0,0,0,0,0,0
21.9,1028,0,0,0,0,0,0,0,0,0,0
21.95,958,0,0,0,0,0,0,0,0,0,0
22.0,999,0,0,0,0,0,0,0,0,0,0
22.05,979,0,0,0,0,0,0,0,0,0,0
22.1,1024,0,0,0,0,0,0,0,0,0,0
22.15,999,0,0,0,0,0,0,0,0,0,0
22.2,1052,0,0,0,0,0,0,0,0,0,0
22.25,1029,0,0,0,0,0,0,0,0,0,0
22.3,981,0,0,0,0,0,0,0,0,0,0
22.35,950,0,0,0,0,0,0,0,0,0,0
22.4,1006,0,0,0,0,0,0,0,0,0,0
22.45,1028,0,0,0,0,0,0,0,0,0,0
22.5,1038,0,0,0,0,0,0,0,0,0,0
22.55,975,0,0,0,0,0,0,0,0,0,0
22.6,991,0,0,0,0,0,0,0,0,0,0
22.65,972,0,0,0,0,0,0,0,0,0,0
22.7,1043,0,0,0,0,0,0,0,0,0,0
22.75,964,0,0,0,0,0,0,0,0,0,0
22.8,1031,0,0,0,0,0,0,0,0,0,0
22.85,982,0,0,0,0,0,0,0,0,0,0
22.9,974,0,0,0,0,0,0,0,0,0,0
22.95,1045,0,0,0,0,0,0,0,0,0,0
23.0,989,0,0,0,0,0,0,0,0,0,0
23.05,979,0,0,0,0,0,0,0,0,0,0
23.1,986,0,0,0,0,0,0,0,0,0,0
23.15,1005,0,0,0,0,0,0,0,0,0,0
23.2,1019,0,0,0,0,0,0,0,0,0,0
23.25,1006,0,0,0,0,0,0,0,0,0,0
23.3,985,0,0,0,0,0,0,0,0,0,0
23.35,988,0,0,0,0,0,0,0,0,0,0
23.4,1027,0,0,0,0,0,0,0,0,0,0
23.45,1008,0,0,0,0,0,0,0,0,0,0
23.5,1036,0,0,0,0,0,0,0,0,0,0
23.55,1005,0,0,0,0,0,0,0,0,0,0
23.6,1034,0,0,0,0,0,0,0,0,0,0
23.65,999,0,0,0,0,0,0,0,0,0,0
23.7,943,0,0,0,0,0,0,0,0,0,0
23.75,990,0,0,0,0,0,0,0,0,0,0
23.8,975,0,0,0,0,0,0,0,0,0,0
23.85,1010,0,0,0,0,0,0,0,0,0,0
23.9,1018,0,0,0,0,0,0,0,0,0,0
23.95,990,0,0,0,0,0,0,0,0,0,0
24.0,1007,0,0,0,0,0,0,0,0,0,0
24.05,1037,0,0,0,0,0,0,0,0,0,0
24.1,976,0,0,0,0,0,0,0,0,0,0
24.15,1020,0,0,0,0,0,0,0,0,0,0
24.200000000000003,1026,0,0,0,0,0,0,0,0,0,0
24.25,972,0,0,0,0,0,0,0,0,0,0
24.3,977,0,0,0,0,0,0,0,0,0,0
24.35,1018,0,0,0,0,0,0,0,0,0,0
24.4,1014,0,0,0,0,0,0,0,0,0,0
24.450000000000003,950,0,0,0,0,0,0,0,0,0,0
24.5,1013,0,0,0,0,0,0,0,0,0,0
24.55,994,0,0,0,0,0,0,0,0,0,0
24.6,978,0,0,0,0,0,0,0,0,0,0
24.65,1066,0,0,0,0,0,0,0,0,0,0
24.700000000000003,988,0,0,0,0,0,0,0,0,0,0
24.75,981,0,0,0,0,0,0,0,0,0,0
24.8,1020,0,0,0,0,0,0,0,0,0,0
24.85,1014,0,0,0,0,0,0,0,0,0,0
24.9,976,0,0,0,0,0,0,0,0,0,0
24.950000000000003,1012,0,0,0,0,0,0,0,0,0,0
25.0,1017,0,0,0,0,0,0,0,0,0,0
25.05,942,0,0,0,0,0,0,0,0,0,0
25.1,954,0,0,0,0,0,0,0,0,0,0
25.15,1040,0,0,0,0,0,0,0,0,0,0
25.200000000000003,1011,0,0,0,0,0,0,0,0,0,0
25.25,980,0,0,0,0,0,0,0,0,0,0
25.3,990,0,0,0,0,0,0,0,0,0,0
25.35,1035,0,0,0,0,0,0,0,0,0,0
25.4,1044,0,0,0,0,0,0,0,0,0,0
25.450000000000003,961,0,0,0,0,0,0,0,0,0,0
25.5,1052,0,0,0,0,0,0,0,0,0,0
25.55,1003,0,0,0,0,0,0,0,0,0,0
25.6,996,0,0,0,0,0,0,0,0,0,0
25.65,1010,0,0,0,0,0,0,0,0,0,0
25.700000000000003,1012,0,0,0,0,0,0,0,0,0,0
25.75,984,0,0,0,0,0,0,0,0,0,0
25.8,1008,0,0,0,0,0,0,0,0,0,0
25.85,957,0,0,0,0,0,0,0,0,0,0
25.9,1035,0,0,0,0,0,0,0,0,0,0
25.950000000000003,962,0,0,0,0,0,0,0,0,0,0
26.0,1002,0,0,0,0,0,0,0,0,0,0
26.05,1019,0,0,0,0,0,0,0,0,0,0
26.1,1020,0,0,0,0,0,0,0,0,0,0
26.15,976,0,0,0,0,0,0,0,0,0,0
26.200000000000003,990,0,0,0,0,0,0,0,0,0,0
26.25,1043,0,0,0,0,0,0,0,0,0,0
26.3,1037,0,0,0,0,0,0,0,0,0,0
26.35,999,0,0,0,0,0,0,0,0,0,0
26.4,1000,0,0,0,0,0,0,0,0,0,0
26.450000000000003,1025,0,0,0,0,0,0,0,0,0,0
26.5,994,0,0,0,0,0,0,0,0,0,0
26.55,993,0,0,0,0,0,0,0,0,0,0
26.6,979,0,0,0,0,0,0,0,0,0,0
26.65,991,0,0,0,0,0,0,0,0,0,0
26.700000000000003,1025,0,0,0,0,0,0,0,0,0,0
26.75,984,0,0,0,0,0,0,0,0,0,0
26.8,1008,0,0,0,0,0,0,0,0,0,0
26.85,1009,0,0,0,0,0,0,0,0,0,0
26.9,952,0,0,0,0,0,0,0,0,0,0
26.950000000000003,1001,0,0,0,0,0,0,0,0,0,0
27.0,1053,0,0,0,0,0,0,0,0,0,0
27.05,1016,0,0,0,0,0,0,0,0,0,0
27.1,996,0,0,0,0,0,0,0,0,0,0
27.15,991,0,0,0,0,0,0,0,0,0,0
27.200000000000003,985,0,0,0,0,0,0,0,0,0,0
27.25,986,0,0,0,0,0,0,0,0,0,0
27.3,1035,0,0,0,0,0,0,0,0,0,0
27.35,1004,0,0,0,0,0,0,0,0,0,0
27.4,998,0,0,0,0,0,0,0,0,0,0
27.450000000000003,996,0,0,0,0,0,0,0,0,0,0
27.5,995,0,0,0,0,0,0,0,0,0,0
27.55,1006,0,0,0,0,0,0,0,0,0,0
27.6,983,0,0,0,0,0,0,0,0,0,0
27.65,1048,0,0,0,0,0,0,0,0,0,0
27.700000000000003,1004,0,0,0,0,0,0,0,0,0,0
27.75,985,0,0,0,0,0,0,0,0,0,0
27.8,1019,0,0,0,0,0,0,0,0,0,0
27.85,999,0,0,0,0,0,0,0,0,0,0
27.9,966,0,0,0,0,0,0,0,0,0,0
27.950000000000003,1057,0,0,0,0,0,0,0,0,0,0
28.0,990,0,0,0,0,0,0,0,0,0,0
28.05,995,0,0,0,0,0,0,0,0,0,0
28.1,1007,0,0,0,0,0,0,0,0,0,0
28.15,1011,0,0,0,0,0,0,0,0,0,0
28.200000000000003,972,0,0,0,0,0,0,0,0,0,0
28.25,1001,0,0,0,0,0,0,0,0,0,0
28.3,967,0,0,0,0,0,0,0,0,0,0
28.35,1004,0,0,0,0,0,0,0,0,0,0
28.4,986,0,0,0,0,0,0,0,0,0,0
28.450000000000003,1068,0,0,0,0,0,0,0,0,0,0
28.5,1029,0,0,0,0,0,0,0,0,0,0
28.55,1015,0,0,0,0,0,0,0,0,0,0
28.6,1021,0,0,0,0,0,0,0,0,0,0
28.65,1008,0,0,0,0,0,0,0,0,0,0
28.700000000000003,940,0,0,0,0,0,0,0,0,0,0
28.75,951,0,0,0,0,0,0,0,0,0,0
28.8,1020,0,0,0,0,0,0,0,0,0,0
28.85,1010,0,0,0,0,0,0,0,0,0,0
28.9,972,0,0,0,0,0,0,0,0,0,0
28.950000000000003,1021,0,0,0,0,0,0,0,0,0,0
29.0,1024,0,0,0,0,0,0,0,0,0,0
29.05,964,0,0,0,0,0,0,0,0,0,0
29.1,985,0,0,0,0,0,0,0,0,0,0
29.15,1045,0,0,0,0,0,0,0,0,0,0
29.200000000000003,989,0,0,0,0,0,0,0,0,0,0
29.25,990,0,0,0,0,0,0,0,0,0,0
29.3,1019,0,0,0,0,0,0,0,0,0,0
29.35,1045,0,0,0,0,0,0,0,0,0,0
29.4,1046,0,0,0,0,0,0,0,0,0,0
29.450000000000003,999,0,0,0,0,0,0,0,0,0,0
29.5,965,0,0,0,0,0,0,0,0,0,0
29.55,971,0,0,0,0,0,0,0,0,0,0
29.6,1000,0,0,0,0,0,0,0,0,0,0
29.65,944,0,0,0,0,0,0,0,0,0,0
29.700000000000003,1005,0,0,0,0,0,0,0,0,0,0
29.75,992,0,0,0,0,0,0,0,0,0,0
29.8,1008,0,0,0,0,0,0,0,0,0,0
29.85,1002,0,0,0,0,0,0,0,0,0,0
29.9,1036,0,0,0,0,0,0,0,0,0,0
29.950000000000003,1026,0,0,0,0,0,0,0,0,0,0
30.0,1031,0,0,0,0,0,0,0,0,0,0
30.05,998,0,0,0,0,0,0,0,0,0,0
30.1,1014,0,0,0,0,0,0,0,0,0,0
30.15,1010,0,0,0,0,0,0,0,0,0,0
30.200000000000003,1002,0,0,0,0,0,0,0,0,0,0
30.25,1018,0,0,0,0,0,0,0,0,0,0
30.3,997,0,0,0,0,0,0,0,0,0,0
30.35,965,0,0,0,0,0,0,0,0,0,0
30.4,1006,0,0,0,0,0,0,0,0,0,0
30.450000000000003,1002,0,0,0,0,0,0,0,0,0,0
30.5,1008,0,0,0,0,0,0,0,0,0,0
30.55,973,0,0,0,0,0,0,0,0,0,0
30.6,995,0,0,0,0,0,0,0,0,0,0
30.65,1016,0,0,0,0,0,0,0,0,0,0
30.700000000000003,1033,0,0,0,0,0,0,0,0,0,0
30.75,1041,0,0,0,0,0,0,0,0,0,0
30.8,964,0,0,0,0,0,0,0,0,0,0
30.85,1032,0,0,0,0,0,0,0,0,0,0
30.9,1006,0,0,0,0,0,0,0,0,0,0
30.950000000000003,1026,0,0,0,0,0,0,0,0,0,0
31.0,1007,0,0,0,0,0,0,0,0,0,0
31.05,955,0,0,0,0,0,0,0,0,0,0
31.1,1005,0,0,0,0,0,0,0,0,0,0
31.15,1016,0,0,0,0,0,0,0,0,0,0
31.200000000000003,975,0,0,0,0,0,0,0,0,0,0
31.25,969,0,0,0,0,0,0,0,0,0,0
31.3,984,0,0,0,0,0,0,0,0,0,0
31.35,996,0,0,0,0,0,0,0,0,0,0
31.4,1017,0,0,0,0,0,0,0,0,0,0
31.450000000000003,992,0,0,0,0,0,0,0,0,0,0
31.5,1016,0,0,0,0,0,0,0,0,0,0
31.55,997,0,0,0,0,0,0,0,0,0,0
31.6,967,0,0,0,0,0,0,0,0,0,0
31.65,1087,0,0,0,0,0,0,0,0,0,0
31.700000000000003,1044,0,0,0,0,0,0,0,0,0,0
31.75,1012,0,0,0,0,0,0,0,0,0,0
31.8,1007,0,0,0,0,0,0,0,0,0,0
31.85,1006,0,0,0,0,0,0,0,0,0,0
31.9,1018,0,0,0,0,0,0,0,0,0,0
31.950000000000003,1021,0,0,0,0,0,0,0,0,0,0
32.0,940,0,0,0,0,0,0,0,0,0,0
32.05,976,0,0,0,0,0,0,0,0,0,0
32.1,1008,0,0,0,0,0,0,0,0,0,0
32.150000000000006,936,0,0,0,0,0,0,0,0,0,0
32.2,1042,0,0,0,0,0,0,0,0,0,0
32.25,1011,0,0,0,0,0,0,0,0,0,0
32.3,1026,0,0,0,0,0,0,0,0,0,0
32.35,991,0,0,0,0,0,0,0,0,0,0
32.400000000000006,1013,0,0,0,0,0,0,0,0,0,0
32.45,1001,0,0,0,0,0,0,0,0,0,0
32.5,973,0,0,0,0,0,0,0,0,0,0
32.55,1003,0,0,0,0,0,0,0,0,0,0
32.6,1015,0,0,0,0,0,0,0,0,0,0
32.650000000000006,825,0,0,0,0,0,0,0,0,0,0
32.7,716,0,0,0,0,0,0,0,0,0,0
32.75,540,0,0,0,0,0,0,0,0,0,0
32.8,426,0,0,0,0,0,0,0,0,0,0
32.85,323,0,0,0,0,0,0,0,0,0,0
32.900000000000006,195,0,0,0,0,0,0,0,0,0,0
32.95,81,0,0,0,0,0,0,0,0,0,0
