*****
16,0.05,1000,0,1,10,100,0.65,1.0,0.65,1.0,0.1
16,1000,687,509,621,848,0,0,0,0,0,0
16.05,1008,423,405,644,877,0,0,0,0,0,0
16.1,989,216,360,666,843,0,0,0,0,0,0
16.150000000000002,946,102,254,600,784,0,0,0,0,0,0
16.200000000000003,939,34,193,616,775,0,0,0,0,0,0
16.250000000000004,923,13,140,600,739,0,0,0,0,0,0
16.300000000000004,995,7,121,658,761,0,0,0,0,0,0
16.350000000000005,1034,2,75,688,729,0,0,0,0,0,0
16.400000000000006,986,1,50,637,648,0,0,0,0,0,0
16.450000000000006,980,0,37,649,559,0,0,0,0,0,0
16.500000000000007,991,0,18,652,493,0,0,0,0,0,0
16.550000000000008,999,1,11,617,441,0,0,0,0,0,0
16.60000000000001,980,0,9,565,371,0,0,0,0,0,0
16.65000000000001,1001,0,5,569,302,0,0,0,0,0,0
16.70000000000001,987,0,5,500,225,0,0,0,0,0,0
16.75000000000001,1016,0,2,408,153,0,0,0,0,0,0
16.80000000000001,879,0,4,277,118,0,0,0,0,0,0
16.850000000000012,955,0,3,260,100,0,0,0,0,0,0
16.900000000000013,918,0,0,215,76,0,0,0,0,0,0
16.950000000000014,1000,0,0,159,41,0,0,0,0,0,0
17.000000000000014,977,0,0,132,40,0,0,0,0,0,0
17.050000000000015,973,0,0,87,22,0,0,0,0,0,0
17.100000000000016,1014,0,0,66,16,0,0,0,0,0,0
17.150000000000016,959,0,0,51,12,0,0,0,0,0,0
17.200000000000017,945,0,0,26,5,0,0,0,0,0,0
17.250000000000018,985,0,0,20,7,0,0,0,0,0,0
17.30000000000002,991,0,0,20,2,0,0,0,0,0,0
17.35000000000002,951,0,0,4,2,0,0,0,0,0,0
17.40000000000002,935,0,0,7,1,0,0,0,0,0,0
17.45000000000002,1005,0,0,4,1,0,0,0,0,0,0
17.50000000000002,931,0,0,3,0,0,0,0,0,0,0
17.550000000000022,947,0,0,1,0,0,0,0,0,0,0
17.600000000000023,850,0,0,2,1,0,0,0,0,0,0
17.650000000000023,844,0,0,0,0,0,0,0,0,0,0
17.700000000000024,842,0,0,0,0,0,0,0,0,0,0
17.750000000000025,794,0,0,0,0,0,0,0,0,0,0
17.800000000000026,677,0,0,0,0,0,0,0,0,0,0
17.850000000000026,664,0,0,0,0,0,0,0,0,0,0
17.900000000000027,621,0,0,0,0,0,0,0,0,0,0
17.950000000000028,570,0,0,0,0,0,0,0,0,0,0
18.00000000000003,515,0,0,0,0,0,0,0,0,0,0
18.05000000000003,472,0,0,0,0,0,0,0,0,0,0
18.10000000000003,481,0,0,0,0,0,0,0,0,0,0
18.15000000000003,383,0,0,0,0,0,0,0,0,0,0
18.20000000000003,320,0,0,0,0,0,0,0,0,0,0
18.250000000000032,290,0,0,0,0,0,0,0,0,0,0
18.300000000000033,233,0,0,0,0,0,0,0,0,0,0
18.350000000000033,166,0,0,0,0,0,0,0,0,0,0
18.400000000000034,118,0,0,0,0,0,0,0,0,0,0
18.450000000000035,93,0,0,0,0,0,0,0,0,0,0
18.500000000000036,33,0,0,0,0,0,0,0,0,0,0
18.550000000000036,24,0,0,0,0,0,0,0,0,0,0
18.600000000000037,10,0,0,0,0,0,0,0,0,0,0
18.650000000000038,0,0,0,0,0,0,0,0,0,0,0
18.70000000000004,0,0,0,0,0,0,0,0,0,0,0
18.75000000000004,0,0,0,0,0,0,0,0,0,0,0
18.80000000000004,0,0,0,0,0,0,0,0,0,0,0
18.85000000000004,0,0,0,0,0,0,0,0,0,0,0
18.90000000000004,0,0,0,0,0,0,0,0,0,0,0
18.950000000000042,0,0,0,0,0,0,0,0,0,0,0
19.000000000000043,0,0,0,0,0,0,0,0,0,0,0
19.050000000000043,0,0,0,0,0,0,0,0,0,0,0
19.100000000000044,0,0,0,0,0,0,0,0,0,0,0
19.150000000000045,0,0,0,0,0,0,0,0,0,0,0
19.200000000000045,0,0,0,0,0,0,0,0,0,0,0
19.250000000000046,0,0,0,0,0,0,0,0,0,0,0
19.300000000000047,0,0,0,0,0,0,0,0,0,0,0
19.350000000000048,0,0,0,0,0,0,0,0,0,0,0
19.40000000000005,0,0,0,0,0,0,0,0,0,0,0
19.45000000000005,0,0,0,0,0,0,0,0,0,0,0
19.50000000000005,0,0,0,0,0,0,0,0,0,0,0
19.55000000000005,0,0,0,0,0,0,0,0,0,0,0
19.60000000000005,0,0,0,0,0,0,0,0,0,0,0
19.650000000000052,0,0,0,0,0,0,0,0,0,0,0
19.700000000000053,0,0,0,0,0,0,0,0,0,0,0
19.750000000000053,0,0,0,0,0,0,0,0,0,0,0
19.800000000000054,0,0,0,0,0,0,0,0,0,0,0
19.850000000000055,0,0,0,0,0,0,0,0,0,0,0
19.900000000000055,0,0,0,0,0,0,0,0,0,0,0
19.950000000000056,0,0,0,0,0,0,0,0,0,0,0
20.000000000000057,0,0,0,0,0,0,0,0,0,0,0
20.050000000000058,0,0,0,0,0,0,0,0,0,0,0
20.10000000000006,0,0,0,0,0,0,0,0,0,0,0
20.15000000000006,0,0,0,0,0,0,0,0,0,0,0
20.20000000000006,0,0,0,0,0,0,0,0,0,0,0
20.25000000000006,0,0,0,0,0,0,0,0,0,0,0
20.30000000000006,0,0,0,0,0,0,0,0,0,0,0
20.350000000000062,0,0,0,0,0,0,0,0,0,0,0
20.400000000000063,0,0,0,0,0,0,0,0,0,0,0
20.450000000000063,0,0,0,0,0,0,0,0,0,0,0
20.500000000000064,0,0,0,0,0,0,0,0,0,0,0
20.550000000000065,0,0,0,0,0,0,0,0,0,0,0
20.600000000000065,0,0,0,0,0,0,0,0,0,0,0
20.650000000000066,0,0,0,0,0,0,0,0,0,0,0
20.700000000000067,0,0,0,0,0,0,0,0,0,0,0
20.750000000000068,0,0,0,0,0,0,0,0,0,0,0
20.800000000000068,0,0,0,0,0,0,0,0,0,0,0
20.85000000000007,0,0,0,0,0,0,0,0,0,0,0
20.90000000000007,0,0,0,0,0,0,0,0,0,0,0
20.95000000000007,0,0,0,0,0,0,0,0,0,0,0
21.00000000000007,0,0,0,0,0,0,0,0,0,0,0
21.05000000000007,0,0,0,0,0,0,0,0,0,0,0
21.100000000000072,0,0,0,0,0,0,0,0,0,0,0
21.150000000000073,0,0,0,0,0,0,0,0,0,0,0
21.200000000000074,0,0,0,0,0,0,0,0,0,0,0
21.250000000000075,0,0,0,0,0,0,0,0,0,0,0
21.300000000000075,0,0,0,0,0,0,0,0,0,0,0
21.350000000000076,0,0,0,0,0,0,0,0,0,0,0
21.400000000000077,0,0,0,0,0,0,0,0,0,0,0
21.450000000000077,0,0,0,0,0,0,0,0,0,0,0
21.500000000000078,0,0,0,0,0,0,0,0,0,0,0
21.55000000000008,0,0,0,0,0,0,0,0,0,0,0
21.60000000000008,0,0,0,0,0,0,0,0,0,0,0
21.65000000000008,0,0,0,0,0,0,0,0,0,0,0
21.70000000000008,0,0,0,0,0,0,0,0,0,0,0
21.75000000000008,0,0,0,0,0,0,0,0,0,0,0
21.800000000000082,0,0,0,0,0,0,0,0,0,0,0
21.850000000000083,0,0,0,0,0,0,0,0,0,0,0
21.900000000000084,0,0,0,0,0,0,0,0,0,0,0
21.950000000000085,0,0,0,0,0,0,0,0,0,0,0
22.000000000000085,0,0,0,0,0,0,0,0,0,0,0
22.050000000000086,0,0,0,0,0,0,0,0,0,0,0
22.100000000000087,0,0,0,0,0,0,0,0,0,0,0
22.150000000000087,0,0,0,0,0,0,0,0,0,0,0
22.200000000000088,0,0,0,0,0,0,0,0,0,0,0
22.25000000000009,0,0,0,0,0,0,0,0,0,0,0
22.30000000000009,0,0,0,0,0,0,0,0,0,0,0
22.35000000000009,0,0,0,0,0,0,0,0,0,0,0
22.40000000000009,0,0,0,0,0,0,0,0,0,0,0
22.45000000000009,0,0,0,0,0,0,0,0,0,0,0
22.500000000000092,0,0,0,0,0,0,0,0,0,0,0
22.550000000000093,0,0,0,0,0,0,0,0,0,0,0
22.600000000000094,0,0,0,0,0,0,0,0,0,0,0
22.650000000000095,0,0,0,0,0,0,0,0,0,0,0
22.700000000000095,0,0,0,0,0,0,0,0,0,0,0
22.750000000000096,0,0,0,0,0,0,0,0,0,0,0
22.800000000000097,0,0,0,0,0,0,0,0,0,0,0
22.850000000000097,0,0,0,0,0,0,0,0,0,0,0
22.900000000000098,0,0,0,0,0,0,0,0,0,0,0
22.9500000000001,0,0,0,0,0,0,0,0,0,0,0
23.0000000000001,0,0,0,0,0,0,0,0,0,0,0
23.0500000000001,0,0,0,0,0,0,0,0,0,0,0
23.1000000000001,0,0,0,0,0,0,0,0,0,0,0
23.1500000000001,0,0,0,0,0,0,0,0,0,0,0
23.200000000000102,0,0,0,0,0,0,0,0,0,0,0
23.250000000000103,0,0,0,0,0,0,0,0,0,0,0
23.300000000000104,0,0,0,0,0,0,0,0,0,0,0
23.350000000000104,0,0,0,0,0,0,0,0,0,0,0
23.400000000000105,0,0,0,0,0,0,0,0,0,0,0
23.450000000000106,0,0,0,0,0,0,0,0,0,0,0
23.500000000000107,0,0,0,0,0,0,0,0,0,0,0
23.550000000000107,0,0,0,0,0,0,0,0,0,0,0
23.600000000000108,0,0,0,0,0,0,0,0,0,0,0
23.65000000000011,0,0,0,0,0,0,0,0,0,0,0
23.70000000000011,0,0,0,0,0,0,0,0,0,0,0
23.75000000000011,0,0,0,0,0,0,0,0,0,0,0
23.80000000000011,0,0,0,0,0,0,0,0,0,0,0
23.85000000000011,0,0,0,0,0,0,0,0,0,0,0
23.900000000000112,0,0,0,0,0,0,0,0,0,0,0
23.950000000000113,0,0,0,0,0,0,0,0,0,0,0
24.000000000000114,0,0,0,0,0,0,0,0,0,0,0
24.050000000000114,0,0,0,0,0,0,0,0,0,0,0
24.100000000000115,0,0,0,0,0,0,0,0,0,0,0
24.150000000000116,0,0,0,0,0,0,0,0,0,0,0
24.200000000000117,0,0,0,0,0,0,0,0,0,0,0
24.250000000000117,0,0,0,0,0,0,0,0,0,0,0
24.300000000000118,0,0,0,0,0,0,0,0,0,0,0
24.35000000000012,0,0,0,0,0,0,0,0,0,0,0
24.40000000000012,0,0,0,0,0,0,0,0,0,0,0
24.45000000000012,0,0,0,0,0,0,0,0,0,0,0
24.50000000000012,0,0,0,0,0,0,0,0,0,0,0
24.55000000000012,0,0,0,0,0,0,0,0,0,0,0
24.600000000000122,0,0,0,0,0,0,0,0,0,0,0
24.650000000000123,0,0,0,0,0,0,0,0,0,0,0
24.700000000000124,0,0,0,0,0,0,0,0,0,0,0
24.750000000000124,0,0,0,0,0,0,0,0,0,0,0
24.800000000000125,0,0,0,0,0,0,0,0,0,0,0
24.850000000000126,0,0,0,0,0,0,0,0,0,0,0
24.900000000000126,0,0,0,0,0,0,0,0,0,0,0
24.950000000000127,0,0,0,0,0,0,0,0,0,0,0
25.000000000000128,0,0,0,0,0,0,0,0,0,0,0
25.05000000000013,0,0,0,0,0,0,0,0,0,0,0
25.10000000000013,0,0,0,0,0,0,0,0,0,0,0
25.15000000000013,0,0,0,0,0,0,0,0,0,0,0
25.20000000000013,0,0,0,0,0,0,0,0,0,0,0
25.25000000000013,0,0,0,0,0,0,0,0,0,0,0
25.300000000000132,0,0,0,0,0,0,0,0,0,0,0
25.350000000000133,0,0,0,0,0,0,0,0,0,0,0
25.400000000000134,0,0,0,0,0,0,0,0,0,0,0
25.450000000000134,0,0,0,0,0,0,0,0,0,0,0
25.500000000000135,0,0,0,0,0,0,0,0,0,0,0
25.550000000000136,0,0,0,0,0,0,0,0,0,0,0
25.600000000000136,0,0,0,0,0,0,0,0,0,0,0
25.650000000000137,0,0,0,0,0,0,0,0,0,0,0
25.700000000000138,0,0,0,0,0,0,0,0,0,0,0
25.75000000000014,0,0,0,0,0,0,0,0,0,0,0
25.80000000000014,0,0,0,0,0,0,0,0,0,0,0
25.85000000000014,0,0,0,0,0,0,0,0,0,0,0
25.90000000000014,0,0,0,0,0,0,0,0,0,0,0
25.95000000000014,0,0,0,0,0,0,0,0,0,0,0
26.000000000000142,0,0,0,0,0,0,0,0,0,0,0
26.050000000000143,0,0,0,0,0,0,0,0,0,0,0
26.100000000000144,0,0,0,0,0,0,0,0,0,0,0
26.150000000000144,0,0,0,0,0,0,0,0,0,0,0
26.200000000000145,0,0,0,0,0,0,0,0,0,0,0
26.250000000000146,0,0,0,0,0,0,0,0,0,0,0
26.300000000000146,0,0,0,0,0,0,0,0,0,0,0
26.350000000000147,0,0,0,0,0,0,0,0,0,0,0
26.400000000000148,0,0,0,0,0,0,0,0,0,0,0
26.45000000000015,0,0,0,0,0,0,0,0,0,0,0
26.50000000000015,0,0,0,0,0,0,0,0,0,0,0
26.55000000000015,0,0,0,0,0,0,0,0,0,0,0
26.60000000000015,0,0,0,0,0,0,0,0,0,0,0
26.65000000000015,0,0,0,0,0,0,0,0,0,0,0
26.700000000000152,0,0,0,0,0,0,0,0,0,0,0
26.750000000000153,0,0,0,0,0,0,0,0,0,0,0
26.800000000000153,0,0,0,0,0,0,0,0,0,0,0
26.850000000000154,0,0,0,0,0,0,0,0,0,0,0
26.900000000000155,0,0,0,0,0,0,0,0,0,0,0
26.950000000000156,0,0,0,0,0,0,0,0,0,0,0
27.000000000000156,0,0,0,0,0,0,0,0,0,0,0
27.050000000000157,0,0,0,0,0,0,0,0,0,0,0
27.100000000000158,0,0,0,0,0,0,0,0,0,0,0
27.15000000000016,0,0,0,0,0,0,0,0,0,0,0
27.20000000000016,0,0,0,0,0,0,0,0,0,0,0
27.25000000000016,0,0,0,0,0,0,0,0,0,0,0
27.30000000000016,0,0,0,0,0,0,0,0,0,0,0
27.35000000000016,0,0,0,0,0,0,0,0,0,0,0
27.400000000000162,0,0,0,0,0,0,0,0,0,0,0
27.450000000000163,0,0,0,0,0,0,0,0,0,0,0
27.500000000000163,0,0,0,0,0,0,0,0,0,0,0
27.550000000000164,0,0,0,0,0,0,0,0,0,0,0
27.600000000000165,0,0,0,0,0,0,0,0,0,0,0
27.650000000000166,0,0,0,0,0,0,0,0,0,0,0
27.700000000000166,0,0,0,0,0,0,0,0,0,0,0
27.750000000000167,0,0,0,0,0,0,0,0,0,0,0
27.800000000000168,0,0,0,0,0,0,0,0,0,0,0
27.85000000000017,0,0,0,0,0,0,0,0,0,0,0
27.90000000000017,0,0,0,0,0,0,0,0,0,0,0
27.95000000000017,0,0,0,0,0,0,0,0,0,0,0
28.00000000000017,0,0,0,0,0,0,0,0,0,0,0
28.05000000000017,0,0,0,0,0,0,0,0,0,0,0
28.100000000000172,0,0,0,0,0,0,0,0,0,0,0
28.150000000000173,0,0,0,0,0,0,0,0,0,0,0
28.200000000000173,0,0,0,0,0,0,0,0,0,0,0
28.250000000000174,0,0,0,0,0,0,0,0,0,0,0
28.300000000000175,0,0,0,0,0,0,0,0,0,0,0
28.350000000000176,0,0,0,0,0,0,0,0,0,0,0
28.400000000000176,0,0,0,0,0,0,0,0,0,0,0
28.450000000000177,0,0,0,0,0,0,0,0,0,0,0
28.500000000000178,0,0,0,0,0,0,0,0,0,0,0
28.55000000000018,0,0,0,0,0,0,0,0,0,0,0
28.60000000000018,0,0,0,0,0,0,0,0,0,0,0
28.65000000000018,0,0,0,0,0,0,0,0,0,0,0
28.70000000000018,0,0,0,0,0,0,0,0,0,0,0
28.75000000000018,0,0,0,0,0,0,0,0,0,0,0
28.800000000000182,0,0,0,0,0,0,0,0,0,0,0
28.850000000000183,0,0,0,0,0,0,0,0,0,0,0
28.900000000000183,0,0,0,0,0,0,0,0,0,0,0
28.950000000000184,0,0,0,0,0,0,0,0,0,0,0
29.000000000000185,0,0,0,0,0,0,0,0,0,0,0
29.050000000000185,0,0,0,0,0,0,0,0,0,0,0
29.100000000000186,0,0,0,0,0,0,0,0,0,0,0
29.150000000000187,0,0,0,0,0,0,0,0,0,0,0
29.200000000000188,0,0,0,0,0,0,0,0,0,0,0
29.25000000000019,0,0,0,0,0,0,0,0,0,0,0
29.30000000000019,0,0,0,0,0,0,0,0,0,0,0
29.35000000000019,0,0,0,0,0,0,0,0,0,0,0
29.40000000000019,0,0,0,0,0,0,0,0,0,0,0
29.45000000000019,0,0,0,0,0,0,0,0,0,0,0
29.500000000000192,0,0,0,0,0,0,0,0,0,0,0
29.550000000000193,0,0,0,0,0,0,0,0,0,0,0
29.600000000000193,0,0,0,0,0,0,0,0,0,0,0
29.650000000000194,0,0,0,0,0,0,0,0,0,0,0
29.700000000000195,0,0,0,0,0,0,0,0,0,0,0
29.750000000000195,0,0,0,0,0,0,0,0,0,0,0
29.800000000000196,0,0,0,0,0,0,0,0,0,0,0
29.850000000000197,0,0,0,0,0,0,0,0,0,0,0
29.900000000000198,0,0,0,0,0,0,0,0,0,0,0
29.9500000000002,0,0,0,0,0,0,0,0,0,0,0
30.0000000000002,0,0,0,0,0,0,0,0,0,0,0
30.0500000000002,0,0,0,0,0,0,0,0,0,0,0
30.1000000000002,0,0,0,0,0,0,0,0,0,0,0
30.1500000000002,0,0,0,0,0,0,0,0,0,0,0
30.200000000000202,0,0,0,0,0,0,0,0,0,0,0
30.250000000000203,0,0,0,0,0,0,0,0,0,0,0
30.300000000000203,0,0,0,0,0,0,0,0,0,0,0
30.350000000000204,0,0,0,0,0,0,0,0,0,0,0
30.400000000000205,0,0,0,0,0,0,0,0,0,0,0
30.450000000000205,0,0,0,0,0,0,0,0,0,0,0
30.500000000000206,0,0,0,0,0,0,0,0,0,0,0
30.550000000000207,0,0,0,0,0,0,0,0,0,0,0
30.600000000000207,0,0,0,0,0,0,0,0,0,0,0
30.650000000000208,0,0,0,0,0,0,0,0,0,0,0
30.70000000000021,0,0,0,0,0,0,0,0,0,0,0
30.75000000000021,0,0,0,0,0,0,0,0,0,0,0
30.80000000000021,0,0,0,0,0,0,0,0,0,0,0
30.85000000000021,0,0,0,0,0,0,0,0,0,0,0
30.90000000000021,0,0,0,0,0,0,0,0,0,0,0
30.950000000000212,0,0,0,0,0,0,0,0,0,0,0
31.000000000000213,0,0,0,0,0,0,0,0,0,0,0
31.050000000000214,0,0,0,0,0,0,0,0,0,0,0
31.100000000000215,0,0,0,0,0,0,0,0,0,0,0
31.150000000000215,0,0,0,0,0,0,0,0,0,0,0
31.200000000000216,0,0,0,0,0,0,0,0,0,0,0
31.250000000000217,0,0,0,0,0,0,0,0,0,0,0
31.300000000000217,0,0,0,0,0,0,0,0,0,0,0
31.350000000000218,0,0,0,0,0,0,0,0,0,0,0
31.40000000000022,0,0,0,0,0,0,0,0,0,0,0
31.45000000000022,0,0,0,0,0,0,0,0,0,0,0
31.50000000000022,0,0,0,0,0,0,0,0,0,0,0
31.55000000000022,0,0,0,0,0,0,0,0,0,0,0
31.60000000000022,0,0,0,0,0,0,0,0,0,0,0
31.650000000000222,0,0,0,0,0,0,0,0,0,0,0
31.700000000000223,0,0,0,0,0,0,0,0,0,0,0
31.750000000000224,0,0,0,0,0,0,0,0,0,0,0
31.800000000000225,0,0,0,0,0,0,0,0,0,0,0
31.850000000000225,0,0,0,0,0,0,0,0,0,0,0
31.900000000000226,0,0,0,0,0,0,0,0,0,0,0
31.950000000000227,0,0,0,0,0,0,0,0,0,0,0
*****
16,0.05,1000,0,0.4,10,100,0.65,1.0,0.65,1.0,0.1
16,1000,783,0,1000,972,0,0,0,0,0,0
16.05,967,331,0,966,938,0,0,0,0,0,0
16.1,968,76,0,968,946,0,0,0,0,0,0
16.150000000000002,916,18,0,914,891,0,0,0,0,0,0
16.200000000000003,972,5,0,971,948,0,0,0,0,0,0
16.250000000000004,870,4,0,868,848,0,0,0,0,0,0
16.300000000000004,979,0,0,978,956,0,0,0,0,0,0
16.350000000000005,916,0,0,912,880,0,0,0,0,0,0
16.400000000000006,984,0,0,980,922,0,0,0,0,0,0
16.450000000000006,932,0,0,925,843,0,0,0,0,0,0
16.500000000000007,942,0,0,925,792,0,0,0,0,0,0
16.550000000000008,979,0,0,927,776,0,0,0,0,0,0
16.60000000000001,924,0,0,852,630,0,0,0,0,0,0
16.65000000000001,901,0,0,778,504,0,0,0,0,0,0
16.70000000000001,992,0,0,804,454,0,0,0,0,0,0
16.75000000000001,915,0,0,674,330,0,0,0,0,0,0
16.80000000000001,943,0,0,624,282,0,0,0,0,0,0
16.850000000000012,996,0,0,510,200,0,0,0,0,0,0
16.900000000000013,935,0,0,430,138,0,0,0,0,0,0
16.950000000000014,982,0,0,329,73,0,0,0,0,0,0
17.000000000000014,918,0,0,226,55,0,0,0,0,0,0
17.050000000000015,936,0,0,181,37,0,0,0,0,0,0
17.100000000000016,965,0,0,117,22,0,0,0,0,0,0
17.150000000000016,914,0,0,76,9,0,0,0,0,0,0
17.200000000000017,957,0,0,48,9,0,0,0,0,0,0
17.250000000000018,960,0,0,25,3,0,0,0,0,0,0
17.30000000000002,933,0,0,18,1,0,0,0,0,0,0
17.35000000000002,906,0,0,7,0,0,0,0,0,0,0
17.40000000000002,927,0,0,6,1,0,0,0,0,0,0
17.45000000000002,864,0,0,2,0,0,0,0,0,0,0
17.50000000000002,800,0,0,0,0,0,0,0,0,0,0
17.550000000000022,674,0,0,1,0,0,0,0,0,0,0
17.600000000000023,591,0,0,0,0,0,0,0,0,0,0
17.650000000000023,564,0,0,0,0,0,0,0,0,0,0
17.700000000000024,416,0,0,0,0,0,0,0,0,0,0
17.750000000000025,290,0,0,0,0,0,0,0,0,0,0
17.800000000000026,170,0,0,0,0,0,0,0,0,0,0
17.850000000000026,88,0,0,0,0,0,0,0,0,0,0
17.900000000000027,40,0,0,0,0,0,0,0,0,0,0
17.950000000000028,20,0,0,0,0,0,0,0,0,0,0
18.00000000000003,0,0,0,0,0,0,0,0,0,0,0
18.05000000000003,0,0,0,0,0,0,0,0,0,0,0
18.10000000000003,0,0,0,0,0,0,0,0,0,0,0
18.15000000000003,0,0,0,0,0,0,0,0,0,0,0
18.20000000000003,0,0,0,0,0,0,0,0,0,0,0
18.250000000000032,0,0,0,0,0,0,0,0,0,0,0
18.300000000000033,0,0,0,0,0,0,0,0,0,0,0
18.350000000000033,0,0,0,0,0,0,0,0,0,0,0
18.400000000000034,0,0,0,0,0,0,0,0,0,0,0
18.450000000000035,0,0,0,0,0,0,0,0,0,0,0
18.500000000000036,0,0,0,0,0,0,0,0,0,0,0
18.550000000000036,0,0,0,0,0,0,0,0,0,0,0
18.600000000000037,0,0,0,0,0,0,0,0,0,0,0
18.650000000000038,0,0,0,0,0,0,0,0,0,0,0
18.70000000000004,0,0,0,0,0,0,0,0,0,0,0
18.75000000000004,0,0,0,0,0,0,0,0,0,0,0
18.80000000000004,0,0,0,0,0,0,0,0,0,0,0
18.85000000000004,0,0,0,0,0,0,0,0,0,0,0
18.90000000000004,0,0,0,0,0,0,0,0,0,0,0
18.950000000000042,0,0,0,0,0,0,0,0,0,0,0
19.000000000000043,0,0,0,0,0,0,0,0,0,0,0
19.050000000000043,0,0,0,0,0,0,0,0,0,0,0
19.100000000000044,0,0,0,0,0,0,0,0,0,0,0
19.150000000000045,0,0,0,0,0,0,0,0,0,0,0
19.200000000000045,0,0,0,0,0,0,0,0,0,0,0
19.250000000000046,0,0,0,0,0,0,0,0,0,0,0
19.300000000000047,0,0,0,0,0,0,0,0,0,0,0
19.350000000000048,0,0,0,0,0,0,0,0,0,0,0
19.40000000000005,0,0,0,0,0,0,0,0,0,0,0
19.45000000000005,0,0,0,0,0,0,0,0,0,0,0
19.50000000000005,0,0,0,0,0,0,0,0,0,0,0
19.55000000000005,0,0,0,0,0,0,0,0,0,0,0
19.60000000000005,0,0,0,0,0,0,0,0,0,0,0
19.650000000000052,0,0,0,0,0,0,0,0,0,0,0
19.700000000000053,0,0,0,0,0,0,0,0,0,0,0
19.750000000000053,0,0,0,0,0,0,0,0,0,0,0
19.800000000000054,0,0,0,0,0,0,0,0,0,0,0
19.850000000000055,0,0,0,0,0,0,0,0,0,0,0
19.900000000000055,0,0,0,0,0,0,0,0,0,0,0
19.950000000000056,0,0,0,0,0,0,0,0,0,0,0
20.000000000000057,0,0,0,0,0,0,0,0,0,0,0
20.050000000000058,0,0,0,0,0,0,0,0,0,0,0
20.10000000000006,0,0,0,0,0,0,0,0,0,0,0
20.15000000000006,0,0,0,0,0,0,0,0,0,0,0
20.20000000000006,0,0,0,0,0,0,0,0,0,0,0
20.25000000000006,0,0,0,0,0,0,0,0,0,0,0
20.30000000000006,0,0,0,0,0,0,0,0,0,0,0
20.350000000000062,0,0,0,0,0,0,0,0,0,0,0
20.400000000000063,0,0,0,0,0,0,0,0,0,0,0
20.450000000000063,0,0,0,0,0,0,0,0,0,0,0
20.500000000000064,0,0,0,0,0,0,0,0,0,0,0
20.550000000000065,0,0,0,0,0,0,0,0,0,0,0
20.600000000000065,0,0,0,0,0,0,0,0,0,0,0
20.650000000000066,0,0,0,0,0,0,0,0,0,0,0
20.700000000000067,0,0,0,0,0,0,0,0,0,0,0
20.750000000000068,0,0,0,0,0,0,0,0,0,0,0
20.800000000000068,0,0,0,0,0,0,0,0,0,0,0
20.85000000000007,0,0,0,0,0,0,0,0,0,0,0
20.90000000000007,0,0,0,0,0,0,0,0,0,0,0
20.95000000000007,0,0,0,0,0,0,0,0,0,0,0
21.00000000000007,0,0,0,0,0,0,0,0,0,0,0
21.05000000000007,0,0,0,0,0,0,0,0,0,0,0
21.100000000000072,0,0,0,0,0,0,0,0,0,0,0
21.150000000000073,0,0,0,0,0,0,0,0,0,0,0
21.200000000000074,0,0,0,0,0,0,0,0,0,0,0
21.250000000000075,0,0,0,0,0,0,0,0,0,0,0
21.300000000000075,0,0,0,0,0,0,0,0,0,0,0
21.350000000000076,0,0,0,0,0,0,0,0,0,0,0
21.400000000000077,0,0,0,0,0,0,0,0,0,0,0
21.450000000000077,0,0,0,0,0,0,0,0,0,0,0
21.500000000000078,0,0,0,0,0,0,0,0,0,0,0
21.55000000000008,0,0,0,0,0,0,0,0,0,0,0
21.60000000000008,0,0,0,0,0,0,0,0,0,0,0
21.65000000000008,0,0,0,0,0,0,0,0,0,0,0
21.70000000000008,0,0,0,0,0,0,0,0,0,0,0
21.75000000000008,0,0,0,0,0,0,0,0,0,0,0
21.800000000000082,0,0,0,0,0,0,0,0,0,0,0
21.850000000000083,0,0,0,0,0,0,0,0,0,0,0
21.900000000000084,0,0,0,0,0,0,0,0,0,0,0
21.950000000000085,0,0,0,0,0,0,0,0,0,0,0
22.000000000000085,0,0,0,0,0,0,0,0,0,0,0
22.050000000000086,0,0,0,0,0,0,0,0,0,0,0
22.100000000000087,0,0,0,0,0,0,0,0,0,0,0
22.150000000000087,0,0,0,0,0,0,0,0,0,0,0
22.200000000000088,0,0,0,0,0,0,0,0,0,0,0
22.25000000000009,0,0,0,0,0,0,0,0,0,0,0
22.30000000000009,0,0,0,0,0,0,0,0,0,0,0
22.35000000000009,0,0,0,0,0,0,0,0,0,0,0
22.40000000000009,0,0,0,0,0,0,0,0,0,0,0
22.45000000000009,0,0,0,0,0,0,0,0,0,0,0
22.500000000000092,0,0,0,0,0,0,0,0,0,0,0
22.550000000000093,0,0,0,0,0,0,0,0,0,0,0
22.600000000000094,0,0,0,0,0,0,0,0,0,0,0
22.650000000000095,0,0,0,0,0,0,0,0,0,0,0
22.700000000000095,0,0,0,0,0,0,0,0,0,0,0
22.750000000000096,0,0,0,0,0,0,0,0,0,0,0
22.800000000000097,0,0,0,0,0,0,0,0,0,0,0
22.850000000000097,0,0,0,0,0,0,0,0,0,0,0
22.900000000000098,0,0,0,0,0,0,0,0,0,0,0
22.9500000000001,0,0,0,0,0,0,0,0,0,0,0
23.0000000000001,0,0,0,0,0,0,0,0,0,0,0
23.0500000000001,0,0,0,0,0,0,0,0,0,0,0
23.1000000000001,0,0,0,0,0,0,0,0,0,0,0
23.1500000000001,0,0,0,0,0,0,0,0,0,0,0
23.200000000000102,0,0,0,0,0,0,0,0,0,0,0
23.250000000000103,0,0,0,0,0,0,0,0,0,0,0
23.300000000000104,0,0,0,0,0,0,0,0,0,0,0
23.350000000000104,0,0,0,0,0,0,0,0,0,0,0
23.400000000000105,0,0,0,0,0,0,0,0,0,0,0
23.450000000000106,0,0,0,0,0,0,0,0,0,0,0
23.500000000000107,0,0,0,0,0,0,0,0,0,0,0
23.550000000000107,0,0,0,0,0,0,0,0,0,0,0
23.600000000000108,0,0,0,0,0,0,0,0,0,0,0
23.65000000000011,0,0,0,0,0,0,0,0,0,0,0
23.70000000000011,0,0,0,0,0,0,0,0,0,0,0
23.75000000000011,0,0,0,0,0,0,0,0,0,0,0
23.80000000000011,0,0,0,0,0,0,0,0,0,0,0
23.85000000000011,0,0,0,0,0,0,0,0,0,0,0
23.900000000000112,0,0,0,0,0,0,0,0,0,0,0
23.950000000000113,0,0,0,0,0,0,0,0,0,0,0
24.000000000000114,0,0,0,0,0,0,0,0,0,0,0
24.050000000000114,0,0,0,0,0,0,0,0,0,0,0
24.100000000000115,0,0,0,0,0,0,0,0,0,0,0
24.150000000000116,0,0,0,0,0,0,0,0,0,0,0
24.200000000000117,0,0,0,0,0,0,0,0,0,0,0
24.250000000000117,0,0,0,0,0,0,0,0,0,0,0
24.300000000000118,0,0,0,0,0,0,0,0,0,0,0
24.35000000000012,0,0,0,0,0,0,0,0,0,0,0
24.40000000000012,0,0,0,0,0,0,0,0,0,0,0
24.45000000000012,0,0,0,0,0,0,0,0,0,0,0
24.50000000000012,0,0,0,0,0,0,0,0,0,0,0
24.55000000000012,0,0,0,0,0,0,0,0,0,0,0
24.600000000000122,0,0,0,0,0,0,0,0,0,0,0
24.650000000000123,0,0,0,0,0,0,0,0,0,0,0
24.700000000000124,0,0,0,0,0,0,0,0,0,0,0
24.750000000000124,0,0,0,0,0,0,0,0,0,0,0
24.800000000000125,0,0,0,0,0,0,0,0,0,0,0
24.850000000000126,0,0,0,0,0,0,0,0,0,0,0
24.900000000000126,0,0,0,0,0,0,0,0,0,0,0
24.950000000000127,0,0,0,0,0,0,0,0,0,0,0
25.000000000000128,0,0,0,0,0,0,0,0,0,0,0
25.05000000000013,0,0,0,0,0,0,0,0,0,0,0
25.10000000000013,0,0,0,0,0,0,0,0,0,0,0
25.15000000000013,0,0,0,0,0,0,0,0,0,0,0
25.20000000000013,0,0,0,0,0,0,0,0,0,0,0
25.25000000000013,0,0,0,0,0,0,0,0,0,0,0
25.300000000000132,0,0,0,0,0,0,0,0,0,0,0
25.350000000000133,0,0,0,0,0,0,0,0,0,0,0
25.400000000000134,0,0,0,0,0,0,0,0,0,0,0
25.450000000000134,0,0,0,0,0,0,0,0,0,0,0
25.500000000000135,0,0,0,0,0,0,0,0,0,0,0
25.550000000000136,0,0,0,0,0,0,0,0,0,0,0
25.600000000000136,0,0,0,0,0,0,0,0,0,0,0
25.650000000000137,0,0,0,0,0,0,0,0,0,0,0
25.700000000000138,0,0,0,0,0,0,0,0,0,0,0
25.75000000000014,0,0,0,0,0,0,0,0,0,0,0
25.80000000000014,0,0,0,0,0,0,0,0,0,0,0
25.85000000000014,0,0,0,0,0,0,0,0,0,0,0
25.90000000000014,0,0,0,0,0,0,0,0,0,0,0
25.95000000000014,0,0,0,0,0,0,0,0,0,0,0
26.000000000000142,0,0,0,0,0,0,0,0,0,0,0
26.050000000000143,0,0,0,0,0,0,0,0,0,0,0
26.100000000000144,0,0,0,0,0,0,0,0,0,0,0
26.150000000000144,0,0,0,0,0,0,0,0,0,0,0
26.200000000000145,0,0,0,0,0,0,0,0,0,0,0
26.250000000000146,0,0,0,0,0,0,0,0,0,0,0
26.300000000000146,0,0,0,0,0,0,0,0,0,0,0
26.350000000000147,0,0,0,0,0,0,0,0,0,0,0
26.400000000000148,0,0,0,0,0,0,0,0,0,0,0
26.45000000000015,0,0,0,0,0,0,0,0,0,0,0
26.50000000000015,0,0,0,0,0,0,0,0,0,0,0
26.55000000000015,0,0,0,0,0,0,0,0,0,0,0
26.60000000000015,0,0,0,0,0,0,0,0,0,0,0
26.65000000000015,0,0,0,0,0,0,0,0,0,0,0
26.700000000000152,0,0,0,0,0,0,0,0,0,0,0
26.750000000000153,0,0,0,0,0,0,0,0,0,0,0
26.800000000000153,0,0,0,0,0,0,0,0,0,0,0
26.850000000000154,0,0,0,0,0,0,0,0,0,0,0
26.900000000000155,0,0,0,0,0,0,0,0,0,0,0
26.950000000000156,0,0,0,0,0,0,0,0,0,0,0
27.000000000000156,0,0,0,0,0,0,0,0,0,0,0
27.050000000000157,0,0,0,0,0,0,0,0,0,0,0
27.100000000000158,0,0,0,0,0,0,0,0,0,0,0
27.15000000000016,0,0,0,0,0,0,0,0,0,0,0
27.20000000000016,0,0,0,0,0,0,0,0,0,0,0
27.25000000000016,0,0,0,0,0,0,0,0,0,0,0
27.30000000000016,0,0,0,0,0,0,0,0,0,0,0
27.35000000000016,0,0,0,0,0,0,0,0,0,0,0
27.400000000000162,0,0,0,0,0,0,0,0,0,0,0
27.450000000000163,0,0,0,0,0,0,0,0,0,0,0
27.500000000000163,0,0,0,0,0,0,0,0,0,0,0
27.550000000000164,0,0,0,0,0,0,0,0,0,0,0
27.600000000000165,0,0,0,0,0,0,0,0,0,0,0
27.650000000000166,0,0,0,0,0,0,0,0,0,0,0
27.700000000000166,0,0,0,0,0,0,0,0,0,0,0
27.750000000000167,0,0,0,0,0,0,0,0,0,0,0
27.800000000000168,0,0,0,0,0,0,0,0,0,0,0
27.85000000000017,0,0,0,0,0,0,0,0,0,0,0
27.90000000000017,0,0,0,0,0,0,0,0,0,0,0
27.95000000000017,0,0,0,0,0,0,0,0,0,0,0
28.00000000000017,0,0,0,0,0,0,0,0,0,0,0
28.05000000000017,0,0,0,0,0,0,0,0,0,0,0
28.100000000000172,0,0,0,0,0,0,0,0,0,0,0
28.150000000000173,0,0,0,0,0,0,0,0,0,0,0
28.200000000000173,0,0,0,0,0,0,0,0,0,0,0
28.250000000000174,0,0,0,0,0,0,0,0,0,0,0
28.300000000000175,0,0,0,0,0,0,0,0,0,0,0
28.350000000000176,0,0,0,0,0,0,0,0,0,0,0
28.400000000000176,0,0,0,0,0,0,0,0,0,0,0
28.450000000000177,0,0,0,0,0,0,0,0,0,0,0
28.500000000000178,0,0,0,0,0,0,0,0,0,0,0
28.55000000000018,0,0,0,0,0,0,0,0,0,0,0
28.60000000000018,0,0,0,0,0,0,0,0,0,0,0
28.65000000000018,0,0,0,0,0,0,0,0,0,0,0
28.70000000000018,0,0,0,0,0,0,0,0,0,0,0
28.75000000000018,0,0,0,0,0,0,0,0,0,0,0
28.800000000000182,0,0,0,0,0,0,0,0,0,0,0
28.850000000000183,0,0,0,0,0,0,0,0,0,0,0
28.900000000000183,0,0,0,0,0,0,0,0,0,0,0
28.950000000000184,0,0,0,0,0,0,0,0,0,0,0
29.000000000000185,0,0,0,0,0,0,0,0,0,0,0
29.050000000000185,0,0,0,0,0,0,0,0,0,0,0
29.100000000000186,0,0,0,0,0,0,0,0,0,0,0
29.150000000000187,0,0,0,0,0,0,0,0,0,0,0
29.200000000000188,0,0,0,0,0,0,0,0,0,0,0
29.25000000000019,0,0,0,0,0,0,0,0,0,0,0
29.30000000000019,0,0,0,0,0,0,0,0,0,0,0
29.35000000000019,0,0,0,0,0,0,0,0,0,0,0
29.40000000000019,0,0,0,0,0,0,0,0,0,0,0
29.45000000000019,0,0,0,0,0,0,0,0,0,0,0
29.500000000000192,0,0,0,0,0,0,0,0,0,0,0
29.550000000000193,0,0,0,0,0,0,0,0,0,0,0
29.600000000000193,0,0,0,0,0,0,0,0,0,0,0
29.650000000000194,0,0,0,0,0,0,0,0,0,0,0
29.700000000000195,0,0,0,0,0,0,0,0,0,0,0
29.750000000000195,0,0,0,0,0,0,0,0,0,0,0
29.800000000000196,0,0,0,0,0,0,0,0,0,0,0
29.850000000000197,0,0,0,0,0,0,0,0,0,0,0
29.900000000000198,0,0,0,0,0,0,0,0,0,0,0
29.9500000000002,0,0,0,0,0,0,0,0,0,0,0
30.0000000000002,0,0,0,0,0,0,0,0,0,0,0
30.0500000000002,0,0,0,0,0,0,0,0,0,0,0
30.1000000000002,0,0,0,0,0,0,0,0,0,0,0
30.1500000000002,0,0,0,0,0,0,0,0,0,0,0
30.200000000000202,0,0,0,0,0,0,0,0,0,0,0
30.250000000000203,0,0,0,0,0,0,0,0,0,0,0
30.300000000000203,0,0,0,0,0,0,0,0,0,0,0
30.350000000000204,0,0,0,0,0,0,0,0,0,0,0
30.400000000000205,0,0,0,0,0,0,0,0,0,0,0
30.450000000000205,0,0,0,0,0,0,0,0,0,0,0
30.500000000000206,0,0,0,0,0,0,0,0,0,0,0
30.550000000000207,0,0,0,0,0,0,0,0,0,0,0
30.600000000000207,0,0,0,0,0,0,0,0,0,0,0
30.650000000000208,0,0,0,0,0,0,0,0,0,0,0
30.70000000000021,0,0,0,0,0,0,0,0,0,0,0
30.75000000000021,0,0,0,0,0,0,0,0,0,0,0
30.80000000000021,0,0,0,0,0,0,0,0,0,0,0
30.85000000000021,0,0,0,0,0,0,0,0,0,0,0
30.90000000000021,0,0,0,0,0,0,0,0,0,0,0
30.950000000000212,0,0,0,0,0,0,0,0,0,0,0
31.000000000000213,0,0,0,0,0,0,0,0,0,0,0
31.050000000000214,0,0,0,0,0,0,0,0,0,0,0
31.100000000000215,0,0,0,0,0,0,0,0,0,0,0
31.150000000000215,0,0,0,0,0,0,0,0,0,0,0
31.200000000000216,0,0,0,0,0,0,0,0,0,0,0
31.250000000000217,0,0,0,0,0,0,0,0,0,0,0
31.300000000000217,0,0,0,0,0,0,0,0,0,0,0
31.350000000000218,0,0,0,0,0,0,0,0,0,0,0
31.40000000000022,0,0,0,0,0,0,0,0,0,0,0
31.45000000000022,0,0,0,0,0,0,0,0,0,0,0
31.50000000000022,0,0,0,0,0,0,0,0,0,0,0
31.55000000000022,0,0,0,0,0,0,0,0,0,0,0
31.60000000000022,0,0,0,0,0,0,0,0,0,0,0
31.650000000000222,0,0,0,0,0,0,0,0,0,0,0
31.700000000000223,0,0,0,0,0,0,0,0,0,0,0
31.750000000000224,0,0,0,0,0,0,0,0,0,0,0
31.800000000000225,0,0,0,0,0,0,0,0,0,0,0
31.850000000000225,0,0,0,0,0,0,0,0,0,0,0
31.900000000000226,0,0,0,0,0,0,0,0,0,0,0
31.950000000000227,0,0,0,0,0,0,0,0,0,0,0
*****
16,0.05,1000,0.3,0.7,10,100,0.65,1.0,0.65,1.0,0.1
16,1000,593,939,947,874,0,0,0,0,0,0
16.05,948,485,849,903,842,0,0,0,0,0,0
16.1,977,379,843,907,872,0,0,0,0,0,0
16.150000000000002,1013,291,848,953,894,0,0,0,0,0,0
16.200000000000003,1015,190,771,952,908,0,0,0,0,0,0
16.250000000000004,1001,112,755,937,896,0,0,0,0,0,0
16.300000000000004,983,62,642,922,867,0,0,0,0,0,0
16.350000000000005,935,36,521,874,837,0,0,0,0,0,0
16.400000000000006,937,12,478,885,833,0,0,0,0,0,0
16.450000000000006,950,10,439,885,834,0,0,0,0,0,0
16.500000000000007,967,4,400,909,811,0,0,0,0,0,0
16.550000000000008,953,5,302,890,776,0,0,0,0,0,0
16.60000000000001,957,1,272,874,760,0,0,0,0,0,0
16.65000000000001,1070,1,233,951,798,0,0,0,0,0,0
16.70000000000001,1019,0,175,871,694,0,0,0,0,0,0
16.75000000000001,974,0,138,819,622,0,0,0,0,0,0
16.80000000000001,970,0,123,785,551,0,0,0,0,0,0
16.850000000000012,957,0,73,701,430,0,0,0,0,0,0
16.900000000000013,932,0,79,658,400,0,0,0,0,0,0
16.950000000000014,974,0,52,616,368,0,0,0,0,0,0
17.000000000000014,1008,0,33,580,311,0,0,0,0,0,0
17.050000000000015,949,0,29,474,242,0,0,0,0,0,0
17.100000000000016,992,0,24,438,202,0,0,0,0,0,0
17.150000000000016,974,0,17,357,150,0,0,0,0,0,0
17.200000000000017,971,0,7,296,113,0,0,0,0,0,0
17.250000000000018,974,0,10,246,96,0,0,0,0,0,0
17.30000000000002,980,0,5,199,78,0,0,0,0,0,0
17.35000000000002,1010,0,4,183,63,0,0,0,0,0,0
17.40000000000002,989,0,0,110,47,0,0,0,0,0,0
17.45000000000002,996,0,0,109,29,0,0,0,0,0,0
17.50000000000002,1017,0,1,79,18,0,0,0,0,0,0
17.550000000000022,963,0,2,43,11,0,0,0,0,0,0
17.600000000000023,938,0,1,35,11,0,0,0,0,0,0
17.650000000000023,933,0,0,17,8,0,0,0,0,0,0
17.700000000000024,929,0,0,20,9,0,0,0,0,0,0
17.750000000000025,1008,0,0,15,2,0,0,0,0,0,0
17.800000000000026,1021,0,0,8,2,0,0,0,0,0,0
17.850000000000026,988,0,0,1,0,0,0,0,0,0,0
17.900000000000027,949,0,0,2,1,0,0,0,0,0,0
17.950000000000028,942,0,0,3,1,0,0,0,0,0,0
18.00000000000003,989,0,0,0,0,0,0,0,0,0,0
18.05000000000003,946,0,0,2,1,0,0,0,0,0,0
18.10000000000003,938,0,0,0,0,0,0,0,0,0,0
18.15000000000003,940,0,0,0,0,0,0,0,0,0,0
18.20000000000003,825,0,0,0,0,0,0,0,0,0,0
18.250000000000032,772,0,0,0,0,0,0,0,0,0,0
18.300000000000033,656,0,0,0,0,0,0,0,0,0,0
18.350000000000033,572,0,0,0,0,0,0,0,0,0,0
18.400000000000034,578,0,0,0,0,0,0,0,0,0,0
18.450000000000035,439,0,0,0,0,0,0,0,0,0,0
18.500000000000036,336,0,0,0,0,0,0,0,0,0,0
18.550000000000036,244,0,0,0,0,0,0,0,0,0,0
18.600000000000037,178,0,0,0,0,0,0,0,0,0,0
18.650000000000038,133,0,0,0,0,0,0,0,0,0,0
18.70000000000004,115,0,0,0,0,0,0,0,0,0,0
18.75000000000004,52,0,0,0,0,0,0,0,0,0,0
18.80000000000004,0,0,0,0,0,0,0,0,0,0,0
18.85000000000004,0,0,0,0,0,0,0,0,0,0,0
18.90000000000004,0,0,0,0,0,0,0,0,0,0,0
18.950000000000042,0,0,0,0,0,0,0,0,0,0,0
19.000000000000043,0,0,0,0,0,0,0,0,0,0,0
19.050000000000043,0,0,0,0,0,0,0,0,0,0,0
19.100000000000044,0,0,0,0,0,0,0,0,0,0,0
19.150000000000045,0,0,0,0,0,0,0,0,0,0,0
19.200000000000045,0,0,0,0,0,0,0,0,0,0,0
19.250000000000046,0,0,0,0,0,0,0,0,0,0,0
19.300000000000047,0,0,0,0,0,0,0,0,0,0,0
19.350000000000048,0,0,0,0,0,0,0,0,0,0,0
19.40000000000005,0,0,0,0,0,0,0,0,0,0,0
19.45000000000005,0,0,0,0,0,0,0,0,0,0,0
19.50000000000005,0,0,0,0,0,0,0,0,0,0,0
19.55000000000005,0,0,0,0,0,0,0,0,0,0,0
19.60000000000005,0,0,0,0,0,0,0,0,0,0,0
19.650000000000052,0,0,0,0,0,0,0,0,0,0,0
19.700000000000053,0,0,0,0,0,0,0,0,0,0,0
19.750000000000053,0,0,0,0,0,0,0,0,0,0,0
19.800000000000054,0,0,0,0,0,0,0,0,0,0,0
19.850000000000055,0,0,0,0,0,0,0,0,0,0,0
19.900000000000055,0,0,0,0,0,0,0,0,0,0,0
19.950000000000056,0,0,0,0,0,0,0,0,0,0,0
20.000000000000057,0,0,0,0,0,0,0,0,0,0,0
20.050000000000058,0,0,0,0,0,0,0,0,0,0,0
20.10000000000006,0,0,0,0,0,0,0,0,0,0,0
20.15000000000006,0,0,0,0,0,0,0,0,0,0,0
20.20000000000006,0,0,0,0,0,0,0,0,0,0,0
20.25000000000006,0,0,0,0,0,0,0,0,0,0,0
20.30000000000006,0,0,0,0,0,0,0,0,0,0,0
20.350000000000062,0,0,0,0,0,0,0,0,0,0,0
20.400000000000063,0,0,0,0,0,0,0,0,0,0,0
20.450000000000063,0,0,0,0,0,0,0,0,0,0,0
20.500000000000064,0,0,0,0,0,0,0,0,0,0,0
20.550000000000065,0,0,0,0,0,0,0,0,0,0,0
20.600000000000065,0,0,0,0,0,0,0,0,0,0,0
20.650000000000066,0,0,0,0,0,0,0,0,0,0,0
20.700000000000067,0,0,0,0,0,0,0,0,0,0,0
20.750000000000068,0,0,0,0,0,0,0,0,0,0,0
20.800000000000068,0,0,0,0,0,0,0,0,0,0,0
20.85000000000007,0,0,0,0,0,0,0,0,0,0,0
20.90000000000007,0,0,0,0,0,0,0,0,0,0,0
20.95000000000007,0,0,0,0,0,0,0,0,0,0,0
21.00000000000007,0,0,0,0,0,0,0,0,0,0,0
21.05000000000007,0,0,0,0,0,0,0,0,0,0,0
21.100000000000072,0,0,0,0,0,0,0,0,0,0,0
21.150000000000073,0,0,0,0,0,0,0,0,0,0,0
21.200000000000074,0,0,0,0,0,0,0,0,0,0,0
21.250000000000075,0,0,0,0,0,0,0,0,0,0,0
21.300000000000075,0,0,0,0,0,0,0,0,0,0,0
21.350000000000076,0,0,0,0,0,0,0,0,0,0,0
21.400000000000077,0,0,0,0,0,0,0,0,0,0,0
21.450000000000077,0,0,0,0,0,0,0,0,0,0,0
21.500000000000078,0,0,0,0,0,0,0,0,0,0,0
21.55000000000008,0,0,0,0,0,0,0,0,0,0,0
21.60000000000008,0,0,0,0,0,0,0,0,0,0,0
21.65000000000008,0,0,0,0,0,0,0,0,0,0,0
21.70000000000008,0,0,0,0,0,0,0,0,0,0,0
21.75000000000008,0,0,0,0,0,0,0,0,0,0,0
21.800000000000082,0,0,0,0,0,0,0,0,0,0,0
21.850000000000083,0,0,0,0,0,0,0,0,0,0,0
21.900000000000084,0,0,0,0,0,0,0,0,0,0,0
21.950000000000085,0,0,0,0,0,0,0,0,0,0,0
22.000000000000085,0,0,0,0,0,0,0,0,0,0,0
22.050000000000086,0,0,0,0,0,0,0,0,0,0,0
22.100000000000087,0,0,0,0,0,0,0,0,0,0,0
22.150000000000087,0,0,0,0,0,0,0,0,0,0,0
22.200000000000088,0,0,0,0,0,0,0,0,0,0,0
22.25000000000009,0,0,0,0,0,0,0,0,0,0,0
22.30000000000009,0,0,0,0,0,0,0,0,0,0,0
22.35000000000009,0,0,0,0,0,0,0,0,0,0,0
22.40000000000009,0,0,0,0,0,0,0,0,0,0,0
22.45000000000009,0,0,0,0,0,0,0,0,0,0,0
22.500000000000092,0,0,0,0,0,0,0,0,0,0,0
22.550000000000093,0,0,0,0,0,0,0,0,0,0,0
22.600000000000094,0,0,0,0,0,0,0,0,0,0,0
22.650000000000095,0,0,0,0,0,0,0,0,0,0,0
22.700000000000095,0,0,0,0,0,0,0,0,0,0,0
22.750000000000096,0,0,0,0,0,0,0,0,0,0,0
22.800000000000097,0,0,0,0,0,0,0,0,0,0,0
22.850000000000097,0,0,0,0,0,0,0,0,0,0,0
22.900000000000098,0,0,0,0,0,0,0,0,0,0,0
22.9500000000001,0,0,0,0,0,0,0,0,0,0,0
23.0000000000001,0,0,0,0,0,0,0,0,0,0,0
23.0500000000001,0,0,0,0,0,0,0,0,0,0,0
23.1000000000001,0,0,0,0,0,0,0,0,0,0,0
23.1500000000001,0,0,0,0,0,0,0,0,0,0,0
23.200000000000102,0,0,0,0,0,0,0,0,0,0,0
23.250000000000103,0,0,0,0,0,0,0,0,0,0,0
23.300000000000104,0,0,0,0,0,0,0,0,0,0,0
23.350000000000104,0,0,0,0,0,0,0,0,0,0,0
23.400000000000105,0,0,0,0,0,0,0,0,0,0,0
23.450000000000106,0,0,0,0,0,0,0,0,0,0,0
23.500000000000107,0,0,0,0,0,0,0,0,0,0,0
23.550000000000107,0,0,0,0,0,0,0,0,0,0,0
23.600000000000108,0,0,0,0,0,0,0,0,0,0,0
23.65000000000011,0,0,0,0,0,0,0,0,0,0,0
23.70000000000011,0,0,0,0,0,0,0,0,0,0,0
23.75000000000011,0,0,0,0,0,0,0,0,0,0,0
23.80000000000011,0,0,0,0,0,0,0,0,0,0,0
23.85000000000011,0,0,0,0,0,0,0,0,0,0,0
23.900000000000112,0,0,0,0,0,0,0,0,0,0,0
23.950000000000113,0,0,0,0,0,0,0,0,0,0,0
24.000000000000114,0,0,0,0,0,0,0,0,0,0,0
24.050000000000114,0,0,0,0,0,0,0,0,0,0,0
24.100000000000115,0,0,0,0,0,0,0,0,0,0,0
24.150000000000116,0,0,0,0,0,0,0,0,0,0,0
24.200000000000117,0,0,0,0,0,0,0,0,0,0,0
24.250000000000117,0,0,0,0,0,0,0,0,0,0,0
24.300000000000118,0,0,0,0,0,0,0,0,0,0,0
24.35000000000012,0,0,0,0,0,0,0,0,0,0,0
24.40000000000012,0,0,0,0,0,0,0,0,0,0,0
24.45000000000012,0,0,0,0,0,0,0,0,0,0,0
24.50000000000012,0,0,0,0,0,0,0,0,0,0,0
24.55000000000012,0,0,0,0,0,0,0,0,0,0,0
24.600000000000122,0,0,0,0,0,0,0,0,0,0,0
24.650000000000123,0,0,0,0,0,0,0,0,0,0,0
24.700000000000124,0,0,0,0,0,0,0,0,0,0,0
24.750000000000124,0,0,0,0,0,0,0,0,0,0,0
24.800000000000125,0,0,0,0,0,0,0,0,0,0,0
24.850000000000126,0,0,0,0,0,0,0,0,0,0,0
24.900000000000126,0,0,0,0,0,0,0,0,0,0,0
24.950000000000127,0,0,0,0,0,0,0,0,0,0,0
25.000000000000128,0,0,0,0,0,0,0,0,0,0,0
25.05000000000013,0,0,0,0,0,0,0,0,0,0,0
25.10000000000013,0,0,0,0,0,0,0,0,0,0,0
25.15000000000013,0,0,0,0,0,0,0,0,0,0,0
25.20000000000013,0,0,0,0,0,0,0,0,0,0,0
25.25000000000013,0,0,0,0,0,0,0,0,0,0,0
25.300000000000132,0,0,0,0,0,0,0,0,0,0,0
25.350000000000133,0,0,0,0,0,0,0,0,0,0,0
25.400000000000134,0,0,0,0,0,0,0,0,0,0,0
25.450000000000134,0,0,0,0,0,0,0,0,0,0,0
25.500000000000135,0,0,0,0,0,0,0,0,0,0,0
25.550000000000136,0,0,0,0,0,0,0,0,0,0,0
25.600000000000136,0,0,0,0,0,0,0,0,0,0,0
25.650000000000137,0,0,0,0,0,0,0,0,0,0,0
25.700000000000138,0,0,0,0,0,0,0,0,0,0,0
25.75000000000014,0,0,0,0,0,0,0,0,0,0,0
25.80000000000014,0,0,0,0,0,0,0,0,0,0,0
25.85000000000014,0,0,0,0,0,0,0,0,0,0,0
25.90000000000014,0,0,0,0,0,0,0,0,0,0,0
25.95000000000014,0,0,0,0,0,0,0,0,0,0,0
26.000000000000142,0,0,0,0,0,0,0,0,0,0,0
26.050000000000143,0,0,0,0,0,0,0,0,0,0,0
26.100000000000144,0,0,0,0,0,0,0,0,0,0,0
26.150000000000144,0,0,0,0,0,0,0,0,0,0,0
26.200000000000145,0,0,0,0,0,0,0,0,0,0,0
26.250000000000146,0,0,0,0,0,0,0,0,0,0,0
26.300000000000146,0,0,0,0,0,0,0,0,0,0,0
26.350000000000147,0,0,0,0,0,0,0,0,0,0,0
26.400000000000148,0,0,0,0,0,0,0,0,0,0,0
26.45000000000015,0,0,0,0,0,0,0,0,0,0,0
26.50000000000015,0,0,0,0,0,0,0,0,0,0,0
26.55000000000015,0,0,0,0,0,0,0,0,0,0,0
26.60000000000015,0,0,0,0,0,0,0,0,0,0,0
26.65000000000015,0,0,0,0,0,0,0,0,0,0,0
26.700000000000152,0,0,0,0,0,0,0,0,0,0,0
26.750000000000153,0,0,0,0,0,0,0,0,0,0,0
26.800000000000153,0,0,0,0,0,0,0,0,0,0,0
26.850000000000154,0,0,0,0,0,0,0,0,0,0,0
26.900000000000155,0,0,0,0,0,0,0,0,0,0,0
26.950000000000156,0,0,0,0,0,0,0,0,0,0,0
27.000000000000156,0,0,0,0,0,0,0,0,0,0,0
27.050000000000157,0,0,0,0,0,0,0,0,0,0,0
27.100000000000158,0,0,0,0,0,0,0,0,0,0,0
27.15000000000016,0,0,0,0,0,0,0,0,0,0,0
27.20000000000016,0,0,0,0,0,0,0,0,0,0,0
27.25000000000016,0,0,0,0,0,0,0,0,0,0,0
27.30000000000016,0,0,0,0,0,0,0,0,0,0,0
27.35000000000016,0,0,0,0,0,0,0,0,0,0,0
27.400000000000162,0,0,0,0,0,0,0,0,0,0,0
27.450000000000163,0,0,0,0,0,0,0,0,0,0,0
27.500000000000163,0,0,0,0,0,0,0,0,0,0,0
27.550000000000164,0,0,0,0,0,0,0,0,0,0,0
27.600000000000165,0,0,0,0,0,0,0,0,0,0,0
27.650000000000166,0,0,0,0,0,0,0,0,0,0,0
27.700000000000166,0,0,0,0,0,0,0,0,0,0,0
27.750000000000167,0,0,0,0,0,0,0,0,0,0,0
27.800000000000168,0,0,0,0,0,0,0,0,0,0,0
27.85000000000017,0,0,0,0,0,0,0,0,0,0,0
27.90000000000017,0,0,0,0,0,0,0,0,0,0,0
27.95000000000017,0,0,0,0,0,0,0,0,0,0,0
28.00000000000017,0,0,0,0,0,0,0,0,0,0,0
28.05000000000017,0,0,0,0,0,0,0,0,0,0,0
28.100000000000172,0,0,0,0,0,0,0,0,0,0,0
28.150000000000173,0,0,0,0,0,0,0,0,0,0,0
28.200000000000173,0,0,0,0,0,0,0,0,0,0,0
28.250000000000174,0,0,0,0,0,0,0,0,0,0,0
28.300000000000175,0,0,0,0,0,0,0,0,0,0,0
28.350000000000176,0,0,0,0,0,0,0,0,0,0,0
28.400000000000176,0,0,0,0,0,0,0,0,0,0,0
28.450000000000177,0,0,0,0,0,0,0,0,0,0,0
28.500000000000178,0,0,0,0,0,0,0,0,0,0,0
28.55000000000018,0,0,0,0,0,0,0,0,0,0,0
28.60000000000018,0,0,0,0,0,0,0,0,0,0,0
28.65000000000018,0,0,0,0,0,0,0,0,0,0,0
28.70000000000018,0,0,0,0,0,0,0,0,0,0,0
28.75000000000018,0,0,0,0,0,0,0,0,0,0,0
28.800000000000182,0,0,0,0,0,0,0,0,0,0,0
28.850000000000183,0,0,0,0,0,0,0,0,0,0,0
28.900000000000183,0,0,0,0,0,0,0,0,0,0,0
28.950000000000184,0,0,0,0,0,0,0,0,0,0,0
29.000000000000185,0,0,0,0,0,0,0,0,0,0,0
29.050000000000185,0,0,0,0,0,0,0,0,0,0,0
29.100000000000186,0,0,0,0,0,0,0,0,0,0,0
29.150000000000187,0,0,0,0,0,0,0,0,0,0,0
29.200000000000188,0,0,0,0,0,0,0,0,0,0,0
29.25000000000019,0,0,0,0,0,0,0,0,0,0,0
29.30000000000019,0,0,0,0,0,0,0,0,0,0,0
29.35000000000019,0,0,0,0,0,0,0,0,0,0,0
29.40000000000019,0,0,0,0,0,0,0,0,0,0,0
29.45000000000019,0,0,0,0,0,0,0,0,0,0,0
29.500000000000192,0,0,0,0,0,0,0,0,0,0,0
29.550000000000193,0,0,0,0,0,0,0,0,0,0,0
29.600000000000193,0,0,0,0,0,0,0,0,0,0,0
29.650000000000194,0,0,0,0,0,0,0,0,0,0,0
29.700000000000195,0,0,0,0,0,0,0,0,0,0,0
29.750000000000195,0,0,0,0,0,0,0,0,0,0,0
29.800000000000196,0,0,0,0,0,0,0,0,0,0,0
29.850000000000197,0,0,0,0,0,0,0,0,0,0,0
29.900000000000198,0,0,0,0,0,0,0,0,0,0,0
29.9500000000002,0,0,0,0,0,0,0,0,0,0,0
30.0000000000002,0,0,0,0,0,0,0,0,0,0,0
30.0500000000002,0,0,0,0,0,0,0,0,0,0,0
30.1000000000002,0,0,0,0,0,0,0,0,0,0,0
30.1500000000002,0,0,0,0,0,0,0,0,0,0,0
30.200000000000202,0,0,0,0,0,0,0,0,0,0,0
30.250000000000203,0,0,0,0,0,0,0,0,0,0,0
30.300000000000203,0,0,0,0,0,0,0,0,0,0,0
30.350000000000204,0,0,0,0,0,0,0,0,0,0,0
30.400000000000205,0,0,0,0,0,0,0,0,0,0,0
30.450000000000205,0,0,0,0,0,0,0,0,0,0,0
30.500000000000206,0,0,0,0,0,0,0,0,0,0,0
30.550000000000207,0,0,0,0,0,0,0,0,0,0,0
30.600000000000207,0,0,0,0,0,0,0,0,0,0,0
30.650000000000208,0,0,0,0,0,0,0,0,0,0,0
30.70000000000021,0,0,0,0,0,0,0,0,0,0,0
30.75000000000021,0,0,0,0,0,0,0,0,0,0,0
30.80000000000021,0,0,0,0,0,0,0,0,0,0,0
30.85000000000021,0,0,0,0,0,0,0,0,0,0,0
30.90000000000021,0,0,0,0,0,0,0,0,0,0,0
30.950000000000212,0,0,0,0,0,0,0,0,0,0,0
31.000000000000213,0,0,0,0,0,0,0,0,0,0,0
31.050000000000214,0,0,0,0,0,0,0,0,0,0,0
31.100000000000215,0,0,0,0,0,0,0,0,0,0,0
31.150000000000215,0,0,0,0,0,0,0,0,0,0,0
31.200000000000216,0,0,0,0,0,0,0,0,0,0,0
31.250000000000217,0,0,0,0,0,0,0,0,0,0,0
31.300000000000217,0,0,0,0,0,0,0,0,0,0,0
31.350000000000218,0,0,0,0,0,0,0,0,0,0,0
31.40000000000022,0,0,0,0,0,0,0,0,0,0,0
31.45000000000022,0,0,0,0,0,0,0,0,0,0,0
31.50000000000022,0,0,0,0,0,0,0,0,0,0,0
31.55000000000022,0,0,0,0,0,0,0,0,0,0,0
31.60000000000022,0,0,0,0,0,0,0,0,0,0,0
31.650000000000222,0,0,0,0,0,0,0,0,0,0,0
31.700000000000223,0,0,0,0,0,0,0,0,0,0,0
31.750000000000224,0,0,0,0,0,0,0,0,0,0,0
31.800000000000225,0,0,0,0,0,0,0,0,0,0,0
31.850000000000225,0,0,0,0,0,0,0,0,0,0,0
31.900000000000226,0,0,0,0,0,0,0,0,0,0,0
31.950000000000227,0,0,0,0,0,0,0,0,0,0,0
*****
16,0.05,1000,0.6,1,10,100,0.65,1.0,0.65,1.0,0.1
16,1000,0,2,48,2,0,0,0,0,0,0
16.05,1075,0,2,63,2,0,0,0,0,0,0
16.1,1019,0,2,72,2,0,0,0,0,0,0
16.150000000000002,1065,0,1,102,1,0,0,0,0,0,0
16.200000000000003,1036,1,2,114,2,0,0,0,0,0,0
16.250000000000004,1025,0,1,147,1,0,0,0,0,0,0
16.300000000000004,1123,1,0,209,0,0,0,0,0,0,0
16.350000000000005,1000,0,1,175,1,0,0,0,0,0,0
16.400000000000006,1062,0,1,186,1,0,0,0,0,0,0
16.450000000000006,1022,0,0,223,0,0,0,0,0,0,0
16.500000000000007,988,0,1,233,1,0,0,0,0,0,0
16.550000000000008,1036,0,2,270,2,0,0,0,0,0,0
16.60000000000001,999,0,1,290,1,0,0,0,0,0,0
16.65000000000001,998,0,0,264,0,0,0,0,0,0,0
16.70000000000001,1016,0,0,241,0,0,0,0,0,0,0
16.75000000000001,1054,0,3,181,3,0,0,0,0,0,0
16.80000000000001,1029,0,3,95,3,0,0,0,0,0,0
16.850000000000012,1066,0,0,83,0,0,0,0,0,0,0
16.900000000000013,1095,0,0,41,0,0,0,0,0,0,0
16.950000000000014,983,0,0,29,0,0,0,0,0,0,0
17.000000000000014,1056,0,0,27,0,0,0,0,0,0,0
17.050000000000015,1027,0,1,26,1,0,0,0,0,0,0
17.100000000000016,1045,0,0,24,0,0,0,0,0,0,0
17.150000000000016,1005,0,0,17,0,0,0,0,0,0,0
17.200000000000017,991,0,1,8,1,0,0,0,0,0,0
17.250000000000018,1036,0,0,3,0,0,0,0,0,0,0
17.30000000000002,1022,0,0,8,0,0,0,0,0,0,0
17.35000000000002,1048,0,0,2,0,0,0,0,0,0,0
17.40000000000002,1029,0,0,2,0,0,0,0,0,0,0
17.45000000000002,1017,0,0,1,0,0,0,0,0,0,0
17.50000000000002,988,0,0,0,0,0,0,0,0,0,0
17.550000000000022,1065,0,0,1,0,0,0,0,0,0,0
17.600000000000023,1014,0,0,1,0,0,0,0,0,0,0
17.650000000000023,991,0,0,0,0,0,0,0,0,0,0
17.700000000000024,1012,0,0,0,0,0,0,0,0,0,0
17.750000000000025,960,0,0,0,0,0,0,0,0,0,0
17.800000000000026,1019,0,0,0,0,0,0,0,0,0,0
17.850000000000026,1008,0,0,0,0,0,0,0,0,0,0
17.900000000000027,881,0,0,0,0,0,0,0,0,0,0
17.950000000000028,893,0,0,0,0,0,0,0,0,0,0
18.00000000000003,876,0,0,0,0,0,0,0,0,0,0
18.05000000000003,869,0,0,0,0,0,0,0,0,0,0
18.10000000000003,771,0,0,0,0,0,0,0,0,0,0
18.15000000000003,712,0,0,0,0,0,0,0,0,0,0
18.20000000000003,716,0,0,0,0,0,0,0,0,0,0
18.250000000000032,696,0,0,0,0,0,0,0,0,0,0
18.300000000000033,624,0,0,0,0,0,0,0,0,0,0
18.350000000000033,492,0,0,0,0,0,0,0,0,0,0
18.400000000000034,382,0,0,0,0,0,0,0,0,0,0
18.450000000000035,317,0,0,0,0,0,0,0,0,0,0
18.500000000000036,234,0,0,0,0,0,0,0,0,0,0
18.550000000000036,179,0,0,0,0,0,0,0,0,0,0
18.600000000000037,62,0,0,0,0,0,0,0,0,0,0
18.650000000000038,0,0,0,0,0,0,0,0,0,0,0
18.70000000000004,0,0,0,0,0,0,0,0,0,0,0
18.75000000000004,0,0,0,0,0,0,0,0,0,0,0
18.80000000000004,0,0,0,0,0,0,0,0,0,0,0
18.85000000000004,0,0,0,0,0,0,0,0,0,0,0
18.90000000000004,0,0,0,0,0,0,0,0,0,0,0
18.950000000000042,0,0,0,0,0,0,0,0,0,0,0
19.000000000000043,0,0,0,0,0,0,0,0,0,0,0
19.050000000000043,0,0,0,0,0,0,0,0,0,0,0
19.100000000000044,0,0,0,0,0,0,0,0,0,0,0
19.150000000000045,0,0,0,0,0,0,0,0,0,0,0
19.200000000000045,0,0,0,0,0,0,0,0,0,0,0
19.250000000000046,0,0,0,0,0,0,0,0,0,0,0
19.300000000000047,0,0,0,0,0,0,0,0,0,0,0
19.350000000000048,0,0,0,0,0,0,0,0,0,0,0
19.40000000000005,0,0,0,0,0,0,0,0,0,0,0
19.45000000000005,0,0,0,0,0,0,0,0,0,0,0
19.50000000000005,0,0,0,0,0,0,0,0,0,0,0
19.55000000000005,0,0,0,0,0,0,0,0,0,0,0
19.60000000000005,0,0,0,0,0,0,0,0,0,0,0
19.650000000000052,0,0,0,0,0,0,0,0,0,0,0
19.700000000000053,0,0,0,0,0,0,0,0,0,0,0
19.750000000000053,0,0,0,0,0,0,0,0,0,0,0
19.800000000000054,0,0,0,0,0,0,0,0,0,0,0
19.850000000000055,0,0,0,0,0,0,0,0,0,0,0
19.900000000000055,0,0,0,0,0,0,0,0,0,0,0
19.950000000000056,0,0,0,0,0,0,0,0,0,0,0
20.000000000000057,0,0,0,0,0,0,0,0,0,0,0
20.050000000000058,0,0,0,0,0,0,0,0,0,0,0
20.10000000000006,0,0,0,0,0,0,0,0,0,0,0
20.15000000000006,0,0,0,0,0,0,0,0,0,0,0
20.20000000000006,0,0,0,0,0,0,0,0,0,0,0
20.25000000000006,0,0,0,0,0,0,0,0,0,0,0
20.30000000000006,0,0,0,0,0,0,0,0,0,0,0
20.350000000000062,0,0,0,0,0,0,0,0,0,0,0
20.400000000000063,0,0,0,0,0,0,0,0,0,0,0
20.450000000000063,0,0,0,0,0,0,0,0,0,0,0
20.500000000000064,0,0,0,0,0,0,0,0,0,0,0
20.550000000000065,0,0,0,0,0,0,0,0,0,0,0
20.600000000000065,0,0,0,0,0,0,0,0,0,0,0
20.650000000000066,0,0,0,0,0,0,0,0,0,0,0
20.700000000000067,0,0,0,0,0,0,0,0,0,0,0
20.750000000000068,0,0,0,0,0,0,0,0,0,0,0
20.800000000000068,0,0,0,0,0,0,0,0,0,0,0
20.85000000000007,0,0,0,0,0,0,0,0,0,0,0
20.90000000000007,0,0,0,0,0,0,0,0,0,0,0
20.95000000000007,0,0,0,0,0,0,0,0,0,0,0
21.00000000000007,0,0,0,0,0,0,0,0,0,0,0
21.05000000000007,0,0,0,0,0,0,0,0,0,0,0
21.100000000000072,0,0,0,0,0,0,0,0,0,0,0
21.150000000000073,0,0,0,0,0,0,0,0,0,0,0
21.200000000000074,0,0,0,0,0,0,0,0,0,0,0
21.250000000000075,0,0,0,0,0,0,0,0,0,0,0
21.300000000000075,0,0,0,0,0,0,0,0,0,0,0
21.350000000000076,0,0,0,0,0,0,0,0,0,0,0
21.400000000000077,0,0,0,0,0,0,0,0,0,0,0
21.450000000000077,0,0,0,0,0,0,0,0,0,0,0
21.500000000000078,0,0,0,0,0,0,0,0,0,0,0
21.55000000000008,0,0,0,0,0,0,0,0,0,0,0
21.60000000000008,0,0,0,0,0,0,0,0,0,0,0
21.65000000000008,0,0,0,0,0,0,0,0,0,0,0
21.70000000000008,0,0,0,0,0,0,0,0,0,0,0
21.75000000000008,0,0,0,0,0,0,0,0,0,0,0
21.800000000000082,0,0,0,0,0,0,0,0,0,0,0
21.850000000000083,0,0,0,0,0,0,0,0,0,0,0
21.900000000000084,0,0,0,0,0,0,0,0,0,0,0
21.950000000000085,0,0,0,0,0,0,0,0,0,0,0
22.000000000000085,0,0,0,0,0,0,0,0,0,0,0
22.050000000000086,0,0,0,0,0,0,0,0,0,0,0
22.100000000000087,0,0,0,0,0,0,0,0,0,0,0
22.150000000000087,0,0,0,0,0,0,0,0,0,0,0
22.200000000000088,0,0,0,0,0,0,0,0,0,0,0
22.25000000000009,0,0,0,0,0,0,0,0,0,0,0
22.30000000000009,0,0,0,0,0,0,0,0,0,0,0
22.35000000000009,0,0,0,0,0,0,0,0,0,0,0
22.40000000000009,0,0,0,0,0,0,0,0,0,0,0
22.45000000000009,0,0,0,0,0,0,0,0,0,0,0
22.500000000000092,0,0,0,0,0,0,0,0,0,0,0
22.550000000000093,0,0,0,0,0,0,0,0,0,0,0
22.600000000000094,0,0,0,0,0,0,0,0,0,0,0
22.650000000000095,0,0,0,0,0,0,0,0,0,0,0
22.700000000000095,0,0,0,0,0,0,0,0,0,0,0
22.750000000000096,0,0,0,0,0,0,0,0,0,0,0
22.800000000000097,0,0,0,0,0,0,0,0,0,0,0
22.850000000000097,0,0,0,0,0,0,0,0,0,0,0
22.900000000000098,0,0,0,0,0,0,0,0,0,0,0
22.9500000000001,0,0,0,0,0,0,0,0,0,0,0
23.0000000000001,0,0,0,0,0,0,0,0,0,0,0
23.0500000000001,0,0,0,0,0,0,0,0,0,0,0
23.1000000000001,0,0,0,0,0,0,0,0,0,0,0
23.1500000000001,0,0,0,0,0,0,0,0,0,0,0
23.200000000000102,0,0,0,0,0,0,0,0,0,0,0
23.250000000000103,0,0,0,0,0,0,0,0,0,0,0
23.300000000000104,0,0,0,0,0,0,0,0,0,0,0
23.350000000000104,0,0,0,0,0,0,0,0,0,0,0
23.400000000000105,0,0,0,0,0,0,0,0,0,0,0
23.450000000000106,0,0,0,0,0,0,0,0,0,0,0
23.500000000000107,0,0,0,0,0,0,0,0,0,0,0
23.550000000000107,0,0,0,0,0,0,0,0,0,0,0
23.600000000000108,0,0,0,0,0,0,0,0,0,0,0
23.65000000000011,0,0,0,0,0,0,0,0,0,0,0
23.70000000000011,0,0,0,0,0,0,0,0,0,0,0
23.75000000000011,0,0,0,0,0,0,0,0,0,0,0
23.80000000000011,0,0,0,0,0,0,0,0,0,0,0
23.85000000000011,0,0,0,0,0,0,0,0,0,0,0
23.900000000000112,0,0,0,0,0,0,0,0,0,0,0
23.950000000000113,0,0,0,0,0,0,0,0,0,0,0
24.000000000000114,0,0,0,0,0,0,0,0,0,0,0
24.050000000000114,0,0,0,0,0,0,0,0,0,0,0
24.100000000000115,0,0,0,0,0,0,0,0,0,0,0
24.150000000000116,0,0,0,0,0,0,0,0,0,0,0
24.200000000000117,0,0,0,0,0,0,0,0,0,0,0
24.250000000000117,0,0,0,0,0,0,0,0,0,0,0
24.300000000000118,0,0,0,0,0,0,0,0,0,0,0
24.35000000000012,0,0,0,0,0,0,0,0,0,0,0
24.40000000000012,0,0,0,0,0,0,0,0,0,0,0
24.45000000000012,0,0,0,0,0,0,0,0,0,0,0
24.50000000000012,0,0,0,0,0,0,0,0,0,0,0
24.55000000000012,0,0,0,0,0,0,0,0,0,0,0
24.600000000000122,0,0,0,0,0,0,0,0,0,0,0
24.650000000000123,0,0,0,0,0,0,0,0,0,0,0
24.700000000000124,0,0,0,0,0,0,0,0,0,0,0
24.750000000000124,0,0,0,0,0,0,0,0,0,0,0
24.800000000000125,0,0,0,0,0,0,0,0,0,0,0
24.850000000000126,0,0,0,0,0,0,0,0,0,0,0
24.900000000000126,0,0,0,0,0,0,0,0,0,0,0
24.950000000000127,0,0,0,0,0,0,0,0,0,0,0
25.000000000000128,0,0,0,0,0,0,0,0,0,0,0
25.05000000000013,0,0,0,0,0,0,0,0,0,0,0
25.10000000000013,0,0,0,0,0,0,0,0,0,0,0
25.15000000000013,0,0,0,0,0,0,0,0,0,0,0
25.20000000000013,0,0,0,0,0,0,0,0,0,0,0
25.25000000000013,0,0,0,0,0,0,0,0,0,0,0
25.300000000000132,0,0,0,0,0,0,0,0,0,0,0
25.350000000000133,0,0,0,0,0,0,0,0,0,0,0
25.400000000000134,0,0,0,0,0,0,0,0,0,0,0
25.450000000000134,0,0,0,0,0,0,0,0,0,0,0
25.500000000000135,0,0,0,0,0,0,0,0,0,0,0
25.550000000000136,0,0,0,0,0,0,0,0,0,0,0
25.600000000000136,0,0,0,0,0,0,0,0,0,0,0
25.650000000000137,0,0,0,0,0,0,0,0,0,0,0
25.700000000000138,0,0,0,0,0,0,0,0,0,0,0
25.75000000000014,0,0,0,0,0,0,0,0,0,0,0
25.80000000000014,0,0,0,0,0,0,0,0,0,0,0
25.85000000000014,0,0,0,0,0,0,0,0,0,0,0
25.90000000000014,0,0,0,0,0,0,0,0,0,0,0
25.95000000000014,0,0,0,0,0,0,0,0,0,0,0
26.000000000000142,0,0,0,0,0,0,0,0,0,0,0
26.050000000000143,0,0,0,0,0,0,0,0,0,0,0
26.100000000000144,0,0,0,0,0,0,0,0,0,0,0
26.150000000000144,0,0,0,0,0,0,0,0,0,0,0
26.200000000000145,0,0,0,0,0,0,0,0,0,0,0
26.250000000000146,0,0,0,0,0,0,0,0,0,0,0
26.300000000000146,0,0,0,0,0,0,0,0,0,0,0
26.350000000000147,0,0,0,0,0,0,0,0,0,0,0
26.400000000000148,0,0,0,0,0,0,0,0,0,0,0
26.45000000000015,0,0,0,0,0,0,0,0,0,0,0
26.50000000000015,0,0,0,0,0,0,0,0,0,0,0
26.55000000000015,0,0,0,0,0,0,0,0,0,0,0
26.60000000000015,0,0,0,0,0,0,0,0,0,0,0
26.65000000000015,0,0,0,0,0,0,0,0,0,0,0
26.700000000000152,0,0,0,0,0,0,0,0,0,0,0
26.750000000000153,0,0,0,0,0,0,0,0,0,0,0
26.800000000000153,0,0,0,0,0,0,0,0,0,0,0
26.850000000000154,0,0,0,0,0,0,0,0,0,0,0
26.900000000000155,0,0,0,0,0,0,0,0,0,0,0
26.950000000000156,0,0,0,0,0,0,0,0,0,0,0
27.000000000000156,0,0,0,0,0,0,0,0,0,0,0
27.050000000000157,0,0,0,0,0,0,0,0,0,0,0
27.100000000000158,0,0,0,0,0,0,0,0,0,0,0
27.15000000000016,0,0,0,0,0,0,0,0,0,0,0
27.20000000000016,0,0,0,0,0,0,0,0,0,0,0
27.25000000000016,0,0,0,0,0,0,0,0,0,0,0
27.30000000000016,0,0,0,0,0,0,0,0,0,0,0
27.35000000000016,0,0,0,0,0,0,0,0,0,0,0
27.400000000000162,0,0,0,0,0,0,0,0,0,0,0
27.450000000000163,0,0,0,0,0,0,0,0,0,0,0
27.500000000000163,0,0,0,0,0,0,0,0,0,0,0
27.550000000000164,0,0,0,0,0,0,0,0,0,0,0
27.600000000000165,0,0,0,0,0,0,0,0,0,0,0
27.650000000000166,0,0,0,0,0,0,0,0,0,0,0
27.700000000000166,0,0,0,0,0,0,0,0,0,0,0
27.750000000000167,0,0,0,0,0,0,0,0,0,0,0
27.800000000000168,0,0,0,0,0,0,0,0,0,0,0
27.85000000000017,0,0,0,0,0,0,0,0,0,0,0
27.90000000000017,0,0,0,0,0,0,0,0,0,0,0
27.95000000000017,0,0,0,0,0,0,0,0,0,0,0
28.00000000000017,0,0,0,0,0,0,0,0,0,0,0
28.05000000000017,0,0,0,0,0,0,0,0,0,0,0
28.100000000000172,0,0,0,0,0,0,0,0,0,0,0
28.150000000000173,0,0,0,0,0,0,0,0,0,0,0
28.200000000000173,0,0,0,0,0,0,0,0,0,0,0
28.250000000000174,0,0,0,0,0,0,0,0,0,0,0
28.300000000000175,0,0,0,0,0,0,0,0,0,0,0
28.350000000000176,0,0,0,0,0,0,0,0,0,0,0
28.400000000000176,0,0,0,0,0,0,0,0,0,0,0
28.450000000000177,0,0,0,0,0,0,0,0,0,0,0
28.500000000000178,0,0,0,0,0,0,0,0,0,0,0
28.55000000000018,0,0,0,0,0,0,0,0,0,0,0
28.60000000000018,0,0,0,0,0,0,0,0,0,0,0
28.65000000000018,0,0,0,0,0,0,0,0,0,0,0
28.70000000000018,0,0,0,0,0,0,0,0,0,0,0
28.75000000000018,0,0,0,0,0,0,0,0,0,0,0
28.800000000000182,0,0,0,0,0,0,0,0,0,0,0
28.850000000000183,0,0,0,0,0,0,0,0,0,0,0
28.900000000000183,0,0,0,0,0,0,0,0,0,0,0
28.950000000000184,0,0,0,0,0,0,0,0,0,0,0
29.000000000000185,0,0,0,0,0,0,0,0,0,0,0
29.050000000000185,0,0,0,0,0,0,0,0,0,0,0
29.100000000000186,0,0,0,0,0,0,0,0,0,0,0
29.150000000000187,0,0,0,0,0,0,0,0,0,0,0
29.200000000000188,0,0,0,0,0,0,0,0,0,0,0
29.25000000000019,0,0,0,0,0,0,0,0,0,0,0
29.30000000000019,0,0,0,0,0,0,0,0,0,0,0
29.35000000000019,0,0,0,0,0,0,0,0,0,0,0
29.40000000000019,0,0,0,0,0,0,0,0,0,0,0
29.45000000000019,0,0,0,0,0,0,0,0,0,0,0
29.500000000000192,0,0,0,0,0,0,0,0,0,0,0
29.550000000000193,0,0,0,0,0,0,0,0,0,0,0
29.600000000000193,0,0,0,0,0,0,0,0,0,0,0
29.650000000000194,0,0,0,0,0,0,0,0,0,0,0
29.700000000000195,0,0,0,0,0,0,0,0,0,0,0
29.750000000000195,0,0,0,0,0,0,0,0,0,0,0
29.800000000000196,0,0,0,0,0,0,0,0,0,0,0
29.850000000000197,0,0,0,0,0,0,0,0,0,0,0
29.900000000000198,0,0,0,0,0,0,0,0,0,0,0
29.9500000000002,0,0,0,0,0,0,0,0,0,0,0
30.0000000000002,0,0,0,0,0,0,0,0,0,0,0
30.0500000000002,0,0,0,0,0,0,0,0,0,0,0
30.1000000000002,0,0,0,0,0,0,0,0,0,0,0
30.1500000000002,0,0,0,0,0,0,0,0,0,0,0
30.200000000000202,0,0,0,0,0,0,0,0,0,0,0
30.250000000000203,0,0,0,0,0,0,0,0,0,0,0
30.300000000000203,0,0,0,0,0,0,0,0,0,0,0
30.350000000000204,0,0,0,0,0,0,0,0,0,0,0
30.400000000000205,0,0,0,0,0,0,0,0,0,0,0
30.450000000000205,0,0,0,0,0,0,0,0,0,0,0
30.500000000000206,0,0,0,0,0,0,0,0,0,0,0
30.550000000000207,0,0,0,0,0,0,0,0,0,0,0
30.600000000000207,0,0,0,0,0,0,0,0,0,0,0
30.650000000000208,0,0,0,0,0,0,0,0,0,0,0
30.70000000000021,0,0,0,0,0,0,0,0,0,0,0
30.75000000000021,0,0,0,0,0,0,0,0,0,0,0
30.80000000000021,0,0,0,0,0,0,0,0,0,0,0
30.85000000000021,0,0,0,0,0,0,0,0,0,0,0
30.90000000000021,0,0,0,0,0,0,0,0,0,0,0
30.950000000000212,0,0,0,0,0,0,0,0,0,0,0
31.000000000000213,0,0,0,0,0,0,0,0,0,0,0
31.050000000000214,0,0,0,0,0,0,0,0,0,0,0
31.100000000000215,0,0,0,0,0,0,0,0,0,0,0
31.150000000000215,0,0,0,0,0,0,0,0,0,0,0
31.200000000000216,0,0,0,0,0,0,0,0,0,0,0
31.250000000000217,0,0,0,0,0,0,0,0,0,0,0
31.300000000000217,0,0,0,0,0,0,0,0,0,0,0
31.350000000000218,0,0,0,0,0,0,0,0,0,0,0
31.40000000000022,0,0,0,0,0,0,0,0,0,0,0
31.45000000000022,0,0,0,0,0,0,0,0,0,0,0
31.50000000000022,0,0,0,0,0,0,0,0,0,0,0
31.55000000000022,0,0,0,0,0,0,0,0,0,0,0
31.60000000000022,0,0,0,0,0,0,0,0,0,0,0
31.650000000000222,0,0,0,0,0,0,0,0,0,0,0
31.700000000000223,0,0,0,0,0,0,0,0,0,0,0
31.750000000000224,0,0,0,0,0,0,0,0,0,0,0
31.800000000000225,0,0,0,0,0,0,0,0,0,0,0
31.850000000000225,0,0,0,0,0,0,0,0,0,0,0
31.900000000000226,0,0,0,0,0,0,0,0,0,0,0
31.950000000000227,0,0,0,0,0,0,0,0,0,0,0
