*****
16,0.05,1000,0,1,10,100,0.75,1.0,0.75,1.0,0.01
16,1000,1000,1000,928,1000,0,0,0,0,0,0
16.05,1025,1025,1025,962,1025,0,0,0,0,0,0
16.1,988,988,988,925,988,0,0,0,0,0,0
16.150000000000002,1045,1045,1045,978,1045,0,0,0,0,0,0
16.200000000000003,1036,1036,1036,982,1036,0,0,0,0,0,0
16.250000000000004,1046,1046,1046,998,1046,0,0,0,0,0,0
16.300000000000004,1001,1001,1001,943,1001,0,0,0,0,0,0
16.350000000000005,1015,1015,1015,962,1015,0,0,0,0,0,0
16.400000000000006,940,940,940,882,940,0,0,0,0,0,0
16.450000000000006,995,995,995,927,995,0,0,0,0,0,0
16.500000000000007,1026,1026,1026,970,1026,0,0,0,0,0,0
16.550000000000008,1050,1050,1050,986,1050,0,0,0,0,0,0
16.60000000000001,1064,1062,1064,982,1064,0,0,0,0,0,0
16.65000000000001,1061,1060,1060,973,1060,0,0,0,0,0,0
16.70000000000001,1024,1018,1020,936,1020,0,0,0,0,0,0
16.75000000000001,972,970,971,863,971,0,0,0,0,0,0
16.80000000000001,1012,1005,1008,880,1008,0,0,0,0,0,0
16.850000000000012,1029,1024,1027,889,1027,0,0,0,0,0,0
16.900000000000013,988,978,982,823,982,0,0,0,0,0,0
16.950000000000014,1062,1044,1048,853,1048,0,0,0,0,0,0
17.000000000000014,1035,1010,1016,837,1016,0,0,0,0,0,0
17.050000000000015,996,978,985,778,985,0,0,0,0,0,0
17.100000000000016,995,968,979,759,979,0,0,0,0,0,0
17.150000000000016,1080,1032,1048,757,1048,0,0,0,0,0,0
17.200000000000017,989,920,939,675,939,0,0,0,0,0,0
17.250000000000018,952,881,908,618,908,0,0,0,0,0,0
17.30000000000002,1000,908,936,628,936,0,0,0,0,0,0
17.35000000000002,1008,880,912,610,912,0,0,0,0,0,0
17.40000000000002,1026,873,922,572,922,0,0,0,0,0,0
17.45000000000002,1058,871,919,533,919,0,0,0,0,0,0
17.50000000000002,1055,834,893,562,893,0,0,0,0,0,0
17.550000000000022,1053,786,842,496,842,0,0,0,0,0,0
17.600000000000023,1066,781,841,480,841,0,0,0,0,0,0
17.650000000000023,1035,737,795,462,795,0,0,0,0,0,0
17.700000000000024,1009,691,747,398,747,0,0,0,0,0,0
17.750000000000025,1018,630,691,382,691,0,0,0,0,0,0
17.800000000000026,1077,585,655,379,655,0,0,0,0,0,0
17.850000000000026,947,516,581,314,581,0,0,0,0,0,0
17.900000000000027,1003,483,532,308,532,0,0,0,0,0,0
17.950000000000028,1045,485,554,291,554,0,0,0,0,0,0
18.00000000000003,1037,417,470,258,470,0,0,0,0,0,0
18.05000000000003,1018,373,439,252,439,0,0,0,0,0,0
18.10000000000003,1046,366,438,236,438,0,0,0,0,0,0
18.15000000000003,1045,330,380,220,380,0,0,0,0,0,0
18.20000000000003,1010,274,322,196,322,0,0,0,0,0,0
18.250000000000032,1022,228,272,146,272,0,0,0,0,0,0
18.300000000000033,1008,202,252,148,252,0,0,0,0,0,0
18.350000000000033,1008,166,207,144,207,0,0,0,0,0,0
18.400000000000034,991,157,195,106,195,0,0,0,0,0,0
18.450000000000035,1065,143,177,123,177,0,0,0,0,0,0
18.500000000000036,977,115,149,81,149,0,0,0,0,0,0
18.550000000000036,1033,105,136,97,136,0,0,0,0,0,0
18.600000000000037,1019,88,110,86,110,0,0,0,0,0,0
18.650000000000038,990,65,86,63,86,0,0,0,0,0,0
18.70000000000004,1001,49,61,60,61,0,0,0,0,0,0
18.75000000000004,1082,48,61,55,61,0,0,0,0,0,0
18.80000000000004,1003,37,57,49,57,0,0,0,0,0,0
18.85000000000004,1047,31,44,32,44,0,0,0,0,0,0
18.90000000000004,1041,26,40,43,40,0,0,0,0,0,0
18.950000000000042,985,16,19,41,19,0,0,0,0,0,0
19.000000000000043,944,16,27,25,27,0,0,0,0,0,0
19.050000000000043,996,11,19,24,19,0,0,0,0,0,0
19.100000000000044,970,10,12,15,12,0,0,0,0,0,0
19.150000000000045,991,6,10,13,10,0,0,0,0,0,0
19.200000000000045,974,8,14,15,14,0,0,0,0,0,0
19.250000000000046,1041,6,9,9,9,0,0,0,0,0,0
19.300000000000047,974,3,6,9,6,0,0,0,0,0,0
19.350000000000048,951,5,7,8,7,0,0,0,0,0,0
19.40000000000005,1010,3,6,7,6,0,0,0,0,0,0
19.45000000000005,970,3,7,6,7,0,0,0,0,0,0
19.50000000000005,1021,1,1,2,1,0,0,0,0,0,0
19.55000000000005,991,0,0,7,0,0,0,0,0,0,0
19.60000000000005,947,2,2,3,2,0,0,0,0,0,0
19.650000000000052,973,2,2,5,2,0,0,0,0,0,0
19.700000000000053,919,1,2,1,2,0,0,0,0,0,0
19.750000000000053,865,0,0,0,0,0,0,0,0,0,0
19.800000000000054,905,0,0,0,0,0,0,0,0,0,0
19.850000000000055,787,0,0,1,0,0,0,0,0,0,0
19.900000000000055,792,0,0,1,0,0,0,0,0,0,0
19.950000000000056,715,0,0,1,0,0,0,0,0,0,0
20.000000000000057,644,0,0,0,0,0,0,0,0,0,0
20.050000000000058,552,0,0,0,0,0,0,0,0,0,0
20.10000000000006,544,0,0,0,0,0,0,0,0,0,0
20.15000000000006,506,0,1,0,1,0,0,0,0,0,0
20.20000000000006,522,0,1,1,1,0,0,0,0,0,0
20.25000000000006,490,0,0,0,0,0,0,0,0,0,0
20.30000000000006,445,0,0,0,0,0,0,0,0,0,0
20.350000000000062,392,0,0,0,0,0,0,0,0,0,0
20.400000000000063,315,0,0,0,0,0,0,0,0,0,0
20.450000000000063,319,0,0,0,0,0,0,0,0,0,0
20.500000000000064,220,0,0,0,0,0,0,0,0,0,0
20.550000000000065,193,0,0,0,0,0,0,0,0,0,0
20.600000000000065,184,0,0,0,0,0,0,0,0,0,0
20.650000000000066,123,0,0,0,0,0,0,0,0,0,0
20.700000000000067,67,0,0,0,0,0,0,0,0,0,0
20.750000000000068,63,0,0,0,0,0,0,0,0,0,0
20.800000000000068,61,0,0,0,0,0,0,0,0,0,0
20.85000000000007,51,0,0,0,0,0,0,0,0,0,0
20.90000000000007,52,0,0,0,0,0,0,0,0,0,0
20.95000000000007,55,0,0,0,0,0,0,0,0,0,0
21.00000000000007,48,0,0,0,0,0,0,0,0,0,0
21.05000000000007,45,0,0,0,0,0,0,0,0,0,0
21.100000000000072,54,0,0,0,0,0,0,0,0,0,0
21.150000000000073,25,0,0,0,0,0,0,0,0,0,0
21.200000000000074,10,0,0,0,0,0,0,0,0,0,0
21.250000000000075,0,0,0,0,0,0,0,0,0,0,0
21.300000000000075,0,0,0,0,0,0,0,0,0,0,0
21.350000000000076,0,0,0,0,0,0,0,0,0,0,0
21.400000000000077,0,0,0,0,0,0,0,0,0,0,0
21.450000000000077,0,0,0,0,0,0,0,0,0,0,0
21.500000000000078,0,0,0,0,0,0,0,0,0,0,0
21.55000000000008,0,0,0,0,0,0,0,0,0,0,0
21.60000000000008,0,0,0,0,0,0,0,0,0,0,0
21.65000000000008,0,0,0,0,0,0,0,0,0,0,0
21.70000000000008,0,0,0,0,0,0,0,0,0,0,0
21.75000000000008,0,0,0,0,0,0,0,0,0,0,0
21.800000000000082,0,0,0,0,0,0,0,0,0,0,0
21.850000000000083,0,0,0,0,0,0,0,0,0,0,0
21.900000000000084,0,0,0,0,0,0,0,0,0,0,0
21.950000000000085,0,0,0,0,0,0,0,0,0,0,0
22.000000000000085,0,0,0,0,0,0,0,0,0,0,0
22.050000000000086,0,0,0,0,0,0,0,0,0,0,0
22.100000000000087,0,0,0,0,0,0,0,0,0,0,0
22.150000000000087,0,0,0,0,0,0,0,0,0,0,0
22.200000000000088,0,0,0,0,0,0,0,0,0,0,0
22.25000000000009,0,0,0,0,0,0,0,0,0,0,0
22.30000000000009,0,0,0,0,0,0,0,0,0,0,0
22.35000000000009,0,0,0,0,0,0,0,0,0,0,0
22.40000000000009,0,0,0,0,0,0,0,0,0,0,0
22.45000000000009,0,0,0,0,0,0,0,0,0,0,0
22.500000000000092,0,0,0,0,0,0,0,0,0,0,0
22.550000000000093,0,0,0,0,0,0,0,0,0,0,0
22.600000000000094,0,0,0,0,0,0,0,0,0,0,0
22.650000000000095,0,0,0,0,0,0,0,0,0,0,0
22.700000000000095,0,0,0,0,0,0,0,0,0,0,0
22.750000000000096,0,0,0,0,0,0,0,0,0,0,0
22.800000000000097,0,0,0,0,0,0,0,0,0,0,0
22.850000000000097,0,0,0,0,0,0,0,0,0,0,0
22.900000000000098,0,0,0,0,0,0,0,0,0,0,0
22.9500000000001,0,0,0,0,0,0,0,0,0,0,0
23.0000000000001,0,0,0,0,0,0,0,0,0,0,0
23.0500000000001,0,0,0,0,0,0,0,0,0,0,0
23.1000000000001,0,0,0,0,0,0,0,0,0,0,0
23.1500000000001,0,0,0,0,0,0,0,0,0,0,0
23.200000000000102,0,0,0,0,0,0,0,0,0,0,0
23.250000000000103,0,0,0,0,0,0,0,0,0,0,0
23.300000000000104,0,0,0,0,0,0,0,0,0,0,0
23.350000000000104,0,0,0,0,0,0,0,0,0,0,0
23.400000000000105,0,0,0,0,0,0,0,0,0,0,0
23.450000000000106,0,0,0,0,0,0,0,0,0,0,0
23.500000000000107,0,0,0,0,0,0,0,0,0,0,0
23.550000000000107,0,0,0,0,0,0,0,0,0,0,0
23.600000000000108,0,0,0,0,0,0,0,0,0,0,0
23.65000000000011,0,0,0,0,0,0,0,0,0,0,0
23.70000000000011,0,0,0,0,0,0,0,0,0,0,0
23.75000000000011,0,0,0,0,0,0,0,0,0,0,0
23.80000000000011,0,0,0,0,0,0,0,0,0,0,0
23.85000000000011,0,0,0,0,0,0,0,0,0,0,0
23.900000000000112,0,0,0,0,0,0,0,0,0,0,0
23.950000000000113,0,0,0,0,0,0,0,0,0,0,0
24.000000000000114,0,0,0,0,0,0,0,0,0,0,0
24.050000000000114,0,0,0,0,0,0,0,0,0,0,0
24.100000000000115,0,0,0,0,0,0,0,0,0,0,0
24.150000000000116,0,0,0,0,0,0,0,0,0,0,0
24.200000000000117,0,0,0,0,0,0,0,0,0,0,0
24.250000000000117,0,0,0,0,0,0,0,0,0,0,0
24.300000000000118,0,0,0,0,0,0,0,0,0,0,0
24.35000000000012,0,0,0,0,0,0,0,0,0,0,0
24.40000000000012,0,0,0,0,0,0,0,0,0,0,0
24.45000000000012,0,0,0,0,0,0,0,0,0,0,0
24.50000000000012,0,0,0,0,0,0,0,0,0,0,0
24.55000000000012,0,0,0,0,0,0,0,0,0,0,0
24.600000000000122,0,0,0,0,0,0,0,0,0,0,0
24.650000000000123,0,0,0,0,0,0,0,0,0,0,0
24.700000000000124,0,0,0,0,0,0,0,0,0,0,0
24.750000000000124,0,0,0,0,0,0,0,0,0,0,0
24.800000000000125,0,0,0,0,0,0,0,0,0,0,0
24.850000000000126,0,0,0,0,0,0,0,0,0,0,0
24.900000000000126,0,0,0,0,0,0,0,0,0,0,0
24.950000000000127,0,0,0,0,0,0,0,0,0,0,0
25.000000000000128,0,0,0,0,0,0,0,0,0,0,0
25.05000000000013,0,0,0,0,0,0,0,0,0,0,0
25.10000000000013,0,0,0,0,0,0,0,0,0,0,0
25.15000000000013,0,0,0,0,0,0,0,0,0,0,0
25.20000000000013,0,0,0,0,0,0,0,0,0,0,0
25.25000000000013,0,0,0,0,0,0,0,0,0,0,0
25.300000000000132,0,0,0,0,0,0,0,0,0,0,0
25.350000000000133,0,0,0,0,0,0,0,0,0,0,0
25.400000000000134,0,0,0,0,0,0,0,0,0,0,0
25.450000000000134,0,0,0,0,0,0,0,0,0,0,0
25.500000000000135,0,0,0,0,0,0,0,0,0,0,0
25.550000000000136,0,0,0,0,0,0,0,0,0,0,0
25.600000000000136,0,0,0,0,0,0,0,0,0,0,0
25.650000000000137,0,0,0,0,0,0,0,0,0,0,0
25.700000000000138,0,0,0,0,0,0,0,0,0,0,0
25.75000000000014,0,0,0,0,0,0,0,0,0,0,0
25.80000000000014,0,0,0,0,0,0,0,0,0,0,0
25.85000000000014,0,0,0,0,0,0,0,0,0,0,0
25.90000000000014,0,0,0,0,0,0,0,0,0,0,0
25.95000000000014,0,0,0,0,0,0,0,0,0,0,0
26.000000000000142,0,0,0,0,0,0,0,0,0,0,0
26.050000000000143,0,0,0,0,0,0,0,0,0,0,0
26.100000000000144,0,0,0,0,0,0,0,0,0,0,0
26.150000000000144,0,0,0,0,0,0,0,0,0,0,0
26.200000000000145,0,0,0,0,0,0,0,0,0,0,0
26.250000000000146,0,0,0,0,0,0,0,0,0,0,0
26.300000000000146,0,0,0,0,0,0,0,0,0,0,0
26.350000000000147,0,0,0,0,0,0,0,0,0,0,0
26.400000000000148,0,0,0,0,0,0,0,0,0,0,0
26.45000000000015,0,0,0,0,0,0,0,0,0,0,0
26.50000000000015,0,0,0,0,0,0,0,0,0,0,0
26.55000000000015,0,0,0,0,0,0,0,0,0,0,0
26.60000000000015,0,0,0,0,0,0,0,0,0,0,0
26.65000000000015,0,0,0,0,0,0,0,0,0,0,0
26.700000000000152,0,0,0,0,0,0,0,0,0,0,0
26.750000000000153,0,0,0,0,0,0,0,0,0,0,0
26.800000000000153,0,0,0,0,0,0,0,0,0,0,0
26.850000000000154,0,0,0,0,0,0,0,0,0,0,0
26.900000000000155,0,0,0,0,0,0,0,0,0,0,0
26.950000000000156,0,0,0,0,0,0,0,0,0,0,0
27.000000000000156,0,0,0,0,0,0,0,0,0,0,0
27.050000000000157,0,0,0,0,0,0,0,0,0,0,0
27.100000000000158,0,0,0,0,0,0,0,0,0,0,0
27.15000000000016,0,0,0,0,0,0,0,0,0,0,0
27.20000000000016,0,0,0,0,0,0,0,0,0,0,0
27.25000000000016,0,0,0,0,0,0,0,0,0,0,0
27.30000000000016,0,0,0,0,0,0,0,0,0,0,0
27.35000000000016,0,0,0,0,0,0,0,0,0,0,0
27.400000000000162,0,0,0,0,0,0,0,0,0,0,0
27.450000000000163,0,0,0,0,0,0,0,0,0,0,0
27.500000000000163,0,0,0,0,0,0,0,0,0,0,0
27.550000000000164,0,0,0,0,0,0,0,0,0,0,0
27.600000000000165,0,0,0,0,0,0,0,0,0,0,0
27.650000000000166,0,0,0,0,0,0,0,0,0,0,0
27.700000000000166,0,0,0,0,0,0,0,0,0,0,0
27.750000000000167,0,0,0,0,0,0,0,0,0,0,0
27.800000000000168,0,0,0,0,0,0,0,0,0,0,0
27.85000000000017,0,0,0,0,0,0,0,0,0,0,0
27.90000000000017,0,0,0,0,0,0,0,0,0,0,0
27.95000000000017,0,0,0,0,0,0,0,0,0,0,0
28.00000000000017,0,0,0,0,0,0,0,0,0,0,0
28.05000000000017,0,0,0,0,0,0,0,0,0,0,0
28.100000000000172,0,0,0,0,0,0,0,0,0,0,0
28.150000000000173,0,0,0,0,0,0,0,0,0,0,0
28.200000000000173,0,0,0,0,0,0,0,0,0,0,0
28.250000000000174,0,0,0,0,0,0,0,0,0,0,0
28.300000000000175,0,0,0,0,0,0,0,0,0,0,0
28.350000000000176,0,0,0,0,0,0,0,0,0,0,0
28.400000000000176,0,0,0,0,0,0,0,0,0,0,0
28.450000000000177,0,0,0,0,0,0,0,0,0,0,0
28.500000000000178,0,0,0,0,0,0,0,0,0,0,0
28.55000000000018,0,0,0,0,0,0,0,0,0,0,0
28.60000000000018,0,0,0,0,0,0,0,0,0,0,0
28.65000000000018,0,0,0,0,0,0,0,0,0,0,0
28.70000000000018,0,0,0,0,0,0,0,0,0,0,0
28.75000000000018,0,0,0,0,0,0,0,0,0,0,0
28.800000000000182,0,0,0,0,0,0,0,0,0,0,0
28.850000000000183,0,0,0,0,0,0,0,0,0,0,0
28.900000000000183,0,0,0,0,0,0,0,0,0,0,0
28.950000000000184,0,0,0,0,0,0,0,0,0,0,0
29.000000000000185,0,0,0,0,0,0,0,0,0,0,0
29.050000000000185,0,0,0,0,0,0,0,0,0,0,0
29.100000000000186,0,0,0,0,0,0,0,0,0,0,0
29.150000000000187,0,0,0,0,0,0,0,0,0,0,0
29.200000000000188,0,0,0,0,0,0,0,0,0,0,0
29.25000000000019,0,0,0,0,0,0,0,0,0,0,0
29.30000000000019,0,0,0,0,0,0,0,0,0,0,0
29.35000000000019,0,0,0,0,0,0,0,0,0,0,0
29.40000000000019,0,0,0,0,0,0,0,0,0,0,0
29.45000000000019,0,0,0,0,0,0,0,0,0,0,0
29.500000000000192,0,0,0,0,0,0,0,0,0,0,0
29.550000000000193,0,0,0,0,0,0,0,0,0,0,0
29.600000000000193,0,0,0,0,0,0,0,0,0,0,0
29.650000000000194,0,0,0,0,0,0,0,0,0,0,0
29.700000000000195,0,0,0,0,0,0,0,0,0,0,0
29.750000000000195,0,0,0,0,0,0,0,0,0,0,0
29.800000000000196,0,0,0,0,0,0,0,0,0,0,0
29.850000000000197,0,0,0,0,0,0,0,0,0,0,0
29.900000000000198,0,0,0,0,0,0,0,0,0,0,0
29.9500000000002,0,0,0,0,0,0,0,0,0,0,0
30.0000000000002,0,0,0,0,0,0,0,0,0,0,0
30.0500000000002,0,0,0,0,0,0,0,0,0,0,0
30.1000000000002,0,0,0,0,0,0,0,0,0,0,0
30.1500000000002,0,0,0,0,0,0,0,0,0,0,0
30.200000000000202,0,0,0,0,0,0,0,0,0,0,0
30.250000000000203,0,0,0,0,0,0,0,0,0,0,0
30.300000000000203,0,0,0,0,0,0,0,0,0,0,0
30.350000000000204,0,0,0,0,0,0,0,0,0,0,0
30.400000000000205,0,0,0,0,0,0,0,0,0,0,0
30.450000000000205,0,0,0,0,0,0,0,0,0,0,0
30.500000000000206,0,0,0,0,0,0,0,0,0,0,0
30.550000000000207,0,0,0,0,0,0,0,0,0,0,0
30.600000000000207,0,0,0,0,0,0,0,0,0,0,0
30.650000000000208,0,0,0,0,0,0,0,0,0,0,0
30.70000000000021,0,0,0,0,0,0,0,0,0,0,0
30.75000000000021,0,0,0,0,0,0,0,0,0,0,0
30.80000000000021,0,0,0,0,0,0,0,0,0,0,0
30.85000000000021,0,0,0,0,0,0,0,0,0,0,0
30.90000000000021,0,0,0,0,0,0,0,0,0,0,0
30.950000000000212,0,0,0,0,0,0,0,0,0,0,0
31.000000000000213,0,0,0,0,0,0,0,0,0,0,0
31.050000000000214,0,0,0,0,0,0,0,0,0,0,0
31.100000000000215,0,0,0,0,0,0,0,0,0,0,0
31.150000000000215,0,0,0,0,0,0,0,0,0,0,0
31.200000000000216,0,0,0,0,0,0,0,0,0,0,0
31.250000000000217,0,0,0,0,0,0,0,0,0,0,0
31.300000000000217,0,0,0,0,0,0,0,0,0,0,0
31.350000000000218,0,0,0,0,0,0,0,0,0,0,0
31.40000000000022,0,0,0,0,0,0,0,0,0,0,0
31.45000000000022,0,0,0,0,0,0,0,0,0,0,0
31.50000000000022,0,0,0,0,0,0,0,0,0,0,0
31.55000000000022,0,0,0,0,0,0,0,0,0,0,0
31.60000000000022,0,0,0,0,0,0,0,0,0,0,0
31.650000000000222,0,0,0,0,0,0,0,0,0,0,0
31.700000000000223,0,0,0,0,0,0,0,0,0,0,0
31.750000000000224,0,0,0,0,0,0,0,0,0,0,0
31.800000000000225,0,0,0,0,0,0,0,0,0,0,0
31.850000000000225,0,0,0,0,0,0,0,0,0,0,0
31.900000000000226,0,0,0,0,0,0,0,0,0,0,0
31.950000000000227,0,0,0,0,0,0,0,0,0,0,0
*****
16,0.05,1000,0,0.4,10,100,0.75,1.0,0.75,1.0,0.01
16,1000,1000,1000,1000,1000,0,0,0,0,0,0
16.05,1033,1033,1033,1033,1033,0,0,0,0,0,0
16.1,965,965,965,965,965,0,0,0,0,0,0
16.150000000000002,1037,1037,1037,1037,1037,0,0,0,0,0,0
16.200000000000003,1055,1055,1055,1055,1055,0,0,0,0,0,0
16.250000000000004,1049,1049,1049,1049,1049,0,0,0,0,0,0
16.300000000000004,994,994,994,994,994,0,0,0,0,0,0
16.350000000000005,1037,1037,1037,1037,1037,0,0,0,0,0,0
16.400000000000006,1032,1032,1032,1032,1032,0,0,0,0,0,0
16.450000000000006,964,964,964,964,964,0,0,0,0,0,0
16.500000000000007,1012,1012,1012,1012,1012,0,0,0,0,0,0
16.550000000000008,1028,1028,1028,1028,1028,0,0,0,0,0,0
16.60000000000001,1058,1058,1058,1058,1058,0,0,0,0,0,0
16.65000000000001,978,978,978,978,978,0,0,0,0,0,0
16.70000000000001,1015,1015,1015,1015,1015,0,0,0,0,0,0
16.75000000000001,988,988,988,988,988,0,0,0,0,0,0
16.80000000000001,969,969,969,969,969,0,0,0,0,0,0
16.850000000000012,1011,1011,1011,1011,1011,0,0,0,0,0,0
16.900000000000013,1017,1017,1017,1017,1017,0,0,0,0,0,0
16.950000000000014,1053,1053,1053,1053,1053,0,0,0,0,0,0
17.000000000000014,1016,1016,1016,1016,1016,0,0,0,0,0,0
17.050000000000015,1032,1032,1032,1032,1032,0,0,0,0,0,0
17.100000000000016,972,972,972,972,972,0,0,0,0,0,0
17.150000000000016,1037,1037,1037,1037,1037,0,0,0,0,0,0
17.200000000000017,976,976,976,976,976,0,0,0,0,0,0
17.250000000000018,994,994,994,994,994,0,0,0,0,0,0
17.30000000000002,1006,1006,1006,1006,1006,0,0,0,0,0,0
17.35000000000002,1051,1051,1051,1051,1051,0,0,0,0,0,0
17.40000000000002,1048,1048,1048,1048,1048,0,0,0,0,0,0
17.45000000000002,941,941,941,941,941,0,0,0,0,0,0
17.50000000000002,1041,1041,1041,1041,1041,0,0,0,0,0,0
17.550000000000022,966,966,966,966,966,0,0,0,0,0,0
17.600000000000023,1000,1000,1000,1000,1000,0,0,0,0,0,0
17.650000000000023,1013,1013,1013,1013,1013,0,0,0,0,0,0
17.700000000000024,1024,1024,1024,1024,1024,0,0,0,0,0,0
17.750000000000025,1028,1028,1028,1028,1028,0,0,0,0,0,0
17.800000000000026,1054,1054,1054,1054,1054,0,0,0,0,0,0
17.850000000000026,972,972,972,972,972,0,0,0,0,0,0
17.900000000000027,999,999,999,999,999,0,0,0,0,0,0
17.950000000000028,979,979,979,979,979,0,0,0,0,0,0
18.00000000000003,1066,1066,1066,1066,1066,0,0,0,0,0,0
18.05000000000003,1021,1021,1021,1021,1021,0,0,0,0,0,0
18.10000000000003,1056,1056,1056,1056,1056,0,0,0,0,0,0
18.15000000000003,1012,1012,1012,1012,1012,0,0,0,0,0,0
18.20000000000003,994,994,994,994,994,0,0,0,0,0,0
18.250000000000032,957,957,957,957,957,0,0,0,0,0,0
18.300000000000033,1080,1080,1080,1080,1080,0,0,0,0,0,0
18.350000000000033,994,994,994,994,994,0,0,0,0,0,0
18.400000000000034,995,995,995,995,995,0,0,0,0,0,0
18.450000000000035,1009,1009,1009,1009,1009,0,0,0,0,0,0
18.500000000000036,1060,1060,1060,1060,1060,0,0,0,0,0,0
18.550000000000036,1029,1029,1029,1029,1029,0,0,0,0,0,0
18.600000000000037,992,992,992,992,992,0,0,0,0,0,0
18.650000000000038,998,998,998,998,998,0,0,0,0,0,0
18.70000000000004,992,992,992,992,992,0,0,0,0,0,0
18.75000000000004,993,993,993,993,993,0,0,0,0,0,0
18.80000000000004,1034,1034,1034,1033,1034,0,0,0,0,0,0
18.85000000000004,1023,1023,1023,1023,1023,0,0,0,0,0,0
18.90000000000004,945,945,945,944,945,0,0,0,0,0,0
18.950000000000042,1006,1006,1006,1005,1006,0,0,0,0,0,0
19.000000000000043,987,987,987,986,987,0,0,0,0,0,0
19.050000000000043,1057,1057,1057,1052,1057,0,0,0,0,0,0
19.100000000000044,1005,1005,1005,1002,1005,0,0,0,0,0,0
19.150000000000045,1059,1059,1059,1055,1059,0,0,0,0,0,0
19.200000000000045,1033,1033,1033,1030,1033,0,0,0,0,0,0
19.250000000000046,1017,1017,1017,1012,1017,0,0,0,0,0,0
19.300000000000047,992,992,992,980,992,0,0,0,0,0,0
19.350000000000048,1039,1039,1039,1036,1039,0,0,0,0,0,0
19.40000000000005,976,976,976,970,976,0,0,0,0,0,0
19.45000000000005,1024,1024,1024,1013,1024,0,0,0,0,0,0
19.50000000000005,1027,1027,1027,1007,1027,0,0,0,0,0,0
19.55000000000005,1049,1049,1049,1032,1049,0,0,0,0,0,0
19.60000000000005,981,981,981,960,981,0,0,0,0,0,0
19.650000000000052,1007,1007,1007,981,1007,0,0,0,0,0,0
19.700000000000053,1030,1030,1030,1001,1030,0,0,0,0,0,0
19.750000000000053,1034,1034,1034,1004,1034,0,0,0,0,0,0
19.800000000000054,1011,1011,1011,965,1011,0,0,0,0,0,0
19.850000000000055,1005,1005,1005,969,1005,0,0,0,0,0,0
19.900000000000055,1029,1029,1029,975,1029,0,0,0,0,0,0
19.950000000000056,983,981,981,936,981,0,0,0,0,0,0
20.000000000000057,993,990,990,929,990,0,0,0,0,0,0
20.050000000000058,939,932,932,874,932,0,0,0,0,0,0
20.10000000000006,1065,1058,1058,973,1058,0,0,0,0,0,0
20.15000000000006,1009,983,983,891,983,0,0,0,0,0,0
20.20000000000006,1033,993,993,897,993,0,0,0,0,0,0
20.25000000000006,1021,953,953,848,953,0,0,0,0,0,0
20.30000000000006,1027,946,946,822,946,0,0,0,0,0,0
20.350000000000062,1075,941,943,849,943,0,0,0,0,0,0
20.400000000000063,946,770,770,711,770,0,0,0,0,0,0
20.450000000000063,962,736,738,681,738,0,0,0,0,0,0
20.500000000000064,1024,698,698,635,698,0,0,0,0,0,0
20.550000000000065,1025,607,607,573,607,0,0,0,0,0,0
20.600000000000065,1049,511,514,536,514,0,0,0,0,0,0
20.650000000000066,1048,420,421,450,421,0,0,0,0,0,0
20.700000000000067,981,310,315,375,315,0,0,0,0,0,0
20.750000000000068,989,240,241,297,241,0,0,0,0,0,0
20.800000000000068,1003,169,173,244,173,0,0,0,0,0,0
20.85000000000007,1053,128,129,201,129,0,0,0,0,0,0
20.90000000000007,1025,96,98,155,98,0,0,0,0,0,0
20.95000000000007,1001,41,41,77,41,0,0,0,0,0,0
21.00000000000007,977,27,28,72,28,0,0,0,0,0,0
21.05000000000007,1028,15,15,49,15,0,0,0,0,0,0
21.100000000000072,1001,10,10,36,10,0,0,0,0,0,0
21.150000000000073,1029,6,7,18,7,0,0,0,0,0,0
21.200000000000074,1007,1,1,11,1,0,0,0,0,0,0
21.250000000000075,1018,2,2,13,2,0,0,0,0,0,0
21.300000000000075,993,0,0,4,0,0,0,0,0,0,0
21.350000000000076,922,0,0,2,0,0,0,0,0,0,0
21.400000000000077,837,0,0,0,0,0,0,0,0,0,0
21.450000000000077,670,0,0,1,0,0,0,0,0,0,0
21.500000000000078,586,0,0,0,0,0,0,0,0,0,0
21.55000000000008,442,0,0,0,0,0,0,0,0,0,0
21.60000000000008,312,0,0,0,0,0,0,0,0,0,0
21.65000000000008,222,0,0,0,0,0,0,0,0,0,0
21.70000000000008,104,0,0,0,0,0,0,0,0,0,0
21.75000000000008,20,0,0,0,0,0,0,0,0,0,0
21.800000000000082,3,0,0,0,0,0,0,0,0,0,0
21.850000000000083,3,0,0,0,0,0,0,0,0,0,0
21.900000000000084,0,0,0,0,0,0,0,0,0,0,0
21.950000000000085,0,0,0,0,0,0,0,0,0,0,0
22.000000000000085,0,0,0,0,0,0,0,0,0,0,0
22.050000000000086,0,0,0,0,0,0,0,0,0,0,0
22.100000000000087,0,0,0,0,0,0,0,0,0,0,0
22.150000000000087,0,0,0,0,0,0,0,0,0,0,0
22.200000000000088,0,0,0,0,0,0,0,0,0,0,0
22.25000000000009,0,0,0,0,0,0,0,0,0,0,0
22.30000000000009,0,0,0,0,0,0,0,0,0,0,0
22.35000000000009,0,0,0,0,0,0,0,0,0,0,0
22.40000000000009,0,0,0,0,0,0,0,0,0,0,0
22.45000000000009,0,0,0,0,0,0,0,0,0,0,0
22.500000000000092,0,0,0,0,0,0,0,0,0,0,0
22.550000000000093,0,0,0,0,0,0,0,0,0,0,0
22.600000000000094,0,0,0,0,0,0,0,0,0,0,0
22.650000000000095,0,0,0,0,0,0,0,0,0,0,0
22.700000000000095,0,0,0,0,0,0,0,0,0,0,0
22.750000000000096,0,0,0,0,0,0,0,0,0,0,0
22.800000000000097,0,0,0,0,0,0,0,0,0,0,0
22.850000000000097,0,0,0,0,0,0,0,0,0,0,0
22.900000000000098,0,0,0,0,0,0,0,0,0,0,0
22.9500000000001,0,0,0,0,0,0,0,0,0,0,0
23.0000000000001,0,0,0,0,0,0,0,0,0,0,0
23.0500000000001,0,0,0,0,0,0,0,0,0,0,0
23.1000000000001,0,0,0,0,0,0,0,0,0,0,0
23.1500000000001,0,0,0,0,0,0,0,0,0,0,0
23.200000000000102,0,0,0,0,0,0,0,0,0,0,0
23.250000000000103,0,0,0,0,0,0,0,0,0,0,0
23.300000000000104,0,0,0,0,0,0,0,0,0,0,0
23.350000000000104,0,0,0,0,0,0,0,0,0,0,0
23.400000000000105,0,0,0,0,0,0,0,0,0,0,0
23.450000000000106,0,0,0,0,0,0,0,0,0,0,0
23.500000000000107,0,0,0,0,0,0,0,0,0,0,0
23.550000000000107,0,0,0,0,0,0,0,0,0,0,0
23.600000000000108,0,0,0,0,0,0,0,0,0,0,0
23.65000000000011,0,0,0,0,0,0,0,0,0,0,0
23.70000000000011,0,0,0,0,0,0,0,0,0,0,0
23.75000000000011,0,0,0,0,0,0,0,0,0,0,0
23.80000000000011,0,0,0,0,0,0,0,0,0,0,0
23.85000000000011,0,0,0,0,0,0,0,0,0,0,0
23.900000000000112,0,0,0,0,0,0,0,0,0,0,0
23.950000000000113,0,0,0,0,0,0,0,0,0,0,0
24.000000000000114,0,0,0,0,0,0,0,0,0,0,0
24.050000000000114,0,0,0,0,0,0,0,0,0,0,0
24.100000000000115,0,0,0,0,0,0,0,0,0,0,0
24.150000000000116,0,0,0,0,0,0,0,0,0,0,0
24.200000000000117,0,0,0,0,0,0,0,0,0,0,0
24.250000000000117,0,0,0,0,0,0,0,0,0,0,0
24.300000000000118,0,0,0,0,0,0,0,0,0,0,0
24.35000000000012,0,0,0,0,0,0,0,0,0,0,0
24.40000000000012,0,0,0,0,0,0,0,0,0,0,0
24.45000000000012,0,0,0,0,0,0,0,0,0,0,0
24.50000000000012,0,0,0,0,0,0,0,0,0,0,0
24.55000000000012,0,0,0,0,0,0,0,0,0,0,0
24.600000000000122,0,0,0,0,0,0,0,0,0,0,0
24.650000000000123,0,0,0,0,0,0,0,0,0,0,0
24.700000000000124,0,0,0,0,0,0,0,0,0,0,0
24.750000000000124,0,0,0,0,0,0,0,0,0,0,0
24.800000000000125,0,0,0,0,0,0,0,0,0,0,0
24.850000000000126,0,0,0,0,0,0,0,0,0,0,0
24.900000000000126,0,0,0,0,0,0,0,0,0,0,0
24.950000000000127,0,0,0,0,0,0,0,0,0,0,0
25.000000000000128,0,0,0,0,0,0,0,0,0,0,0
25.05000000000013,0,0,0,0,0,0,0,0,0,0,0
25.10000000000013,0,0,0,0,0,0,0,0,0,0,0
25.15000000000013,0,0,0,0,0,0,0,0,0,0,0
25.20000000000013,0,0,0,0,0,0,0,0,0,0,0
25.25000000000013,0,0,0,0,0,0,0,0,0,0,0
25.300000000000132,0,0,0,0,0,0,0,0,0,0,0
25.350000000000133,0,0,0,0,0,0,0,0,0,0,0
25.400000000000134,0,0,0,0,0,0,0,0,0,0,0
25.450000000000134,0,0,0,0,0,0,0,0,0,0,0
25.500000000000135,0,0,0,0,0,0,0,0,0,0,0
25.550000000000136,0,0,0,0,0,0,0,0,0,0,0
25.600000000000136,0,0,0,0,0,0,0,0,0,0,0
25.650000000000137,0,0,0,0,0,0,0,0,0,0,0
25.700000000000138,0,0,0,0,0,0,0,0,0,0,0
25.75000000000014,0,0,0,0,0,0,0,0,0,0,0
25.80000000000014,0,0,0,0,0,0,0,0,0,0,0
25.85000000000014,0,0,0,0,0,0,0,0,0,0,0
25.90000000000014,0,0,0,0,0,0,0,0,0,0,0
25.95000000000014,0,0,0,0,0,0,0,0,0,0,0
26.000000000000142,0,0,0,0,0,0,0,0,0,0,0
26.050000000000143,0,0,0,0,0,0,0,0,0,0,0
26.100000000000144,0,0,0,0,0,0,0,0,0,0,0
26.150000000000144,0,0,0,0,0,0,0,0,0,0,0
26.200000000000145,0,0,0,0,0,0,0,0,0,0,0
26.250000000000146,0,0,0,0,0,0,0,0,0,0,0
26.300000000000146,0,0,0,0,0,0,0,0,0,0,0
26.350000000000147,0,0,0,0,0,0,0,0,0,0,0
26.400000000000148,0,0,0,0,0,0,0,0,0,0,0
26.45000000000015,0,0,0,0,0,0,0,0,0,0,0
26.50000000000015,0,0,0,0,0,0,0,0,0,0,0
26.55000000000015,0,0,0,0,0,0,0,0,0,0,0
26.60000000000015,0,0,0,0,0,0,0,0,0,0,0
26.65000000000015,0,0,0,0,0,0,0,0,0,0,0
26.700000000000152,0,0,0,0,0,0,0,0,0,0,0
26.750000000000153,0,0,0,0,0,0,0,0,0,0,0
26.800000000000153,0,0,0,0,0,0,0,0,0,0,0
26.850000000000154,0,0,0,0,0,0,0,0,0,0,0
26.900000000000155,0,0,0,0,0,0,0,0,0,0,0
26.950000000000156,0,0,0,0,0,0,0,0,0,0,0
27.000000000000156,0,0,0,0,0,0,0,0,0,0,0
27.050000000000157,0,0,0,0,0,0,0,0,0,0,0
27.100000000000158,0,0,0,0,0,0,0,0,0,0,0
27.15000000000016,0,0,0,0,0,0,0,0,0,0,0
27.20000000000016,0,0,0,0,0,0,0,0,0,0,0
27.25000000000016,0,0,0,0,0,0,0,0,0,0,0
27.30000000000016,0,0,0,0,0,0,0,0,0,0,0
27.35000000000016,0,0,0,0,0,0,0,0,0,0,0
27.400000000000162,0,0,0,0,0,0,0,0,0,0,0
27.450000000000163,0,0,0,0,0,0,0,0,0,0,0
27.500000000000163,0,0,0,0,0,0,0,0,0,0,0
27.550000000000164,0,0,0,0,0,0,0,0,0,0,0
27.600000000000165,0,0,0,0,0,0,0,0,0,0,0
27.650000000000166,0,0,0,0,0,0,0,0,0,0,0
27.700000000000166,0,0,0,0,0,0,0,0,0,0,0
27.750000000000167,0,0,0,0,0,0,0,0,0,0,0
27.800000000000168,0,0,0,0,0,0,0,0,0,0,0
27.85000000000017,0,0,0,0,0,0,0,0,0,0,0
27.90000000000017,0,0,0,0,0,0,0,0,0,0,0
27.95000000000017,0,0,0,0,0,0,0,0,0,0,0
28.00000000000017,0,0,0,0,0,0,0,0,0,0,0
28.05000000000017,0,0,0,0,0,0,0,0,0,0,0
28.100000000000172,0,0,0,0,0,0,0,0,0,0,0
28.150000000000173,0,0,0,0,0,0,0,0,0,0,0
28.200000000000173,0,0,0,0,0,0,0,0,0,0,0
28.250000000000174,0,0,0,0,0,0,0,0,0,0,0
28.300000000000175,0,0,0,0,0,0,0,0,0,0,0
28.350000000000176,0,0,0,0,0,0,0,0,0,0,0
28.400000000000176,0,0,0,0,0,0,0,0,0,0,0
28.450000000000177,0,0,0,0,0,0,0,0,0,0,0
28.500000000000178,0,0,0,0,0,0,0,0,0,0,0
28.55000000000018,0,0,0,0,0,0,0,0,0,0,0
28.60000000000018,0,0,0,0,0,0,0,0,0,0,0
28.65000000000018,0,0,0,0,0,0,0,0,0,0,0
28.70000000000018,0,0,0,0,0,0,0,0,0,0,0
28.75000000000018,0,0,0,0,0,0,0,0,0,0,0
28.800000000000182,0,0,0,0,0,0,0,0,0,0,0
28.850000000000183,0,0,0,0,0,0,0,0,0,0,0
28.900000000000183,0,0,0,0,0,0,0,0,0,0,0
28.950000000000184,0,0,0,0,0,0,0,0,0,0,0
29.000000000000185,0,0,0,0,0,0,0,0,0,0,0
29.050000000000185,0,0,0,0,0,0,0,0,0,0,0
29.100000000000186,0,0,0,0,0,0,0,0,0,0,0
29.150000000000187,0,0,0,0,0,0,0,0,0,0,0
29.200000000000188,0,0,0,0,0,0,0,0,0,0,0
29.25000000000019,0,0,0,0,0,0,0,0,0,0,0
29.30000000000019,0,0,0,0,0,0,0,0,0,0,0
29.35000000000019,0,0,0,0,0,0,0,0,0,0,0
29.40000000000019,0,0,0,0,0,0,0,0,0,0,0
29.45000000000019,0,0,0,0,0,0,0,0,0,0,0
29.500000000000192,0,0,0,0,0,0,0,0,0,0,0
29.550000000000193,0,0,0,0,0,0,0,0,0,0,0
29.600000000000193,0,0,0,0,0,0,0,0,0,0,0
29.650000000000194,0,0,0,0,0,0,0,0,0,0,0
29.700000000000195,0,0,0,0,0,0,0,0,0,0,0
29.750000000000195,0,0,0,0,0,0,0,0,0,0,0
29.800000000000196,0,0,0,0,0,0,0,0,0,0,0
29.850000000000197,0,0,0,0,0,0,0,0,0,0,0
29.900000000000198,0,0,0,0,0,0,0,0,0,0,0
29.9500000000002,0,0,0,0,0,0,0,0,0,0,0
30.0000000000002,0,0,0,0,0,0,0,0,0,0,0
30.0500000000002,0,0,0,0,0,0,0,0,0,0,0
30.1000000000002,0,0,0,0,0,0,0,0,0,0,0
30.1500000000002,0,0,0,0,0,0,0,0,0,0,0
30.200000000000202,0,0,0,0,0,0,0,0,0,0,0
30.250000000000203,0,0,0,0,0,0,0,0,0,0,0
30.300000000000203,0,0,0,0,0,0,0,0,0,0,0
30.350000000000204,0,0,0,0,0,0,0,0,0,0,0
30.400000000000205,0,0,0,0,0,0,0,0,0,0,0
30.450000000000205,0,0,0,0,0,0,0,0,0,0,0
30.500000000000206,0,0,0,0,0,0,0,0,0,0,0
30.550000000000207,0,0,0,0,0,0,0,0,0,0,0
30.600000000000207,0,0,0,0,0,0,0,0,0,0,0
30.650000000000208,0,0,0,0,0,0,0,0,0,0,0
30.70000000000021,0,0,0,0,0,0,0,0,0,0,0
30.75000000000021,0,0,0,0,0,0,0,0,0,0,0
30.80000000000021,0,0,0,0,0,0,0,0,0,0,0
30.85000000000021,0,0,0,0,0,0,0,0,0,0,0
30.90000000000021,0,0,0,0,0,0,0,0,0,0,0
30.950000000000212,0,0,0,0,0,0,0,0,0,0,0
31.000000000000213,0,0,0,0,0,0,0,0,0,0,0
31.050000000000214,0,0,0,0,0,0,0,0,0,0,0
31.100000000000215,0,0,0,0,0,0,0,0,0,0,0
31.150000000000215,0,0,0,0,0,0,0,0,0,0,0
31.200000000000216,0,0,0,0,0,0,0,0,0,0,0
31.250000000000217,0,0,0,0,0,0,0,0,0,0,0
31.300000000000217,0,0,0,0,0,0,0,0,0,0,0
31.350000000000218,0,0,0,0,0,0,0,0,0,0,0
31.40000000000022,0,0,0,0,0,0,0,0,0,0,0
31.45000000000022,0,0,0,0,0,0,0,0,0,0,0
31.50000000000022,0,0,0,0,0,0,0,0,0,0,0
31.55000000000022,0,0,0,0,0,0,0,0,0,0,0
31.60000000000022,0,0,0,0,0,0,0,0,0,0,0
31.650000000000222,0,0,0,0,0,0,0,0,0,0,0
31.700000000000223,0,0,0,0,0,0,0,0,0,0,0
31.750000000000224,0,0,0,0,0,0,0,0,0,0,0
31.800000000000225,0,0,0,0,0,0,0,0,0,0,0
31.850000000000225,0,0,0,0,0,0,0,0,0,0,0
31.900000000000226,0,0,0,0,0,0,0,0,0,0,0
31.950000000000227,0,0,0,0,0,0,0,0,0,0,0
*****
16,0.05,1000,0.3,0.7,10,100,0.75,1.0,0.75,1.0,0.01
16,1000,1000,1000,1000,1000,0,0,0,0,0,0
16.05,975,975,975,975,975,0,0,0,0,0,0
16.1,1019,1019,1019,1019,1019,0,0,0,0,0,0
16.150000000000002,1024,1024,1024,1024,1024,0,0,0,0,0,0
16.200000000000003,1015,1015,1015,1015,1015,0,0,0,0,0,0
16.250000000000004,992,992,992,992,992,0,0,0,0,0,0
16.300000000000004,989,989,989,989,989,0,0,0,0,0,0
16.350000000000005,958,958,958,958,958,0,0,0,0,0,0
16.400000000000006,996,996,996,996,996,0,0,0,0,0,0
16.450000000000006,976,976,976,976,976,0,0,0,0,0,0
16.500000000000007,962,962,962,962,962,0,0,0,0,0,0
16.550000000000008,973,973,973,973,973,0,0,0,0,0,0
16.60000000000001,1051,1051,1051,1051,1051,0,0,0,0,0,0
16.65000000000001,980,980,980,980,980,0,0,0,0,0,0
16.70000000000001,1024,1024,1024,1024,1024,0,0,0,0,0,0
16.75000000000001,1035,1035,1035,1035,1035,0,0,0,0,0,0
16.80000000000001,1019,1019,1019,1019,1019,0,0,0,0,0,0
16.850000000000012,947,947,947,947,947,0,0,0,0,0,0
16.900000000000013,998,998,998,998,998,0,0,0,0,0,0
16.950000000000014,944,944,944,944,944,0,0,0,0,0,0
17.000000000000014,1008,1008,1008,1008,1008,0,0,0,0,0,0
17.050000000000015,1023,1023,1023,1023,1023,0,0,0,0,0,0
17.100000000000016,956,956,956,956,956,0,0,0,0,0,0
17.150000000000016,957,957,957,957,957,0,0,0,0,0,0
17.200000000000017,1006,1006,1006,1006,1006,0,0,0,0,0,0
17.250000000000018,990,990,990,990,990,0,0,0,0,0,0
17.30000000000002,1028,1028,1028,1028,1028,0,0,0,0,0,0
17.35000000000002,990,990,990,990,990,0,0,0,0,0,0
17.40000000000002,1009,1009,1009,1008,1009,0,0,0,0,0,0
17.45000000000002,962,962,962,961,962,0,0,0,0,0,0
17.50000000000002,1031,1031,1031,1031,1031,0,0,0,0,0,0
17.550000000000022,1000,1000,1000,998,1000,0,0,0,0,0,0
17.600000000000023,973,973,973,968,973,0,0,0,0,0,0
17.650000000000023,1006,1006,1006,1003,1006,0,0,0,0,0,0
17.700000000000024,984,984,984,981,984,0,0,0,0,0,0
17.750000000000025,985,985,985,980,985,0,0,0,0,0,0
17.800000000000026,969,969,969,960,969,0,0,0,0,0,0
17.850000000000026,1047,1047,1047,1037,1047,0,0,0,0,0,0
17.900000000000027,1033,1033,1033,1019,1033,0,0,0,0,0,0
17.950000000000028,954,954,954,948,954,0,0,0,0,0,0
18.00000000000003,962,962,962,945,962,0,0,0,0,0,0
18.05000000000003,978,978,978,965,978,0,0,0,0,0,0
18.10000000000003,1019,1019,1019,1001,1019,0,0,0,0,0,0
18.15000000000003,997,997,997,976,997,0,0,0,0,0,0
18.20000000000003,947,947,947,925,947,0,0,0,0,0,0
18.250000000000032,1021,1021,1021,992,1021,0,0,0,0,0,0
18.300000000000033,996,996,996,971,996,0,0,0,0,0,0
18.350000000000033,986,986,986,950,986,0,0,0,0,0,0
18.400000000000034,1004,1004,1004,963,1004,0,0,0,0,0,0
18.450000000000035,970,970,970,930,970,0,0,0,0,0,0
18.500000000000036,1046,1046,1046,998,1046,0,0,0,0,0,0
18.550000000000036,964,963,964,934,964,0,0,0,0,0,0
18.600000000000037,995,994,994,947,994,0,0,0,0,0,0
18.650000000000038,1046,1045,1046,974,1046,0,0,0,0,0,0
18.70000000000004,1000,999,999,905,999,0,0,0,0,0,0
18.75000000000004,976,973,973,906,973,0,0,0,0,0,0
18.80000000000004,992,987,989,898,989,0,0,0,0,0,0
18.85000000000004,994,990,991,916,991,0,0,0,0,0,0
18.90000000000004,1016,1010,1013,902,1013,0,0,0,0,0,0
18.950000000000042,985,975,979,898,979,0,0,0,0,0,0
19.000000000000043,930,922,925,808,925,0,0,0,0,0,0
19.050000000000043,973,958,963,858,963,0,0,0,0,0,0
19.100000000000044,1047,1016,1024,881,1024,0,0,0,0,0,0
19.150000000000045,993,964,975,821,975,0,0,0,0,0,0
19.200000000000045,982,952,960,802,960,0,0,0,0,0,0
19.250000000000046,1005,968,985,836,985,0,0,0,0,0,0
19.300000000000047,995,922,944,798,944,0,0,0,0,0,0
19.350000000000048,1001,922,939,796,939,0,0,0,0,0,0
19.40000000000005,1015,948,958,814,958,0,0,0,0,0,0
19.45000000000005,969,874,888,708,888,0,0,0,0,0,0
19.50000000000005,1001,877,897,743,897,0,0,0,0,0,0
19.55000000000005,990,856,883,715,883,0,0,0,0,0,0
19.60000000000005,1026,853,888,727,888,0,0,0,0,0,0
19.650000000000052,949,778,805,646,805,0,0,0,0,0,0
19.700000000000053,955,739,763,613,763,0,0,0,0,0,0
19.750000000000053,991,714,747,613,747,0,0,0,0,0,0
19.800000000000054,1034,762,791,598,791,0,0,0,0,0,0
19.850000000000055,994,661,691,588,691,0,0,0,0,0,0
19.900000000000055,1003,641,678,574,678,0,0,0,0,0,0
19.950000000000056,979,596,633,505,633,0,0,0,0,0,0
20.000000000000057,983,550,594,486,594,0,0,0,0,0,0
20.050000000000058,985,521,556,467,556,0,0,0,0,0,0
20.10000000000006,1030,504,534,452,534,0,0,0,0,0,0
20.15000000000006,967,410,440,388,440,0,0,0,0,0,0
20.20000000000006,965,409,436,386,436,0,0,0,0,0,0
20.25000000000006,953,341,367,345,367,0,0,0,0,0,0
20.30000000000006,1011,323,364,335,364,0,0,0,0,0,0
20.350000000000062,1015,313,351,315,351,0,0,0,0,0,0
20.400000000000063,1003,252,293,270,293,0,0,0,0,0,0
20.450000000000063,1012,218,233,258,233,0,0,0,0,0,0
20.500000000000064,1001,197,223,225,223,0,0,0,0,0,0
20.550000000000065,961,147,165,182,165,0,0,0,0,0,0
20.600000000000065,984,142,168,179,168,0,0,0,0,0,0
20.650000000000066,983,135,141,159,141,0,0,0,0,0,0
20.700000000000067,984,101,111,126,111,0,0,0,0,0,0
20.750000000000068,1027,90,105,132,105,0,0,0,0,0,0
20.800000000000068,1007,74,81,122,81,0,0,0,0,0,0
20.85000000000007,1020,62,71,103,71,0,0,0,0,0,0
20.90000000000007,999,57,61,97,61,0,0,0,0,0,0
20.95000000000007,976,26,32,54,32,0,0,0,0,0,0
21.00000000000007,985,35,42,61,42,0,0,0,0,0,0
21.05000000000007,973,27,29,56,29,0,0,0,0,0,0
21.100000000000072,963,22,26,33,26,0,0,0,0,0,0
21.150000000000073,977,15,21,37,21,0,0,0,0,0,0
21.200000000000074,997,13,15,30,15,0,0,0,0,0,0
21.250000000000075,995,13,15,28,15,0,0,0,0,0,0
21.300000000000075,1040,9,10,15,10,0,0,0,0,0,0
21.350000000000076,1008,8,8,18,8,0,0,0,0,0,0
21.400000000000077,1002,6,6,15,6,0,0,0,0,0,0
21.450000000000077,959,4,4,13,4,0,0,0,0,0,0
21.500000000000078,1014,5,6,6,6,0,0,0,0,0,0
21.55000000000008,983,2,2,7,2,0,0,0,0,0,0
21.60000000000008,932,0,0,8,0,0,0,0,0,0,0
21.65000000000008,927,1,1,4,1,0,0,0,0,0,0
21.70000000000008,894,1,1,6,1,0,0,0,0,0,0
21.75000000000008,976,2,2,5,2,0,0,0,0,0,0
21.800000000000082,925,0,0,0,0,0,0,0,0,0,0
21.850000000000083,927,1,1,2,1,0,0,0,0,0,0
21.900000000000084,912,0,0,2,0,0,0,0,0,0,0
21.950000000000085,892,0,0,1,0,0,0,0,0,0,0
22.000000000000085,885,0,0,0,0,0,0,0,0,0,0
22.050000000000086,850,0,0,0,0,0,0,0,0,0,0
22.100000000000087,825,0,0,0,0,0,0,0,0,0,0
22.150000000000087,707,0,0,1,0,0,0,0,0,0,0
22.200000000000088,669,0,0,0,0,0,0,0,0,0,0
22.25000000000009,636,0,0,0,0,0,0,0,0,0,0
22.30000000000009,542,0,0,0,0,0,0,0,0,0,0
22.35000000000009,429,0,0,0,0,0,0,0,0,0,0
22.40000000000009,335,0,0,0,0,0,0,0,0,0,0
22.45000000000009,287,0,0,0,0,0,0,0,0,0,0
22.500000000000092,290,0,0,0,0,0,0,0,0,0,0
22.550000000000093,236,0,0,0,0,0,0,0,0,0,0
22.600000000000094,147,0,0,0,0,0,0,0,0,0,0
22.650000000000095,104,0,0,0,0,0,0,0,0,0,0
22.700000000000095,100,0,0,0,0,0,0,0,0,0,0
22.750000000000096,82,0,0,0,0,0,0,0,0,0,0
22.800000000000097,91,0,0,0,0,0,0,0,0,0,0
22.850000000000097,49,0,0,0,0,0,0,0,0,0,0
22.900000000000098,0,0,0,0,0,0,0,0,0,0,0
22.9500000000001,0,0,0,0,0,0,0,0,0,0,0
23.0000000000001,0,0,0,0,0,0,0,0,0,0,0
23.0500000000001,0,0,0,0,0,0,0,0,0,0,0
23.1000000000001,0,0,0,0,0,0,0,0,0,0,0
23.1500000000001,0,0,0,0,0,0,0,0,0,0,0
23.200000000000102,0,0,0,0,0,0,0,0,0,0,0
23.250000000000103,0,0,0,0,0,0,0,0,0,0,0
23.300000000000104,0,0,0,0,0,0,0,0,0,0,0
23.350000000000104,0,0,0,0,0,0,0,0,0,0,0
23.400000000000105,0,0,0,0,0,0,0,0,0,0,0
23.450000000000106,0,0,0,0,0,0,0,0,0,0,0
23.500000000000107,0,0,0,0,0,0,0,0,0,0,0
23.550000000000107,0,0,0,0,0,0,0,0,0,0,0
23.600000000000108,0,0,0,0,0,0,0,0,0,0,0
23.65000000000011,0,0,0,0,0,0,0,0,0,0,0
23.70000000000011,0,0,0,0,0,0,0,0,0,0,0
23.75000000000011,0,0,0,0,0,0,0,0,0,0,0
23.80000000000011,0,0,0,0,0,0,0,0,0,0,0
23.85000000000011,0,0,0,0,0,0,0,0,0,0,0
23.900000000000112,0,0,0,0,0,0,0,0,0,0,0
23.950000000000113,0,0,0,0,0,0,0,0,0,0,0
24.000000000000114,0,0,0,0,0,0,0,0,0,0,0
24.050000000000114,0,0,0,0,0,0,0,0,0,0,0
24.100000000000115,0,0,0,0,0,0,0,0,0,0,0
24.150000000000116,0,0,0,0,0,0,0,0,0,0,0
24.200000000000117,0,0,0,0,0,0,0,0,0,0,0
24.250000000000117,0,0,0,0,0,0,0,0,0,0,0
24.300000000000118,0,0,0,0,0,0,0,0,0,0,0
24.35000000000012,0,0,0,0,0,0,0,0,0,0,0
24.40000000000012,0,0,0,0,0,0,0,0,0,0,0
24.45000000000012,0,0,0,0,0,0,0,0,0,0,0
24.50000000000012,0,0,0,0,0,0,0,0,0,0,0
24.55000000000012,0,0,0,0,0,0,0,0,0,0,0
24.600000000000122,0,0,0,0,0,0,0,0,0,0,0
24.650000000000123,0,0,0,0,0,0,0,0,0,0,0
24.700000000000124,0,0,0,0,0,0,0,0,0,0,0
24.750000000000124,0,0,0,0,0,0,0,0,0,0,0
24.800000000000125,0,0,0,0,0,0,0,0,0,0,0
24.850000000000126,0,0,0,0,0,0,0,0,0,0,0
24.900000000000126,0,0,0,0,0,0,0,0,0,0,0
24.950000000000127,0,0,0,0,0,0,0,0,0,0,0
25.000000000000128,0,0,0,0,0,0,0,0,0,0,0
25.05000000000013,0,0,0,0,0,0,0,0,0,0,0
25.10000000000013,0,0,0,0,0,0,0,0,0,0,0
25.15000000000013,0,0,0,0,0,0,0,0,0,0,0
25.20000000000013,0,0,0,0,0,0,0,0,0,0,0
25.25000000000013,0,0,0,0,0,0,0,0,0,0,0
25.300000000000132,0,0,0,0,0,0,0,0,0,0,0
25.350000000000133,0,0,0,0,0,0,0,0,0,0,0
25.400000000000134,0,0,0,0,0,0,0,0,0,0,0
25.450000000000134,0,0,0,0,0,0,0,0,0,0,0
25.500000000000135,0,0,0,0,0,0,0,0,0,0,0
25.550000000000136,0,0,0,0,0,0,0,0,0,0,0
25.600000000000136,0,0,0,0,0,0,0,0,0,0,0
25.650000000000137,0,0,0,0,0,0,0,0,0,0,0
25.700000000000138,0,0,0,0,0,0,0,0,0,0,0
25.75000000000014,0,0,0,0,0,0,0,0,0,0,0
25.80000000000014,0,0,0,0,0,0,0,0,0,0,0
25.85000000000014,0,0,0,0,0,0,0,0,0,0,0
25.90000000000014,0,0,0,0,0,0,0,0,0,0,0
25.95000000000014,0,0,0,0,0,0,0,0,0,0,0
26.000000000000142,0,0,0,0,0,0,0,0,0,0,0
26.050000000000143,0,0,0,0,0,0,0,0,0,0,0
26.100000000000144,0,0,0,0,0,0,0,0,0,0,0
26.150000000000144,0,0,0,0,0,0,0,0,0,0,0
26.200000000000145,0,0,0,0,0,0,0,0,0,0,0
26.250000000000146,0,0,0,0,0,0,0,0,0,0,0
26.300000000000146,0,0,0,0,0,0,0,0,0,0,0
26.350000000000147,0,0,0,0,0,0,0,0,0,0,0
26.400000000000148,0,0,0,0,0,0,0,0,0,0,0
26.45000000000015,0,0,0,0,0,0,0,0,0,0,0
26.50000000000015,0,0,0,0,0,0,0,0,0,0,0
26.55000000000015,0,0,0,0,0,0,0,0,0,0,0
26.60000000000015,0,0,0,0,0,0,0,0,0,0,0
26.65000000000015,0,0,0,0,0,0,0,0,0,0,0
26.700000000000152,0,0,0,0,0,0,0,0,0,0,0
26.750000000000153,0,0,0,0,0,0,0,0,0,0,0
26.800000000000153,0,0,0,0,0,0,0,0,0,0,0
26.850000000000154,0,0,0,0,0,0,0,0,0,0,0
26.900000000000155,0,0,0,0,0,0,0,0,0,0,0
26.950000000000156,0,0,0,0,0,0,0,0,0,0,0
27.000000000000156,0,0,0,0,0,0,0,0,0,0,0
27.050000000000157,0,0,0,0,0,0,0,0,0,0,0
27.100000000000158,0,0,0,0,0,0,0,0,0,0,0
27.15000000000016,0,0,0,0,0,0,0,0,0,0,0
27.20000000000016,0,0,0,0,0,0,0,0,0,0,0
27.25000000000016,0,0,0,0,0,0,0,0,0,0,0
27.30000000000016,0,0,0,0,0,0,0,0,0,0,0
27.35000000000016,0,0,0,0,0,0,0,0,0,0,0
27.400000000000162,0,0,0,0,0,0,0,0,0,0,0
27.450000000000163,0,0,0,0,0,0,0,0,0,0,0
27.500000000000163,0,0,0,0,0,0,0,0,0,0,0
27.550000000000164,0,0,0,0,0,0,0,0,0,0,0
27.600000000000165,0,0,0,0,0,0,0,0,0,0,0
27.650000000000166,0,0,0,0,0,0,0,0,0,0,0
27.700000000000166,0,0,0,0,0,0,0,0,0,0,0
27.750000000000167,0,0,0,0,0,0,0,0,0,0,0
27.800000000000168,0,0,0,0,0,0,0,0,0,0,0
27.85000000000017,0,0,0,0,0,0,0,0,0,0,0
27.90000000000017,0,0,0,0,0,0,0,0,0,0,0
27.95000000000017,0,0,0,0,0,0,0,0,0,0,0
28.00000000000017,0,0,0,0,0,0,0,0,0,0,0
28.05000000000017,0,0,0,0,0,0,0,0,0,0,0
28.100000000000172,0,0,0,0,0,0,0,0,0,0,0
28.150000000000173,0,0,0,0,0,0,0,0,0,0,0
28.200000000000173,0,0,0,0,0,0,0,0,0,0,0
28.250000000000174,0,0,0,0,0,0,0,0,0,0,0
28.300000000000175,0,0,0,0,0,0,0,0,0,0,0
28.350000000000176,0,0,0,0,0,0,0,0,0,0,0
28.400000000000176,0,0,0,0,0,0,0,0,0,0,0
28.450000000000177,0,0,0,0,0,0,0,0,0,0,0
28.500000000000178,0,0,0,0,0,0,0,0,0,0,0
28.55000000000018,0,0,0,0,0,0,0,0,0,0,0
28.60000000000018,0,0,0,0,0,0,0,0,0,0,0
28.65000000000018,0,0,0,0,0,0,0,0,0,0,0
28.70000000000018,0,0,0,0,0,0,0,0,0,0,0
28.75000000000018,0,0,0,0,0,0,0,0,0,0,0
28.800000000000182,0,0,0,0,0,0,0,0,0,0,0
28.850000000000183,0,0,0,0,0,0,0,0,0,0,0
28.900000000000183,0,0,0,0,0,0,0,0,0,0,0
28.950000000000184,0,0,0,0,0,0,0,0,0,0,0
29.000000000000185,0,0,0,0,0,0,0,0,0,0,0
29.050000000000185,0,0,0,0,0,0,0,0,0,0,0
29.100000000000186,0,0,0,0,0,0,0,0,0,0,0
29.150000000000187,0,0,0,0,0,0,0,0,0,0,0
29.200000000000188,0,0,0,0,0,0,0,0,0,0,0
29.25000000000019,0,0,0,0,0,0,0,0,0,0,0
29.30000000000019,0,0,0,0,0,0,0,0,0,0,0
29.35000000000019,0,0,0,0,0,0,0,0,0,0,0
29.40000000000019,0,0,0,0,0,0,0,0,0,0,0
29.45000000000019,0,0,0,0,0,0,0,0,0,0,0
29.500000000000192,0,0,0,0,0,0,0,0,0,0,0
29.550000000000193,0,0,0,0,0,0,0,0,0,0,0
29.600000000000193,0,0,0,0,0,0,0,0,0,0,0
29.650000000000194,0,0,0,0,0,0,0,0,0,0,0
29.700000000000195,0,0,0,0,0,0,0,0,0,0,0
29.750000000000195,0,0,0,0,0,0,0,0,0,0,0
29.800000000000196,0,0,0,0,0,0,0,0,0,0,0
29.850000000000197,0,0,0,0,0,0,0,0,0,0,0
29.900000000000198,0,0,0,0,0,0,0,0,0,0,0
29.9500000000002,0,0,0,0,0,0,0,0,0,0,0
30.0000000000002,0,0,0,0,0,0,0,0,0,0,0
30.0500000000002,0,0,0,0,0,0,0,0,0,0,0
30.1000000000002,0,0,0,0,0,0,0,0,0,0,0
30.1500000000002,0,0,0,0,0,0,0,0,0,0,0
30.200000000000202,0,0,0,0,0,0,0,0,0,0,0
30.250000000000203,0,0,0,0,0,0,0,0,0,0,0
30.300000000000203,0,0,0,0,0,0,0,0,0,0,0
30.350000000000204,0,0,0,0,0,0,0,0,0,0,0
30.400000000000205,0,0,0,0,0,0,0,0,0,0,0
30.450000000000205,0,0,0,0,0,0,0,0,0,0,0
30.500000000000206,0,0,0,0,0,0,0,0,0,0,0
30.550000000000207,0,0,0,0,0,0,0,0,0,0,0
30.600000000000207,0,0,0,0,0,0,0,0,0,0,0
30.650000000000208,0,0,0,0,0,0,0,0,0,0,0
30.70000000000021,0,0,0,0,0,0,0,0,0,0,0
30.75000000000021,0,0,0,0,0,0,0,0,0,0,0
30.80000000000021,0,0,0,0,0,0,0,0,0,0,0
30.85000000000021,0,0,0,0,0,0,0,0,0,0,0
30.90000000000021,0,0,0,0,0,0,0,0,0,0,0
30.950000000000212,0,0,0,0,0,0,0,0,0,0,0
31.000000000000213,0,0,0,0,0,0,0,0,0,0,0
31.050000000000214,0,0,0,0,0,0,0,0,0,0,0
31.100000000000215,0,0,0,0,0,0,0,0,0,0,0
31.150000000000215,0,0,0,0,0,0,0,0,0,0,0
31.200000000000216,0,0,0,0,0,0,0,0,0,0,0
31.250000000000217,0,0,0,0,0,0,0,0,0,0,0
31.300000000000217,0,0,0,0,0,0,0,0,0,0,0
31.350000000000218,0,0,0,0,0,0,0,0,0,0,0
31.40000000000022,0,0,0,0,0,0,0,0,0,0,0
31.45000000000022,0,0,0,0,0,0,0,0,0,0,0
31.50000000000022,0,0,0,0,0,0,0,0,0,0,0
31.55000000000022,0,0,0,0,0,0,0,0,0,0,0
31.60000000000022,0,0,0,0,0,0,0,0,0,0,0
31.650000000000222,0,0,0,0,0,0,0,0,0,0,0
31.700000000000223,0,0,0,0,0,0,0,0,0,0,0
31.750000000000224,0,0,0,0,0,0,0,0,0,0,0
31.800000000000225,0,0,0,0,0,0,0,0,0,0,0
31.850000000000225,0,0,0,0,0,0,0,0,0,0,0
31.900000000000226,0,0,0,0,0,0,0,0,0,0,0
31.950000000000227,0,0,0,0,0,0,0,0,0,0,0
*****
16,0.05,1000,0.6,1,10,100,0.75,1.0,0.75,1.0,0.01
16,1000,226,331,225,331,0,0,0,0,0,0
16.05,985,228,319,236,319,0,0,0,0,0,0
16.1,987,185,328,243,328,0,0,0,0,0,0
16.150000000000002,920,122,303,252,303,0,0,0,0,0,0
16.200000000000003,974,137,303,303,303,0,0,0,0,0,0
16.250000000000004,1002,162,303,283,303,0,0,0,0,0,0
16.300000000000004,1009,222,318,308,318,0,0,0,0,0,0
16.350000000000005,1007,245,341,298,341,0,0,0,0,0,0
16.400000000000006,1010,143,300,297,300,0,0,0,0,0,0
16.450000000000006,1034,114,296,303,296,0,0,0,0,0,0
16.500000000000007,995,121,280,290,280,0,0,0,0,0,0
16.550000000000008,954,125,285,254,285,0,0,0,0,0,0
16.60000000000001,1060,157,350,295,350,0,0,0,0,0,0
16.65000000000001,1029,175,305,270,305,0,0,0,0,0,0
16.70000000000001,986,138,302,229,302,0,0,0,0,0,0
16.75000000000001,940,122,289,206,289,0,0,0,0,0,0
16.80000000000001,923,87,246,192,246,0,0,0,0,0,0
16.850000000000012,1021,65,250,212,250,0,0,0,0,0,0
16.900000000000013,1004,60,248,247,248,0,0,0,0,0,0
16.950000000000014,985,83,257,226,257,0,0,0,0,0,0
17.000000000000014,1048,74,257,234,257,0,0,0,0,0,0
17.050000000000015,975,74,222,211,222,0,0,0,0,0,0
17.100000000000016,998,60,241,215,241,0,0,0,0,0,0
17.150000000000016,1001,40,206,175,206,0,0,0,0,0,0
17.200000000000017,1013,31,211,165,211,0,0,0,0,0,0
17.250000000000018,1006,22,174,144,174,0,0,0,0,0,0
17.30000000000002,1019,17,158,138,158,0,0,0,0,0,0
17.35000000000002,984,15,150,119,150,0,0,0,0,0,0
17.40000000000002,1046,9,114,114,114,0,0,0,0,0,0
17.45000000000002,956,15,107,96,107,0,0,0,0,0,0
17.50000000000002,970,8,80,92,80,0,0,0,0,0,0
17.550000000000022,978,9,104,90,104,0,0,0,0,0,0
17.600000000000023,1023,5,101,89,101,0,0,0,0,0,0
17.650000000000023,984,8,86,89,86,0,0,0,0,0,0
17.700000000000024,1003,4,74,76,74,0,0,0,0,0,0
17.750000000000025,901,3,75,64,75,0,0,0,0,0,0
17.800000000000026,1005,1,45,31,45,0,0,0,0,0,0
17.850000000000026,1002,3,46,39,46,0,0,0,0,0,0
17.900000000000027,1035,3,46,44,46,0,0,0,0,0,0
17.950000000000028,1035,3,39,41,39,0,0,0,0,0,0
18.00000000000003,976,1,32,29,32,0,0,0,0,0,0
18.05000000000003,1014,0,27,25,27,0,0,0,0,0,0
18.10000000000003,969,2,34,36,34,0,0,0,0,0,0
18.15000000000003,974,0,20,14,20,0,0,0,0,0,0
18.20000000000003,961,0,15,17,15,0,0,0,0,0,0
18.250000000000032,1086,0,15,18,15,0,0,0,0,0,0
18.300000000000033,941,0,12,16,12,0,0,0,0,0,0
18.350000000000033,996,0,10,14,10,0,0,0,0,0,0
18.400000000000034,936,0,10,13,10,0,0,0,0,0,0
18.450000000000035,1003,0,5,12,5,0,0,0,0,0,0
18.500000000000036,930,0,8,6,8,0,0,0,0,0,0
18.550000000000036,979,1,6,4,6,0,0,0,0,0,0
18.600000000000037,978,0,6,5,6,0,0,0,0,0,0
18.650000000000038,1033,0,4,4,4,0,0,0,0,0,0
18.70000000000004,1013,0,0,2,0,0,0,0,0,0,0
18.75000000000004,952,0,3,3,3,0,0,0,0,0,0
18.80000000000004,987,0,2,2,2,0,0,0,0,0,0
18.85000000000004,948,0,1,0,1,0,0,0,0,0,0
18.90000000000004,985,0,2,5,2,0,0,0,0,0,0
18.950000000000042,932,0,3,2,3,0,0,0,0,0,0
19.000000000000043,974,0,1,0,1,0,0,0,0,0,0
19.050000000000043,931,0,0,2,0,0,0,0,0,0,0
19.100000000000044,895,0,0,0,0,0,0,0,0,0,0
19.150000000000045,973,0,0,0,0,0,0,0,0,0,0
19.200000000000045,947,0,0,0,0,0,0,0,0,0,0
19.250000000000046,944,0,0,0,0,0,0,0,0,0,0
19.300000000000047,922,0,1,1,1,0,0,0,0,0,0
19.350000000000048,911,0,0,0,0,0,0,0,0,0,0
19.40000000000005,951,0,0,0,0,0,0,0,0,0,0
19.45000000000005,890,0,0,0,0,0,0,0,0,0,0
19.50000000000005,878,0,0,0,0,0,0,0,0,0,0
19.55000000000005,824,0,0,0,0,0,0,0,0,0,0
19.60000000000005,829,0,0,0,0,0,0,0,0,0,0
19.650000000000052,838,0,0,0,0,0,0,0,0,0,0
19.700000000000053,698,0,0,0,0,0,0,0,0,0,0
19.750000000000053,693,0,0,0,0,0,0,0,0,0,0
19.800000000000054,535,0,0,0,0,0,0,0,0,0,0
19.850000000000055,429,0,0,0,0,0,0,0,0,0,0
19.900000000000055,403,0,0,0,0,0,0,0,0,0,0
19.950000000000056,359,0,0,0,0,0,0,0,0,0,0
20.000000000000057,277,0,0,0,0,0,0,0,0,0,0
20.050000000000058,163,0,0,0,0,0,0,0,0,0,0
20.10000000000006,114,0,0,0,0,0,0,0,0,0,0
20.15000000000006,109,0,0,0,0,0,0,0,0,0,0
20.20000000000006,122,0,0,0,0,0,0,0,0,0,0
20.25000000000006,102,0,0,0,0,0,0,0,0,0,0
20.30000000000006,69,0,0,0,0,0,0,0,0,0,0
20.350000000000062,0,0,0,0,0,0,0,0,0,0,0
20.400000000000063,0,0,0,0,0,0,0,0,0,0,0
20.450000000000063,0,0,0,0,0,0,0,0,0,0,0
20.500000000000064,0,0,0,0,0,0,0,0,0,0,0
20.550000000000065,0,0,0,0,0,0,0,0,0,0,0
20.600000000000065,0,0,0,0,0,0,0,0,0,0,0
20.650000000000066,0,0,0,0,0,0,0,0,0,0,0
20.700000000000067,0,0,0,0,0,0,0,0,0,0,0
20.750000000000068,0,0,0,0,0,0,0,0,0,0,0
20.800000000000068,0,0,0,0,0,0,0,0,0,0,0
20.85000000000007,0,0,0,0,0,0,0,0,0,0,0
20.90000000000007,0,0,0,0,0,0,0,0,0,0,0
20.95000000000007,0,0,0,0,0,0,0,0,0,0,0
21.00000000000007,0,0,0,0,0,0,0,0,0,0,0
21.05000000000007,0,0,0,0,0,0,0,0,0,0,0
21.100000000000072,0,0,0,0,0,0,0,0,0,0,0
21.150000000000073,0,0,0,0,0,0,0,0,0,0,0
21.200000000000074,0,0,0,0,0,0,0,0,0,0,0
21.250000000000075,0,0,0,0,0,0,0,0,0,0,0
21.300000000000075,0,0,0,0,0,0,0,0,0,0,0
21.350000000000076,0,0,0,0,0,0,0,0,0,0,0
21.400000000000077,0,0,0,0,0,0,0,0,0,0,0
21.450000000000077,0,0,0,0,0,0,0,0,0,0,0
21.500000000000078,0,0,0,0,0,0,0,0,0,0,0
21.55000000000008,0,0,0,0,0,0,0,0,0,0,0
21.60000000000008,0,0,0,0,0,0,0,0,0,0,0
21.65000000000008,0,0,0,0,0,0,0,0,0,0,0
21.70000000000008,0,0,0,0,0,0,0,0,0,0,0
21.75000000000008,0,0,0,0,0,0,0,0,0,0,0
21.800000000000082,0,0,0,0,0,0,0,0,0,0,0
21.850000000000083,0,0,0,0,0,0,0,0,0,0,0
21.900000000000084,0,0,0,0,0,0,0,0,0,0,0
21.950000000000085,0,0,0,0,0,0,0,0,0,0,0
22.000000000000085,0,0,0,0,0,0,0,0,0,0,0
22.050000000000086,0,0,0,0,0,0,0,0,0,0,0
22.100000000000087,0,0,0,0,0,0,0,0,0,0,0
22.150000000000087,0,0,0,0,0,0,0,0,0,0,0
22.200000000000088,0,0,0,0,0,0,0,0,0,0,0
22.25000000000009,0,0,0,0,0,0,0,0,0,0,0
22.30000000000009,0,0,0,0,0,0,0,0,0,0,0
22.35000000000009,0,0,0,0,0,0,0,0,0,0,0
22.40000000000009,0,0,0,0,0,0,0,0,0,0,0
22.45000000000009,0,0,0,0,0,0,0,0,0,0,0
22.500000000000092,0,0,0,0,0,0,0,0,0,0,0
22.550000000000093,0,0,0,0,0,0,0,0,0,0,0
22.600000000000094,0,0,0,0,0,0,0,0,0,0,0
22.650000000000095,0,0,0,0,0,0,0,0,0,0,0
22.700000000000095,0,0,0,0,0,0,0,0,0,0,0
22.750000000000096,0,0,0,0,0,0,0,0,0,0,0
22.800000000000097,0,0,0,0,0,0,0,0,0,0,0
22.850000000000097,0,0,0,0,0,0,0,0,0,0,0
22.900000000000098,0,0,0,0,0,0,0,0,0,0,0
22.9500000000001,0,0,0,0,0,0,0,0,0,0,0
23.0000000000001,0,0,0,0,0,0,0,0,0,0,0
23.0500000000001,0,0,0,0,0,0,0,0,0,0,0
23.1000000000001,0,0,0,0,0,0,0,0,0,0,0
23.1500000000001,0,0,0,0,0,0,0,0,0,0,0
23.200000000000102,0,0,0,0,0,0,0,0,0,0,0
23.250000000000103,0,0,0,0,0,0,0,0,0,0,0
23.300000000000104,0,0,0,0,0,0,0,0,0,0,0
23.350000000000104,0,0,0,0,0,0,0,0,0,0,0
23.400000000000105,0,0,0,0,0,0,0,0,0,0,0
23.450000000000106,0,0,0,0,0,0,0,0,0,0,0
23.500000000000107,0,0,0,0,0,0,0,0,0,0,0
23.550000000000107,0,0,0,0,0,0,0,0,0,0,0
23.600000000000108,0,0,0,0,0,0,0,0,0,0,0
23.65000000000011,0,0,0,0,0,0,0,0,0,0,0
23.70000000000011,0,0,0,0,0,0,0,0,0,0,0
23.75000000000011,0,0,0,0,0,0,0,0,0,0,0
23.80000000000011,0,0,0,0,0,0,0,0,0,0,0
23.85000000000011,0,0,0,0,0,0,0,0,0,0,0
23.900000000000112,0,0,0,0,0,0,0,0,0,0,0
23.950000000000113,0,0,0,0,0,0,0,0,0,0,0
24.000000000000114,0,0,0,0,0,0,0,0,0,0,0
24.050000000000114,0,0,0,0,0,0,0,0,0,0,0
24.100000000000115,0,0,0,0,0,0,0,0,0,0,0
24.150000000000116,0,0,0,0,0,0,0,0,0,0,0
24.200000000000117,0,0,0,0,0,0,0,0,0,0,0
24.250000000000117,0,0,0,0,0,0,0,0,0,0,0
24.300000000000118,0,0,0,0,0,0,0,0,0,0,0
24.35000000000012,0,0,0,0,0,0,0,0,0,0,0
24.40000000000012,0,0,0,0,0,0,0,0,0,0,0
24.45000000000012,0,0,0,0,0,0,0,0,0,0,0
24.50000000000012,0,0,0,0,0,0,0,0,0,0,0
24.55000000000012,0,0,0,0,0,0,0,0,0,0,0
24.600000000000122,0,0,0,0,0,0,0,0,0,0,0
24.650000000000123,0,0,0,0,0,0,0,0,0,0,0
24.700000000000124,0,0,0,0,0,0,0,0,0,0,0
24.750000000000124,0,0,0,0,0,0,0,0,0,0,0
24.800000000000125,0,0,0,0,0,0,0,0,0,0,0
24.850000000000126,0,0,0,0,0,0,0,0,0,0,0
24.900000000000126,0,0,0,0,0,0,0,0,0,0,0
24.950000000000127,0,0,0,0,0,0,0,0,0,0,0
25.000000000000128,0,0,0,0,0,0,0,0,0,0,0
25.05000000000013,0,0,0,0,0,0,0,0,0,0,0
25.10000000000013,0,0,0,0,0,0,0,0,0,0,0
25.15000000000013,0,0,0,0,0,0,0,0,0,0,0
25.20000000000013,0,0,0,0,0,0,0,0,0,0,0
25.25000000000013,0,0,0,0,0,0,0,0,0,0,0
25.300000000000132,0,0,0,0,0,0,0,0,0,0,0
25.350000000000133,0,0,0,0,0,0,0,0,0,0,0
25.400000000000134,0,0,0,0,0,0,0,0,0,0,0
25.450000000000134,0,0,0,0,0,0,0,0,0,0,0
25.500000000000135,0,0,0,0,0,0,0,0,0,0,0
25.550000000000136,0,0,0,0,0,0,0,0,0,0,0
25.600000000000136,0,0,0,0,0,0,0,0,0,0,0
25.650000000000137,0,0,0,0,0,0,0,0,0,0,0
25.700000000000138,0,0,0,0,0,0,0,0,0,0,0
25.75000000000014,0,0,0,0,0,0,0,0,0,0,0
25.80000000000014,0,0,0,0,0,0,0,0,0,0,0
25.85000000000014,0,0,0,0,0,0,0,0,0,0,0
25.90000000000014,0,0,0,0,0,0,0,0,0,0,0
25.95000000000014,0,0,0,0,0,0,0,0,0,0,0
26.000000000000142,0,0,0,0,0,0,0,0,0,0,0
26.050000000000143,0,0,0,0,0,0,0,0,0,0,0
26.100000000000144,0,0,0,0,0,0,0,0,0,0,0
26.150000000000144,0,0,0,0,0,0,0,0,0,0,0
26.200000000000145,0,0,0,0,0,0,0,0,0,0,0
26.250000000000146,0,0,0,0,0,0,0,0,0,0,0
26.300000000000146,0,0,0,0,0,0,0,0,0,0,0
26.350000000000147,0,0,0,0,0,0,0,0,0,0,0
26.400000000000148,0,0,0,0,0,0,0,0,0,0,0
26.45000000000015,0,0,0,0,0,0,0,0,0,0,0
26.50000000000015,0,0,0,0,0,0,0,0,0,0,0
26.55000000000015,0,0,0,0,0,0,0,0,0,0,0
26.60000000000015,0,0,0,0,0,0,0,0,0,0,0
26.65000000000015,0,0,0,0,0,0,0,0,0,0,0
26.700000000000152,0,0,0,0,0,0,0,0,0,0,0
26.750000000000153,0,0,0,0,0,0,0,0,0,0,0
26.800000000000153,0,0,0,0,0,0,0,0,0,0,0
26.850000000000154,0,0,0,0,0,0,0,0,0,0,0
26.900000000000155,0,0,0,0,0,0,0,0,0,0,0
26.950000000000156,0,0,0,0,0,0,0,0,0,0,0
27.000000000000156,0,0,0,0,0,0,0,0,0,0,0
27.050000000000157,0,0,0,0,0,0,0,0,0,0,0
27.100000000000158,0,0,0,0,0,0,0,0,0,0,0
27.15000000000016,0,0,0,0,0,0,0,0,0,0,0
27.20000000000016,0,0,0,0,0,0,0,0,0,0,0
27.25000000000016,0,0,0,0,0,0,0,0,0,0,0
27.30000000000016,0,0,0,0,0,0,0,0,0,0,0
27.35000000000016,0,0,0,0,0,0,0,0,0,0,0
27.400000000000162,0,0,0,0,0,0,0,0,0,0,0
27.450000000000163,0,0,0,0,0,0,0,0,0,0,0
27.500000000000163,0,0,0,0,0,0,0,0,0,0,0
27.550000000000164,0,0,0,0,0,0,0,0,0,0,0
27.600000000000165,0,0,0,0,0,0,0,0,0,0,0
27.650000000000166,0,0,0,0,0,0,0,0,0,0,0
27.700000000000166,0,0,0,0,0,0,0,0,0,0,0
27.750000000000167,0,0,0,0,0,0,0,0,0,0,0
27.800000000000168,0,0,0,0,0,0,0,0,0,0,0
27.85000000000017,0,0,0,0,0,0,0,0,0,0,0
27.90000000000017,0,0,0,0,0,0,0,0,0,0,0
27.95000000000017,0,0,0,0,0,0,0,0,0,0,0
28.00000000000017,0,0,0,0,0,0,0,0,0,0,0
28.05000000000017,0,0,0,0,0,0,0,0,0,0,0
28.100000000000172,0,0,0,0,0,0,0,0,0,0,0
28.150000000000173,0,0,0,0,0,0,0,0,0,0,0
28.200000000000173,0,0,0,0,0,0,0,0,0,0,0
28.250000000000174,0,0,0,0,0,0,0,0,0,0,0
28.300000000000175,0,0,0,0,0,0,0,0,0,0,0
28.350000000000176,0,0,0,0,0,0,0,0,0,0,0
28.400000000000176,0,0,0,0,0,0,0,0,0,0,0
28.450000000000177,0,0,0,0,0,0,0,0,0,0,0
28.500000000000178,0,0,0,0,0,0,0,0,0,0,0
28.55000000000018,0,0,0,0,0,0,0,0,0,0,0
28.60000000000018,0,0,0,0,0,0,0,0,0,0,0
28.65000000000018,0,0,0,0,0,0,0,0,0,0,0
28.70000000000018,0,0,0,0,0,0,0,0,0,0,0
28.75000000000018,0,0,0,0,0,0,0,0,0,0,0
28.800000000000182,0,0,0,0,0,0,0,0,0,0,0
28.850000000000183,0,0,0,0,0,0,0,0,0,0,0
28.900000000000183,0,0,0,0,0,0,0,0,0,0,0
28.950000000000184,0,0,0,0,0,0,0,0,0,0,0
29.000000000000185,0,0,0,0,0,0,0,0,0,0,0
29.050000000000185,0,0,0,0,0,0,0,0,0,0,0
29.100000000000186,0,0,0,0,0,0,0,0,0,0,0
29.150000000000187,0,0,0,0,0,0,0,0,0,0,0
29.200000000000188,0,0,0,0,0,0,0,0,0,0,0
29.25000000000019,0,0,0,0,0,0,0,0,0,0,0
29.30000000000019,0,0,0,0,0,0,0,0,0,0,0
29.35000000000019,0,0,0,0,0,0,0,0,0,0,0
29.40000000000019,0,0,0,0,0,0,0,0,0,0,0
29.45000000000019,0,0,0,0,0,0,0,0,0,0,0
29.500000000000192,0,0,0,0,0,0,0,0,0,0,0
29.550000000000193,0,0,0,0,0,0,0,0,0,0,0
29.600000000000193,0,0,0,0,0,0,0,0,0,0,0
29.650000000000194,0,0,0,0,0,0,0,0,0,0,0
29.700000000000195,0,0,0,0,0,0,0,0,0,0,0
29.750000000000195,0,0,0,0,0,0,0,0,0,0,0
29.800000000000196,0,0,0,0,0,0,0,0,0,0,0
29.850000000000197,0,0,0,0,0,0,0,0,0,0,0
29.900000000000198,0,0,0,0,0,0,0,0,0,0,0
29.9500000000002,0,0,0,0,0,0,0,0,0,0,0
30.0000000000002,0,0,0,0,0,0,0,0,0,0,0
30.0500000000002,0,0,0,0,0,0,0,0,0,0,0
30.1000000000002,0,0,0,0,0,0,0,0,0,0,0
30.1500000000002,0,0,0,0,0,0,0,0,0,0,0
30.200000000000202,0,0,0,0,0,0,0,0,0,0,0
30.250000000000203,0,0,0,0,0,0,0,0,0,0,0
30.300000000000203,0,0,0,0,0,0,0,0,0,0,0
30.350000000000204,0,0,0,0,0,0,0,0,0,0,0
30.400000000000205,0,0,0,0,0,0,0,0,0,0,0
30.450000000000205,0,0,0,0,0,0,0,0,0,0,0
30.500000000000206,0,0,0,0,0,0,0,0,0,0,0
30.550000000000207,0,0,0,0,0,0,0,0,0,0,0
30.600000000000207,0,0,0,0,0,0,0,0,0,0,0
30.650000000000208,0,0,0,0,0,0,0,0,0,0,0
30.70000000000021,0,0,0,0,0,0,0,0,0,0,0
30.75000000000021,0,0,0,0,0,0,0,0,0,0,0
30.80000000000021,0,0,0,0,0,0,0,0,0,0,0
30.85000000000021,0,0,0,0,0,0,0,0,0,0,0
30.90000000000021,0,0,0,0,0,0,0,0,0,0,0
30.950000000000212,0,0,0,0,0,0,0,0,0,0,0
31.000000000000213,0,0,0,0,0,0,0,0,0,0,0
31.050000000000214,0,0,0,0,0,0,0,0,0,0,0
31.100000000000215,0,0,0,0,0,0,0,0,0,0,0
31.150000000000215,0,0,0,0,0,0,0,0,0,0,0
31.200000000000216,0,0,0,0,0,0,0,0,0,0,0
31.250000000000217,0,0,0,0,0,0,0,0,0,0,0
31.300000000000217,0,0,0,0,0,0,0,0,0,0,0
31.350000000000218,0,0,0,0,0,0,0,0,0,0,0
31.40000000000022,0,0,0,0,0,0,0,0,0,0,0
31.45000000000022,0,0,0,0,0,0,0,0,0,0,0
31.50000000000022,0,0,0,0,0,0,0,0,0,0,0
31.55000000000022,0,0,0,0,0,0,0,0,0,0,0
31.60000000000022,0,0,0,0,0,0,0,0,0,0,0
31.650000000000222,0,0,0,0,0,0,0,0,0,0,0
31.700000000000223,0,0,0,0,0,0,0,0,0,0,0
31.750000000000224,0,0,0,0,0,0,0,0,0,0,0
31.800000000000225,0,0,0,0,0,0,0,0,0,0,0
31.850000000000225,0,0,0,0,0,0,0,0,0,0,0
31.900000000000226,0,0,0,0,0,0,0,0,0,0,0
31.950000000000227,0,0,0,0,0,0,0,0,0,0,0
