*****
16,0.05,1000,0,1,10,100,0.75,1.0,0.65,1.0,0.01
16,1000,1000,1000,902,1000,0,0,0,0,0,0
16.05,995,995,995,901,995,0,0,0,0,0,0
16.1,964,964,964,888,964,0,0,0,0,0,0
16.150000000000002,982,981,981,885,982,0,0,0,0,0,0
16.200000000000003,1015,1012,1015,940,1015,0,0,0,0,0,0
16.250000000000004,1013,1008,1011,908,1012,0,0,0,0,0,0
16.300000000000004,997,980,991,916,990,0,0,0,0,0,0
16.350000000000005,980,943,968,896,969,0,0,0,0,0,0
16.400000000000006,998,937,967,918,971,0,0,0,0,0,0
16.450000000000006,995,889,948,906,950,0,0,0,0,0,0
16.500000000000007,1017,866,930,925,938,0,0,0,0,0,0
16.550000000000008,1030,807,882,873,898,0,0,0,0,0,0
16.60000000000001,994,692,797,894,812,0,0,0,0,0,0
16.65000000000001,1025,630,755,852,780,0,0,0,0,0,0
16.70000000000001,1016,549,686,809,702,0,0,0,0,0,0
16.75000000000001,1015,460,599,797,616,0,0,0,0,0,0
16.80000000000001,983,374,528,732,552,0,0,0,0,0,0
16.850000000000012,981,303,436,664,459,0,0,0,0,0,0
16.900000000000013,1037,266,408,668,423,0,0,0,0,0,0
16.950000000000014,955,185,301,586,314,0,0,0,0,0,0
17.000000000000014,1047,178,278,601,300,0,0,0,0,0,0
17.050000000000015,1018,112,216,561,230,0,0,0,0,0,0
17.100000000000016,1000,63,149,447,170,0,0,0,0,0,0
17.150000000000016,983,70,133,462,138,0,0,0,0,0,0
17.200000000000017,907,51,97,359,103,0,0,0,0,0,0
17.250000000000018,978,30,77,337,84,0,0,0,0,0,0
17.30000000000002,989,17,53,348,56,0,0,0,0,0,0
17.35000000000002,1000,13,58,339,65,0,0,0,0,0,0
17.40000000000002,974,6,38,271,42,0,0,0,0,0,0
17.45000000000002,1049,6,28,264,33,0,0,0,0,0,0
17.50000000000002,990,7,23,210,25,0,0,0,0,0,0
17.550000000000022,996,6,19,205,21,0,0,0,0,0,0
17.600000000000023,954,3,9,154,9,0,0,0,0,0,0
17.650000000000023,1004,2,11,151,11,0,0,0,0,0,0
17.700000000000024,1002,1,13,154,13,0,0,0,0,0,0
17.750000000000025,1015,1,4,132,5,0,0,0,0,0,0
17.800000000000026,956,0,4,114,4,0,0,0,0,0,0
17.850000000000026,1006,0,0,84,0,0,0,0,0,0,0
17.900000000000027,1021,0,0,74,0,0,0,0,0,0,0
17.950000000000028,994,0,1,54,1,0,0,0,0,0,0
18.00000000000003,929,0,0,45,0,0,0,0,0,0,0
18.05000000000003,977,0,3,36,3,0,0,0,0,0,0
18.10000000000003,1007,0,0,39,0,0,0,0,0,0,0
18.15000000000003,1024,0,1,29,1,0,0,0,0,0,0
18.20000000000003,984,0,0,17,0,0,0,0,0,0,0
18.250000000000032,991,0,0,25,0,0,0,0,0,0,0
18.300000000000033,924,0,0,10,0,0,0,0,0,0,0
18.350000000000033,939,0,0,8,0,0,0,0,0,0,0
18.400000000000034,943,0,0,12,0,0,0,0,0,0,0
18.450000000000035,934,0,0,4,0,0,0,0,0,0,0
18.500000000000036,932,0,0,8,0,0,0,0,0,0,0
18.550000000000036,910,0,0,6,0,0,0,0,0,0,0
18.600000000000037,899,0,0,2,0,0,0,0,0,0,0
18.650000000000038,893,0,0,3,0,0,0,0,0,0,0
18.70000000000004,877,0,0,0,0,0,0,0,0,0,0
18.75000000000004,803,0,0,1,0,0,0,0,0,0,0
18.80000000000004,802,0,0,1,0,0,0,0,0,0,0
18.85000000000004,655,0,0,1,0,0,0,0,0,0,0
18.90000000000004,700,0,0,1,0,0,0,0,0,0,0
18.950000000000042,651,0,0,2,0,0,0,0,0,0,0
19.000000000000043,617,0,0,1,0,0,0,0,0,0,0
19.050000000000043,568,0,0,0,0,0,0,0,0,0,0
19.100000000000044,526,0,0,1,0,0,0,0,0,0,0
19.150000000000045,505,0,0,0,0,0,0,0,0,0,0
19.200000000000045,481,0,0,0,0,0,0,0,0,0,0
19.250000000000046,370,0,0,0,0,0,0,0,0,0,0
19.300000000000047,331,0,0,0,0,0,0,0,0,0,0
19.350000000000048,356,0,0,0,0,0,0,0,0,0,0
19.40000000000005,297,0,0,0,0,0,0,0,0,0,0
19.45000000000005,262,0,0,0,0,0,0,0,0,0,0
19.50000000000005,219,0,0,1,0,0,0,0,0,0,0
19.55000000000005,162,0,0,1,0,0,0,0,0,0,0
19.60000000000005,175,0,0,0,0,0,0,0,0,0,0
19.650000000000052,132,0,0,0,0,0,0,0,0,0,0
19.700000000000053,121,0,0,0,0,0,0,0,0,0,0
19.750000000000053,119,0,0,0,0,0,0,0,0,0,0
19.800000000000054,97,0,0,0,0,0,0,0,0,0,0
19.850000000000055,87,0,0,0,0,0,0,0,0,0,0
19.900000000000055,73,0,0,0,0,0,0,0,0,0,0
19.950000000000056,53,0,0,0,0,0,0,0,0,0,0
20.000000000000057,25,0,0,0,0,0,0,0,0,0,0
20.050000000000058,13,0,0,0,0,0,0,0,0,0,0
20.10000000000006,7,0,0,0,0,0,0,0,0,0,0
20.15000000000006,8,0,0,0,0,0,0,0,0,0,0
20.20000000000006,3,0,0,0,0,0,0,0,0,0,0
20.25000000000006,5,0,0,0,0,0,0,0,0,0,0
20.30000000000006,8,0,0,0,0,0,0,0,0,0,0
20.350000000000062,8,0,0,0,0,0,0,0,0,0,0
20.400000000000063,6,0,0,0,0,0,0,0,0,0,0
20.450000000000063,7,0,0,0,0,0,0,0,0,0,0
20.500000000000064,7,0,0,0,0,0,0,0,0,0,0
20.550000000000065,0,0,0,0,0,0,0,0,0,0,0
20.600000000000065,0,0,0,0,0,0,0,0,0,0,0
20.650000000000066,0,0,0,0,0,0,0,0,0,0,0
20.700000000000067,0,0,0,0,0,0,0,0,0,0,0
20.750000000000068,0,0,0,0,0,0,0,0,0,0,0
20.800000000000068,0,0,0,0,0,0,0,0,0,0,0
20.85000000000007,0,0,0,0,0,0,0,0,0,0,0
20.90000000000007,0,0,0,0,0,0,0,0,0,0,0
20.95000000000007,0,0,0,0,0,0,0,0,0,0,0
21.00000000000007,0,0,0,0,0,0,0,0,0,0,0
21.05000000000007,0,0,0,0,0,0,0,0,0,0,0
21.100000000000072,0,0,0,0,0,0,0,0,0,0,0
21.150000000000073,0,0,0,0,0,0,0,0,0,0,0
21.200000000000074,0,0,0,0,0,0,0,0,0,0,0
21.250000000000075,0,0,0,0,0,0,0,0,0,0,0
21.300000000000075,0,0,0,0,0,0,0,0,0,0,0
21.350000000000076,0,0,0,0,0,0,0,0,0,0,0
21.400000000000077,0,0,0,0,0,0,0,0,0,0,0
21.450000000000077,0,0,0,0,0,0,0,0,0,0,0
21.500000000000078,0,0,0,0,0,0,0,0,0,0,0
21.55000000000008,0,0,0,0,0,0,0,0,0,0,0
21.60000000000008,0,0,0,0,0,0,0,0,0,0,0
21.65000000000008,0,0,0,0,0,0,0,0,0,0,0
21.70000000000008,0,0,0,0,0,0,0,0,0,0,0
21.75000000000008,0,0,0,0,0,0,0,0,0,0,0
21.800000000000082,0,0,0,0,0,0,0,0,0,0,0
21.850000000000083,0,0,0,0,0,0,0,0,0,0,0
21.900000000000084,0,0,0,0,0,0,0,0,0,0,0
21.950000000000085,0,0,0,0,0,0,0,0,0,0,0
22.000000000000085,0,0,0,0,0,0,0,0,0,0,0
22.050000000000086,0,0,0,0,0,0,0,0,0,0,0
22.100000000000087,0,0,0,0,0,0,0,0,0,0,0
22.150000000000087,0,0,0,0,0,0,0,0,0,0,0
22.200000000000088,0,0,0,0,0,0,0,0,0,0,0
22.25000000000009,0,0,0,0,0,0,0,0,0,0,0
22.30000000000009,0,0,0,0,0,0,0,0,0,0,0
22.35000000000009,0,0,0,0,0,0,0,0,0,0,0
22.40000000000009,0,0,0,0,0,0,0,0,0,0,0
22.45000000000009,0,0,0,0,0,0,0,0,0,0,0
22.500000000000092,0,0,0,0,0,0,0,0,0,0,0
22.550000000000093,0,0,0,0,0,0,0,0,0,0,0
22.600000000000094,0,0,0,0,0,0,0,0,0,0,0
22.650000000000095,0,0,0,0,0,0,0,0,0,0,0
22.700000000000095,0,0,0,0,0,0,0,0,0,0,0
22.750000000000096,0,0,0,0,0,0,0,0,0,0,0
22.800000000000097,0,0,0,0,0,0,0,0,0,0,0
22.850000000000097,0,0,0,0,0,0,0,0,0,0,0
22.900000000000098,0,0,0,0,0,0,0,0,0,0,0
22.9500000000001,0,0,0,0,0,0,0,0,0,0,0
23.0000000000001,0,0,0,0,0,0,0,0,0,0,0
23.0500000000001,0,0,0,0,0,0,0,0,0,0,0
23.1000000000001,0,0,0,0,0,0,0,0,0,0,0
23.1500000000001,0,0,0,0,0,0,0,0,0,0,0
23.200000000000102,0,0,0,0,0,0,0,0,0,0,0
23.250000000000103,0,0,0,0,0,0,0,0,0,0,0
23.300000000000104,0,0,0,0,0,0,0,0,0,0,0
23.350000000000104,0,0,0,0,0,0,0,0,0,0,0
23.400000000000105,0,0,0,0,0,0,0,0,0,0,0
23.450000000000106,0,0,0,0,0,0,0,0,0,0,0
23.500000000000107,0,0,0,0,0,0,0,0,0,0,0
23.550000000000107,0,0,0,0,0,0,0,0,0,0,0
23.600000000000108,0,0,0,0,0,0,0,0,0,0,0
23.65000000000011,0,0,0,0,0,0,0,0,0,0,0
23.70000000000011,0,0,0,0,0,0,0,0,0,0,0
23.75000000000011,0,0,0,0,0,0,0,0,0,0,0
23.80000000000011,0,0,0,0,0,0,0,0,0,0,0
23.85000000000011,0,0,0,0,0,0,0,0,0,0,0
23.900000000000112,0,0,0,0,0,0,0,0,0,0,0
23.950000000000113,0,0,0,0,0,0,0,0,0,0,0
24.000000000000114,0,0,0,0,0,0,0,0,0,0,0
24.050000000000114,0,0,0,0,0,0,0,0,0,0,0
24.100000000000115,0,0,0,0,0,0,0,0,0,0,0
24.150000000000116,0,0,0,0,0,0,0,0,0,0,0
24.200000000000117,0,0,0,0,0,0,0,0,0,0,0
24.250000000000117,0,0,0,0,0,0,0,0,0,0,0
24.300000000000118,0,0,0,0,0,0,0,0,0,0,0
24.35000000000012,0,0,0,0,0,0,0,0,0,0,0
24.40000000000012,0,0,0,0,0,0,0,0,0,0,0
24.45000000000012,0,0,0,0,0,0,0,0,0,0,0
24.50000000000012,0,0,0,0,0,0,0,0,0,0,0
24.55000000000012,0,0,0,0,0,0,0,0,0,0,0
24.600000000000122,0,0,0,0,0,0,0,0,0,0,0
24.650000000000123,0,0,0,0,0,0,0,0,0,0,0
24.700000000000124,0,0,0,0,0,0,0,0,0,0,0
24.750000000000124,0,0,0,0,0,0,0,0,0,0,0
24.800000000000125,0,0,0,0,0,0,0,0,0,0,0
24.850000000000126,0,0,0,0,0,0,0,0,0,0,0
24.900000000000126,0,0,0,0,0,0,0,0,0,0,0
24.950000000000127,0,0,0,0,0,0,0,0,0,0,0
25.000000000000128,0,0,0,0,0,0,0,0,0,0,0
25.05000000000013,0,0,0,0,0,0,0,0,0,0,0
25.10000000000013,0,0,0,0,0,0,0,0,0,0,0
25.15000000000013,0,0,0,0,0,0,0,0,0,0,0
25.20000000000013,0,0,0,0,0,0,0,0,0,0,0
25.25000000000013,0,0,0,0,0,0,0,0,0,0,0
25.300000000000132,0,0,0,0,0,0,0,0,0,0,0
25.350000000000133,0,0,0,0,0,0,0,0,0,0,0
25.400000000000134,0,0,0,0,0,0,0,0,0,0,0
25.450000000000134,0,0,0,0,0,0,0,0,0,0,0
25.500000000000135,0,0,0,0,0,0,0,0,0,0,0
25.550000000000136,0,0,0,0,0,0,0,0,0,0,0
25.600000000000136,0,0,0,0,0,0,0,0,0,0,0
25.650000000000137,0,0,0,0,0,0,0,0,0,0,0
25.700000000000138,0,0,0,0,0,0,0,0,0,0,0
25.75000000000014,0,0,0,0,0,0,0,0,0,0,0
25.80000000000014,0,0,0,0,0,0,0,0,0,0,0
25.85000000000014,0,0,0,0,0,0,0,0,0,0,0
25.90000000000014,0,0,0,0,0,0,0,0,0,0,0
25.95000000000014,0,0,0,0,0,0,0,0,0,0,0
26.000000000000142,0,0,0,0,0,0,0,0,0,0,0
26.050000000000143,0,0,0,0,0,0,0,0,0,0,0
26.100000000000144,0,0,0,0,0,0,0,0,0,0,0
26.150000000000144,0,0,0,0,0,0,0,0,0,0,0
26.200000000000145,0,0,0,0,0,0,0,0,0,0,0
26.250000000000146,0,0,0,0,0,0,0,0,0,0,0
26.300000000000146,0,0,0,0,0,0,0,0,0,0,0
26.350000000000147,0,0,0,0,0,0,0,0,0,0,0
26.400000000000148,0,0,0,0,0,0,0,0,0,0,0
26.45000000000015,0,0,0,0,0,0,0,0,0,0,0
26.50000000000015,0,0,0,0,0,0,0,0,0,0,0
26.55000000000015,0,0,0,0,0,0,0,0,0,0,0
26.60000000000015,0,0,0,0,0,0,0,0,0,0,0
26.65000000000015,0,0,0,0,0,0,0,0,0,0,0
26.700000000000152,0,0,0,0,0,0,0,0,0,0,0
26.750000000000153,0,0,0,0,0,0,0,0,0,0,0
26.800000000000153,0,0,0,0,0,0,0,0,0,0,0
26.850000000000154,0,0,0,0,0,0,0,0,0,0,0
26.900000000000155,0,0,0,0,0,0,0,0,0,0,0
26.950000000000156,0,0,0,0,0,0,0,0,0,0,0
27.000000000000156,0,0,0,0,0,0,0,0,0,0,0
27.050000000000157,0,0,0,0,0,0,0,0,0,0,0
27.100000000000158,0,0,0,0,0,0,0,0,0,0,0
27.15000000000016,0,0,0,0,0,0,0,0,0,0,0
27.20000000000016,0,0,0,0,0,0,0,0,0,0,0
27.25000000000016,0,0,0,0,0,0,0,0,0,0,0
27.30000000000016,0,0,0,0,0,0,0,0,0,0,0
27.35000000000016,0,0,0,0,0,0,0,0,0,0,0
27.400000000000162,0,0,0,0,0,0,0,0,0,0,0
27.450000000000163,0,0,0,0,0,0,0,0,0,0,0
27.500000000000163,0,0,0,0,0,0,0,0,0,0,0
27.550000000000164,0,0,0,0,0,0,0,0,0,0,0
27.600000000000165,0,0,0,0,0,0,0,0,0,0,0
27.650000000000166,0,0,0,0,0,0,0,0,0,0,0
27.700000000000166,0,0,0,0,0,0,0,0,0,0,0
27.750000000000167,0,0,0,0,0,0,0,0,0,0,0
27.800000000000168,0,0,0,0,0,0,0,0,0,0,0
27.85000000000017,0,0,0,0,0,0,0,0,0,0,0
27.90000000000017,0,0,0,0,0,0,0,0,0,0,0
27.95000000000017,0,0,0,0,0,0,0,0,0,0,0
28.00000000000017,0,0,0,0,0,0,0,0,0,0,0
28.05000000000017,0,0,0,0,0,0,0,0,0,0,0
28.100000000000172,0,0,0,0,0,0,0,0,0,0,0
28.150000000000173,0,0,0,0,0,0,0,0,0,0,0
28.200000000000173,0,0,0,0,0,0,0,0,0,0,0
28.250000000000174,0,0,0,0,0,0,0,0,0,0,0
28.300000000000175,0,0,0,0,0,0,0,0,0,0,0
28.350000000000176,0,0,0,0,0,0,0,0,0,0,0
28.400000000000176,0,0,0,0,0,0,0,0,0,0,0
28.450000000000177,0,0,0,0,0,0,0,0,0,0,0
28.500000000000178,0,0,0,0,0,0,0,0,0,0,0
28.55000000000018,0,0,0,0,0,0,0,0,0,0,0
28.60000000000018,0,0,0,0,0,0,0,0,0,0,0
28.65000000000018,0,0,0,0,0,0,0,0,0,0,0
28.70000000000018,0,0,0,0,0,0,0,0,0,0,0
28.75000000000018,0,0,0,0,0,0,0,0,0,0,0
28.800000000000182,0,0,0,0,0,0,0,0,0,0,0
28.850000000000183,0,0,0,0,0,0,0,0,0,0,0
28.900000000000183,0,0,0,0,0,0,0,0,0,0,0
28.950000000000184,0,0,0,0,0,0,0,0,0,0,0
29.000000000000185,0,0,0,0,0,0,0,0,0,0,0
29.050000000000185,0,0,0,0,0,0,0,0,0,0,0
29.100000000000186,0,0,0,0,0,0,0,0,0,0,0
29.150000000000187,0,0,0,0,0,0,0,0,0,0,0
29.200000000000188,0,0,0,0,0,0,0,0,0,0,0
29.25000000000019,0,0,0,0,0,0,0,0,0,0,0
29.30000000000019,0,0,0,0,0,0,0,0,0,0,0
29.35000000000019,0,0,0,0,0,0,0,0,0,0,0
29.40000000000019,0,0,0,0,0,0,0,0,0,0,0
29.45000000000019,0,0,0,0,0,0,0,0,0,0,0
29.500000000000192,0,0,0,0,0,0,0,0,0,0,0
29.550000000000193,0,0,0,0,0,0,0,0,0,0,0
29.600000000000193,0,0,0,0,0,0,0,0,0,0,0
29.650000000000194,0,0,0,0,0,0,0,0,0,0,0
29.700000000000195,0,0,0,0,0,0,0,0,0,0,0
29.750000000000195,0,0,0,0,0,0,0,0,0,0,0
29.800000000000196,0,0,0,0,0,0,0,0,0,0,0
29.850000000000197,0,0,0,0,0,0,0,0,0,0,0
29.900000000000198,0,0,0,0,0,0,0,0,0,0,0
29.9500000000002,0,0,0,0,0,0,0,0,0,0,0
30.0000000000002,0,0,0,0,0,0,0,0,0,0,0
30.0500000000002,0,0,0,0,0,0,0,0,0,0,0
30.1000000000002,0,0,0,0,0,0,0,0,0,0,0
30.1500000000002,0,0,0,0,0,0,0,0,0,0,0
30.200000000000202,0,0,0,0,0,0,0,0,0,0,0
30.250000000000203,0,0,0,0,0,0,0,0,0,0,0
30.300000000000203,0,0,0,0,0,0,0,0,0,0,0
30.350000000000204,0,0,0,0,0,0,0,0,0,0,0
30.400000000000205,0,0,0,0,0,0,0,0,0,0,0
30.450000000000205,0,0,0,0,0,0,0,0,0,0,0
30.500000000000206,0,0,0,0,0,0,0,0,0,0,0
30.550000000000207,0,0,0,0,0,0,0,0,0,0,0
30.600000000000207,0,0,0,0,0,0,0,0,0,0,0
30.650000000000208,0,0,0,0,0,0,0,0,0,0,0
30.70000000000021,0,0,0,0,0,0,0,0,0,0,0
30.75000000000021,0,0,0,0,0,0,0,0,0,0,0
30.80000000000021,0,0,0,0,0,0,0,0,0,0,0
30.85000000000021,0,0,0,0,0,0,0,0,0,0,0
30.90000000000021,0,0,0,0,0,0,0,0,0,0,0
30.950000000000212,0,0,0,0,0,0,0,0,0,0,0
31.000000000000213,0,0,0,0,0,0,0,0,0,0,0
31.050000000000214,0,0,0,0,0,0,0,0,0,0,0
31.100000000000215,0,0,0,0,0,0,0,0,0,0,0
31.150000000000215,0,0,0,0,0,0,0,0,0,0,0
31.200000000000216,0,0,0,0,0,0,0,0,0,0,0
31.250000000000217,0,0,0,0,0,0,0,0,0,0,0
31.300000000000217,0,0,0,0,0,0,0,0,0,0,0
31.350000000000218,0,0,0,0,0,0,0,0,0,0,0
31.40000000000022,0,0,0,0,0,0,0,0,0,0,0
31.45000000000022,0,0,0,0,0,0,0,0,0,0,0
31.50000000000022,0,0,0,0,0,0,0,0,0,0,0
31.55000000000022,0,0,0,0,0,0,0,0,0,0,0
31.60000000000022,0,0,0,0,0,0,0,0,0,0,0
31.650000000000222,0,0,0,0,0,0,0,0,0,0,0
31.700000000000223,0,0,0,0,0,0,0,0,0,0,0
31.750000000000224,0,0,0,0,0,0,0,0,0,0,0
31.800000000000225,0,0,0,0,0,0,0,0,0,0,0
31.850000000000225,0,0,0,0,0,0,0,0,0,0,0
31.900000000000226,0,0,0,0,0,0,0,0,0,0,0
31.950000000000227,0,0,0,0,0,0,0,0,0,0,0
*****
16,0.05,1000,0,0.4,10,100,0.75,1.0,0.65,1.0,0.01
16,1000,1000,1000,1000,1000,0,0,0,0,0,0
16.05,1051,1051,1051,1051,1051,0,0,0,0,0,0
16.1,1034,1034,1034,1034,1034,0,0,0,0,0,0
16.150000000000002,1037,1037,1037,1037,1037,0,0,0,0,0,0
16.200000000000003,985,985,985,985,985,0,0,0,0,0,0
16.250000000000004,1038,1038,1038,1038,1038,0,0,0,0,0,0
16.300000000000004,999,999,999,999,999,0,0,0,0,0,0
16.350000000000005,998,998,998,998,998,0,0,0,0,0,0
16.400000000000006,1037,1037,1037,1037,1037,0,0,0,0,0,0
16.450000000000006,1088,1088,1088,1088,1088,0,0,0,0,0,0
16.500000000000007,1009,1009,1009,1009,1009,0,0,0,0,0,0
16.550000000000008,961,961,961,961,961,0,0,0,0,0,0
16.60000000000001,1057,1057,1057,1057,1057,0,0,0,0,0,0
16.65000000000001,1041,1041,1041,1041,1041,0,0,0,0,0,0
16.70000000000001,992,992,992,992,992,0,0,0,0,0,0
16.75000000000001,1053,1053,1053,1053,1053,0,0,0,0,0,0
16.80000000000001,1015,1015,1015,1015,1015,0,0,0,0,0,0
16.850000000000012,1009,1009,1009,1009,1009,0,0,0,0,0,0
16.900000000000013,1000,1000,1000,1000,1000,0,0,0,0,0,0
16.950000000000014,1028,1028,1028,1028,1028,0,0,0,0,0,0
17.000000000000014,987,987,987,987,987,0,0,0,0,0,0
17.050000000000015,1000,1000,1000,1000,1000,0,0,0,0,0,0
17.100000000000016,1065,1065,1065,1065,1065,0,0,0,0,0,0
17.150000000000016,1022,1022,1022,1022,1022,0,0,0,0,0,0
17.200000000000017,1011,1011,1011,1011,1011,0,0,0,0,0,0
17.250000000000018,1021,1021,1021,1021,1021,0,0,0,0,0,0
17.30000000000002,1007,1007,1005,1005,1007,0,0,0,0,0,0
17.35000000000002,983,982,982,982,982,0,0,0,0,0,0
17.40000000000002,1009,1008,1003,1009,1008,0,0,0,0,0,0
17.45000000000002,1070,1069,1062,1068,1070,0,0,0,0,0,0
17.50000000000002,1062,1052,1039,1057,1054,0,0,0,0,0,0
17.550000000000022,1000,980,961,997,982,0,0,0,0,0,0
17.600000000000023,1010,969,938,1006,981,0,0,0,0,0,0
17.650000000000023,1035,978,934,1030,988,0,0,0,0,0,0
17.700000000000024,1039,933,864,1028,958,0,0,0,0,0,0
17.750000000000025,1022,874,820,1009,897,0,0,0,0,0,0
17.800000000000026,1047,814,751,1029,846,0,0,0,0,0,0
17.850000000000026,1046,739,657,1024,799,0,0,0,0,0,0
17.900000000000027,1025,641,544,996,686,0,0,0,0,0,0
17.950000000000028,1014,500,434,965,548,0,0,0,0,0,0
18.00000000000003,1046,441,352,984,489,0,0,0,0,0,0
18.05000000000003,1020,342,286,958,382,0,0,0,0,0,0
18.10000000000003,990,215,179,910,261,0,0,0,0,0,0
18.15000000000003,997,183,158,901,215,0,0,0,0,0,0
18.20000000000003,1002,123,99,863,146,0,0,0,0,0,0
18.250000000000032,1016,80,61,833,90,0,0,0,0,0,0
18.300000000000033,1029,51,47,827,66,0,0,0,0,0,0
18.350000000000033,1015,36,32,756,43,0,0,0,0,0,0
18.400000000000034,1019,15,12,727,19,0,0,0,0,0,0
18.450000000000035,1004,21,18,678,24,0,0,0,0,0,0
18.500000000000036,998,16,12,623,17,0,0,0,0,0,0
18.550000000000036,985,9,10,573,13,0,0,0,0,0,0
18.600000000000037,1013,3,3,508,6,0,0,0,0,0,0
18.650000000000038,1009,2,2,488,2,0,0,0,0,0,0
18.70000000000004,1092,1,1,492,2,0,0,0,0,0,0
18.75000000000004,1026,0,0,359,1,0,0,0,0,0,0
18.80000000000004,994,1,1,320,1,0,0,0,0,0,0
18.85000000000004,1023,0,0,274,0,0,0,0,0,0,0
18.90000000000004,979,1,1,227,1,0,0,0,0,0,0
18.950000000000042,1044,0,0,194,0,0,0,0,0,0,0
19.000000000000043,1037,0,0,152,0,0,0,0,0,0,0
19.050000000000043,990,0,0,127,0,0,0,0,0,0,0
19.100000000000044,1015,0,0,88,0,0,0,0,0,0,0
19.150000000000045,999,0,0,76,0,0,0,0,0,0,0
19.200000000000045,1041,0,0,54,0,0,0,0,0,0,0
19.250000000000046,1011,0,0,57,0,0,0,0,0,0,0
19.300000000000047,1006,0,0,28,0,0,0,0,0,0,0
19.350000000000048,991,0,0,21,0,0,0,0,0,0,0
19.40000000000005,1015,0,0,19,0,0,0,0,0,0,0
19.45000000000005,961,0,0,11,0,0,0,0,0,0,0
19.50000000000005,1019,0,0,6,0,0,0,0,0,0,0
19.55000000000005,984,0,0,6,0,0,0,0,0,0,0
19.60000000000005,901,0,0,3,0,0,0,0,0,0,0
19.650000000000052,958,0,0,0,0,0,0,0,0,0,0
19.700000000000053,788,0,0,0,0,0,0,0,0,0,0
19.750000000000053,637,0,0,1,0,0,0,0,0,0,0
19.800000000000054,553,0,0,0,0,0,0,0,0,0,0
19.850000000000055,443,0,0,0,0,0,0,0,0,0,0
19.900000000000055,395,0,0,0,0,0,0,0,0,0,0
19.950000000000056,244,0,0,0,0,0,0,0,0,0,0
20.000000000000057,136,0,0,0,0,0,0,0,0,0,0
20.050000000000058,67,0,0,0,0,0,0,0,0,0,0
20.10000000000006,50,0,0,0,0,0,0,0,0,0,0
20.15000000000006,29,0,0,0,0,0,0,0,0,0,0
20.20000000000006,0,0,0,0,0,0,0,0,0,0,0
20.25000000000006,0,0,0,0,0,0,0,0,0,0,0
20.30000000000006,0,0,0,0,0,0,0,0,0,0,0
20.350000000000062,0,0,0,0,0,0,0,0,0,0,0
20.400000000000063,0,0,0,0,0,0,0,0,0,0,0
20.450000000000063,0,0,0,0,0,0,0,0,0,0,0
20.500000000000064,0,0,0,0,0,0,0,0,0,0,0
20.550000000000065,0,0,0,0,0,0,0,0,0,0,0
20.600000000000065,0,0,0,0,0,0,0,0,0,0,0
20.650000000000066,0,0,0,0,0,0,0,0,0,0,0
20.700000000000067,0,0,0,0,0,0,0,0,0,0,0
20.750000000000068,0,0,0,0,0,0,0,0,0,0,0
20.800000000000068,0,0,0,0,0,0,0,0,0,0,0
20.85000000000007,0,0,0,0,0,0,0,0,0,0,0
20.90000000000007,0,0,0,0,0,0,0,0,0,0,0
20.95000000000007,0,0,0,0,0,0,0,0,0,0,0
21.00000000000007,0,0,0,0,0,0,0,0,0,0,0
21.05000000000007,0,0,0,0,0,0,0,0,0,0,0
21.100000000000072,0,0,0,0,0,0,0,0,0,0,0
21.150000000000073,0,0,0,0,0,0,0,0,0,0,0
21.200000000000074,0,0,0,0,0,0,0,0,0,0,0
21.250000000000075,0,0,0,0,0,0,0,0,0,0,0
21.300000000000075,0,0,0,0,0,0,0,0,0,0,0
21.350000000000076,0,0,0,0,0,0,0,0,0,0,0
21.400000000000077,0,0,0,0,0,0,0,0,0,0,0
21.450000000000077,0,0,0,0,0,0,0,0,0,0,0
21.500000000000078,0,0,0,0,0,0,0,0,0,0,0
21.55000000000008,0,0,0,0,0,0,0,0,0,0,0
21.60000000000008,0,0,0,0,0,0,0,0,0,0,0
21.65000000000008,0,0,0,0,0,0,0,0,0,0,0
21.70000000000008,0,0,0,0,0,0,0,0,0,0,0
21.75000000000008,0,0,0,0,0,0,0,0,0,0,0
21.800000000000082,0,0,0,0,0,0,0,0,0,0,0
21.850000000000083,0,0,0,0,0,0,0,0,0,0,0
21.900000000000084,0,0,0,0,0,0,0,0,0,0,0
21.950000000000085,0,0,0,0,0,0,0,0,0,0,0
22.000000000000085,0,0,0,0,0,0,0,0,0,0,0
22.050000000000086,0,0,0,0,0,0,0,0,0,0,0
22.100000000000087,0,0,0,0,0,0,0,0,0,0,0
22.150000000000087,0,0,0,0,0,0,0,0,0,0,0
22.200000000000088,0,0,0,0,0,0,0,0,0,0,0
22.25000000000009,0,0,0,0,0,0,0,0,0,0,0
22.30000000000009,0,0,0,0,0,0,0,0,0,0,0
22.35000000000009,0,0,0,0,0,0,0,0,0,0,0
22.40000000000009,0,0,0,0,0,0,0,0,0,0,0
22.45000000000009,0,0,0,0,0,0,0,0,0,0,0
22.500000000000092,0,0,0,0,0,0,0,0,0,0,0
22.550000000000093,0,0,0,0,0,0,0,0,0,0,0
22.600000000000094,0,0,0,0,0,0,0,0,0,0,0
22.650000000000095,0,0,0,0,0,0,0,0,0,0,0
22.700000000000095,0,0,0,0,0,0,0,0,0,0,0
22.750000000000096,0,0,0,0,0,0,0,0,0,0,0
22.800000000000097,0,0,0,0,0,0,0,0,0,0,0
22.850000000000097,0,0,0,0,0,0,0,0,0,0,0
22.900000000000098,0,0,0,0,0,0,0,0,0,0,0
22.9500000000001,0,0,0,0,0,0,0,0,0,0,0
23.0000000000001,0,0,0,0,0,0,0,0,0,0,0
23.0500000000001,0,0,0,0,0,0,0,0,0,0,0
23.1000000000001,0,0,0,0,0,0,0,0,0,0,0
23.1500000000001,0,0,0,0,0,0,0,0,0,0,0
23.200000000000102,0,0,0,0,0,0,0,0,0,0,0
23.250000000000103,0,0,0,0,0,0,0,0,0,0,0
23.300000000000104,0,0,0,0,0,0,0,0,0,0,0
23.350000000000104,0,0,0,0,0,0,0,0,0,0,0
23.400000000000105,0,0,0,0,0,0,0,0,0,0,0
23.450000000000106,0,0,0,0,0,0,0,0,0,0,0
23.500000000000107,0,0,0,0,0,0,0,0,0,0,0
23.550000000000107,0,0,0,0,0,0,0,0,0,0,0
23.600000000000108,0,0,0,0,0,0,0,0,0,0,0
23.65000000000011,0,0,0,0,0,0,0,0,0,0,0
23.70000000000011,0,0,0,0,0,0,0,0,0,0,0
23.75000000000011,0,0,0,0,0,0,0,0,0,0,0
23.80000000000011,0,0,0,0,0,0,0,0,0,0,0
23.85000000000011,0,0,0,0,0,0,0,0,0,0,0
23.900000000000112,0,0,0,0,0,0,0,0,0,0,0
23.950000000000113,0,0,0,0,0,0,0,0,0,0,0
24.000000000000114,0,0,0,0,0,0,0,0,0,0,0
24.050000000000114,0,0,0,0,0,0,0,0,0,0,0
24.100000000000115,0,0,0,0,0,0,0,0,0,0,0
24.150000000000116,0,0,0,0,0,0,0,0,0,0,0
24.200000000000117,0,0,0,0,0,0,0,0,0,0,0
24.250000000000117,0,0,0,0,0,0,0,0,0,0,0
24.300000000000118,0,0,0,0,0,0,0,0,0,0,0
24.35000000000012,0,0,0,0,0,0,0,0,0,0,0
24.40000000000012,0,0,0,0,0,0,0,0,0,0,0
24.45000000000012,0,0,0,0,0,0,0,0,0,0,0
24.50000000000012,0,0,0,0,0,0,0,0,0,0,0
24.55000000000012,0,0,0,0,0,0,0,0,0,0,0
24.600000000000122,0,0,0,0,0,0,0,0,0,0,0
24.650000000000123,0,0,0,0,0,0,0,0,0,0,0
24.700000000000124,0,0,0,0,0,0,0,0,0,0,0
24.750000000000124,0,0,0,0,0,0,0,0,0,0,0
24.800000000000125,0,0,0,0,0,0,0,0,0,0,0
24.850000000000126,0,0,0,0,0,0,0,0,0,0,0
24.900000000000126,0,0,0,0,0,0,0,0,0,0,0
24.950000000000127,0,0,0,0,0,0,0,0,0,0,0
25.000000000000128,0,0,0,0,0,0,0,0,0,0,0
25.05000000000013,0,0,0,0,0,0,0,0,0,0,0
25.10000000000013,0,0,0,0,0,0,0,0,0,0,0
25.15000000000013,0,0,0,0,0,0,0,0,0,0,0
25.20000000000013,0,0,0,0,0,0,0,0,0,0,0
25.25000000000013,0,0,0,0,0,0,0,0,0,0,0
25.300000000000132,0,0,0,0,0,0,0,0,0,0,0
25.350000000000133,0,0,0,0,0,0,0,0,0,0,0
25.400000000000134,0,0,0,0,0,0,0,0,0,0,0
25.450000000000134,0,0,0,0,0,0,0,0,0,0,0
25.500000000000135,0,0,0,0,0,0,0,0,0,0,0
25.550000000000136,0,0,0,0,0,0,0,0,0,0,0
25.600000000000136,0,0,0,0,0,0,0,0,0,0,0
25.650000000000137,0,0,0,0,0,0,0,0,0,0,0
25.700000000000138,0,0,0,0,0,0,0,0,0,0,0
25.75000000000014,0,0,0,0,0,0,0,0,0,0,0
25.80000000000014,0,0,0,0,0,0,0,0,0,0,0
25.85000000000014,0,0,0,0,0,0,0,0,0,0,0
25.90000000000014,0,0,0,0,0,0,0,0,0,0,0
25.95000000000014,0,0,0,0,0,0,0,0,0,0,0
26.000000000000142,0,0,0,0,0,0,0,0,0,0,0
26.050000000000143,0,0,0,0,0,0,0,0,0,0,0
26.100000000000144,0,0,0,0,0,0,0,0,0,0,0
26.150000000000144,0,0,0,0,0,0,0,0,0,0,0
26.200000000000145,0,0,0,0,0,0,0,0,0,0,0
26.250000000000146,0,0,0,0,0,0,0,0,0,0,0
26.300000000000146,0,0,0,0,0,0,0,0,0,0,0
26.350000000000147,0,0,0,0,0,0,0,0,0,0,0
26.400000000000148,0,0,0,0,0,0,0,0,0,0,0
26.45000000000015,0,0,0,0,0,0,0,0,0,0,0
26.50000000000015,0,0,0,0,0,0,0,0,0,0,0
26.55000000000015,0,0,0,0,0,0,0,0,0,0,0
26.60000000000015,0,0,0,0,0,0,0,0,0,0,0
26.65000000000015,0,0,0,0,0,0,0,0,0,0,0
26.700000000000152,0,0,0,0,0,0,0,0,0,0,0
26.750000000000153,0,0,0,0,0,0,0,0,0,0,0
26.800000000000153,0,0,0,0,0,0,0,0,0,0,0
26.850000000000154,0,0,0,0,0,0,0,0,0,0,0
26.900000000000155,0,0,0,0,0,0,0,0,0,0,0
26.950000000000156,0,0,0,0,0,0,0,0,0,0,0
27.000000000000156,0,0,0,0,0,0,0,0,0,0,0
27.050000000000157,0,0,0,0,0,0,0,0,0,0,0
27.100000000000158,0,0,0,0,0,0,0,0,0,0,0
27.15000000000016,0,0,0,0,0,0,0,0,0,0,0
27.20000000000016,0,0,0,0,0,0,0,0,0,0,0
27.25000000000016,0,0,0,0,0,0,0,0,0,0,0
27.30000000000016,0,0,0,0,0,0,0,0,0,0,0
27.35000000000016,0,0,0,0,0,0,0,0,0,0,0
27.400000000000162,0,0,0,0,0,0,0,0,0,0,0
27.450000000000163,0,0,0,0,0,0,0,0,0,0,0
27.500000000000163,0,0,0,0,0,0,0,0,0,0,0
27.550000000000164,0,0,0,0,0,0,0,0,0,0,0
27.600000000000165,0,0,0,0,0,0,0,0,0,0,0
27.650000000000166,0,0,0,0,0,0,0,0,0,0,0
27.700000000000166,0,0,0,0,0,0,0,0,0,0,0
27.750000000000167,0,0,0,0,0,0,0,0,0,0,0
27.800000000000168,0,0,0,0,0,0,0,0,0,0,0
27.85000000000017,0,0,0,0,0,0,0,0,0,0,0
27.90000000000017,0,0,0,0,0,0,0,0,0,0,0
27.95000000000017,0,0,0,0,0,0,0,0,0,0,0
28.00000000000017,0,0,0,0,0,0,0,0,0,0,0
28.05000000000017,0,0,0,0,0,0,0,0,0,0,0
28.100000000000172,0,0,0,0,0,0,0,0,0,0,0
28.150000000000173,0,0,0,0,0,0,0,0,0,0,0
28.200000000000173,0,0,0,0,0,0,0,0,0,0,0
28.250000000000174,0,0,0,0,0,0,0,0,0,0,0
28.300000000000175,0,0,0,0,0,0,0,0,0,0,0
28.350000000000176,0,0,0,0,0,0,0,0,0,0,0
28.400000000000176,0,0,0,0,0,0,0,0,0,0,0
28.450000000000177,0,0,0,0,0,0,0,0,0,0,0
28.500000000000178,0,0,0,0,0,0,0,0,0,0,0
28.55000000000018,0,0,0,0,0,0,0,0,0,0,0
28.60000000000018,0,0,0,0,0,0,0,0,0,0,0
28.65000000000018,0,0,0,0,0,0,0,0,0,0,0
28.70000000000018,0,0,0,0,0,0,0,0,0,0,0
28.75000000000018,0,0,0,0,0,0,0,0,0,0,0
28.800000000000182,0,0,0,0,0,0,0,0,0,0,0
28.850000000000183,0,0,0,0,0,0,0,0,0,0,0
28.900000000000183,0,0,0,0,0,0,0,0,0,0,0
28.950000000000184,0,0,0,0,0,0,0,0,0,0,0
29.000000000000185,0,0,0,0,0,0,0,0,0,0,0
29.050000000000185,0,0,0,0,0,0,0,0,0,0,0
29.100000000000186,0,0,0,0,0,0,0,0,0,0,0
29.150000000000187,0,0,0,0,0,0,0,0,0,0,0
29.200000000000188,0,0,0,0,0,0,0,0,0,0,0
29.25000000000019,0,0,0,0,0,0,0,0,0,0,0
29.30000000000019,0,0,0,0,0,0,0,0,0,0,0
29.35000000000019,0,0,0,0,0,0,0,0,0,0,0
29.40000000000019,0,0,0,0,0,0,0,0,0,0,0
29.45000000000019,0,0,0,0,0,0,0,0,0,0,0
29.500000000000192,0,0,0,0,0,0,0,0,0,0,0
29.550000000000193,0,0,0,0,0,0,0,0,0,0,0
29.600000000000193,0,0,0,0,0,0,0,0,0,0,0
29.650000000000194,0,0,0,0,0,0,0,0,0,0,0
29.700000000000195,0,0,0,0,0,0,0,0,0,0,0
29.750000000000195,0,0,0,0,0,0,0,0,0,0,0
29.800000000000196,0,0,0,0,0,0,0,0,0,0,0
29.850000000000197,0,0,0,0,0,0,0,0,0,0,0
29.900000000000198,0,0,0,0,0,0,0,0,0,0,0
29.9500000000002,0,0,0,0,0,0,0,0,0,0,0
30.0000000000002,0,0,0,0,0,0,0,0,0,0,0
30.0500000000002,0,0,0,0,0,0,0,0,0,0,0
30.1000000000002,0,0,0,0,0,0,0,0,0,0,0
30.1500000000002,0,0,0,0,0,0,0,0,0,0,0
30.200000000000202,0,0,0,0,0,0,0,0,0,0,0
30.250000000000203,0,0,0,0,0,0,0,0,0,0,0
30.300000000000203,0,0,0,0,0,0,0,0,0,0,0
30.350000000000204,0,0,0,0,0,0,0,0,0,0,0
30.400000000000205,0,0,0,0,0,0,0,0,0,0,0
30.450000000000205,0,0,0,0,0,0,0,0,0,0,0
30.500000000000206,0,0,0,0,0,0,0,0,0,0,0
30.550000000000207,0,0,0,0,0,0,0,0,0,0,0
30.600000000000207,0,0,0,0,0,0,0,0,0,0,0
30.650000000000208,0,0,0,0,0,0,0,0,0,0,0
30.70000000000021,0,0,0,0,0,0,0,0,0,0,0
30.75000000000021,0,0,0,0,0,0,0,0,0,0,0
30.80000000000021,0,0,0,0,0,0,0,0,0,0,0
30.85000000000021,0,0,0,0,0,0,0,0,0,0,0
30.90000000000021,0,0,0,0,0,0,0,0,0,0,0
30.950000000000212,0,0,0,0,0,0,0,0,0,0,0
31.000000000000213,0,0,0,0,0,0,0,0,0,0,0
31.050000000000214,0,0,0,0,0,0,0,0,0,0,0
31.100000000000215,0,0,0,0,0,0,0,0,0,0,0
31.150000000000215,0,0,0,0,0,0,0,0,0,0,0
31.200000000000216,0,0,0,0,0,0,0,0,0,0,0
31.250000000000217,0,0,0,0,0,0,0,0,0,0,0
31.300000000000217,0,0,0,0,0,0,0,0,0,0,0
31.350000000000218,0,0,0,0,0,0,0,0,0,0,0
31.40000000000022,0,0,0,0,0,0,0,0,0,0,0
31.45000000000022,0,0,0,0,0,0,0,0,0,0,0
31.50000000000022,0,0,0,0,0,0,0,0,0,0,0
31.55000000000022,0,0,0,0,0,0,0,0,0,0,0
31.60000000000022,0,0,0,0,0,0,0,0,0,0,0
31.650000000000222,0,0,0,0,0,0,0,0,0,0,0
31.700000000000223,0,0,0,0,0,0,0,0,0,0,0
31.750000000000224,0,0,0,0,0,0,0,0,0,0,0
31.800000000000225,0,0,0,0,0,0,0,0,0,0,0
31.850000000000225,0,0,0,0,0,0,0,0,0,0,0
31.900000000000226,0,0,0,0,0,0,0,0,0,0,0
31.950000000000227,0,0,0,0,0,0,0,0,0,0,0
*****
16,0.05,1000,0.3,0.7,10,100,0.75,1.0,0.65,1.0,0.01
16,1000,1000,1000,999,1000,0,0,0,0,0,0
16.05,984,984,984,984,984,0,0,0,0,0,0
16.1,1052,1052,1052,1052,1052,0,0,0,0,0,0
16.150000000000002,1012,1012,1012,1012,1012,0,0,0,0,0,0
16.200000000000003,1053,1053,1053,1053,1053,0,0,0,0,0,0
16.250000000000004,991,991,991,991,991,0,0,0,0,0,0
16.300000000000004,1020,1020,1020,1020,1020,0,0,0,0,0,0
16.350000000000005,1009,1009,1009,1009,1009,0,0,0,0,0,0
16.400000000000006,993,993,993,993,993,0,0,0,0,0,0
16.450000000000006,1057,1057,1057,1057,1057,0,0,0,0,0,0
16.500000000000007,1045,1045,1045,1045,1045,0,0,0,0,0,0
16.550000000000008,1049,1047,1047,1048,1047,0,0,0,0,0,0
16.60000000000001,1020,1017,1020,1020,1020,0,0,0,0,0,0
16.65000000000001,991,990,991,991,991,0,0,0,0,0,0
16.70000000000001,992,985,986,990,988,0,0,0,0,0,0
16.75000000000001,992,983,986,992,987,0,0,0,0,0,0
16.80000000000001,1039,1027,1033,1038,1035,0,0,0,0,0,0
16.850000000000012,1063,1034,1051,1061,1051,0,0,0,0,0,0
16.900000000000013,1054,1006,1032,1051,1037,0,0,0,0,0,0
16.950000000000014,976,930,952,974,957,0,0,0,0,0,0
17.000000000000014,1087,998,1034,1082,1041,0,0,0,0,0,0
17.050000000000015,996,913,954,990,963,0,0,0,0,0,0
17.100000000000016,1032,890,946,1019,958,0,0,0,0,0,0
17.150000000000016,974,776,857,965,879,0,0,0,0,0,0
17.200000000000017,993,749,839,980,858,0,0,0,0,0,0
17.250000000000018,1037,733,827,1017,850,0,0,0,0,0,0
17.30000000000002,993,652,763,966,784,0,0,0,0,0,0
17.35000000000002,1039,612,738,1006,763,0,0,0,0,0,0
17.40000000000002,1064,557,676,1014,700,0,0,0,0,0,0
17.45000000000002,1010,473,604,959,627,0,0,0,0,0,0
17.50000000000002,1040,454,586,976,607,0,0,0,0,0,0
17.550000000000022,1026,377,497,941,528,0,0,0,0,0,0
17.600000000000023,1020,304,422,919,446,0,0,0,0,0,0
17.650000000000023,1035,277,400,935,426,0,0,0,0,0,0
17.700000000000024,1016,238,349,903,368,0,0,0,0,0,0
17.750000000000025,975,174,277,856,293,0,0,0,0,0,0
17.800000000000026,1017,157,255,872,272,0,0,0,0,0,0
17.850000000000026,1019,117,217,827,234,0,0,0,0,0,0
17.900000000000027,1018,119,190,828,199,0,0,0,0,0,0
17.950000000000028,1013,68,125,791,136,0,0,0,0,0,0
18.00000000000003,1020,67,129,764,134,0,0,0,0,0,0
18.05000000000003,1045,57,120,720,129,0,0,0,0,0,0
18.10000000000003,1034,45,97,720,107,0,0,0,0,0,0
18.15000000000003,1005,32,72,651,76,0,0,0,0,0,0
18.20000000000003,1042,30,77,687,80,0,0,0,0,0,0
18.250000000000032,1001,20,49,591,51,0,0,0,0,0,0
18.300000000000033,1035,17,46,610,47,0,0,0,0,0,0
18.350000000000033,1027,22,48,565,50,0,0,0,0,0,0
18.400000000000034,983,16,34,470,37,0,0,0,0,0,0
18.450000000000035,1011,8,27,478,29,0,0,0,0,0,0
18.500000000000036,1047,10,17,450,19,0,0,0,0,0,0
18.550000000000036,1067,10,21,420,23,0,0,0,0,0,0
18.600000000000037,987,3,10,378,11,0,0,0,0,0,0
18.650000000000038,1048,2,8,350,9,0,0,0,0,0,0
18.70000000000004,1020,2,8,321,9,0,0,0,0,0,0
18.75000000000004,1035,2,11,272,12,0,0,0,0,0,0
18.80000000000004,989,1,4,233,4,0,0,0,0,0,0
18.85000000000004,1000,1,7,225,8,0,0,0,0,0,0
18.90000000000004,982,2,6,202,7,0,0,0,0,0,0
18.950000000000042,1076,1,8,200,9,0,0,0,0,0,0
19.000000000000043,1064,2,3,157,4,0,0,0,0,0,0
19.050000000000043,1026,1,1,127,1,0,0,0,0,0,0
19.100000000000044,990,2,2,117,3,0,0,0,0,0,0
19.150000000000045,1018,1,2,111,2,0,0,0,0,0,0
19.200000000000045,1001,0,4,87,4,0,0,0,0,0,0
19.250000000000046,1054,1,2,70,2,0,0,0,0,0,0
19.300000000000047,988,0,0,58,0,0,0,0,0,0,0
19.350000000000048,974,1,1,54,1,0,0,0,0,0,0
19.40000000000005,1041,0,1,55,2,0,0,0,0,0,0
19.45000000000005,1004,0,0,42,0,0,0,0,0,0,0
19.50000000000005,1036,0,2,32,2,0,0,0,0,0,0
19.55000000000005,1034,0,1,28,1,0,0,0,0,0,0
19.60000000000005,1013,0,1,17,1,0,0,0,0,0,0
19.650000000000052,1005,0,0,16,0,0,0,0,0,0,0
19.700000000000053,1044,0,0,10,0,0,0,0,0,0,0
19.750000000000053,993,0,0,11,0,0,0,0,0,0,0
19.800000000000054,1037,0,0,15,0,0,0,0,0,0,0
19.850000000000055,974,0,1,6,1,0,0,0,0,0,0
19.900000000000055,1001,0,0,8,0,0,0,0,0,0,0
19.950000000000056,1010,0,0,5,0,0,0,0,0,0,0
20.000000000000057,966,0,0,4,0,0,0,0,0,0,0
20.050000000000058,1005,0,0,1,0,0,0,0,0,0,0
20.10000000000006,1065,0,0,4,0,0,0,0,0,0,0
20.15000000000006,959,0,0,0,0,0,0,0,0,0,0
20.20000000000006,1010,0,0,1,0,0,0,0,0,0,0
20.25000000000006,974,0,0,1,0,0,0,0,0,0,0
20.30000000000006,973,0,0,1,0,0,0,0,0,0,0
20.350000000000062,893,0,0,0,0,0,0,0,0,0,0
20.400000000000063,902,0,0,1,0,0,0,0,0,0,0
20.450000000000063,816,0,0,2,0,0,0,0,0,0,0
20.500000000000064,737,0,0,1,0,0,0,0,0,0,0
20.550000000000065,711,0,0,1,0,0,0,0,0,0,0
20.600000000000065,698,0,0,0,0,0,0,0,0,0,0
20.650000000000066,663,0,0,0,0,0,0,0,0,0,0
20.700000000000067,607,0,0,0,0,0,0,0,0,0,0
20.750000000000068,577,0,0,0,0,0,0,0,0,0,0
20.800000000000068,579,0,0,0,0,0,0,0,0,0,0
20.85000000000007,523,0,0,1,0,0,0,0,0,0,0
20.90000000000007,529,0,0,0,0,0,0,0,0,0,0
20.95000000000007,462,0,0,0,0,0,0,0,0,0,0
21.00000000000007,355,0,0,0,0,0,0,0,0,0,0
21.05000000000007,270,0,0,0,0,0,0,0,0,0,0
21.100000000000072,236,0,0,0,0,0,0,0,0,0,0
21.150000000000073,151,0,0,0,0,0,0,0,0,0,0
21.200000000000074,82,0,0,0,0,0,0,0,0,0,0
21.250000000000075,48,0,0,0,0,0,0,0,0,0,0
21.300000000000075,7,0,0,0,0,0,0,0,0,0,0
21.350000000000076,16,0,0,0,0,0,0,0,0,0,0
21.400000000000077,15,0,0,0,0,0,0,0,0,0,0
21.450000000000077,12,0,0,0,0,0,0,0,0,0,0
21.500000000000078,10,0,0,0,0,0,0,0,0,0,0
21.55000000000008,4,0,0,0,0,0,0,0,0,0,0
21.60000000000008,0,0,0,0,0,0,0,0,0,0,0
21.65000000000008,0,0,0,0,0,0,0,0,0,0,0
21.70000000000008,0,0,0,0,0,0,0,0,0,0,0
21.75000000000008,0,0,0,0,0,0,0,0,0,0,0
21.800000000000082,0,0,0,0,0,0,0,0,0,0,0
21.850000000000083,0,0,0,0,0,0,0,0,0,0,0
21.900000000000084,0,0,0,0,0,0,0,0,0,0,0
21.950000000000085,0,0,0,0,0,0,0,0,0,0,0
22.000000000000085,0,0,0,0,0,0,0,0,0,0,0
22.050000000000086,0,0,0,0,0,0,0,0,0,0,0
22.100000000000087,0,0,0,0,0,0,0,0,0,0,0
22.150000000000087,0,0,0,0,0,0,0,0,0,0,0
22.200000000000088,0,0,0,0,0,0,0,0,0,0,0
22.25000000000009,0,0,0,0,0,0,0,0,0,0,0
22.30000000000009,0,0,0,0,0,0,0,0,0,0,0
22.35000000000009,0,0,0,0,0,0,0,0,0,0,0
22.40000000000009,0,0,0,0,0,0,0,0,0,0,0
22.45000000000009,0,0,0,0,0,0,0,0,0,0,0
22.500000000000092,0,0,0,0,0,0,0,0,0,0,0
22.550000000000093,0,0,0,0,0,0,0,0,0,0,0
22.600000000000094,0,0,0,0,0,0,0,0,0,0,0
22.650000000000095,0,0,0,0,0,0,0,0,0,0,0
22.700000000000095,0,0,0,0,0,0,0,0,0,0,0
22.750000000000096,0,0,0,0,0,0,0,0,0,0,0
22.800000000000097,0,0,0,0,0,0,0,0,0,0,0
22.850000000000097,0,0,0,0,0,0,0,0,0,0,0
22.900000000000098,0,0,0,0,0,0,0,0,0,0,0
22.9500000000001,0,0,0,0,0,0,0,0,0,0,0
23.0000000000001,0,0,0,0,0,0,0,0,0,0,0
23.0500000000001,0,0,0,0,0,0,0,0,0,0,0
23.1000000000001,0,0,0,0,0,0,0,0,0,0,0
23.1500000000001,0,0,0,0,0,0,0,0,0,0,0
23.200000000000102,0,0,0,0,0,0,0,0,0,0,0
23.250000000000103,0,0,0,0,0,0,0,0,0,0,0
23.300000000000104,0,0,0,0,0,0,0,0,0,0,0
23.350000000000104,0,0,0,0,0,0,0,0,0,0,0
23.400000000000105,0,0,0,0,0,0,0,0,0,0,0
23.450000000000106,0,0,0,0,0,0,0,0,0,0,0
23.500000000000107,0,0,0,0,0,0,0,0,0,0,0
23.550000000000107,0,0,0,0,0,0,0,0,0,0,0
23.600000000000108,0,0,0,0,0,0,0,0,0,0,0
23.65000000000011,0,0,0,0,0,0,0,0,0,0,0
23.70000000000011,0,0,0,0,0,0,0,0,0,0,0
23.75000000000011,0,0,0,0,0,0,0,0,0,0,0
23.80000000000011,0,0,0,0,0,0,0,0,0,0,0
23.85000000000011,0,0,0,0,0,0,0,0,0,0,0
23.900000000000112,0,0,0,0,0,0,0,0,0,0,0
23.950000000000113,0,0,0,0,0,0,0,0,0,0,0
24.000000000000114,0,0,0,0,0,0,0,0,0,0,0
24.050000000000114,0,0,0,0,0,0,0,0,0,0,0
24.100000000000115,0,0,0,0,0,0,0,0,0,0,0
24.150000000000116,0,0,0,0,0,0,0,0,0,0,0
24.200000000000117,0,0,0,0,0,0,0,0,0,0,0
24.250000000000117,0,0,0,0,0,0,0,0,0,0,0
24.300000000000118,0,0,0,0,0,0,0,0,0,0,0
24.35000000000012,0,0,0,0,0,0,0,0,0,0,0
24.40000000000012,0,0,0,0,0,0,0,0,0,0,0
24.45000000000012,0,0,0,0,0,0,0,0,0,0,0
24.50000000000012,0,0,0,0,0,0,0,0,0,0,0
24.55000000000012,0,0,0,0,0,0,0,0,0,0,0
24.600000000000122,0,0,0,0,0,0,0,0,0,0,0
24.650000000000123,0,0,0,0,0,0,0,0,0,0,0
24.700000000000124,0,0,0,0,0,0,0,0,0,0,0
24.750000000000124,0,0,0,0,0,0,0,0,0,0,0
24.800000000000125,0,0,0,0,0,0,0,0,0,0,0
24.850000000000126,0,0,0,0,0,0,0,0,0,0,0
24.900000000000126,0,0,0,0,0,0,0,0,0,0,0
24.950000000000127,0,0,0,0,0,0,0,0,0,0,0
25.000000000000128,0,0,0,0,0,0,0,0,0,0,0
25.05000000000013,0,0,0,0,0,0,0,0,0,0,0
25.10000000000013,0,0,0,0,0,0,0,0,0,0,0
25.15000000000013,0,0,0,0,0,0,0,0,0,0,0
25.20000000000013,0,0,0,0,0,0,0,0,0,0,0
25.25000000000013,0,0,0,0,0,0,0,0,0,0,0
25.300000000000132,0,0,0,0,0,0,0,0,0,0,0
25.350000000000133,0,0,0,0,0,0,0,0,0,0,0
25.400000000000134,0,0,0,0,0,0,0,0,0,0,0
25.450000000000134,0,0,0,0,0,0,0,0,0,0,0
25.500000000000135,0,0,0,0,0,0,0,0,0,0,0
25.550000000000136,0,0,0,0,0,0,0,0,0,0,0
25.600000000000136,0,0,0,0,0,0,0,0,0,0,0
25.650000000000137,0,0,0,0,0,0,0,0,0,0,0
25.700000000000138,0,0,0,0,0,0,0,0,0,0,0
25.75000000000014,0,0,0,0,0,0,0,0,0,0,0
25.80000000000014,0,0,0,0,0,0,0,0,0,0,0
25.85000000000014,0,0,0,0,0,0,0,0,0,0,0
25.90000000000014,0,0,0,0,0,0,0,0,0,0,0
25.95000000000014,0,0,0,0,0,0,0,0,0,0,0
26.000000000000142,0,0,0,0,0,0,0,0,0,0,0
26.050000000000143,0,0,0,0,0,0,0,0,0,0,0
26.100000000000144,0,0,0,0,0,0,0,0,0,0,0
26.150000000000144,0,0,0,0,0,0,0,0,0,0,0
26.200000000000145,0,0,0,0,0,0,0,0,0,0,0
26.250000000000146,0,0,0,0,0,0,0,0,0,0,0
26.300000000000146,0,0,0,0,0,0,0,0,0,0,0
26.350000000000147,0,0,0,0,0,0,0,0,0,0,0
26.400000000000148,0,0,0,0,0,0,0,0,0,0,0
26.45000000000015,0,0,0,0,0,0,0,0,0,0,0
26.50000000000015,0,0,0,0,0,0,0,0,0,0,0
26.55000000000015,0,0,0,0,0,0,0,0,0,0,0
26.60000000000015,0,0,0,0,0,0,0,0,0,0,0
26.65000000000015,0,0,0,0,0,0,0,0,0,0,0
26.700000000000152,0,0,0,0,0,0,0,0,0,0,0
26.750000000000153,0,0,0,0,0,0,0,0,0,0,0
26.800000000000153,0,0,0,0,0,0,0,0,0,0,0
26.850000000000154,0,0,0,0,0,0,0,0,0,0,0
26.900000000000155,0,0,0,0,0,0,0,0,0,0,0
26.950000000000156,0,0,0,0,0,0,0,0,0,0,0
27.000000000000156,0,0,0,0,0,0,0,0,0,0,0
27.050000000000157,0,0,0,0,0,0,0,0,0,0,0
27.100000000000158,0,0,0,0,0,0,0,0,0,0,0
27.15000000000016,0,0,0,0,0,0,0,0,0,0,0
27.20000000000016,0,0,0,0,0,0,0,0,0,0,0
27.25000000000016,0,0,0,0,0,0,0,0,0,0,0
27.30000000000016,0,0,0,0,0,0,0,0,0,0,0
27.35000000000016,0,0,0,0,0,0,0,0,0,0,0
27.400000000000162,0,0,0,0,0,0,0,0,0,0,0
27.450000000000163,0,0,0,0,0,0,0,0,0,0,0
27.500000000000163,0,0,0,0,0,0,0,0,0,0,0
27.550000000000164,0,0,0,0,0,0,0,0,0,0,0
27.600000000000165,0,0,0,0,0,0,0,0,0,0,0
27.650000000000166,0,0,0,0,0,0,0,0,0,0,0
27.700000000000166,0,0,0,0,0,0,0,0,0,0,0
27.750000000000167,0,0,0,0,0,0,0,0,0,0,0
27.800000000000168,0,0,0,0,0,0,0,0,0,0,0
27.85000000000017,0,0,0,0,0,0,0,0,0,0,0
27.90000000000017,0,0,0,0,0,0,0,0,0,0,0
27.95000000000017,0,0,0,0,0,0,0,0,0,0,0
28.00000000000017,0,0,0,0,0,0,0,0,0,0,0
28.05000000000017,0,0,0,0,0,0,0,0,0,0,0
28.100000000000172,0,0,0,0,0,0,0,0,0,0,0
28.150000000000173,0,0,0,0,0,0,0,0,0,0,0
28.200000000000173,0,0,0,0,0,0,0,0,0,0,0
28.250000000000174,0,0,0,0,0,0,0,0,0,0,0
28.300000000000175,0,0,0,0,0,0,0,0,0,0,0
28.350000000000176,0,0,0,0,0,0,0,0,0,0,0
28.400000000000176,0,0,0,0,0,0,0,0,0,0,0
28.450000000000177,0,0,0,0,0,0,0,0,0,0,0
28.500000000000178,0,0,0,0,0,0,0,0,0,0,0
28.55000000000018,0,0,0,0,0,0,0,0,0,0,0
28.60000000000018,0,0,0,0,0,0,0,0,0,0,0
28.65000000000018,0,0,0,0,0,0,0,0,0,0,0
28.70000000000018,0,0,0,0,0,0,0,0,0,0,0
28.75000000000018,0,0,0,0,0,0,0,0,0,0,0
28.800000000000182,0,0,0,0,0,0,0,0,0,0,0
28.850000000000183,0,0,0,0,0,0,0,0,0,0,0
28.900000000000183,0,0,0,0,0,0,0,0,0,0,0
28.950000000000184,0,0,0,0,0,0,0,0,0,0,0
29.000000000000185,0,0,0,0,0,0,0,0,0,0,0
29.050000000000185,0,0,0,0,0,0,0,0,0,0,0
29.100000000000186,0,0,0,0,0,0,0,0,0,0,0
29.150000000000187,0,0,0,0,0,0,0,0,0,0,0
29.200000000000188,0,0,0,0,0,0,0,0,0,0,0
29.25000000000019,0,0,0,0,0,0,0,0,0,0,0
29.30000000000019,0,0,0,0,0,0,0,0,0,0,0
29.35000000000019,0,0,0,0,0,0,0,0,0,0,0
29.40000000000019,0,0,0,0,0,0,0,0,0,0,0
29.45000000000019,0,0,0,0,0,0,0,0,0,0,0
29.500000000000192,0,0,0,0,0,0,0,0,0,0,0
29.550000000000193,0,0,0,0,0,0,0,0,0,0,0
29.600000000000193,0,0,0,0,0,0,0,0,0,0,0
29.650000000000194,0,0,0,0,0,0,0,0,0,0,0
29.700000000000195,0,0,0,0,0,0,0,0,0,0,0
29.750000000000195,0,0,0,0,0,0,0,0,0,0,0
29.800000000000196,0,0,0,0,0,0,0,0,0,0,0
29.850000000000197,0,0,0,0,0,0,0,0,0,0,0
29.900000000000198,0,0,0,0,0,0,0,0,0,0,0
29.9500000000002,0,0,0,0,0,0,0,0,0,0,0
30.0000000000002,0,0,0,0,0,0,0,0,0,0,0
30.0500000000002,0,0,0,0,0,0,0,0,0,0,0
30.1000000000002,0,0,0,0,0,0,0,0,0,0,0
30.1500000000002,0,0,0,0,0,0,0,0,0,0,0
30.200000000000202,0,0,0,0,0,0,0,0,0,0,0
30.250000000000203,0,0,0,0,0,0,0,0,0,0,0
30.300000000000203,0,0,0,0,0,0,0,0,0,0,0
30.350000000000204,0,0,0,0,0,0,0,0,0,0,0
30.400000000000205,0,0,0,0,0,0,0,0,0,0,0
30.450000000000205,0,0,0,0,0,0,0,0,0,0,0
30.500000000000206,0,0,0,0,0,0,0,0,0,0,0
30.550000000000207,0,0,0,0,0,0,0,0,0,0,0
30.600000000000207,0,0,0,0,0,0,0,0,0,0,0
30.650000000000208,0,0,0,0,0,0,0,0,0,0,0
30.70000000000021,0,0,0,0,0,0,0,0,0,0,0
30.75000000000021,0,0,0,0,0,0,0,0,0,0,0
30.80000000000021,0,0,0,0,0,0,0,0,0,0,0
30.85000000000021,0,0,0,0,0,0,0,0,0,0,0
30.90000000000021,0,0,0,0,0,0,0,0,0,0,0
30.950000000000212,0,0,0,0,0,0,0,0,0,0,0
31.000000000000213,0,0,0,0,0,0,0,0,0,0,0
31.050000000000214,0,0,0,0,0,0,0,0,0,0,0
31.100000000000215,0,0,0,0,0,0,0,0,0,0,0
31.150000000000215,0,0,0,0,0,0,0,0,0,0,0
31.200000000000216,0,0,0,0,0,0,0,0,0,0,0
31.250000000000217,0,0,0,0,0,0,0,0,0,0,0
31.300000000000217,0,0,0,0,0,0,0,0,0,0,0
31.350000000000218,0,0,0,0,0,0,0,0,0,0,0
31.40000000000022,0,0,0,0,0,0,0,0,0,0,0
31.45000000000022,0,0,0,0,0,0,0,0,0,0,0
31.50000000000022,0,0,0,0,0,0,0,0,0,0,0
31.55000000000022,0,0,0,0,0,0,0,0,0,0,0
31.60000000000022,0,0,0,0,0,0,0,0,0,0,0
31.650000000000222,0,0,0,0,0,0,0,0,0,0,0
31.700000000000223,0,0,0,0,0,0,0,0,0,0,0
31.750000000000224,0,0,0,0,0,0,0,0,0,0,0
31.800000000000225,0,0,0,0,0,0,0,0,0,0,0
31.850000000000225,0,0,0,0,0,0,0,0,0,0,0
31.900000000000226,0,0,0,0,0,0,0,0,0,0,0
31.950000000000227,0,0,0,0,0,0,0,0,0,0,0
*****
16,0.05,1000,0.6,1,10,100,0.75,1.0,0.65,1.0,0.01
16,1000,7,58,165,58,0,0,0,0,0,0
16.05,1008,2,59,181,59,0,0,0,0,0,0
16.1,975,4,48,208,48,0,0,0,0,0,0
16.150000000000002,1044,2,39,227,39,0,0,0,0,0,0
16.200000000000003,1028,23,47,258,47,0,0,0,0,0,0
16.250000000000004,1041,52,65,256,65,0,0,0,0,0,0
16.300000000000004,1043,11,65,252,65,0,0,0,0,0,0
16.350000000000005,1000,5,55,263,55,0,0,0,0,0,0
16.400000000000006,1039,1,45,250,45,0,0,0,0,0,0
16.450000000000006,1013,2,48,259,48,0,0,0,0,0,0
16.500000000000007,1013,3,39,247,39,0,0,0,0,0,0
16.550000000000008,1009,7,54,238,54,0,0,0,0,0,0
16.60000000000001,1007,2,40,230,40,0,0,0,0,0,0
16.65000000000001,1042,1,57,235,57,0,0,0,0,0,0
16.70000000000001,986,2,50,179,50,0,0,0,0,0,0
16.75000000000001,970,0,46,130,46,0,0,0,0,0,0
16.80000000000001,993,0,34,151,34,0,0,0,0,0,0
16.850000000000012,1049,0,36,146,36,0,0,0,0,0,0
16.900000000000013,1009,0,32,161,32,0,0,0,0,0,0
16.950000000000014,1046,0,28,153,28,0,0,0,0,0,0
17.000000000000014,984,0,26,146,26,0,0,0,0,0,0
17.050000000000015,1023,1,24,137,24,0,0,0,0,0,0
17.100000000000016,1027,0,17,131,17,0,0,0,0,0,0
17.150000000000016,938,0,8,82,8,0,0,0,0,0,0
17.200000000000017,1001,0,14,80,14,0,0,0,0,0,0
17.250000000000018,1055,0,16,67,16,0,0,0,0,0,0
17.30000000000002,1059,0,16,53,16,0,0,0,0,0,0
17.35000000000002,1009,0,15,49,15,0,0,0,0,0,0
17.40000000000002,1000,0,13,57,13,0,0,0,0,0,0
17.45000000000002,957,0,3,31,3,0,0,0,0,0,0
17.50000000000002,1022,0,11,42,11,0,0,0,0,0,0
17.550000000000022,1009,0,8,24,8,0,0,0,0,0,0
17.600000000000023,1010,0,7,21,7,0,0,0,0,0,0
17.650000000000023,1031,0,5,24,5,0,0,0,0,0,0
17.700000000000024,993,0,3,12,3,0,0,0,0,0,0
17.750000000000025,982,0,6,14,6,0,0,0,0,0,0
17.800000000000026,1027,0,8,20,8,0,0,0,0,0,0
17.850000000000026,990,0,5,9,5,0,0,0,0,0,0
17.900000000000027,1020,0,4,7,4,0,0,0,0,0,0
17.950000000000028,984,0,2,8,2,0,0,0,0,0,0
18.00000000000003,1033,0,1,2,1,0,0,0,0,0,0
18.05000000000003,998,0,3,10,3,0,0,0,0,0,0
18.10000000000003,977,0,1,7,1,0,0,0,0,0,0
18.15000000000003,962,0,2,6,2,0,0,0,0,0,0
18.20000000000003,1038,0,0,2,0,0,0,0,0,0,0
18.250000000000032,997,0,0,2,0,0,0,0,0,0,0
18.300000000000033,920,0,0,1,0,0,0,0,0,0,0
18.350000000000033,966,0,0,0,0,0,0,0,0,0,0
18.400000000000034,991,0,0,0,0,0,0,0,0,0,0
18.450000000000035,962,0,1,2,1,0,0,0,0,0,0
18.500000000000036,969,0,0,0,0,0,0,0,0,0,0
18.550000000000036,993,0,0,0,0,0,0,0,0,0,0
18.600000000000037,927,0,0,0,0,0,0,0,0,0,0
18.650000000000038,915,0,0,0,0,0,0,0,0,0,0
18.70000000000004,925,0,0,0,0,0,0,0,0,0,0
18.75000000000004,895,0,2,2,2,0,0,0,0,0,0
18.80000000000004,812,0,0,0,0,0,0,0,0,0,0
18.85000000000004,851,0,0,0,0,0,0,0,0,0,0
18.90000000000004,771,0,0,0,0,0,0,0,0,0,0
18.950000000000042,625,0,0,0,0,0,0,0,0,0,0
19.000000000000043,568,0,0,0,0,0,0,0,0,0,0
19.050000000000043,509,0,0,0,0,0,0,0,0,0,0
19.100000000000044,435,0,0,0,0,0,0,0,0,0,0
19.150000000000045,308,0,0,0,0,0,0,0,0,0,0
19.200000000000045,244,0,0,0,0,0,0,0,0,0,0
19.250000000000046,163,0,0,0,0,0,0,0,0,0,0
19.300000000000047,117,0,0,0,0,0,0,0,0,0,0
19.350000000000048,141,0,0,0,0,0,0,0,0,0,0
19.40000000000005,185,0,0,0,0,0,0,0,0,0,0
19.45000000000005,144,0,0,0,0,0,0,0,0,0,0
19.50000000000005,81,0,0,0,0,0,0,0,0,0,0
19.55000000000005,59,0,0,0,0,0,0,0,0,0,0
19.60000000000005,99,0,0,0,0,0,0,0,0,0,0
19.650000000000052,61,0,0,0,0,0,0,0,0,0,0
19.700000000000053,82,0,0,0,0,0,0,0,0,0,0
19.750000000000053,41,0,0,0,0,0,0,0,0,0,0
19.800000000000054,0,0,0,0,0,0,0,0,0,0,0
19.850000000000055,0,0,0,0,0,0,0,0,0,0,0
19.900000000000055,0,0,0,0,0,0,0,0,0,0,0
19.950000000000056,0,0,0,0,0,0,0,0,0,0,0
20.000000000000057,0,0,0,0,0,0,0,0,0,0,0
20.050000000000058,0,0,0,0,0,0,0,0,0,0,0
20.10000000000006,0,0,0,0,0,0,0,0,0,0,0
20.15000000000006,0,0,0,0,0,0,0,0,0,0,0
20.20000000000006,0,0,0,0,0,0,0,0,0,0,0
20.25000000000006,0,0,0,0,0,0,0,0,0,0,0
20.30000000000006,0,0,0,0,0,0,0,0,0,0,0
20.350000000000062,0,0,0,0,0,0,0,0,0,0,0
20.400000000000063,0,0,0,0,0,0,0,0,0,0,0
20.450000000000063,0,0,0,0,0,0,0,0,0,0,0
20.500000000000064,0,0,0,0,0,0,0,0,0,0,0
20.550000000000065,0,0,0,0,0,0,0,0,0,0,0
20.600000000000065,0,0,0,0,0,0,0,0,0,0,0
20.650000000000066,0,0,0,0,0,0,0,0,0,0,0
20.700000000000067,0,0,0,0,0,0,0,0,0,0,0
20.750000000000068,0,0,0,0,0,0,0,0,0,0,0
20.800000000000068,0,0,0,0,0,0,0,0,0,0,0
20.85000000000007,0,0,0,0,0,0,0,0,0,0,0
20.90000000000007,0,0,0,0,0,0,0,0,0,0,0
20.95000000000007,0,0,0,0,0,0,0,0,0,0,0
21.00000000000007,0,0,0,0,0,0,0,0,0,0,0
21.05000000000007,0,0,0,0,0,0,0,0,0,0,0
21.100000000000072,0,0,0,0,0,0,0,0,0,0,0
21.150000000000073,0,0,0,0,0,0,0,0,0,0,0
21.200000000000074,0,0,0,0,0,0,0,0,0,0,0
21.250000000000075,0,0,0,0,0,0,0,0,0,0,0
21.300000000000075,0,0,0,0,0,0,0,0,0,0,0
21.350000000000076,0,0,0,0,0,0,0,0,0,0,0
21.400000000000077,0,0,0,0,0,0,0,0,0,0,0
21.450000000000077,0,0,0,0,0,0,0,0,0,0,0
21.500000000000078,0,0,0,0,0,0,0,0,0,0,0
21.55000000000008,0,0,0,0,0,0,0,0,0,0,0
21.60000000000008,0,0,0,0,0,0,0,0,0,0,0
21.65000000000008,0,0,0,0,0,0,0,0,0,0,0
21.70000000000008,0,0,0,0,0,0,0,0,0,0,0
21.75000000000008,0,0,0,0,0,0,0,0,0,0,0
21.800000000000082,0,0,0,0,0,0,0,0,0,0,0
21.850000000000083,0,0,0,0,0,0,0,0,0,0,0
21.900000000000084,0,0,0,0,0,0,0,0,0,0,0
21.950000000000085,0,0,0,0,0,0,0,0,0,0,0
22.000000000000085,0,0,0,0,0,0,0,0,0,0,0
22.050000000000086,0,0,0,0,0,0,0,0,0,0,0
22.100000000000087,0,0,0,0,0,0,0,0,0,0,0
22.150000000000087,0,0,0,0,0,0,0,0,0,0,0
22.200000000000088,0,0,0,0,0,0,0,0,0,0,0
22.25000000000009,0,0,0,0,0,0,0,0,0,0,0
22.30000000000009,0,0,0,0,0,0,0,0,0,0,0
22.35000000000009,0,0,0,0,0,0,0,0,0,0,0
22.40000000000009,0,0,0,0,0,0,0,0,0,0,0
22.45000000000009,0,0,0,0,0,0,0,0,0,0,0
22.500000000000092,0,0,0,0,0,0,0,0,0,0,0
22.550000000000093,0,0,0,0,0,0,0,0,0,0,0
22.600000000000094,0,0,0,0,0,0,0,0,0,0,0
22.650000000000095,0,0,0,0,0,0,0,0,0,0,0
22.700000000000095,0,0,0,0,0,0,0,0,0,0,0
22.750000000000096,0,0,0,0,0,0,0,0,0,0,0
22.800000000000097,0,0,0,0,0,0,0,0,0,0,0
22.850000000000097,0,0,0,0,0,0,0,0,0,0,0
22.900000000000098,0,0,0,0,0,0,0,0,0,0,0
22.9500000000001,0,0,0,0,0,0,0,0,0,0,0
23.0000000000001,0,0,0,0,0,0,0,0,0,0,0
23.0500000000001,0,0,0,0,0,0,0,0,0,0,0
23.1000000000001,0,0,0,0,0,0,0,0,0,0,0
23.1500000000001,0,0,0,0,0,0,0,0,0,0,0
23.200000000000102,0,0,0,0,0,0,0,0,0,0,0
23.250000000000103,0,0,0,0,0,0,0,0,0,0,0
23.300000000000104,0,0,0,0,0,0,0,0,0,0,0
23.350000000000104,0,0,0,0,0,0,0,0,0,0,0
23.400000000000105,0,0,0,0,0,0,0,0,0,0,0
23.450000000000106,0,0,0,0,0,0,0,0,0,0,0
23.500000000000107,0,0,0,0,0,0,0,0,0,0,0
23.550000000000107,0,0,0,0,0,0,0,0,0,0,0
23.600000000000108,0,0,0,0,0,0,0,0,0,0,0
23.65000000000011,0,0,0,0,0,0,0,0,0,0,0
23.70000000000011,0,0,0,0,0,0,0,0,0,0,0
23.75000000000011,0,0,0,0,0,0,0,0,0,0,0
23.80000000000011,0,0,0,0,0,0,0,0,0,0,0
23.85000000000011,0,0,0,0,0,0,0,0,0,0,0
23.900000000000112,0,0,0,0,0,0,0,0,0,0,0
23.950000000000113,0,0,0,0,0,0,0,0,0,0,0
24.000000000000114,0,0,0,0,0,0,0,0,0,0,0
24.050000000000114,0,0,0,0,0,0,0,0,0,0,0
24.100000000000115,0,0,0,0,0,0,0,0,0,0,0
24.150000000000116,0,0,0,0,0,0,0,0,0,0,0
24.200000000000117,0,0,0,0,0,0,0,0,0,0,0
24.250000000000117,0,0,0,0,0,0,0,0,0,0,0
24.300000000000118,0,0,0,0,0,0,0,0,0,0,0
24.35000000000012,0,0,0,0,0,0,0,0,0,0,0
24.40000000000012,0,0,0,0,0,0,0,0,0,0,0
24.45000000000012,0,0,0,0,0,0,0,0,0,0,0
24.50000000000012,0,0,0,0,0,0,0,0,0,0,0
24.55000000000012,0,0,0,0,0,0,0,0,0,0,0
24.600000000000122,0,0,0,0,0,0,0,0,0,0,0
24.650000000000123,0,0,0,0,0,0,0,0,0,0,0
24.700000000000124,0,0,0,0,0,0,0,0,0,0,0
24.750000000000124,0,0,0,0,0,0,0,0,0,0,0
24.800000000000125,0,0,0,0,0,0,0,0,0,0,0
24.850000000000126,0,0,0,0,0,0,0,0,0,0,0
24.900000000000126,0,0,0,0,0,0,0,0,0,0,0
24.950000000000127,0,0,0,0,0,0,0,0,0,0,0
25.000000000000128,0,0,0,0,0,0,0,0,0,0,0
25.05000000000013,0,0,0,0,0,0,0,0,0,0,0
25.10000000000013,0,0,0,0,0,0,0,0,0,0,0
25.15000000000013,0,0,0,0,0,0,0,0,0,0,0
25.20000000000013,0,0,0,0,0,0,0,0,0,0,0
25.25000000000013,0,0,0,0,0,0,0,0,0,0,0
25.300000000000132,0,0,0,0,0,0,0,0,0,0,0
25.350000000000133,0,0,0,0,0,0,0,0,0,0,0
25.400000000000134,0,0,0,0,0,0,0,0,0,0,0
25.450000000000134,0,0,0,0,0,0,0,0,0,0,0
25.500000000000135,0,0,0,0,0,0,0,0,0,0,0
25.550000000000136,0,0,0,0,0,0,0,0,0,0,0
25.600000000000136,0,0,0,0,0,0,0,0,0,0,0
25.650000000000137,0,0,0,0,0,0,0,0,0,0,0
25.700000000000138,0,0,0,0,0,0,0,0,0,0,0
25.75000000000014,0,0,0,0,0,0,0,0,0,0,0
25.80000000000014,0,0,0,0,0,0,0,0,0,0,0
25.85000000000014,0,0,0,0,0,0,0,0,0,0,0
25.90000000000014,0,0,0,0,0,0,0,0,0,0,0
25.95000000000014,0,0,0,0,0,0,0,0,0,0,0
26.000000000000142,0,0,0,0,0,0,0,0,0,0,0
26.050000000000143,0,0,0,0,0,0,0,0,0,0,0
26.100000000000144,0,0,0,0,0,0,0,0,0,0,0
26.150000000000144,0,0,0,0,0,0,0,0,0,0,0
26.200000000000145,0,0,0,0,0,0,0,0,0,0,0
26.250000000000146,0,0,0,0,0,0,0,0,0,0,0
26.300000000000146,0,0,0,0,0,0,0,0,0,0,0
26.350000000000147,0,0,0,0,0,0,0,0,0,0,0
26.400000000000148,0,0,0,0,0,0,0,0,0,0,0
26.45000000000015,0,0,0,0,0,0,0,0,0,0,0
26.50000000000015,0,0,0,0,0,0,0,0,0,0,0
26.55000000000015,0,0,0,0,0,0,0,0,0,0,0
26.60000000000015,0,0,0,0,0,0,0,0,0,0,0
26.65000000000015,0,0,0,0,0,0,0,0,0,0,0
26.700000000000152,0,0,0,0,0,0,0,0,0,0,0
26.750000000000153,0,0,0,0,0,0,0,0,0,0,0
26.800000000000153,0,0,0,0,0,0,0,0,0,0,0
26.850000000000154,0,0,0,0,0,0,0,0,0,0,0
26.900000000000155,0,0,0,0,0,0,0,0,0,0,0
26.950000000000156,0,0,0,0,0,0,0,0,0,0,0
27.000000000000156,0,0,0,0,0,0,0,0,0,0,0
27.050000000000157,0,0,0,0,0,0,0,0,0,0,0
27.100000000000158,0,0,0,0,0,0,0,0,0,0,0
27.15000000000016,0,0,0,0,0,0,0,0,0,0,0
27.20000000000016,0,0,0,0,0,0,0,0,0,0,0
27.25000000000016,0,0,0,0,0,0,0,0,0,0,0
27.30000000000016,0,0,0,0,0,0,0,0,0,0,0
27.35000000000016,0,0,0,0,0,0,0,0,0,0,0
27.400000000000162,0,0,0,0,0,0,0,0,0,0,0
27.450000000000163,0,0,0,0,0,0,0,0,0,0,0
27.500000000000163,0,0,0,0,0,0,0,0,0,0,0
27.550000000000164,0,0,0,0,0,0,0,0,0,0,0
27.600000000000165,0,0,0,0,0,0,0,0,0,0,0
27.650000000000166,0,0,0,0,0,0,0,0,0,0,0
27.700000000000166,0,0,0,0,0,0,0,0,0,0,0
27.750000000000167,0,0,0,0,0,0,0,0,0,0,0
27.800000000000168,0,0,0,0,0,0,0,0,0,0,0
27.85000000000017,0,0,0,0,0,0,0,0,0,0,0
27.90000000000017,0,0,0,0,0,0,0,0,0,0,0
27.95000000000017,0,0,0,0,0,0,0,0,0,0,0
28.00000000000017,0,0,0,0,0,0,0,0,0,0,0
28.05000000000017,0,0,0,0,0,0,0,0,0,0,0
28.100000000000172,0,0,0,0,0,0,0,0,0,0,0
28.150000000000173,0,0,0,0,0,0,0,0,0,0,0
28.200000000000173,0,0,0,0,0,0,0,0,0,0,0
28.250000000000174,0,0,0,0,0,0,0,0,0,0,0
28.300000000000175,0,0,0,0,0,0,0,0,0,0,0
28.350000000000176,0,0,0,0,0,0,0,0,0,0,0
28.400000000000176,0,0,0,0,0,0,0,0,0,0,0
28.450000000000177,0,0,0,0,0,0,0,0,0,0,0
28.500000000000178,0,0,0,0,0,0,0,0,0,0,0
28.55000000000018,0,0,0,0,0,0,0,0,0,0,0
28.60000000000018,0,0,0,0,0,0,0,0,0,0,0
28.65000000000018,0,0,0,0,0,0,0,0,0,0,0
28.70000000000018,0,0,0,0,0,0,0,0,0,0,0
28.75000000000018,0,0,0,0,0,0,0,0,0,0,0
28.800000000000182,0,0,0,0,0,0,0,0,0,0,0
28.850000000000183,0,0,0,0,0,0,0,0,0,0,0
28.900000000000183,0,0,0,0,0,0,0,0,0,0,0
28.950000000000184,0,0,0,0,0,0,0,0,0,0,0
29.000000000000185,0,0,0,0,0,0,0,0,0,0,0
29.050000000000185,0,0,0,0,0,0,0,0,0,0,0
29.100000000000186,0,0,0,0,0,0,0,0,0,0,0
29.150000000000187,0,0,0,0,0,0,0,0,0,0,0
29.200000000000188,0,0,0,0,0,0,0,0,0,0,0
29.25000000000019,0,0,0,0,0,0,0,0,0,0,0
29.30000000000019,0,0,0,0,0,0,0,0,0,0,0
29.35000000000019,0,0,0,0,0,0,0,0,0,0,0
29.40000000000019,0,0,0,0,0,0,0,0,0,0,0
29.45000000000019,0,0,0,0,0,0,0,0,0,0,0
29.500000000000192,0,0,0,0,0,0,0,0,0,0,0
29.550000000000193,0,0,0,0,0,0,0,0,0,0,0
29.600000000000193,0,0,0,0,0,0,0,0,0,0,0
29.650000000000194,0,0,0,0,0,0,0,0,0,0,0
29.700000000000195,0,0,0,0,0,0,0,0,0,0,0
29.750000000000195,0,0,0,0,0,0,0,0,0,0,0
29.800000000000196,0,0,0,0,0,0,0,0,0,0,0
29.850000000000197,0,0,0,0,0,0,0,0,0,0,0
29.900000000000198,0,0,0,0,0,0,0,0,0,0,0
29.9500000000002,0,0,0,0,0,0,0,0,0,0,0
30.0000000000002,0,0,0,0,0,0,0,0,0,0,0
30.0500000000002,0,0,0,0,0,0,0,0,0,0,0
30.1000000000002,0,0,0,0,0,0,0,0,0,0,0
30.1500000000002,0,0,0,0,0,0,0,0,0,0,0
30.200000000000202,0,0,0,0,0,0,0,0,0,0,0
30.250000000000203,0,0,0,0,0,0,0,0,0,0,0
30.300000000000203,0,0,0,0,0,0,0,0,0,0,0
30.350000000000204,0,0,0,0,0,0,0,0,0,0,0
30.400000000000205,0,0,0,0,0,0,0,0,0,0,0
30.450000000000205,0,0,0,0,0,0,0,0,0,0,0
30.500000000000206,0,0,0,0,0,0,0,0,0,0,0
30.550000000000207,0,0,0,0,0,0,0,0,0,0,0
30.600000000000207,0,0,0,0,0,0,0,0,0,0,0
30.650000000000208,0,0,0,0,0,0,0,0,0,0,0
30.70000000000021,0,0,0,0,0,0,0,0,0,0,0
30.75000000000021,0,0,0,0,0,0,0,0,0,0,0
30.80000000000021,0,0,0,0,0,0,0,0,0,0,0
30.85000000000021,0,0,0,0,0,0,0,0,0,0,0
30.90000000000021,0,0,0,0,0,0,0,0,0,0,0
30.950000000000212,0,0,0,0,0,0,0,0,0,0,0
31.000000000000213,0,0,0,0,0,0,0,0,0,0,0
31.050000000000214,0,0,0,0,0,0,0,0,0,0,0
31.100000000000215,0,0,0,0,0,0,0,0,0,0,0
31.150000000000215,0,0,0,0,0,0,0,0,0,0,0
31.200000000000216,0,0,0,0,0,0,0,0,0,0,0
31.250000000000217,0,0,0,0,0,0,0,0,0,0,0
31.300000000000217,0,0,0,0,0,0,0,0,0,0,0
31.350000000000218,0,0,0,0,0,0,0,0,0,0,0
31.40000000000022,0,0,0,0,0,0,0,0,0,0,0
31.45000000000022,0,0,0,0,0,0,0,0,0,0,0
31.50000000000022,0,0,0,0,0,0,0,0,0,0,0
31.55000000000022,0,0,0,0,0,0,0,0,0,0,0
31.60000000000022,0,0,0,0,0,0,0,0,0,0,0
31.650000000000222,0,0,0,0,0,0,0,0,0,0,0
31.700000000000223,0,0,0,0,0,0,0,0,0,0,0
31.750000000000224,0,0,0,0,0,0,0,0,0,0,0
31.800000000000225,0,0,0,0,0,0,0,0,0,0,0
31.850000000000225,0,0,0,0,0,0,0,0,0,0,0
31.900000000000226,0,0,0,0,0,0,0,0,0,0,0
31.950000000000227,0,0,0,0,0,0,0,0,0,0,0
