*****
32 , 0.05 , 1000 , 0 , 1 , 10 , 100 , 0.65 , 1.0 , 0.65 , 1.0 , .055
32.0,1000,999,672,819,1000,0,999,672,754,1000,0
32.05,956,946,514,793,956,0,946,514,708,956,0
32.1,993,957,523,817,993,0,956,523,749,993,0
32.15,1000,885,452,842,999,0,884,452,783,998,0
32.2,1040,834,375,890,1039,0,834,375,804,1039,0
32.25,998,663,324,844,996,0,663,324,772,996,0
32.3,962,479,267,792,959,0,479,267,743,959,0
32.35,1025,365,205,871,1007,0,365,205,819,1007,0
32.4,1037,261,188,869,1001,0,261,188,820,1001,0
32.45,1045,166,137,868,985,0,166,137,830,985,0
32.5,1029,109,129,853,932,0,109,129,823,932,0
32.55,996,60,72,820,844,0,60,72,777,844,0
32.6,1040,29,73,853,824,0,29,73,836,824,0
32.65,1041,23,44,828,762,0,23,44,808,762,0
32.7,1011,11,27,773,677,0,11,27,753,677,0
32.75,1002,10,23,730,570,0,10,23,699,570,0
32.8,986,1,11,655,506,0,1,11,640,506,0
32.85,992,1,13,657,419,0,1,13,631,419,0
32.9,1041,1,8,622,408,0,1,8,605,408,0
32.95,1021,0,6,567,337,0,0,6,554,337,0
33.0,1013,0,6,523,244,0,0,6,515,244,0
33.05,1034,1,5,500,218,0,1,5,493,218,0
33.1,1039,0,3,456,177,0,0,3,451,177,0
33.15,967,0,1,376,127,0,0,1,371,127,0
33.2,1043,0,1,357,110,0,0,1,353,110,0
33.25,957,0,2,297,72,0,0,2,292,72,0
33.3,1046,0,1,283,70,0,0,1,281,70,0
33.35,1003,0,0,257,54,0,0,0,258,54,0
33.4,1047,0,0,219,42,0,0,0,218,42,0
33.45,915,0,0,190,30,0,0,0,188,30,0
33.5,969,0,0,161,24,0,0,0,160,24,0
33.55,986,0,0,175,22,0,0,0,175,22,0
33.6,1009,0,0,140,14,0,0,0,140,14,0
33.65,1002,0,0,113,8,0,0,0,113,8,0
33.7,1028,0,0,94,10,0,0,0,93,10,0
33.75,1046,0,0,83,8,0,0,0,83,8,0
33.8,1004,0,0,63,6,0,0,0,63,6,0
33.85,1033,0,0,63,3,0,0,0,63,3,0
33.9,1018,0,0,49,3,0,0,0,49,3,0
33.95,1041,0,0,34,2,0,0,0,34,2,0
34.0,984,0,0,31,0,0,0,0,31,0,0
34.05,1014,0,0,33,1,0,0,0,33,1,0
34.1,985,0,0,15,0,0,0,0,15,0,0
34.15,986,0,0,13,1,0,0,0,13,1,0
34.2,1036,0,0,15,0,0,0,0,15,0,0
34.25,1051,0,0,8,0,0,0,0,8,0,0
34.3,1037,0,0,10,0,0,0,0,10,0,0
34.35,1048,0,0,2,0,0,0,0,2,0,0
34.4,1011,0,0,3,0,0,0,0,3,0,0
34.45,1031,0,0,3,0,0,0,0,3,0,0
34.5,1017,0,0,1,0,0,0,0,1,0,0
34.55,1023,0,0,1,0,0,0,0,1,0,0
34.6,1018,0,0,0,0,0,0,0,0,0,0
34.65,1010,0,0,1,0,0,0,0,1,0,0
34.7,1014,0,0,0,0,0,0,0,0,0,0
34.75,1009,0,0,0,0,0,0,0,0,0,0
34.8,999,0,0,0,0,0,0,0,0,0,0
34.85,1020,0,0,0,0,0,0,0,0,0,0
34.9,1018,0,0,0,0,0,0,0,0,0,0
34.95,1016,0,0,0,0,0,0,0,0,0,0
35.0,989,0,0,0,0,0,0,0,0,0,0
35.05,1004,0,0,0,0,0,0,0,0,0,0
35.1,959,0,0,0,0,0,0,0,0,0,0
35.15,973,0,0,0,0,0,0,0,0,0,0
35.2,1063,0,0,0,0,0,0,0,0,0,0
35.25,1063,0,0,0,0,0,0,0,0,0,0
35.3,1070,0,0,0,0,0,0,0,0,0,0
35.35,1014,0,0,0,0,0,0,0,0,0,0
35.4,991,0,0,0,0,0,0,0,0,0,0
35.45,984,0,0,0,0,0,0,0,0,0,0
35.5,996,0,0,0,0,0,0,0,0,0,0
35.55,1039,0,0,0,0,0,0,0,0,0,0
35.6,1043,0,0,0,0,0,0,0,0,0,0
35.65,1063,0,0,0,0,0,0,0,0,0,0
35.7,1043,0,0,0,0,0,0,0,0,0,0
35.75,988,0,0,0,0,0,0,0,0,0,0
35.8,1005,0,0,0,0,0,0,0,0,0,0
35.85,1011,0,0,0,0,0,0,0,0,0,0
35.9,947,0,0,0,0,0,0,0,0,0,0
35.95,1018,0,0,0,0,0,0,0,0,0,0
36.0,1028,0,0,0,0,0,0,0,0,0,0
36.05,984,0,0,0,0,0,0,0,0,0,0
36.1,1033,0,0,0,0,0,0,0,0,0,0
36.15,1014,0,0,0,0,0,0,0,0,0,0
36.2,1050,0,0,0,0,0,0,0,0,0,0
36.25,987,0,0,0,0,0,0,0,0,0,0
36.3,1000,0,0,0,0,0,0,0,0,0,0
36.35,1015,0,0,0,0,0,0,0,0,0,0
36.4,1028,0,0,0,0,0,0,0,0,0,0
36.45,1053,0,0,0,0,0,0,0,0,0,0
36.5,1058,0,0,0,0,0,0,0,0,0,0
36.55,973,0,0,0,0,0,0,0,0,0,0
36.6,986,0,0,0,0,0,0,0,0,0,0
36.65,1036,0,0,0,0,0,0,0,0,0,0
36.7,1026,0,0,0,0,0,0,0,0,0,0
36.75,1008,0,0,0,0,0,0,0,0,0,0
36.8,932,0,0,0,0,0,0,0,0,0,0
36.85,1041,0,0,0,0,0,0,0,0,0,0
36.9,1039,0,0,0,0,0,0,0,0,0,0
36.95,970,0,0,0,0,0,0,0,0,0,0
37.0,1049,0,0,0,0,0,0,0,0,0,0
37.05,964,0,0,0,0,0,0,0,0,0,0
37.1,974,0,0,0,0,0,0,0,0,0,0
37.15,962,0,0,0,0,0,0,0,0,0,0
37.2,983,0,0,0,0,0,0,0,0,0,0
37.25,1003,0,0,0,0,0,0,0,0,0,0
37.3,980,0,0,0,0,0,0,0,0,0,0
37.35,1059,0,0,0,0,0,0,0,0,0,0
37.4,1011,0,0,0,0,0,0,0,0,0,0
37.45,1036,0,0,0,0,0,0,0,0,0,0
37.5,994,0,0,0,0,0,0,0,0,0,0
37.55,1045,0,0,0,0,0,0,0,0,0,0
37.6,1027,0,0,0,0,0,0,0,0,0,0
37.65,1005,0,0,0,0,0,0,0,0,0,0
37.7,1018,0,0,0,0,0,0,0,0,0,0
37.75,1023,0,0,0,0,0,0,0,0,0,0
37.8,1040,0,0,0,0,0,0,0,0,0,0
37.85,983,0,0,0,0,0,0,0,0,0,0
37.9,1016,0,0,0,0,0,0,0,0,0,0
37.95,986,0,0,0,0,0,0,0,0,0,0
38.0,1009,0,0,0,0,0,0,0,0,0,0
38.05,996,0,0,0,0,0,0,0,0,0,0
38.1,1018,0,0,0,0,0,0,0,0,0,0
38.15,1006,0,0,0,0,0,0,0,0,0,0
38.2,1053,0,0,0,0,0,0,0,0,0,0
38.25,997,0,0,0,0,0,0,0,0,0,0
38.3,957,0,0,0,0,0,0,0,0,0,0
38.35,1044,0,0,0,0,0,0,0,0,0,0
38.4,968,0,0,0,0,0,0,0,0,0,0
38.45,1044,0,0,0,0,0,0,0,0,0,0
38.5,991,0,0,0,0,0,0,0,0,0,0
38.55,1023,0,0,0,0,0,0,0,0,0,0
38.6,1037,0,0,0,0,0,0,0,0,0,0
38.65,1022,0,0,0,0,0,0,0,0,0,0
38.7,994,0,0,0,0,0,0,0,0,0,0
38.75,977,0,0,0,0,0,0,0,0,0,0
38.8,1028,0,0,0,0,0,0,0,0,0,0
38.85,1016,0,0,0,0,0,0,0,0,0,0
38.9,982,0,0,0,0,0,0,0,0,0,0
38.95,1055,0,0,0,0,0,0,0,0,0,0
39.0,996,0,0,0,0,0,0,0,0,0,0
39.05,1096,0,0,0,0,0,0,0,0,0,0
39.1,1004,0,0,0,0,0,0,0,0,0,0
39.15,1052,0,0,0,0,0,0,0,0,0,0
39.2,1068,0,0,0,0,0,0,0,0,0,0
39.25,969,0,0,0,0,0,0,0,0,0,0
39.3,1010,0,0,0,0,0,0,0,0,0,0
39.35,1027,0,0,0,0,0,0,0,0,0,0
39.4,1008,0,0,0,0,0,0,0,0,0,0
39.45,1020,0,0,0,0,0,0,0,0,0,0
39.5,1039,0,0,0,0,0,0,0,0,0,0
39.55,997,0,0,0,0,0,0,0,0,0,0
39.6,999,0,0,0,0,0,0,0,0,0,0
39.65,988,0,0,0,0,0,0,0,0,0,0
39.7,965,0,0,0,0,0,0,0,0,0,0
39.75,975,0,0,0,0,0,0,0,0,0,0
39.8,1074,0,0,0,0,0,0,0,0,0,0
39.85,1018,0,0,0,0,0,0,0,0,0,0
39.9,1013,0,0,0,0,0,0,0,0,0,0
39.95,1032,0,0,0,0,0,0,0,0,0,0
40.0,969,0,0,0,0,0,0,0,0,0,0
40.05,1002,0,0,0,0,0,0,0,0,0,0
40.1,982,0,0,0,0,0,0,0,0,0,0
40.15,1016,0,0,0,0,0,0,0,0,0,0
40.2,1047,0,0,0,0,0,0,0,0,0,0
40.25,1046,0,0,0,0,0,0,0,0,0,0
40.3,1048,0,0,0,0,0,0,0,0,0,0
40.35,966,0,0,0,0,0,0,0,0,0,0
40.4,1027,0,0,0,0,0,0,0,0,0,0
40.45,1006,0,0,0,0,0,0,0,0,0,0
40.5,1039,0,0,0,0,0,0,0,0,0,0
40.55,984,0,0,0,0,0,0,0,0,0,0
40.6,995,0,0,0,0,0,0,0,0,0,0
40.65,963,0,0,0,0,0,0,0,0,0,0
40.7,1031,0,0,0,0,0,0,0,0,0,0
40.75,977,0,0,0,0,0,0,0,0,0,0
40.8,1028,0,0,0,0,0,0,0,0,0,0
40.85,1069,0,0,0,0,0,0,0,0,0,0
40.9,979,0,0,0,0,0,0,0,0,0,0
40.95,1017,0,0,0,0,0,0,0,0,0,0
41.0,973,0,0,0,0,0,0,0,0,0,0
41.05,1050,0,0,0,0,0,0,0,0,0,0
41.1,1010,0,0,0,0,0,0,0,0,0,0
41.15,998,0,0,0,0,0,0,0,0,0,0
41.2,1023,0,0,0,0,0,0,0,0,0,0
41.25,1037,0,0,0,0,0,0,0,0,0,0
41.3,1061,0,0,0,0,0,0,0,0,0,0
41.35,1015,0,0,0,0,0,0,0,0,0,0
41.4,1022,0,0,0,0,0,0,0,0,0,0
41.45,1025,0,0,0,0,0,0,0,0,0,0
41.5,1061,0,0,0,0,0,0,0,0,0,0
41.55,986,0,0,0,0,0,0,0,0,0,0
41.6,1003,0,0,0,0,0,0,0,0,0,0
41.65,1003,0,0,0,0,0,0,0,0,0,0
41.7,1065,0,0,0,0,0,0,0,0,0,0
41.75,979,0,0,0,0,0,0,0,0,0,0
41.8,992,0,0,0,0,0,0,0,0,0,0
41.85,1081,0,0,0,0,0,0,0,0,0,0
41.9,1022,0,0,0,0,0,0,0,0,0,0
41.95,997,0,0,0,0,0,0,0,0,0,0
42.0,1029,0,0,0,0,0,0,0,0,0,0
42.05,925,0,0,0,0,0,0,0,0,0,0
42.1,1015,0,0,0,0,0,0,0,0,0,0
42.15,1013,0,0,0,0,0,0,0,0,0,0
42.2,1008,0,0,0,0,0,0,0,0,0,0
42.25,1005,0,0,0,0,0,0,0,0,0,0
42.3,1045,0,0,0,0,0,0,0,0,0,0
42.35,1014,0,0,0,0,0,0,0,0,0,0
42.4,1042,0,0,0,0,0,0,0,0,0,0
42.45,993,0,0,0,0,0,0,0,0,0,0
42.5,996,0,0,0,0,0,0,0,0,0,0
42.55,1071,0,0,0,0,0,0,0,0,0,0
42.6,1001,0,0,0,0,0,0,0,0,0,0
42.65,997,0,0,0,0,0,0,0,0,0,0
42.7,1054,0,0,0,0,0,0,0,0,0,0
42.75,1007,0,0,0,0,0,0,0,0,0,0
42.8,1057,0,0,0,0,0,0,0,0,0,0
42.85,1006,0,0,0,0,0,0,0,0,0,0
42.9,949,0,0,0,0,0,0,0,0,0,0
42.95,991,0,0,0,0,0,0,0,0,0,0
43.0,993,0,0,0,0,0,0,0,0,0,0
43.05,998,0,0,0,0,0,0,0,0,0,0
43.1,1034,0,0,0,0,0,0,0,0,0,0
43.15,991,0,0,0,0,0,0,0,0,0,0
43.2,1008,0,0,0,0,0,0,0,0,0,0
43.25,1039,0,0,0,0,0,0,0,0,0,0
43.3,1023,0,0,0,0,0,0,0,0,0,0
43.35,1032,0,0,0,0,0,0,0,0,0,0
43.4,1045,0,0,0,0,0,0,0,0,0,0
43.45,993,0,0,0,0,0,0,0,0,0,0
43.5,1024,0,0,0,0,0,0,0,0,0,0
43.55,1066,0,0,0,0,0,0,0,0,0,0
43.6,963,0,0,0,0,0,0,0,0,0,0
43.65,1046,0,0,0,0,0,0,0,0,0,0
43.7,1012,0,0,0,0,0,0,0,0,0,0
43.75,978,0,0,0,0,0,0,0,0,0,0
43.8,1032,0,0,0,0,0,0,0,0,0,0
43.85,974,0,0,0,0,0,0,0,0,0,0
43.9,1074,0,0,0,0,0,0,0,0,0,0
43.95,1081,0,0,0,0,0,0,0,0,0,0
44.0,990,0,0,0,0,0,0,0,0,0,0
44.05,1020,0,0,0,0,0,0,0,0,0,0
44.1,1033,0,0,0,0,0,0,0,0,0,0
44.15,953,0,0,0,0,0,0,0,0,0,0
44.2,1037,0,0,0,0,0,0,0,0,0,0
44.25,1007,0,0,0,0,0,0,0,0,0,0
44.3,1008,0,0,0,0,0,0,0,0,0,0
44.35,1026,0,0,0,0,0,0,0,0,0,0
44.4,1064,0,0,0,0,0,0,0,0,0,0
44.45,955,0,0,0,0,0,0,0,0,0,0
44.5,982,0,0,0,0,0,0,0,0,0,0
44.55,980,0,0,0,0,0,0,0,0,0,0
44.6,984,0,0,0,0,0,0,0,0,0,0
44.65,1030,0,0,0,0,0,0,0,0,0,0
44.7,1055,0,0,0,0,0,0,0,0,0,0
44.75,1001,0,0,0,0,0,0,0,0,0,0
44.8,1031,0,0,0,0,0,0,0,0,0,0
44.85,1033,0,0,0,0,0,0,0,0,0,0
44.9,988,0,0,0,0,0,0,0,0,0,0
44.95,1037,0,0,0,0,0,0,0,0,0,0
45.0,947,0,0,0,0,0,0,0,0,0,0
45.05,1042,0,0,0,0,0,0,0,0,0,0
45.1,974,0,0,0,0,0,0,0,0,0,0
45.15,1038,0,0,0,0,0,0,0,0,0,0
45.2,950,0,0,0,0,0,0,0,0,0,0
45.25,986,0,0,0,0,0,0,0,0,0,0
45.3,1079,0,0,0,0,0,0,0,0,0,0
45.35,1038,0,0,0,0,0,0,0,0,0,0
45.4,1023,0,0,0,0,0,0,0,0,0,0
45.45,980,0,0,0,0,0,0,0,0,0,0
45.5,1043,0,0,0,0,0,0,0,0,0,0
45.55,1031,0,0,0,0,0,0,0,0,0,0
45.6,1004,0,0,0,0,0,0,0,0,0,0
45.65,1022,0,0,0,0,0,0,0,0,0,0
45.7,1011,0,0,0,0,0,0,0,0,0,0
45.75,1030,0,0,0,0,0,0,0,0,0,0
45.8,1011,0,0,0,0,0,0,0,0,0,0
45.85,952,0,0,0,0,0,0,0,0,0,0
45.9,984,0,0,0,0,0,0,0,0,0,0
45.95,992,0,0,0,0,0,0,0,0,0,0
46.0,1036,0,0,0,0,0,0,0,0,0,0
46.05,1038,0,0,0,0,0,0,0,0,0,0
46.1,1027,0,0,0,0,0,0,0,0,0,0
46.15,1026,0,0,0,0,0,0,0,0,0,0
46.2,1026,0,0,0,0,0,0,0,0,0,0
46.25,1014,0,0,0,0,0,0,0,0,0,0
46.3,1036,0,0,0,0,0,0,0,0,0,0
46.35,978,0,0,0,0,0,0,0,0,0,0
46.4,1009,0,0,0,0,0,0,0,0,0,0
46.45,1009,0,0,0,0,0,0,0,0,0,0
46.5,986,0,0,0,0,0,0,0,0,0,0
46.55,1040,0,0,0,0,0,0,0,0,0,0
46.6,977,0,0,0,0,0,0,0,0,0,0
46.65,1005,0,0,0,0,0,0,0,0,0,0
46.7,994,0,0,0,0,0,0,0,0,0,0
46.75,1025,0,0,0,0,0,0,0,0,0,0
46.8,1006,0,0,0,0,0,0,0,0,0,0
46.85,1042,0,0,0,0,0,0,0,0,0,0
46.9,1035,0,0,0,0,0,0,0,0,0,0
46.95,1020,0,0,0,0,0,0,0,0,0,0
47.0,1059,0,0,0,0,0,0,0,0,0,0
47.05,1065,0,0,0,0,0,0,0,0,0,0
47.1,994,0,0,0,0,0,0,0,0,0,0
47.15,1020,0,0,0,0,0,0,0,0,0,0
47.2,969,0,0,0,0,0,0,0,0,0,0
47.25,953,0,0,0,0,0,0,0,0,0,0
47.3,988,0,0,0,0,0,0,0,0,0,0
47.35,997,0,0,0,0,0,0,0,0,0,0
47.4,1038,0,0,0,0,0,0,0,0,0,0
47.45,1018,0,0,0,0,0,0,0,0,0,0
47.5,952,0,0,0,0,0,0,0,0,0,0
47.55,981,0,0,0,0,0,0,0,0,0,0
47.6,1052,0,0,0,0,0,0,0,0,0,0
47.65,1076,0,0,0,0,0,0,0,0,0,0
47.7,985,0,0,0,0,0,0,0,0,0,0
47.75,1037,0,0,0,0,0,0,0,0,0,0
47.8,1017,0,0,0,0,0,0,0,0,0,0
47.85,990,0,0,0,0,0,0,0,0,0,0
47.9,1032,0,0,0,0,0,0,0,0,0,0
47.95,1032,0,0,0,0,0,0,0,0,0,0
48.0,1081,0,0,0,0,0,0,0,0,0,0
48.05,1002,0,0,0,0,0,0,0,0,0,0
48.1,1001,0,0,0,0,0,0,0,0,0,0
48.150000000000006,998,0,0,0,0,0,0,0,0,0,0
48.2,996,0,0,0,0,0,0,0,0,0,0
48.25,982,0,0,0,0,0,0,0,0,0,0
48.3,1044,0,0,0,0,0,0,0,0,0,0
48.35,1024,0,0,0,0,0,0,0,0,0,0
48.400000000000006,996,0,0,0,0,0,0,0,0,0,0
48.45,950,0,0,0,0,0,0,0,0,0,0
48.5,1016,0,0,0,0,0,0,0,0,0,0
48.55,1001,0,0,0,0,0,0,0,0,0,0
48.6,1063,0,0,0,0,0,0,0,0,0,0
48.650000000000006,975,0,0,0,0,0,0,0,0,0,0
48.7,1035,0,0,0,0,0,0,0,0,0,0
48.75,1069,0,0,0,0,0,0,0,0,0,0
48.8,1045,0,0,0,0,0,0,0,0,0,0
48.85,994,0,0,0,0,0,0,0,0,0,0
48.900000000000006,1056,0,0,0,0,0,0,0,0,0,0
48.95,1043,0,0,0,0,0,0,0,0,0,0
49.0,1029,0,0,0,0,0,0,0,0,0,0
49.05,960,0,0,0,0,0,0,0,0,0,0
49.1,1100,0,0,0,0,0,0,0,0,0,0
49.150000000000006,1059,0,0,0,0,0,0,0,0,0,0
49.2,960,0,0,0,0,0,0,0,0,0,0
49.25,1040,0,0,0,0,0,0,0,0,0,0
49.3,979,0,0,0,0,0,0,0,0,0,0
49.35,1019,0,0,0,0,0,0,0,0,0,0
49.400000000000006,1041,0,0,0,0,0,0,0,0,0,0
49.45,1063,0,0,0,0,0,0,0,0,0,0
49.5,1031,0,0,0,0,0,0,0,0,0,0
49.55,1027,0,0,0,0,0,0,0,0,0,0
49.6,958,0,0,0,0,0,0,0,0,0,0
49.650000000000006,993,0,0,0,0,0,0,0,0,0,0
49.7,1004,0,0,0,0,0,0,0,0,0,0
49.75,986,0,0,0,0,0,0,0,0,0,0
49.8,1014,0,0,0,0,0,0,0,0,0,0
49.85,970,0,0,0,0,0,0,0,0,0,0
49.900000000000006,1024,0,0,0,0,0,0,0,0,0,0
49.95,987,0,0,0,0,0,0,0,0,0,0
50.0,1025,0,0,0,0,0,0,0,0,0,0
50.05,1009,0,0,0,0,0,0,0,0,0,0
50.1,1052,0,0,0,0,0,0,0,0,0,0
50.150000000000006,1041,0,0,0,0,0,0,0,0,0,0
50.2,1022,0,0,0,0,0,0,0,0,0,0
50.25,1033,0,0,0,0,0,0,0,0,0,0
50.3,1012,0,0,0,0,0,0,0,0,0,0
50.35,1085,0,0,0,0,0,0,0,0,0,0
50.400000000000006,995,0,0,0,0,0,0,0,0,0,0
50.45,939,0,0,0,0,0,0,0,0,0,0
50.5,1012,0,0,0,0,0,0,0,0,0,0
50.55,1010,0,0,0,0,0,0,0,0,0,0
50.6,975,0,0,0,0,0,0,0,0,0,0
50.650000000000006,1036,0,0,0,0,0,0,0,0,0,0
50.7,1015,0,0,0,0,0,0,0,0,0,0
50.75,1036,0,0,0,0,0,0,0,0,0,0
50.8,988,0,0,0,0,0,0,0,0,0,0
50.85,1016,0,0,0,0,0,0,0,0,0,0
50.900000000000006,974,0,0,0,0,0,0,0,0,0,0
50.95,998,0,0,0,0,0,0,0,0,0,0
51.0,956,0,0,0,0,0,0,0,0,0,0
51.05,1038,0,0,0,0,0,0,0,0,0,0
51.1,1006,0,0,0,0,0,0,0,0,0,0
51.150000000000006,1066,0,0,0,0,0,0,0,0,0,0
51.2,946,0,0,0,0,0,0,0,0,0,0
51.25,1068,0,0,0,0,0,0,0,0,0,0
51.3,998,0,0,0,0,0,0,0,0,0,0
51.35,1083,0,0,0,0,0,0,0,0,0,0
51.400000000000006,972,0,0,0,0,0,0,0,0,0,0
51.45,1031,0,0,0,0,0,0,0,0,0,0
51.5,1038,0,0,0,0,0,0,0,0,0,0
51.55,1016,0,0,0,0,0,0,0,0,0,0
51.6,1013,0,0,0,0,0,0,0,0,0,0
51.650000000000006,1043,0,0,0,0,0,0,0,0,0,0
51.7,1083,0,0,0,0,0,0,0,0,0,0
51.75,940,0,0,0,0,0,0,0,0,0,0
51.8,986,0,0,0,0,0,0,0,0,0,0
51.85,1001,0,0,0,0,0,0,0,0,0,0
51.900000000000006,1055,0,0,0,0,0,0,0,0,0,0
51.95,993,0,0,0,0,0,0,0,0,0,0
52.0,1052,0,0,0,0,0,0,0,0,0,0
52.05,1019,0,0,0,0,0,0,0,0,0,0
52.1,1061,0,0,0,0,0,0,0,0,0,0
52.150000000000006,1018,0,0,0,0,0,0,0,0,0,0
52.2,988,0,0,0,0,0,0,0,0,0,0
52.25,1014,0,0,0,0,0,0,0,0,0,0
52.3,1027,0,0,0,0,0,0,0,0,0,0
52.35,992,0,0,0,0,0,0,0,0,0,0
52.400000000000006,982,0,0,0,0,0,0,0,0,0,0
52.45,1018,0,0,0,0,0,0,0,0,0,0
52.5,1054,0,0,0,0,0,0,0,0,0,0
52.55,1029,0,0,0,0,0,0,0,0,0,0
52.6,940,0,0,0,0,0,0,0,0,0,0
52.650000000000006,1029,0,0,0,0,0,0,0,0,0,0
52.7,1039,0,0,0,0,0,0,0,0,0,0
52.75,976,0,0,0,0,0,0,0,0,0,0
52.8,1041,0,0,0,0,0,0,0,0,0,0
52.85,982,0,0,0,0,0,0,0,0,0,0
52.900000000000006,1068,0,0,0,0,0,0,0,0,0,0
52.95,1010,0,0,0,0,0,0,0,0,0,0
53.0,1023,0,0,0,0,0,0,0,0,0,0
53.05,997,0,0,0,0,0,0,0,0,0,0
53.1,1038,0,0,0,0,0,0,0,0,0,0
53.150000000000006,945,0,0,0,0,0,0,0,0,0,0
53.2,1049,0,0,0,0,0,0,0,0,0,0
53.25,990,0,0,0,0,0,0,0,0,0,0
53.3,1054,0,0,0,0,0,0,0,0,0,0
53.35,1016,0,0,0,0,0,0,0,0,0,0
53.400000000000006,1022,0,0,0,0,0,0,0,0,0,0
53.45,1020,0,0,0,0,0,0,0,0,0,0
53.5,994,0,0,0,0,0,0,0,0,0,0
53.55,985,0,0,0,0,0,0,0,0,0,0
53.6,1008,0,0,0,0,0,0,0,0,0,0
53.650000000000006,1041,0,0,0,0,0,0,0,0,0,0
53.7,978,0,0,0,0,0,0,0,0,0,0
53.75,978,0,0,0,0,0,0,0,0,0,0
53.8,1036,0,0,0,0,0,0,0,0,0,0
53.85,1042,0,0,0,0,0,0,0,0,0,0
53.900000000000006,976,0,0,0,0,0,0,0,0,0,0
53.95,1053,0,0,0,0,0,0,0,0,0,0
54.0,1009,0,0,0,0,0,0,0,0,0,0
54.05,974,0,0,0,0,0,0,0,0,0,0
54.1,1047,0,0,0,0,0,0,0,0,0,0
54.150000000000006,968,0,0,0,0,0,0,0,0,0,0
54.2,981,0,0,0,0,0,0,0,0,0,0
54.25,1022,0,0,0,0,0,0,0,0,0,0
54.3,1031,0,0,0,0,0,0,0,0,0,0
54.35,1086,0,0,0,0,0,0,0,0,0,0
54.400000000000006,1008,0,0,0,0,0,0,0,0,0,0
54.45,976,0,0,0,0,0,0,0,0,0,0
54.5,969,0,0,0,0,0,0,0,0,0,0
54.55,1012,0,0,0,0,0,0,0,0,0,0
54.6,1041,0,0,0,0,0,0,0,0,0,0
54.650000000000006,1008,0,0,0,0,0,0,0,0,0,0
54.7,1028,0,0,0,0,0,0,0,0,0,0
54.75,1012,0,0,0,0,0,0,0,0,0,0
54.8,1028,0,0,0,0,0,0,0,0,0,0
54.85,1017,0,0,0,0,0,0,0,0,0,0
54.900000000000006,993,0,0,0,0,0,0,0,0,0,0
54.95,986,0,0,0,0,0,0,0,0,0,0
55.0,1030,0,0,0,0,0,0,0,0,0,0
55.05,1011,0,0,0,0,0,0,0,0,0,0
55.1,969,0,0,0,0,0,0,0,0,0,0
55.150000000000006,1034,0,0,0,0,0,0,0,0,0,0
55.2,1032,0,0,0,0,0,0,0,0,0,0
55.25,1002,0,0,0,0,0,0,0,0,0,0
55.3,992,0,0,0,0,0,0,0,0,0,0
55.35,993,0,0,0,0,0,0,0,0,0,0
55.400000000000006,1017,0,0,0,0,0,0,0,0,0,0
55.45,1010,0,0,0,0,0,0,0,0,0,0
55.5,989,0,0,0,0,0,0,0,0,0,0
55.55,1024,0,0,0,0,0,0,0,0,0,0
55.6,987,0,0,0,0,0,0,0,0,0,0
55.650000000000006,1056,0,0,0,0,0,0,0,0,0,0
55.7,956,0,0,0,0,0,0,0,0,0,0
55.75,1001,0,0,0,0,0,0,0,0,0,0
55.8,1023,0,0,0,0,0,0,0,0,0,0
55.85,1030,0,0,0,0,0,0,0,0,0,0
55.900000000000006,1024,0,0,0,0,0,0,0,0,0,0
55.95,1023,0,0,0,0,0,0,0,0,0,0
56.0,1004,0,0,0,0,0,0,0,0,0,0
56.05,949,0,0,0,0,0,0,0,0,0,0
56.1,1004,0,0,0,0,0,0,0,0,0,0
56.150000000000006,964,0,0,0,0,0,0,0,0,0,0
56.2,1102,0,0,0,0,0,0,0,0,0,0
56.25,1023,0,0,0,0,0,0,0,0,0,0
56.3,1016,0,0,0,0,0,0,0,0,0,0
56.35,1059,0,0,0,0,0,0,0,0,0,0
56.400000000000006,992,0,0,0,0,0,0,0,0,0,0
56.45,1019,0,0,0,0,0,0,0,0,0,0
56.5,1021,0,0,0,0,0,0,0,0,0,0
56.55,954,0,0,0,0,0,0,0,0,0,0
56.6,995,0,0,0,0,0,0,0,0,0,0
56.650000000000006,1031,0,0,0,0,0,0,0,0,0,0
56.7,1010,0,0,0,0,0,0,0,0,0,0
56.75,1023,0,0,0,0,0,0,0,0,0,0
56.8,1002,0,0,0,0,0,0,0,0,0,0
56.85,983,0,0,0,0,0,0,0,0,0,0
56.900000000000006,1017,0,0,0,0,0,0,0,0,0,0
56.95,1050,0,0,0,0,0,0,0,0,0,0
57.0,996,0,0,0,0,0,0,0,0,0,0
57.05,1076,0,0,0,0,0,0,0,0,0,0
57.1,1059,0,0,0,0,0,0,0,0,0,0
57.150000000000006,1023,0,0,0,0,0,0,0,0,0,0
57.2,1018,0,0,0,0,0,0,0,0,0,0
57.25,1035,0,0,0,0,0,0,0,0,0,0
57.3,1007,0,0,0,0,0,0,0,0,0,0
57.35,1023,0,0,0,0,0,0,0,0,0,0
57.400000000000006,988,0,0,0,0,0,0,0,0,0,0
57.45,1038,0,0,0,0,0,0,0,0,0,0
57.5,1058,0,0,0,0,0,0,0,0,0,0
57.55,931,0,0,0,0,0,0,0,0,0,0
57.6,1062,0,0,0,0,0,0,0,0,0,0
57.650000000000006,1117,0,0,0,0,0,0,0,0,0,0
57.7,1024,0,0,0,0,0,0,0,0,0,0
57.75,995,0,0,0,0,0,0,0,0,0,0
57.8,1036,0,0,0,0,0,0,0,0,0,0
57.85,1011,0,0,0,0,0,0,0,0,0,0
57.900000000000006,982,0,0,0,0,0,0,0,0,0,0
57.95,1053,0,0,0,0,0,0,0,0,0,0
58.0,973,0,0,0,0,0,0,0,0,0,0
58.05,989,0,0,0,0,0,0,0,0,0,0
58.1,1045,0,0,0,0,0,0,0,0,0,0
58.150000000000006,985,0,0,0,0,0,0,0,0,0,0
58.2,991,0,0,0,0,0,0,0,0,0,0
58.25,1010,0,0,0,0,0,0,0,0,0,0
58.3,1003,0,0,0,0,0,0,0,0,0,0
58.35,1015,0,0,0,0,0,0,0,0,0,0
58.400000000000006,1055,0,0,0,0,0,0,0,0,0,0
58.45,1043,0,0,0,0,0,0,0,0,0,0
58.5,1074,0,0,0,0,0,0,0,0,0,0
58.55,981,0,0,0,0,0,0,0,0,0,0
58.6,1019,0,0,0,0,0,0,0,0,0,0
58.650000000000006,985,0,0,0,0,0,0,0,0,0,0
58.7,1039,0,0,0,0,0,0,0,0,0,0
58.75,947,0,0,0,0,0,0,0,0,0,0
58.8,1048,0,0,0,0,0,0,0,0,0,0
58.85,985,0,0,0,0,0,0,0,0,0,0
58.900000000000006,981,0,0,0,0,0,0,0,0,0,0
58.95,1003,0,0,0,0,0,0,0,0,0,0
59.0,1027,0,0,0,0,0,0,0,0,0,0
59.05,1044,0,0,0,0,0,0,0,0,0,0
59.1,1028,0,0,0,0,0,0,0,0,0,0
59.150000000000006,1033,0,0,0,0,0,0,0,0,0,0
59.2,1088,0,0,0,0,0,0,0,0,0,0
59.25,969,0,0,0,0,0,0,0,0,0,0
59.3,969,0,0,0,0,0,0,0,0,0,0
59.35,1005,0,0,0,0,0,0,0,0,0,0
59.400000000000006,1041,0,0,0,0,0,0,0,0,0,0
59.45,1036,0,0,0,0,0,0,0,0,0,0
59.5,963,0,0,0,0,0,0,0,0,0,0
59.55,975,0,0,0,0,0,0,0,0,0,0
59.6,1031,0,0,0,0,0,0,0,0,0,0
59.650000000000006,1077,0,0,0,0,0,0,0,0,0,0
59.7,1054,0,0,0,0,0,0,0,0,0,0
59.75,1021,0,0,0,0,0,0,0,0,0,0
59.8,992,0,0,0,0,0,0,0,0,0,0
59.85,1016,0,0,0,0,0,0,0,0,0,0
59.900000000000006,1061,0,0,0,0,0,0,0,0,0,0
59.95,975,0,0,0,0,0,0,0,0,0,0
60.0,990,0,0,0,0,0,0,0,0,0,0
60.05,1012,0,0,0,0,0,0,0,0,0,0
60.1,988,0,0,0,0,0,0,0,0,0,0
60.150000000000006,1055,0,0,0,0,0,0,0,0,0,0
60.2,993,0,0,0,0,0,0,0,0,0,0
60.25,962,0,0,0,0,0,0,0,0,0,0
60.3,1023,0,0,0,0,0,0,0,0,0,0
60.35,1025,0,0,0,0,0,0,0,0,0,0
60.400000000000006,979,0,0,0,0,0,0,0,0,0,0
60.45,1038,0,0,0,0,0,0,0,0,0,0
60.5,1060,0,0,0,0,0,0,0,0,0,0
60.55,906,0,0,0,0,0,0,0,0,0,0
60.6,1028,0,0,0,0,0,0,0,0,0,0
60.650000000000006,1050,0,0,0,0,0,0,0,0,0,0
60.7,1009,0,0,0,0,0,0,0,0,0,0
60.75,1026,0,0,0,0,0,0,0,0,0,0
60.8,1020,0,0,0,0,0,0,0,0,0,0
60.85,1000,0,0,0,0,0,0,0,0,0,0
60.900000000000006,1002,0,0,0,0,0,0,0,0,0,0
60.95,1066,0,0,0,0,0,0,0,0,0,0
61.0,1023,0,0,0,0,0,0,0,0,0,0
61.05,1039,0,0,0,0,0,0,0,0,0,0
61.1,1036,0,0,0,0,0,0,0,0,0,0
61.150000000000006,974,0,0,0,0,0,0,0,0,0,0
61.2,1022,0,0,0,0,0,0,0,0,0,0
61.25,975,0,0,0,0,0,0,0,0,0,0
61.3,1014,0,0,0,0,0,0,0,0,0,0
61.35,970,0,0,0,0,0,0,0,0,0,0
61.400000000000006,1003,0,0,0,0,0,0,0,0,0,0
61.45,1008,0,0,0,0,0,0,0,0,0,0
61.5,1046,0,0,0,0,0,0,0,0,0,0
61.55,950,0,0,0,0,0,0,0,0,0,0
61.6,1041,0,0,0,0,0,0,0,0,0,0
61.650000000000006,1037,0,0,0,0,0,0,0,0,0,0
61.7,1006,0,0,0,0,0,0,0,0,0,0
61.75,974,0,0,0,0,0,0,0,0,0,0
61.8,974,0,0,0,0,0,0,0,0,0,0
61.85,1047,0,0,0,0,0,0,0,0,0,0
61.900000000000006,1038,0,0,0,0,0,0,0,0,0,0
61.95,1075,0,0,0,0,0,0,0,0,0,0
62.0,1053,0,0,0,0,0,0,0,0,0,0
62.05,1012,0,0,0,0,0,0,0,0,0,0
62.1,1025,0,0,0,0,0,0,0,0,0,0
62.150000000000006,1033,0,0,0,0,0,0,0,0,0,0
62.2,1003,0,0,0,0,0,0,0,0,0,0
62.25,980,0,0,0,0,0,0,0,0,0,0
62.3,987,0,0,0,0,0,0,0,0,0,0
62.35,1006,0,0,0,0,0,0,0,0,0,0
62.400000000000006,972,0,0,0,0,0,0,0,0,0,0
62.45,1017,0,0,0,0,0,0,0,0,0,0
62.5,1029,0,0,0,0,0,0,0,0,0,0
62.55,1003,0,0,0,0,0,0,0,0,0,0
62.6,992,0,0,0,0,0,0,0,0,0,0
62.650000000000006,974,0,0,0,0,0,0,0,0,0,0
62.7,1008,0,0,0,0,0,0,0,0,0,0
62.75,1003,0,0,0,0,0,0,0,0,0,0
62.8,1035,0,0,0,0,0,0,0,0,0,0
62.85,1008,0,0,0,0,0,0,0,0,0,0
62.900000000000006,989,0,0,0,0,0,0,0,0,0,0
62.95,1004,0,0,0,0,0,0,0,0,0,0
63.0,1044,0,0,0,0,0,0,0,0,0,0
63.05,1023,0,0,0,0,0,0,0,0,0,0
63.1,955,0,0,0,0,0,0,0,0,0,0
63.150000000000006,992,0,0,0,0,0,0,0,0,0,0
63.2,1013,0,0,0,0,0,0,0,0,0,0
63.25,1048,0,0,0,0,0,0,0,0,0,0
63.3,1082,0,0,0,0,0,0,0,0,0,0
63.35,1044,0,0,0,0,0,0,0,0,0,0
63.400000000000006,1041,0,0,0,0,0,0,0,0,0,0
63.45,1003,0,0,0,0,0,0,0,0,0,0
63.5,1000,0,0,0,0,0,0,0,0,0,0
63.55,1027,0,0,0,0,0,0,0,0,0,0
63.6,1055,0,0,0,0,0,0,0,0,0,0
63.650000000000006,1047,0,0,0,0,0,0,0,0,0,0
63.7,991,0,0,0,0,0,0,0,0,0,0
63.75,1060,0,0,0,0,0,0,0,0,0,0
63.8,974,0,0,0,0,0,0,0,0,0,0
63.85,1000,0,0,0,0,0,0,0,0,0,0
63.900000000000006,973,0,0,0,0,0,0,0,0,0,0
63.95,1012,0,0,0,0,0,0,0,0,0,0
64.0,968,0,0,0,0,0,0,0,0,0,0
64.05000000000001,929,0,0,0,0,0,0,0,0,0,0
64.1,907,0,0,0,0,0,0,0,0,0,0
64.15,828,0,0,0,0,0,0,0,0,0,0
64.2,726,0,0,0,0,0,0,0,0,0,0
64.25,756,0,0,0,0,0,0,0,0,0,0
64.30000000000001,676,0,0,0,0,0,0,0,0,0,0
64.35,650,0,0,0,0,0,0,0,0,0,0
64.4,576,0,0,0,0,0,0,0,0,0,0
64.45,556,0,0,0,0,0,0,0,0,0,0
64.5,460,0,0,0,0,0,0,0,0,0,0
64.55000000000001,441,0,0,0,0,0,0,0,0,0,0
64.6,370,0,0,0,0,0,0,0,0,0,0
64.65,331,0,0,0,0,0,0,0,0,0,0
64.7,319,0,0,0,0,0,0,0,0,0,0
64.75,239,0,0,0,0,0,0,0,0,0,0
64.80000000000001,182,0,0,0,0,0,0,0,0,0,0
64.85,115,0,0,0,0,0,0,0,0,0,0
64.9,83,0,0,0,0,0,0,0,0,0,0
64.95,26,0,0,0,0,0,0,0,0,0,0
*****
32 , 0.05 , 1000 , 0 , 0.4 , 10 , 100 , 0.65 , 1.0 , 0.65 , 1.0 , .055
32.0,1000,1000,0,1000,1000,0,1000,0,1000,1000,0
32.05,953,953,0,953,953,0,953,0,953,953,0
32.1,995,995,0,995,995,0,995,0,995,995,0
32.15,1022,1022,0,1022,1022,0,1022,0,1022,1022,0
32.2,951,951,0,951,951,0,951,0,951,951,0
32.25,935,934,0,935,935,0,934,0,935,935,0
32.3,1014,1003,0,1014,1014,0,1003,0,1014,1014,0
32.35,990,951,0,990,990,0,951,0,990,990,0
32.4,999,909,0,999,999,0,909,0,999,999,0
32.45,975,804,0,975,975,0,804,0,975,975,0
32.5,1017,711,0,1017,1017,0,711,0,1017,1017,0
32.55,937,508,0,937,937,0,508,0,937,937,0
32.6,1018,371,0,1018,1018,0,371,0,1018,1018,0
32.65,953,236,0,953,953,0,236,0,953,953,0
32.7,943,142,0,943,939,0,142,0,943,939,0
32.75,1008,94,0,1008,995,0,94,0,1008,995,0
32.8,1020,72,0,1020,1004,0,72,0,1020,1004,0
32.85,950,34,0,950,926,0,34,0,950,926,0
32.9,998,11,0,998,947,0,11,0,998,947,0
32.95,1001,13,0,1001,911,0,13,0,1001,911,0
33.0,1006,2,0,1006,850,0,2,0,1006,850,0
33.05,1028,3,0,1028,820,0,3,0,1028,820,0
33.1,980,0,0,980,682,0,0,0,980,682,0
33.15,1010,0,0,1010,601,0,0,0,1010,601,0
33.2,1012,0,0,1011,520,0,0,0,1011,520,0
33.25,973,0,0,973,436,0,0,0,973,436,0
33.3,1037,0,0,1036,350,0,0,0,1036,350,0
33.35,932,0,0,927,251,0,0,0,927,251,0
33.4,1020,0,0,1017,214,0,0,0,1017,214,0
33.45,960,0,0,955,138,0,0,0,955,138,0
33.5,984,0,0,976,103,0,0,0,976,103,0
33.55,988,0,0,973,84,0,0,0,973,84,0
33.6,1004,0,0,983,58,0,0,0,983,58,0
33.65,981,0,0,960,36,0,0,0,960,36,0
33.7,1035,0,0,972,28,0,0,0,972,28,0
33.75,1009,0,0,954,17,0,0,0,954,17,0
33.8,968,0,0,890,9,0,0,0,890,9,0
33.85,962,0,0,864,5,0,0,0,864,5,0
33.9,999,0,0,882,8,0,0,0,882,8,0
33.95,969,0,0,831,4,0,0,0,831,4,0
34.0,1014,0,0,805,4,0,0,0,805,4,0
34.05,938,0,0,745,1,0,0,0,745,1,0
34.1,1000,0,0,742,1,0,0,0,742,1,0
34.15,946,0,0,641,0,0,0,0,641,0,0
34.2,979,0,0,626,0,0,0,0,626,0,0
34.25,946,0,0,571,0,0,0,0,571,0,0
34.3,985,0,0,519,0,0,0,0,519,0,0
34.35,978,0,0,449,0,0,0,0,449,0,0
34.4,1018,0,0,421,0,0,0,0,421,0,0
34.45,1026,0,0,368,0,0,0,0,368,0,0
34.5,1000,0,0,329,0,0,0,0,329,0,0
34.55,995,0,0,238,0,0,0,0,238,0,0
34.6,984,0,0,186,0,0,0,0,186,0,0
34.65,941,0,0,144,0,0,0,0,144,0,0
34.7,996,0,0,136,0,0,0,0,136,0,0
34.75,989,0,0,123,0,0,0,0,123,0,0
34.8,1036,0,0,93,0,0,0,0,93,0,0
34.85,976,0,0,70,0,0,0,0,70,0,0
34.9,1016,0,0,46,0,0,0,0,46,0,0
34.95,974,0,0,30,0,0,0,0,30,0,0
35.0,973,0,0,16,0,0,0,0,16,0,0
35.05,990,0,0,19,0,0,0,0,19,0,0
35.1,1045,0,0,14,0,0,0,0,14,0,0
35.15,986,0,0,11,0,0,0,0,11,0,0
35.2,1040,0,0,6,0,0,0,0,6,0,0
35.25,986,0,0,3,0,0,0,0,3,0,0
35.3,949,0,0,4,0,0,0,0,4,0,0
35.35,991,0,0,1,0,0,0,0,1,0,0
35.4,951,0,0,0,0,0,0,0,0,0,0
35.45,984,0,0,0,0,0,0,0,0,0,0
35.5,1045,0,0,0,0,0,0,0,0,0,0
35.55,972,0,0,0,0,0,0,0,0,0,0
35.6,1014,0,0,0,0,0,0,0,0,0,0
35.65,1002,0,0,0,0,0,0,0,0,0,0
35.7,957,0,0,0,0,0,0,0,0,0,0
35.75,976,0,0,0,0,0,0,0,0,0,0
35.8,1005,0,0,0,0,0,0,0,0,0,0
35.85,968,0,0,0,0,0,0,0,0,0,0
35.9,977,0,0,0,0,0,0,0,0,0,0
35.95,950,0,0,0,0,0,0,0,0,0,0
36.0,979,0,0,0,0,0,0,0,0,0,0
36.05,990,0,0,0,0,0,0,0,0,0,0
36.1,1049,0,0,0,0,0,0,0,0,0,0
36.15,970,0,0,0,0,0,0,0,0,0,0
36.2,990,0,0,0,0,0,0,0,0,0,0
36.25,1002,0,0,0,0,0,0,0,0,0,0
36.3,988,0,0,0,0,0,0,0,0,0,0
36.35,972,0,0,0,0,0,0,0,0,0,0
36.4,1000,0,0,0,0,0,0,0,0,0,0
36.45,1054,0,0,0,0,0,0,0,0,0,0
36.5,971,0,0,0,0,0,0,0,0,0,0
36.55,968,0,0,0,0,0,0,0,0,0,0
36.6,972,0,0,0,0,0,0,0,0,0,0
36.65,962,0,0,0,0,0,0,0,0,0,0
36.7,1014,0,0,0,0,0,0,0,0,0,0
36.75,983,0,0,0,0,0,0,0,0,0,0
36.8,945,0,0,0,0,0,0,0,0,0,0
36.85,972,0,0,0,0,0,0,0,0,0,0
36.9,994,0,0,0,0,0,0,0,0,0,0
36.95,988,0,0,0,0,0,0,0,0,0,0
37.0,933,0,0,0,0,0,0,0,0,0,0
37.05,987,0,0,0,0,0,0,0,0,0,0
37.1,980,0,0,0,0,0,0,0,0,0,0
37.15,992,0,0,0,0,0,0,0,0,0,0
37.2,1039,0,0,0,0,0,0,0,0,0,0
37.25,953,0,0,0,0,0,0,0,0,0,0
37.3,1029,0,0,0,0,0,0,0,0,0,0
37.35,998,0,0,0,0,0,0,0,0,0,0
37.4,940,0,0,0,0,0,0,0,0,0,0
37.45,953,0,0,0,0,0,0,0,0,0,0
37.5,971,0,0,0,0,0,0,0,0,0,0
37.55,1033,0,0,0,0,0,0,0,0,0,0
37.6,1021,0,0,0,0,0,0,0,0,0,0
37.65,982,0,0,0,0,0,0,0,0,0,0
37.7,1037,0,0,0,0,0,0,0,0,0,0
37.75,978,0,0,0,0,0,0,0,0,0,0
37.8,965,0,0,0,0,0,0,0,0,0,0
37.85,1007,0,0,0,0,0,0,0,0,0,0
37.9,997,0,0,0,0,0,0,0,0,0,0
37.95,1011,0,0,0,0,0,0,0,0,0,0
38.0,965,0,0,0,0,0,0,0,0,0,0
38.05,1016,0,0,0,0,0,0,0,0,0,0
38.1,1027,0,0,0,0,0,0,0,0,0,0
38.15,952,0,0,0,0,0,0,0,0,0,0
38.2,960,0,0,0,0,0,0,0,0,0,0
38.25,1029,0,0,0,0,0,0,0,0,0,0
38.3,974,0,0,0,0,0,0,0,0,0,0
38.35,983,0,0,0,0,0,0,0,0,0,0
38.4,956,0,0,0,0,0,0,0,0,0,0
38.45,980,0,0,0,0,0,0,0,0,0,0
38.5,989,0,0,0,0,0,0,0,0,0,0
38.55,1017,0,0,0,0,0,0,0,0,0,0
38.6,978,0,0,0,0,0,0,0,0,0,0
38.65,973,0,0,0,0,0,0,0,0,0,0
38.7,989,0,0,0,0,0,0,0,0,0,0
38.75,952,0,0,0,0,0,0,0,0,0,0
38.8,921,0,0,0,0,0,0,0,0,0,0
38.85,1065,0,0,0,0,0,0,0,0,0,0
38.9,1057,0,0,0,0,0,0,0,0,0,0
38.95,998,0,0,0,0,0,0,0,0,0,0
39.0,980,0,0,0,0,0,0,0,0,0,0
39.05,976,0,0,0,0,0,0,0,0,0,0
39.1,1040,0,0,0,0,0,0,0,0,0,0
39.15,979,0,0,0,0,0,0,0,0,0,0
39.2,989,0,0,0,0,0,0,0,0,0,0
39.25,975,0,0,0,0,0,0,0,0,0,0
39.3,982,0,0,0,0,0,0,0,0,0,0
39.35,981,0,0,0,0,0,0,0,0,0,0
39.4,1008,0,0,0,0,0,0,0,0,0,0
39.45,997,0,0,0,0,0,0,0,0,0,0
39.5,973,0,0,0,0,0,0,0,0,0,0
39.55,963,0,0,0,0,0,0,0,0,0,0
39.6,1045,0,0,0,0,0,0,0,0,0,0
39.65,997,0,0,0,0,0,0,0,0,0,0
39.7,962,0,0,0,0,0,0,0,0,0,0
39.75,963,0,0,0,0,0,0,0,0,0,0
39.8,1032,0,0,0,0,0,0,0,0,0,0
39.85,972,0,0,0,0,0,0,0,0,0,0
39.9,1009,0,0,0,0,0,0,0,0,0,0
39.95,968,0,0,0,0,0,0,0,0,0,0
40.0,975,0,0,0,0,0,0,0,0,0,0
40.05,1005,0,0,0,0,0,0,0,0,0,0
40.1,1030,0,0,0,0,0,0,0,0,0,0
40.15,973,0,0,0,0,0,0,0,0,0,0
40.2,963,0,0,0,0,0,0,0,0,0,0
40.25,968,0,0,0,0,0,0,0,0,0,0
40.3,1014,0,0,0,0,0,0,0,0,0,0
40.35,974,0,0,0,0,0,0,0,0,0,0
40.4,1026,0,0,0,0,0,0,0,0,0,0
40.45,984,0,0,0,0,0,0,0,0,0,0
40.5,1011,0,0,0,0,0,0,0,0,0,0
40.55,983,0,0,0,0,0,0,0,0,0,0
40.6,1001,0,0,0,0,0,0,0,0,0,0
40.65,1035,0,0,0,0,0,0,0,0,0,0
40.7,1000,0,0,0,0,0,0,0,0,0,0
40.75,954,0,0,0,0,0,0,0,0,0,0
40.8,983,0,0,0,0,0,0,0,0,0,0
40.85,994,0,0,0,0,0,0,0,0,0,0
40.9,978,0,0,0,0,0,0,0,0,0,0
40.95,962,0,0,0,0,0,0,0,0,0,0
41.0,1029,0,0,0,0,0,0,0,0,0,0
41.05,952,0,0,0,0,0,0,0,0,0,0
41.1,1016,0,0,0,0,0,0,0,0,0,0
41.15,1004,0,0,0,0,0,0,0,0,0,0
41.2,961,0,0,0,0,0,0,0,0,0,0
41.25,995,0,0,0,0,0,0,0,0,0,0
41.3,982,0,0,0,0,0,0,0,0,0,0
41.35,979,0,0,0,0,0,0,0,0,0,0
41.4,967,0,0,0,0,0,0,0,0,0,0
41.45,1043,0,0,0,0,0,0,0,0,0,0
41.5,962,0,0,0,0,0,0,0,0,0,0
41.55,981,0,0,0,0,0,0,0,0,0,0
41.6,964,0,0,0,0,0,0,0,0,0,0
41.65,1028,0,0,0,0,0,0,0,0,0,0
41.7,957,0,0,0,0,0,0,0,0,0,0
41.75,980,0,0,0,0,0,0,0,0,0,0
41.8,998,0,0,0,0,0,0,0,0,0,0
41.85,980,0,0,0,0,0,0,0,0,0,0
41.9,979,0,0,0,0,0,0,0,0,0,0
41.95,993,0,0,0,0,0,0,0,0,0,0
42.0,975,0,0,0,0,0,0,0,0,0,0
42.05,1004,0,0,0,0,0,0,0,0,0,0
42.1,1002,0,0,0,0,0,0,0,0,0,0
42.15,1011,0,0,0,0,0,0,0,0,0,0
42.2,926,0,0,0,0,0,0,0,0,0,0
42.25,1038,0,0,0,0,0,0,0,0,0,0
42.3,954,0,0,0,0,0,0,0,0,0,0
42.35,1067,0,0,0,0,0,0,0,0,0,0
42.4,983,0,0,0,0,0,0,0,0,0,0
42.45,955,0,0,0,0,0,0,0,0,0,0
42.5,957,0,0,0,0,0,0,0,0,0,0
42.55,1019,0,0,0,0,0,0,0,0,0,0
42.6,942,0,0,0,0,0,0,0,0,0,0
42.65,995,0,0,0,0,0,0,0,0,0,0
42.7,1036,0,0,0,0,0,0,0,0,0,0
42.75,980,0,0,0,0,0,0,0,0,0,0
42.8,939,0,0,0,0,0,0,0,0,0,0
42.85,964,0,0,0,0,0,0,0,0,0,0
42.9,1013,0,0,0,0,0,0,0,0,0,0
42.95,932,0,0,0,0,0,0,0,0,0,0
43.0,967,0,0,0,0,0,0,0,0,0,0
43.05,1049,0,0,0,0,0,0,0,0,0,0
43.1,985,0,0,0,0,0,0,0,0,0,0
43.15,981,0,0,0,0,0,0,0,0,0,0
43.2,973,0,0,0,0,0,0,0,0,0,0
43.25,993,0,0,0,0,0,0,0,0,0,0
43.3,1002,0,0,0,0,0,0,0,0,0,0
43.35,1002,0,0,0,0,0,0,0,0,0,0
43.4,1026,0,0,0,0,0,0,0,0,0,0
43.45,1032,0,0,0,0,0,0,0,0,0,0
43.5,985,0,0,0,0,0,0,0,0,0,0
43.55,1012,0,0,0,0,0,0,0,0,0,0
43.6,977,0,0,0,0,0,0,0,0,0,0
43.65,1010,0,0,0,0,0,0,0,0,0,0
43.7,992,0,0,0,0,0,0,0,0,0,0
43.75,992,0,0,0,0,0,0,0,0,0,0
43.8,994,0,0,0,0,0,0,0,0,0,0
43.85,1002,0,0,0,0,0,0,0,0,0,0
43.9,1022,0,0,0,0,0,0,0,0,0,0
43.95,1016,0,0,0,0,0,0,0,0,0,0
44.0,957,0,0,0,0,0,0,0,0,0,0
44.05,1007,0,0,0,0,0,0,0,0,0,0
44.1,973,0,0,0,0,0,0,0,0,0,0
44.15,1000,0,0,0,0,0,0,0,0,0,0
44.2,1034,0,0,0,0,0,0,0,0,0,0
44.25,987,0,0,0,0,0,0,0,0,0,0
44.3,1031,0,0,0,0,0,0,0,0,0,0
44.35,950,0,0,0,0,0,0,0,0,0,0
44.4,998,0,0,0,0,0,0,0,0,0,0
44.45,1045,0,0,0,0,0,0,0,0,0,0
44.5,969,0,0,0,0,0,0,0,0,0,0
44.55,996,0,0,0,0,0,0,0,0,0,0
44.6,962,0,0,0,0,0,0,0,0,0,0
44.65,1039,0,0,0,0,0,0,0,0,0,0
44.7,1002,0,0,0,0,0,0,0,0,0,0
44.75,927,0,0,0,0,0,0,0,0,0,0
44.8,1054,0,0,0,0,0,0,0,0,0,0
44.85,991,0,0,0,0,0,0,0,0,0,0
44.9,1027,0,0,0,0,0,0,0,0,0,0
44.95,970,0,0,0,0,0,0,0,0,0,0
45.0,1030,0,0,0,0,0,0,0,0,0,0
45.05,968,0,0,0,0,0,0,0,0,0,0
45.1,976,0,0,0,0,0,0,0,0,0,0
45.15,1035,0,0,0,0,0,0,0,0,0,0
45.2,992,0,0,0,0,0,0,0,0,0,0
45.25,967,0,0,0,0,0,0,0,0,0,0
45.3,1023,0,0,0,0,0,0,0,0,0,0
45.35,1008,0,0,0,0,0,0,0,0,0,0
45.4,978,0,0,0,0,0,0,0,0,0,0
45.45,1021,0,0,0,0,0,0,0,0,0,0
45.5,939,0,0,0,0,0,0,0,0,0,0
45.55,1016,0,0,0,0,0,0,0,0,0,0
45.6,1003,0,0,0,0,0,0,0,0,0,0
45.65,994,0,0,0,0,0,0,0,0,0,0
45.7,933,0,0,0,0,0,0,0,0,0,0
45.75,983,0,0,0,0,0,0,0,0,0,0
45.8,989,0,0,0,0,0,0,0,0,0,0
45.85,1043,0,0,0,0,0,0,0,0,0,0
45.9,959,0,0,0,0,0,0,0,0,0,0
45.95,990,0,0,0,0,0,0,0,0,0,0
46.0,971,0,0,0,0,0,0,0,0,0,0
46.05,974,0,0,0,0,0,0,0,0,0,0
46.1,1012,0,0,0,0,0,0,0,0,0,0
46.15,972,0,0,0,0,0,0,0,0,0,0
46.2,984,0,0,0,0,0,0,0,0,0,0
46.25,1007,0,0,0,0,0,0,0,0,0,0
46.3,960,0,0,0,0,0,0,0,0,0,0
46.35,981,0,0,0,0,0,0,0,0,0,0
46.4,946,0,0,0,0,0,0,0,0,0,0
46.45,1018,0,0,0,0,0,0,0,0,0,0
46.5,1014,0,0,0,0,0,0,0,0,0,0
46.55,1016,0,0,0,0,0,0,0,0,0,0
46.6,993,0,0,0,0,0,0,0,0,0,0
46.65,951,0,0,0,0,0,0,0,0,0,0
46.7,976,0,0,0,0,0,0,0,0,0,0
46.75,982,0,0,0,0,0,0,0,0,0,0
46.8,967,0,0,0,0,0,0,0,0,0,0
46.85,1040,0,0,0,0,0,0,0,0,0,0
46.9,1010,0,0,0,0,0,0,0,0,0,0
46.95,974,0,0,0,0,0,0,0,0,0,0
47.0,1008,0,0,0,0,0,0,0,0,0,0
47.05,961,0,0,0,0,0,0,0,0,0,0
47.1,1001,0,0,0,0,0,0,0,0,0,0
47.15,959,0,0,0,0,0,0,0,0,0,0
47.2,945,0,0,0,0,0,0,0,0,0,0
47.25,1038,0,0,0,0,0,0,0,0,0,0
47.3,1004,0,0,0,0,0,0,0,0,0,0
47.35,963,0,0,0,0,0,0,0,0,0,0
47.4,1027,0,0,0,0,0,0,0,0,0,0
47.45,969,0,0,0,0,0,0,0,0,0,0
47.5,980,0,0,0,0,0,0,0,0,0,0
47.55,992,0,0,0,0,0,0,0,0,0,0
47.6,981,0,0,0,0,0,0,0,0,0,0
47.65,989,0,0,0,0,0,0,0,0,0,0
47.7,995,0,0,0,0,0,0,0,0,0,0
47.75,975,0,0,0,0,0,0,0,0,0,0
47.8,1019,0,0,0,0,0,0,0,0,0,0
47.85,999,0,0,0,0,0,0,0,0,0,0
47.9,1021,0,0,0,0,0,0,0,0,0,0
47.95,963,0,0,0,0,0,0,0,0,0,0
48.0,972,0,0,0,0,0,0,0,0,0,0
48.05,1010,0,0,0,0,0,0,0,0,0,0
48.1,969,0,0,0,0,0,0,0,0,0,0
48.150000000000006,1034,0,0,0,0,0,0,0,0,0,0
48.2,994,0,0,0,0,0,0,0,0,0,0
48.25,979,0,0,0,0,0,0,0,0,0,0
48.3,965,0,0,0,0,0,0,0,0,0,0
48.35,985,0,0,0,0,0,0,0,0,0,0
48.400000000000006,984,0,0,0,0,0,0,0,0,0,0
48.45,964,0,0,0,0,0,0,0,0,0,0
48.5,1008,0,0,0,0,0,0,0,0,0,0
48.55,963,0,0,0,0,0,0,0,0,0,0
48.6,1027,0,0,0,0,0,0,0,0,0,0
48.650000000000006,972,0,0,0,0,0,0,0,0,0,0
48.7,964,0,0,0,0,0,0,0,0,0,0
48.75,955,0,0,0,0,0,0,0,0,0,0
48.8,1079,0,0,0,0,0,0,0,0,0,0
48.85,927,0,0,0,0,0,0,0,0,0,0
48.900000000000006,1001,0,0,0,0,0,0,0,0,0,0
48.95,991,0,0,0,0,0,0,0,0,0,0
49.0,975,0,0,0,0,0,0,0,0,0,0
49.05,1043,0,0,0,0,0,0,0,0,0,0
49.1,938,0,0,0,0,0,0,0,0,0,0
49.150000000000006,1023,0,0,0,0,0,0,0,0,0,0
49.2,949,0,0,0,0,0,0,0,0,0,0
49.25,927,0,0,0,0,0,0,0,0,0,0
49.3,1015,0,0,0,0,0,0,0,0,0,0
49.35,1030,0,0,0,0,0,0,0,0,0,0
49.400000000000006,986,0,0,0,0,0,0,0,0,0,0
49.45,1017,0,0,0,0,0,0,0,0,0,0
49.5,987,0,0,0,0,0,0,0,0,0,0
49.55,1009,0,0,0,0,0,0,0,0,0,0
49.6,955,0,0,0,0,0,0,0,0,0,0
49.650000000000006,967,0,0,0,0,0,0,0,0,0,0
49.7,1038,0,0,0,0,0,0,0,0,0,0
49.75,977,0,0,0,0,0,0,0,0,0,0
49.8,952,0,0,0,0,0,0,0,0,0,0
49.85,990,0,0,0,0,0,0,0,0,0,0
49.900000000000006,1046,0,0,0,0,0,0,0,0,0,0
49.95,936,0,0,0,0,0,0,0,0,0,0
50.0,991,0,0,0,0,0,0,0,0,0,0
50.05,1017,0,0,0,0,0,0,0,0,0,0
50.1,1009,0,0,0,0,0,0,0,0,0,0
50.150000000000006,1008,0,0,0,0,0,0,0,0,0,0
50.2,985,0,0,0,0,0,0,0,0,0,0
50.25,1000,0,0,0,0,0,0,0,0,0,0
50.3,968,0,0,0,0,0,0,0,0,0,0
50.35,1043,0,0,0,0,0,0,0,0,0,0
50.400000000000006,1024,0,0,0,0,0,0,0,0,0,0
50.45,975,0,0,0,0,0,0,0,0,0,0
50.5,1020,0,0,0,0,0,0,0,0,0,0
50.55,1025,0,0,0,0,0,0,0,0,0,0
50.6,999,0,0,0,0,0,0,0,0,0,0
50.650000000000006,944,0,0,0,0,0,0,0,0,0,0
50.7,996,0,0,0,0,0,0,0,0,0,0
50.75,951,0,0,0,0,0,0,0,0,0,0
50.8,1026,0,0,0,0,0,0,0,0,0,0
50.85,941,0,0,0,0,0,0,0,0,0,0
50.900000000000006,981,0,0,0,0,0,0,0,0,0,0
50.95,1048,0,0,0,0,0,0,0,0,0,0
51.0,1015,0,0,0,0,0,0,0,0,0,0
51.05,1006,0,0,0,0,0,0,0,0,0,0
51.1,989,0,0,0,0,0,0,0,0,0,0
51.150000000000006,1015,0,0,0,0,0,0,0,0,0,0
51.2,1001,0,0,0,0,0,0,0,0,0,0
51.25,967,0,0,0,0,0,0,0,0,0,0
51.3,1001,0,0,0,0,0,0,0,0,0,0
51.35,962,0,0,0,0,0,0,0,0,0,0
51.400000000000006,1033,0,0,0,0,0,0,0,0,0,0
51.45,1008,0,0,0,0,0,0,0,0,0,0
51.5,978,0,0,0,0,0,0,0,0,0,0
51.55,987,0,0,0,0,0,0,0,0,0,0
51.6,969,0,0,0,0,0,0,0,0,0,0
51.650000000000006,939,0,0,0,0,0,0,0,0,0,0
51.7,987,0,0,0,0,0,0,0,0,0,0
51.75,997,0,0,0,0,0,0,0,0,0,0
51.8,944,0,0,0,0,0,0,0,0,0,0
51.85,981,0,0,0,0,0,0,0,0,0,0
51.900000000000006,1022,0,0,0,0,0,0,0,0,0,0
51.95,1013,0,0,0,0,0,0,0,0,0,0
52.0,1000,0,0,0,0,0,0,0,0,0,0
52.05,980,0,0,0,0,0,0,0,0,0,0
52.1,988,0,0,0,0,0,0,0,0,0,0
52.150000000000006,1003,0,0,0,0,0,0,0,0,0,0
52.2,1008,0,0,0,0,0,0,0,0,0,0
52.25,1018,0,0,0,0,0,0,0,0,0,0
52.3,1010,0,0,0,0,0,0,0,0,0,0
52.35,959,0,0,0,0,0,0,0,0,0,0
52.400000000000006,969,0,0,0,0,0,0,0,0,0,0
52.45,1002,0,0,0,0,0,0,0,0,0,0
52.5,958,0,0,0,0,0,0,0,0,0,0
52.55,1013,0,0,0,0,0,0,0,0,0,0
52.6,958,0,0,0,0,0,0,0,0,0,0
52.650000000000006,981,0,0,0,0,0,0,0,0,0,0
52.7,1030,0,0,0,0,0,0,0,0,0,0
52.75,1011,0,0,0,0,0,0,0,0,0,0
52.8,1018,0,0,0,0,0,0,0,0,0,0
52.85,986,0,0,0,0,0,0,0,0,0,0
52.900000000000006,1007,0,0,0,0,0,0,0,0,0,0
52.95,957,0,0,0,0,0,0,0,0,0,0
53.0,1011,0,0,0,0,0,0,0,0,0,0
53.05,977,0,0,0,0,0,0,0,0,0,0
53.1,964,0,0,0,0,0,0,0,0,0,0
53.150000000000006,1025,0,0,0,0,0,0,0,0,0,0
53.2,990,0,0,0,0,0,0,0,0,0,0
53.25,1006,0,0,0,0,0,0,0,0,0,0
53.3,933,0,0,0,0,0,0,0,0,0,0
53.35,1010,0,0,0,0,0,0,0,0,0,0
53.400000000000006,980,0,0,0,0,0,0,0,0,0,0
53.45,1001,0,0,0,0,0,0,0,0,0,0
53.5,992,0,0,0,0,0,0,0,0,0,0
53.55,1007,0,0,0,0,0,0,0,0,0,0
53.6,1002,0,0,0,0,0,0,0,0,0,0
53.650000000000006,982,0,0,0,0,0,0,0,0,0,0
53.7,1022,0,0,0,0,0,0,0,0,0,0
53.75,1022,0,0,0,0,0,0,0,0,0,0
53.8,1001,0,0,0,0,0,0,0,0,0,0
53.85,979,0,0,0,0,0,0,0,0,0,0
53.900000000000006,945,0,0,0,0,0,0,0,0,0,0
53.95,961,0,0,0,0,0,0,0,0,0,0
54.0,1019,0,0,0,0,0,0,0,0,0,0
54.05,1039,0,0,0,0,0,0,0,0,0,0
54.1,942,0,0,0,0,0,0,0,0,0,0
54.150000000000006,976,0,0,0,0,0,0,0,0,0,0
54.2,1018,0,0,0,0,0,0,0,0,0,0
54.25,1045,0,0,0,0,0,0,0,0,0,0
54.3,1039,0,0,0,0,0,0,0,0,0,0
54.35,999,0,0,0,0,0,0,0,0,0,0
54.400000000000006,984,0,0,0,0,0,0,0,0,0,0
54.45,964,0,0,0,0,0,0,0,0,0,0
54.5,940,0,0,0,0,0,0,0,0,0,0
54.55,1003,0,0,0,0,0,0,0,0,0,0
54.6,978,0,0,0,0,0,0,0,0,0,0
54.650000000000006,1009,0,0,0,0,0,0,0,0,0,0
54.7,985,0,0,0,0,0,0,0,0,0,0
54.75,976,0,0,0,0,0,0,0,0,0,0
54.8,1003,0,0,0,0,0,0,0,0,0,0
54.85,1010,0,0,0,0,0,0,0,0,0,0
54.900000000000006,963,0,0,0,0,0,0,0,0,0,0
54.95,1032,0,0,0,0,0,0,0,0,0,0
55.0,998,0,0,0,0,0,0,0,0,0,0
55.05,956,0,0,0,0,0,0,0,0,0,0
55.1,970,0,0,0,0,0,0,0,0,0,0
55.150000000000006,999,0,0,0,0,0,0,0,0,0,0
55.2,955,0,0,0,0,0,0,0,0,0,0
55.25,1022,0,0,0,0,0,0,0,0,0,0
55.3,959,0,0,0,0,0,0,0,0,0,0
55.35,1009,0,0,0,0,0,0,0,0,0,0
55.400000000000006,959,0,0,0,0,0,0,0,0,0,0
55.45,1009,0,0,0,0,0,0,0,0,0,0
55.5,978,0,0,0,0,0,0,0,0,0,0
55.55,988,0,0,0,0,0,0,0,0,0,0
55.6,972,0,0,0,0,0,0,0,0,0,0
55.650000000000006,998,0,0,0,0,0,0,0,0,0,0
55.7,1023,0,0,0,0,0,0,0,0,0,0
55.75,1026,0,0,0,0,0,0,0,0,0,0
55.8,1006,0,0,0,0,0,0,0,0,0,0
55.85,960,0,0,0,0,0,0,0,0,0,0
55.900000000000006,1022,0,0,0,0,0,0,0,0,0,0
55.95,992,0,0,0,0,0,0,0,0,0,0
56.0,945,0,0,0,0,0,0,0,0,0,0
56.05,1039,0,0,0,0,0,0,0,0,0,0
56.1,973,0,0,0,0,0,0,0,0,0,0
56.150000000000006,1012,0,0,0,0,0,0,0,0,0,0
56.2,976,0,0,0,0,0,0,0,0,0,0
56.25,1019,0,0,0,0,0,0,0,0,0,0
56.3,964,0,0,0,0,0,0,0,0,0,0
56.35,967,0,0,0,0,0,0,0,0,0,0
56.400000000000006,1045,0,0,0,0,0,0,0,0,0,0
56.45,987,0,0,0,0,0,0,0,0,0,0
56.5,956,0,0,0,0,0,0,0,0,0,0
56.55,1003,0,0,0,0,0,0,0,0,0,0
56.6,1016,0,0,0,0,0,0,0,0,0,0
56.650000000000006,989,0,0,0,0,0,0,0,0,0,0
56.7,950,0,0,0,0,0,0,0,0,0,0
56.75,985,0,0,0,0,0,0,0,0,0,0
56.8,1014,0,0,0,0,0,0,0,0,0,0
56.85,975,0,0,0,0,0,0,0,0,0,0
56.900000000000006,1066,0,0,0,0,0,0,0,0,0,0
56.95,971,0,0,0,0,0,0,0,0,0,0
57.0,970,0,0,0,0,0,0,0,0,0,0
57.05,1009,0,0,0,0,0,0,0,0,0,0
57.1,970,0,0,0,0,0,0,0,0,0,0
57.150000000000006,1051,0,0,0,0,0,0,0,0,0,0
57.2,1011,0,0,0,0,0,0,0,0,0,0
57.25,956,0,0,0,0,0,0,0,0,0,0
57.3,974,0,0,0,0,0,0,0,0,0,0
57.35,1015,0,0,0,0,0,0,0,0,0,0
57.400000000000006,957,0,0,0,0,0,0,0,0,0,0
57.45,1028,0,0,0,0,0,0,0,0,0,0
57.5,1036,0,0,0,0,0,0,0,0,0,0
57.55,1016,0,0,0,0,0,0,0,0,0,0
57.6,985,0,0,0,0,0,0,0,0,0,0
57.650000000000006,979,0,0,0,0,0,0,0,0,0,0
57.7,990,0,0,0,0,0,0,0,0,0,0
57.75,1004,0,0,0,0,0,0,0,0,0,0
57.8,1051,0,0,0,0,0,0,0,0,0,0
57.85,987,0,0,0,0,0,0,0,0,0,0
57.900000000000006,1036,0,0,0,0,0,0,0,0,0,0
57.95,1015,0,0,0,0,0,0,0,0,0,0
58.0,1010,0,0,0,0,0,0,0,0,0,0
58.05,1027,0,0,0,0,0,0,0,0,0,0
58.1,1004,0,0,0,0,0,0,0,0,0,0
58.150000000000006,954,0,0,0,0,0,0,0,0,0,0
58.2,999,0,0,0,0,0,0,0,0,0,0
58.25,1001,0,0,0,0,0,0,0,0,0,0
58.3,983,0,0,0,0,0,0,0,0,0,0
58.35,998,0,0,0,0,0,0,0,0,0,0
58.400000000000006,1025,0,0,0,0,0,0,0,0,0,0
58.45,997,0,0,0,0,0,0,0,0,0,0
58.5,947,0,0,0,0,0,0,0,0,0,0
58.55,958,0,0,0,0,0,0,0,0,0,0
58.6,992,0,0,0,0,0,0,0,0,0,0
58.650000000000006,953,0,0,0,0,0,0,0,0,0,0
58.7,1039,0,0,0,0,0,0,0,0,0,0
58.75,1008,0,0,0,0,0,0,0,0,0,0
58.8,968,0,0,0,0,0,0,0,0,0,0
58.85,976,0,0,0,0,0,0,0,0,0,0
58.900000000000006,1073,0,0,0,0,0,0,0,0,0,0
58.95,968,0,0,0,0,0,0,0,0,0,0
59.0,952,0,0,0,0,0,0,0,0,0,0
59.05,972,0,0,0,0,0,0,0,0,0,0
59.1,1024,0,0,0,0,0,0,0,0,0,0
59.150000000000006,946,0,0,0,0,0,0,0,0,0,0
59.2,966,0,0,0,0,0,0,0,0,0,0
59.25,998,0,0,0,0,0,0,0,0,0,0
59.3,995,0,0,0,0,0,0,0,0,0,0
59.35,989,0,0,0,0,0,0,0,0,0,0
59.400000000000006,1024,0,0,0,0,0,0,0,0,0,0
59.45,968,0,0,0,0,0,0,0,0,0,0
59.5,1009,0,0,0,0,0,0,0,0,0,0
59.55,981,0,0,0,0,0,0,0,0,0,0
59.6,962,0,0,0,0,0,0,0,0,0,0
59.650000000000006,1003,0,0,0,0,0,0,0,0,0,0
59.7,998,0,0,0,0,0,0,0,0,0,0
59.75,1004,0,0,0,0,0,0,0,0,0,0
59.8,1012,0,0,0,0,0,0,0,0,0,0
59.85,975,0,0,0,0,0,0,0,0,0,0
59.900000000000006,979,0,0,0,0,0,0,0,0,0,0
59.95,973,0,0,0,0,0,0,0,0,0,0
60.0,996,0,0,0,0,0,0,0,0,0,0
60.05,1001,0,0,0,0,0,0,0,0,0,0
60.1,1007,0,0,0,0,0,0,0,0,0,0
60.150000000000006,1000,0,0,0,0,0,0,0,0,0,0
60.2,1060,0,0,0,0,0,0,0,0,0,0
60.25,970,0,0,0,0,0,0,0,0,0,0
60.3,990,0,0,0,0,0,0,0,0,0,0
60.35,920,0,0,0,0,0,0,0,0,0,0
60.400000000000006,999,0,0,0,0,0,0,0,0,0,0
60.45,953,0,0,0,0,0,0,0,0,0,0
60.5,974,0,0,0,0,0,0,0,0,0,0
60.55,1027,0,0,0,0,0,0,0,0,0,0
60.6,1020,0,0,0,0,0,0,0,0,0,0
60.650000000000006,981,0,0,0,0,0,0,0,0,0,0
60.7,1040,0,0,0,0,0,0,0,0,0,0
60.75,961,0,0,0,0,0,0,0,0,0,0
60.8,1002,0,0,0,0,0,0,0,0,0,0
60.85,970,0,0,0,0,0,0,0,0,0,0
60.900000000000006,1011,0,0,0,0,0,0,0,0,0,0
60.95,1003,0,0,0,0,0,0,0,0,0,0
61.0,998,0,0,0,0,0,0,0,0,0,0
61.05,1018,0,0,0,0,0,0,0,0,0,0
61.1,993,0,0,0,0,0,0,0,0,0,0
61.150000000000006,1002,0,0,0,0,0,0,0,0,0,0
61.2,941,0,0,0,0,0,0,0,0,0,0
61.25,1042,0,0,0,0,0,0,0,0,0,0
61.3,931,0,0,0,0,0,0,0,0,0,0
61.35,997,0,0,0,0,0,0,0,0,0,0
61.400000000000006,1016,0,0,0,0,0,0,0,0,0,0
61.45,1013,0,0,0,0,0,0,0,0,0,0
61.5,983,0,0,0,0,0,0,0,0,0,0
61.55,1028,0,0,0,0,0,0,0,0,0,0
61.6,1009,0,0,0,0,0,0,0,0,0,0
61.650000000000006,1012,0,0,0,0,0,0,0,0,0,0
61.7,976,0,0,0,0,0,0,0,0,0,0
61.75,972,0,0,0,0,0,0,0,0,0,0
61.8,961,0,0,0,0,0,0,0,0,0,0
61.85,989,0,0,0,0,0,0,0,0,0,0
61.900000000000006,1021,0,0,0,0,0,0,0,0,0,0
61.95,944,0,0,0,0,0,0,0,0,0,0
62.0,1018,0,0,0,0,0,0,0,0,0,0
62.05,988,0,0,0,0,0,0,0,0,0,0
62.1,989,0,0,0,0,0,0,0,0,0,0
62.150000000000006,958,0,0,0,0,0,0,0,0,0,0
62.2,1053,0,0,0,0,0,0,0,0,0,0
62.25,980,0,0,0,0,0,0,0,0,0,0
62.3,981,0,0,0,0,0,0,0,0,0,0
62.35,1025,0,0,0,0,0,0,0,0,0,0
62.400000000000006,1039,0,0,0,0,0,0,0,0,0,0
62.45,1013,0,0,0,0,0,0,0,0,0,0
62.5,996,0,0,0,0,0,0,0,0,0,0
62.55,955,0,0,0,0,0,0,0,0,0,0
62.6,997,0,0,0,0,0,0,0,0,0,0
62.650000000000006,957,0,0,0,0,0,0,0,0,0,0
62.7,1008,0,0,0,0,0,0,0,0,0,0
62.75,960,0,0,0,0,0,0,0,0,0,0
62.8,958,0,0,0,0,0,0,0,0,0,0
62.85,1027,0,0,0,0,0,0,0,0,0,0
62.900000000000006,983,0,0,0,0,0,0,0,0,0,0
62.95,993,0,0,0,0,0,0,0,0,0,0
63.0,1074,0,0,0,0,0,0,0,0,0,0
63.05,1031,0,0,0,0,0,0,0,0,0,0
63.1,922,0,0,0,0,0,0,0,0,0,0
63.150000000000006,1004,0,0,0,0,0,0,0,0,0,0
63.2,962,0,0,0,0,0,0,0,0,0,0
63.25,1037,0,0,0,0,0,0,0,0,0,0
63.3,1040,0,0,0,0,0,0,0,0,0,0
63.35,954,0,0,0,0,0,0,0,0,0,0
63.400000000000006,973,0,0,0,0,0,0,0,0,0,0
63.45,982,0,0,0,0,0,0,0,0,0,0
63.5,996,0,0,0,0,0,0,0,0,0,0
63.55,1039,0,0,0,0,0,0,0,0,0,0
63.6,974,0,0,0,0,0,0,0,0,0,0
63.650000000000006,1020,0,0,0,0,0,0,0,0,0,0
63.7,972,0,0,0,0,0,0,0,0,0,0
63.75,951,0,0,0,0,0,0,0,0,0,0
63.8,1051,0,0,0,0,0,0,0,0,0,0
63.85,992,0,0,0,0,0,0,0,0,0,0
63.900000000000006,1021,0,0,0,0,0,0,0,0,0,0
63.95,1019,0,0,0,0,0,0,0,0,0,0
64.0,913,0,0,0,0,0,0,0,0,0,0
64.05000000000001,815,0,0,0,0,0,0,0,0,0,0
64.1,650,0,0,0,0,0,0,0,0,0,0
64.15,576,0,0,0,0,0,0,0,0,0,0
64.2,456,0,0,0,0,0,0,0,0,0,0
64.25,314,0,0,0,0,0,0,0,0,0,0
64.30000000000001,182,0,0,0,0,0,0,0,0,0,0
64.35,60,0,0,0,0,0,0,0,0,0,0
*****
32 , 0.05 , 1000 , 0.3 , 0.7 , 10 , 100 , 0.65 , 1.0 , 0.65 , 1.0 , .055
32.0,1000,997,938,999,1000,0,984,938,991,1000,0
32.05,986,982,919,982,986,0,977,919,968,986,0
32.1,931,929,854,929,931,0,915,854,919,931,0
32.15,959,947,860,954,959,0,946,860,947,959,0
32.2,982,966,838,976,982,0,959,838,971,982,0
32.25,915,888,774,912,915,0,887,774,909,915,0
32.3,982,920,795,981,982,0,920,795,969,982,0
32.35,956,842,738,951,956,0,842,738,944,956,0
32.4,943,777,674,937,943,0,775,674,930,943,0
32.45,941,685,637,938,941,0,685,637,932,941,0
32.5,976,615,624,970,976,0,615,624,963,976,0
32.55,967,509,553,962,967,0,509,553,959,967,0
32.6,953,422,506,947,949,0,422,506,944,949,0
32.65,989,330,448,982,985,0,330,448,975,985,0
32.7,986,269,429,978,976,0,269,429,978,976,0
32.75,943,187,385,939,934,0,187,385,935,934,0
32.8,942,126,311,936,923,0,126,311,932,923,0
32.85,968,95,309,952,928,0,95,309,950,928,0
32.9,937,81,236,929,882,0,81,236,929,882,0
32.95,970,57,211,951,880,0,57,211,950,880,0
33.0,992,30,200,968,890,0,30,200,962,890,0
33.05,971,18,166,947,826,0,18,166,947,826,0
33.1,927,9,119,907,730,0,9,119,905,730,0
33.15,930,4,130,899,726,0,4,130,898,726,0
33.2,956,6,96,919,693,0,6,96,918,693,0
33.25,978,3,64,932,638,0,3,64,932,638,0
33.3,1017,2,73,940,636,0,2,73,939,636,0
33.35,920,4,62,868,517,0,4,62,868,517,0
33.4,926,1,28,854,469,0,1,28,854,469,0
33.45,967,1,40,889,465,0,1,40,889,465,0
33.5,1005,0,18,901,398,0,0,18,901,398,0
33.55,924,0,17,823,349,0,0,17,823,349,0
33.6,974,0,23,849,312,0,0,23,849,312,0
33.65,966,0,11,809,268,0,0,11,809,268,0
33.7,942,0,10,777,229,0,0,10,777,229,0
33.75,992,0,8,804,203,0,0,8,804,203,0
33.8,971,0,6,774,184,0,0,6,774,184,0
33.85,929,0,5,709,142,0,0,5,709,142,0
33.9,1012,0,4,750,152,0,0,4,750,152,0
33.95,982,0,4,709,120,0,0,4,709,120,0
34.0,985,0,2,678,96,0,0,2,678,96,0
34.05,921,0,1,601,95,0,0,1,601,95,0
34.1,982,0,0,615,63,0,0,0,615,63,0
34.15,928,0,0,526,49,0,0,0,526,49,0
34.2,1002,0,0,538,44,0,0,0,538,44,0
34.25,935,0,1,491,40,0,0,1,491,40,0
34.3,948,0,1,469,36,0,0,1,469,36,0
34.35,980,0,0,459,25,0,0,0,459,25,0
34.4,946,0,1,385,23,0,0,1,385,23,0
34.45,979,0,0,382,23,0,0,0,382,23,0
34.5,986,0,0,332,16,0,0,0,332,16,0
34.55,949,0,0,319,6,0,0,0,319,6,0
34.6,935,0,2,281,14,0,0,2,281,14,0
34.65,988,0,0,229,10,0,0,0,229,10,0
34.7,921,0,0,232,4,0,0,0,232,4,0
34.75,991,0,0,201,3,0,0,0,201,3,0
34.8,965,0,0,185,2,0,0,0,185,2,0
34.85,942,0,0,130,3,0,0,0,130,3,0
34.9,1009,0,0,131,5,0,0,0,131,5,0
34.95,1006,0,0,109,2,0,0,0,109,2,0
35.0,945,0,0,90,4,0,0,0,90,4,0
35.05,950,0,0,84,3,0,0,0,84,3,0
35.1,942,0,0,74,0,0,0,0,74,0,0
35.15,992,0,0,56,2,0,0,0,56,2,0
35.2,944,0,0,47,1,0,0,0,47,1,0
35.25,933,0,0,40,0,0,0,0,40,0,0
35.3,972,0,0,20,1,0,0,0,20,1,0
35.35,982,0,0,26,0,0,0,0,26,0,0
35.4,944,0,0,31,0,0,0,0,31,0,0
35.45,954,0,0,14,0,0,0,0,14,0,0
35.5,911,0,0,13,0,0,0,0,13,0,0
35.55,1014,0,0,11,0,0,0,0,11,0,0
35.6,996,0,0,6,1,0,0,0,6,1,0
35.65,909,0,0,8,1,0,0,0,8,1,0
35.7,967,0,0,10,0,0,0,0,10,0,0
35.75,996,0,0,5,0,0,0,0,5,0,0
35.8,922,0,0,4,0,0,0,0,4,0,0
35.85,933,0,0,1,0,0,0,0,1,0,0
35.9,976,0,0,1,0,0,0,0,1,0,0
35.95,974,0,0,2,0,0,0,0,2,0,0
36.0,934,0,0,1,0,0,0,0,1,0,0
36.05,1010,0,0,2,0,0,0,0,2,0,0
36.1,968,0,0,1,0,0,0,0,1,0,0
36.15,967,0,0,1,0,0,0,0,1,0,0
36.2,913,0,0,0,0,0,0,0,0,0,0
36.25,997,0,0,1,0,0,0,0,1,0,0
36.3,968,0,0,0,0,0,0,0,0,0,0
36.35,946,0,0,0,0,0,0,0,0,0,0
36.4,980,0,0,1,0,0,0,0,1,0,0
36.45,964,0,0,0,0,0,0,0,0,0,0
36.5,946,0,0,0,0,0,0,0,0,0,0
36.55,999,0,0,0,0,0,0,0,0,0,0
36.6,953,0,0,0,0,0,0,0,0,0,0
36.65,928,0,0,0,0,0,0,0,0,0,0
36.7,946,0,0,0,0,0,0,0,0,0,0
36.75,998,0,0,0,0,0,0,0,0,0,0
36.8,952,0,0,0,0,0,0,0,0,0,0
36.85,936,0,0,0,0,0,0,0,0,0,0
36.9,986,0,0,0,0,0,0,0,0,0,0
36.95,977,0,0,0,0,0,0,0,0,0,0
37.0,987,0,0,0,0,0,0,0,0,0,0
37.05,994,0,0,0,0,0,0,0,0,0,0
37.1,918,0,0,0,0,0,0,0,0,0,0
37.15,928,0,0,0,0,0,0,0,0,0,0
37.2,939,0,0,0,0,0,0,0,0,0,0
37.25,971,0,0,0,0,0,0,0,0,0,0
37.3,911,0,0,0,0,0,0,0,0,0,0
37.35,1014,0,0,0,0,0,0,0,0,0,0
37.4,1002,0,0,0,0,0,0,0,0,0,0
37.45,1019,0,0,0,0,0,0,0,0,0,0
37.5,962,0,0,0,0,0,0,0,0,0,0
37.55,936,0,0,0,0,0,0,0,0,0,0
37.6,895,0,0,0,0,0,0,0,0,0,0
37.65,962,0,0,0,0,0,0,0,0,0,0
37.7,922,0,0,0,0,0,0,0,0,0,0
37.75,956,0,0,0,0,0,0,0,0,0,0
37.8,928,0,0,0,0,0,0,0,0,0,0
37.85,1000,0,0,0,0,0,0,0,0,0,0
37.9,987,0,0,0,0,0,0,0,0,0,0
37.95,975,0,0,0,0,0,0,0,0,0,0
38.0,995,0,0,0,0,0,0,0,0,0,0
38.05,967,0,0,0,0,0,0,0,0,0,0
38.1,958,0,0,0,0,0,0,0,0,0,0
38.15,951,0,0,0,0,0,0,0,0,0,0
38.2,928,0,0,0,0,0,0,0,0,0,0
38.25,958,0,0,0,0,0,0,0,0,0,0
38.3,950,0,0,0,0,0,0,0,0,0,0
38.35,977,0,0,0,0,0,0,0,0,0,0
38.4,962,0,0,0,0,0,0,0,0,0,0
38.45,987,0,0,0,0,0,0,0,0,0,0
38.5,993,0,0,0,0,0,0,0,0,0,0
38.55,917,0,0,0,0,0,0,0,0,0,0
38.6,993,0,0,0,0,0,0,0,0,0,0
38.65,961,0,0,0,0,0,0,0,0,0,0
38.7,961,0,0,0,0,0,0,0,0,0,0
38.75,992,0,0,0,0,0,0,0,0,0,0
38.8,926,0,0,0,0,0,0,0,0,0,0
38.85,946,0,0,0,0,0,0,0,0,0,0
38.9,943,0,0,0,0,0,0,0,0,0,0
38.95,958,0,0,0,0,0,0,0,0,0,0
39.0,993,0,0,0,0,0,0,0,0,0,0
39.05,950,0,0,0,0,0,0,0,0,0,0
39.1,943,0,0,0,0,0,0,0,0,0,0
39.15,981,0,0,0,0,0,0,0,0,0,0
39.2,996,0,0,0,0,0,0,0,0,0,0
39.25,958,0,0,0,0,0,0,0,0,0,0
39.3,946,0,0,0,0,0,0,0,0,0,0
39.35,937,0,0,0,0,0,0,0,0,0,0
39.4,991,0,0,0,0,0,0,0,0,0,0
39.45,945,0,0,0,0,0,0,0,0,0,0
39.5,938,0,0,0,0,0,0,0,0,0,0
39.55,956,0,0,0,0,0,0,0,0,0,0
39.6,1003,0,0,0,0,0,0,0,0,0,0
39.65,983,0,0,0,0,0,0,0,0,0,0
39.7,946,0,0,0,0,0,0,0,0,0,0
39.75,946,0,0,0,0,0,0,0,0,0,0
39.8,925,0,0,0,0,0,0,0,0,0,0
39.85,959,0,0,0,0,0,0,0,0,0,0
39.9,957,0,0,0,0,0,0,0,0,0,0
39.95,980,0,0,0,0,0,0,0,0,0,0
40.0,990,0,0,0,0,0,0,0,0,0,0
40.05,950,0,0,0,0,0,0,0,0,0,0
40.1,927,0,0,0,0,0,0,0,0,0,0
40.15,973,0,0,0,0,0,0,0,0,0,0
40.2,985,0,0,0,0,0,0,0,0,0,0
40.25,952,0,0,0,0,0,0,0,0,0,0
40.3,975,0,0,0,0,0,0,0,0,0,0
40.35,879,0,0,0,0,0,0,0,0,0,0
40.4,976,0,0,0,0,0,0,0,0,0,0
40.45,980,0,0,0,0,0,0,0,0,0,0
40.5,949,0,0,0,0,0,0,0,0,0,0
40.55,1000,0,0,0,0,0,0,0,0,0,0
40.6,922,0,0,0,0,0,0,0,0,0,0
40.65,996,0,0,0,0,0,0,0,0,0,0
40.7,985,0,0,0,0,0,0,0,0,0,0
40.75,906,0,0,0,0,0,0,0,0,0,0
40.8,979,0,0,0,0,0,0,0,0,0,0
40.85,934,0,0,0,0,0,0,0,0,0,0
40.9,982,0,0,0,0,0,0,0,0,0,0
40.95,976,0,0,0,0,0,0,0,0,0,0
41.0,939,0,0,0,0,0,0,0,0,0,0
41.05,960,0,0,0,0,0,0,0,0,0,0
41.1,921,0,0,0,0,0,0,0,0,0,0
41.15,943,0,0,0,0,0,0,0,0,0,0
41.2,1005,0,0,0,0,0,0,0,0,0,0
41.25,948,0,0,0,0,0,0,0,0,0,0
41.3,972,0,0,0,0,0,0,0,0,0,0
41.35,964,0,0,0,0,0,0,0,0,0,0
41.4,983,0,0,0,0,0,0,0,0,0,0
41.45,969,0,0,0,0,0,0,0,0,0,0
41.5,959,0,0,0,0,0,0,0,0,0,0
41.55,950,0,0,0,0,0,0,0,0,0,0
41.6,938,0,0,0,0,0,0,0,0,0,0
41.65,972,0,0,0,0,0,0,0,0,0,0
41.7,929,0,0,0,0,0,0,0,0,0,0
41.75,995,0,0,0,0,0,0,0,0,0,0
41.8,970,0,0,0,0,0,0,0,0,0,0
41.85,987,0,0,0,0,0,0,0,0,0,0
41.9,962,0,0,0,0,0,0,0,0,0,0
41.95,946,0,0,0,0,0,0,0,0,0,0
42.0,952,0,0,0,0,0,0,0,0,0,0
42.05,951,0,0,0,0,0,0,0,0,0,0
42.1,1001,0,0,0,0,0,0,0,0,0,0
42.15,952,0,0,0,0,0,0,0,0,0,0
42.2,943,0,0,0,0,0,0,0,0,0,0
42.25,950,0,0,0,0,0,0,0,0,0,0
42.3,982,0,0,0,0,0,0,0,0,0,0
42.35,903,0,0,0,0,0,0,0,0,0,0
42.4,964,0,0,0,0,0,0,0,0,0,0
42.45,1009,0,0,0,0,0,0,0,0,0,0
42.5,958,0,0,0,0,0,0,0,0,0,0
42.55,979,0,0,0,0,0,0,0,0,0,0
42.6,985,0,0,0,0,0,0,0,0,0,0
42.65,928,0,0,0,0,0,0,0,0,0,0
42.7,935,0,0,0,0,0,0,0,0,0,0
42.75,963,0,0,0,0,0,0,0,0,0,0
42.8,927,0,0,0,0,0,0,0,0,0,0
42.85,948,0,0,0,0,0,0,0,0,0,0
42.9,995,0,0,0,0,0,0,0,0,0,0
42.95,996,0,0,0,0,0,0,0,0,0,0
43.0,945,0,0,0,0,0,0,0,0,0,0
43.05,1015,0,0,0,0,0,0,0,0,0,0
43.1,930,0,0,0,0,0,0,0,0,0,0
43.15,951,0,0,0,0,0,0,0,0,0,0
43.2,906,0,0,0,0,0,0,0,0,0,0
43.25,978,0,0,0,0,0,0,0,0,0,0
43.3,976,0,0,0,0,0,0,0,0,0,0
43.35,983,0,0,0,0,0,0,0,0,0,0
43.4,965,0,0,0,0,0,0,0,0,0,0
43.45,962,0,0,0,0,0,0,0,0,0,0
43.5,995,0,0,0,0,0,0,0,0,0,0
43.55,1015,0,0,0,0,0,0,0,0,0,0
43.6,904,0,0,0,0,0,0,0,0,0,0
43.65,897,0,0,0,0,0,0,0,0,0,0
43.7,959,0,0,0,0,0,0,0,0,0,0
43.75,965,0,0,0,0,0,0,0,0,0,0
43.8,946,0,0,0,0,0,0,0,0,0,0
43.85,1027,0,0,0,0,0,0,0,0,0,0
43.9,890,0,0,0,0,0,0,0,0,0,0
43.95,1027,0,0,0,0,0,0,0,0,0,0
44.0,954,0,0,0,0,0,0,0,0,0,0
44.05,983,0,0,0,0,0,0,0,0,0,0
44.1,961,0,0,0,0,0,0,0,0,0,0
44.15,910,0,0,0,0,0,0,0,0,0,0
44.2,985,0,0,0,0,0,0,0,0,0,0
44.25,988,0,0,0,0,0,0,0,0,0,0
44.3,942,0,0,0,0,0,0,0,0,0,0
44.35,964,0,0,0,0,0,0,0,0,0,0
44.4,941,0,0,0,0,0,0,0,0,0,0
44.45,988,0,0,0,0,0,0,0,0,0,0
44.5,932,0,0,0,0,0,0,0,0,0,0
44.55,970,0,0,0,0,0,0,0,0,0,0
44.6,934,0,0,0,0,0,0,0,0,0,0
44.65,918,0,0,0,0,0,0,0,0,0,0
44.7,982,0,0,0,0,0,0,0,0,0,0
44.75,982,0,0,0,0,0,0,0,0,0,0
44.8,981,0,0,0,0,0,0,0,0,0,0
44.85,1002,0,0,0,0,0,0,0,0,0,0
44.9,936,0,0,0,0,0,0,0,0,0,0
44.95,996,0,0,0,0,0,0,0,0,0,0
45.0,896,0,0,0,0,0,0,0,0,0,0
45.05,947,0,0,0,0,0,0,0,0,0,0
45.1,942,0,0,0,0,0,0,0,0,0,0
45.15,967,0,0,0,0,0,0,0,0,0,0
45.2,952,0,0,0,0,0,0,0,0,0,0
45.25,961,0,0,0,0,0,0,0,0,0,0
45.3,967,0,0,0,0,0,0,0,0,0,0
45.35,993,0,0,0,0,0,0,0,0,0,0
45.4,970,0,0,0,0,0,0,0,0,0,0
45.45,976,0,0,0,0,0,0,0,0,0,0
45.5,957,0,0,0,0,0,0,0,0,0,0
45.55,951,0,0,0,0,0,0,0,0,0,0
45.6,982,0,0,0,0,0,0,0,0,0,0
45.65,941,0,0,0,0,0,0,0,0,0,0
45.7,980,0,0,0,0,0,0,0,0,0,0
45.75,933,0,0,0,0,0,0,0,0,0,0
45.8,915,0,0,0,0,0,0,0,0,0,0
45.85,944,0,0,0,0,0,0,0,0,0,0
45.9,974,0,0,0,0,0,0,0,0,0,0
45.95,982,0,0,0,0,0,0,0,0,0,0
46.0,1001,0,0,0,0,0,0,0,0,0,0
46.05,984,0,0,0,0,0,0,0,0,0,0
46.1,925,0,0,0,0,0,0,0,0,0,0
46.15,966,0,0,0,0,0,0,0,0,0,0
46.2,899,0,0,0,0,0,0,0,0,0,0
46.25,971,0,0,0,0,0,0,0,0,0,0
46.3,945,0,0,0,0,0,0,0,0,0,0
46.35,990,0,0,0,0,0,0,0,0,0,0
46.4,933,0,0,0,0,0,0,0,0,0,0
46.45,967,0,0,0,0,0,0,0,0,0,0
46.5,985,0,0,0,0,0,0,0,0,0,0
46.55,934,0,0,0,0,0,0,0,0,0,0
46.6,968,0,0,0,0,0,0,0,0,0,0
46.65,996,0,0,0,0,0,0,0,0,0,0
46.7,999,0,0,0,0,0,0,0,0,0,0
46.75,914,0,0,0,0,0,0,0,0,0,0
46.8,925,0,0,0,0,0,0,0,0,0,0
46.85,944,0,0,0,0,0,0,0,0,0,0
46.9,946,0,0,0,0,0,0,0,0,0,0
46.95,957,0,0,0,0,0,0,0,0,0,0
47.0,994,0,0,0,0,0,0,0,0,0,0
47.05,947,0,0,0,0,0,0,0,0,0,0
47.1,1024,0,0,0,0,0,0,0,0,0,0
47.15,952,0,0,0,0,0,0,0,0,0,0
47.2,925,0,0,0,0,0,0,0,0,0,0
47.25,962,0,0,0,0,0,0,0,0,0,0
47.3,943,0,0,0,0,0,0,0,0,0,0
47.35,1004,0,0,0,0,0,0,0,0,0,0
47.4,1012,0,0,0,0,0,0,0,0,0,0
47.45,984,0,0,0,0,0,0,0,0,0,0
47.5,934,0,0,0,0,0,0,0,0,0,0
47.55,958,0,0,0,0,0,0,0,0,0,0
47.6,924,0,0,0,0,0,0,0,0,0,0
47.65,1016,0,0,0,0,0,0,0,0,0,0
47.7,930,0,0,0,0,0,0,0,0,0,0
47.75,968,0,0,0,0,0,0,0,0,0,0
47.8,974,0,0,0,0,0,0,0,0,0,0
47.85,967,0,0,0,0,0,0,0,0,0,0
47.9,917,0,0,0,0,0,0,0,0,0,0
47.95,964,0,0,0,0,0,0,0,0,0,0
48.0,999,0,0,0,0,0,0,0,0,0,0
48.05,969,0,0,0,0,0,0,0,0,0,0
48.1,962,0,0,0,0,0,0,0,0,0,0
48.150000000000006,988,0,0,0,0,0,0,0,0,0,0
48.2,939,0,0,0,0,0,0,0,0,0,0
48.25,986,0,0,0,0,0,0,0,0,0,0
48.3,919,0,0,0,0,0,0,0,0,0,0
48.35,932,0,0,0,0,0,0,0,0,0,0
48.400000000000006,978,0,0,0,0,0,0,0,0,0,0
48.45,981,0,0,0,0,0,0,0,0,0,0
48.5,981,0,0,0,0,0,0,0,0,0,0
48.55,949,0,0,0,0,0,0,0,0,0,0
48.6,1023,0,0,0,0,0,0,0,0,0,0
48.650000000000006,890,0,0,0,0,0,0,0,0,0,0
48.7,943,0,0,0,0,0,0,0,0,0,0
48.75,949,0,0,0,0,0,0,0,0,0,0
48.8,996,0,0,0,0,0,0,0,0,0,0
48.85,921,0,0,0,0,0,0,0,0,0,0
48.900000000000006,947,0,0,0,0,0,0,0,0,0,0
48.95,969,0,0,0,0,0,0,0,0,0,0
49.0,1033,0,0,0,0,0,0,0,0,0,0
49.05,966,0,0,0,0,0,0,0,0,0,0
49.1,931,0,0,0,0,0,0,0,0,0,0
49.150000000000006,936,0,0,0,0,0,0,0,0,0,0
49.2,960,0,0,0,0,0,0,0,0,0,0
49.25,979,0,0,0,0,0,0,0,0,0,0
49.3,952,0,0,0,0,0,0,0,0,0,0
49.35,959,0,0,0,0,0,0,0,0,0,0
49.400000000000006,944,0,0,0,0,0,0,0,0,0,0
49.45,962,0,0,0,0,0,0,0,0,0,0
49.5,934,0,0,0,0,0,0,0,0,0,0
49.55,949,0,0,0,0,0,0,0,0,0,0
49.6,1001,0,0,0,0,0,0,0,0,0,0
49.650000000000006,993,0,0,0,0,0,0,0,0,0,0
49.7,1013,0,0,0,0,0,0,0,0,0,0
49.75,919,0,0,0,0,0,0,0,0,0,0
49.8,982,0,0,0,0,0,0,0,0,0,0
49.85,960,0,0,0,0,0,0,0,0,0,0
49.900000000000006,960,0,0,0,0,0,0,0,0,0,0
49.95,904,0,0,0,0,0,0,0,0,0,0
50.0,970,0,0,0,0,0,0,0,0,0,0
50.05,962,0,0,0,0,0,0,0,0,0,0
50.1,978,0,0,0,0,0,0,0,0,0,0
50.150000000000006,965,0,0,0,0,0,0,0,0,0,0
50.2,972,0,0,0,0,0,0,0,0,0,0
50.25,990,0,0,0,0,0,0,0,0,0,0
50.3,908,0,0,0,0,0,0,0,0,0,0
50.35,965,0,0,0,0,0,0,0,0,0,0
50.400000000000006,977,0,0,0,0,0,0,0,0,0,0
50.45,924,0,0,0,0,0,0,0,0,0,0
50.5,963,0,0,0,0,0,0,0,0,0,0
50.55,959,0,0,0,0,0,0,0,0,0,0
50.6,966,0,0,0,0,0,0,0,0,0,0
50.650000000000006,995,0,0,0,0,0,0,0,0,0,0
50.7,945,0,0,0,0,0,0,0,0,0,0
50.75,958,0,0,0,0,0,0,0,0,0,0
50.8,960,0,0,0,0,0,0,0,0,0,0
50.85,924,0,0,0,0,0,0,0,0,0,0
50.900000000000006,963,0,0,0,0,0,0,0,0,0,0
50.95,974,0,0,0,0,0,0,0,0,0,0
51.0,1005,0,0,0,0,0,0,0,0,0,0
51.05,961,0,0,0,0,0,0,0,0,0,0
51.1,956,0,0,0,0,0,0,0,0,0,0
51.150000000000006,953,0,0,0,0,0,0,0,0,0,0
51.2,942,0,0,0,0,0,0,0,0,0,0
51.25,920,0,0,0,0,0,0,0,0,0,0
51.3,987,0,0,0,0,0,0,0,0,0,0
51.35,966,0,0,0,0,0,0,0,0,0,0
51.400000000000006,945,0,0,0,0,0,0,0,0,0,0
51.45,975,0,0,0,0,0,0,0,0,0,0
51.5,980,0,0,0,0,0,0,0,0,0,0
51.55,954,0,0,0,0,0,0,0,0,0,0
51.6,992,0,0,0,0,0,0,0,0,0,0
51.650000000000006,901,0,0,0,0,0,0,0,0,0,0
51.7,951,0,0,0,0,0,0,0,0,0,0
51.75,969,0,0,0,0,0,0,0,0,0,0
51.8,951,0,0,0,0,0,0,0,0,0,0
51.85,993,0,0,0,0,0,0,0,0,0,0
51.900000000000006,961,0,0,0,0,0,0,0,0,0,0
51.95,996,0,0,0,0,0,0,0,0,0,0
52.0,942,0,0,0,0,0,0,0,0,0,0
52.05,970,0,0,0,0,0,0,0,0,0,0
52.1,915,0,0,0,0,0,0,0,0,0,0
52.150000000000006,969,0,0,0,0,0,0,0,0,0,0
52.2,942,0,0,0,0,0,0,0,0,0,0
52.25,986,0,0,0,0,0,0,0,0,0,0
52.3,992,0,0,0,0,0,0,0,0,0,0
52.35,913,0,0,0,0,0,0,0,0,0,0
52.400000000000006,1027,0,0,0,0,0,0,0,0,0,0
52.45,971,0,0,0,0,0,0,0,0,0,0
52.5,957,0,0,0,0,0,0,0,0,0,0
52.55,936,0,0,0,0,0,0,0,0,0,0
52.6,938,0,0,0,0,0,0,0,0,0,0
52.650000000000006,930,0,0,0,0,0,0,0,0,0,0
52.7,919,0,0,0,0,0,0,0,0,0,0
52.75,986,0,0,0,0,0,0,0,0,0,0
52.8,1003,0,0,0,0,0,0,0,0,0,0
52.85,955,0,0,0,0,0,0,0,0,0,0
52.900000000000006,997,0,0,0,0,0,0,0,0,0,0
52.95,961,0,0,0,0,0,0,0,0,0,0
53.0,950,0,0,0,0,0,0,0,0,0,0
53.05,922,0,0,0,0,0,0,0,0,0,0
53.1,884,0,0,0,0,0,0,0,0,0,0
53.150000000000006,1004,0,0,0,0,0,0,0,0,0,0
53.2,996,0,0,0,0,0,0,0,0,0,0
53.25,1006,0,0,0,0,0,0,0,0,0,0
53.3,944,0,0,0,0,0,0,0,0,0,0
53.35,915,0,0,0,0,0,0,0,0,0,0
53.400000000000006,1009,0,0,0,0,0,0,0,0,0,0
53.45,987,0,0,0,0,0,0,0,0,0,0
53.5,977,0,0,0,0,0,0,0,0,0,0
53.55,935,0,0,0,0,0,0,0,0,0,0
53.6,941,0,0,0,0,0,0,0,0,0,0
53.650000000000006,896,0,0,0,0,0,0,0,0,0,0
53.7,976,0,0,0,0,0,0,0,0,0,0
53.75,961,0,0,0,0,0,0,0,0,0,0
53.8,1030,0,0,0,0,0,0,0,0,0,0
53.85,960,0,0,0,0,0,0,0,0,0,0
53.900000000000006,1009,0,0,0,0,0,0,0,0,0,0
53.95,920,0,0,0,0,0,0,0,0,0,0
54.0,921,0,0,0,0,0,0,0,0,0,0
54.05,918,0,0,0,0,0,0,0,0,0,0
54.1,1006,0,0,0,0,0,0,0,0,0,0
54.150000000000006,996,0,0,0,0,0,0,0,0,0,0
54.2,946,0,0,0,0,0,0,0,0,0,0
54.25,953,0,0,0,0,0,0,0,0,0,0
54.3,928,0,0,0,0,0,0,0,0,0,0
54.35,988,0,0,0,0,0,0,0,0,0,0
54.400000000000006,1017,0,0,0,0,0,0,0,0,0,0
54.45,965,0,0,0,0,0,0,0,0,0,0
54.5,930,0,0,0,0,0,0,0,0,0,0
54.55,931,0,0,0,0,0,0,0,0,0,0
54.6,936,0,0,0,0,0,0,0,0,0,0
54.650000000000006,959,0,0,0,0,0,0,0,0,0,0
54.7,956,0,0,0,0,0,0,0,0,0,0
54.75,997,0,0,0,0,0,0,0,0,0,0
54.8,971,0,0,0,0,0,0,0,0,0,0
54.85,969,0,0,0,0,0,0,0,0,0,0
54.900000000000006,946,0,0,0,0,0,0,0,0,0,0
54.95,966,0,0,0,0,0,0,0,0,0,0
55.0,976,0,0,0,0,0,0,0,0,0,0
55.05,964,0,0,0,0,0,0,0,0,0,0
55.1,958,0,0,0,0,0,0,0,0,0,0
55.150000000000006,947,0,0,0,0,0,0,0,0,0,0
55.2,942,0,0,0,0,0,0,0,0,0,0
55.25,964,0,0,0,0,0,0,0,0,0,0
55.3,962,0,0,0,0,0,0,0,0,0,0
55.35,1006,0,0,0,0,0,0,0,0,0,0
55.400000000000006,974,0,0,0,0,0,0,0,0,0,0
55.45,964,0,0,0,0,0,0,0,0,0,0
55.5,1008,0,0,0,0,0,0,0,0,0,0
55.55,962,0,0,0,0,0,0,0,0,0,0
55.6,941,0,0,0,0,0,0,0,0,0,0
55.650000000000006,964,0,0,0,0,0,0,0,0,0,0
55.7,946,0,0,0,0,0,0,0,0,0,0
55.75,951,0,0,0,0,0,0,0,0,0,0
55.8,926,0,0,0,0,0,0,0,0,0,0
55.85,886,0,0,0,0,0,0,0,0,0,0
55.900000000000006,976,0,0,0,0,0,0,0,0,0,0
55.95,966,0,0,0,0,0,0,0,0,0,0
56.0,1067,0,0,0,0,0,0,0,0,0,0
56.05,981,0,0,0,0,0,0,0,0,0,0
56.1,903,0,0,0,0,0,0,0,0,0,0
56.150000000000006,935,0,0,0,0,0,0,0,0,0,0
56.2,976,0,0,0,0,0,0,0,0,0,0
56.25,982,0,0,0,0,0,0,0,0,0,0
56.3,960,0,0,0,0,0,0,0,0,0,0
56.35,951,0,0,0,0,0,0,0,0,0,0
56.400000000000006,988,0,0,0,0,0,0,0,0,0,0
56.45,899,0,0,0,0,0,0,0,0,0,0
56.5,989,0,0,0,0,0,0,0,0,0,0
56.55,971,0,0,0,0,0,0,0,0,0,0
56.6,965,0,0,0,0,0,0,0,0,0,0
56.650000000000006,980,0,0,0,0,0,0,0,0,0,0
56.7,961,0,0,0,0,0,0,0,0,0,0
56.75,961,0,0,0,0,0,0,0,0,0,0
56.8,938,0,0,0,0,0,0,0,0,0,0
56.85,1000,0,0,0,0,0,0,0,0,0,0
56.900000000000006,944,0,0,0,0,0,0,0,0,0,0
56.95,974,0,0,0,0,0,0,0,0,0,0
57.0,914,0,0,0,0,0,0,0,0,0,0
57.05,977,0,0,0,0,0,0,0,0,0,0
57.1,989,0,0,0,0,0,0,0,0,0,0
57.150000000000006,931,0,0,0,0,0,0,0,0,0,0
57.2,962,0,0,0,0,0,0,0,0,0,0
57.25,961,0,0,0,0,0,0,0,0,0,0
57.3,994,0,0,0,0,0,0,0,0,0,0
57.35,967,0,0,0,0,0,0,0,0,0,0
57.400000000000006,940,0,0,0,0,0,0,0,0,0,0
57.45,956,0,0,0,0,0,0,0,0,0,0
57.5,986,0,0,0,0,0,0,0,0,0,0
57.55,932,0,0,0,0,0,0,0,0,0,0
57.6,910,0,0,0,0,0,0,0,0,0,0
57.650000000000006,949,0,0,0,0,0,0,0,0,0,0
57.7,966,0,0,0,0,0,0,0,0,0,0
57.75,957,0,0,0,0,0,0,0,0,0,0
57.8,992,0,0,0,0,0,0,0,0,0,0
57.85,997,0,0,0,0,0,0,0,0,0,0
57.900000000000006,941,0,0,0,0,0,0,0,0,0,0
57.95,985,0,0,0,0,0,0,0,0,0,0
58.0,1024,0,0,0,0,0,0,0,0,0,0
58.05,906,0,0,0,0,0,0,0,0,0,0
58.1,935,0,0,0,0,0,0,0,0,0,0
58.150000000000006,944,0,0,0,0,0,0,0,0,0,0
58.2,986,0,0,0,0,0,0,0,0,0,0
58.25,990,0,0,0,0,0,0,0,0,0,0
58.3,954,0,0,0,0,0,0,0,0,0,0
58.35,942,0,0,0,0,0,0,0,0,0,0
58.400000000000006,942,0,0,0,0,0,0,0,0,0,0
58.45,1001,0,0,0,0,0,0,0,0,0,0
58.5,941,0,0,0,0,0,0,0,0,0,0
58.55,947,0,0,0,0,0,0,0,0,0,0
58.6,934,0,0,0,0,0,0,0,0,0,0
58.650000000000006,987,0,0,0,0,0,0,0,0,0,0
58.7,945,0,0,0,0,0,0,0,0,0,0
58.75,916,0,0,0,0,0,0,0,0,0,0
58.8,1017,0,0,0,0,0,0,0,0,0,0
58.85,978,0,0,0,0,0,0,0,0,0,0
58.900000000000006,938,0,0,0,0,0,0,0,0,0,0
58.95,975,0,0,0,0,0,0,0,0,0,0
59.0,971,0,0,0,0,0,0,0,0,0,0
59.05,927,0,0,0,0,0,0,0,0,0,0
59.1,967,0,0,0,0,0,0,0,0,0,0
59.150000000000006,981,0,0,0,0,0,0,0,0,0,0
59.2,987,0,0,0,0,0,0,0,0,0,0
59.25,960,0,0,0,0,0,0,0,0,0,0
59.3,936,0,0,0,0,0,0,0,0,0,0
59.35,989,0,0,0,0,0,0,0,0,0,0
59.400000000000006,950,0,0,0,0,0,0,0,0,0,0
59.45,981,0,0,0,0,0,0,0,0,0,0
59.5,979,0,0,0,0,0,0,0,0,0,0
59.55,1005,0,0,0,0,0,0,0,0,0,0
59.6,909,0,0,0,0,0,0,0,0,0,0
59.650000000000006,945,0,0,0,0,0,0,0,0,0,0
59.7,934,0,0,0,0,0,0,0,0,0,0
59.75,963,0,0,0,0,0,0,0,0,0,0
59.8,1026,0,0,0,0,0,0,0,0,0,0
59.85,934,0,0,0,0,0,0,0,0,0,0
59.900000000000006,968,0,0,0,0,0,0,0,0,0,0
59.95,963,0,0,0,0,0,0,0,0,0,0
60.0,913,0,0,0,0,0,0,0,0,0,0
60.05,949,0,0,0,0,0,0,0,0,0,0
60.1,1014,0,0,0,0,0,0,0,0,0,0
60.150000000000006,948,0,0,0,0,0,0,0,0,0,0
60.2,955,0,0,0,0,0,0,0,0,0,0
60.25,965,0,0,0,0,0,0,0,0,0,0
60.3,965,0,0,0,0,0,0,0,0,0,0
60.35,937,0,0,0,0,0,0,0,0,0,0
60.400000000000006,926,0,0,0,0,0,0,0,0,0,0
60.45,984,0,0,0,0,0,0,0,0,0,0
60.5,972,0,0,0,0,0,0,0,0,0,0
60.55,1001,0,0,0,0,0,0,0,0,0,0
60.6,953,0,0,0,0,0,0,0,0,0,0
60.650000000000006,991,0,0,0,0,0,0,0,0,0,0
60.7,1002,0,0,0,0,0,0,0,0,0,0
60.75,949,0,0,0,0,0,0,0,0,0,0
60.8,978,0,0,0,0,0,0,0,0,0,0
60.85,937,0,0,0,0,0,0,0,0,0,0
60.900000000000006,944,0,0,0,0,0,0,0,0,0,0
60.95,938,0,0,0,0,0,0,0,0,0,0
61.0,892,0,0,0,0,0,0,0,0,0,0
61.05,988,0,0,0,0,0,0,0,0,0,0
61.1,1020,0,0,0,0,0,0,0,0,0,0
61.150000000000006,1024,0,0,0,0,0,0,0,0,0,0
61.2,941,0,0,0,0,0,0,0,0,0,0
61.25,933,0,0,0,0,0,0,0,0,0,0
61.3,969,0,0,0,0,0,0,0,0,0,0
61.35,933,0,0,0,0,0,0,0,0,0,0
61.400000000000006,942,0,0,0,0,0,0,0,0,0,0
61.45,963,0,0,0,0,0,0,0,0,0,0
61.5,987,0,0,0,0,0,0,0,0,0,0
61.55,1013,0,0,0,0,0,0,0,0,0,0
61.6,930,0,0,0,0,0,0,0,0,0,0
61.650000000000006,982,0,0,0,0,0,0,0,0,0,0
61.7,921,0,0,0,0,0,0,0,0,0,0
61.75,954,0,0,0,0,0,0,0,0,0,0
61.8,972,0,0,0,0,0,0,0,0,0,0
61.85,994,0,0,0,0,0,0,0,0,0,0
61.900000000000006,918,0,0,0,0,0,0,0,0,0,0
61.95,942,0,0,0,0,0,0,0,0,0,0
62.0,1006,0,0,0,0,0,0,0,0,0,0
62.05,956,0,0,0,0,0,0,0,0,0,0
62.1,985,0,0,0,0,0,0,0,0,0,0
62.150000000000006,953,0,0,0,0,0,0,0,0,0,0
62.2,968,0,0,0,0,0,0,0,0,0,0
62.25,957,0,0,0,0,0,0,0,0,0,0
62.3,945,0,0,0,0,0,0,0,0,0,0
62.35,967,0,0,0,0,0,0,0,0,0,0
62.400000000000006,930,0,0,0,0,0,0,0,0,0,0
62.45,950,0,0,0,0,0,0,0,0,0,0
62.5,938,0,0,0,0,0,0,0,0,0,0
62.55,961,0,0,0,0,0,0,0,0,0,0
62.6,1005,0,0,0,0,0,0,0,0,0,0
62.650000000000006,952,0,0,0,0,0,0,0,0,0,0
62.7,946,0,0,0,0,0,0,0,0,0,0
62.75,973,0,0,0,0,0,0,0,0,0,0
62.8,953,0,0,0,0,0,0,0,0,0,0
62.85,956,0,0,0,0,0,0,0,0,0,0
62.900000000000006,960,0,0,0,0,0,0,0,0,0,0
62.95,989,0,0,0,0,0,0,0,0,0,0
63.0,916,0,0,0,0,0,0,0,0,0,0
63.05,967,0,0,0,0,0,0,0,0,0,0
63.1,951,0,0,0,0,0,0,0,0,0,0
63.150000000000006,990,0,0,0,0,0,0,0,0,0,0
63.2,933,0,0,0,0,0,0,0,0,0,0
63.25,980,0,0,0,0,0,0,0,0,0,0
63.3,1017,0,0,0,0,0,0,0,0,0,0
63.35,941,0,0,0,0,0,0,0,0,0,0
63.400000000000006,931,0,0,0,0,0,0,0,0,0,0
63.45,939,0,0,0,0,0,0,0,0,0,0
63.5,969,0,0,0,0,0,0,0,0,0,0
63.55,988,0,0,0,0,0,0,0,0,0,0
63.6,974,0,0,0,0,0,0,0,0,0,0
63.650000000000006,964,0,0,0,0,0,0,0,0,0,0
63.7,973,0,0,0,0,0,0,0,0,0,0
63.75,950,0,0,0,0,0,0,0,0,0,0
63.8,934,0,0,0,0,0,0,0,0,0,0
63.85,927,0,0,0,0,0,0,0,0,0,0
63.900000000000006,1002,0,0,0,0,0,0,0,0,0,0
63.95,989,0,0,0,0,0,0,0,0,0,0
64.0,962,0,0,0,0,0,0,0,0,0,0
64.05000000000001,990,0,0,0,0,0,0,0,0,0,0
64.1,926,0,0,0,0,0,0,0,0,0,0
64.15,924,0,0,0,0,0,0,0,0,0,0
64.2,992,0,0,0,0,0,0,0,0,0,0
64.25,944,0,0,0,0,0,0,0,0,0,0
64.30000000000001,876,0,0,0,0,0,0,0,0,0,0
64.35,757,0,0,0,0,0,0,0,0,0,0
64.4,707,0,0,0,0,0,0,0,0,0,0
64.45,548,0,0,0,0,0,0,0,0,0,0
64.5,460,0,0,0,0,0,0,0,0,0,0
64.55000000000001,303,0,0,0,0,0,0,0,0,0,0
64.6,170,0,0,0,0,0,0,0,0,0,0
64.65,54,0,0,0,0,0,0,0,0,0,0
*****
32 , 0.05 , 1000 , 0.6 , 1 , 10 , 100 , 0.65 , 1.0 , 0.65 , 1.0 , .055
32.0,1000,0,0,121,0,0,0,0,134,0,0
32.05,955,0,4,115,4,0,0,4,119,4,0
32.1,979,0,4,133,4,0,0,3,125,3,0
32.15,997,0,5,132,5,0,0,4,130,4,0
32.2,1006,2,4,180,4,0,2,4,154,4,0
32.25,1014,6,6,176,6,0,6,9,160,9,0
32.3,1063,0,5,190,5,0,0,7,186,7,0
32.35,998,0,4,216,4,0,0,4,218,4,0
32.4,964,0,3,189,3,0,0,4,196,4,0
32.45,966,0,4,217,4,0,0,4,244,4,0
32.5,1040,0,1,208,1,0,0,1,242,1,0
32.55,1030,0,3,213,3,0,0,5,247,5,0
32.6,982,0,1,214,1,0,0,1,239,1,0
32.65,1024,0,2,195,2,0,0,2,216,2,0
32.7,990,0,2,139,2,0,0,4,160,4,0
32.75,1039,0,4,117,4,0,0,5,118,5,0
32.8,1008,0,0,74,0,0,0,1,79,1,0
32.85,989,0,0,65,0,0,0,0,71,0,0
32.9,966,0,3,62,3,0,0,4,63,4,0
32.95,964,0,3,63,3,0,0,3,64,3,0
33.0,984,0,1,47,1,0,0,1,52,1,0
33.05,1036,0,4,51,4,0,0,4,55,4,0
33.1,1012,0,1,46,1,0,0,1,52,1,0
33.15,1021,0,0,55,0,0,0,1,62,1,0
33.2,990,0,1,32,1,0,0,1,37,1,0
33.25,1108,0,0,29,0,0,0,1,35,1,0
33.3,1011,0,2,22,2,0,0,2,24,2,0
33.35,940,0,0,20,0,0,0,0,23,0,0
33.4,996,0,1,12,1,0,0,1,15,1,0
33.45,1009,0,0,8,0,0,0,0,11,0,0
33.5,1011,0,0,4,0,0,0,0,6,0,0
33.55,1016,0,1,6,1,0,0,1,6,1,0
33.6,957,0,0,3,0,0,0,0,4,0,0
33.65,975,0,0,4,0,0,0,0,4,0,0
33.7,988,0,1,4,1,0,0,1,7,1,0
33.75,1010,0,0,2,0,0,0,0,3,0,0
33.8,1051,0,0,0,0,0,0,0,1,0,0
33.85,1018,0,0,1,0,0,0,0,1,0,0
33.9,1032,0,0,1,0,0,0,0,2,0,0
33.95,1021,0,0,0,0,0,0,0,0,0,0
34.0,1017,0,0,0,0,0,0,0,0,0,0
34.05,957,0,0,1,0,0,0,0,1,0,0
34.1,1024,0,0,0,0,0,0,0,1,0,0
34.15,1002,0,0,1,0,0,0,0,1,0,0
34.2,1046,0,0,1,0,0,0,0,1,0,0
34.25,982,0,0,0,0,0,0,0,0,0,0
34.3,963,0,0,0,0,0,0,0,0,0,0
34.35,1013,0,0,0,0,0,0,0,0,0,0
34.4,995,0,0,0,0,0,0,0,0,0,0
34.45,970,0,0,0,0,0,0,0,1,0,0
34.5,1001,0,0,0,0,0,0,0,0,0,0
34.55,990,0,0,0,0,0,0,0,0,0,0
34.6,994,0,0,0,0,0,0,0,0,0,0
34.65,1025,0,0,0,0,0,0,0,0,0,0
34.7,1017,0,0,0,0,0,0,0,0,0,0
34.75,1042,0,0,0,0,0,0,0,0,0,0
34.8,978,0,0,0,0,0,0,0,0,0,0
34.85,1028,0,0,0,0,0,0,0,0,0,0
34.9,974,0,0,0,0,0,0,0,0,0,0
34.95,1042,0,0,0,0,0,0,0,0,0,0
35.0,992,0,0,0,0,0,0,0,0,0,0
35.05,1009,0,0,0,0,0,0,0,0,0,0
35.1,980,0,0,0,0,0,0,0,0,0,0
35.15,989,0,0,0,0,0,0,0,0,0,0
35.2,979,0,0,0,0,0,0,0,0,0,0
35.25,1024,0,0,0,0,0,0,0,0,0,0
35.3,1024,0,0,0,0,0,0,0,0,0,0
35.35,970,0,0,0,0,0,0,0,0,0,0
35.4,986,0,0,0,0,0,0,0,0,0,0
35.45,995,0,0,0,0,0,0,0,0,0,0
35.5,1054,0,0,0,0,0,0,0,0,0,0
35.55,1047,0,0,0,0,0,0,0,0,0,0
35.6,988,0,0,0,0,0,0,0,0,0,0
35.65,1000,0,0,0,0,0,0,0,0,0,0
35.7,1017,0,0,0,0,0,0,0,0,0,0
35.75,964,0,0,0,0,0,0,0,0,0,0
35.8,1041,0,0,0,0,0,0,0,0,0,0
35.85,1085,0,0,0,0,0,0,0,0,0,0
35.9,972,0,0,0,0,0,0,0,0,0,0
35.95,1021,0,0,0,0,0,0,0,0,0,0
36.0,934,0,0,0,0,0,0,0,0,0,0
36.05,974,0,0,0,0,0,0,0,0,0,0
36.1,1001,0,0,0,0,0,0,0,0,0,0
36.15,1024,0,0,0,0,0,0,0,0,0,0
36.2,1013,0,0,0,0,0,0,0,0,0,0
36.25,999,0,0,0,0,0,0,0,0,0,0
36.3,1002,0,0,0,0,0,0,0,0,0,0
36.35,946,0,0,0,0,0,0,0,0,0,0
36.4,1011,0,0,0,0,0,0,0,0,0,0
36.45,1041,0,0,0,0,0,0,0,0,0,0
36.5,1044,0,0,0,0,0,0,0,0,0,0
36.55,1049,0,0,0,0,0,0,0,0,0,0
36.6,997,0,0,0,0,0,0,0,0,0,0
36.65,988,0,0,0,0,0,0,0,0,0,0
36.7,1034,0,0,0,0,0,0,0,0,0,0
36.75,947,0,0,0,0,0,0,0,0,0,0
36.8,939,0,0,0,0,0,0,0,0,0,0
36.85,1011,0,0,0,0,0,0,0,0,0,0
36.9,1049,0,0,0,0,0,0,0,0,0,0
36.95,958,0,0,0,0,0,0,0,0,0,0
37.0,1026,0,0,0,0,0,0,0,0,0,0
37.05,973,0,0,0,0,0,0,0,0,0,0
37.1,1016,0,0,0,0,0,0,0,0,0,0
37.15,1002,0,0,0,0,0,0,0,0,0,0
37.2,1043,0,0,0,0,0,0,0,0,0,0
37.25,1029,0,0,0,0,0,0,0,0,0,0
37.3,971,0,0,0,0,0,0,0,0,0,0
37.35,1011,0,0,0,0,0,0,0,0,0,0
37.4,1026,0,0,0,0,0,0,0,0,0,0
37.45,1041,0,0,0,0,0,0,0,0,0,0
37.5,998,0,0,0,0,0,0,0,0,0,0
37.55,954,0,0,0,0,0,0,0,0,0,0
37.6,1032,0,0,0,0,0,0,0,0,0,0
37.65,1012,0,0,0,0,0,0,0,0,0,0
37.7,988,0,0,0,0,0,0,0,0,0,0
37.75,999,0,0,0,0,0,0,0,0,0,0
37.8,1025,0,0,0,0,0,0,0,0,0,0
37.85,981,0,0,0,0,0,0,0,0,0,0
37.9,1017,0,0,0,0,0,0,0,0,0,0
37.95,967,0,0,0,0,0,0,0,0,0,0
38.0,978,0,0,0,0,0,0,0,0,0,0
38.05,1002,0,0,0,0,0,0,0,0,0,0
38.1,1069,0,0,0,0,0,0,0,0,0,0
38.15,985,0,0,0,0,0,0,0,0,0,0
38.2,999,0,0,0,0,0,0,0,0,0,0
38.25,1073,0,0,0,0,0,0,0,0,0,0
38.3,1002,0,0,0,0,0,0,0,0,0,0
38.35,1009,0,0,0,0,0,0,0,0,0,0
38.4,949,0,0,0,0,0,0,0,0,0,0
38.45,972,0,0,0,0,0,0,0,0,0,0
38.5,986,0,0,0,0,0,0,0,0,0,0
38.55,992,0,0,0,0,0,0,0,0,0,0
38.6,1043,0,0,0,0,0,0,0,0,0,0
38.65,984,0,0,0,0,0,0,0,0,0,0
38.7,1015,0,0,0,0,0,0,0,0,0,0
38.75,983,0,0,0,0,0,0,0,0,0,0
38.8,1012,0,0,0,0,0,0,0,0,0,0
38.85,935,0,0,0,0,0,0,0,0,0,0
38.9,1079,0,0,0,0,0,0,0,0,0,0
38.95,1039,0,0,0,0,0,0,0,0,0,0
39.0,1010,0,0,0,0,0,0,0,0,0,0
39.05,978,0,0,0,0,0,0,0,0,0,0
39.1,1074,0,0,0,0,0,0,0,0,0,0
39.15,997,0,0,0,0,0,0,0,0,0,0
39.2,994,0,0,0,0,0,0,0,0,0,0
39.25,1023,0,0,0,0,0,0,0,0,0,0
39.3,1007,0,0,0,0,0,0,0,0,0,0
39.35,987,0,0,0,0,0,0,0,0,0,0
39.4,986,0,0,0,0,0,0,0,0,0,0
39.45,990,0,0,0,0,0,0,0,0,0,0
39.5,985,0,0,0,0,0,0,0,0,0,0
39.55,971,0,0,0,0,0,0,0,0,0,0
39.6,995,0,0,0,0,0,0,0,0,0,0
39.65,966,0,0,0,0,0,0,0,0,0,0
39.7,1029,0,0,0,0,0,0,0,0,0,0
39.75,1016,0,0,0,0,0,0,0,0,0,0
39.8,1062,0,0,0,0,0,0,0,0,0,0
39.85,1012,0,0,0,0,0,0,0,0,0,0
39.9,1037,0,0,0,0,0,0,0,0,0,0
39.95,1007,0,0,0,0,0,0,0,0,0,0
40.0,963,0,0,0,0,0,0,0,0,0,0
40.05,1023,0,0,0,0,0,0,0,0,0,0
40.1,1007,0,0,0,0,0,0,0,0,0,0
40.15,980,0,0,0,0,0,0,0,0,0,0
40.2,996,0,0,0,0,0,0,0,0,0,0
40.25,1053,0,0,0,0,0,0,0,0,0,0
40.3,965,0,0,0,0,0,0,0,0,0,0
40.35,986,0,0,0,0,0,0,0,0,0,0
40.4,1010,0,0,0,0,0,0,0,0,0,0
40.45,985,0,0,0,0,0,0,0,0,0,0
40.5,1025,0,0,0,0,0,0,0,0,0,0
40.55,1000,0,0,0,0,0,0,0,0,0,0
40.6,1074,0,0,0,0,0,0,0,0,0,0
40.65,977,0,0,0,0,0,0,0,0,0,0
40.7,1029,0,0,0,0,0,0,0,0,0,0
40.75,1042,0,0,0,0,0,0,0,0,0,0
40.8,973,0,0,0,0,0,0,0,0,0,0
40.85,1036,0,0,0,0,0,0,0,0,0,0
40.9,1015,0,0,0,0,0,0,0,0,0,0
40.95,981,0,0,0,0,0,0,0,0,0,0
41.0,998,0,0,0,0,0,0,0,0,0,0
41.05,995,0,0,0,0,0,0,0,0,0,0
41.1,903,0,0,0,0,0,0,0,0,0,0
41.15,981,0,0,0,0,0,0,0,0,0,0
41.2,1018,0,0,0,0,0,0,0,0,0,0
41.25,1033,0,0,0,0,0,0,0,0,0,0
41.3,1005,0,0,0,0,0,0,0,0,0,0
41.35,1012,0,0,0,0,0,0,0,0,0,0
41.4,1012,0,0,0,0,0,0,0,0,0,0
41.45,1023,0,0,0,0,0,0,0,0,0,0
41.5,994,0,0,0,0,0,0,0,0,0,0
41.55,1015,0,0,0,0,0,0,0,0,0,0
41.6,1015,0,0,0,0,0,0,0,0,0,0
41.65,1002,0,0,0,0,0,0,0,0,0,0
41.7,985,0,0,0,0,0,0,0,0,0,0
41.75,992,0,0,0,0,0,0,0,0,0,0
41.8,998,0,0,0,0,0,0,0,0,0,0
41.85,1054,0,0,0,0,0,0,0,0,0,0
41.9,1020,0,0,0,0,0,0,0,0,0,0
41.95,944,0,0,0,0,0,0,0,0,0,0
42.0,1007,0,0,0,0,0,0,0,0,0,0
42.05,995,0,0,0,0,0,0,0,0,0,0
42.1,989,0,0,0,0,0,0,0,0,0,0
42.15,971,0,0,0,0,0,0,0,0,0,0
42.2,1028,0,0,0,0,0,0,0,0,0,0
42.25,1037,0,0,0,0,0,0,0,0,0,0
42.3,1004,0,0,0,0,0,0,0,0,0,0
42.35,1048,0,0,0,0,0,0,0,0,0,0
42.4,945,0,0,0,0,0,0,0,0,0,0
42.45,1007,0,0,0,0,0,0,0,0,0,0
42.5,1020,0,0,0,0,0,0,0,0,0,0
42.55,1034,0,0,0,0,0,0,0,0,0,0
42.6,983,0,0,0,0,0,0,0,0,0,0
42.65,986,0,0,0,0,0,0,0,0,0,0
42.7,993,0,0,0,0,0,0,0,0,0,0
42.75,1014,0,0,0,0,0,0,0,0,0,0
42.8,1039,0,0,0,0,0,0,0,0,0,0
42.85,1015,0,0,0,0,0,0,0,0,0,0
42.9,1000,0,0,0,0,0,0,0,0,0,0
42.95,1010,0,0,0,0,0,0,0,0,0,0
43.0,972,0,0,0,0,0,0,0,0,0,0
43.05,974,0,0,0,0,0,0,0,0,0,0
43.1,1003,0,0,0,0,0,0,0,0,0,0
43.15,983,0,0,0,0,0,0,0,0,0,0
43.2,1023,0,0,0,0,0,0,0,0,0,0
43.25,1023,0,0,0,0,0,0,0,0,0,0
43.3,1019,0,0,0,0,0,0,0,0,0,0
43.35,1013,0,0,0,0,0,0,0,0,0,0
43.4,999,0,0,0,0,0,0,0,0,0,0
43.45,963,0,0,0,0,0,0,0,0,0,0
43.5,975,0,0,0,0,0,0,0,0,0,0
43.55,1030,0,0,0,0,0,0,0,0,0,0
43.6,1038,0,0,0,0,0,0,0,0,0,0
43.65,1057,0,0,0,0,0,0,0,0,0,0
43.7,1001,0,0,0,0,0,0,0,0,0,0
43.75,973,0,0,0,0,0,0,0,0,0,0
43.8,998,0,0,0,0,0,0,0,0,0,0
43.85,1036,0,0,0,0,0,0,0,0,0,0
43.9,981,0,0,0,0,0,0,0,0,0,0
43.95,1014,0,0,0,0,0,0,0,0,0,0
44.0,1005,0,0,0,0,0,0,0,0,0,0
44.05,1030,0,0,0,0,0,0,0,0,0,0
44.1,947,0,0,0,0,0,0,0,0,0,0
44.15,975,0,0,0,0,0,0,0,0,0,0
44.2,956,0,0,0,0,0,0,0,0,0,0
44.25,1065,0,0,0,0,0,0,0,0,0,0
44.3,1006,0,0,0,0,0,0,0,0,0,0
44.35,1049,0,0,0,0,0,0,0,0,0,0
44.4,1023,0,0,0,0,0,0,0,0,0,0
44.45,981,0,0,0,0,0,0,0,0,0,0
44.5,1009,0,0,0,0,0,0,0,0,0,0
44.55,982,0,0,0,0,0,0,0,0,0,0
44.6,1016,0,0,0,0,0,0,0,0,0,0
44.65,986,0,0,0,0,0,0,0,0,0,0
44.7,1019,0,0,0,0,0,0,0,0,0,0
44.75,1023,0,0,0,0,0,0,0,0,0,0
44.8,998,0,0,0,0,0,0,0,0,0,0
44.85,988,0,0,0,0,0,0,0,0,0,0
44.9,986,0,0,0,0,0,0,0,0,0,0
44.95,1011,0,0,0,0,0,0,0,0,0,0
45.0,1055,0,0,0,0,0,0,0,0,0,0
45.05,976,0,0,0,0,0,0,0,0,0,0
45.1,977,0,0,0,0,0,0,0,0,0,0
45.15,1023,0,0,0,0,0,0,0,0,0,0
45.2,972,0,0,0,0,0,0,0,0,0,0
45.25,1021,0,0,0,0,0,0,0,0,0,0
45.3,990,0,0,0,0,0,0,0,0,0,0
45.35,1036,0,0,0,0,0,0,0,0,0,0
45.4,1019,0,0,0,0,0,0,0,0,0,0
45.45,994,0,0,0,0,0,0,0,0,0,0
45.5,1010,0,0,0,0,0,0,0,0,0,0
45.55,993,0,0,0,0,0,0,0,0,0,0
45.6,997,0,0,0,0,0,0,0,0,0,0
45.65,1007,0,0,0,0,0,0,0,0,0,0
45.7,1035,0,0,0,0,0,0,0,0,0,0
45.75,966,0,0,0,0,0,0,0,0,0,0
45.8,980,0,0,0,0,0,0,0,0,0,0
45.85,984,0,0,0,0,0,0,0,0,0,0
45.9,1041,0,0,0,0,0,0,0,0,0,0
45.95,955,0,0,0,0,0,0,0,0,0,0
46.0,1032,0,0,0,0,0,0,0,0,0,0
46.05,1005,0,0,0,0,0,0,0,0,0,0
46.1,1066,0,0,0,0,0,0,0,0,0,0
46.15,965,0,0,0,0,0,0,0,0,0,0
46.2,1015,0,0,0,0,0,0,0,0,0,0
46.25,1031,0,0,0,0,0,0,0,0,0,0
46.3,969,0,0,0,0,0,0,0,0,0,0
46.35,1030,0,0,0,0,0,0,0,0,0,0
46.4,1011,0,0,0,0,0,0,0,0,0,0
46.45,967,0,0,0,0,0,0,0,0,0,0
46.5,1007,0,0,0,0,0,0,0,0,0,0
46.55,987,0,0,0,0,0,0,0,0,0,0
46.6,1033,0,0,0,0,0,0,0,0,0,0
46.65,988,0,0,0,0,0,0,0,0,0,0
46.7,961,0,0,0,0,0,0,0,0,0,0
46.75,988,0,0,0,0,0,0,0,0,0,0
46.8,1006,0,0,0,0,0,0,0,0,0,0
46.85,1049,0,0,0,0,0,0,0,0,0,0
46.9,962,0,0,0,0,0,0,0,0,0,0
46.95,995,0,0,0,0,0,0,0,0,0,0
47.0,1013,0,0,0,0,0,0,0,0,0,0
47.05,1059,0,0,0,0,0,0,0,0,0,0
47.1,1016,0,0,0,0,0,0,0,0,0,0
47.15,986,0,0,0,0,0,0,0,0,0,0
47.2,1051,0,0,0,0,0,0,0,0,0,0
47.25,1012,0,0,0,0,0,0,0,0,0,0
47.3,995,0,0,0,0,0,0,0,0,0,0
47.35,1014,0,0,0,0,0,0,0,0,0,0
47.4,979,0,0,0,0,0,0,0,0,0,0
47.45,973,0,0,0,0,0,0,0,0,0,0
47.5,1009,0,0,0,0,0,0,0,0,0,0
47.55,990,0,0,0,0,0,0,0,0,0,0
47.6,1021,0,0,0,0,0,0,0,0,0,0
47.65,957,0,0,0,0,0,0,0,0,0,0
47.7,1027,0,0,0,0,0,0,0,0,0,0
47.75,971,0,0,0,0,0,0,0,0,0,0
47.8,1094,0,0,0,0,0,0,0,0,0,0
47.85,974,0,0,0,0,0,0,0,0,0,0
47.9,999,0,0,0,0,0,0,0,0,0,0
47.95,1094,0,0,0,0,0,0,0,0,0,0
48.0,1034,0,0,0,0,0,0,0,0,0,0
48.05,986,0,0,0,0,0,0,0,0,0,0
48.1,995,0,0,0,0,0,0,0,0,0,0
48.150000000000006,979,0,0,0,0,0,0,0,0,0,0
48.2,957,0,0,0,0,0,0,0,0,0,0
48.25,979,0,0,0,0,0,0,0,0,0,0
48.3,969,0,0,0,0,0,0,0,0,0,0
48.35,1000,0,0,0,0,0,0,0,0,0,0
48.400000000000006,1075,0,0,0,0,0,0,0,0,0,0
48.45,1043,0,0,0,0,0,0,0,0,0,0
48.5,982,0,0,0,0,0,0,0,0,0,0
48.55,1019,0,0,0,0,0,0,0,0,0,0
48.6,1008,0,0,0,0,0,0,0,0,0,0
48.650000000000006,974,0,0,0,0,0,0,0,0,0,0
48.7,962,0,0,0,0,0,0,0,0,0,0
48.75,1039,0,0,0,0,0,0,0,0,0,0
48.8,1036,0,0,0,0,0,0,0,0,0,0
48.85,978,0,0,0,0,0,0,0,0,0,0
48.900000000000006,962,0,0,0,0,0,0,0,0,0,0
48.95,985,0,0,0,0,0,0,0,0,0,0
49.0,1048,0,0,0,0,0,0,0,0,0,0
49.05,1004,0,0,0,0,0,0,0,0,0,0
49.1,1001,0,0,0,0,0,0,0,0,0,0
49.150000000000006,1018,0,0,0,0,0,0,0,0,0,0
49.2,1031,0,0,0,0,0,0,0,0,0,0
49.25,990,0,0,0,0,0,0,0,0,0,0
49.3,1017,0,0,0,0,0,0,0,0,0,0
49.35,1010,0,0,0,0,0,0,0,0,0,0
49.400000000000006,961,0,0,0,0,0,0,0,0,0,0
49.45,986,0,0,0,0,0,0,0,0,0,0
49.5,995,0,0,0,0,0,0,0,0,0,0
49.55,966,0,0,0,0,0,0,0,0,0,0
49.6,1013,0,0,0,0,0,0,0,0,0,0
49.650000000000006,1001,0,0,0,0,0,0,0,0,0,0
49.7,981,0,0,0,0,0,0,0,0,0,0
49.75,1017,0,0,0,0,0,0,0,0,0,0
49.8,1051,0,0,0,0,0,0,0,0,0,0
49.85,974,0,0,0,0,0,0,0,0,0,0
49.900000000000006,1056,0,0,0,0,0,0,0,0,0,0
49.95,1029,0,0,0,0,0,0,0,0,0,0
50.0,1028,0,0,0,0,0,0,0,0,0,0
50.05,964,0,0,0,0,0,0,0,0,0,0
50.1,1034,0,0,0,0,0,0,0,0,0,0
50.150000000000006,1010,0,0,0,0,0,0,0,0,0,0
50.2,977,0,0,0,0,0,0,0,0,0,0
50.25,1032,0,0,0,0,0,0,0,0,0,0
50.3,981,0,0,0,0,0,0,0,0,0,0
50.35,994,0,0,0,0,0,0,0,0,0,0
50.400000000000006,1009,0,0,0,0,0,0,0,0,0,0
50.45,951,0,0,0,0,0,0,0,0,0,0
50.5,984,0,0,0,0,0,0,0,0,0,0
50.55,1017,0,0,0,0,0,0,0,0,0,0
50.6,1046,0,0,0,0,0,0,0,0,0,0
50.650000000000006,987,0,0,0,0,0,0,0,0,0,0
50.7,1000,0,0,0,0,0,0,0,0,0,0
50.75,1039,0,0,0,0,0,0,0,0,0,0
50.8,1031,0,0,0,0,0,0,0,0,0,0
50.85,1026,0,0,0,0,0,0,0,0,0,0
50.900000000000006,985,0,0,0,0,0,0,0,0,0,0
50.95,1027,0,0,0,0,0,0,0,0,0,0
51.0,970,0,0,0,0,0,0,0,0,0,0
51.05,1057,0,0,0,0,0,0,0,0,0,0
51.1,929,0,0,0,0,0,0,0,0,0,0
51.150000000000006,973,0,0,0,0,0,0,0,0,0,0
51.2,981,0,0,0,0,0,0,0,0,0,0
51.25,985,0,0,0,0,0,0,0,0,0,0
51.3,1002,0,0,0,0,0,0,0,0,0,0
51.35,998,0,0,0,0,0,0,0,0,0,0
51.400000000000006,1012,0,0,0,0,0,0,0,0,0,0
51.45,1035,0,0,0,0,0,0,0,0,0,0
51.5,1027,0,0,0,0,0,0,0,0,0,0
51.55,1062,0,0,0,0,0,0,0,0,0,0
51.6,1051,0,0,0,0,0,0,0,0,0,0
51.650000000000006,1029,0,0,0,0,0,0,0,0,0,0
51.7,1023,0,0,0,0,0,0,0,0,0,0
51.75,991,0,0,0,0,0,0,0,0,0,0
51.8,970,0,0,0,0,0,0,0,0,0,0
51.85,945,0,0,0,0,0,0,0,0,0,0
51.900000000000006,981,0,0,0,0,0,0,0,0,0,0
51.95,975,0,0,0,0,0,0,0,0,0,0
52.0,981,0,0,0,0,0,0,0,0,0,0
52.05,983,0,0,0,0,0,0,0,0,0,0
52.1,1008,0,0,0,0,0,0,0,0,0,0
52.150000000000006,989,0,0,0,0,0,0,0,0,0,0
52.2,1028,0,0,0,0,0,0,0,0,0,0
52.25,1036,0,0,0,0,0,0,0,0,0,0
52.3,1029,0,0,0,0,0,0,0,0,0,0
52.35,1020,0,0,0,0,0,0,0,0,0,0
52.400000000000006,1019,0,0,0,0,0,0,0,0,0,0
52.45,1075,0,0,0,0,0,0,0,0,0,0
52.5,1004,0,0,0,0,0,0,0,0,0,0
52.55,972,0,0,0,0,0,0,0,0,0,0
52.6,977,0,0,0,0,0,0,0,0,0,0
52.650000000000006,1002,0,0,0,0,0,0,0,0,0,0
52.7,984,0,0,0,0,0,0,0,0,0,0
52.75,1010,0,0,0,0,0,0,0,0,0,0
52.8,967,0,0,0,0,0,0,0,0,0,0
52.85,1038,0,0,0,0,0,0,0,0,0,0
52.900000000000006,996,0,0,0,0,0,0,0,0,0,0
52.95,999,0,0,0,0,0,0,0,0,0,0
53.0,987,0,0,0,0,0,0,0,0,0,0
53.05,1001,0,0,0,0,0,0,0,0,0,0
53.1,1049,0,0,0,0,0,0,0,0,0,0
53.150000000000006,1064,0,0,0,0,0,0,0,0,0,0
53.2,999,0,0,0,0,0,0,0,0,0,0
53.25,965,0,0,0,0,0,0,0,0,0,0
53.3,992,0,0,0,0,0,0,0,0,0,0
53.35,978,0,0,0,0,0,0,0,0,0,0
53.400000000000006,1008,0,0,0,0,0,0,0,0,0,0
53.45,1030,0,0,0,0,0,0,0,0,0,0
53.5,981,0,0,0,0,0,0,0,0,0,0
53.55,1008,0,0,0,0,0,0,0,0,0,0
53.6,975,0,0,0,0,0,0,0,0,0,0
53.650000000000006,1008,0,0,0,0,0,0,0,0,0,0
53.7,942,0,0,0,0,0,0,0,0,0,0
53.75,1045,0,0,0,0,0,0,0,0,0,0
53.8,1018,0,0,0,0,0,0,0,0,0,0
53.85,1029,0,0,0,0,0,0,0,0,0,0
53.900000000000006,979,0,0,0,0,0,0,0,0,0,0
53.95,1059,0,0,0,0,0,0,0,0,0,0
54.0,976,0,0,0,0,0,0,0,0,0,0
54.05,1035,0,0,0,0,0,0,0,0,0,0
54.1,1018,0,0,0,0,0,0,0,0,0,0
54.150000000000006,976,0,0,0,0,0,0,0,0,0,0
54.2,1039,0,0,0,0,0,0,0,0,0,0
54.25,971,0,0,0,0,0,0,0,0,0,0
54.3,1047,0,0,0,0,0,0,0,0,0,0
54.35,967,0,0,0,0,0,0,0,0,0,0
54.400000000000006,951,0,0,0,0,0,0,0,0,0,0
54.45,1018,0,0,0,0,0,0,0,0,0,0
54.5,980,0,0,0,0,0,0,0,0,0,0
54.55,1064,0,0,0,0,0,0,0,0,0,0
54.6,993,0,0,0,0,0,0,0,0,0,0
54.650000000000006,998,0,0,0,0,0,0,0,0,0,0
54.7,1012,0,0,0,0,0,0,0,0,0,0
54.75,1030,0,0,0,0,0,0,0,0,0,0
54.8,983,0,0,0,0,0,0,0,0,0,0
54.85,1008,0,0,0,0,0,0,0,0,0,0
54.900000000000006,1016,0,0,0,0,0,0,0,0,0,0
54.95,1041,0,0,0,0,0,0,0,0,0,0
55.0,997,0,0,0,0,0,0,0,0,0,0
55.05,1015,0,0,0,0,0,0,0,0,0,0
55.1,977,0,0,0,0,0,0,0,0,0,0
55.150000000000006,985,0,0,0,0,0,0,0,0,0,0
55.2,986,0,0,0,0,0,0,0,0,0,0
55.25,945,0,0,0,0,0,0,0,0,0,0
55.3,1023,0,0,0,0,0,0,0,0,0,0
55.35,1033,0,0,0,0,0,0,0,0,0,0
55.400000000000006,1035,0,0,0,0,0,0,0,0,0,0
55.45,934,0,0,0,0,0,0,0,0,0,0
55.5,1011,0,0,0,0,0,0,0,0,0,0
55.55,1052,0,0,0,0,0,0,0,0,0,0
55.6,1009,0,0,0,0,0,0,0,0,0,0
55.650000000000006,945,0,0,0,0,0,0,0,0,0,0
55.7,1012,0,0,0,0,0,0,0,0,0,0
55.75,1046,0,0,0,0,0,0,0,0,0,0
55.8,1014,0,0,0,0,0,0,0,0,0,0
55.85,1019,0,0,0,0,0,0,0,0,0,0
55.900000000000006,1005,0,0,0,0,0,0,0,0,0,0
55.95,991,0,0,0,0,0,0,0,0,0,0
56.0,959,0,0,0,0,0,0,0,0,0,0
56.05,1046,0,0,0,0,0,0,0,0,0,0
56.1,953,0,0,0,0,0,0,0,0,0,0
56.150000000000006,1021,0,0,0,0,0,0,0,0,0,0
56.2,963,0,0,0,0,0,0,0,0,0,0
56.25,1017,0,0,0,0,0,0,0,0,0,0
56.3,1056,0,0,0,0,0,0,0,0,0,0
56.35,978,0,0,0,0,0,0,0,0,0,0
56.400000000000006,988,0,0,0,0,0,0,0,0,0,0
56.45,1006,0,0,0,0,0,0,0,0,0,0
56.5,1008,0,0,0,0,0,0,0,0,0,0
56.55,1035,0,0,0,0,0,0,0,0,0,0
56.6,1030,0,0,0,0,0,0,0,0,0,0
56.650000000000006,1014,0,0,0,0,0,0,0,0,0,0
56.7,941,0,0,0,0,0,0,0,0,0,0
56.75,1040,0,0,0,0,0,0,0,0,0,0
56.8,1023,0,0,0,0,0,0,0,0,0,0
56.85,935,0,0,0,0,0,0,0,0,0,0
56.900000000000006,983,0,0,0,0,0,0,0,0,0,0
56.95,992,0,0,0,0,0,0,0,0,0,0
57.0,1020,0,0,0,0,0,0,0,0,0,0
57.05,1037,0,0,0,0,0,0,0,0,0,0
57.1,997,0,0,0,0,0,0,0,0,0,0
57.150000000000006,999,0,0,0,0,0,0,0,0,0,0
57.2,1014,0,0,0,0,0,0,0,0,0,0
57.25,1052,0,0,0,0,0,0,0,0,0,0
57.3,1021,0,0,0,0,0,0,0,0,0,0
57.35,1044,0,0,0,0,0,0,0,0,0,0
57.400000000000006,976,0,0,0,0,0,0,0,0,0,0
57.45,955,0,0,0,0,0,0,0,0,0,0
57.5,982,0,0,0,0,0,0,0,0,0,0
57.55,972,0,0,0,0,0,0,0,0,0,0
57.6,991,0,0,0,0,0,0,0,0,0,0
57.650000000000006,993,0,0,0,0,0,0,0,0,0,0
57.7,985,0,0,0,0,0,0,0,0,0,0
57.75,1033,0,0,0,0,0,0,0,0,0,0
57.8,1015,0,0,0,0,0,0,0,0,0,0
57.85,1019,0,0,0,0,0,0,0,0,0,0
57.900000000000006,1042,0,0,0,0,0,0,0,0,0,0
57.95,975,0,0,0,0,0,0,0,0,0,0
58.0,993,0,0,0,0,0,0,0,0,0,0
58.05,1011,0,0,0,0,0,0,0,0,0,0
58.1,1002,0,0,0,0,0,0,0,0,0,0
58.150000000000006,969,0,0,0,0,0,0,0,0,0,0
58.2,1080,0,0,0,0,0,0,0,0,0,0
58.25,1032,0,0,0,0,0,0,0,0,0,0
58.3,1015,0,0,0,0,0,0,0,0,0,0
58.35,947,0,0,0,0,0,0,0,0,0,0
58.400000000000006,994,0,0,0,0,0,0,0,0,0,0
58.45,986,0,0,0,0,0,0,0,0,0,0
58.5,973,0,0,0,0,0,0,0,0,0,0
58.55,1016,0,0,0,0,0,0,0,0,0,0
58.6,1039,0,0,0,0,0,0,0,0,0,0
58.650000000000006,1048,0,0,0,0,0,0,0,0,0,0
58.7,1056,0,0,0,0,0,0,0,0,0,0
58.75,1028,0,0,0,0,0,0,0,0,0,0
58.8,970,0,0,0,0,0,0,0,0,0,0
58.85,974,0,0,0,0,0,0,0,0,0,0
58.900000000000006,1006,0,0,0,0,0,0,0,0,0,0
58.95,952,0,0,0,0,0,0,0,0,0,0
59.0,1022,0,0,0,0,0,0,0,0,0,0
59.05,1012,0,0,0,0,0,0,0,0,0,0
59.1,1010,0,0,0,0,0,0,0,0,0,0
59.150000000000006,977,0,0,0,0,0,0,0,0,0,0
59.2,968,0,0,0,0,0,0,0,0,0,0
59.25,946,0,0,0,0,0,0,0,0,0,0
59.3,1012,0,0,0,0,0,0,0,0,0,0
59.35,1047,0,0,0,0,0,0,0,0,0,0
59.400000000000006,994,0,0,0,0,0,0,0,0,0,0
59.45,1035,0,0,0,0,0,0,0,0,0,0
59.5,1073,0,0,0,0,0,0,0,0,0,0
59.55,1045,0,0,0,0,0,0,0,0,0,0
59.6,1021,0,0,0,0,0,0,0,0,0,0
59.650000000000006,1002,0,0,0,0,0,0,0,0,0,0
59.7,951,0,0,0,0,0,0,0,0,0,0
59.75,1045,0,0,0,0,0,0,0,0,0,0
59.8,963,0,0,0,0,0,0,0,0,0,0
59.85,989,0,0,0,0,0,0,0,0,0,0
59.900000000000006,976,0,0,0,0,0,0,0,0,0,0
59.95,974,0,0,0,0,0,0,0,0,0,0
60.0,1007,0,0,0,0,0,0,0,0,0,0
60.05,968,0,0,0,0,0,0,0,0,0,0
60.1,990,0,0,0,0,0,0,0,0,0,0
60.150000000000006,1039,0,0,0,0,0,0,0,0,0,0
60.2,1044,0,0,0,0,0,0,0,0,0,0
60.25,988,0,0,0,0,0,0,0,0,0,0
60.3,1011,0,0,0,0,0,0,0,0,0,0
60.35,1014,0,0,0,0,0,0,0,0,0,0
60.400000000000006,1046,0,0,0,0,0,0,0,0,0,0
60.45,1012,0,0,0,0,0,0,0,0,0,0
60.5,1021,0,0,0,0,0,0,0,0,0,0
60.55,975,0,0,0,0,0,0,0,0,0,0
60.6,1005,0,0,0,0,0,0,0,0,0,0
60.650000000000006,1015,0,0,0,0,0,0,0,0,0,0
60.7,954,0,0,0,0,0,0,0,0,0,0
60.75,1015,0,0,0,0,0,0,0,0,0,0
60.8,979,0,0,0,0,0,0,0,0,0,0
60.85,980,0,0,0,0,0,0,0,0,0,0
60.900000000000006,990,0,0,0,0,0,0,0,0,0,0
60.95,1007,0,0,0,0,0,0,0,0,0,0
61.0,976,0,0,0,0,0,0,0,0,0,0
61.05,1055,0,0,0,0,0,0,0,0,0,0
61.1,1030,0,0,0,0,0,0,0,0,0,0
61.150000000000006,1059,0,0,0,0,0,0,0,0,0,0
61.2,977,0,0,0,0,0,0,0,0,0,0
61.25,996,0,0,0,0,0,0,0,0,0,0
61.3,1026,0,0,0,0,0,0,0,0,0,0
61.35,1001,0,0,0,0,0,0,0,0,0,0
61.400000000000006,970,0,0,0,0,0,0,0,0,0,0
61.45,996,0,0,0,0,0,0,0,0,0,0
61.5,991,0,0,0,0,0,0,0,0,0,0
61.55,1004,0,0,0,0,0,0,0,0,0,0
61.6,1033,0,0,0,0,0,0,0,0,0,0
61.650000000000006,975,0,0,0,0,0,0,0,0,0,0
61.7,1015,0,0,0,0,0,0,0,0,0,0
61.75,962,0,0,0,0,0,0,0,0,0,0
61.8,1039,0,0,0,0,0,0,0,0,0,0
61.85,1023,0,0,0,0,0,0,0,0,0,0
61.900000000000006,1014,0,0,0,0,0,0,0,0,0,0
61.95,1003,0,0,0,0,0,0,0,0,0,0
62.0,1001,0,0,0,0,0,0,0,0,0,0
62.05,964,0,0,0,0,0,0,0,0,0,0
62.1,977,0,0,0,0,0,0,0,0,0,0
62.150000000000006,981,0,0,0,0,0,0,0,0,0,0
62.2,1025,0,0,0,0,0,0,0,0,0,0
62.25,1030,0,0,0,0,0,0,0,0,0,0
62.3,1008,0,0,0,0,0,0,0,0,0,0
62.35,1021,0,0,0,0,0,0,0,0,0,0
62.400000000000006,982,0,0,0,0,0,0,0,0,0,0
62.45,1002,0,0,0,0,0,0,0,0,0,0
62.5,1034,0,0,0,0,0,0,0,0,0,0
62.55,1047,0,0,0,0,0,0,0,0,0,0
62.6,988,0,0,0,0,0,0,0,0,0,0
62.650000000000006,950,0,0,0,0,0,0,0,0,0,0
62.7,1025,0,0,0,0,0,0,0,0,0,0
62.75,990,0,0,0,0,0,0,0,0,0,0
62.8,992,0,0,0,0,0,0,0,0,0,0
62.85,954,0,0,0,0,0,0,0,0,0,0
62.900000000000006,1001,0,0,0,0,0,0,0,0,0,0
62.95,1021,0,0,0,0,0,0,0,0,0,0
63.0,1013,0,0,0,0,0,0,0,0,0,0
63.05,1008,0,0,0,0,0,0,0,0,0,0
63.1,1065,0,0,0,0,0,0,0,0,0,0
63.150000000000006,995,0,0,0,0,0,0,0,0,0,0
63.2,1002,0,0,0,0,0,0,0,0,0,0
63.25,984,0,0,0,0,0,0,0,0,0,0
63.3,1010,0,0,0,0,0,0,0,0,0,0
63.35,1014,0,0,0,0,0,0,0,0,0,0
63.400000000000006,997,0,0,0,0,0,0,0,0,0,0
63.45,1002,0,0,0,0,0,0,0,0,0,0
63.5,987,0,0,0,0,0,0,0,0,0,0
63.55,917,0,0,0,0,0,0,0,0,0,0
63.6,1012,0,0,0,0,0,0,0,0,0,0
63.650000000000006,980,0,0,0,0,0,0,0,0,0,0
63.7,1016,0,0,0,0,0,0,0,0,0,0
63.75,1063,0,0,0,0,0,0,0,0,0,0
63.8,1000,0,0,0,0,0,0,0,0,0,0
63.85,1037,0,0,0,0,0,0,0,0,0,0
63.900000000000006,979,0,0,0,0,0,0,0,0,0,0
63.95,1011,0,0,0,0,0,0,0,0,0,0
64.0,1064,0,0,0,0,0,0,0,0,0,0
64.05000000000001,1007,0,0,0,0,0,0,0,0,0,0
64.1,994,0,0,0,0,0,0,0,0,0,0
64.15,1085,0,0,0,0,0,0,0,0,0,0
64.2,934,0,0,0,0,0,0,0,0,0,0
64.25,980,0,0,0,0,0,0,0,0,0,0
64.30000000000001,1020,0,0,0,0,0,0,0,0,0,0
64.35,990,0,0,0,0,0,0,0,0,0,0
64.4,958,0,0,0,0,0,0,0,0,0,0
64.45,969,0,0,0,0,0,0,0,0,0,0
64.5,1025,0,0,0,0,0,0,0,0,0,0
64.55000000000001,982,0,0,0,0,0,0,0,0,0,0
64.6,938,0,0,0,0,0,0,0,0,0,0
64.65,824,0,0,0,0,0,0,0,0,0,0
64.7,720,0,0,0,0,0,0,0,0,0,0
64.75,568,0,0,0,0,0,0,0,0,0,0
64.80000000000001,440,0,0,0,0,0,0,0,0,0,0
64.85,322,0,0,0,0,0,0,0,0,0,0
64.9,197,0,0,0,0,0,0,0,0,0,0
64.95,52,0,0,0,0,0,0,0,0,0,0
