*****
32 , 0.05 , 1000 , 0 , 1 , 10 , 100 , 0.75 , 1.0 , 0.85 , 1.0 , .055
32.0,1000,1000,1000,873,1000,0,1000,1000,833,1000,0
32.05,1047,1047,1047,936,1047,0,1047,1047,891,1047,0
32.1,1002,1002,1002,877,1002,0,1002,1002,821,1002,0
32.15,1050,1050,1050,943,1050,0,1050,1050,908,1050,0
32.2,1041,1041,1041,928,1041,0,1041,1041,876,1041,0
32.25,996,996,996,888,996,0,996,996,839,996,0
32.3,1114,1114,1114,993,1114,0,1114,1114,944,1114,0
32.35,1016,1016,1016,914,1016,0,1016,1016,879,1016,0
32.4,1069,1069,1069,959,1069,0,1069,1069,920,1069,0
32.45,984,984,984,878,984,0,984,984,845,984,0
32.5,1002,1002,1002,906,1002,0,1002,1002,863,1002,0
32.55,1035,1035,1035,925,1035,0,1035,1035,897,1035,0
32.6,1044,1044,1044,929,1044,0,1044,1044,905,1044,0
32.65,1003,1003,1003,905,1003,0,1003,1003,879,1003,0
32.7,1031,1031,1031,912,1031,0,1031,1031,894,1031,0
32.75,1012,1012,1012,893,1012,0,1012,1012,868,1012,0
32.8,1038,1038,1038,914,1038,0,1038,1038,886,1038,0
32.85,1063,1063,1063,902,1063,0,1063,1063,870,1063,0
32.9,1009,1009,1009,866,1009,0,1009,1009,844,1009,0
32.95,1009,1009,1009,834,1009,0,1009,1009,803,1009,0
33.0,1081,1081,1081,894,1081,0,1081,1081,881,1081,0
33.05,996,996,996,808,996,0,996,996,797,996,0
33.1,1061,1061,1061,841,1061,0,1061,1061,825,1061,0
33.15,1038,1038,1038,795,1038,0,1038,1038,784,1038,0
33.2,1052,1052,1052,800,1052,0,1052,1052,785,1052,0
33.25,1095,1095,1095,815,1095,0,1095,1095,803,1095,0
33.3,1035,1035,1035,733,1035,0,1035,1035,728,1035,0
33.35,1096,1096,1096,769,1096,0,1096,1096,769,1096,0
33.4,1024,1024,1024,682,1024,0,1024,1024,678,1024,0
33.45,1023,1023,1023,657,1023,0,1023,1023,652,1023,0
33.5,1030,1030,1030,618,1030,0,1030,1030,615,1030,0
33.55,1001,1001,1001,583,1001,0,1001,1001,580,1001,0
33.6,1055,1055,1055,610,1055,0,1055,1055,606,1055,0
33.65,989,989,989,533,989,0,989,989,528,989,0
33.7,1013,1013,1013,553,1013,0,1013,1013,552,1013,0
33.75,1084,1084,1084,565,1084,0,1084,1084,561,1084,0
33.8,1013,1011,1013,493,1013,0,1011,1013,494,1013,0
33.85,1020,1020,1020,430,1020,0,1020,1020,430,1020,0
33.9,1023,1023,1023,454,1023,0,1023,1023,454,1023,0
33.95,1073,1071,1072,458,1072,0,1071,1072,457,1072,0
34.0,1097,1093,1097,454,1097,0,1093,1097,454,1097,0
34.05,1024,1021,1022,423,1022,0,1021,1022,423,1022,0
34.1,1028,1025,1028,375,1028,0,1025,1028,375,1028,0
34.15,1032,1028,1032,368,1032,0,1028,1032,368,1032,0
34.2,1045,1040,1044,341,1044,0,1040,1044,340,1044,0
34.25,1038,1030,1037,338,1037,0,1030,1037,338,1037,0
34.3,949,938,947,317,947,0,938,947,317,947,0
34.35,1077,1065,1074,316,1074,0,1065,1074,316,1074,0
34.4,1082,1064,1077,276,1077,0,1064,1077,276,1077,0
34.45,1118,1093,1117,277,1117,0,1093,1117,277,1117,0
34.5,1046,1015,1039,251,1040,0,1015,1039,251,1040,0
34.55,985,959,981,235,981,0,959,981,235,981,0
34.6,1029,984,1018,232,1018,0,984,1018,232,1018,0
34.65,1038,995,1024,218,1024,0,995,1024,218,1024,0
34.7,988,938,981,185,981,0,938,981,185,981,0
34.75,1046,985,1037,200,1037,0,985,1037,200,1037,0
34.8,1036,971,1021,180,1021,0,971,1021,180,1021,0
34.85,1088,1005,1064,179,1065,0,1005,1064,179,1065,0
34.9,949,839,909,133,909,0,839,909,133,909,0
34.95,1013,903,972,136,972,0,903,972,136,972,0
35.0,1059,936,1014,152,1014,0,936,1014,152,1014,0
35.05,1100,942,1038,132,1039,0,942,1038,132,1039,0
35.1,1066,884,1004,126,1005,0,884,1004,126,1005,0
35.15,1042,831,960,118,960,0,831,960,118,960,0
35.2,1040,810,935,117,935,0,810,935,117,935,0
35.25,1051,822,953,114,953,0,822,953,114,953,0
35.3,1039,748,908,102,910,0,748,908,102,910,0
35.35,1009,748,888,106,890,0,748,888,106,890,0
35.4,1111,761,948,78,949,0,761,948,78,949,0
35.45,1087,734,903,86,904,0,734,903,86,904,0
35.5,1075,699,872,86,873,0,699,872,86,873,0
35.55,1041,631,826,75,827,0,631,826,75,827,0
35.6,1046,590,790,65,793,0,590,790,65,793,0
35.65,998,542,727,54,727,0,542,727,54,727,0
35.7,1037,551,748,45,748,0,551,748,45,748,0
35.75,1068,494,710,48,713,0,494,710,48,713,0
35.8,1019,468,691,48,695,0,468,691,48,695,0
35.85,955,393,567,35,570,0,393,567,35,570,0
35.9,1040,423,610,33,612,0,423,610,33,612,0
35.95,1040,386,593,43,597,0,386,593,43,597,0
36.0,1072,370,584,37,587,0,370,584,37,587,0
36.05,1056,352,549,39,549,0,352,549,39,549,0
36.1,1033,345,519,31,519,0,345,519,31,519,0
36.15,1093,301,506,32,508,0,301,506,32,508,0
36.2,1091,262,451,27,452,0,262,451,27,452,0
36.25,1030,228,397,26,397,0,228,397,26,397,0
36.3,1084,222,393,18,394,0,222,393,18,394,0
36.35,997,179,327,11,329,0,179,327,11,329,0
36.4,1041,170,312,11,314,0,170,312,11,314,0
36.45,1042,185,322,12,325,0,185,322,12,325,0
36.5,1041,115,266,11,266,0,115,266,11,266,0
36.55,1022,105,219,18,221,0,105,219,18,221,0
36.6,1007,98,197,9,198,0,98,197,9,198,0
36.65,1042,108,211,9,212,0,108,211,9,212,0
36.7,1086,75,179,10,180,0,75,179,10,180,0
36.75,1030,71,157,9,158,0,71,157,9,158,0
36.8,1044,61,141,9,144,0,61,141,9,144,0
36.85,1100,47,126,2,127,0,47,126,2,127,0
36.9,1046,47,106,11,107,0,47,106,11,107,0
36.95,1039,36,93,5,94,0,36,93,5,94,0
37.0,1046,51,91,4,92,0,51,91,4,92,0
37.05,1014,24,67,2,69,0,24,67,2,69,0
37.1,1030,19,60,4,62,0,19,60,4,62,0
37.15,1071,20,61,1,62,0,20,61,1,62,0
37.2,1081,17,48,1,48,0,17,48,1,48,0
37.25,1058,19,51,2,51,0,19,51,2,51,0
37.3,963,15,29,1,29,0,15,29,1,29,0
37.35,987,14,26,1,26,0,14,26,1,26,0
37.4,1035,14,39,2,39,0,14,39,2,39,0
37.45,1088,8,18,0,19,0,8,18,0,19,0
37.5,989,3,8,2,8,0,3,8,2,8,0
37.55,1067,4,11,5,11,0,4,11,5,11,0
37.6,1048,2,8,1,8,0,2,8,1,8,0
37.65,1089,3,11,1,12,0,3,11,1,12,0
37.7,1060,4,8,0,8,0,4,8,0,8,0
37.75,1072,2,3,1,3,0,2,3,1,3,0
37.8,1041,1,6,0,6,0,1,6,0,6,0
37.85,1053,1,5,0,5,0,1,5,0,5,0
37.9,1034,0,2,0,2,0,0,2,0,2,0
37.95,985,2,6,0,6,0,2,6,0,6,0
38.0,1056,1,3,0,3,0,1,3,0,3,0
38.05,1017,0,5,0,5,0,0,5,0,5,0
38.1,1030,0,1,0,1,0,0,1,0,1,0
38.15,988,0,1,0,1,0,0,1,0,1,0
38.2,1070,0,0,0,0,0,0,0,0,0,0
38.25,999,0,0,0,0,0,0,0,0,0,0
38.3,1068,0,2,0,2,0,0,2,0,2,0
38.35,1048,0,1,0,1,0,0,1,0,1,0
38.4,994,0,0,0,0,0,0,0,0,0,0
38.45,1113,0,1,0,1,0,0,1,0,1,0
38.5,1035,0,1,0,1,0,0,1,0,1,0
38.55,1056,0,0,0,0,0,0,0,0,0,0
38.6,1025,0,0,0,0,0,0,0,0,0,0
38.65,1113,0,1,0,1,0,0,1,0,1,0
38.7,1062,0,1,0,1,0,0,1,0,1,0
38.75,1035,0,0,0,0,0,0,0,0,0,0
38.8,1063,0,0,0,0,0,0,0,0,0,0
38.85,1016,0,0,0,0,0,0,0,0,0,0
38.9,1081,0,0,0,0,0,0,0,0,0,0
38.95,1014,0,0,0,0,0,0,0,0,0,0
39.0,991,0,0,0,0,0,0,0,0,0,0
39.05,1062,0,0,0,0,0,0,0,0,0,0
39.1,1046,0,0,0,0,0,0,0,0,0,0
39.15,980,0,0,0,0,0,0,0,0,0,0
39.2,1013,0,0,0,0,0,0,0,0,0,0
39.25,1037,0,0,0,0,0,0,0,0,0,0
39.3,1031,0,0,0,0,0,0,0,0,0,0
39.35,1040,0,0,0,0,0,0,0,0,0,0
39.4,1062,0,0,0,0,0,0,0,0,0,0
39.45,1061,0,0,0,0,0,0,0,0,0,0
39.5,1032,0,0,0,0,0,0,0,0,0,0
39.55,1048,0,0,0,0,0,0,0,0,0,0
39.6,1046,0,0,0,0,0,0,0,0,0,0
39.65,979,0,0,0,0,0,0,0,0,0,0
39.7,1061,0,0,0,0,0,0,0,0,0,0
39.75,1038,0,0,0,0,0,0,0,0,0,0
39.8,1067,0,0,0,0,0,0,0,0,0,0
39.85,1026,0,0,0,0,0,0,0,0,0,0
39.9,1020,0,0,0,0,0,0,0,0,0,0
39.95,1036,0,0,0,0,0,0,0,0,0,0
40.0,1054,0,0,0,0,0,0,0,0,0,0
40.05,1014,0,0,0,0,0,0,0,0,0,0
40.1,1060,0,0,0,0,0,0,0,0,0,0
40.15,1116,0,0,0,0,0,0,0,0,0,0
40.2,1048,0,0,0,0,0,0,0,0,0,0
40.25,1048,0,0,0,0,0,0,0,0,0,0
40.3,1097,0,0,0,0,0,0,0,0,0,0
40.35,1037,0,0,0,0,0,0,0,0,0,0
40.4,1010,0,0,0,0,0,0,0,0,0,0
40.45,986,0,0,0,0,0,0,0,0,0,0
40.5,1011,0,0,0,0,0,0,0,0,0,0
40.55,1022,0,0,0,0,0,0,0,0,0,0
40.6,1020,0,0,0,0,0,0,0,0,0,0
40.65,993,0,0,0,0,0,0,0,0,0,0
40.7,1049,0,0,0,0,0,0,0,0,0,0
40.75,1026,0,0,0,0,0,0,0,0,0,0
40.8,1016,0,0,0,0,0,0,0,0,0,0
40.85,1060,0,0,0,0,0,0,0,0,0,0
40.9,1054,0,0,0,0,0,0,0,0,0,0
40.95,1030,0,0,0,0,0,0,0,0,0,0
41.0,1077,0,0,0,0,0,0,0,0,0,0
41.05,998,0,0,0,0,0,0,0,0,0,0
41.1,1067,0,0,0,0,0,0,0,0,0,0
41.15,1004,0,0,0,0,0,0,0,0,0,0
41.2,990,0,0,0,0,0,0,0,0,0,0
41.25,1014,0,0,0,0,0,0,0,0,0,0
41.3,1050,0,0,0,0,0,0,0,0,0,0
41.35,1021,0,0,0,0,0,0,0,0,0,0
41.4,1050,0,0,0,0,0,0,0,0,0,0
41.45,1085,0,0,0,0,0,0,0,0,0,0
41.5,1036,0,0,0,0,0,0,0,0,0,0
41.55,1068,0,0,0,0,0,0,0,0,0,0
41.6,1066,0,0,0,0,0,0,0,0,0,0
41.65,1023,0,0,0,0,0,0,0,0,0,0
41.7,1043,0,0,0,0,0,0,0,0,0,0
41.75,1058,0,0,0,0,0,0,0,0,0,0
41.8,1046,0,0,0,0,0,0,0,0,0,0
41.85,1083,0,0,0,0,0,0,0,0,0,0
41.9,1039,0,0,0,0,0,0,0,0,0,0
41.95,990,0,0,0,0,0,0,0,0,0,0
42.0,1010,0,0,0,0,0,0,0,0,0,0
42.05,1023,0,0,0,0,0,0,0,0,0,0
42.1,1063,0,0,0,0,0,0,0,0,0,0
42.15,1058,0,0,0,0,0,0,0,0,0,0
42.2,1017,0,0,0,0,0,0,0,0,0,0
42.25,1089,0,0,0,0,0,0,0,0,0,0
42.3,1062,0,0,0,0,0,0,0,0,0,0
42.35,1033,0,0,0,0,0,0,0,0,0,0
42.4,1067,0,0,0,0,0,0,0,0,0,0
42.45,1061,0,0,0,0,0,0,0,0,0,0
42.5,1029,0,0,0,0,0,0,0,0,0,0
42.55,1052,0,0,0,0,0,0,0,0,0,0
42.6,985,0,0,0,0,0,0,0,0,0,0
42.65,1081,0,0,0,0,0,0,0,0,0,0
42.7,1051,0,0,0,0,0,0,0,0,0,0
42.75,1017,0,0,0,0,0,0,0,0,0,0
42.8,1014,0,0,0,0,0,0,0,0,0,0
42.85,1027,0,0,0,0,0,0,0,0,0,0
42.9,1079,0,0,0,0,0,0,0,0,0,0
42.95,1038,0,0,0,0,0,0,0,0,0,0
43.0,955,0,0,0,0,0,0,0,0,0,0
43.05,1022,0,0,0,0,0,0,0,0,0,0
43.1,1033,0,0,0,0,0,0,0,0,0,0
43.15,1039,0,0,0,0,0,0,0,0,0,0
43.2,1058,0,0,0,0,0,0,0,0,0,0
43.25,1062,0,0,0,0,0,0,0,0,0,0
43.3,1085,0,0,0,0,0,0,0,0,0,0
43.35,1064,0,0,0,0,0,0,0,0,0,0
43.4,1029,0,0,0,0,0,0,0,0,0,0
43.45,1023,0,0,0,0,0,0,0,0,0,0
43.5,1059,0,0,0,0,0,0,0,0,0,0
43.55,1032,0,0,0,0,0,0,0,0,0,0
43.6,1077,0,0,0,0,0,0,0,0,0,0
43.65,1065,0,0,0,0,0,0,0,0,0,0
43.7,1080,0,0,0,0,0,0,0,0,0,0
43.75,1003,0,0,0,0,0,0,0,0,0,0
43.8,1049,0,0,0,0,0,0,0,0,0,0
43.85,1014,0,0,0,0,0,0,0,0,0,0
43.9,1084,0,0,0,0,0,0,0,0,0,0
43.95,1013,0,0,0,0,0,0,0,0,0,0
44.0,1048,0,0,0,0,0,0,0,0,0,0
44.05,1055,0,0,0,0,0,0,0,0,0,0
44.1,997,0,0,0,0,0,0,0,0,0,0
44.15,1029,0,0,0,0,0,0,0,0,0,0
44.2,1020,0,0,0,0,0,0,0,0,0,0
44.25,1082,0,0,0,0,0,0,0,0,0,0
44.3,1045,0,0,0,0,0,0,0,0,0,0
44.35,1039,0,0,0,0,0,0,0,0,0,0
44.4,1018,0,0,0,0,0,0,0,0,0,0
44.45,1074,0,0,0,0,0,0,0,0,0,0
44.5,1041,0,0,0,0,0,0,0,0,0,0
44.55,1034,0,0,0,0,0,0,0,0,0,0
44.6,1024,0,0,0,0,0,0,0,0,0,0
44.65,1029,0,0,0,0,0,0,0,0,0,0
44.7,1067,0,0,0,0,0,0,0,0,0,0
44.75,1050,0,0,0,0,0,0,0,0,0,0
44.8,1079,0,0,0,0,0,0,0,0,0,0
44.85,1103,0,0,0,0,0,0,0,0,0,0
44.9,1007,0,0,0,0,0,0,0,0,0,0
44.95,1048,0,0,0,0,0,0,0,0,0,0
45.0,992,0,0,0,0,0,0,0,0,0,0
45.05,995,0,0,0,0,0,0,0,0,0,0
45.1,1020,0,0,0,0,0,0,0,0,0,0
45.15,1062,0,0,0,0,0,0,0,0,0,0
45.2,1018,0,0,0,0,0,0,0,0,0,0
45.25,1083,0,0,0,0,0,0,0,0,0,0
45.3,1031,0,0,0,0,0,0,0,0,0,0
45.35,1075,0,0,0,0,0,0,0,0,0,0
45.4,1056,0,0,0,0,0,0,0,0,0,0
45.45,1027,0,0,0,0,0,0,0,0,0,0
45.5,1027,0,0,0,0,0,0,0,0,0,0
45.55,1027,0,0,0,0,0,0,0,0,0,0
45.6,992,0,0,0,0,0,0,0,0,0,0
45.65,1061,0,0,0,0,0,0,0,0,0,0
45.7,1057,0,0,0,0,0,0,0,0,0,0
45.75,1022,0,0,0,0,0,0,0,0,0,0
45.8,1043,0,0,0,0,0,0,0,0,0,0
45.85,1045,0,0,0,0,0,0,0,0,0,0
45.9,1003,0,0,0,0,0,0,0,0,0,0
45.95,1058,0,0,0,0,0,0,0,0,0,0
46.0,1077,0,0,0,0,0,0,0,0,0,0
46.05,1084,0,0,0,0,0,0,0,0,0,0
46.1,1045,0,0,0,0,0,0,0,0,0,0
46.15,1085,0,0,0,0,0,0,0,0,0,0
46.2,1040,0,0,0,0,0,0,0,0,0,0
46.25,1040,0,0,0,0,0,0,0,0,0,0
46.3,1030,0,0,0,0,0,0,0,0,0,0
46.35,978,0,0,0,0,0,0,0,0,0,0
46.4,1021,0,0,0,0,0,0,0,0,0,0
46.45,1015,0,0,0,0,0,0,0,0,0,0
46.5,1032,0,0,0,0,0,0,0,0,0,0
46.55,1060,0,0,0,0,0,0,0,0,0,0
46.6,1030,0,0,0,0,0,0,0,0,0,0
46.65,1073,0,0,0,0,0,0,0,0,0,0
46.7,1043,0,0,0,0,0,0,0,0,0,0
46.75,1015,0,0,0,0,0,0,0,0,0,0
46.8,1050,0,0,0,0,0,0,0,0,0,0
46.85,1026,0,0,0,0,0,0,0,0,0,0
46.9,1092,0,0,0,0,0,0,0,0,0,0
46.95,999,0,0,0,0,0,0,0,0,0,0
47.0,1023,0,0,0,0,0,0,0,0,0,0
47.05,1024,0,0,0,0,0,0,0,0,0,0
47.1,1019,0,0,0,0,0,0,0,0,0,0
47.15,1050,0,0,0,0,0,0,0,0,0,0
47.2,1054,0,0,0,0,0,0,0,0,0,0
47.25,1037,0,0,0,0,0,0,0,0,0,0
47.3,1044,0,0,0,0,0,0,0,0,0,0
47.35,1016,0,0,0,0,0,0,0,0,0,0
47.4,1055,0,0,0,0,0,0,0,0,0,0
47.45,1028,0,0,0,0,0,0,0,0,0,0
47.5,1105,0,0,0,0,0,0,0,0,0,0
47.55,990,0,0,0,0,0,0,0,0,0,0
47.6,1063,0,0,0,0,0,0,0,0,0,0
47.65,998,0,0,0,0,0,0,0,0,0,0
47.7,1066,0,0,0,0,0,0,0,0,0,0
47.75,1023,0,0,0,0,0,0,0,0,0,0
47.8,1087,0,0,0,0,0,0,0,0,0,0
47.85,1056,0,0,0,0,0,0,0,0,0,0
47.9,1001,0,0,0,0,0,0,0,0,0,0
47.95,1029,0,0,0,0,0,0,0,0,0,0
48.0,1031,0,0,0,0,0,0,0,0,0,0
48.05,1056,0,0,0,0,0,0,0,0,0,0
48.1,1026,0,0,0,0,0,0,0,0,0,0
48.150000000000006,1064,0,0,0,0,0,0,0,0,0,0
48.2,1124,0,0,0,0,0,0,0,0,0,0
48.25,1031,0,0,0,0,0,0,0,0,0,0
48.3,955,0,0,0,0,0,0,0,0,0,0
48.35,1042,0,0,0,0,0,0,0,0,0,0
48.400000000000006,1011,0,0,0,0,0,0,0,0,0,0
48.45,1030,0,0,0,0,0,0,0,0,0,0
48.5,1079,0,0,0,0,0,0,0,0,0,0
48.55,1042,0,0,0,0,0,0,0,0,0,0
48.6,1069,0,0,0,0,0,0,0,0,0,0
48.650000000000006,1005,0,0,0,0,0,0,0,0,0,0
48.7,1045,0,0,0,0,0,0,0,0,0,0
48.75,1022,0,0,0,0,0,0,0,0,0,0
48.8,1106,0,0,0,0,0,0,0,0,0,0
48.85,1084,0,0,0,0,0,0,0,0,0,0
48.900000000000006,1040,0,0,0,0,0,0,0,0,0,0
48.95,1051,0,0,0,0,0,0,0,0,0,0
49.0,1002,0,0,0,0,0,0,0,0,0,0
49.05,995,0,0,0,0,0,0,0,0,0,0
49.1,1002,0,0,0,0,0,0,0,0,0,0
49.150000000000006,955,0,0,0,0,0,0,0,0,0,0
49.2,1084,0,0,0,0,0,0,0,0,0,0
49.25,1002,0,0,0,0,0,0,0,0,0,0
49.3,1047,0,0,0,0,0,0,0,0,0,0
49.35,1077,0,0,0,0,0,0,0,0,0,0
49.400000000000006,1033,0,0,0,0,0,0,0,0,0,0
49.45,1020,0,0,0,0,0,0,0,0,0,0
49.5,1055,0,0,0,0,0,0,0,0,0,0
49.55,1012,0,0,0,0,0,0,0,0,0,0
49.6,1055,0,0,0,0,0,0,0,0,0,0
49.650000000000006,1124,0,0,0,0,0,0,0,0,0,0
49.7,1036,0,0,0,0,0,0,0,0,0,0
49.75,1062,0,0,0,0,0,0,0,0,0,0
49.8,1002,0,0,0,0,0,0,0,0,0,0
49.85,1076,0,0,0,0,0,0,0,0,0,0
49.900000000000006,1036,0,0,0,0,0,0,0,0,0,0
49.95,1037,0,0,0,0,0,0,0,0,0,0
50.0,1057,0,0,0,0,0,0,0,0,0,0
50.05,1027,0,0,0,0,0,0,0,0,0,0
50.1,1021,0,0,0,0,0,0,0,0,0,0
50.150000000000006,1048,0,0,0,0,0,0,0,0,0,0
50.2,1053,0,0,0,0,0,0,0,0,0,0
50.25,1071,0,0,0,0,0,0,0,0,0,0
50.3,1059,0,0,0,0,0,0,0,0,0,0
50.35,1048,0,0,0,0,0,0,0,0,0,0
50.400000000000006,1026,0,0,0,0,0,0,0,0,0,0
50.45,1029,0,0,0,0,0,0,0,0,0,0
50.5,1005,0,0,0,0,0,0,0,0,0,0
50.55,980,0,0,0,0,0,0,0,0,0,0
50.6,1031,0,0,0,0,0,0,0,0,0,0
50.650000000000006,1057,0,0,0,0,0,0,0,0,0,0
50.7,1096,0,0,0,0,0,0,0,0,0,0
50.75,1042,0,0,0,0,0,0,0,0,0,0
50.8,1037,0,0,0,0,0,0,0,0,0,0
50.85,1068,0,0,0,0,0,0,0,0,0,0
50.900000000000006,1030,0,0,0,0,0,0,0,0,0,0
50.95,1089,0,0,0,0,0,0,0,0,0,0
51.0,988,0,0,0,0,0,0,0,0,0,0
51.05,1107,0,0,0,0,0,0,0,0,0,0
51.1,1074,0,0,0,0,0,0,0,0,0,0
51.150000000000006,1021,0,0,0,0,0,0,0,0,0,0
51.2,968,0,0,0,0,0,0,0,0,0,0
51.25,1006,0,0,0,0,0,0,0,0,0,0
51.3,1065,0,0,0,0,0,0,0,0,0,0
51.35,1026,0,0,0,0,0,0,0,0,0,0
51.400000000000006,1071,0,0,0,0,0,0,0,0,0,0
51.45,1032,0,0,0,0,0,0,0,0,0,0
51.5,1049,0,0,0,0,0,0,0,0,0,0
51.55,1055,0,0,0,0,0,0,0,0,0,0
51.6,1008,0,0,0,0,0,0,0,0,0,0
51.650000000000006,1061,0,0,0,0,0,0,0,0,0,0
51.7,1085,0,0,0,0,0,0,0,0,0,0
51.75,1072,0,0,0,0,0,0,0,0,0,0
51.8,1036,0,0,0,0,0,0,0,0,0,0
51.85,1046,0,0,0,0,0,0,0,0,0,0
51.900000000000006,1019,0,0,0,0,0,0,0,0,0,0
51.95,1033,0,0,0,0,0,0,0,0,0,0
52.0,1071,0,0,0,0,0,0,0,0,0,0
52.05,1014,0,0,0,0,0,0,0,0,0,0
52.1,1082,0,0,0,0,0,0,0,0,0,0
52.150000000000006,1027,0,0,0,0,0,0,0,0,0,0
52.2,1033,0,0,0,0,0,0,0,0,0,0
52.25,1023,0,0,0,0,0,0,0,0,0,0
52.3,1056,0,0,0,0,0,0,0,0,0,0
52.35,1059,0,0,0,0,0,0,0,0,0,0
52.400000000000006,1082,0,0,0,0,0,0,0,0,0,0
52.45,1071,0,0,0,0,0,0,0,0,0,0
52.5,966,0,0,0,0,0,0,0,0,0,0
52.55,1052,0,0,0,0,0,0,0,0,0,0
52.6,1037,0,0,0,0,0,0,0,0,0,0
52.650000000000006,1040,0,0,0,0,0,0,0,0,0,0
52.7,1017,0,0,0,0,0,0,0,0,0,0
52.75,1063,0,0,0,0,0,0,0,0,0,0
52.8,1047,0,0,0,0,0,0,0,0,0,0
52.85,1026,0,0,0,0,0,0,0,0,0,0
52.900000000000006,999,0,0,0,0,0,0,0,0,0,0
52.95,1050,0,0,0,0,0,0,0,0,0,0
53.0,1048,0,0,0,0,0,0,0,0,0,0
53.05,1055,0,0,0,0,0,0,0,0,0,0
53.1,1068,0,0,0,0,0,0,0,0,0,0
53.150000000000006,974,0,0,0,0,0,0,0,0,0,0
53.2,1030,0,0,0,0,0,0,0,0,0,0
53.25,1032,0,0,0,0,0,0,0,0,0,0
53.3,1014,0,0,0,0,0,0,0,0,0,0
53.35,1041,0,0,0,0,0,0,0,0,0,0
53.400000000000006,1043,0,0,0,0,0,0,0,0,0,0
53.45,1061,0,0,0,0,0,0,0,0,0,0
53.5,1065,0,0,0,0,0,0,0,0,0,0
53.55,1034,0,0,0,0,0,0,0,0,0,0
53.6,1017,0,0,0,0,0,0,0,0,0,0
53.650000000000006,1022,0,0,0,0,0,0,0,0,0,0
53.7,1104,0,0,0,0,0,0,0,0,0,0
53.75,1071,0,0,0,0,0,0,0,0,0,0
53.8,1075,0,0,0,0,0,0,0,0,0,0
53.85,1002,0,0,0,0,0,0,0,0,0,0
53.900000000000006,1060,0,0,0,0,0,0,0,0,0,0
53.95,1043,0,0,0,0,0,0,0,0,0,0
54.0,1096,0,0,0,0,0,0,0,0,0,0
54.05,1033,0,0,0,0,0,0,0,0,0,0
54.1,1049,0,0,0,0,0,0,0,0,0,0
54.150000000000006,1018,0,0,0,0,0,0,0,0,0,0
54.2,1028,0,0,0,0,0,0,0,0,0,0
54.25,1007,0,0,0,0,0,0,0,0,0,0
54.3,1031,0,0,0,0,0,0,0,0,0,0
54.35,1076,0,0,0,0,0,0,0,0,0,0
54.400000000000006,1075,0,0,0,0,0,0,0,0,0,0
54.45,1027,0,0,0,0,0,0,0,0,0,0
54.5,1040,0,0,0,0,0,0,0,0,0,0
54.55,1048,0,0,0,0,0,0,0,0,0,0
54.6,1069,0,0,0,0,0,0,0,0,0,0
54.650000000000006,1021,0,0,0,0,0,0,0,0,0,0
54.7,1042,0,0,0,0,0,0,0,0,0,0
54.75,994,0,0,0,0,0,0,0,0,0,0
54.8,1058,0,0,0,0,0,0,0,0,0,0
54.85,1035,0,0,0,0,0,0,0,0,0,0
54.900000000000006,1043,0,0,0,0,0,0,0,0,0,0
54.95,1039,0,0,0,0,0,0,0,0,0,0
55.0,1042,0,0,0,0,0,0,0,0,0,0
55.05,1048,0,0,0,0,0,0,0,0,0,0
55.1,1013,0,0,0,0,0,0,0,0,0,0
55.150000000000006,1080,0,0,0,0,0,0,0,0,0,0
55.2,995,0,0,0,0,0,0,0,0,0,0
55.25,1062,0,0,0,0,0,0,0,0,0,0
55.3,1083,0,0,0,0,0,0,0,0,0,0
55.35,1050,0,0,0,0,0,0,0,0,0,0
55.400000000000006,1056,0,0,0,0,0,0,0,0,0,0
55.45,967,0,0,0,0,0,0,0,0,0,0
55.5,1015,0,0,0,0,0,0,0,0,0,0
55.55,1010,0,0,0,0,0,0,0,0,0,0
55.6,1086,0,0,0,0,0,0,0,0,0,0
55.650000000000006,1058,0,0,0,0,0,0,0,0,0,0
55.7,1016,0,0,0,0,0,0,0,0,0,0
55.75,1084,0,0,0,0,0,0,0,0,0,0
55.8,1049,0,0,0,0,0,0,0,0,0,0
55.85,1054,0,0,0,0,0,0,0,0,0,0
55.900000000000006,1017,0,0,0,0,0,0,0,0,0,0
55.95,1070,0,0,0,0,0,0,0,0,0,0
56.0,1033,0,0,0,0,0,0,0,0,0,0
56.05,1081,0,0,0,0,0,0,0,0,0,0
56.1,1068,0,0,0,0,0,0,0,0,0,0
56.150000000000006,1082,0,0,0,0,0,0,0,0,0,0
56.2,1032,0,0,0,0,0,0,0,0,0,0
56.25,1078,0,0,0,0,0,0,0,0,0,0
56.3,1046,0,0,0,0,0,0,0,0,0,0
56.35,1038,0,0,0,0,0,0,0,0,0,0
56.400000000000006,1038,0,0,0,0,0,0,0,0,0,0
56.45,1007,0,0,0,0,0,0,0,0,0,0
56.5,1104,0,0,0,0,0,0,0,0,0,0
56.55,1006,0,0,0,0,0,0,0,0,0,0
56.6,1101,0,0,0,0,0,0,0,0,0,0
56.650000000000006,1024,0,0,0,0,0,0,0,0,0,0
56.7,1019,0,0,0,0,0,0,0,0,0,0
56.75,1051,0,0,0,0,0,0,0,0,0,0
56.8,1011,0,0,0,0,0,0,0,0,0,0
56.85,1011,0,0,0,0,0,0,0,0,0,0
56.900000000000006,1018,0,0,0,0,0,0,0,0,0,0
56.95,1010,0,0,0,0,0,0,0,0,0,0
57.0,1068,0,0,0,0,0,0,0,0,0,0
57.05,1019,0,0,0,0,0,0,0,0,0,0
57.1,1094,0,0,0,0,0,0,0,0,0,0
57.150000000000006,1096,0,0,0,0,0,0,0,0,0,0
57.2,1050,0,0,0,0,0,0,0,0,0,0
57.25,1037,0,0,0,0,0,0,0,0,0,0
57.3,1016,0,0,0,0,0,0,0,0,0,0
57.35,1063,0,0,0,0,0,0,0,0,0,0
57.400000000000006,1003,0,0,0,0,0,0,0,0,0,0
57.45,1073,0,0,0,0,0,0,0,0,0,0
57.5,1027,0,0,0,0,0,0,0,0,0,0
57.55,1018,0,0,0,0,0,0,0,0,0,0
57.6,1029,0,0,0,0,0,0,0,0,0,0
57.650000000000006,1051,0,0,0,0,0,0,0,0,0,0
57.7,1004,0,0,0,0,0,0,0,0,0,0
57.75,1063,0,0,0,0,0,0,0,0,0,0
57.8,1050,0,0,0,0,0,0,0,0,0,0
57.85,1010,0,0,0,0,0,0,0,0,0,0
57.900000000000006,1024,0,0,0,0,0,0,0,0,0,0
57.95,979,0,0,0,0,0,0,0,0,0,0
58.0,1048,0,0,0,0,0,0,0,0,0,0
58.05,1072,0,0,0,0,0,0,0,0,0,0
58.1,1096,0,0,0,0,0,0,0,0,0,0
58.150000000000006,1068,0,0,0,0,0,0,0,0,0,0
58.2,1055,0,0,0,0,0,0,0,0,0,0
58.25,1019,0,0,0,0,0,0,0,0,0,0
58.3,993,0,0,0,0,0,0,0,0,0,0
58.35,1045,0,0,0,0,0,0,0,0,0,0
58.400000000000006,1040,0,0,0,0,0,0,0,0,0,0
58.45,1069,0,0,0,0,0,0,0,0,0,0
58.5,1066,0,0,0,0,0,0,0,0,0,0
58.55,978,0,0,0,0,0,0,0,0,0,0
58.6,1105,0,0,0,0,0,0,0,0,0,0
58.650000000000006,1047,0,0,0,0,0,0,0,0,0,0
58.7,1070,0,0,0,0,0,0,0,0,0,0
58.75,1042,0,0,0,0,0,0,0,0,0,0
58.8,1039,0,0,0,0,0,0,0,0,0,0
58.85,1062,0,0,0,0,0,0,0,0,0,0
58.900000000000006,996,0,0,0,0,0,0,0,0,0,0
58.95,1042,0,0,0,0,0,0,0,0,0,0
59.0,1087,0,0,0,0,0,0,0,0,0,0
59.05,1041,0,0,0,0,0,0,0,0,0,0
59.1,1034,0,0,0,0,0,0,0,0,0,0
59.150000000000006,1022,0,0,0,0,0,0,0,0,0,0
59.2,1022,0,0,0,0,0,0,0,0,0,0
59.25,1051,0,0,0,0,0,0,0,0,0,0
59.3,1059,0,0,0,0,0,0,0,0,0,0
59.35,1050,0,0,0,0,0,0,0,0,0,0
59.400000000000006,1011,0,0,0,0,0,0,0,0,0,0
59.45,996,0,0,0,0,0,0,0,0,0,0
59.5,1037,0,0,0,0,0,0,0,0,0,0
59.55,1033,0,0,0,0,0,0,0,0,0,0
59.6,1029,0,0,0,0,0,0,0,0,0,0
59.650000000000006,1065,0,0,0,0,0,0,0,0,0,0
59.7,1021,0,0,0,0,0,0,0,0,0,0
59.75,1028,0,0,0,0,0,0,0,0,0,0
59.8,1063,0,0,0,0,0,0,0,0,0,0
59.85,1074,0,0,0,0,0,0,0,0,0,0
59.900000000000006,987,0,0,0,0,0,0,0,0,0,0
59.95,1054,0,0,0,0,0,0,0,0,0,0
60.0,1020,0,0,0,0,0,0,0,0,0,0
60.05,1074,0,0,0,0,0,0,0,0,0,0
60.1,1069,0,0,0,0,0,0,0,0,0,0
60.150000000000006,1040,0,0,0,0,0,0,0,0,0,0
60.2,1015,0,0,0,0,0,0,0,0,0,0
60.25,1071,0,0,0,0,0,0,0,0,0,0
60.3,1031,0,0,0,0,0,0,0,0,0,0
60.35,1056,0,0,0,0,0,0,0,0,0,0
60.400000000000006,1062,0,0,0,0,0,0,0,0,0,0
60.45,971,0,0,0,0,0,0,0,0,0,0
60.5,1082,0,0,0,0,0,0,0,0,0,0
60.55,1096,0,0,0,0,0,0,0,0,0,0
60.6,1060,0,0,0,0,0,0,0,0,0,0
60.650000000000006,1056,0,0,0,0,0,0,0,0,0,0
60.7,1028,0,0,0,0,0,0,0,0,0,0
60.75,1050,0,0,0,0,0,0,0,0,0,0
60.8,1058,0,0,0,0,0,0,0,0,0,0
60.85,1002,0,0,0,0,0,0,0,0,0,0
60.900000000000006,1063,0,0,0,0,0,0,0,0,0,0
60.95,995,0,0,0,0,0,0,0,0,0,0
61.0,994,0,0,0,0,0,0,0,0,0,0
61.05,1039,0,0,0,0,0,0,0,0,0,0
61.1,1045,0,0,0,0,0,0,0,0,0,0
61.150000000000006,1015,0,0,0,0,0,0,0,0,0,0
61.2,991,0,0,0,0,0,0,0,0,0,0
61.25,1067,0,0,0,0,0,0,0,0,0,0
61.3,1026,0,0,0,0,0,0,0,0,0,0
61.35,1043,0,0,0,0,0,0,0,0,0,0
61.400000000000006,1039,0,0,0,0,0,0,0,0,0,0
61.45,1045,0,0,0,0,0,0,0,0,0,0
61.5,1012,0,0,0,0,0,0,0,0,0,0
61.55,1066,0,0,0,0,0,0,0,0,0,0
61.6,1060,0,0,0,0,0,0,0,0,0,0
61.650000000000006,1037,0,0,0,0,0,0,0,0,0,0
61.7,1070,0,0,0,0,0,0,0,0,0,0
61.75,1037,0,0,0,0,0,0,0,0,0,0
61.8,1036,0,0,0,0,0,0,0,0,0,0
61.85,1047,0,0,0,0,0,0,0,0,0,0
61.900000000000006,1062,0,0,0,0,0,0,0,0,0,0
61.95,1030,0,0,0,0,0,0,0,0,0,0
62.0,1050,0,0,0,0,0,0,0,0,0,0
62.05,1057,0,0,0,0,0,0,0,0,0,0
62.1,1024,0,0,0,0,0,0,0,0,0,0
62.150000000000006,1005,0,0,0,0,0,0,0,0,0,0
62.2,1002,0,0,0,0,0,0,0,0,0,0
62.25,1050,0,0,0,0,0,0,0,0,0,0
62.3,1052,0,0,0,0,0,0,0,0,0,0
62.35,990,0,0,0,0,0,0,0,0,0,0
62.400000000000006,1052,0,0,0,0,0,0,0,0,0,0
62.45,1046,0,0,0,0,0,0,0,0,0,0
62.5,1085,0,0,0,0,0,0,0,0,0,0
62.55,1089,0,0,0,0,0,0,0,0,0,0
62.6,1037,0,0,0,0,0,0,0,0,0,0
62.650000000000006,1119,0,0,0,0,0,0,0,0,0,0
62.7,1066,0,0,0,0,0,0,0,0,0,0
62.75,1045,0,0,0,0,0,0,0,0,0,0
62.8,1014,0,0,0,0,0,0,0,0,0,0
62.85,1055,0,0,0,0,0,0,0,0,0,0
62.900000000000006,991,0,0,0,0,0,0,0,0,0,0
62.95,1057,0,0,0,0,0,0,0,0,0,0
63.0,1012,0,0,0,0,0,0,0,0,0,0
63.05,1039,0,0,0,0,0,0,0,0,0,0
63.1,1072,0,0,0,0,0,0,0,0,0,0
63.150000000000006,1006,0,0,0,0,0,0,0,0,0,0
63.2,1042,0,0,0,0,0,0,0,0,0,0
63.25,1046,0,0,0,0,0,0,0,0,0,0
63.3,999,0,0,0,0,0,0,0,0,0,0
63.35,1082,0,0,0,0,0,0,0,0,0,0
63.400000000000006,1052,0,0,0,0,0,0,0,0,0,0
63.45,1080,0,0,0,0,0,0,0,0,0,0
63.5,1076,0,0,0,0,0,0,0,0,0,0
63.55,1017,0,0,0,0,0,0,0,0,0,0
63.6,1076,0,0,0,0,0,0,0,0,0,0
63.650000000000006,1019,0,0,0,0,0,0,0,0,0,0
63.7,1022,0,0,0,0,0,0,0,0,0,0
63.75,1059,0,0,0,0,0,0,0,0,0,0
63.8,1046,0,0,0,0,0,0,0,0,0,0
63.85,1018,0,0,0,0,0,0,0,0,0,0
63.900000000000006,1067,0,0,0,0,0,0,0,0,0,0
63.95,1051,0,0,0,0,0,0,0,0,0,0
64.0,1038,0,0,0,0,0,0,0,0,0,0
64.05000000000001,917,0,0,0,0,0,0,0,0,0,0
64.1,920,0,0,0,0,0,0,0,0,0,0
64.15,865,0,0,0,0,0,0,0,0,0,0
64.2,828,0,0,0,0,0,0,0,0,0,0
64.25,709,0,0,0,0,0,0,0,0,0,0
64.30000000000001,717,0,0,0,0,0,0,0,0,0,0
64.35,667,0,0,0,0,0,0,0,0,0,0
64.4,598,0,0,0,0,0,0,0,0,0,0
64.45,535,0,0,0,0,0,0,0,0,0,0
64.5,527,0,0,0,0,0,0,0,0,0,0
64.55000000000001,475,0,0,0,0,0,0,0,0,0,0
64.6,354,0,0,0,0,0,0,0,0,0,0
64.65,341,0,0,0,0,0,0,0,0,0,0
64.7,266,0,0,0,0,0,0,0,0,0,0
64.75,241,0,0,0,0,0,0,0,0,0,0
64.80000000000001,172,0,0,0,0,0,0,0,0,0,0
64.85,133,0,0,0,0,0,0,0,0,0,0
64.9,81,0,0,0,0,0,0,0,0,0,0
64.95,29,0,0,0,0,0,0,0,0,0,0
