*****
32 , 0.05 , 1000 , 0 , 1 , 10 , 100 , 0.75 , 1.0 , 0.65 , 1.0 , .055
32.0,1000,1000,974,808,1000,0,1000,974,743,1000,0
32.05,991,990,954,825,991,0,990,954,748,991,0
32.1,997,993,938,821,997,0,993,938,732,997,0
32.15,1031,1013,939,871,1031,0,1013,939,796,1031,0
32.2,1001,949,865,827,1001,0,949,865,751,1001,0
32.25,1079,971,889,898,1079,0,971,889,826,1079,0
32.3,997,817,779,835,997,0,817,779,768,997,0
32.35,1036,747,754,861,1034,0,747,754,799,1034,0
32.4,981,566,620,818,976,0,566,620,751,976,0
32.45,975,404,532,806,960,0,404,532,771,960,0
32.5,927,308,448,778,900,0,308,448,753,900,0
32.55,1042,236,420,854,983,0,236,420,821,983,0
32.6,975,175,348,814,906,0,175,348,791,906,0
32.65,1016,102,291,835,894,0,102,291,806,894,0
32.7,985,78,248,773,826,0,78,248,771,826,0
32.75,1041,44,186,803,830,0,44,186,781,830,0
32.8,969,20,134,707,678,0,20,134,684,678,0
32.85,989,17,111,686,633,0,17,111,655,633,0
32.9,1026,13,92,695,586,0,13,92,671,586,0
32.95,1007,5,69,652,475,0,5,69,635,475,0
33.0,1007,4,55,618,413,0,4,55,601,413,0
33.05,979,3,40,568,359,0,3,40,561,359,0
33.1,1023,1,38,531,299,0,1,38,529,299,0
33.15,940,0,25,430,237,0,0,25,417,237,0
33.2,1031,0,14,465,186,0,0,14,458,186,0
33.25,977,0,8,403,124,0,0,8,398,124,0
33.3,1005,0,13,380,132,0,0,13,381,132,0
33.35,965,0,6,316,100,0,0,6,318,100,0
33.4,1034,0,8,329,83,0,0,8,328,83,0
33.45,1041,0,3,301,57,0,0,3,298,57,0
33.5,1007,0,4,262,45,0,0,4,261,45,0
33.55,993,0,1,224,35,0,0,1,224,35,0
33.6,1009,0,3,204,33,0,0,3,202,33,0
33.65,1000,0,0,165,23,0,0,0,164,23,0
33.7,972,0,0,165,13,0,0,0,165,13,0
33.75,998,0,1,134,15,0,0,1,133,15,0
33.8,969,0,0,137,10,0,0,0,136,10,0
33.85,992,0,0,101,10,0,0,0,101,10,0
33.9,973,0,0,87,4,0,0,0,87,4,0
33.95,1013,0,0,92,5,0,0,0,92,5,0
34.0,990,0,0,77,4,0,0,0,77,4,0
34.05,982,0,0,57,1,0,0,0,57,1,0
34.1,1030,0,0,63,1,0,0,0,63,1,0
34.15,1033,0,0,43,1,0,0,0,43,1,0
34.2,992,0,0,36,1,0,0,0,36,1,0
34.25,1039,0,0,32,3,0,0,0,32,3,0
34.3,943,0,0,12,0,0,0,0,12,0,0
34.35,985,0,0,24,1,0,0,0,24,1,0
34.4,975,0,0,18,0,0,0,0,18,0,0
34.45,1019,0,0,25,0,0,0,0,25,0,0
34.5,969,0,0,13,0,0,0,0,13,0,0
34.55,945,0,0,13,0,0,0,0,13,0,0
34.6,981,0,0,7,0,0,0,0,7,0,0
34.65,979,0,0,10,0,0,0,0,10,0,0
34.7,1036,0,0,3,0,0,0,0,3,0,0
34.75,1050,0,0,7,0,0,0,0,7,0,0
34.8,1025,0,0,2,0,0,0,0,2,0,0
34.85,975,0,0,1,0,0,0,0,1,0,0
34.9,1051,0,0,3,0,0,0,0,3,0,0
34.95,1078,0,0,2,0,0,0,0,2,0,0
35.0,1005,0,0,2,0,0,0,0,2,0,0
35.05,1003,0,0,0,0,0,0,0,0,0,0
35.1,934,0,0,0,0,0,0,0,0,0,0
35.15,990,0,0,0,0,0,0,0,0,0,0
35.2,976,0,0,0,0,0,0,0,0,0,0
35.25,973,0,0,0,0,0,0,0,0,0,0
35.3,995,0,0,1,0,0,0,0,1,0,0
35.35,978,0,0,0,0,0,0,0,0,0,0
35.4,1001,0,0,0,0,0,0,0,0,0,0
35.45,1026,0,0,0,0,0,0,0,0,0,0
35.5,994,0,0,0,0,0,0,0,0,0,0
35.55,1042,0,0,0,0,0,0,0,0,0,0
35.6,982,0,0,0,0,0,0,0,0,0,0
35.65,1014,0,0,0,0,0,0,0,0,0,0
35.7,980,0,0,0,0,0,0,0,0,0,0
35.75,1002,0,0,0,0,0,0,0,0,0,0
35.8,962,0,0,0,0,0,0,0,0,0,0
35.85,1013,0,0,0,0,0,0,0,0,0,0
35.9,1019,0,0,0,0,0,0,0,0,0,0
35.95,1022,0,0,0,0,0,0,0,0,0,0
36.0,972,0,0,0,0,0,0,0,0,0,0
36.05,1034,0,0,0,0,0,0,0,0,0,0
36.1,980,0,0,0,0,0,0,0,0,0,0
36.15,965,0,0,0,0,0,0,0,0,0,0
36.2,1013,0,0,0,0,0,0,0,0,0,0
36.25,1052,0,0,0,0,0,0,0,0,0,0
36.3,1001,0,0,0,0,0,0,0,0,0,0
36.35,1005,0,0,0,0,0,0,0,0,0,0
36.4,1004,0,0,0,0,0,0,0,0,0,0
36.45,912,0,0,0,0,0,0,0,0,0,0
36.5,1010,0,0,0,0,0,0,0,0,0,0
36.55,980,0,0,0,0,0,0,0,0,0,0
36.6,993,0,0,0,0,0,0,0,0,0,0
36.65,1070,0,0,0,0,0,0,0,0,0,0
36.7,956,0,0,0,0,0,0,0,0,0,0
36.75,1000,0,0,0,0,0,0,0,0,0,0
36.8,1020,0,0,0,0,0,0,0,0,0,0
36.85,1048,0,0,0,0,0,0,0,0,0,0
36.9,1010,0,0,0,0,0,0,0,0,0,0
36.95,1007,0,0,0,0,0,0,0,0,0,0
37.0,935,0,0,0,0,0,0,0,0,0,0
37.05,979,0,0,0,0,0,0,0,0,0,0
37.1,983,0,0,0,0,0,0,0,0,0,0
37.15,999,0,0,0,0,0,0,0,0,0,0
37.2,979,0,0,0,0,0,0,0,0,0,0
37.25,1059,0,0,0,0,0,0,0,0,0,0
37.3,1088,0,0,0,0,0,0,0,0,0,0
37.35,954,0,0,0,0,0,0,0,0,0,0
37.4,986,0,0,0,0,0,0,0,0,0,0
37.45,1012,0,0,0,0,0,0,0,0,0,0
37.5,1006,0,0,0,0,0,0,0,0,0,0
37.55,979,0,0,0,0,0,0,0,0,0,0
37.6,970,0,0,0,0,0,0,0,0,0,0
37.65,957,0,0,0,0,0,0,0,0,0,0
37.7,1014,0,0,0,0,0,0,0,0,0,0
37.75,955,0,0,0,0,0,0,0,0,0,0
37.8,993,0,0,0,0,0,0,0,0,0,0
37.85,990,0,0,0,0,0,0,0,0,0,0
37.9,1019,0,0,0,0,0,0,0,0,0,0
37.95,1004,0,0,0,0,0,0,0,0,0,0
38.0,1056,0,0,0,0,0,0,0,0,0,0
38.05,1033,0,0,0,0,0,0,0,0,0,0
38.1,1038,0,0,0,0,0,0,0,0,0,0
38.15,1076,0,0,0,0,0,0,0,0,0,0
38.2,936,0,0,0,0,0,0,0,0,0,0
38.25,985,0,0,0,0,0,0,0,0,0,0
38.3,977,0,0,0,0,0,0,0,0,0,0
38.35,947,0,0,0,0,0,0,0,0,0,0
38.4,1027,0,0,0,0,0,0,0,0,0,0
38.45,1000,0,0,0,0,0,0,0,0,0,0
38.5,1014,0,0,0,0,0,0,0,0,0,0
38.55,1042,0,0,0,0,0,0,0,0,0,0
38.6,971,0,0,0,0,0,0,0,0,0,0
38.65,1006,0,0,0,0,0,0,0,0,0,0
38.7,951,0,0,0,0,0,0,0,0,0,0
38.75,1012,0,0,0,0,0,0,0,0,0,0
38.8,1077,0,0,0,0,0,0,0,0,0,0
38.85,975,0,0,0,0,0,0,0,0,0,0
38.9,1032,0,0,0,0,0,0,0,0,0,0
38.95,992,0,0,0,0,0,0,0,0,0,0
39.0,1047,0,0,0,0,0,0,0,0,0,0
39.05,972,0,0,0,0,0,0,0,0,0,0
39.1,951,0,0,0,0,0,0,0,0,0,0
39.15,1009,0,0,0,0,0,0,0,0,0,0
39.2,952,0,0,0,0,0,0,0,0,0,0
39.25,959,0,0,0,0,0,0,0,0,0,0
39.3,1018,0,0,0,0,0,0,0,0,0,0
39.35,950,0,0,0,0,0,0,0,0,0,0
39.4,991,0,0,0,0,0,0,0,0,0,0
39.45,995,0,0,0,0,0,0,0,0,0,0
39.5,1047,0,0,0,0,0,0,0,0,0,0
39.55,1029,0,0,0,0,0,0,0,0,0,0
39.6,1011,0,0,0,0,0,0,0,0,0,0
39.65,961,0,0,0,0,0,0,0,0,0,0
39.7,1000,0,0,0,0,0,0,0,0,0,0
39.75,984,0,0,0,0,0,0,0,0,0,0
39.8,1026,0,0,0,0,0,0,0,0,0,0
39.85,1015,0,0,0,0,0,0,0,0,0,0
39.9,963,0,0,0,0,0,0,0,0,0,0
39.95,1008,0,0,0,0,0,0,0,0,0,0
40.0,983,0,0,0,0,0,0,0,0,0,0
40.05,1005,0,0,0,0,0,0,0,0,0,0
40.1,966,0,0,0,0,0,0,0,0,0,0
40.15,996,0,0,0,0,0,0,0,0,0,0
40.2,1032,0,0,0,0,0,0,0,0,0,0
40.25,1082,0,0,0,0,0,0,0,0,0,0
40.3,974,0,0,0,0,0,0,0,0,0,0
40.35,1005,0,0,0,0,0,0,0,0,0,0
40.4,1006,0,0,0,0,0,0,0,0,0,0
40.45,1023,0,0,0,0,0,0,0,0,0,0
40.5,985,0,0,0,0,0,0,0,0,0,0
40.55,1009,0,0,0,0,0,0,0,0,0,0
40.6,995,0,0,0,0,0,0,0,0,0,0
40.65,994,0,0,0,0,0,0,0,0,0,0
40.7,967,0,0,0,0,0,0,0,0,0,0
40.75,1023,0,0,0,0,0,0,0,0,0,0
40.8,969,0,0,0,0,0,0,0,0,0,0
40.85,1049,0,0,0,0,0,0,0,0,0,0
40.9,1042,0,0,0,0,0,0,0,0,0,0
40.95,973,0,0,0,0,0,0,0,0,0,0
41.0,1016,0,0,0,0,0,0,0,0,0,0
41.05,932,0,0,0,0,0,0,0,0,0,0
41.1,1006,0,0,0,0,0,0,0,0,0,0
41.15,994,0,0,0,0,0,0,0,0,0,0
41.2,1048,0,0,0,0,0,0,0,0,0,0
41.25,1010,0,0,0,0,0,0,0,0,0,0
41.3,993,0,0,0,0,0,0,0,0,0,0
41.35,1026,0,0,0,0,0,0,0,0,0,0
41.4,1034,0,0,0,0,0,0,0,0,0,0
41.45,1058,0,0,0,0,0,0,0,0,0,0
41.5,1031,0,0,0,0,0,0,0,0,0,0
41.55,991,0,0,0,0,0,0,0,0,0,0
41.6,1037,0,0,0,0,0,0,0,0,0,0
41.65,979,0,0,0,0,0,0,0,0,0,0
41.7,993,0,0,0,0,0,0,0,0,0,0
41.75,984,0,0,0,0,0,0,0,0,0,0
41.8,1000,0,0,0,0,0,0,0,0,0,0
41.85,1012,0,0,0,0,0,0,0,0,0,0
41.9,976,0,0,0,0,0,0,0,0,0,0
41.95,1001,0,0,0,0,0,0,0,0,0,0
42.0,1007,0,0,0,0,0,0,0,0,0,0
42.05,1023,0,0,0,0,0,0,0,0,0,0
42.1,991,0,0,0,0,0,0,0,0,0,0
42.15,984,0,0,0,0,0,0,0,0,0,0
42.2,1022,0,0,0,0,0,0,0,0,0,0
42.25,960,0,0,0,0,0,0,0,0,0,0
42.3,1047,0,0,0,0,0,0,0,0,0,0
42.35,1005,0,0,0,0,0,0,0,0,0,0
42.4,1002,0,0,0,0,0,0,0,0,0,0
42.45,983,0,0,0,0,0,0,0,0,0,0
42.5,963,0,0,0,0,0,0,0,0,0,0
42.55,1075,0,0,0,0,0,0,0,0,0,0
42.6,972,0,0,0,0,0,0,0,0,0,0
42.65,997,0,0,0,0,0,0,0,0,0,0
42.7,968,0,0,0,0,0,0,0,0,0,0
42.75,1021,0,0,0,0,0,0,0,0,0,0
42.8,982,0,0,0,0,0,0,0,0,0,0
42.85,980,0,0,0,0,0,0,0,0,0,0
42.9,1029,0,0,0,0,0,0,0,0,0,0
42.95,973,0,0,0,0,0,0,0,0,0,0
43.0,960,0,0,0,0,0,0,0,0,0,0
43.05,1014,0,0,0,0,0,0,0,0,0,0
43.1,1030,0,0,0,0,0,0,0,0,0,0
43.15,950,0,0,0,0,0,0,0,0,0,0
43.2,1017,0,0,0,0,0,0,0,0,0,0
43.25,1004,0,0,0,0,0,0,0,0,0,0
43.3,1001,0,0,0,0,0,0,0,0,0,0
43.35,976,0,0,0,0,0,0,0,0,0,0
43.4,1005,0,0,0,0,0,0,0,0,0,0
43.45,968,0,0,0,0,0,0,0,0,0,0
43.5,1044,0,0,0,0,0,0,0,0,0,0
43.55,1003,0,0,0,0,0,0,0,0,0,0
43.6,984,0,0,0,0,0,0,0,0,0,0
43.65,944,0,0,0,0,0,0,0,0,0,0
43.7,994,0,0,0,0,0,0,0,0,0,0
43.75,915,0,0,0,0,0,0,0,0,0,0
43.8,992,0,0,0,0,0,0,0,0,0,0
43.85,1029,0,0,0,0,0,0,0,0,0,0
43.9,1022,0,0,0,0,0,0,0,0,0,0
43.95,1016,0,0,0,0,0,0,0,0,0,0
44.0,1000,0,0,0,0,0,0,0,0,0,0
44.05,998,0,0,0,0,0,0,0,0,0,0
44.1,1010,0,0,0,0,0,0,0,0,0,0
44.15,985,0,0,0,0,0,0,0,0,0,0
44.2,1015,0,0,0,0,0,0,0,0,0,0
44.25,1027,0,0,0,0,0,0,0,0,0,0
44.3,1018,0,0,0,0,0,0,0,0,0,0
44.35,965,0,0,0,0,0,0,0,0,0,0
44.4,1008,0,0,0,0,0,0,0,0,0,0
44.45,1011,0,0,0,0,0,0,0,0,0,0
44.5,999,0,0,0,0,0,0,0,0,0,0
44.55,987,0,0,0,0,0,0,0,0,0,0
44.6,1036,0,0,0,0,0,0,0,0,0,0
44.65,1014,0,0,0,0,0,0,0,0,0,0
44.7,1006,0,0,0,0,0,0,0,0,0,0
44.75,1020,0,0,0,0,0,0,0,0,0,0
44.8,989,0,0,0,0,0,0,0,0,0,0
44.85,977,0,0,0,0,0,0,0,0,0,0
44.9,981,0,0,0,0,0,0,0,0,0,0
44.95,999,0,0,0,0,0,0,0,0,0,0
45.0,1005,0,0,0,0,0,0,0,0,0,0
45.05,1020,0,0,0,0,0,0,0,0,0,0
45.1,1047,0,0,0,0,0,0,0,0,0,0
45.15,939,0,0,0,0,0,0,0,0,0,0
45.2,982,0,0,0,0,0,0,0,0,0,0
45.25,996,0,0,0,0,0,0,0,0,0,0
45.3,982,0,0,0,0,0,0,0,0,0,0
45.35,968,0,0,0,0,0,0,0,0,0,0
45.4,964,0,0,0,0,0,0,0,0,0,0
45.45,988,0,0,0,0,0,0,0,0,0,0
45.5,1031,0,0,0,0,0,0,0,0,0,0
45.55,1010,0,0,0,0,0,0,0,0,0,0
45.6,1000,0,0,0,0,0,0,0,0,0,0
45.65,961,0,0,0,0,0,0,0,0,0,0
45.7,1002,0,0,0,0,0,0,0,0,0,0
45.75,1016,0,0,0,0,0,0,0,0,0,0
45.8,1018,0,0,0,0,0,0,0,0,0,0
45.85,1019,0,0,0,0,0,0,0,0,0,0
45.9,951,0,0,0,0,0,0,0,0,0,0
45.95,1029,0,0,0,0,0,0,0,0,0,0
46.0,993,0,0,0,0,0,0,0,0,0,0
46.05,967,0,0,0,0,0,0,0,0,0,0
46.1,1037,0,0,0,0,0,0,0,0,0,0
46.15,1053,0,0,0,0,0,0,0,0,0,0
46.2,1037,0,0,0,0,0,0,0,0,0,0
46.25,972,0,0,0,0,0,0,0,0,0,0
46.3,981,0,0,0,0,0,0,0,0,0,0
46.35,993,0,0,0,0,0,0,0,0,0,0
46.4,977,0,0,0,0,0,0,0,0,0,0
46.45,1080,0,0,0,0,0,0,0,0,0,0
46.5,966,0,0,0,0,0,0,0,0,0,0
46.55,1004,0,0,0,0,0,0,0,0,0,0
46.6,1002,0,0,0,0,0,0,0,0,0,0
46.65,959,0,0,0,0,0,0,0,0,0,0
46.7,946,0,0,0,0,0,0,0,0,0,0
46.75,963,0,0,0,0,0,0,0,0,0,0
46.8,1015,0,0,0,0,0,0,0,0,0,0
46.85,968,0,0,0,0,0,0,0,0,0,0
46.9,1004,0,0,0,0,0,0,0,0,0,0
46.95,1014,0,0,0,0,0,0,0,0,0,0
47.0,1021,0,0,0,0,0,0,0,0,0,0
47.05,1032,0,0,0,0,0,0,0,0,0,0
47.1,1034,0,0,0,0,0,0,0,0,0,0
47.15,995,0,0,0,0,0,0,0,0,0,0
47.2,917,0,0,0,0,0,0,0,0,0,0
47.25,1019,0,0,0,0,0,0,0,0,0,0
47.3,1009,0,0,0,0,0,0,0,0,0,0
47.35,971,0,0,0,0,0,0,0,0,0,0
47.4,1047,0,0,0,0,0,0,0,0,0,0
47.45,1037,0,0,0,0,0,0,0,0,0,0
47.5,992,0,0,0,0,0,0,0,0,0,0
47.55,1027,0,0,0,0,0,0,0,0,0,0
47.6,928,0,0,0,0,0,0,0,0,0,0
47.65,982,0,0,0,0,0,0,0,0,0,0
47.7,981,0,0,0,0,0,0,0,0,0,0
47.75,1009,0,0,0,0,0,0,0,0,0,0
47.8,1020,0,0,0,0,0,0,0,0,0,0
47.85,1009,0,0,0,0,0,0,0,0,0,0
47.9,1022,0,0,0,0,0,0,0,0,0,0
47.95,981,0,0,0,0,0,0,0,0,0,0
48.0,979,0,0,0,0,0,0,0,0,0,0
48.05,1056,0,0,0,0,0,0,0,0,0,0
48.1,1011,0,0,0,0,0,0,0,0,0,0
48.150000000000006,1051,0,0,0,0,0,0,0,0,0,0
48.2,987,0,0,0,0,0,0,0,0,0,0
48.25,1022,0,0,0,0,0,0,0,0,0,0
48.3,1001,0,0,0,0,0,0,0,0,0,0
48.35,1015,0,0,0,0,0,0,0,0,0,0
48.400000000000006,934,0,0,0,0,0,0,0,0,0,0
48.45,1032,0,0,0,0,0,0,0,0,0,0
48.5,964,0,0,0,0,0,0,0,0,0,0
48.55,949,0,0,0,0,0,0,0,0,0,0
48.6,1008,0,0,0,0,0,0,0,0,0,0
48.650000000000006,1020,0,0,0,0,0,0,0,0,0,0
48.7,960,0,0,0,0,0,0,0,0,0,0
48.75,984,0,0,0,0,0,0,0,0,0,0
48.8,999,0,0,0,0,0,0,0,0,0,0
48.85,953,0,0,0,0,0,0,0,0,0,0
48.900000000000006,1049,0,0,0,0,0,0,0,0,0,0
48.95,983,0,0,0,0,0,0,0,0,0,0
49.0,1019,0,0,0,0,0,0,0,0,0,0
49.05,985,0,0,0,0,0,0,0,0,0,0
49.1,1069,0,0,0,0,0,0,0,0,0,0
49.150000000000006,1026,0,0,0,0,0,0,0,0,0,0
49.2,982,0,0,0,0,0,0,0,0,0,0
49.25,1013,0,0,0,0,0,0,0,0,0,0
49.3,954,0,0,0,0,0,0,0,0,0,0
49.35,987,0,0,0,0,0,0,0,0,0,0
49.400000000000006,980,0,0,0,0,0,0,0,0,0,0
49.45,1002,0,0,0,0,0,0,0,0,0,0
49.5,976,0,0,0,0,0,0,0,0,0,0
49.55,980,0,0,0,0,0,0,0,0,0,0
49.6,1018,0,0,0,0,0,0,0,0,0,0
49.650000000000006,978,0,0,0,0,0,0,0,0,0,0
49.7,1027,0,0,0,0,0,0,0,0,0,0
49.75,1042,0,0,0,0,0,0,0,0,0,0
49.8,1012,0,0,0,0,0,0,0,0,0,0
49.85,1019,0,0,0,0,0,0,0,0,0,0
49.900000000000006,1019,0,0,0,0,0,0,0,0,0,0
49.95,1014,0,0,0,0,0,0,0,0,0,0
50.0,958,0,0,0,0,0,0,0,0,0,0
50.05,1041,0,0,0,0,0,0,0,0,0,0
50.1,942,0,0,0,0,0,0,0,0,0,0
50.150000000000006,940,0,0,0,0,0,0,0,0,0,0
50.2,971,0,0,0,0,0,0,0,0,0,0
50.25,1028,0,0,0,0,0,0,0,0,0,0
50.3,971,0,0,0,0,0,0,0,0,0,0
50.35,986,0,0,0,0,0,0,0,0,0,0
50.400000000000006,1035,0,0,0,0,0,0,0,0,0,0
50.45,1000,0,0,0,0,0,0,0,0,0,0
50.5,1015,0,0,0,0,0,0,0,0,0,0
50.55,1014,0,0,0,0,0,0,0,0,0,0
50.6,983,0,0,0,0,0,0,0,0,0,0
50.650000000000006,1074,0,0,0,0,0,0,0,0,0,0
50.7,995,0,0,0,0,0,0,0,0,0,0
50.75,959,0,0,0,0,0,0,0,0,0,0
50.8,1008,0,0,0,0,0,0,0,0,0,0
50.85,999,0,0,0,0,0,0,0,0,0,0
50.900000000000006,1043,0,0,0,0,0,0,0,0,0,0
50.95,965,0,0,0,0,0,0,0,0,0,0
51.0,982,0,0,0,0,0,0,0,0,0,0
51.05,949,0,0,0,0,0,0,0,0,0,0
51.1,1033,0,0,0,0,0,0,0,0,0,0
51.150000000000006,983,0,0,0,0,0,0,0,0,0,0
51.2,971,0,0,0,0,0,0,0,0,0,0
51.25,1001,0,0,0,0,0,0,0,0,0,0
51.3,1046,0,0,0,0,0,0,0,0,0,0
51.35,974,0,0,0,0,0,0,0,0,0,0
51.400000000000006,1008,0,0,0,0,0,0,0,0,0,0
51.45,1023,0,0,0,0,0,0,0,0,0,0
51.5,989,0,0,0,0,0,0,0,0,0,0
51.55,1021,0,0,0,0,0,0,0,0,0,0
51.6,1032,0,0,0,0,0,0,0,0,0,0
51.650000000000006,968,0,0,0,0,0,0,0,0,0,0
51.7,957,0,0,0,0,0,0,0,0,0,0
51.75,1033,0,0,0,0,0,0,0,0,0,0
51.8,1016,0,0,0,0,0,0,0,0,0,0
51.85,1012,0,0,0,0,0,0,0,0,0,0
51.900000000000006,1038,0,0,0,0,0,0,0,0,0,0
51.95,934,0,0,0,0,0,0,0,0,0,0
52.0,937,0,0,0,0,0,0,0,0,0,0
52.05,912,0,0,0,0,0,0,0,0,0,0
52.1,1047,0,0,0,0,0,0,0,0,0,0
52.150000000000006,1013,0,0,0,0,0,0,0,0,0,0
52.2,1019,0,0,0,0,0,0,0,0,0,0
52.25,953,0,0,0,0,0,0,0,0,0,0
52.3,1000,0,0,0,0,0,0,0,0,0,0
52.35,960,0,0,0,0,0,0,0,0,0,0
52.400000000000006,1043,0,0,0,0,0,0,0,0,0,0
52.45,1010,0,0,0,0,0,0,0,0,0,0
52.5,991,0,0,0,0,0,0,0,0,0,0
52.55,966,0,0,0,0,0,0,0,0,0,0
52.6,1042,0,0,0,0,0,0,0,0,0,0
52.650000000000006,1014,0,0,0,0,0,0,0,0,0,0
52.7,1003,0,0,0,0,0,0,0,0,0,0
52.75,1055,0,0,0,0,0,0,0,0,0,0
52.8,989,0,0,0,0,0,0,0,0,0,0
52.85,980,0,0,0,0,0,0,0,0,0,0
52.900000000000006,989,0,0,0,0,0,0,0,0,0,0
52.95,995,0,0,0,0,0,0,0,0,0,0
53.0,948,0,0,0,0,0,0,0,0,0,0
53.05,999,0,0,0,0,0,0,0,0,0,0
53.1,1082,0,0,0,0,0,0,0,0,0,0
53.150000000000006,1017,0,0,0,0,0,0,0,0,0,0
53.2,993,0,0,0,0,0,0,0,0,0,0
53.25,1016,0,0,0,0,0,0,0,0,0,0
53.3,984,0,0,0,0,0,0,0,0,0,0
53.35,997,0,0,0,0,0,0,0,0,0,0
53.400000000000006,1002,0,0,0,0,0,0,0,0,0,0
53.45,1054,0,0,0,0,0,0,0,0,0,0
53.5,1005,0,0,0,0,0,0,0,0,0,0
53.55,960,0,0,0,0,0,0,0,0,0,0
53.6,983,0,0,0,0,0,0,0,0,0,0
53.650000000000006,1036,0,0,0,0,0,0,0,0,0,0
53.7,1066,0,0,0,0,0,0,0,0,0,0
53.75,951,0,0,0,0,0,0,0,0,0,0
53.8,933,0,0,0,0,0,0,0,0,0,0
53.85,943,0,0,0,0,0,0,0,0,0,0
53.900000000000006,986,0,0,0,0,0,0,0,0,0,0
53.95,1058,0,0,0,0,0,0,0,0,0,0
54.0,943,0,0,0,0,0,0,0,0,0,0
54.05,1059,0,0,0,0,0,0,0,0,0,0
54.1,1002,0,0,0,0,0,0,0,0,0,0
54.150000000000006,1033,0,0,0,0,0,0,0,0,0,0
54.2,1005,0,0,0,0,0,0,0,0,0,0
54.25,967,0,0,0,0,0,0,0,0,0,0
54.3,1040,0,0,0,0,0,0,0,0,0,0
54.35,974,0,0,0,0,0,0,0,0,0,0
54.400000000000006,986,0,0,0,0,0,0,0,0,0,0
54.45,1022,0,0,0,0,0,0,0,0,0,0
54.5,914,0,0,0,0,0,0,0,0,0,0
54.55,1039,0,0,0,0,0,0,0,0,0,0
54.6,1041,0,0,0,0,0,0,0,0,0,0
54.650000000000006,1022,0,0,0,0,0,0,0,0,0,0
54.7,993,0,0,0,0,0,0,0,0,0,0
54.75,1001,0,0,0,0,0,0,0,0,0,0
54.8,991,0,0,0,0,0,0,0,0,0,0
54.85,978,0,0,0,0,0,0,0,0,0,0
54.900000000000006,1016,0,0,0,0,0,0,0,0,0,0
54.95,1018,0,0,0,0,0,0,0,0,0,0
55.0,1041,0,0,0,0,0,0,0,0,0,0
55.05,992,0,0,0,0,0,0,0,0,0,0
55.1,1103,0,0,0,0,0,0,0,0,0,0
55.150000000000006,996,0,0,0,0,0,0,0,0,0,0
55.2,1007,0,0,0,0,0,0,0,0,0,0
55.25,954,0,0,0,0,0,0,0,0,0,0
55.3,998,0,0,0,0,0,0,0,0,0,0
55.35,957,0,0,0,0,0,0,0,0,0,0
55.400000000000006,972,0,0,0,0,0,0,0,0,0,0
55.45,1000,0,0,0,0,0,0,0,0,0,0
55.5,960,0,0,0,0,0,0,0,0,0,0
55.55,1032,0,0,0,0,0,0,0,0,0,0
55.6,972,0,0,0,0,0,0,0,0,0,0
55.650000000000006,1010,0,0,0,0,0,0,0,0,0,0
55.7,1008,0,0,0,0,0,0,0,0,0,0
55.75,984,0,0,0,0,0,0,0,0,0,0
55.8,997,0,0,0,0,0,0,0,0,0,0
55.85,1049,0,0,0,0,0,0,0,0,0,0
55.900000000000006,1028,0,0,0,0,0,0,0,0,0,0
55.95,1022,0,0,0,0,0,0,0,0,0,0
56.0,1004,0,0,0,0,0,0,0,0,0,0
56.05,1040,0,0,0,0,0,0,0,0,0,0
56.1,1033,0,0,0,0,0,0,0,0,0,0
56.150000000000006,987,0,0,0,0,0,0,0,0,0,0
56.2,989,0,0,0,0,0,0,0,0,0,0
56.25,1004,0,0,0,0,0,0,0,0,0,0
56.3,946,0,0,0,0,0,0,0,0,0,0
56.35,1055,0,0,0,0,0,0,0,0,0,0
56.400000000000006,985,0,0,0,0,0,0,0,0,0,0
56.45,993,0,0,0,0,0,0,0,0,0,0
56.5,973,0,0,0,0,0,0,0,0,0,0
56.55,989,0,0,0,0,0,0,0,0,0,0
56.6,995,0,0,0,0,0,0,0,0,0,0
56.650000000000006,978,0,0,0,0,0,0,0,0,0,0
56.7,1043,0,0,0,0,0,0,0,0,0,0
56.75,1020,0,0,0,0,0,0,0,0,0,0
56.8,945,0,0,0,0,0,0,0,0,0,0
56.85,1039,0,0,0,0,0,0,0,0,0,0
56.900000000000006,1017,0,0,0,0,0,0,0,0,0,0
56.95,1036,0,0,0,0,0,0,0,0,0,0
57.0,1028,0,0,0,0,0,0,0,0,0,0
57.05,957,0,0,0,0,0,0,0,0,0,0
57.1,972,0,0,0,0,0,0,0,0,0,0
57.150000000000006,1006,0,0,0,0,0,0,0,0,0,0
57.2,991,0,0,0,0,0,0,0,0,0,0
57.25,1001,0,0,0,0,0,0,0,0,0,0
57.3,977,0,0,0,0,0,0,0,0,0,0
57.35,1034,0,0,0,0,0,0,0,0,0,0
57.400000000000006,1001,0,0,0,0,0,0,0,0,0,0
57.45,1000,0,0,0,0,0,0,0,0,0,0
57.5,1002,0,0,0,0,0,0,0,0,0,0
57.55,993,0,0,0,0,0,0,0,0,0,0
57.6,1037,0,0,0,0,0,0,0,0,0,0
57.650000000000006,1001,0,0,0,0,0,0,0,0,0,0
57.7,1006,0,0,0,0,0,0,0,0,0,0
57.75,983,0,0,0,0,0,0,0,0,0,0
57.8,959,0,0,0,0,0,0,0,0,0,0
57.85,984,0,0,0,0,0,0,0,0,0,0
57.900000000000006,966,0,0,0,0,0,0,0,0,0,0
57.95,1022,0,0,0,0,0,0,0,0,0,0
58.0,995,0,0,0,0,0,0,0,0,0,0
58.05,975,0,0,0,0,0,0,0,0,0,0
58.1,1016,0,0,0,0,0,0,0,0,0,0
58.150000000000006,996,0,0,0,0,0,0,0,0,0,0
58.2,1020,0,0,0,0,0,0,0,0,0,0
58.25,1017,0,0,0,0,0,0,0,0,0,0
58.3,1014,0,0,0,0,0,0,0,0,0,0
58.35,978,0,0,0,0,0,0,0,0,0,0
58.400000000000006,1020,0,0,0,0,0,0,0,0,0,0
58.45,1071,0,0,0,0,0,0,0,0,0,0
58.5,1000,0,0,0,0,0,0,0,0,0,0
58.55,1003,0,0,0,0,0,0,0,0,0,0
58.6,1054,0,0,0,0,0,0,0,0,0,0
58.650000000000006,1037,0,0,0,0,0,0,0,0,0,0
58.7,983,0,0,0,0,0,0,0,0,0,0
58.75,998,0,0,0,0,0,0,0,0,0,0
58.8,965,0,0,0,0,0,0,0,0,0,0
58.85,978,0,0,0,0,0,0,0,0,0,0
58.900000000000006,966,0,0,0,0,0,0,0,0,0,0
58.95,1027,0,0,0,0,0,0,0,0,0,0
59.0,953,0,0,0,0,0,0,0,0,0,0
59.05,1050,0,0,0,0,0,0,0,0,0,0
59.1,1007,0,0,0,0,0,0,0,0,0,0
59.150000000000006,974,0,0,0,0,0,0,0,0,0,0
59.2,1045,0,0,0,0,0,0,0,0,0,0
59.25,1009,0,0,0,0,0,0,0,0,0,0
59.3,975,0,0,0,0,0,0,0,0,0,0
59.35,981,0,0,0,0,0,0,0,0,0,0
59.400000000000006,1000,0,0,0,0,0,0,0,0,0,0
59.45,971,0,0,0,0,0,0,0,0,0,0
59.5,970,0,0,0,0,0,0,0,0,0,0
59.55,1036,0,0,0,0,0,0,0,0,0,0
59.6,1021,0,0,0,0,0,0,0,0,0,0
59.650000000000006,994,0,0,0,0,0,0,0,0,0,0
59.7,1025,0,0,0,0,0,0,0,0,0,0
59.75,1007,0,0,0,0,0,0,0,0,0,0
59.8,1012,0,0,0,0,0,0,0,0,0,0
59.85,964,0,0,0,0,0,0,0,0,0,0
59.900000000000006,1008,0,0,0,0,0,0,0,0,0,0
59.95,989,0,0,0,0,0,0,0,0,0,0
60.0,1024,0,0,0,0,0,0,0,0,0,0
60.05,1015,0,0,0,0,0,0,0,0,0,0
60.1,1009,0,0,0,0,0,0,0,0,0,0
60.150000000000006,1012,0,0,0,0,0,0,0,0,0,0
60.2,926,0,0,0,0,0,0,0,0,0,0
60.25,1063,0,0,0,0,0,0,0,0,0,0
60.3,1000,0,0,0,0,0,0,0,0,0,0
60.35,955,0,0,0,0,0,0,0,0,0,0
60.400000000000006,939,0,0,0,0,0,0,0,0,0,0
60.45,998,0,0,0,0,0,0,0,0,0,0
60.5,1035,0,0,0,0,0,0,0,0,0,0
60.55,1013,0,0,0,0,0,0,0,0,0,0
60.6,1021,0,0,0,0,0,0,0,0,0,0
60.650000000000006,1021,0,0,0,0,0,0,0,0,0,0
60.7,1004,0,0,0,0,0,0,0,0,0,0
60.75,1041,0,0,0,0,0,0,0,0,0,0
60.8,1010,0,0,0,0,0,0,0,0,0,0
60.85,1012,0,0,0,0,0,0,0,0,0,0
60.900000000000006,997,0,0,0,0,0,0,0,0,0,0
60.95,1008,0,0,0,0,0,0,0,0,0,0
61.0,993,0,0,0,0,0,0,0,0,0,0
61.05,1020,0,0,0,0,0,0,0,0,0,0
61.1,1048,0,0,0,0,0,0,0,0,0,0
61.150000000000006,994,0,0,0,0,0,0,0,0,0,0
61.2,987,0,0,0,0,0,0,0,0,0,0
61.25,1003,0,0,0,0,0,0,0,0,0,0
61.3,1064,0,0,0,0,0,0,0,0,0,0
61.35,957,0,0,0,0,0,0,0,0,0,0
61.400000000000006,941,0,0,0,0,0,0,0,0,0,0
61.45,1019,0,0,0,0,0,0,0,0,0,0
61.5,967,0,0,0,0,0,0,0,0,0,0
61.55,998,0,0,0,0,0,0,0,0,0,0
61.6,1047,0,0,0,0,0,0,0,0,0,0
61.650000000000006,978,0,0,0,0,0,0,0,0,0,0
61.7,940,0,0,0,0,0,0,0,0,0,0
61.75,1030,0,0,0,0,0,0,0,0,0,0
61.8,992,0,0,0,0,0,0,0,0,0,0
61.85,1019,0,0,0,0,0,0,0,0,0,0
61.900000000000006,1008,0,0,0,0,0,0,0,0,0,0
61.95,965,0,0,0,0,0,0,0,0,0,0
62.0,996,0,0,0,0,0,0,0,0,0,0
62.05,1040,0,0,0,0,0,0,0,0,0,0
62.1,1018,0,0,0,0,0,0,0,0,0,0
62.150000000000006,1051,0,0,0,0,0,0,0,0,0,0
62.2,1026,0,0,0,0,0,0,0,0,0,0
62.25,976,0,0,0,0,0,0,0,0,0,0
62.3,989,0,0,0,0,0,0,0,0,0,0
62.35,986,0,0,0,0,0,0,0,0,0,0
62.400000000000006,1060,0,0,0,0,0,0,0,0,0,0
62.45,991,0,0,0,0,0,0,0,0,0,0
62.5,982,0,0,0,0,0,0,0,0,0,0
62.55,967,0,0,0,0,0,0,0,0,0,0
62.6,1006,0,0,0,0,0,0,0,0,0,0
62.650000000000006,1009,0,0,0,0,0,0,0,0,0,0
62.7,1013,0,0,0,0,0,0,0,0,0,0
62.75,1004,0,0,0,0,0,0,0,0,0,0
62.8,1005,0,0,0,0,0,0,0,0,0,0
62.85,964,0,0,0,0,0,0,0,0,0,0
62.900000000000006,1011,0,0,0,0,0,0,0,0,0,0
62.95,1047,0,0,0,0,0,0,0,0,0,0
63.0,1018,0,0,0,0,0,0,0,0,0,0
63.05,983,0,0,0,0,0,0,0,0,0,0
63.1,1014,0,0,0,0,0,0,0,0,0,0
63.150000000000006,1110,0,0,0,0,0,0,0,0,0,0
63.2,1031,0,0,0,0,0,0,0,0,0,0
63.25,1027,0,0,0,0,0,0,0,0,0,0
63.3,984,0,0,0,0,0,0,0,0,0,0
63.35,978,0,0,0,0,0,0,0,0,0,0
63.400000000000006,921,0,0,0,0,0,0,0,0,0,0
63.45,992,0,0,0,0,0,0,0,0,0,0
63.5,1001,0,0,0,0,0,0,0,0,0,0
63.55,981,0,0,0,0,0,0,0,0,0,0
63.6,1005,0,0,0,0,0,0,0,0,0,0
63.650000000000006,1017,0,0,0,0,0,0,0,0,0,0
63.7,953,0,0,0,0,0,0,0,0,0,0
63.75,981,0,0,0,0,0,0,0,0,0,0
63.8,1001,0,0,0,0,0,0,0,0,0,0
63.85,1021,0,0,0,0,0,0,0,0,0,0
63.900000000000006,994,0,0,0,0,0,0,0,0,0,0
63.95,997,0,0,0,0,0,0,0,0,0,0
64.0,1005,0,0,0,0,0,0,0,0,0,0
64.05000000000001,903,0,0,0,0,0,0,0,0,0,0
64.1,902,0,0,0,0,0,0,0,0,0,0
64.15,810,0,0,0,0,0,0,0,0,0,0
64.2,782,0,0,0,0,0,0,0,0,0,0
64.25,688,0,0,0,0,0,0,0,0,0,0
64.30000000000001,688,0,0,0,0,0,0,0,0,0,0
64.35,622,0,0,0,0,0,0,0,0,0,0
64.4,581,0,0,0,0,0,0,0,0,0,0
64.45,512,0,0,0,0,0,0,0,0,0,0
64.5,545,0,0,0,0,0,0,0,0,0,0
64.55000000000001,413,0,0,0,0,0,0,0,0,0,0
64.6,362,0,0,0,0,0,0,0,0,0,0
64.65,337,0,0,0,0,0,0,0,0,0,0
64.7,245,0,0,0,0,0,0,0,0,0,0
64.75,222,0,0,0,0,0,0,0,0,0,0
64.80000000000001,190,0,0,0,0,0,0,0,0,0,0
64.85,104,0,0,0,0,0,0,0,0,0,0
64.9,60,0,0,0,0,0,0,0,0,0,0
64.95,37,0,0,0,0,0,0,0,0,0,0
*****
32 , 0.05 , 1000 , 0 , 0.4 , 10 , 100 , 0.75 , 1.0 , 0.65 , 1.0 , .055
32.0,1000,1000,1,1000,1000,0,1000,1,1000,1000,0
32.05,951,951,0,951,951,0,951,0,951,951,0
32.1,932,932,0,932,932,0,932,0,932,932,0
32.15,973,973,0,973,973,0,973,0,973,973,0
32.2,903,903,0,903,903,0,903,0,903,903,0
32.25,951,951,0,951,951,0,951,0,951,951,0
32.3,947,947,0,947,947,0,947,0,947,947,0
32.35,940,939,0,940,940,0,939,0,940,940,0
32.4,957,957,0,957,957,0,957,0,957,957,0
32.45,942,934,0,942,942,0,934,0,942,942,0
32.5,948,930,0,948,948,0,930,0,948,948,0
32.55,906,865,0,906,906,0,865,0,906,906,0
32.6,973,878,0,973,973,0,878,0,973,973,0
32.65,904,748,0,904,904,0,748,0,904,904,0
32.7,958,731,0,958,958,0,731,0,958,958,0
32.75,926,566,0,926,926,0,566,0,926,926,0
32.8,941,462,0,941,941,0,462,0,941,941,0
32.85,911,324,0,911,911,0,324,0,911,911,0
32.9,982,274,0,982,978,0,274,0,982,978,0
32.95,989,168,0,989,976,0,168,0,989,976,0
33.0,958,100,0,958,948,0,100,0,958,948,0
33.05,920,61,0,920,896,0,61,0,920,896,0
33.1,955,47,0,955,911,0,47,0,955,911,0
33.15,942,32,0,942,853,0,32,0,942,853,0
33.2,913,17,0,913,773,0,17,0,913,773,0
33.25,924,10,0,924,734,0,10,0,924,734,0
33.3,968,4,0,968,724,0,4,0,968,724,0
33.35,961,4,0,961,600,0,4,0,961,600,0
33.4,929,1,0,929,519,0,1,0,929,519,0
33.45,917,0,0,917,425,0,0,0,917,425,0
33.5,949,1,0,949,342,0,1,0,949,342,0
33.55,923,0,0,923,252,0,0,0,923,252,0
33.6,934,1,0,933,212,0,1,0,933,212,0
33.65,962,0,0,962,197,0,0,0,962,197,0
33.7,931,0,0,931,112,0,0,0,931,112,0
33.75,936,0,0,935,97,0,0,0,935,97,0
33.8,911,0,0,909,60,0,0,0,909,60,0
33.85,936,0,0,936,38,0,0,0,936,38,0
33.9,928,0,0,924,33,0,0,0,924,33,0
33.95,954,0,0,950,18,0,0,0,950,18,0
34.0,967,0,0,961,12,0,0,0,961,12,0
34.05,896,0,0,886,7,0,0,0,886,7,0
34.1,901,0,0,894,14,0,0,0,894,14,0
34.15,932,0,0,912,2,0,0,0,912,2,0
34.2,943,0,0,923,1,0,0,0,923,1,0
34.25,994,0,0,959,1,0,0,0,959,1,0
34.3,912,0,0,873,3,0,0,0,873,3,0
34.35,958,0,0,906,1,0,0,0,906,1,0
34.4,919,0,0,867,1,0,0,0,867,1,0
34.45,1004,0,0,915,0,0,0,0,915,0,0
34.5,951,0,0,853,0,0,0,0,853,0,0
34.55,929,0,0,830,0,0,0,0,830,0,0
34.6,958,0,0,826,0,0,0,0,826,0,0
34.65,953,0,0,782,0,0,0,0,782,0,0
34.7,973,0,0,806,0,0,0,0,806,0,0
34.75,945,0,0,725,0,0,0,0,725,0,0
34.8,944,0,0,711,0,0,0,0,711,0,0
34.85,939,0,0,660,0,0,0,0,660,0,0
34.9,895,0,0,592,0,0,0,0,592,0,0
34.95,922,0,0,599,0,0,0,0,599,0,0
35.0,930,0,0,536,0,0,0,0,536,0,0
35.05,989,0,0,502,0,0,0,0,502,0,0
35.1,980,0,0,481,0,0,0,0,481,0,0
35.15,948,0,0,383,0,0,0,0,383,0,0
35.2,916,0,0,334,0,0,0,0,334,0,0
35.25,970,0,0,315,0,0,0,0,315,0,0
35.3,942,0,0,273,0,0,0,0,273,0,0
35.35,949,0,0,237,0,0,0,0,237,0,0
35.4,947,0,0,198,0,0,0,0,198,0,0
35.45,930,0,0,152,0,0,0,0,152,0,0
35.5,981,0,0,128,0,0,0,0,128,0,0
35.55,914,0,0,92,0,0,0,0,92,0,0
35.6,912,0,0,89,0,0,0,0,89,0,0
35.65,945,0,0,64,0,0,0,0,64,0,0
35.7,967,0,0,35,0,0,0,0,35,0,0
35.75,951,0,0,41,0,0,0,0,41,0,0
35.8,933,0,0,39,0,0,0,0,39,0,0
35.85,891,0,0,21,0,0,0,0,21,0,0
35.9,900,0,0,11,0,0,0,0,11,0,0
35.95,1022,0,0,14,0,0,0,0,14,0,0
36.0,920,0,0,8,0,0,0,0,8,0,0
36.05,964,0,0,2,0,0,0,0,2,0,0
36.1,975,0,0,1,0,0,0,0,1,0,0
36.15,910,0,0,2,0,0,0,0,2,0,0
36.2,901,0,0,4,0,0,0,0,4,0,0
36.25,957,0,0,0,0,0,0,0,0,0,0
36.3,899,0,0,2,0,0,0,0,2,0,0
36.35,888,0,0,1,0,0,0,0,1,0,0
36.4,993,0,0,0,0,0,0,0,0,0,0
36.45,952,0,0,0,0,0,0,0,0,0,0
36.5,915,0,0,1,0,0,0,0,1,0,0
36.55,962,0,0,0,0,0,0,0,0,0,0
36.6,968,0,0,0,0,0,0,0,0,0,0
36.65,968,0,0,0,0,0,0,0,0,0,0
36.7,891,0,0,0,0,0,0,0,0,0,0
36.75,891,0,0,0,0,0,0,0,0,0,0
36.8,998,0,0,0,0,0,0,0,0,0,0
36.85,947,0,0,0,0,0,0,0,0,0,0
36.9,940,0,0,0,0,0,0,0,0,0,0
36.95,925,0,0,0,0,0,0,0,0,0,0
37.0,979,0,0,0,0,0,0,0,0,0,0
37.05,937,0,0,0,0,0,0,0,0,0,0
37.1,954,0,0,0,0,0,0,0,0,0,0
37.15,946,0,0,0,0,0,0,0,0,0,0
37.2,957,0,0,0,0,0,0,0,0,0,0
37.25,945,0,0,0,0,0,0,0,0,0,0
37.3,925,0,0,0,0,0,0,0,0,0,0
37.35,941,0,0,0,0,0,0,0,0,0,0
37.4,953,0,0,0,0,0,0,0,0,0,0
37.45,933,0,0,0,0,0,0,0,0,0,0
37.5,1015,0,0,0,0,0,0,0,0,0,0
37.55,918,0,0,0,0,0,0,0,0,0,0
37.6,948,0,0,0,0,0,0,0,0,0,0
37.65,924,0,0,0,0,0,0,0,0,0,0
37.7,961,0,0,0,0,0,0,0,0,0,0
37.75,949,0,0,0,0,0,0,0,0,0,0
37.8,945,0,0,0,0,0,0,0,0,0,0
37.85,902,0,0,0,0,0,0,0,0,0,0
37.9,983,0,0,0,0,0,0,0,0,0,0
37.95,960,0,0,0,0,0,0,0,0,0,0
38.0,928,0,0,0,0,0,0,0,0,0,0
38.05,989,0,0,0,0,0,0,0,0,0,0
38.1,904,0,0,0,0,0,0,0,0,0,0
38.15,956,0,0,0,0,0,0,0,0,0,0
38.2,931,0,0,0,0,0,0,0,0,0,0
38.25,954,0,0,0,0,0,0,0,0,0,0
38.3,938,0,0,0,0,0,0,0,0,0,0
38.35,921,0,0,0,0,0,0,0,0,0,0
38.4,936,0,0,0,0,0,0,0,0,0,0
38.45,970,0,0,0,0,0,0,0,0,0,0
38.5,963,0,0,0,0,0,0,0,0,0,0
38.55,978,0,0,0,0,0,0,0,0,0,0
38.6,897,0,0,0,0,0,0,0,0,0,0
38.65,941,0,0,0,0,0,0,0,0,0,0
38.7,972,0,0,0,0,0,0,0,0,0,0
38.75,969,0,0,0,0,0,0,0,0,0,0
38.8,940,0,0,0,0,0,0,0,0,0,0
38.85,976,0,0,0,0,0,0,0,0,0,0
38.9,967,0,0,0,0,0,0,0,0,0,0
38.95,951,0,0,0,0,0,0,0,0,0,0
39.0,906,0,0,0,0,0,0,0,0,0,0
39.05,913,0,0,0,0,0,0,0,0,0,0
39.1,945,0,0,0,0,0,0,0,0,0,0
39.15,986,0,0,0,0,0,0,0,0,0,0
39.2,984,0,0,0,0,0,0,0,0,0,0
39.25,942,0,0,0,0,0,0,0,0,0,0
39.3,944,0,0,0,0,0,0,0,0,0,0
39.35,940,0,0,0,0,0,0,0,0,0,0
39.4,941,0,0,0,0,0,0,0,0,0,0
39.45,949,0,0,0,0,0,0,0,0,0,0
39.5,928,0,0,0,0,0,0,0,0,0,0
39.55,1001,0,0,0,0,0,0,0,0,0,0
39.6,983,0,0,0,0,0,0,0,0,0,0
39.65,879,0,0,0,0,0,0,0,0,0,0
39.7,906,0,0,0,0,0,0,0,0,0,0
39.75,895,0,0,0,0,0,0,0,0,0,0
39.8,919,0,0,0,0,0,0,0,0,0,0
39.85,953,0,0,0,0,0,0,0,0,0,0
39.9,987,0,0,0,0,0,0,0,0,0,0
39.95,964,0,0,0,0,0,0,0,0,0,0
40.0,971,0,0,0,0,0,0,0,0,0,0
40.05,926,0,0,0,0,0,0,0,0,0,0
40.1,948,0,0,0,0,0,0,0,0,0,0
40.15,968,0,0,0,0,0,0,0,0,0,0
40.2,914,0,0,0,0,0,0,0,0,0,0
40.25,921,0,0,0,0,0,0,0,0,0,0
40.3,926,0,0,0,0,0,0,0,0,0,0
40.35,922,0,0,0,0,0,0,0,0,0,0
40.4,959,0,0,0,0,0,0,0,0,0,0
40.45,998,0,0,0,0,0,0,0,0,0,0
40.5,921,0,0,0,0,0,0,0,0,0,0
40.55,930,0,0,0,0,0,0,0,0,0,0
40.6,969,0,0,0,0,0,0,0,0,0,0
40.65,902,0,0,0,0,0,0,0,0,0,0
40.7,957,0,0,0,0,0,0,0,0,0,0
40.75,943,0,0,0,0,0,0,0,0,0,0
40.8,921,0,0,0,0,0,0,0,0,0,0
40.85,886,0,0,0,0,0,0,0,0,0,0
40.9,971,0,0,0,0,0,0,0,0,0,0
40.95,941,0,0,0,0,0,0,0,0,0,0
41.0,968,0,0,0,0,0,0,0,0,0,0
41.05,975,0,0,0,0,0,0,0,0,0,0
41.1,956,0,0,0,0,0,0,0,0,0,0
41.15,904,0,0,0,0,0,0,0,0,0,0
41.2,938,0,0,0,0,0,0,0,0,0,0
41.25,946,0,0,0,0,0,0,0,0,0,0
41.3,949,0,0,0,0,0,0,0,0,0,0
41.35,979,0,0,0,0,0,0,0,0,0,0
41.4,892,0,0,0,0,0,0,0,0,0,0
41.45,913,0,0,0,0,0,0,0,0,0,0
41.5,953,0,0,0,0,0,0,0,0,0,0
41.55,910,0,0,0,0,0,0,0,0,0,0
41.6,956,0,0,0,0,0,0,0,0,0,0
41.65,937,0,0,0,0,0,0,0,0,0,0
41.7,920,0,0,0,0,0,0,0,0,0,0
41.75,971,0,0,0,0,0,0,0,0,0,0
41.8,922,0,0,0,0,0,0,0,0,0,0
41.85,910,0,0,0,0,0,0,0,0,0,0
41.9,932,0,0,0,0,0,0,0,0,0,0
41.95,964,0,0,0,0,0,0,0,0,0,0
42.0,951,0,0,0,0,0,0,0,0,0,0
42.05,1013,0,0,0,0,0,0,0,0,0,0
42.1,938,0,0,0,0,0,0,0,0,0,0
42.15,916,0,0,0,0,0,0,0,0,0,0
42.2,980,0,0,0,0,0,0,0,0,0,0
42.25,929,0,0,0,0,0,0,0,0,0,0
42.3,907,0,0,0,0,0,0,0,0,0,0
42.35,951,0,0,0,0,0,0,0,0,0,0
42.4,928,0,0,0,0,0,0,0,0,0,0
42.45,942,0,0,0,0,0,0,0,0,0,0
42.5,911,0,0,0,0,0,0,0,0,0,0
42.55,956,0,0,0,0,0,0,0,0,0,0
42.6,963,0,0,0,0,0,0,0,0,0,0
42.65,915,0,0,0,0,0,0,0,0,0,0
42.7,994,0,0,0,0,0,0,0,0,0,0
42.75,949,0,0,0,0,0,0,0,0,0,0
42.8,912,0,0,0,0,0,0,0,0,0,0
42.85,906,0,0,0,0,0,0,0,0,0,0
42.9,924,0,0,0,0,0,0,0,0,0,0
42.95,940,0,0,0,0,0,0,0,0,0,0
43.0,989,0,0,0,0,0,0,0,0,0,0
43.05,927,0,0,0,0,0,0,0,0,0,0
43.1,957,0,0,0,0,0,0,0,0,0,0
43.15,951,0,0,0,0,0,0,0,0,0,0
43.2,942,0,0,0,0,0,0,0,0,0,0
43.25,986,0,0,0,0,0,0,0,0,0,0
43.3,888,0,0,0,0,0,0,0,0,0,0
43.35,918,0,0,0,0,0,0,0,0,0,0
43.4,916,0,0,0,0,0,0,0,0,0,0
43.45,955,0,0,0,0,0,0,0,0,0,0
43.5,977,0,0,0,0,0,0,0,0,0,0
43.55,956,0,0,0,0,0,0,0,0,0,0
43.6,964,0,0,0,0,0,0,0,0,0,0
43.65,945,0,0,0,0,0,0,0,0,0,0
43.7,979,0,0,0,0,0,0,0,0,0,0
43.75,930,0,0,0,0,0,0,0,0,0,0
43.8,978,0,0,0,0,0,0,0,0,0,0
43.85,888,0,0,0,0,0,0,0,0,0,0
43.9,931,0,0,0,0,0,0,0,0,0,0
43.95,960,0,0,0,0,0,0,0,0,0,0
44.0,916,0,0,0,0,0,0,0,0,0,0
44.05,968,0,0,0,0,0,0,0,0,0,0
44.1,901,0,0,0,0,0,0,0,0,0,0
44.15,953,0,0,0,0,0,0,0,0,0,0
44.2,964,0,0,0,0,0,0,0,0,0,0
44.25,966,0,0,0,0,0,0,0,0,0,0
44.3,890,0,0,0,0,0,0,0,0,0,0
44.35,979,0,0,0,0,0,0,0,0,0,0
44.4,978,0,0,0,0,0,0,0,0,0,0
44.45,954,0,0,0,0,0,0,0,0,0,0
44.5,939,0,0,0,0,0,0,0,0,0,0
44.55,925,0,0,0,0,0,0,0,0,0,0
44.6,922,0,0,0,0,0,0,0,0,0,0
44.65,935,0,0,0,0,0,0,0,0,0,0
44.7,953,0,0,0,0,0,0,0,0,0,0
44.75,915,0,0,0,0,0,0,0,0,0,0
44.8,990,0,0,0,0,0,0,0,0,0,0
44.85,979,0,0,0,0,0,0,0,0,0,0
44.9,916,0,0,0,0,0,0,0,0,0,0
44.95,918,0,0,0,0,0,0,0,0,0,0
45.0,948,0,0,0,0,0,0,0,0,0,0
45.05,934,0,0,0,0,0,0,0,0,0,0
45.1,892,0,0,0,0,0,0,0,0,0,0
45.15,930,0,0,0,0,0,0,0,0,0,0
45.2,920,0,0,0,0,0,0,0,0,0,0
45.25,952,0,0,0,0,0,0,0,0,0,0
45.3,969,0,0,0,0,0,0,0,0,0,0
45.35,943,0,0,0,0,0,0,0,0,0,0
45.4,928,0,0,0,0,0,0,0,0,0,0
45.45,930,0,0,0,0,0,0,0,0,0,0
45.5,917,0,0,0,0,0,0,0,0,0,0
45.55,920,0,0,0,0,0,0,0,0,0,0
45.6,934,0,0,0,0,0,0,0,0,0,0
45.65,948,0,0,0,0,0,0,0,0,0,0
45.7,950,0,0,0,0,0,0,0,0,0,0
45.75,878,0,0,0,0,0,0,0,0,0,0
45.8,944,0,0,0,0,0,0,0,0,0,0
45.85,977,0,0,0,0,0,0,0,0,0,0
45.9,973,0,0,0,0,0,0,0,0,0,0
45.95,956,0,0,0,0,0,0,0,0,0,0
46.0,981,0,0,0,0,0,0,0,0,0,0
46.05,940,0,0,0,0,0,0,0,0,0,0
46.1,955,0,0,0,0,0,0,0,0,0,0
46.15,892,0,0,0,0,0,0,0,0,0,0
46.2,945,0,0,0,0,0,0,0,0,0,0
46.25,1020,0,0,0,0,0,0,0,0,0,0
46.3,947,0,0,0,0,0,0,0,0,0,0
46.35,914,0,0,0,0,0,0,0,0,0,0
46.4,928,0,0,0,0,0,0,0,0,0,0
46.45,890,0,0,0,0,0,0,0,0,0,0
46.5,944,0,0,0,0,0,0,0,0,0,0
46.55,967,0,0,0,0,0,0,0,0,0,0
46.6,983,0,0,0,0,0,0,0,0,0,0
46.65,929,0,0,0,0,0,0,0,0,0,0
46.7,909,0,0,0,0,0,0,0,0,0,0
46.75,992,0,0,0,0,0,0,0,0,0,0
46.8,915,0,0,0,0,0,0,0,0,0,0
46.85,955,0,0,0,0,0,0,0,0,0,0
46.9,934,0,0,0,0,0,0,0,0,0,0
46.95,918,0,0,0,0,0,0,0,0,0,0
47.0,957,0,0,0,0,0,0,0,0,0,0
47.05,919,0,0,0,0,0,0,0,0,0,0
47.1,944,0,0,0,0,0,0,0,0,0,0
47.15,938,0,0,0,0,0,0,0,0,0,0
47.2,918,0,0,0,0,0,0,0,0,0,0
47.25,1000,0,0,0,0,0,0,0,0,0,0
47.3,972,0,0,0,0,0,0,0,0,0,0
47.35,924,0,0,0,0,0,0,0,0,0,0
47.4,964,0,0,0,0,0,0,0,0,0,0
47.45,957,0,0,0,0,0,0,0,0,0,0
47.5,967,0,0,0,0,0,0,0,0,0,0
47.55,911,0,0,0,0,0,0,0,0,0,0
47.6,940,0,0,0,0,0,0,0,0,0,0
47.65,933,0,0,0,0,0,0,0,0,0,0
47.7,936,0,0,0,0,0,0,0,0,0,0
47.75,952,0,0,0,0,0,0,0,0,0,0
47.8,946,0,0,0,0,0,0,0,0,0,0
47.85,940,0,0,0,0,0,0,0,0,0,0
47.9,923,0,0,0,0,0,0,0,0,0,0
47.95,956,0,0,0,0,0,0,0,0,0,0
48.0,944,0,0,0,0,0,0,0,0,0,0
48.05,917,0,0,0,0,0,0,0,0,0,0
48.1,986,0,0,0,0,0,0,0,0,0,0
48.150000000000006,906,0,0,0,0,0,0,0,0,0,0
48.2,975,0,0,0,0,0,0,0,0,0,0
48.25,934,0,0,0,0,0,0,0,0,0,0
48.3,879,0,0,0,0,0,0,0,0,0,0
48.35,908,0,0,0,0,0,0,0,0,0,0
48.400000000000006,946,0,0,0,0,0,0,0,0,0,0
48.45,978,0,0,0,0,0,0,0,0,0,0
48.5,974,0,0,0,0,0,0,0,0,0,0
48.55,937,0,0,0,0,0,0,0,0,0,0
48.6,952,0,0,0,0,0,0,0,0,0,0
48.650000000000006,933,0,0,0,0,0,0,0,0,0,0
48.7,934,0,0,0,0,0,0,0,0,0,0
48.75,964,0,0,0,0,0,0,0,0,0,0
48.8,913,0,0,0,0,0,0,0,0,0,0
48.85,954,0,0,0,0,0,0,0,0,0,0
48.900000000000006,925,0,0,0,0,0,0,0,0,0,0
48.95,966,0,0,0,0,0,0,0,0,0,0
49.0,947,0,0,0,0,0,0,0,0,0,0
49.05,873,0,0,0,0,0,0,0,0,0,0
49.1,964,0,0,0,0,0,0,0,0,0,0
49.150000000000006,931,0,0,0,0,0,0,0,0,0,0
49.2,955,0,0,0,0,0,0,0,0,0,0
49.25,1009,0,0,0,0,0,0,0,0,0,0
49.3,936,0,0,0,0,0,0,0,0,0,0
49.35,948,0,0,0,0,0,0,0,0,0,0
49.400000000000006,953,0,0,0,0,0,0,0,0,0,0
49.45,899,0,0,0,0,0,0,0,0,0,0
49.5,902,0,0,0,0,0,0,0,0,0,0
49.55,904,0,0,0,0,0,0,0,0,0,0
49.6,962,0,0,0,0,0,0,0,0,0,0
49.650000000000006,934,0,0,0,0,0,0,0,0,0,0
49.7,987,0,0,0,0,0,0,0,0,0,0
49.75,945,0,0,0,0,0,0,0,0,0,0
49.8,884,0,0,0,0,0,0,0,0,0,0
49.85,936,0,0,0,0,0,0,0,0,0,0
49.900000000000006,940,0,0,0,0,0,0,0,0,0,0
49.95,916,0,0,0,0,0,0,0,0,0,0
50.0,960,0,0,0,0,0,0,0,0,0,0
50.05,930,0,0,0,0,0,0,0,0,0,0
50.1,914,0,0,0,0,0,0,0,0,0,0
50.150000000000006,944,0,0,0,0,0,0,0,0,0,0
50.2,934,0,0,0,0,0,0,0,0,0,0
50.25,946,0,0,0,0,0,0,0,0,0,0
50.3,972,0,0,0,0,0,0,0,0,0,0
50.35,949,0,0,0,0,0,0,0,0,0,0
50.400000000000006,930,0,0,0,0,0,0,0,0,0,0
50.45,931,0,0,0,0,0,0,0,0,0,0
50.5,903,0,0,0,0,0,0,0,0,0,0
50.55,919,0,0,0,0,0,0,0,0,0,0
50.6,957,0,0,0,0,0,0,0,0,0,0
50.650000000000006,905,0,0,0,0,0,0,0,0,0,0
50.7,973,0,0,0,0,0,0,0,0,0,0
50.75,964,0,0,0,0,0,0,0,0,0,0
50.8,950,0,0,0,0,0,0,0,0,0,0
50.85,916,0,0,0,0,0,0,0,0,0,0
50.900000000000006,953,0,0,0,0,0,0,0,0,0,0
50.95,889,0,0,0,0,0,0,0,0,0,0
51.0,944,0,0,0,0,0,0,0,0,0,0
51.05,936,0,0,0,0,0,0,0,0,0,0
51.1,945,0,0,0,0,0,0,0,0,0,0
51.150000000000006,921,0,0,0,0,0,0,0,0,0,0
51.2,978,0,0,0,0,0,0,0,0,0,0
51.25,985,0,0,0,0,0,0,0,0,0,0
51.3,953,0,0,0,0,0,0,0,0,0,0
51.35,952,0,0,0,0,0,0,0,0,0,0
51.400000000000006,933,0,0,0,0,0,0,0,0,0,0
51.45,982,0,0,0,0,0,0,0,0,0,0
51.5,891,0,0,0,0,0,0,0,0,0,0
51.55,920,0,0,0,0,0,0,0,0,0,0
51.6,944,0,0,0,0,0,0,0,0,0,0
51.650000000000006,939,0,0,0,0,0,0,0,0,0,0
51.7,925,0,0,0,0,0,0,0,0,0,0
51.75,949,0,0,0,0,0,0,0,0,0,0
51.8,1000,0,0,0,0,0,0,0,0,0,0
51.85,907,0,0,0,0,0,0,0,0,0,0
51.900000000000006,902,0,0,0,0,0,0,0,0,0,0
51.95,920,0,0,0,0,0,0,0,0,0,0
52.0,935,0,0,0,0,0,0,0,0,0,0
52.05,917,0,0,0,0,0,0,0,0,0,0
52.1,922,0,0,0,0,0,0,0,0,0,0
52.150000000000006,953,0,0,0,0,0,0,0,0,0,0
52.2,1004,0,0,0,0,0,0,0,0,0,0
52.25,943,0,0,0,0,0,0,0,0,0,0
52.3,928,0,0,0,0,0,0,0,0,0,0
52.35,940,0,0,0,0,0,0,0,0,0,0
52.400000000000006,920,0,0,0,0,0,0,0,0,0,0
52.45,952,0,0,0,0,0,0,0,0,0,0
52.5,961,0,0,0,0,0,0,0,0,0,0
52.55,1017,0,0,0,0,0,0,0,0,0,0
52.6,971,0,0,0,0,0,0,0,0,0,0
52.650000000000006,944,0,0,0,0,0,0,0,0,0,0
52.7,911,0,0,0,0,0,0,0,0,0,0
52.75,920,0,0,0,0,0,0,0,0,0,0
52.8,931,0,0,0,0,0,0,0,0,0,0
52.85,974,0,0,0,0,0,0,0,0,0,0
52.900000000000006,936,0,0,0,0,0,0,0,0,0,0
52.95,885,0,0,0,0,0,0,0,0,0,0
53.0,928,0,0,0,0,0,0,0,0,0,0
53.05,957,0,0,0,0,0,0,0,0,0,0
53.1,966,0,0,0,0,0,0,0,0,0,0
53.150000000000006,977,0,0,0,0,0,0,0,0,0,0
53.2,963,0,0,0,0,0,0,0,0,0,0
53.25,917,0,0,0,0,0,0,0,0,0,0
53.3,959,0,0,0,0,0,0,0,0,0,0
53.35,918,0,0,0,0,0,0,0,0,0,0
53.400000000000006,934,0,0,0,0,0,0,0,0,0,0
53.45,929,0,0,0,0,0,0,0,0,0,0
53.5,960,0,0,0,0,0,0,0,0,0,0
53.55,920,0,0,0,0,0,0,0,0,0,0
53.6,970,0,0,0,0,0,0,0,0,0,0
53.650000000000006,947,0,0,0,0,0,0,0,0,0,0
53.7,944,0,0,0,0,0,0,0,0,0,0
53.75,948,0,0,0,0,0,0,0,0,0,0
53.8,926,0,0,0,0,0,0,0,0,0,0
53.85,978,0,0,0,0,0,0,0,0,0,0
53.900000000000006,936,0,0,0,0,0,0,0,0,0,0
53.95,903,0,0,0,0,0,0,0,0,0,0
54.0,941,0,0,0,0,0,0,0,0,0,0
54.05,950,0,0,0,0,0,0,0,0,0,0
54.1,1002,0,0,0,0,0,0,0,0,0,0
54.150000000000006,911,0,0,0,0,0,0,0,0,0,0
54.2,920,0,0,0,0,0,0,0,0,0,0
54.25,957,0,0,0,0,0,0,0,0,0,0
54.3,923,0,0,0,0,0,0,0,0,0,0
54.35,937,0,0,0,0,0,0,0,0,0,0
54.400000000000006,927,0,0,0,0,0,0,0,0,0,0
54.45,955,0,0,0,0,0,0,0,0,0,0
54.5,937,0,0,0,0,0,0,0,0,0,0
54.55,961,0,0,0,0,0,0,0,0,0,0
54.6,925,0,0,0,0,0,0,0,0,0,0
54.650000000000006,883,0,0,0,0,0,0,0,0,0,0
54.7,960,0,0,0,0,0,0,0,0,0,0
54.75,920,0,0,0,0,0,0,0,0,0,0
54.8,946,0,0,0,0,0,0,0,0,0,0
54.85,1003,0,0,0,0,0,0,0,0,0,0
54.900000000000006,949,0,0,0,0,0,0,0,0,0,0
54.95,923,0,0,0,0,0,0,0,0,0,0
55.0,956,0,0,0,0,0,0,0,0,0,0
55.05,959,0,0,0,0,0,0,0,0,0,0
55.1,985,0,0,0,0,0,0,0,0,0,0
55.150000000000006,910,0,0,0,0,0,0,0,0,0,0
55.2,936,0,0,0,0,0,0,0,0,0,0
55.25,938,0,0,0,0,0,0,0,0,0,0
55.3,958,0,0,0,0,0,0,0,0,0,0
55.35,983,0,0,0,0,0,0,0,0,0,0
55.400000000000006,922,0,0,0,0,0,0,0,0,0,0
55.45,961,0,0,0,0,0,0,0,0,0,0
55.5,950,0,0,0,0,0,0,0,0,0,0
55.55,989,0,0,0,0,0,0,0,0,0,0
55.6,892,0,0,0,0,0,0,0,0,0,0
55.650000000000006,1054,0,0,0,0,0,0,0,0,0,0
55.7,943,0,0,0,0,0,0,0,0,0,0
55.75,914,0,0,0,0,0,0,0,0,0,0
55.8,937,0,0,0,0,0,0,0,0,0,0
55.85,962,0,0,0,0,0,0,0,0,0,0
55.900000000000006,898,0,0,0,0,0,0,0,0,0,0
55.95,966,0,0,0,0,0,0,0,0,0,0
56.0,899,0,0,0,0,0,0,0,0,0,0
56.05,925,0,0,0,0,0,0,0,0,0,0
56.1,903,0,0,0,0,0,0,0,0,0,0
56.150000000000006,937,0,0,0,0,0,0,0,0,0,0
56.2,987,0,0,0,0,0,0,0,0,0,0
56.25,966,0,0,0,0,0,0,0,0,0,0
56.3,908,0,0,0,0,0,0,0,0,0,0
56.35,926,0,0,0,0,0,0,0,0,0,0
56.400000000000006,979,0,0,0,0,0,0,0,0,0,0
56.45,936,0,0,0,0,0,0,0,0,0,0
56.5,921,0,0,0,0,0,0,0,0,0,0
56.55,903,0,0,0,0,0,0,0,0,0,0
56.6,958,0,0,0,0,0,0,0,0,0,0
56.650000000000006,959,0,0,0,0,0,0,0,0,0,0
56.7,905,0,0,0,0,0,0,0,0,0,0
56.75,963,0,0,0,0,0,0,0,0,0,0
56.8,993,0,0,0,0,0,0,0,0,0,0
56.85,952,0,0,0,0,0,0,0,0,0,0
56.900000000000006,936,0,0,0,0,0,0,0,0,0,0
56.95,934,0,0,0,0,0,0,0,0,0,0
57.0,977,0,0,0,0,0,0,0,0,0,0
57.05,959,0,0,0,0,0,0,0,0,0,0
57.1,889,0,0,0,0,0,0,0,0,0,0
57.150000000000006,962,0,0,0,0,0,0,0,0,0,0
57.2,971,0,0,0,0,0,0,0,0,0,0
57.25,927,0,0,0,0,0,0,0,0,0,0
57.3,946,0,0,0,0,0,0,0,0,0,0
57.35,910,0,0,0,0,0,0,0,0,0,0
57.400000000000006,918,0,0,0,0,0,0,0,0,0,0
57.45,940,0,0,0,0,0,0,0,0,0,0
57.5,968,0,0,0,0,0,0,0,0,0,0
57.55,940,0,0,0,0,0,0,0,0,0,0
57.6,964,0,0,0,0,0,0,0,0,0,0
57.650000000000006,945,0,0,0,0,0,0,0,0,0,0
57.7,898,0,0,0,0,0,0,0,0,0,0
57.75,956,0,0,0,0,0,0,0,0,0,0
57.8,1002,0,0,0,0,0,0,0,0,0,0
57.85,929,0,0,0,0,0,0,0,0,0,0
57.900000000000006,945,0,0,0,0,0,0,0,0,0,0
57.95,942,0,0,0,0,0,0,0,0,0,0
58.0,959,0,0,0,0,0,0,0,0,0,0
58.05,915,0,0,0,0,0,0,0,0,0,0
58.1,938,0,0,0,0,0,0,0,0,0,0
58.150000000000006,925,0,0,0,0,0,0,0,0,0,0
58.2,930,0,0,0,0,0,0,0,0,0,0
58.25,974,0,0,0,0,0,0,0,0,0,0
58.3,957,0,0,0,0,0,0,0,0,0,0
58.35,967,0,0,0,0,0,0,0,0,0,0
58.400000000000006,940,0,0,0,0,0,0,0,0,0,0
58.45,927,0,0,0,0,0,0,0,0,0,0
58.5,988,0,0,0,0,0,0,0,0,0,0
58.55,948,0,0,0,0,0,0,0,0,0,0
58.6,957,0,0,0,0,0,0,0,0,0,0
58.650000000000006,928,0,0,0,0,0,0,0,0,0,0
58.7,922,0,0,0,0,0,0,0,0,0,0
58.75,951,0,0,0,0,0,0,0,0,0,0
58.8,910,0,0,0,0,0,0,0,0,0,0
58.85,961,0,0,0,0,0,0,0,0,0,0
58.900000000000006,959,0,0,0,0,0,0,0,0,0,0
58.95,944,0,0,0,0,0,0,0,0,0,0
59.0,914,0,0,0,0,0,0,0,0,0,0
59.05,947,0,0,0,0,0,0,0,0,0,0
59.1,978,0,0,0,0,0,0,0,0,0,0
59.150000000000006,979,0,0,0,0,0,0,0,0,0,0
59.2,944,0,0,0,0,0,0,0,0,0,0
59.25,912,0,0,0,0,0,0,0,0,0,0
59.3,939,0,0,0,0,0,0,0,0,0,0
59.35,954,0,0,0,0,0,0,0,0,0,0
59.400000000000006,936,0,0,0,0,0,0,0,0,0,0
59.45,962,0,0,0,0,0,0,0,0,0,0
59.5,982,0,0,0,0,0,0,0,0,0,0
59.55,895,0,0,0,0,0,0,0,0,0,0
59.6,947,0,0,0,0,0,0,0,0,0,0
59.650000000000006,956,0,0,0,0,0,0,0,0,0,0
59.7,953,0,0,0,0,0,0,0,0,0,0
59.75,954,0,0,0,0,0,0,0,0,0,0
59.8,931,0,0,0,0,0,0,0,0,0,0
59.85,939,0,0,0,0,0,0,0,0,0,0
59.900000000000006,909,0,0,0,0,0,0,0,0,0,0
59.95,895,0,0,0,0,0,0,0,0,0,0
60.0,1036,0,0,0,0,0,0,0,0,0,0
60.05,893,0,0,0,0,0,0,0,0,0,0
60.1,987,0,0,0,0,0,0,0,0,0,0
60.150000000000006,998,0,0,0,0,0,0,0,0,0,0
60.2,891,0,0,0,0,0,0,0,0,0,0
60.25,934,0,0,0,0,0,0,0,0,0,0
60.3,963,0,0,0,0,0,0,0,0,0,0
60.35,913,0,0,0,0,0,0,0,0,0,0
60.400000000000006,1007,0,0,0,0,0,0,0,0,0,0
60.45,944,0,0,0,0,0,0,0,0,0,0
60.5,895,0,0,0,0,0,0,0,0,0,0
60.55,916,0,0,0,0,0,0,0,0,0,0
60.6,945,0,0,0,0,0,0,0,0,0,0
60.650000000000006,945,0,0,0,0,0,0,0,0,0,0
60.7,952,0,0,0,0,0,0,0,0,0,0
60.75,953,0,0,0,0,0,0,0,0,0,0
60.8,944,0,0,0,0,0,0,0,0,0,0
60.85,942,0,0,0,0,0,0,0,0,0,0
60.900000000000006,901,0,0,0,0,0,0,0,0,0,0
60.95,1016,0,0,0,0,0,0,0,0,0,0
61.0,930,0,0,0,0,0,0,0,0,0,0
61.05,923,0,0,0,0,0,0,0,0,0,0
61.1,954,0,0,0,0,0,0,0,0,0,0
61.150000000000006,960,0,0,0,0,0,0,0,0,0,0
61.2,919,0,0,0,0,0,0,0,0,0,0
61.25,947,0,0,0,0,0,0,0,0,0,0
61.3,929,0,0,0,0,0,0,0,0,0,0
61.35,957,0,0,0,0,0,0,0,0,0,0
61.400000000000006,915,0,0,0,0,0,0,0,0,0,0
61.45,954,0,0,0,0,0,0,0,0,0,0
61.5,957,0,0,0,0,0,0,0,0,0,0
61.55,904,0,0,0,0,0,0,0,0,0,0
61.6,975,0,0,0,0,0,0,0,0,0,0
61.650000000000006,935,0,0,0,0,0,0,0,0,0,0
61.7,927,0,0,0,0,0,0,0,0,0,0
61.75,940,0,0,0,0,0,0,0,0,0,0
61.8,948,0,0,0,0,0,0,0,0,0,0
61.85,985,0,0,0,0,0,0,0,0,0,0
61.900000000000006,905,0,0,0,0,0,0,0,0,0,0
61.95,952,0,0,0,0,0,0,0,0,0,0
62.0,948,0,0,0,0,0,0,0,0,0,0
62.05,951,0,0,0,0,0,0,0,0,0,0
62.1,952,0,0,0,0,0,0,0,0,0,0
62.150000000000006,934,0,0,0,0,0,0,0,0,0,0
62.2,931,0,0,0,0,0,0,0,0,0,0
62.25,953,0,0,0,0,0,0,0,0,0,0
62.3,926,0,0,0,0,0,0,0,0,0,0
62.35,955,0,0,0,0,0,0,0,0,0,0
62.400000000000006,925,0,0,0,0,0,0,0,0,0,0
62.45,967,0,0,0,0,0,0,0,0,0,0
62.5,948,0,0,0,0,0,0,0,0,0,0
62.55,950,0,0,0,0,0,0,0,0,0,0
62.6,962,0,0,0,0,0,0,0,0,0,0
62.650000000000006,924,0,0,0,0,0,0,0,0,0,0
62.7,946,0,0,0,0,0,0,0,0,0,0
62.75,972,0,0,0,0,0,0,0,0,0,0
62.8,927,0,0,0,0,0,0,0,0,0,0
62.85,988,0,0,0,0,0,0,0,0,0,0
62.900000000000006,892,0,0,0,0,0,0,0,0,0,0
62.95,925,0,0,0,0,0,0,0,0,0,0
63.0,968,0,0,0,0,0,0,0,0,0,0
63.05,941,0,0,0,0,0,0,0,0,0,0
63.1,937,0,0,0,0,0,0,0,0,0,0
63.150000000000006,966,0,0,0,0,0,0,0,0,0,0
63.2,956,0,0,0,0,0,0,0,0,0,0
63.25,914,0,0,0,0,0,0,0,0,0,0
63.3,929,0,0,0,0,0,0,0,0,0,0
63.35,937,0,0,0,0,0,0,0,0,0,0
63.400000000000006,882,0,0,0,0,0,0,0,0,0,0
63.45,979,0,0,0,0,0,0,0,0,0,0
63.5,934,0,0,0,0,0,0,0,0,0,0
63.55,971,0,0,0,0,0,0,0,0,0,0
63.6,871,0,0,0,0,0,0,0,0,0,0
63.650000000000006,987,0,0,0,0,0,0,0,0,0,0
63.7,981,0,0,0,0,0,0,0,0,0,0
63.75,956,0,0,0,0,0,0,0,0,0,0
63.8,887,0,0,0,0,0,0,0,0,0,0
63.85,954,0,0,0,0,0,0,0,0,0,0
63.900000000000006,961,0,0,0,0,0,0,0,0,0,0
63.95,946,0,0,0,0,0,0,0,0,0,0
64.0,898,0,0,0,0,0,0,0,0,0,0
64.05000000000001,768,0,0,0,0,0,0,0,0,0,0
64.1,640,0,0,0,0,0,0,0,0,0,0
64.15,545,0,0,0,0,0,0,0,0,0,0
64.2,383,0,0,0,0,0,0,0,0,0,0
64.25,305,0,0,0,0,0,0,0,0,0,0
64.30000000000001,184,0,0,0,0,0,0,0,0,0,0
64.35,49,0,0,0,0,0,0,0,0,0,0
*****
32 , 0.05 , 1000 , 0.3 , 0.7 , 10 , 100 , 0.75 , 1.0 , 0.65 , 1.0 , .055
32.0,1000,1000,999,1000,1000,0,996,999,1000,1000,0
32.05,1085,1085,1083,1085,1085,0,1085,1083,1085,1085,0
32.1,1023,1023,1019,1023,1023,0,1022,1019,1023,1023,0
32.15,1017,1017,1010,1017,1017,0,1017,1010,1016,1017,0
32.2,1076,1075,1067,1076,1076,0,1075,1067,1076,1076,0
32.25,1016,1015,992,1016,1016,0,1014,992,1016,1016,0
32.3,1071,1063,1038,1071,1071,0,1063,1038,1071,1071,0
32.35,991,979,954,991,991,0,979,954,991,991,0
32.4,1030,998,985,1030,1030,0,998,985,1030,1030,0
32.45,1116,1063,1038,1116,1116,0,1063,1038,1116,1116,0
32.5,1057,986,965,1057,1057,0,986,965,1056,1057,0
32.55,1110,983,984,1110,1110,0,983,984,1110,1110,0
32.6,992,824,866,992,992,0,824,866,990,992,0
32.65,1047,762,868,1047,1047,0,762,868,1047,1047,0
32.7,1082,727,845,1082,1082,0,727,845,1082,1082,0
32.75,997,570,745,997,997,0,570,745,997,997,0
32.8,957,485,681,957,951,0,485,681,957,951,0
32.85,1088,474,705,1088,1086,0,474,705,1087,1086,0
32.9,1129,401,711,1129,1122,0,401,711,1129,1122,0
32.95,1049,313,597,1049,1031,0,313,597,1048,1031,0
33.0,1031,225,542,1030,1006,0,225,542,1030,1006,0
33.05,1044,197,469,1043,1008,0,197,469,1043,1008,0
33.1,1040,160,459,1040,988,0,160,459,1040,988,0
33.15,1025,113,390,1024,953,0,113,390,1024,953,0
33.2,982,85,330,982,877,0,85,330,982,877,0
33.25,1080,59,325,1078,933,0,59,325,1077,933,0
33.3,1063,48,279,1061,884,0,48,279,1061,884,0
33.35,1082,28,244,1082,862,0,28,244,1081,862,0
33.4,998,26,204,996,733,0,26,204,996,733,0
33.45,1047,15,178,1044,717,0,15,178,1044,717,0
33.5,1070,7,160,1061,697,0,7,160,1061,697,0
33.55,1091,12,138,1079,631,0,12,138,1079,631,0
33.6,1029,6,107,1018,539,0,6,107,1018,539,0
33.65,1071,4,70,1054,497,0,4,70,1054,497,0
33.7,1033,5,76,1009,433,0,5,76,1009,433,0
33.75,1036,2,49,1016,374,0,2,49,1016,374,0
33.8,1067,2,53,1053,371,0,2,53,1053,371,0
33.85,1018,2,38,989,288,0,2,38,989,288,0
33.9,1074,1,44,1037,303,0,1,44,1037,303,0
33.95,1043,0,26,1015,245,0,0,26,1015,245,0
34.0,1002,1,17,951,213,0,1,17,951,213,0
34.05,1041,0,19,978,194,0,0,19,978,194,0
34.1,1077,0,15,979,138,0,0,15,979,138,0
34.15,1077,0,10,998,109,0,0,10,998,109,0
34.2,1037,0,11,920,108,0,0,11,920,108,0
34.25,1053,0,9,934,94,0,0,9,934,94,0
34.3,1096,0,6,939,88,0,0,6,939,88,0
34.35,1025,0,6,865,73,0,0,6,865,73,0
34.4,1052,0,3,862,54,0,0,3,862,54,0
34.45,1008,0,4,840,52,0,0,4,840,52,0
34.5,1070,0,4,871,46,0,0,4,871,46,0
34.55,1007,0,5,783,35,0,0,5,783,35,0
34.6,1016,0,1,748,36,0,0,1,748,36,0
34.65,1104,0,1,770,24,0,0,1,770,24,0
34.7,1037,0,1,695,17,0,0,1,695,17,0
34.75,1102,0,1,737,20,0,0,1,737,20,0
34.8,1055,0,0,664,12,0,0,0,664,12,0
34.85,1013,0,0,639,9,0,0,0,639,9,0
34.9,1025,0,2,596,9,0,0,2,596,9,0
34.95,1075,0,0,602,9,0,0,0,602,9,0
35.0,1030,0,0,505,5,0,0,0,505,5,0
35.05,1044,0,0,505,6,0,0,0,505,6,0
35.1,1041,0,0,462,1,0,0,0,462,1,0
35.15,1056,0,0,465,3,0,0,0,465,3,0
35.2,1061,0,1,398,5,0,0,1,398,5,0
35.25,1080,0,0,376,2,0,0,0,376,2,0
35.3,1012,0,0,325,2,0,0,0,325,2,0
35.35,1070,0,0,314,2,0,0,0,314,2,0
35.4,1020,0,0,278,1,0,0,0,278,1,0
35.45,1039,0,0,235,1,0,0,0,235,1,0
35.5,1040,0,0,206,2,0,0,0,206,2,0
35.55,1016,0,0,218,0,0,0,0,218,0,0
35.6,1017,0,0,181,1,0,0,0,181,1,0
35.65,1071,0,0,153,0,0,0,0,153,0,0
35.7,1124,0,0,157,0,0,0,0,157,0,0
35.75,1038,0,0,134,0,0,0,0,134,0,0
35.8,1044,0,0,113,0,0,0,0,113,0,0
35.85,1060,0,0,85,0,0,0,0,85,0,0
35.9,1092,0,0,73,1,0,0,0,73,1,0
35.95,1029,0,0,61,0,0,0,0,61,0,0
36.0,1019,0,0,58,0,0,0,0,58,0,0
36.05,1049,0,0,40,0,0,0,0,40,0,0
36.1,1002,0,0,48,0,0,0,0,48,0,0
36.15,1025,0,0,26,0,0,0,0,26,0,0
36.2,1053,0,0,24,0,0,0,0,24,0,0
36.25,1040,0,0,24,0,0,0,0,24,0,0
36.3,1069,0,0,18,0,0,0,0,18,0,0
36.35,1085,0,0,13,0,0,0,0,13,0,0
36.4,1077,0,0,11,0,0,0,0,11,0,0
36.45,1069,0,0,10,0,0,0,0,10,0,0
36.5,1021,0,0,8,0,0,0,0,8,0,0
36.55,964,0,0,10,0,0,0,0,10,0,0
36.6,1043,0,0,3,0,0,0,0,3,0,0
36.65,1023,0,0,2,0,0,0,0,2,0,0
36.7,1152,0,0,3,0,0,0,0,3,0,0
36.75,1088,0,0,2,0,0,0,0,2,0,0
36.8,1063,0,0,0,0,0,0,0,0,0,0
36.85,987,0,0,3,0,0,0,0,3,0,0
36.9,1052,0,0,2,0,0,0,0,2,0,0
36.95,1037,0,0,1,0,0,0,0,1,0,0
37.0,1043,0,0,1,0,0,0,0,1,0,0
37.05,1036,0,0,1,0,0,0,0,1,0,0
37.1,971,0,0,0,0,0,0,0,0,0,0
37.15,1108,0,0,0,0,0,0,0,0,0,0
37.2,1011,0,0,0,0,0,0,0,0,0,0
37.25,1118,0,0,0,0,0,0,0,0,0,0
37.3,1074,0,0,0,0,0,0,0,0,0,0
37.35,1029,0,0,0,0,0,0,0,0,0,0
37.4,1043,0,0,0,0,0,0,0,0,0,0
37.45,1037,0,0,0,0,0,0,0,0,0,0
37.5,1041,0,0,0,0,0,0,0,0,0,0
37.55,1032,0,0,0,0,0,0,0,0,0,0
37.6,1057,0,0,0,0,0,0,0,0,0,0
37.65,1008,0,0,0,0,0,0,0,0,0,0
37.7,1060,0,0,0,0,0,0,0,0,0,0
37.75,1048,0,0,0,0,0,0,0,0,0,0
37.8,1040,0,0,0,0,0,0,0,0,0,0
37.85,1056,0,0,0,0,0,0,0,0,0,0
37.9,1049,0,0,0,0,0,0,0,0,0,0
37.95,1093,0,0,0,0,0,0,0,0,0,0
38.0,1068,0,0,0,0,0,0,0,0,0,0
38.05,1053,0,0,0,0,0,0,0,0,0,0
38.1,1032,0,0,0,0,0,0,0,0,0,0
38.15,1023,0,0,0,0,0,0,0,0,0,0
38.2,1049,0,0,0,0,0,0,0,0,0,0
38.25,1088,0,0,0,0,0,0,0,0,0,0
38.3,1029,0,0,0,0,0,0,0,0,0,0
38.35,1052,0,0,0,0,0,0,0,0,0,0
38.4,1039,0,0,0,0,0,0,0,0,0,0
38.45,1021,0,0,0,0,0,0,0,0,0,0
38.5,1102,0,0,0,0,0,0,0,0,0,0
38.55,1048,0,0,0,0,0,0,0,0,0,0
38.6,1078,0,0,0,0,0,0,0,0,0,0
38.65,1062,0,0,0,0,0,0,0,0,0,0
38.7,1031,0,0,0,0,0,0,0,0,0,0
38.75,968,0,0,0,0,0,0,0,0,0,0
38.8,1036,0,0,0,0,0,0,0,0,0,0
38.85,1039,0,0,0,0,0,0,0,0,0,0
38.9,1062,0,0,0,0,0,0,0,0,0,0
38.95,1052,0,0,0,0,0,0,0,0,0,0
39.0,1044,0,0,0,0,0,0,0,0,0,0
39.05,1071,0,0,0,0,0,0,0,0,0,0
39.1,1042,0,0,0,0,0,0,0,0,0,0
39.15,1047,0,0,0,0,0,0,0,0,0,0
39.2,1038,0,0,0,0,0,0,0,0,0,0
39.25,1067,0,0,0,0,0,0,0,0,0,0
39.3,1007,0,0,0,0,0,0,0,0,0,0
39.35,1034,0,0,0,0,0,0,0,0,0,0
39.4,1056,0,0,0,0,0,0,0,0,0,0
39.45,1052,0,0,0,0,0,0,0,0,0,0
39.5,1035,0,0,0,0,0,0,0,0,0,0
39.55,1021,0,0,0,0,0,0,0,0,0,0
39.6,1078,0,0,0,0,0,0,0,0,0,0
39.65,1043,0,0,0,0,0,0,0,0,0,0
39.7,1057,0,0,0,0,0,0,0,0,0,0
39.75,1016,0,0,0,0,0,0,0,0,0,0
39.8,1086,0,0,0,0,0,0,0,0,0,0
39.85,1037,0,0,0,0,0,0,0,0,0,0
39.9,1050,0,0,0,0,0,0,0,0,0,0
39.95,1049,0,0,0,0,0,0,0,0,0,0
40.0,1048,0,0,0,0,0,0,0,0,0,0
40.05,1028,0,0,0,0,0,0,0,0,0,0
40.1,1063,0,0,0,0,0,0,0,0,0,0
40.15,1038,0,0,0,0,0,0,0,0,0,0
40.2,1070,0,0,0,0,0,0,0,0,0,0
40.25,1054,0,0,0,0,0,0,0,0,0,0
40.3,1014,0,0,0,0,0,0,0,0,0,0
40.35,1022,0,0,0,0,0,0,0,0,0,0
40.4,1013,0,0,0,0,0,0,0,0,0,0
40.45,1091,0,0,0,0,0,0,0,0,0,0
40.5,1069,0,0,0,0,0,0,0,0,0,0
40.55,1065,0,0,0,0,0,0,0,0,0,0
40.6,1064,0,0,0,0,0,0,0,0,0,0
40.65,997,0,0,0,0,0,0,0,0,0,0
40.7,1056,0,0,0,0,0,0,0,0,0,0
40.75,1038,0,0,0,0,0,0,0,0,0,0
40.8,1048,0,0,0,0,0,0,0,0,0,0
40.85,1064,0,0,0,0,0,0,0,0,0,0
40.9,1055,0,0,0,0,0,0,0,0,0,0
40.95,1067,0,0,0,0,0,0,0,0,0,0
41.0,1026,0,0,0,0,0,0,0,0,0,0
41.05,1057,0,0,0,0,0,0,0,0,0,0
41.1,1076,0,0,0,0,0,0,0,0,0,0
41.15,1084,0,0,0,0,0,0,0,0,0,0
41.2,1073,0,0,0,0,0,0,0,0,0,0
41.25,1050,0,0,0,0,0,0,0,0,0,0
41.3,1054,0,0,0,0,0,0,0,0,0,0
41.35,981,0,0,0,0,0,0,0,0,0,0
41.4,1010,0,0,0,0,0,0,0,0,0,0
41.45,991,0,0,0,0,0,0,0,0,0,0
41.5,1070,0,0,0,0,0,0,0,0,0,0
41.55,1061,0,0,0,0,0,0,0,0,0,0
41.6,1092,0,0,0,0,0,0,0,0,0,0
41.65,1092,0,0,0,0,0,0,0,0,0,0
41.7,1062,0,0,0,0,0,0,0,0,0,0
41.75,1050,0,0,0,0,0,0,0,0,0,0
41.8,1027,0,0,0,0,0,0,0,0,0,0
41.85,1038,0,0,0,0,0,0,0,0,0,0
41.9,1049,0,0,0,0,0,0,0,0,0,0
41.95,1010,0,0,0,0,0,0,0,0,0,0
42.0,1082,0,0,0,0,0,0,0,0,0,0
42.05,1063,0,0,0,0,0,0,0,0,0,0
42.1,1011,0,0,0,0,0,0,0,0,0,0
42.15,983,0,0,0,0,0,0,0,0,0,0
42.2,1062,0,0,0,0,0,0,0,0,0,0
42.25,1076,0,0,0,0,0,0,0,0,0,0
42.3,1009,0,0,0,0,0,0,0,0,0,0
42.35,1061,0,0,0,0,0,0,0,0,0,0
42.4,1055,0,0,0,0,0,0,0,0,0,0
42.45,1154,0,0,0,0,0,0,0,0,0,0
42.5,1021,0,0,0,0,0,0,0,0,0,0
42.55,1017,0,0,0,0,0,0,0,0,0,0
42.6,1039,0,0,0,0,0,0,0,0,0,0
42.65,1014,0,0,0,0,0,0,0,0,0,0
42.7,1087,0,0,0,0,0,0,0,0,0,0
42.75,1039,0,0,0,0,0,0,0,0,0,0
42.8,1017,0,0,0,0,0,0,0,0,0,0
42.85,1038,0,0,0,0,0,0,0,0,0,0
42.9,1057,0,0,0,0,0,0,0,0,0,0
42.95,1038,0,0,0,0,0,0,0,0,0,0
43.0,1062,0,0,0,0,0,0,0,0,0,0
43.05,1050,0,0,0,0,0,0,0,0,0,0
43.1,1064,0,0,0,0,0,0,0,0,0,0
43.15,1097,0,0,0,0,0,0,0,0,0,0
43.2,952,0,0,0,0,0,0,0,0,0,0
43.25,1013,0,0,0,0,0,0,0,0,0,0
43.3,1074,0,0,0,0,0,0,0,0,0,0
43.35,1047,0,0,0,0,0,0,0,0,0,0
43.4,1053,0,0,0,0,0,0,0,0,0,0
43.45,1096,0,0,0,0,0,0,0,0,0,0
43.5,1007,0,0,0,0,0,0,0,0,0,0
43.55,1025,0,0,0,0,0,0,0,0,0,0
43.6,1038,0,0,0,0,0,0,0,0,0,0
43.65,1091,0,0,0,0,0,0,0,0,0,0
43.7,1155,0,0,0,0,0,0,0,0,0,0
43.75,983,0,0,0,0,0,0,0,0,0,0
43.8,1040,0,0,0,0,0,0,0,0,0,0
43.85,980,0,0,0,0,0,0,0,0,0,0
43.9,1018,0,0,0,0,0,0,0,0,0,0
43.95,1038,0,0,0,0,0,0,0,0,0,0
44.0,1080,0,0,0,0,0,0,0,0,0,0
44.05,1035,0,0,0,0,0,0,0,0,0,0
44.1,1068,0,0,0,0,0,0,0,0,0,0
44.15,1032,0,0,0,0,0,0,0,0,0,0
44.2,1124,0,0,0,0,0,0,0,0,0,0
44.25,1086,0,0,0,0,0,0,0,0,0,0
44.3,1028,0,0,0,0,0,0,0,0,0,0
44.35,983,0,0,0,0,0,0,0,0,0,0
44.4,1025,0,0,0,0,0,0,0,0,0,0
44.45,994,0,0,0,0,0,0,0,0,0,0
44.5,1028,0,0,0,0,0,0,0,0,0,0
44.55,1051,0,0,0,0,0,0,0,0,0,0
44.6,1062,0,0,0,0,0,0,0,0,0,0
44.65,1049,0,0,0,0,0,0,0,0,0,0
44.7,1049,0,0,0,0,0,0,0,0,0,0
44.75,1090,0,0,0,0,0,0,0,0,0,0
44.8,1048,0,0,0,0,0,0,0,0,0,0
44.85,1033,0,0,0,0,0,0,0,0,0,0
44.9,1070,0,0,0,0,0,0,0,0,0,0
44.95,999,0,0,0,0,0,0,0,0,0,0
45.0,1085,0,0,0,0,0,0,0,0,0,0
45.05,1067,0,0,0,0,0,0,0,0,0,0
45.1,1008,0,0,0,0,0,0,0,0,0,0
45.15,1055,0,0,0,0,0,0,0,0,0,0
45.2,1040,0,0,0,0,0,0,0,0,0,0
45.25,1044,0,0,0,0,0,0,0,0,0,0
45.3,1052,0,0,0,0,0,0,0,0,0,0
45.35,1059,0,0,0,0,0,0,0,0,0,0
45.4,1067,0,0,0,0,0,0,0,0,0,0
45.45,1036,0,0,0,0,0,0,0,0,0,0
45.5,1034,0,0,0,0,0,0,0,0,0,0
45.55,1102,0,0,0,0,0,0,0,0,0,0
45.6,1035,0,0,0,0,0,0,0,0,0,0
45.65,1013,0,0,0,0,0,0,0,0,0,0
45.7,1029,0,0,0,0,0,0,0,0,0,0
45.75,1051,0,0,0,0,0,0,0,0,0,0
45.8,1062,0,0,0,0,0,0,0,0,0,0
45.85,1039,0,0,0,0,0,0,0,0,0,0
45.9,1088,0,0,0,0,0,0,0,0,0,0
45.95,1048,0,0,0,0,0,0,0,0,0,0
46.0,998,0,0,0,0,0,0,0,0,0,0
46.05,1060,0,0,0,0,0,0,0,0,0,0
46.1,1047,0,0,0,0,0,0,0,0,0,0
46.15,1059,0,0,0,0,0,0,0,0,0,0
46.2,1107,0,0,0,0,0,0,0,0,0,0
46.25,988,0,0,0,0,0,0,0,0,0,0
46.3,1041,0,0,0,0,0,0,0,0,0,0
46.35,992,0,0,0,0,0,0,0,0,0,0
46.4,1074,0,0,0,0,0,0,0,0,0,0
46.45,1051,0,0,0,0,0,0,0,0,0,0
46.5,1113,0,0,0,0,0,0,0,0,0,0
46.55,991,0,0,0,0,0,0,0,0,0,0
46.6,1006,0,0,0,0,0,0,0,0,0,0
46.65,1095,0,0,0,0,0,0,0,0,0,0
46.7,1050,0,0,0,0,0,0,0,0,0,0
46.75,1032,0,0,0,0,0,0,0,0,0,0
46.8,1092,0,0,0,0,0,0,0,0,0,0
46.85,1112,0,0,0,0,0,0,0,0,0,0
46.9,1024,0,0,0,0,0,0,0,0,0,0
46.95,1009,0,0,0,0,0,0,0,0,0,0
47.0,1051,0,0,0,0,0,0,0,0,0,0
47.05,1009,0,0,0,0,0,0,0,0,0,0
47.1,1045,0,0,0,0,0,0,0,0,0,0
47.15,1042,0,0,0,0,0,0,0,0,0,0
47.2,1033,0,0,0,0,0,0,0,0,0,0
47.25,1107,0,0,0,0,0,0,0,0,0,0
47.3,1070,0,0,0,0,0,0,0,0,0,0
47.35,1015,0,0,0,0,0,0,0,0,0,0
47.4,1060,0,0,0,0,0,0,0,0,0,0
47.45,1049,0,0,0,0,0,0,0,0,0,0
47.5,1052,0,0,0,0,0,0,0,0,0,0
47.55,1033,0,0,0,0,0,0,0,0,0,0
47.6,1035,0,0,0,0,0,0,0,0,0,0
47.65,1057,0,0,0,0,0,0,0,0,0,0
47.7,1069,0,0,0,0,0,0,0,0,0,0
47.75,1014,0,0,0,0,0,0,0,0,0,0
47.8,1103,0,0,0,0,0,0,0,0,0,0
47.85,1048,0,0,0,0,0,0,0,0,0,0
47.9,1038,0,0,0,0,0,0,0,0,0,0
47.95,1020,0,0,0,0,0,0,0,0,0,0
48.0,1076,0,0,0,0,0,0,0,0,0,0
48.05,1017,0,0,0,0,0,0,0,0,0,0
48.1,1053,0,0,0,0,0,0,0,0,0,0
48.150000000000006,1065,0,0,0,0,0,0,0,0,0,0
48.2,1092,0,0,0,0,0,0,0,0,0,0
48.25,1042,0,0,0,0,0,0,0,0,0,0
48.3,1008,0,0,0,0,0,0,0,0,0,0
48.35,1038,0,0,0,0,0,0,0,0,0,0
48.400000000000006,1041,0,0,0,0,0,0,0,0,0,0
48.45,1025,0,0,0,0,0,0,0,0,0,0
48.5,1043,0,0,0,0,0,0,0,0,0,0
48.55,1106,0,0,0,0,0,0,0,0,0,0
48.6,1031,0,0,0,0,0,0,0,0,0,0
48.650000000000006,1021,0,0,0,0,0,0,0,0,0,0
48.7,1027,0,0,0,0,0,0,0,0,0,0
48.75,1092,0,0,0,0,0,0,0,0,0,0
48.8,1097,0,0,0,0,0,0,0,0,0,0
48.85,1049,0,0,0,0,0,0,0,0,0,0
48.900000000000006,1045,0,0,0,0,0,0,0,0,0,0
48.95,1073,0,0,0,0,0,0,0,0,0,0
49.0,1010,0,0,0,0,0,0,0,0,0,0
49.05,1025,0,0,0,0,0,0,0,0,0,0
49.1,1047,0,0,0,0,0,0,0,0,0,0
49.150000000000006,1039,0,0,0,0,0,0,0,0,0,0
49.2,1088,0,0,0,0,0,0,0,0,0,0
49.25,1078,0,0,0,0,0,0,0,0,0,0
49.3,1026,0,0,0,0,0,0,0,0,0,0
49.35,990,0,0,0,0,0,0,0,0,0,0
49.400000000000006,1067,0,0,0,0,0,0,0,0,0,0
49.45,1045,0,0,0,0,0,0,0,0,0,0
49.5,1037,0,0,0,0,0,0,0,0,0,0
49.55,1055,0,0,0,0,0,0,0,0,0,0
49.6,1050,0,0,0,0,0,0,0,0,0,0
49.650000000000006,1045,0,0,0,0,0,0,0,0,0,0
49.7,1055,0,0,0,0,0,0,0,0,0,0
49.75,1037,0,0,0,0,0,0,0,0,0,0
49.8,1108,0,0,0,0,0,0,0,0,0,0
49.85,1038,0,0,0,0,0,0,0,0,0,0
49.900000000000006,1031,0,0,0,0,0,0,0,0,0,0
49.95,1010,0,0,0,0,0,0,0,0,0,0
50.0,1061,0,0,0,0,0,0,0,0,0,0
50.05,1056,0,0,0,0,0,0,0,0,0,0
50.1,1055,0,0,0,0,0,0,0,0,0,0
50.150000000000006,1122,0,0,0,0,0,0,0,0,0,0
50.2,1036,0,0,0,0,0,0,0,0,0,0
50.25,1013,0,0,0,0,0,0,0,0,0,0
50.3,1008,0,0,0,0,0,0,0,0,0,0
50.35,1036,0,0,0,0,0,0,0,0,0,0
50.400000000000006,1058,0,0,0,0,0,0,0,0,0,0
50.45,1065,0,0,0,0,0,0,0,0,0,0
50.5,1097,0,0,0,0,0,0,0,0,0,0
50.55,1048,0,0,0,0,0,0,0,0,0,0
50.6,990,0,0,0,0,0,0,0,0,0,0
50.650000000000006,1065,0,0,0,0,0,0,0,0,0,0
50.7,1048,0,0,0,0,0,0,0,0,0,0
50.75,1080,0,0,0,0,0,0,0,0,0,0
50.8,1024,0,0,0,0,0,0,0,0,0,0
50.85,1007,0,0,0,0,0,0,0,0,0,0
50.900000000000006,1100,0,0,0,0,0,0,0,0,0,0
50.95,1021,0,0,0,0,0,0,0,0,0,0
51.0,1093,0,0,0,0,0,0,0,0,0,0
51.05,1004,0,0,0,0,0,0,0,0,0,0
51.1,1105,0,0,0,0,0,0,0,0,0,0
51.150000000000006,1001,0,0,0,0,0,0,0,0,0,0
51.2,1045,0,0,0,0,0,0,0,0,0,0
51.25,1062,0,0,0,0,0,0,0,0,0,0
51.3,1004,0,0,0,0,0,0,0,0,0,0
51.35,1075,0,0,0,0,0,0,0,0,0,0
51.400000000000006,1069,0,0,0,0,0,0,0,0,0,0
51.45,1042,0,0,0,0,0,0,0,0,0,0
51.5,1049,0,0,0,0,0,0,0,0,0,0
51.55,1050,0,0,0,0,0,0,0,0,0,0
51.6,1045,0,0,0,0,0,0,0,0,0,0
51.650000000000006,1038,0,0,0,0,0,0,0,0,0,0
51.7,1065,0,0,0,0,0,0,0,0,0,0
51.75,1056,0,0,0,0,0,0,0,0,0,0
51.8,1014,0,0,0,0,0,0,0,0,0,0
51.85,1062,0,0,0,0,0,0,0,0,0,0
51.900000000000006,1051,0,0,0,0,0,0,0,0,0,0
51.95,1040,0,0,0,0,0,0,0,0,0,0
52.0,1045,0,0,0,0,0,0,0,0,0,0
52.05,1048,0,0,0,0,0,0,0,0,0,0
52.1,1000,0,0,0,0,0,0,0,0,0,0
52.150000000000006,1013,0,0,0,0,0,0,0,0,0,0
52.2,1089,0,0,0,0,0,0,0,0,0,0
52.25,1089,0,0,0,0,0,0,0,0,0,0
52.3,1062,0,0,0,0,0,0,0,0,0,0
52.35,1029,0,0,0,0,0,0,0,0,0,0
52.400000000000006,1094,0,0,0,0,0,0,0,0,0,0
52.45,988,0,0,0,0,0,0,0,0,0,0
52.5,1053,0,0,0,0,0,0,0,0,0,0
52.55,1059,0,0,0,0,0,0,0,0,0,0
52.6,982,0,0,0,0,0,0,0,0,0,0
52.650000000000006,1077,0,0,0,0,0,0,0,0,0,0
52.7,1104,0,0,0,0,0,0,0,0,0,0
52.75,1008,0,0,0,0,0,0,0,0,0,0
52.8,1056,0,0,0,0,0,0,0,0,0,0
52.85,1088,0,0,0,0,0,0,0,0,0,0
52.900000000000006,1064,0,0,0,0,0,0,0,0,0,0
52.95,1043,0,0,0,0,0,0,0,0,0,0
53.0,995,0,0,0,0,0,0,0,0,0,0
53.05,1021,0,0,0,0,0,0,0,0,0,0
53.1,1007,0,0,0,0,0,0,0,0,0,0
53.150000000000006,1068,0,0,0,0,0,0,0,0,0,0
53.2,1074,0,0,0,0,0,0,0,0,0,0
53.25,1067,0,0,0,0,0,0,0,0,0,0
53.3,1049,0,0,0,0,0,0,0,0,0,0
53.35,1094,0,0,0,0,0,0,0,0,0,0
53.400000000000006,996,0,0,0,0,0,0,0,0,0,0
53.45,975,0,0,0,0,0,0,0,0,0,0
53.5,1025,0,0,0,0,0,0,0,0,0,0
53.55,1095,0,0,0,0,0,0,0,0,0,0
53.6,1058,0,0,0,0,0,0,0,0,0,0
53.650000000000006,1053,0,0,0,0,0,0,0,0,0,0
53.7,1025,0,0,0,0,0,0,0,0,0,0
53.75,1057,0,0,0,0,0,0,0,0,0,0
53.8,1098,0,0,0,0,0,0,0,0,0,0
53.85,989,0,0,0,0,0,0,0,0,0,0
53.900000000000006,1049,0,0,0,0,0,0,0,0,0,0
53.95,1011,0,0,0,0,0,0,0,0,0,0
54.0,1026,0,0,0,0,0,0,0,0,0,0
54.05,1040,0,0,0,0,0,0,0,0,0,0
54.1,1065,0,0,0,0,0,0,0,0,0,0
54.150000000000006,1135,0,0,0,0,0,0,0,0,0,0
54.2,1037,0,0,0,0,0,0,0,0,0,0
54.25,1061,0,0,0,0,0,0,0,0,0,0
54.3,1007,0,0,0,0,0,0,0,0,0,0
54.35,1055,0,0,0,0,0,0,0,0,0,0
54.400000000000006,1034,0,0,0,0,0,0,0,0,0,0
54.45,1027,0,0,0,0,0,0,0,0,0,0
54.5,1018,0,0,0,0,0,0,0,0,0,0
54.55,1069,0,0,0,0,0,0,0,0,0,0
54.6,1051,0,0,0,0,0,0,0,0,0,0
54.650000000000006,1060,0,0,0,0,0,0,0,0,0,0
54.7,1044,0,0,0,0,0,0,0,0,0,0
54.75,1064,0,0,0,0,0,0,0,0,0,0
54.8,1039,0,0,0,0,0,0,0,0,0,0
54.85,1027,0,0,0,0,0,0,0,0,0,0
54.900000000000006,1050,0,0,0,0,0,0,0,0,0,0
54.95,1042,0,0,0,0,0,0,0,0,0,0
55.0,1066,0,0,0,0,0,0,0,0,0,0
55.05,1061,0,0,0,0,0,0,0,0,0,0
55.1,1035,0,0,0,0,0,0,0,0,0,0
55.150000000000006,999,0,0,0,0,0,0,0,0,0,0
55.2,980,0,0,0,0,0,0,0,0,0,0
55.25,1071,0,0,0,0,0,0,0,0,0,0
55.3,1057,0,0,0,0,0,0,0,0,0,0
55.35,1085,0,0,0,0,0,0,0,0,0,0
55.400000000000006,1091,0,0,0,0,0,0,0,0,0,0
55.45,1030,0,0,0,0,0,0,0,0,0,0
55.5,1031,0,0,0,0,0,0,0,0,0,0
55.55,1029,0,0,0,0,0,0,0,0,0,0
55.6,1007,0,0,0,0,0,0,0,0,0,0
55.650000000000006,1042,0,0,0,0,0,0,0,0,0,0
55.7,1045,0,0,0,0,0,0,0,0,0,0
55.75,1086,0,0,0,0,0,0,0,0,0,0
55.8,1034,0,0,0,0,0,0,0,0,0,0
55.85,1050,0,0,0,0,0,0,0,0,0,0
55.900000000000006,1045,0,0,0,0,0,0,0,0,0,0
55.95,1009,0,0,0,0,0,0,0,0,0,0
56.0,1092,0,0,0,0,0,0,0,0,0,0
56.05,1063,0,0,0,0,0,0,0,0,0,0
56.1,1073,0,0,0,0,0,0,0,0,0,0
56.150000000000006,1046,0,0,0,0,0,0,0,0,0,0
56.2,1033,0,0,0,0,0,0,0,0,0,0
56.25,985,0,0,0,0,0,0,0,0,0,0
56.3,1063,0,0,0,0,0,0,0,0,0,0
56.35,1022,0,0,0,0,0,0,0,0,0,0
56.400000000000006,1091,0,0,0,0,0,0,0,0,0,0
56.45,1046,0,0,0,0,0,0,0,0,0,0
56.5,1049,0,0,0,0,0,0,0,0,0,0
56.55,1076,0,0,0,0,0,0,0,0,0,0
56.6,1006,0,0,0,0,0,0,0,0,0,0
56.650000000000006,1063,0,0,0,0,0,0,0,0,0,0
56.7,1074,0,0,0,0,0,0,0,0,0,0
56.75,1041,0,0,0,0,0,0,0,0,0,0
56.8,1049,0,0,0,0,0,0,0,0,0,0
56.85,1047,0,0,0,0,0,0,0,0,0,0
56.900000000000006,1065,0,0,0,0,0,0,0,0,0,0
56.95,1031,0,0,0,0,0,0,0,0,0,0
57.0,1042,0,0,0,0,0,0,0,0,0,0
57.05,1065,0,0,0,0,0,0,0,0,0,0
57.1,1085,0,0,0,0,0,0,0,0,0,0
57.150000000000006,1032,0,0,0,0,0,0,0,0,0,0
57.2,1063,0,0,0,0,0,0,0,0,0,0
57.25,1040,0,0,0,0,0,0,0,0,0,0
57.3,1035,0,0,0,0,0,0,0,0,0,0
57.35,994,0,0,0,0,0,0,0,0,0,0
57.400000000000006,1062,0,0,0,0,0,0,0,0,0,0
57.45,1091,0,0,0,0,0,0,0,0,0,0
57.5,1067,0,0,0,0,0,0,0,0,0,0
57.55,1013,0,0,0,0,0,0,0,0,0,0
57.6,1089,0,0,0,0,0,0,0,0,0,0
57.650000000000006,1087,0,0,0,0,0,0,0,0,0,0
57.7,1047,0,0,0,0,0,0,0,0,0,0
57.75,1016,0,0,0,0,0,0,0,0,0,0
57.8,1046,0,0,0,0,0,0,0,0,0,0
57.85,1072,0,0,0,0,0,0,0,0,0,0
57.900000000000006,1007,0,0,0,0,0,0,0,0,0,0
57.95,1032,0,0,0,0,0,0,0,0,0,0
58.0,1029,0,0,0,0,0,0,0,0,0,0
58.05,1081,0,0,0,0,0,0,0,0,0,0
58.1,1101,0,0,0,0,0,0,0,0,0,0
58.150000000000006,1017,0,0,0,0,0,0,0,0,0,0
58.2,1028,0,0,0,0,0,0,0,0,0,0
58.25,1078,0,0,0,0,0,0,0,0,0,0
58.3,1041,0,0,0,0,0,0,0,0,0,0
58.35,1068,0,0,0,0,0,0,0,0,0,0
58.400000000000006,1085,0,0,0,0,0,0,0,0,0,0
58.45,1011,0,0,0,0,0,0,0,0,0,0
58.5,1029,0,0,0,0,0,0,0,0,0,0
58.55,1095,0,0,0,0,0,0,0,0,0,0
58.6,1032,0,0,0,0,0,0,0,0,0,0
58.650000000000006,1024,0,0,0,0,0,0,0,0,0,0
58.7,1034,0,0,0,0,0,0,0,0,0,0
58.75,1078,0,0,0,0,0,0,0,0,0,0
58.8,1079,0,0,0,0,0,0,0,0,0,0
58.85,1011,0,0,0,0,0,0,0,0,0,0
58.900000000000006,1072,0,0,0,0,0,0,0,0,0,0
58.95,1024,0,0,0,0,0,0,0,0,0,0
59.0,1078,0,0,0,0,0,0,0,0,0,0
59.05,1042,0,0,0,0,0,0,0,0,0,0
59.1,1028,0,0,0,0,0,0,0,0,0,0
59.150000000000006,1056,0,0,0,0,0,0,0,0,0,0
59.2,1049,0,0,0,0,0,0,0,0,0,0
59.25,1038,0,0,0,0,0,0,0,0,0,0
59.3,1054,0,0,0,0,0,0,0,0,0,0
59.35,1055,0,0,0,0,0,0,0,0,0,0
59.400000000000006,1041,0,0,0,0,0,0,0,0,0,0
59.45,1005,0,0,0,0,0,0,0,0,0,0
59.5,1011,0,0,0,0,0,0,0,0,0,0
59.55,1094,0,0,0,0,0,0,0,0,0,0
59.6,1066,0,0,0,0,0,0,0,0,0,0
59.650000000000006,1063,0,0,0,0,0,0,0,0,0,0
59.7,1028,0,0,0,0,0,0,0,0,0,0
59.75,1044,0,0,0,0,0,0,0,0,0,0
59.8,1068,0,0,0,0,0,0,0,0,0,0
59.85,1005,0,0,0,0,0,0,0,0,0,0
59.900000000000006,1082,0,0,0,0,0,0,0,0,0,0
59.95,1090,0,0,0,0,0,0,0,0,0,0
60.0,992,0,0,0,0,0,0,0,0,0,0
60.05,1058,0,0,0,0,0,0,0,0,0,0
60.1,1062,0,0,0,0,0,0,0,0,0,0
60.150000000000006,1056,0,0,0,0,0,0,0,0,0,0
60.2,1043,0,0,0,0,0,0,0,0,0,0
60.25,1046,0,0,0,0,0,0,0,0,0,0
60.3,1011,0,0,0,0,0,0,0,0,0,0
60.35,1073,0,0,0,0,0,0,0,0,0,0
60.400000000000006,1071,0,0,0,0,0,0,0,0,0,0
60.45,1008,0,0,0,0,0,0,0,0,0,0
60.5,1049,0,0,0,0,0,0,0,0,0,0
60.55,1096,0,0,0,0,0,0,0,0,0,0
60.6,1053,0,0,0,0,0,0,0,0,0,0
60.650000000000006,983,0,0,0,0,0,0,0,0,0,0
60.7,1042,0,0,0,0,0,0,0,0,0,0
60.75,1043,0,0,0,0,0,0,0,0,0,0
60.8,1082,0,0,0,0,0,0,0,0,0,0
60.85,1052,0,0,0,0,0,0,0,0,0,0
60.900000000000006,1036,0,0,0,0,0,0,0,0,0,0
60.95,1052,0,0,0,0,0,0,0,0,0,0
61.0,1062,0,0,0,0,0,0,0,0,0,0
61.05,1024,0,0,0,0,0,0,0,0,0,0
61.1,1059,0,0,0,0,0,0,0,0,0,0
61.150000000000006,976,0,0,0,0,0,0,0,0,0,0
61.2,1092,0,0,0,0,0,0,0,0,0,0
61.25,1042,0,0,0,0,0,0,0,0,0,0
61.3,1054,0,0,0,0,0,0,0,0,0,0
61.35,1072,0,0,0,0,0,0,0,0,0,0
61.400000000000006,979,0,0,0,0,0,0,0,0,0,0
61.45,1048,0,0,0,0,0,0,0,0,0,0
61.5,1072,0,0,0,0,0,0,0,0,0,0
61.55,1075,0,0,0,0,0,0,0,0,0,0
61.6,1028,0,0,0,0,0,0,0,0,0,0
61.650000000000006,1055,0,0,0,0,0,0,0,0,0,0
61.7,1061,0,0,0,0,0,0,0,0,0,0
61.75,995,0,0,0,0,0,0,0,0,0,0
61.8,1024,0,0,0,0,0,0,0,0,0,0
61.85,1018,0,0,0,0,0,0,0,0,0,0
61.900000000000006,1075,0,0,0,0,0,0,0,0,0,0
61.95,1102,0,0,0,0,0,0,0,0,0,0
62.0,1058,0,0,0,0,0,0,0,0,0,0
62.05,1012,0,0,0,0,0,0,0,0,0,0
62.1,1049,0,0,0,0,0,0,0,0,0,0
62.150000000000006,1048,0,0,0,0,0,0,0,0,0,0
62.2,1010,0,0,0,0,0,0,0,0,0,0
62.25,1028,0,0,0,0,0,0,0,0,0,0
62.3,1107,0,0,0,0,0,0,0,0,0,0
62.35,1048,0,0,0,0,0,0,0,0,0,0
62.400000000000006,1002,0,0,0,0,0,0,0,0,0,0
62.45,1084,0,0,0,0,0,0,0,0,0,0
62.5,1091,0,0,0,0,0,0,0,0,0,0
62.55,1012,0,0,0,0,0,0,0,0,0,0
62.6,1101,0,0,0,0,0,0,0,0,0,0
62.650000000000006,1030,0,0,0,0,0,0,0,0,0,0
62.7,1055,0,0,0,0,0,0,0,0,0,0
62.75,1035,0,0,0,0,0,0,0,0,0,0
62.8,1029,0,0,0,0,0,0,0,0,0,0
62.85,999,0,0,0,0,0,0,0,0,0,0
62.900000000000006,1094,0,0,0,0,0,0,0,0,0,0
62.95,1005,0,0,0,0,0,0,0,0,0,0
63.0,1016,0,0,0,0,0,0,0,0,0,0
63.05,1094,0,0,0,0,0,0,0,0,0,0
63.1,1113,0,0,0,0,0,0,0,0,0,0
63.150000000000006,1031,0,0,0,0,0,0,0,0,0,0
63.2,1022,0,0,0,0,0,0,0,0,0,0
63.25,1036,0,0,0,0,0,0,0,0,0,0
63.3,1064,0,0,0,0,0,0,0,0,0,0
63.35,1073,0,0,0,0,0,0,0,0,0,0
63.400000000000006,982,0,0,0,0,0,0,0,0,0,0
63.45,1041,0,0,0,0,0,0,0,0,0,0
63.5,1087,0,0,0,0,0,0,0,0,0,0
63.55,1043,0,0,0,0,0,0,0,0,0,0
63.6,1016,0,0,0,0,0,0,0,0,0,0
63.650000000000006,1027,0,0,0,0,0,0,0,0,0,0
63.7,1098,0,0,0,0,0,0,0,0,0,0
63.75,1030,0,0,0,0,0,0,0,0,0,0
63.8,1036,0,0,0,0,0,0,0,0,0,0
63.85,1051,0,0,0,0,0,0,0,0,0,0
63.900000000000006,1083,0,0,0,0,0,0,0,0,0,0
63.95,1042,0,0,0,0,0,0,0,0,0,0
64.0,1108,0,0,0,0,0,0,0,0,0,0
64.05000000000001,959,0,0,0,0,0,0,0,0,0,0
64.1,1027,0,0,0,0,0,0,0,0,0,0
64.15,1066,0,0,0,0,0,0,0,0,0,0
64.2,1066,0,0,0,0,0,0,0,0,0,0
64.25,1055,0,0,0,0,0,0,0,0,0,0
64.30000000000001,977,0,0,0,0,0,0,0,0,0,0
64.35,843,0,0,0,0,0,0,0,0,0,0
64.4,710,0,0,0,0,0,0,0,0,0,0
64.45,633,0,0,0,0,0,0,0,0,0,0
64.5,462,0,0,0,0,0,0,0,0,0,0
64.55000000000001,296,0,0,0,0,0,0,0,0,0,0
64.6,226,0,0,0,0,0,0,0,0,0,0
64.65,49,0,0,0,0,0,0,0,0,0,0
*****
32 , 0.05 , 1000 , 0.6 , 1 , 10 , 100 , 0.75 , 1.0 , 0.65 , 1.0 , .055
32.0,1000,0,5,124,5,0,1,3,136,3,0
32.05,1040,0,9,150,9,0,0,10,162,10,0
32.1,1054,0,13,150,13,0,0,15,150,15,0
32.15,1045,0,7,146,7,0,0,6,150,6,0
32.2,1060,6,12,183,12,0,6,12,164,12,0
32.25,1034,3,9,172,9,0,3,13,165,13,0
32.3,987,1,7,188,7,0,1,7,154,7,0
32.35,1034,0,6,201,6,0,0,7,185,7,0
32.4,1016,0,8,226,8,0,0,8,231,8,0
32.45,979,0,11,222,11,0,0,13,234,13,0
32.5,1055,0,9,209,9,0,0,7,222,7,0
32.55,1051,0,7,213,7,0,0,9,256,9,0
32.6,1014,0,7,225,7,0,0,7,272,7,0
32.65,942,0,8,199,8,0,0,8,225,8,0
32.7,1024,0,6,149,6,0,0,6,169,6,0
32.75,1042,0,5,124,5,0,0,4,140,4,0
32.8,1054,0,8,98,8,0,0,9,109,9,0
32.85,1060,0,7,84,7,0,0,8,86,8,0
32.9,1034,0,3,71,3,0,0,3,78,3,0
32.95,1028,0,8,75,8,0,0,7,75,7,0
33.0,984,0,5,60,5,0,0,5,70,5,0
33.05,1055,0,5,87,5,0,0,6,91,6,0
33.1,992,0,5,68,5,0,0,6,74,6,0
33.15,1024,0,6,68,6,0,0,6,75,6,0
33.2,1013,0,2,65,2,0,0,2,74,2,0
33.25,1007,0,1,39,1,0,0,3,44,3,0
33.3,1008,0,6,35,6,0,0,5,35,5,0
33.35,1003,0,2,39,2,0,0,2,43,2,0
33.4,1027,0,3,34,3,0,0,2,40,2,0
33.45,1017,0,1,21,1,0,0,2,24,2,0
33.5,1049,0,2,19,2,0,0,3,24,3,0
33.55,1057,0,5,8,5,0,0,4,9,4,0
33.6,1086,0,3,5,3,0,0,2,6,2,0
33.65,1035,0,0,8,0,0,0,0,10,0,0
33.7,956,0,1,6,1,0,0,1,7,1,0
33.75,955,0,0,3,0,0,0,0,3,0,0
33.8,1056,0,1,6,1,0,0,1,7,1,0
33.85,1084,0,2,3,2,0,0,2,3,2,0
33.9,1025,0,0,2,0,0,0,1,2,1,0
33.95,1054,0,0,5,0,0,0,0,6,0,0
34.0,1008,0,1,4,1,0,0,1,5,1,0
34.05,1044,0,0,1,0,0,0,0,1,0,0
34.1,1006,0,0,2,0,0,0,0,3,0,0
34.15,1007,0,2,2,2,0,0,2,3,2,0
34.2,973,0,1,4,1,0,0,0,3,0,0
34.25,1003,0,0,1,0,0,0,0,1,0,0
34.3,1043,0,0,0,0,0,0,0,1,0,0
34.35,1041,0,0,2,0,0,0,0,1,0,0
34.4,973,0,0,0,0,0,0,0,1,0,0
34.45,1006,0,0,0,0,0,0,0,0,0,0
34.5,1033,0,0,0,0,0,0,0,0,0,0
34.55,1033,0,0,0,0,0,0,0,0,0,0
34.6,1051,0,1,0,1,0,0,0,0,0,0
34.65,1062,0,0,0,0,0,0,0,0,0,0
34.7,1029,0,0,0,0,0,0,0,0,0,0
34.75,1018,0,0,0,0,0,0,0,0,0,0
34.8,1008,0,0,0,0,0,0,0,0,0,0
34.85,993,0,1,0,1,0,0,1,0,1,0
34.9,1038,0,0,0,0,0,0,0,0,0,0
34.95,1042,0,0,0,0,0,0,0,0,0,0
35.0,1047,0,0,0,0,0,0,0,0,0,0
35.05,1025,0,0,0,0,0,0,0,0,0,0
35.1,929,0,0,0,0,0,0,0,0,0,0
35.15,1066,0,0,0,0,0,0,0,0,0,0
35.2,1028,0,0,0,0,0,0,0,0,0,0
35.25,1032,0,0,0,0,0,0,0,0,0,0
35.3,1018,0,0,0,0,0,0,0,0,0,0
35.35,988,0,0,0,0,0,0,0,0,0,0
35.4,1028,0,0,0,0,0,0,0,0,0,0
35.45,1033,0,0,0,0,0,0,0,0,0,0
35.5,1081,0,0,0,0,0,0,0,0,0,0
35.55,1009,0,0,0,0,0,0,0,0,0,0
35.6,1017,0,0,0,0,0,0,0,0,0,0
35.65,1012,0,0,0,0,0,0,0,0,0,0
35.7,970,0,0,0,0,0,0,0,0,0,0
35.75,1036,0,0,0,0,0,0,0,0,0,0
35.8,975,0,0,0,0,0,0,0,0,0,0
35.85,1047,0,0,0,0,0,0,0,0,0,0
35.9,1049,0,0,0,0,0,0,0,0,0,0
35.95,1064,0,0,0,0,0,0,0,0,0,0
36.0,1021,0,0,0,0,0,0,0,0,0,0
36.05,1031,0,0,0,0,0,0,0,0,0,0
36.1,1025,0,0,0,0,0,0,0,0,0,0
36.15,1059,0,0,0,0,0,0,0,0,0,0
36.2,1047,0,0,0,0,0,0,0,0,0,0
36.25,1027,0,0,0,0,0,0,0,0,0,0
36.3,965,0,0,0,0,0,0,0,0,0,0
36.35,997,0,0,0,0,0,0,0,0,0,0
36.4,1036,0,0,0,0,0,0,0,0,0,0
36.45,967,0,0,0,0,0,0,0,0,0,0
36.5,1032,0,0,0,0,0,0,0,0,0,0
36.55,993,0,0,0,0,0,0,0,0,0,0
36.6,1014,0,0,0,0,0,0,0,0,0,0
36.65,1052,0,0,0,0,0,0,0,0,0,0
36.7,1008,0,0,0,0,0,0,0,0,0,0
36.75,1011,0,0,0,0,0,0,0,0,0,0
36.8,1039,0,0,0,0,0,0,0,0,0,0
36.85,1039,0,0,0,0,0,0,0,0,0,0
36.9,1024,0,0,0,0,0,0,0,0,0,0
36.95,1093,0,0,0,0,0,0,0,0,0,0
37.0,1046,0,0,0,0,0,0,0,0,0,0
37.05,1007,0,0,0,0,0,0,0,0,0,0
37.1,1020,0,0,0,0,0,0,0,0,0,0
37.15,1059,0,0,0,0,0,0,0,0,0,0
37.2,977,0,0,0,0,0,0,0,0,0,0
37.25,1044,0,0,0,0,0,0,0,0,0,0
37.3,999,0,0,0,0,0,0,0,0,0,0
37.35,1018,0,0,0,0,0,0,0,0,0,0
37.4,983,0,0,0,0,0,0,0,0,0,0
37.45,983,0,0,0,0,0,0,0,0,0,0
37.5,1033,0,0,0,0,0,0,0,0,0,0
37.55,1031,0,0,0,0,0,0,0,0,0,0
37.6,996,0,0,0,0,0,0,0,0,0,0
37.65,1039,0,0,0,0,0,0,0,0,0,0
37.7,1071,0,0,0,0,0,0,0,0,0,0
37.75,1034,0,0,0,0,0,0,0,0,0,0
37.8,1025,0,0,0,0,0,0,0,0,0,0
37.85,1022,0,0,0,0,0,0,0,0,0,0
37.9,1072,0,0,0,0,0,0,0,0,0,0
37.95,989,0,0,0,0,0,0,0,0,0,0
38.0,1038,0,0,0,0,0,0,0,0,0,0
38.05,1037,0,0,0,0,0,0,0,0,0,0
38.1,969,0,0,0,0,0,0,0,0,0,0
38.15,1016,0,0,0,0,0,0,0,0,0,0
38.2,1013,0,0,0,0,0,0,0,0,0,0
38.25,981,0,0,0,0,0,0,0,0,0,0
38.3,1081,0,0,0,0,0,0,0,0,0,0
38.35,995,0,0,0,0,0,0,0,0,0,0
38.4,1018,0,0,0,0,0,0,0,0,0,0
38.45,1042,0,0,0,0,0,0,0,0,0,0
38.5,1053,0,0,0,0,0,0,0,0,0,0
38.55,1044,0,0,0,0,0,0,0,0,0,0
38.6,1009,0,0,0,0,0,0,0,0,0,0
38.65,1002,0,0,0,0,0,0,0,0,0,0
38.7,1056,0,0,0,0,0,0,0,0,0,0
38.75,1013,0,0,0,0,0,0,0,0,0,0
38.8,1003,0,0,0,0,0,0,0,0,0,0
38.85,1030,0,0,0,0,0,0,0,0,0,0
38.9,966,0,0,0,0,0,0,0,0,0,0
38.95,1039,0,0,0,0,0,0,0,0,0,0
39.0,1057,0,0,0,0,0,0,0,0,0,0
39.05,1010,0,0,0,0,0,0,0,0,0,0
39.1,1028,0,0,0,0,0,0,0,0,0,0
39.15,1031,0,0,0,0,0,0,0,0,0,0
39.2,1041,0,0,0,0,0,0,0,0,0,0
39.25,993,0,0,0,0,0,0,0,0,0,0
39.3,1031,0,0,0,0,0,0,0,0,0,0
39.35,1011,0,0,0,0,0,0,0,0,0,0
39.4,1059,0,0,0,0,0,0,0,0,0,0
39.45,1053,0,0,0,0,0,0,0,0,0,0
39.5,997,0,0,0,0,0,0,0,0,0,0
39.55,1067,0,0,0,0,0,0,0,0,0,0
39.6,1003,0,0,0,0,0,0,0,0,0,0
39.65,1021,0,0,0,0,0,0,0,0,0,0
39.7,1004,0,0,0,0,0,0,0,0,0,0
39.75,1046,0,0,0,0,0,0,0,0,0,0
39.8,994,0,0,0,0,0,0,0,0,0,0
39.85,1063,0,0,0,0,0,0,0,0,0,0
39.9,1022,0,0,0,0,0,0,0,0,0,0
39.95,1018,0,0,0,0,0,0,0,0,0,0
40.0,1010,0,0,0,0,0,0,0,0,0,0
40.05,1030,0,0,0,0,0,0,0,0,0,0
40.1,1010,0,0,0,0,0,0,0,0,0,0
40.15,1038,0,0,0,0,0,0,0,0,0,0
40.2,1031,0,0,0,0,0,0,0,0,0,0
40.25,1012,0,0,0,0,0,0,0,0,0,0
40.3,1005,0,0,0,0,0,0,0,0,0,0
40.35,1041,0,0,0,0,0,0,0,0,0,0
40.4,1031,0,0,0,0,0,0,0,0,0,0
40.45,1013,0,0,0,0,0,0,0,0,0,0
40.5,1037,0,0,0,0,0,0,0,0,0,0
40.55,980,0,0,0,0,0,0,0,0,0,0
40.6,1022,0,0,0,0,0,0,0,0,0,0
40.65,1058,0,0,0,0,0,0,0,0,0,0
40.7,1079,0,0,0,0,0,0,0,0,0,0
40.75,1049,0,0,0,0,0,0,0,0,0,0
40.8,1007,0,0,0,0,0,0,0,0,0,0
40.85,1029,0,0,0,0,0,0,0,0,0,0
40.9,977,0,0,0,0,0,0,0,0,0,0
40.95,1040,0,0,0,0,0,0,0,0,0,0
41.0,958,0,0,0,0,0,0,0,0,0,0
41.05,1080,0,0,0,0,0,0,0,0,0,0
41.1,992,0,0,0,0,0,0,0,0,0,0
41.15,1019,0,0,0,0,0,0,0,0,0,0
41.2,1019,0,0,0,0,0,0,0,0,0,0
41.25,988,0,0,0,0,0,0,0,0,0,0
41.3,984,0,0,0,0,0,0,0,0,0,0
41.35,1057,0,0,0,0,0,0,0,0,0,0
41.4,1048,0,0,0,0,0,0,0,0,0,0
41.45,1055,0,0,0,0,0,0,0,0,0,0
41.5,1057,0,0,0,0,0,0,0,0,0,0
41.55,997,0,0,0,0,0,0,0,0,0,0
41.6,1041,0,0,0,0,0,0,0,0,0,0
41.65,1003,0,0,0,0,0,0,0,0,0,0
41.7,1030,0,0,0,0,0,0,0,0,0,0
41.75,1023,0,0,0,0,0,0,0,0,0,0
41.8,985,0,0,0,0,0,0,0,0,0,0
41.85,1052,0,0,0,0,0,0,0,0,0,0
41.9,1014,0,0,0,0,0,0,0,0,0,0
41.95,1028,0,0,0,0,0,0,0,0,0,0
42.0,998,0,0,0,0,0,0,0,0,0,0
42.05,1023,0,0,0,0,0,0,0,0,0,0
42.1,1046,0,0,0,0,0,0,0,0,0,0
42.15,1030,0,0,0,0,0,0,0,0,0,0
42.2,1046,0,0,0,0,0,0,0,0,0,0
42.25,1031,0,0,0,0,0,0,0,0,0,0
42.3,1036,0,0,0,0,0,0,0,0,0,0
42.35,1060,0,0,0,0,0,0,0,0,0,0
42.4,986,0,0,0,0,0,0,0,0,0,0
42.45,986,0,0,0,0,0,0,0,0,0,0
42.5,1055,0,0,0,0,0,0,0,0,0,0
42.55,1048,0,0,0,0,0,0,0,0,0,0
42.6,1014,0,0,0,0,0,0,0,0,0,0
42.65,957,0,0,0,0,0,0,0,0,0,0
42.7,1019,0,0,0,0,0,0,0,0,0,0
42.75,1022,0,0,0,0,0,0,0,0,0,0
42.8,1020,0,0,0,0,0,0,0,0,0,0
42.85,1069,0,0,0,0,0,0,0,0,0,0
42.9,957,0,0,0,0,0,0,0,0,0,0
42.95,1026,0,0,0,0,0,0,0,0,0,0
43.0,1077,0,0,0,0,0,0,0,0,0,0
43.05,1001,0,0,0,0,0,0,0,0,0,0
43.1,1045,0,0,0,0,0,0,0,0,0,0
43.15,961,0,0,0,0,0,0,0,0,0,0
43.2,1044,0,0,0,0,0,0,0,0,0,0
43.25,1039,0,0,0,0,0,0,0,0,0,0
43.3,1039,0,0,0,0,0,0,0,0,0,0
43.35,1009,0,0,0,0,0,0,0,0,0,0
43.4,1030,0,0,0,0,0,0,0,0,0,0
43.45,1052,0,0,0,0,0,0,0,0,0,0
43.5,994,0,0,0,0,0,0,0,0,0,0
43.55,1044,0,0,0,0,0,0,0,0,0,0
43.6,1007,0,0,0,0,0,0,0,0,0,0
43.65,1030,0,0,0,0,0,0,0,0,0,0
43.7,1037,0,0,0,0,0,0,0,0,0,0
43.75,1023,0,0,0,0,0,0,0,0,0,0
43.8,989,0,0,0,0,0,0,0,0,0,0
43.85,1027,0,0,0,0,0,0,0,0,0,0
43.9,1032,0,0,0,0,0,0,0,0,0,0
43.95,1018,0,0,0,0,0,0,0,0,0,0
44.0,1053,0,0,0,0,0,0,0,0,0,0
44.05,954,0,0,0,0,0,0,0,0,0,0
44.1,1045,0,0,0,0,0,0,0,0,0,0
44.15,996,0,0,0,0,0,0,0,0,0,0
44.2,1022,0,0,0,0,0,0,0,0,0,0
44.25,1045,0,0,0,0,0,0,0,0,0,0
44.3,978,0,0,0,0,0,0,0,0,0,0
44.35,1069,0,0,0,0,0,0,0,0,0,0
44.4,1015,0,0,0,0,0,0,0,0,0,0
44.45,1049,0,0,0,0,0,0,0,0,0,0
44.5,1071,0,0,0,0,0,0,0,0,0,0
44.55,1015,0,0,0,0,0,0,0,0,0,0
44.6,1041,0,0,0,0,0,0,0,0,0,0
44.65,1009,0,0,0,0,0,0,0,0,0,0
44.7,992,0,0,0,0,0,0,0,0,0,0
44.75,943,0,0,0,0,0,0,0,0,0,0
44.8,1062,0,0,0,0,0,0,0,0,0,0
44.85,998,0,0,0,0,0,0,0,0,0,0
44.9,1034,0,0,0,0,0,0,0,0,0,0
44.95,985,0,0,0,0,0,0,0,0,0,0
45.0,1037,0,0,0,0,0,0,0,0,0,0
45.05,1027,0,0,0,0,0,0,0,0,0,0
45.1,1007,0,0,0,0,0,0,0,0,0,0
45.15,1006,0,0,0,0,0,0,0,0,0,0
45.2,1080,0,0,0,0,0,0,0,0,0,0
45.25,1045,0,0,0,0,0,0,0,0,0,0
45.3,1034,0,0,0,0,0,0,0,0,0,0
45.35,1012,0,0,0,0,0,0,0,0,0,0
45.4,1075,0,0,0,0,0,0,0,0,0,0
45.45,1005,0,0,0,0,0,0,0,0,0,0
45.5,983,0,0,0,0,0,0,0,0,0,0
45.55,1030,0,0,0,0,0,0,0,0,0,0
45.6,1026,0,0,0,0,0,0,0,0,0,0
45.65,1034,0,0,0,0,0,0,0,0,0,0
45.7,964,0,0,0,0,0,0,0,0,0,0
45.75,984,0,0,0,0,0,0,0,0,0,0
45.8,1061,0,0,0,0,0,0,0,0,0,0
45.85,1028,0,0,0,0,0,0,0,0,0,0
45.9,996,0,0,0,0,0,0,0,0,0,0
45.95,1060,0,0,0,0,0,0,0,0,0,0
46.0,1018,0,0,0,0,0,0,0,0,0,0
46.05,1083,0,0,0,0,0,0,0,0,0,0
46.1,1046,0,0,0,0,0,0,0,0,0,0
46.15,1030,0,0,0,0,0,0,0,0,0,0
46.2,1004,0,0,0,0,0,0,0,0,0,0
46.25,1054,0,0,0,0,0,0,0,0,0,0
46.3,1035,0,0,0,0,0,0,0,0,0,0
46.35,990,0,0,0,0,0,0,0,0,0,0
46.4,1016,0,0,0,0,0,0,0,0,0,0
46.45,1016,0,0,0,0,0,0,0,0,0,0
46.5,963,0,0,0,0,0,0,0,0,0,0
46.55,973,0,0,0,0,0,0,0,0,0,0
46.6,1035,0,0,0,0,0,0,0,0,0,0
46.65,1005,0,0,0,0,0,0,0,0,0,0
46.7,1082,0,0,0,0,0,0,0,0,0,0
46.75,1063,0,0,0,0,0,0,0,0,0,0
46.8,1073,0,0,0,0,0,0,0,0,0,0
46.85,1011,0,0,0,0,0,0,0,0,0,0
46.9,1021,0,0,0,0,0,0,0,0,0,0
46.95,1044,0,0,0,0,0,0,0,0,0,0
47.0,1051,0,0,0,0,0,0,0,0,0,0
47.05,1044,0,0,0,0,0,0,0,0,0,0
47.1,1005,0,0,0,0,0,0,0,0,0,0
47.15,1047,0,0,0,0,0,0,0,0,0,0
47.2,966,0,0,0,0,0,0,0,0,0,0
47.25,1000,0,0,0,0,0,0,0,0,0,0
47.3,982,0,0,0,0,0,0,0,0,0,0
47.35,942,0,0,0,0,0,0,0,0,0,0
47.4,1045,0,0,0,0,0,0,0,0,0,0
47.45,1054,0,0,0,0,0,0,0,0,0,0
47.5,1048,0,0,0,0,0,0,0,0,0,0
47.55,1028,0,0,0,0,0,0,0,0,0,0
47.6,1089,0,0,0,0,0,0,0,0,0,0
47.65,1037,0,0,0,0,0,0,0,0,0,0
47.7,978,0,0,0,0,0,0,0,0,0,0
47.75,1067,0,0,0,0,0,0,0,0,0,0
47.8,1039,0,0,0,0,0,0,0,0,0,0
47.85,1078,0,0,0,0,0,0,0,0,0,0
47.9,1045,0,0,0,0,0,0,0,0,0,0
47.95,946,0,0,0,0,0,0,0,0,0,0
48.0,1017,0,0,0,0,0,0,0,0,0,0
48.05,964,0,0,0,0,0,0,0,0,0,0
48.1,1033,0,0,0,0,0,0,0,0,0,0
48.150000000000006,948,0,0,0,0,0,0,0,0,0,0
48.2,1010,0,0,0,0,0,0,0,0,0,0
48.25,1007,0,0,0,0,0,0,0,0,0,0
48.3,1061,0,0,0,0,0,0,0,0,0,0
48.35,1028,0,0,0,0,0,0,0,0,0,0
48.400000000000006,1089,0,0,0,0,0,0,0,0,0,0
48.45,1024,0,0,0,0,0,0,0,0,0,0
48.5,1059,0,0,0,0,0,0,0,0,0,0
48.55,1042,0,0,0,0,0,0,0,0,0,0
48.6,1053,0,0,0,0,0,0,0,0,0,0
48.650000000000006,1003,0,0,0,0,0,0,0,0,0,0
48.7,1052,0,0,0,0,0,0,0,0,0,0
48.75,974,0,0,0,0,0,0,0,0,0,0
48.8,988,0,0,0,0,0,0,0,0,0,0
48.85,983,0,0,0,0,0,0,0,0,0,0
48.900000000000006,1021,0,0,0,0,0,0,0,0,0,0
48.95,1031,0,0,0,0,0,0,0,0,0,0
49.0,1028,0,0,0,0,0,0,0,0,0,0
49.05,1040,0,0,0,0,0,0,0,0,0,0
49.1,1015,0,0,0,0,0,0,0,0,0,0
49.150000000000006,1043,0,0,0,0,0,0,0,0,0,0
49.2,998,0,0,0,0,0,0,0,0,0,0
49.25,1035,0,0,0,0,0,0,0,0,0,0
49.3,1036,0,0,0,0,0,0,0,0,0,0
49.35,1032,0,0,0,0,0,0,0,0,0,0
49.400000000000006,1072,0,0,0,0,0,0,0,0,0,0
49.45,1038,0,0,0,0,0,0,0,0,0,0
49.5,984,0,0,0,0,0,0,0,0,0,0
49.55,1011,0,0,0,0,0,0,0,0,0,0
49.6,1049,0,0,0,0,0,0,0,0,0,0
49.650000000000006,1016,0,0,0,0,0,0,0,0,0,0
49.7,1023,0,0,0,0,0,0,0,0,0,0
49.75,1019,0,0,0,0,0,0,0,0,0,0
49.8,994,0,0,0,0,0,0,0,0,0,0
49.85,990,0,0,0,0,0,0,0,0,0,0
49.900000000000006,1062,0,0,0,0,0,0,0,0,0,0
49.95,1008,0,0,0,0,0,0,0,0,0,0
50.0,1024,0,0,0,0,0,0,0,0,0,0
50.05,1036,0,0,0,0,0,0,0,0,0,0
50.1,986,0,0,0,0,0,0,0,0,0,0
50.150000000000006,1072,0,0,0,0,0,0,0,0,0,0
50.2,1002,0,0,0,0,0,0,0,0,0,0
50.25,991,0,0,0,0,0,0,0,0,0,0
50.3,1068,0,0,0,0,0,0,0,0,0,0
50.35,1028,0,0,0,0,0,0,0,0,0,0
50.400000000000006,1020,0,0,0,0,0,0,0,0,0,0
50.45,1006,0,0,0,0,0,0,0,0,0,0
50.5,1131,0,0,0,0,0,0,0,0,0,0
50.55,1024,0,0,0,0,0,0,0,0,0,0
50.6,994,0,0,0,0,0,0,0,0,0,0
50.650000000000006,999,0,0,0,0,0,0,0,0,0,0
50.7,982,0,0,0,0,0,0,0,0,0,0
50.75,1004,0,0,0,0,0,0,0,0,0,0
50.8,988,0,0,0,0,0,0,0,0,0,0
50.85,1035,0,0,0,0,0,0,0,0,0,0
50.900000000000006,1038,0,0,0,0,0,0,0,0,0,0
50.95,1055,0,0,0,0,0,0,0,0,0,0
51.0,1017,0,0,0,0,0,0,0,0,0,0
51.05,990,0,0,0,0,0,0,0,0,0,0
51.1,1053,0,0,0,0,0,0,0,0,0,0
51.150000000000006,1059,0,0,0,0,0,0,0,0,0,0
51.2,1081,0,0,0,0,0,0,0,0,0,0
51.25,1020,0,0,0,0,0,0,0,0,0,0
51.3,993,0,0,0,0,0,0,0,0,0,0
51.35,1029,0,0,0,0,0,0,0,0,0,0
51.400000000000006,979,0,0,0,0,0,0,0,0,0,0
51.45,1082,0,0,0,0,0,0,0,0,0,0
51.5,1002,0,0,0,0,0,0,0,0,0,0
51.55,1003,0,0,0,0,0,0,0,0,0,0
51.6,1015,0,0,0,0,0,0,0,0,0,0
51.650000000000006,1006,0,0,0,0,0,0,0,0,0,0
51.7,1001,0,0,0,0,0,0,0,0,0,0
51.75,1034,0,0,0,0,0,0,0,0,0,0
51.8,1052,0,0,0,0,0,0,0,0,0,0
51.85,1079,0,0,0,0,0,0,0,0,0,0
51.900000000000006,996,0,0,0,0,0,0,0,0,0,0
51.95,1009,0,0,0,0,0,0,0,0,0,0
52.0,998,0,0,0,0,0,0,0,0,0,0
52.05,1071,0,0,0,0,0,0,0,0,0,0
52.1,1026,0,0,0,0,0,0,0,0,0,0
52.150000000000006,1035,0,0,0,0,0,0,0,0,0,0
52.2,1001,0,0,0,0,0,0,0,0,0,0
52.25,1074,0,0,0,0,0,0,0,0,0,0
52.3,994,0,0,0,0,0,0,0,0,0,0
52.35,998,0,0,0,0,0,0,0,0,0,0
52.400000000000006,971,0,0,0,0,0,0,0,0,0,0
52.45,1075,0,0,0,0,0,0,0,0,0,0
52.5,990,0,0,0,0,0,0,0,0,0,0
52.55,1013,0,0,0,0,0,0,0,0,0,0
52.6,1041,0,0,0,0,0,0,0,0,0,0
52.650000000000006,1033,0,0,0,0,0,0,0,0,0,0
52.7,1043,0,0,0,0,0,0,0,0,0,0
52.75,1062,0,0,0,0,0,0,0,0,0,0
52.8,995,0,0,0,0,0,0,0,0,0,0
52.85,1042,0,0,0,0,0,0,0,0,0,0
52.900000000000006,1031,0,0,0,0,0,0,0,0,0,0
52.95,1006,0,0,0,0,0,0,0,0,0,0
53.0,1048,0,0,0,0,0,0,0,0,0,0
53.05,975,0,0,0,0,0,0,0,0,0,0
53.1,1011,0,0,0,0,0,0,0,0,0,0
53.150000000000006,1016,0,0,0,0,0,0,0,0,0,0
53.2,1014,0,0,0,0,0,0,0,0,0,0
53.25,1001,0,0,0,0,0,0,0,0,0,0
53.3,1052,0,0,0,0,0,0,0,0,0,0
53.35,1071,0,0,0,0,0,0,0,0,0,0
53.400000000000006,1029,0,0,0,0,0,0,0,0,0,0
53.45,1041,0,0,0,0,0,0,0,0,0,0
53.5,1034,0,0,0,0,0,0,0,0,0,0
53.55,995,0,0,0,0,0,0,0,0,0,0
53.6,1017,0,0,0,0,0,0,0,0,0,0
53.650000000000006,1011,0,0,0,0,0,0,0,0,0,0
53.7,997,0,0,0,0,0,0,0,0,0,0
53.75,1046,0,0,0,0,0,0,0,0,0,0
53.8,1051,0,0,0,0,0,0,0,0,0,0
53.85,1057,0,0,0,0,0,0,0,0,0,0
53.900000000000006,992,0,0,0,0,0,0,0,0,0,0
53.95,997,0,0,0,0,0,0,0,0,0,0
54.0,1021,0,0,0,0,0,0,0,0,0,0
54.05,1042,0,0,0,0,0,0,0,0,0,0
54.1,996,0,0,0,0,0,0,0,0,0,0
54.150000000000006,994,0,0,0,0,0,0,0,0,0,0
54.2,997,0,0,0,0,0,0,0,0,0,0
54.25,1123,0,0,0,0,0,0,0,0,0,0
54.3,1033,0,0,0,0,0,0,0,0,0,0
54.35,998,0,0,0,0,0,0,0,0,0,0
54.400000000000006,1000,0,0,0,0,0,0,0,0,0,0
54.45,1033,0,0,0,0,0,0,0,0,0,0
54.5,1001,0,0,0,0,0,0,0,0,0,0
54.55,1050,0,0,0,0,0,0,0,0,0,0
54.6,981,0,0,0,0,0,0,0,0,0,0
54.650000000000006,1061,0,0,0,0,0,0,0,0,0,0
54.7,1055,0,0,0,0,0,0,0,0,0,0
54.75,1046,0,0,0,0,0,0,0,0,0,0
54.8,1045,0,0,0,0,0,0,0,0,0,0
54.85,968,0,0,0,0,0,0,0,0,0,0
54.900000000000006,1010,0,0,0,0,0,0,0,0,0,0
54.95,1030,0,0,0,0,0,0,0,0,0,0
55.0,962,0,0,0,0,0,0,0,0,0,0
55.05,1028,0,0,0,0,0,0,0,0,0,0
55.1,1043,0,0,0,0,0,0,0,0,0,0
55.150000000000006,1028,0,0,0,0,0,0,0,0,0,0
55.2,999,0,0,0,0,0,0,0,0,0,0
55.25,1045,0,0,0,0,0,0,0,0,0,0
55.3,1039,0,0,0,0,0,0,0,0,0,0
55.35,1056,0,0,0,0,0,0,0,0,0,0
55.400000000000006,985,0,0,0,0,0,0,0,0,0,0
55.45,1083,0,0,0,0,0,0,0,0,0,0
55.5,1048,0,0,0,0,0,0,0,0,0,0
55.55,998,0,0,0,0,0,0,0,0,0,0
55.6,1014,0,0,0,0,0,0,0,0,0,0
55.650000000000006,1024,0,0,0,0,0,0,0,0,0,0
55.7,1027,0,0,0,0,0,0,0,0,0,0
55.75,985,0,0,0,0,0,0,0,0,0,0
55.8,1011,0,0,0,0,0,0,0,0,0,0
55.85,997,0,0,0,0,0,0,0,0,0,0
55.900000000000006,1022,0,0,0,0,0,0,0,0,0,0
55.95,972,0,0,0,0,0,0,0,0,0,0
56.0,1093,0,0,0,0,0,0,0,0,0,0
56.05,1008,0,0,0,0,0,0,0,0,0,0
56.1,1029,0,0,0,0,0,0,0,0,0,0
56.150000000000006,1108,0,0,0,0,0,0,0,0,0,0
56.2,996,0,0,0,0,0,0,0,0,0,0
56.25,1060,0,0,0,0,0,0,0,0,0,0
56.3,1002,0,0,0,0,0,0,0,0,0,0
56.35,952,0,0,0,0,0,0,0,0,0,0
56.400000000000006,1031,0,0,0,0,0,0,0,0,0,0
56.45,1009,0,0,0,0,0,0,0,0,0,0
56.5,1008,0,0,0,0,0,0,0,0,0,0
56.55,1057,0,0,0,0,0,0,0,0,0,0
56.6,1024,0,0,0,0,0,0,0,0,0,0
56.650000000000006,1065,0,0,0,0,0,0,0,0,0,0
56.7,1015,0,0,0,0,0,0,0,0,0,0
56.75,1045,0,0,0,0,0,0,0,0,0,0
56.8,1012,0,0,0,0,0,0,0,0,0,0
56.85,1004,0,0,0,0,0,0,0,0,0,0
56.900000000000006,1022,0,0,0,0,0,0,0,0,0,0
56.95,995,0,0,0,0,0,0,0,0,0,0
57.0,1058,0,0,0,0,0,0,0,0,0,0
57.05,1022,0,0,0,0,0,0,0,0,0,0
57.1,972,0,0,0,0,0,0,0,0,0,0
57.150000000000006,1012,0,0,0,0,0,0,0,0,0,0
57.2,1027,0,0,0,0,0,0,0,0,0,0
57.25,1004,0,0,0,0,0,0,0,0,0,0
57.3,1023,0,0,0,0,0,0,0,0,0,0
57.35,1092,0,0,0,0,0,0,0,0,0,0
57.400000000000006,1040,0,0,0,0,0,0,0,0,0,0
57.45,1007,0,0,0,0,0,0,0,0,0,0
57.5,1015,0,0,0,0,0,0,0,0,0,0
57.55,1035,0,0,0,0,0,0,0,0,0,0
57.6,1051,0,0,0,0,0,0,0,0,0,0
57.650000000000006,1011,0,0,0,0,0,0,0,0,0,0
57.7,1051,0,0,0,0,0,0,0,0,0,0
57.75,1012,0,0,0,0,0,0,0,0,0,0
57.8,1014,0,0,0,0,0,0,0,0,0,0
57.85,988,0,0,0,0,0,0,0,0,0,0
57.900000000000006,995,0,0,0,0,0,0,0,0,0,0
57.95,1017,0,0,0,0,0,0,0,0,0,0
58.0,1002,0,0,0,0,0,0,0,0,0,0
58.05,1016,0,0,0,0,0,0,0,0,0,0
58.1,1046,0,0,0,0,0,0,0,0,0,0
58.150000000000006,1038,0,0,0,0,0,0,0,0,0,0
58.2,1033,0,0,0,0,0,0,0,0,0,0
58.25,1042,0,0,0,0,0,0,0,0,0,0
58.3,1046,0,0,0,0,0,0,0,0,0,0
58.35,983,0,0,0,0,0,0,0,0,0,0
58.400000000000006,1028,0,0,0,0,0,0,0,0,0,0
58.45,1024,0,0,0,0,0,0,0,0,0,0
58.5,1039,0,0,0,0,0,0,0,0,0,0
58.55,1001,0,0,0,0,0,0,0,0,0,0
58.6,1036,0,0,0,0,0,0,0,0,0,0
58.650000000000006,975,0,0,0,0,0,0,0,0,0,0
58.7,1078,0,0,0,0,0,0,0,0,0,0
58.75,1040,0,0,0,0,0,0,0,0,0,0
58.8,1033,0,0,0,0,0,0,0,0,0,0
58.85,973,0,0,0,0,0,0,0,0,0,0
58.900000000000006,1031,0,0,0,0,0,0,0,0,0,0
58.95,1040,0,0,0,0,0,0,0,0,0,0
59.0,1074,0,0,0,0,0,0,0,0,0,0
59.05,1009,0,0,0,0,0,0,0,0,0,0
59.1,995,0,0,0,0,0,0,0,0,0,0
59.150000000000006,1019,0,0,0,0,0,0,0,0,0,0
59.2,1044,0,0,0,0,0,0,0,0,0,0
59.25,958,0,0,0,0,0,0,0,0,0,0
59.3,1027,0,0,0,0,0,0,0,0,0,0
59.35,1094,0,0,0,0,0,0,0,0,0,0
59.400000000000006,1047,0,0,0,0,0,0,0,0,0,0
59.45,1016,0,0,0,0,0,0,0,0,0,0
59.5,1031,0,0,0,0,0,0,0,0,0,0
59.55,1004,0,0,0,0,0,0,0,0,0,0
59.6,984,0,0,0,0,0,0,0,0,0,0
59.650000000000006,1038,0,0,0,0,0,0,0,0,0,0
59.7,1037,0,0,0,0,0,0,0,0,0,0
59.75,1017,0,0,0,0,0,0,0,0,0,0
59.8,999,0,0,0,0,0,0,0,0,0,0
59.85,1027,0,0,0,0,0,0,0,0,0,0
59.900000000000006,1050,0,0,0,0,0,0,0,0,0,0
59.95,1035,0,0,0,0,0,0,0,0,0,0
60.0,1030,0,0,0,0,0,0,0,0,0,0
60.05,1003,0,0,0,0,0,0,0,0,0,0
60.1,1020,0,0,0,0,0,0,0,0,0,0
60.150000000000006,994,0,0,0,0,0,0,0,0,0,0
60.2,1063,0,0,0,0,0,0,0,0,0,0
60.25,1024,0,0,0,0,0,0,0,0,0,0
60.3,1080,0,0,0,0,0,0,0,0,0,0
60.35,1021,0,0,0,0,0,0,0,0,0,0
60.400000000000006,1007,0,0,0,0,0,0,0,0,0,0
60.45,1015,0,0,0,0,0,0,0,0,0,0
60.5,1013,0,0,0,0,0,0,0,0,0,0
60.55,940,0,0,0,0,0,0,0,0,0,0
60.6,1105,0,0,0,0,0,0,0,0,0,0
60.650000000000006,994,0,0,0,0,0,0,0,0,0,0
60.7,1053,0,0,0,0,0,0,0,0,0,0
60.75,1006,0,0,0,0,0,0,0,0,0,0
60.8,1039,0,0,0,0,0,0,0,0,0,0
60.85,1063,0,0,0,0,0,0,0,0,0,0
60.900000000000006,998,0,0,0,0,0,0,0,0,0,0
60.95,1025,0,0,0,0,0,0,0,0,0,0
61.0,1076,0,0,0,0,0,0,0,0,0,0
61.05,973,0,0,0,0,0,0,0,0,0,0
61.1,1010,0,0,0,0,0,0,0,0,0,0
61.150000000000006,1018,0,0,0,0,0,0,0,0,0,0
61.2,984,0,0,0,0,0,0,0,0,0,0
61.25,1061,0,0,0,0,0,0,0,0,0,0
61.3,1005,0,0,0,0,0,0,0,0,0,0
61.35,1010,0,0,0,0,0,0,0,0,0,0
61.400000000000006,1013,0,0,0,0,0,0,0,0,0,0
61.45,1008,0,0,0,0,0,0,0,0,0,0
61.5,1020,0,0,0,0,0,0,0,0,0,0
61.55,977,0,0,0,0,0,0,0,0,0,0
61.6,1083,0,0,0,0,0,0,0,0,0,0
61.650000000000006,1028,0,0,0,0,0,0,0,0,0,0
61.7,1023,0,0,0,0,0,0,0,0,0,0
61.75,1055,0,0,0,0,0,0,0,0,0,0
61.8,1025,0,0,0,0,0,0,0,0,0,0
61.85,1027,0,0,0,0,0,0,0,0,0,0
61.900000000000006,1033,0,0,0,0,0,0,0,0,0,0
61.95,1010,0,0,0,0,0,0,0,0,0,0
62.0,1022,0,0,0,0,0,0,0,0,0,0
62.05,1035,0,0,0,0,0,0,0,0,0,0
62.1,1042,0,0,0,0,0,0,0,0,0,0
62.150000000000006,1011,0,0,0,0,0,0,0,0,0,0
62.2,990,0,0,0,0,0,0,0,0,0,0
62.25,1032,0,0,0,0,0,0,0,0,0,0
62.3,994,0,0,0,0,0,0,0,0,0,0
62.35,1028,0,0,0,0,0,0,0,0,0,0
62.400000000000006,1039,0,0,0,0,0,0,0,0,0,0
62.45,1094,0,0,0,0,0,0,0,0,0,0
62.5,1029,0,0,0,0,0,0,0,0,0,0
62.55,996,0,0,0,0,0,0,0,0,0,0
62.6,1027,0,0,0,0,0,0,0,0,0,0
62.650000000000006,1026,0,0,0,0,0,0,0,0,0,0
62.7,1015,0,0,0,0,0,0,0,0,0,0
62.75,1042,0,0,0,0,0,0,0,0,0,0
62.8,1028,0,0,0,0,0,0,0,0,0,0
62.85,990,0,0,0,0,0,0,0,0,0,0
62.900000000000006,999,0,0,0,0,0,0,0,0,0,0
62.95,1039,0,0,0,0,0,0,0,0,0,0
63.0,998,0,0,0,0,0,0,0,0,0,0
63.05,1039,0,0,0,0,0,0,0,0,0,0
63.1,1061,0,0,0,0,0,0,0,0,0,0
63.150000000000006,1056,0,0,0,0,0,0,0,0,0,0
63.2,1067,0,0,0,0,0,0,0,0,0,0
63.25,1028,0,0,0,0,0,0,0,0,0,0
63.3,1025,0,0,0,0,0,0,0,0,0,0
63.35,1003,0,0,0,0,0,0,0,0,0,0
63.400000000000006,1016,0,0,0,0,0,0,0,0,0,0
63.45,1019,0,0,0,0,0,0,0,0,0,0
63.5,1002,0,0,0,0,0,0,0,0,0,0
63.55,1020,0,0,0,0,0,0,0,0,0,0
63.6,1026,0,0,0,0,0,0,0,0,0,0
63.650000000000006,948,0,0,0,0,0,0,0,0,0,0
63.7,1066,0,0,0,0,0,0,0,0,0,0
63.75,1018,0,0,0,0,0,0,0,0,0,0
63.8,1031,0,0,0,0,0,0,0,0,0,0
63.85,1012,0,0,0,0,0,0,0,0,0,0
63.900000000000006,1047,0,0,0,0,0,0,0,0,0,0
63.95,1035,0,0,0,0,0,0,0,0,0,0
64.0,1058,0,0,0,0,0,0,0,0,0,0
64.05000000000001,1014,0,0,0,0,0,0,0,0,0,0
64.1,1029,0,0,0,0,0,0,0,0,0,0
64.15,1021,0,0,0,0,0,0,0,0,0,0
64.2,1029,0,0,0,0,0,0,0,0,0,0
64.25,971,0,0,0,0,0,0,0,0,0,0
64.30000000000001,1049,0,0,0,0,0,0,0,0,0,0
64.35,988,0,0,0,0,0,0,0,0,0,0
64.4,1047,0,0,0,0,0,0,0,0,0,0
64.45,1020,0,0,0,0,0,0,0,0,0,0
64.5,991,0,0,0,0,0,0,0,0,0,0
64.55000000000001,988,0,0,0,0,0,0,0,0,0,0
64.6,968,0,0,0,0,0,0,0,0,0,0
64.65,879,0,0,0,0,0,0,0,0,0,0
64.7,730,0,0,0,0,0,0,0,0,0,0
64.75,593,0,0,0,0,0,0,0,0,0,0
64.80000000000001,469,0,0,0,0,0,0,0,0,0,0
64.85,288,0,0,0,0,0,0,0,0,0,0
64.9,187,0,0,0,0,0,0,0,0,0,0
64.95,60,0,0,0,0,0,0,0,0,0,0
