*****
4,0.05,1000,0,1,10,100,0.75,1.0,0.75,1.0,0.01
4,1000,941,938,817,938,0,0,0,0,0,0
4.05,1005,943,931,825,931,0,0,0,0,0,0
4.1,1035,974,976,861,976,0,0,0,0,0,0
4.1499999999999995,995,933,937,808,937,0,0,0,0,0,0
4.199999999999999,996,881,913,816,913,0,0,0,0,0,0
4.249999999999999,962,834,870,772,870,0,0,0,0,0,0
4.299999999999999,1013,841,898,840,898,0,0,0,0,0,0
4.349999999999999,995,792,850,800,850,0,0,0,0,0,0
4.399999999999999,1008,736,790,786,790,0,0,0,0,0,0
4.449999999999998,981,647,715,740,715,0,0,0,0,0,0
4.499999999999998,986,537,617,661,617,0,0,0,0,0,0
4.549999999999998,943,464,543,604,543,0,0,0,0,0,0
4.599999999999998,1011,412,503,574,503,0,0,0,0,0,0
4.649999999999998,912,335,401,482,401,0,0,0,0,0,0
4.6999999999999975,979,289,370,451,370,0,0,0,0,0,0
4.749999999999997,951,235,281,389,281,0,0,0,0,0,0
4.799999999999997,990,214,266,354,266,0,0,0,0,0,0
4.849999999999997,924,141,184,261,184,0,0,0,0,0,0
4.899999999999997,956,105,144,231,144,0,0,0,0,0,0
4.949999999999997,1008,85,115,200,115,0,0,0,0,0,0
4.9999999999999964,965,71,88,143,88,0,0,0,0,0,0
5.049999999999996,1014,58,75,135,75,0,0,0,0,0,0
5.099999999999996,995,40,54,104,54,0,0,0,0,0,0
5.149999999999996,944,32,39,77,39,0,0,0,0,0,0
5.199999999999996,908,22,26,50,26,0,0,0,0,0,0
5.249999999999996,985,13,17,34,17,0,0,0,0,0,0
5.299999999999995,1058,13,17,28,17,0,0,0,0,0,0
5.349999999999995,1007,6,9,18,9,0,0,0,0,0,0
5.399999999999995,1009,3,3,24,3,0,0,0,0,0,0
5.449999999999995,947,1,3,7,3,0,0,0,0,0,0
5.499999999999995,967,2,2,5,2,0,0,0,0,0,0
5.5499999999999945,931,0,1,6,1,0,0,0,0,0,0
5.599999999999994,956,3,4,6,4,0,0,0,0,0,0
5.649999999999994,898,0,0,0,0,0,0,0,0,0,0
5.699999999999994,944,1,1,2,1,0,0,0,0,0,0
5.749999999999994,821,0,0,0,0,0,0,0,0,0,0
5.799999999999994,780,1,1,1,1,0,0,0,0,0,0
5.849999999999993,778,0,0,0,0,0,0,0,0,0,0
5.899999999999993,765,0,0,2,0,0,0,0,0,0,0
5.949999999999993,701,0,0,0,0,0,0,0,0,0,0
5.999999999999993,710,0,0,0,0,0,0,0,0,0,0
6.049999999999993,590,0,0,0,0,0,0,0,0,0,0
6.0999999999999925,533,0,0,0,0,0,0,0,0,0,0
6.149999999999992,485,0,0,0,0,0,0,0,0,0,0
6.199999999999992,486,0,0,0,0,0,0,0,0,0,0
6.249999999999992,414,0,0,0,0,0,0,0,0,0,0
6.299999999999992,379,0,0,0,0,0,0,0,0,0,0
6.349999999999992,330,0,0,0,0,0,0,0,0,0,0
6.3999999999999915,245,0,0,0,0,0,0,0,0,0,0
6.449999999999991,214,0,0,0,0,0,0,0,0,0,0
6.499999999999991,170,0,0,0,0,0,0,0,0,0,0
6.549999999999991,126,0,0,0,0,0,0,0,0,0,0
6.599999999999991,104,0,0,0,0,0,0,0,0,0,0
6.649999999999991,80,0,0,0,0,0,0,0,0,0,0
6.69999999999999,52,0,0,0,0,0,0,0,0,0,0
6.74999999999999,37,0,0,0,0,0,0,0,0,0,0
6.79999999999999,21,0,0,0,0,0,0,0,0,0,0
6.84999999999999,20,0,0,0,0,0,0,0,0,0,0
6.89999999999999,12,0,0,0,0,0,0,0,0,0,0
6.9499999999999895,0,0,0,0,0,0,0,0,0,0,0
6.999999999999989,0,0,0,0,0,0,0,0,0,0,0
7.049999999999989,0,0,0,0,0,0,0,0,0,0,0
7.099999999999989,0,0,0,0,0,0,0,0,0,0,0
7.149999999999989,0,0,0,0,0,0,0,0,0,0,0
7.199999999999989,0,0,0,0,0,0,0,0,0,0,0
7.2499999999999885,0,0,0,0,0,0,0,0,0,0,0
7.299999999999988,0,0,0,0,0,0,0,0,0,0,0
7.349999999999988,0,0,0,0,0,0,0,0,0,0,0
7.399999999999988,0,0,0,0,0,0,0,0,0,0,0
7.449999999999988,0,0,0,0,0,0,0,0,0,0,0
7.499999999999988,0,0,0,0,0,0,0,0,0,0,0
7.549999999999987,0,0,0,0,0,0,0,0,0,0,0
7.599999999999987,0,0,0,0,0,0,0,0,0,0,0
7.649999999999987,0,0,0,0,0,0,0,0,0,0,0
7.699999999999987,0,0,0,0,0,0,0,0,0,0,0
7.749999999999987,0,0,0,0,0,0,0,0,0,0,0
7.7999999999999865,0,0,0,0,0,0,0,0,0,0,0
7.849999999999986,0,0,0,0,0,0,0,0,0,0,0
7.899999999999986,0,0,0,0,0,0,0,0,0,0,0
7.949999999999986,0,0,0,0,0,0,0,0,0,0,0
*****
4,0.05,1000,0,0.4,10,100,0.75,1.0,0.75,1.0,0.01
4,1000,1000,1000,1000,1000,0,0,0,0,0,0
4.05,989,989,989,989,989,0,0,0,0,0,0
4.1,1055,1055,1055,1055,1055,0,0,0,0,0,0
4.1499999999999995,990,990,990,990,990,0,0,0,0,0,0
4.199999999999999,965,965,965,965,965,0,0,0,0,0,0
4.249999999999999,1057,1057,1057,1057,1057,0,0,0,0,0,0
4.299999999999999,965,965,965,965,965,0,0,0,0,0,0
4.349999999999999,1056,1056,1056,1056,1056,0,0,0,0,0,0
4.399999999999999,995,995,995,995,995,0,0,0,0,0,0
4.449999999999998,1029,1029,1029,1029,1029,0,0,0,0,0,0
4.499999999999998,998,998,998,998,998,0,0,0,0,0,0
4.549999999999998,1007,1007,1007,1007,1007,0,0,0,0,0,0
4.599999999999998,1027,1027,1027,1027,1027,0,0,0,0,0,0
4.649999999999998,1034,1034,1034,1033,1034,0,0,0,0,0,0
4.6999999999999975,1045,1045,1045,1044,1045,0,0,0,0,0,0
4.749999999999997,993,993,993,990,993,0,0,0,0,0,0
4.799999999999997,937,937,937,933,937,0,0,0,0,0,0
4.849999999999997,1020,1020,1020,1011,1020,0,0,0,0,0,0
4.899999999999997,983,981,981,969,981,0,0,0,0,0,0
4.949999999999997,1008,996,996,985,996,0,0,0,0,0,0
4.9999999999999964,1000,971,973,945,973,0,0,0,0,0,0
5.049999999999996,1049,982,986,970,986,0,0,0,0,0,0
5.099999999999996,1024,886,889,887,889,0,0,0,0,0,0
5.149999999999996,963,711,720,729,720,0,0,0,0,0,0
5.199999999999996,1001,576,579,635,579,0,0,0,0,0,0
5.249999999999996,1018,425,436,515,436,0,0,0,0,0,0
5.299999999999995,1044,268,277,363,277,0,0,0,0,0,0
5.349999999999995,1014,141,145,231,145,0,0,0,0,0,0
5.399999999999995,1009,83,89,146,89,0,0,0,0,0,0
5.449999999999995,1049,31,32,86,32,0,0,0,0,0,0
5.499999999999995,1023,18,19,42,19,0,0,0,0,0,0
5.5499999999999945,895,12,15,24,15,0,0,0,0,0,0
5.599999999999994,965,4,4,11,4,0,0,0,0,0,0
5.649999999999994,985,0,0,1,0,0,0,0,0,0,0
5.699999999999994,954,0,0,3,0,0,0,0,0,0,0
5.749999999999994,927,0,0,2,0,0,0,0,0,0,0
5.799999999999994,841,0,0,0,0,0,0,0,0,0,0
5.849999999999993,700,0,0,0,0,0,0,0,0,0,0
5.899999999999993,555,0,0,0,0,0,0,0,0,0,0
5.949999999999993,481,0,0,0,0,0,0,0,0,0,0
5.999999999999993,322,0,0,0,0,0,0,0,0,0,0
6.049999999999993,213,0,0,0,0,0,0,0,0,0,0
6.0999999999999925,140,0,0,0,0,0,0,0,0,0,0
6.149999999999992,70,0,0,0,0,0,0,0,0,0,0
6.199999999999992,0,0,0,0,0,0,0,0,0,0,0
6.249999999999992,0,0,0,0,0,0,0,0,0,0,0
6.299999999999992,0,0,0,0,0,0,0,0,0,0,0
6.349999999999992,0,0,0,0,0,0,0,0,0,0,0
6.3999999999999915,0,0,0,0,0,0,0,0,0,0,0
6.449999999999991,0,0,0,0,0,0,0,0,0,0,0
6.499999999999991,0,0,0,0,0,0,0,0,0,0,0
6.549999999999991,0,0,0,0,0,0,0,0,0,0,0
6.599999999999991,0,0,0,0,0,0,0,0,0,0,0
6.649999999999991,0,0,0,0,0,0,0,0,0,0,0
6.69999999999999,0,0,0,0,0,0,0,0,0,0,0
6.74999999999999,0,0,0,0,0,0,0,0,0,0,0
6.79999999999999,0,0,0,0,0,0,0,0,0,0,0
6.84999999999999,0,0,0,0,0,0,0,0,0,0,0
6.89999999999999,0,0,0,0,0,0,0,0,0,0,0
6.9499999999999895,0,0,0,0,0,0,0,0,0,0,0
6.999999999999989,0,0,0,0,0,0,0,0,0,0,0
7.049999999999989,0,0,0,0,0,0,0,0,0,0,0
7.099999999999989,0,0,0,0,0,0,0,0,0,0,0
7.149999999999989,0,0,0,0,0,0,0,0,0,0,0
7.199999999999989,0,0,0,0,0,0,0,0,0,0,0
7.2499999999999885,0,0,0,0,0,0,0,0,0,0,0
7.299999999999988,0,0,0,0,0,0,0,0,0,0,0
7.349999999999988,0,0,0,0,0,0,0,0,0,0,0
7.399999999999988,0,0,0,0,0,0,0,0,0,0,0
7.449999999999988,0,0,0,0,0,0,0,0,0,0,0
7.499999999999988,0,0,0,0,0,0,0,0,0,0,0
7.549999999999987,0,0,0,0,0,0,0,0,0,0,0
7.599999999999987,0,0,0,0,0,0,0,0,0,0,0
7.649999999999987,0,0,0,0,0,0,0,0,0,0,0
7.699999999999987,0,0,0,0,0,0,0,0,0,0,0
7.749999999999987,0,0,0,0,0,0,0,0,0,0,0
7.7999999999999865,0,0,0,0,0,0,0,0,0,0,0
7.849999999999986,0,0,0,0,0,0,0,0,0,0,0
7.899999999999986,0,0,0,0,0,0,0,0,0,0,0
7.949999999999986,0,0,0,0,0,0,0,0,0,0,0
*****
4,0.05,1000,0.3,0.7,10,100,0.75,1.0,0.75,1.0,0.01
4,1000,978,979,973,979,0,0,0,0,0,0
4.05,1058,1032,1039,1011,1039,0,0,0,0,0,0
4.1,1080,1056,1061,1047,1061,0,0,0,0,0,0
4.1499999999999995,1005,993,993,969,993,0,0,0,0,0,0
4.199999999999999,992,977,980,971,980,0,0,0,0,0,0
4.249999999999999,1040,1035,1038,1023,1038,0,0,0,0,0,0
4.299999999999999,1061,1056,1058,1041,1058,0,0,0,0,0,0
4.349999999999999,1081,1075,1076,1051,1076,0,0,0,0,0,0
4.399999999999999,1039,1029,1034,1022,1034,0,0,0,0,0,0
4.449999999999998,1115,1098,1103,1091,1103,0,0,0,0,0,0
4.499999999999998,1014,1001,1006,981,1006,0,0,0,0,0,0
4.549999999999998,1020,1003,1010,993,1010,0,0,0,0,0,0
4.599999999999998,1003,977,985,968,985,0,0,0,0,0,0
4.649999999999998,1022,984,995,985,995,0,0,0,0,0,0
4.6999999999999975,1044,993,1012,998,1012,0,0,0,0,0,0
4.749999999999997,1059,991,1011,1006,1011,0,0,0,0,0,0
4.799999999999997,1043,942,966,976,966,0,0,0,0,0,0
4.849999999999997,1008,879,914,920,914,0,0,0,0,0,0
4.899999999999997,1085,927,966,983,966,0,0,0,0,0,0
4.949999999999997,1025,788,820,852,820,0,0,0,0,0,0
4.9999999999999964,1015,755,783,835,783,0,0,0,0,0,0
5.049999999999996,1007,681,722,784,722,0,0,0,0,0,0
5.099999999999996,1033,604,648,733,648,0,0,0,0,0,0
5.149999999999996,1042,566,604,683,604,0,0,0,0,0,0
5.199999999999996,1031,475,520,610,520,0,0,0,0,0,0
5.249999999999996,1095,428,465,548,465,0,0,0,0,0,0
5.299999999999995,1002,331,359,436,359,0,0,0,0,0,0
5.349999999999995,1019,266,293,391,293,0,0,0,0,0,0
5.399999999999995,1010,203,231,298,231,0,0,0,0,0,0
5.449999999999995,1116,164,179,245,179,0,0,0,0,0,0
5.499999999999995,1053,142,162,206,162,0,0,0,0,0,0
5.5499999999999945,1047,85,94,144,94,0,0,0,0,0,0
5.599999999999994,1036,70,77,105,77,0,0,0,0,0,0
5.649999999999994,1037,38,41,65,41,0,0,0,0,0,0
5.699999999999994,1033,21,26,37,26,0,0,0,0,0,0
5.749999999999994,1037,18,19,28,19,0,0,0,0,0,0
5.799999999999994,1000,12,12,17,12,0,0,0,0,0,0
5.849999999999993,1059,8,9,13,9,0,0,0,0,0,0
5.899999999999993,1043,3,3,3,3,0,0,0,0,0,0
5.949999999999993,1024,2,4,4,4,0,0,0,0,0,0
5.999999999999993,1050,3,3,3,3,0,0,0,0,0,0
6.049999999999993,1031,0,0,0,0,0,0,0,0,0,0
6.0999999999999925,1032,0,0,0,0,0,0,0,0,0,0
6.149999999999992,974,1,1,1,1,0,0,0,0,0,0
6.199999999999992,1025,0,0,0,0,0,0,0,0,0,0
6.249999999999992,922,0,0,0,0,0,0,0,0,0,0
6.299999999999992,934,0,0,0,0,0,0,0,0,0,0
6.349999999999992,906,0,0,0,0,0,0,0,0,0,0
6.3999999999999915,740,0,0,0,0,0,0,0,0,0,0
6.449999999999991,722,0,0,0,0,0,0,0,0,0,0
6.499999999999991,591,0,0,0,0,0,0,0,0,0,0
6.549999999999991,445,0,0,0,0,0,0,0,0,0,0
6.599999999999991,377,0,0,0,0,0,0,0,0,0,0
6.649999999999991,297,0,0,0,0,0,0,0,0,0,0
6.69999999999999,139,0,0,0,0,0,0,0,0,0,0
6.74999999999999,97,0,0,0,0,0,0,0,0,0,0
6.79999999999999,101,0,0,0,0,0,0,0,0,0,0
6.84999999999999,46,0,0,0,0,0,0,0,0,0,0
6.89999999999999,0,0,0,0,0,0,0,0,0,0,0
6.9499999999999895,0,0,0,0,0,0,0,0,0,0,0
6.999999999999989,0,0,0,0,0,0,0,0,0,0,0
7.049999999999989,0,0,0,0,0,0,0,0,0,0,0
7.099999999999989,0,0,0,0,0,0,0,0,0,0,0
7.149999999999989,0,0,0,0,0,0,0,0,0,0,0
7.199999999999989,0,0,0,0,0,0,0,0,0,0,0
7.2499999999999885,0,0,0,0,0,0,0,0,0,0,0
7.299999999999988,0,0,0,0,0,0,0,0,0,0,0
7.349999999999988,0,0,0,0,0,0,0,0,0,0,0
7.399999999999988,0,0,0,0,0,0,0,0,0,0,0
7.449999999999988,0,0,0,0,0,0,0,0,0,0,0
7.499999999999988,0,0,0,0,0,0,0,0,0,0,0
7.549999999999987,0,0,0,0,0,0,0,0,0,0,0
7.599999999999987,0,0,0,0,0,0,0,0,0,0,0
7.649999999999987,0,0,0,0,0,0,0,0,0,0,0
7.699999999999987,0,0,0,0,0,0,0,0,0,0,0
7.749999999999987,0,0,0,0,0,0,0,0,0,0,0
7.7999999999999865,0,0,0,0,0,0,0,0,0,0,0
7.849999999999986,0,0,0,0,0,0,0,0,0,0,0
7.899999999999986,0,0,0,0,0,0,0,0,0,0,0
7.949999999999986,0,0,0,0,0,0,0,0,0,0,0
*****
4,0.05,1000,0.6,1,10,100,0.75,1.0,0.75,1.0,0.01
4,1000,3,4,4,4,0,0,0,0,0,0
4.05,1105,9,11,13,11,0,0,0,0,0,0
4.1,991,9,19,23,19,0,0,0,0,0,0
4.1499999999999995,957,11,20,26,20,0,0,0,0,0,0
4.199999999999999,859,15,26,42,26,0,0,0,0,0,0
4.249999999999999,812,39,29,46,29,0,0,0,0,0,0
4.299999999999999,780,39,33,62,33,0,0,0,0,0,0
4.349999999999999,705,49,53,80,53,0,0,0,0,0,0
4.399999999999999,670,41,62,86,62,0,0,0,0,0,0
4.449999999999998,756,15,54,93,54,0,0,0,0,0,0
4.499999999999998,682,2,18,106,18,0,0,0,0,0,0
4.549999999999998,749,1,11,75,11,0,0,0,0,0,0
4.599999999999998,801,0,3,50,3,0,0,0,0,0,0
4.649999999999998,887,2,5,35,5,0,0,0,0,0,0
4.6999999999999975,900,4,7,19,7,0,0,0,0,0,0
4.749999999999997,951,1,3,14,3,0,0,0,0,0,0
4.799999999999997,926,3,8,12,8,0,0,0,0,0,0
4.849999999999997,927,1,6,10,6,0,0,0,0,0,0
4.899999999999997,888,1,8,13,8,0,0,0,0,0,0
4.949999999999997,880,2,3,14,3,0,0,0,0,0,0
4.9999999999999964,818,0,7,20,7,0,0,0,0,0,0
5.049999999999996,802,0,2,17,2,0,0,0,0,0,0
5.099999999999996,811,0,1,7,1,0,0,0,0,0,0
5.149999999999996,693,0,1,8,1,0,0,0,0,0,0
5.199999999999996,706,0,0,5,0,0,0,0,0,0,0
5.249999999999996,673,0,1,4,1,0,0,0,0,0,0
5.299999999999995,782,0,1,3,1,0,0,0,0,0,0
5.349999999999995,745,0,0,1,0,0,0,0,0,0,0
5.399999999999995,791,0,0,1,0,0,0,0,0,0,0
5.449999999999995,815,0,0,1,0,0,0,0,0,0,0
5.499999999999995,820,0,0,0,0,0,0,0,0,0,0
5.5499999999999945,760,0,1,1,1,0,0,0,0,0,0
5.599999999999994,867,0,0,0,0,0,0,0,0,0,0
5.649999999999994,856,0,0,1,0,0,0,0,0,0,0
5.699999999999994,807,0,0,0,0,0,0,0,0,0,0
5.749999999999994,778,0,0,0,0,0,0,0,0,0,0
5.799999999999994,724,0,0,0,0,0,0,0,0,0,0
5.849999999999993,714,0,0,0,0,0,0,0,0,0,0
5.899999999999993,627,0,0,0,0,0,0,0,0,0,0
5.949999999999993,558,0,0,0,0,0,0,0,0,0,0
5.999999999999993,554,0,0,0,0,0,0,0,0,0,0
6.049999999999993,462,0,0,0,0,0,0,0,0,0,0
6.0999999999999925,450,0,0,0,0,0,0,0,0,0,0
6.149999999999992,425,0,0,0,0,0,0,0,0,0,0
6.199999999999992,338,0,0,0,0,0,0,0,0,0,0
6.249999999999992,275,0,0,0,0,0,0,0,0,0,0
6.299999999999992,252,0,0,0,0,0,0,0,0,0,0
6.349999999999992,203,0,0,0,0,0,0,0,0,0,0
6.3999999999999915,131,0,0,0,0,0,0,0,0,0,0
6.449999999999991,51,0,0,0,0,0,0,0,0,0,0
6.499999999999991,42,0,0,0,0,0,0,0,0,0,0
6.549999999999991,43,0,0,0,0,0,0,0,0,0,0
6.599999999999991,31,0,0,0,0,0,0,0,0,0,0
6.649999999999991,19,0,0,0,0,0,0,0,0,0,0
6.69999999999999,0,0,0,0,0,0,0,0,0,0,0
6.74999999999999,0,0,0,0,0,0,0,0,0,0,0
6.79999999999999,0,0,0,0,0,0,0,0,0,0,0
6.84999999999999,0,0,0,0,0,0,0,0,0,0,0
6.89999999999999,0,0,0,0,0,0,0,0,0,0,0
6.9499999999999895,0,0,0,0,0,0,0,0,0,0,0
6.999999999999989,0,0,0,0,0,0,0,0,0,0,0
7.049999999999989,0,0,0,0,0,0,0,0,0,0,0
7.099999999999989,0,0,0,0,0,0,0,0,0,0,0
7.149999999999989,0,0,0,0,0,0,0,0,0,0,0
7.199999999999989,0,0,0,0,0,0,0,0,0,0,0
7.2499999999999885,0,0,0,0,0,0,0,0,0,0,0
7.299999999999988,0,0,0,0,0,0,0,0,0,0,0
7.349999999999988,0,0,0,0,0,0,0,0,0,0,0
7.399999999999988,0,0,0,0,0,0,0,0,0,0,0
7.449999999999988,0,0,0,0,0,0,0,0,0,0,0
7.499999999999988,0,0,0,0,0,0,0,0,0,0,0
7.549999999999987,0,0,0,0,0,0,0,0,0,0,0
7.599999999999987,0,0,0,0,0,0,0,0,0,0,0
7.649999999999987,0,0,0,0,0,0,0,0,0,0,0
7.699999999999987,0,0,0,0,0,0,0,0,0,0,0
7.749999999999987,0,0,0,0,0,0,0,0,0,0,0
7.7999999999999865,0,0,0,0,0,0,0,0,0,0,0
7.849999999999986,0,0,0,0,0,0,0,0,0,0,0
7.899999999999986,0,0,0,0,0,0,0,0,0,0,0
7.949999999999986,0,0,0,0,0,0,0,0,0,0,0
