*****
4 , 0.05 , 1000 , 0 , 1 , 10 , 100 , 0.85 , 1.0 , 0.85 , 1.0 , .055
4.0,1000,940,944,814,944,0,861,854,690,854,0
4.05,1020,959,959,843,959,0,895,880,723,880,0
4.1,1033,993,988,854,988,0,939,927,758,927,0
4.15,1052,993,996,882,996,0,946,933,782,933,0
4.2,997,931,934,809,934,0,885,876,699,876,0
4.25,1002,927,937,839,937,0,893,889,734,889,0
4.3,1013,938,946,846,946,0,905,904,762,904,0
4.35,1017,925,945,846,945,0,906,917,793,917,0
4.4,989,884,914,820,914,0,864,883,762,883,0
4.45,999,893,911,823,911,0,859,869,777,869,0
4.5,989,883,908,807,908,0,856,879,767,879,0
4.55,1006,895,928,860,928,0,869,900,812,900,0
4.6,1035,880,928,822,928,0,861,901,828,901,0
4.65,991,770,843,746,843,0,756,826,737,826,0
4.7,979,711,789,717,789,0,698,768,704,768,0
4.75,1070,708,806,724,806,0,696,782,696,782,0
4.8,1020,643,723,690,723,0,634,709,654,709,0
4.85,1009,575,654,604,654,0,571,644,583,644,0
4.9,958,561,621,591,621,0,552,612,572,612,0
4.95,1015,527,597,587,597,0,526,594,578,594,0
5.0,980,471,532,494,532,0,466,527,472,527,0
5.05,1032,437,516,482,516,0,435,513,468,513,0
5.1,1008,372,458,420,458,0,368,453,413,453,0
5.15,1037,333,412,388,412,0,331,410,376,410,0
5.2,1035,287,336,327,336,0,286,333,326,333,0
5.25,947,205,257,270,257,0,202,254,266,254,0
5.3,1023,187,234,270,234,0,186,232,267,232,0
5.35,950,165,181,224,181,0,165,180,224,180,0
5.4,1031,128,150,182,150,0,128,150,183,150,0
5.45,975,120,152,174,152,0,120,152,172,152,0
5.5,1002,87,109,129,109,0,87,109,129,109,0
5.55,966,75,87,108,87,0,75,87,108,87,0
5.6,1033,66,78,104,78,0,66,78,104,78,0
5.65,994,43,56,84,56,0,43,56,84,56,0
5.7,1025,35,47,55,47,0,35,47,55,47,0
5.75,987,30,38,57,38,0,30,38,56,38,0
5.8,998,24,31,47,31,0,24,31,47,31,0
5.85,1090,9,10,19,10,0,9,10,19,10,0
5.9,1033,9,11,24,11,0,9,11,24,11,0
5.95,1001,15,17,23,17,0,15,17,23,17,0
6.0,971,3,5,12,5,0,3,5,12,5,0
6.050000000000001,1007,4,4,9,4,0,4,4,9,4,0
6.1,1001,3,4,7,4,0,3,4,7,4,0
6.15,1067,1,1,5,1,0,1,1,5,1,0
6.2,1007,2,2,2,2,0,2,2,2,2,0
6.25,1044,0,0,0,0,0,0,0,0,0,0
6.300000000000001,979,1,1,1,1,0,1,1,1,1,0
6.35,933,0,0,0,0,0,0,0,0,0,0
6.4,1046,0,0,0,0,0,0,0,0,0,0
6.45,968,0,0,0,0,0,0,0,0,0,0
6.5,1013,0,0,0,0,0,0,0,0,0,0
6.550000000000001,1057,0,0,0,0,0,0,0,0,0,0
6.6,1083,0,0,0,0,0,0,0,0,0,0
6.65,1024,0,0,0,0,0,0,0,0,0,0
6.7,967,0,0,0,0,0,0,0,0,0,0
6.75,1044,0,0,0,0,0,0,0,0,0,0
6.800000000000001,1035,0,0,0,0,0,0,0,0,0,0
6.85,1011,0,0,0,0,0,0,0,0,0,0
6.9,947,0,0,0,0,0,0,0,0,0,0
6.95,1012,0,0,0,0,0,0,0,0,0,0
7.0,953,0,0,0,0,0,0,0,0,0,0
7.050000000000001,1054,0,0,0,0,0,0,0,0,0,0
7.1,1016,0,0,0,0,0,0,0,0,0,0
7.15,1021,0,0,0,0,0,0,0,0,0,0
7.2,1061,0,0,0,0,0,0,0,0,0,0
7.25,983,0,0,0,0,0,0,0,0,0,0
7.300000000000001,1016,0,0,0,0,0,0,0,0,0,0
7.35,945,0,0,0,0,0,0,0,0,0,0
7.4,973,0,0,0,0,0,0,0,0,0,0
7.45,1077,0,0,0,0,0,0,0,0,0,0
7.5,991,0,0,0,0,0,0,0,0,0,0
7.550000000000001,1027,0,0,0,0,0,0,0,0,0,0
7.6,1000,0,0,0,0,0,0,0,0,0,0
7.65,1014,0,0,0,0,0,0,0,0,0,0
7.7,967,0,0,0,0,0,0,0,0,0,0
7.75,989,0,0,0,0,0,0,0,0,0,0
7.800000000000001,981,0,0,0,0,0,0,0,0,0,0
7.85,1023,0,0,0,0,0,0,0,0,0,0
7.9,969,0,0,0,0,0,0,0,0,0,0
7.95,1038,0,0,0,0,0,0,0,0,0,0
8.0,975,0,0,0,0,0,0,0,0,0,0
8.05,930,0,0,0,0,0,0,0,0,0,0
8.100000000000001,903,0,0,0,0,0,0,0,0,0,0
8.15,837,0,0,0,0,0,0,0,0,0,0
8.2,774,0,0,0,0,0,0,0,0,0,0
8.25,743,0,0,0,0,0,0,0,0,0,0
8.3,704,0,0,0,0,0,0,0,0,0,0
8.350000000000001,603,0,0,0,0,0,0,0,0,0,0
8.4,593,0,0,0,0,0,0,0,0,0,0
8.45,519,0,0,0,0,0,0,0,0,0,0
8.5,517,0,0,0,0,0,0,0,0,0,0
8.55,394,0,0,0,0,0,0,0,0,0,0
8.600000000000001,379,0,0,0,0,0,0,0,0,0,0
8.65,318,0,0,0,0,0,0,0,0,0,0
8.7,273,0,0,0,0,0,0,0,0,0,0
8.75,214,0,0,0,0,0,0,0,0,0,0
8.8,159,0,0,0,0,0,0,0,0,0,0
8.850000000000001,129,0,0,0,0,0,0,0,0,0,0
8.9,70,0,0,0,0,0,0,0,0,0,0
8.95,32,0,0,0,0,0,0,0,0,0,0
*****
4 , 0.05 , 1000 , 0 , 0.4 , 10 , 100 , 0.85 , 1.0 , 0.85 , 1.0 , .055
4.0,1000,1000,1000,1000,1000,0,1000,1000,1000,1000,0
4.05,1018,1018,1018,1018,1018,0,1018,1018,1018,1018,0
4.1,971,971,971,971,971,0,971,971,971,971,0
4.15,1006,1006,1006,1006,1006,0,1006,1006,1006,1006,0
4.2,971,971,971,971,971,0,971,971,971,971,0
4.25,992,992,992,992,992,0,992,992,992,992,0
4.3,1035,1035,1035,1035,1035,0,1035,1035,1035,1035,0
4.35,1047,1047,1047,1047,1047,0,1047,1047,1047,1047,0
4.4,1006,1006,1006,1006,1006,0,1006,1006,1006,1006,0
4.45,996,996,996,996,996,0,996,996,996,996,0
4.5,1013,1013,1013,1013,1013,0,1013,1013,1013,1013,0
4.55,984,984,984,984,984,0,984,984,984,984,0
4.6,962,962,962,962,962,0,962,962,962,962,0
4.65,1073,1073,1073,1073,1073,0,1073,1073,1073,1073,0
4.7,974,974,974,974,974,0,974,974,974,974,0
4.75,1015,1015,1015,1015,1015,0,1015,1015,1015,1015,0
4.8,1009,1009,1009,1009,1009,0,1009,1009,1009,1009,0
4.85,1005,1005,1005,1005,1005,0,1005,1005,1005,1005,0
4.9,1027,1027,1027,1027,1027,0,1027,1027,1027,1027,0
4.95,1010,1010,1010,1010,1010,0,1010,1010,1010,1010,0
5.0,1041,1041,1041,1041,1041,0,1041,1041,1041,1041,0
5.05,987,987,987,987,987,0,987,987,987,987,0
5.1,1015,1015,1015,1015,1015,0,1015,1015,1015,1015,0
5.15,1018,1018,1018,1018,1018,0,1018,1018,1018,1018,0
5.2,998,998,998,998,998,0,998,998,998,998,0
5.25,995,995,995,995,995,0,995,995,995,995,0
5.3,1047,1047,1047,1047,1047,0,1047,1047,1047,1047,0
5.35,964,964,964,964,964,0,964,964,964,964,0
5.4,991,991,991,991,991,0,991,991,991,991,0
5.45,961,957,958,960,958,0,957,958,960,958,0
5.5,1043,1021,1023,1034,1023,0,1021,1023,1034,1023,0
5.55,1026,968,974,1001,974,0,968,974,1001,974,0
5.6,1003,852,863,928,863,0,852,863,928,863,0
5.65,982,685,702,789,702,0,685,702,789,702,0
5.7,1013,521,535,652,535,0,521,535,652,535,0
5.75,956,327,346,433,346,0,327,346,433,346,0
5.8,1025,189,201,273,201,0,189,201,273,201,0
5.85,998,79,87,141,87,0,79,87,141,87,0
5.9,996,29,35,57,35,0,29,35,57,35,0
5.95,1001,8,9,15,9,0,8,9,15,9,0
6.0,1018,4,7,11,7,0,4,7,11,7,0
6.050000000000001,970,0,0,0,0,0,0,0,0,0,0
6.1,1002,0,0,0,0,0,0,0,0,0,0
6.15,1004,0,0,0,0,0,0,0,0,0,0
6.2,1002,0,0,0,0,0,0,0,0,0,0
6.25,994,0,0,0,0,0,0,0,0,0,0
6.300000000000001,997,0,0,0,0,0,0,0,0,0,0
6.35,1009,0,0,0,0,0,0,0,0,0,0
6.4,1008,0,0,0,0,0,0,0,0,0,0
6.45,1008,0,0,0,0,0,0,0,0,0,0
6.5,1050,0,0,0,0,0,0,0,0,0,0
6.550000000000001,990,0,0,0,0,0,0,0,0,0,0
6.6,985,0,0,0,0,0,0,0,0,0,0
6.65,1018,0,0,0,0,0,0,0,0,0,0
6.7,965,0,0,0,0,0,0,0,0,0,0
6.75,1005,0,0,0,0,0,0,0,0,0,0
6.800000000000001,1008,0,0,0,0,0,0,0,0,0,0
6.85,1003,0,0,0,0,0,0,0,0,0,0
6.9,1032,0,0,0,0,0,0,0,0,0,0
6.95,965,0,0,0,0,0,0,0,0,0,0
7.0,1011,0,0,0,0,0,0,0,0,0,0
7.050000000000001,986,0,0,0,0,0,0,0,0,0,0
7.1,993,0,0,0,0,0,0,0,0,0,0
7.15,1003,0,0,0,0,0,0,0,0,0,0
7.2,1015,0,0,0,0,0,0,0,0,0,0
7.25,1007,0,0,0,0,0,0,0,0,0,0
7.300000000000001,982,0,0,0,0,0,0,0,0,0,0
7.35,1008,0,0,0,0,0,0,0,0,0,0
7.4,1041,0,0,0,0,0,0,0,0,0,0
7.45,986,0,0,0,0,0,0,0,0,0,0
7.5,1007,0,0,0,0,0,0,0,0,0,0
7.550000000000001,979,0,0,0,0,0,0,0,0,0,0
7.6,976,0,0,0,0,0,0,0,0,0,0
7.65,1029,0,0,0,0,0,0,0,0,0,0
7.7,994,0,0,0,0,0,0,0,0,0,0
7.75,977,0,0,0,0,0,0,0,0,0,0
7.800000000000001,969,0,0,0,0,0,0,0,0,0,0
7.85,1009,0,0,0,0,0,0,0,0,0,0
7.9,1016,0,0,0,0,0,0,0,0,0,0
7.95,1037,0,0,0,0,0,0,0,0,0,0
8.0,939,0,0,0,0,0,0,0,0,0,0
8.05,817,0,0,0,0,0,0,0,0,0,0
8.100000000000001,710,0,0,0,0,0,0,0,0,0,0
8.15,514,0,0,0,0,0,0,0,0,0,0
8.2,457,0,0,0,0,0,0,0,0,0,0
8.25,312,0,0,0,0,0,0,0,0,0,0
8.3,207,0,0,0,0,0,0,0,0,0,0
8.350000000000001,68,0,0,0,0,0,0,0,0,0,0
*****
4 , 0.05 , 1000 , 0.3 , 0.7 , 10 , 100 , 0.85 , 1.0 , 0.85 , 1.0 , .055
4.0,1000,1000,1000,1000,1000,0,999,1000,1000,1000,0
4.05,972,972,972,972,972,0,972,972,970,972,0
4.1,981,981,981,981,981,0,976,977,977,977,0
4.15,946,946,946,945,946,0,943,942,942,942,0
4.2,937,937,937,937,937,0,933,934,934,934,0
4.25,1019,1019,1019,1019,1019,0,1017,1017,1014,1017,0
4.3,975,975,975,974,975,0,973,974,971,974,0
4.35,961,961,961,961,961,0,960,960,960,960,0
4.4,991,991,991,990,991,0,990,990,989,990,0
4.45,979,979,979,979,979,0,979,979,978,979,0
4.5,998,998,998,998,998,0,997,997,998,997,0
4.55,958,958,958,958,958,0,958,958,958,958,0
4.6,966,966,966,966,966,0,966,966,966,966,0
4.65,987,987,987,987,987,0,987,987,987,987,0
4.7,1004,1004,1004,1004,1004,0,1004,1004,1004,1004,0
4.75,1007,1007,1007,1007,1007,0,1007,1007,1007,1007,0
4.8,982,982,982,982,982,0,981,981,980,981,0
4.85,949,949,949,949,949,0,948,948,948,948,0
4.9,956,956,956,956,956,0,955,955,955,955,0
4.95,989,989,989,988,989,0,988,988,985,988,0
5.0,948,948,948,948,948,0,948,948,948,948,0
5.05,991,991,991,991,991,0,990,991,991,991,0
5.1,956,955,955,956,955,0,956,955,955,955,0
5.15,1035,1034,1035,1034,1035,0,1034,1035,1034,1035,0
5.2,1017,1017,1017,1016,1017,0,1017,1017,1016,1017,0
5.25,899,894,898,897,898,0,894,898,897,898,0
5.3,951,944,946,950,946,0,944,946,950,946,0
5.35,945,939,944,943,944,0,939,944,941,944,0
5.4,1018,1005,1012,1015,1012,0,1005,1012,1015,1012,0
5.45,970,944,950,956,950,0,944,950,956,950,0
5.5,934,892,902,919,902,0,892,902,919,902,0
5.55,945,897,908,925,908,0,897,908,925,908,0
5.6,1011,921,938,977,938,0,921,938,977,938,0
5.65,1028,924,942,963,942,0,924,942,963,942,0
5.7,1020,840,866,903,866,0,840,866,903,866,0
5.75,949,746,770,789,770,0,746,770,789,770,0
5.8,978,684,712,731,712,0,684,712,731,712,0
5.85,972,626,657,671,657,0,626,657,671,657,0
5.9,974,482,505,521,505,0,482,505,521,505,0
5.95,965,387,420,424,420,0,387,420,424,420,0
6.0,951,257,282,285,282,0,257,282,285,282,0
6.050000000000001,916,183,212,217,212,0,183,212,217,212,0
6.1,988,104,125,126,125,0,104,125,126,125,0
6.15,994,54,70,70,70,0,54,70,70,70,0
6.2,954,33,38,38,38,0,33,38,38,38,0
6.25,999,14,21,21,21,0,14,21,21,21,0
6.300000000000001,1005,2,3,4,3,0,2,3,4,3,0
6.35,992,5,7,7,7,0,5,7,7,7,0
6.4,963,1,1,1,1,0,1,1,1,1,0
6.45,1034,0,1,1,1,0,0,1,1,1,0
6.5,948,0,0,0,0,0,0,0,0,0,0
6.550000000000001,985,0,0,0,0,0,0,0,0,0,0
6.6,934,0,0,0,0,0,0,0,0,0,0
6.65,962,0,0,0,0,0,0,0,0,0,0
6.7,1028,0,0,0,0,0,0,0,0,0,0
6.75,958,0,0,0,0,0,0,0,0,0,0
6.800000000000001,996,0,0,0,0,0,0,0,0,0,0
6.85,998,0,0,0,0,0,0,0,0,0,0
6.9,975,0,0,0,0,0,0,0,0,0,0
6.95,968,0,0,0,0,0,0,0,0,0,0
7.0,991,0,0,0,0,0,0,0,0,0,0
7.050000000000001,964,0,0,0,0,0,0,0,0,0,0
7.1,983,0,0,0,0,0,0,0,0,0,0
7.15,977,0,0,0,0,0,0,0,0,0,0
7.2,993,0,0,0,0,0,0,0,0,0,0
7.25,1002,0,0,0,0,0,0,0,0,0,0
7.300000000000001,990,0,0,0,0,0,0,0,0,0,0
7.35,950,0,0,0,0,0,0,0,0,0,0
7.4,961,0,0,0,0,0,0,0,0,0,0
7.45,991,0,0,0,0,0,0,0,0,0,0
7.5,944,0,0,0,0,0,0,0,0,0,0
7.550000000000001,979,0,0,0,0,0,0,0,0,0,0
7.6,946,0,0,0,0,0,0,0,0,0,0
7.65,953,0,0,0,0,0,0,0,0,0,0
7.7,1024,0,0,0,0,0,0,0,0,0,0
7.75,987,0,0,0,0,0,0,0,0,0,0
7.800000000000001,1004,0,0,0,0,0,0,0,0,0,0
7.85,986,0,0,0,0,0,0,0,0,0,0
7.9,946,0,0,0,0,0,0,0,0,0,0
7.95,987,0,0,0,0,0,0,0,0,0,0
8.0,957,0,0,0,0,0,0,0,0,0,0
8.05,981,0,0,0,0,0,0,0,0,0,0
8.100000000000001,915,0,0,0,0,0,0,0,0,0,0
8.15,1020,0,0,0,0,0,0,0,0,0,0
8.2,979,0,0,0,0,0,0,0,0,0,0
8.25,947,0,0,0,0,0,0,0,0,0,0
8.3,949,0,0,0,0,0,0,0,0,0,0
8.350000000000001,810,0,0,0,0,0,0,0,0,0,0
8.4,700,0,0,0,0,0,0,0,0,0,0
8.45,533,0,0,0,0,0,0,0,0,0,0
8.5,403,0,0,0,0,0,0,0,0,0,0
8.55,326,0,0,0,0,0,0,0,0,0,0
8.600000000000001,174,0,0,0,0,0,0,0,0,0,0
8.65,75,0,0,0,0,0,0,0,0,0,0
*****
4 , 0.05 , 1000 , 0.6 , 1 , 10 , 100 , 0.85 , 1.0 , 0.85 , 1.0 , .055
4.0,1000,6,5,5,5,0,9,7,7,7,0
4.05,847,4,3,6,3,0,9,12,14,12,0
4.1,895,11,12,18,12,0,16,19,21,19,0
4.15,875,11,10,18,10,0,20,25,25,25,0
4.2,767,19,17,34,17,0,28,26,35,26,0
4.25,707,28,21,40,21,0,35,40,55,40,0
4.3,709,23,27,55,27,0,40,35,55,35,0
4.35,675,18,25,79,25,0,62,44,78,44,0
4.4,698,17,33,93,33,0,60,63,105,63,0
4.45,667,15,26,100,26,0,70,75,127,75,0
4.5,715,11,20,115,20,0,48,90,159,90,0
4.55,778,5,16,161,16,0,32,102,220,102,0
4.6,802,2,5,130,5,0,9,69,204,69,0
4.65,829,1,4,102,4,0,6,56,153,56,0
4.7,835,4,7,66,7,0,6,23,102,23,0
4.75,818,5,6,37,6,0,5,7,46,7,0
4.8,881,8,13,24,13,0,13,16,31,16,0
4.85,900,6,8,14,8,0,13,16,15,16,0
4.9,877,7,7,11,7,0,12,12,15,12,0
4.95,846,8,9,21,9,0,14,14,25,14,0
5.0,789,6,16,23,16,0,18,33,28,33,0
5.05,780,4,9,30,9,0,12,19,35,19,0
5.1,715,3,7,28,7,0,10,25,33,25,0
5.15,750,4,6,22,6,0,13,33,34,33,0
5.2,698,0,3,19,3,0,1,16,22,16,0
5.25,698,1,1,11,1,0,3,11,15,11,0
5.3,682,0,0,6,0,0,0,2,9,2,0
5.35,759,1,2,2,2,0,3,4,3,4,0
5.4,817,1,1,2,1,0,0,2,3,2,0
5.45,816,1,2,5,2,0,1,1,4,1,0
5.5,804,1,1,2,1,0,1,1,3,1,0
5.55,866,0,1,1,1,0,1,3,2,3,0
5.6,899,2,3,4,3,0,3,5,7,5,0
5.65,820,0,0,0,0,0,0,0,0,0,0
5.7,798,0,1,1,1,0,1,1,2,1,0
5.75,800,2,3,3,3,0,2,2,2,2,0
5.8,785,0,0,2,0,0,0,1,3,1,0
5.85,810,2,2,2,2,0,2,3,3,3,0
5.9,764,0,1,1,1,0,0,1,1,1,0
5.95,772,1,1,1,1,0,1,1,1,1,0
6.0,716,0,0,0,0,0,0,0,0,0,0
6.050000000000001,740,0,0,0,0,0,0,0,0,0,0
6.1,759,1,1,1,1,0,1,1,1,1,0
6.15,801,0,0,0,0,0,0,0,0,0,0
6.2,755,1,1,1,1,0,1,1,1,1,0
6.25,830,0,0,0,0,0,0,0,0,0,0
6.300000000000001,814,0,0,0,0,0,0,0,0,0,0
6.35,786,0,0,0,0,0,0,0,0,0,0
6.4,852,0,0,0,0,0,0,0,0,0,0
6.45,848,0,0,0,0,0,0,0,0,0,0
6.5,796,0,0,0,0,0,0,0,0,0,0
6.550000000000001,817,0,0,0,0,0,0,0,0,0,0
6.6,729,0,0,0,0,0,0,0,0,0,0
6.65,787,0,0,0,0,0,0,0,0,0,0
6.7,790,0,0,0,0,0,0,0,0,0,0
6.75,813,0,0,0,0,0,0,0,0,0,0
6.800000000000001,740,0,0,0,0,0,0,0,0,0,0
6.85,744,0,0,0,0,0,0,0,0,0,0
6.9,755,0,0,0,0,0,0,0,0,0,0
6.95,795,0,0,0,0,0,0,0,0,0,0
7.0,807,0,0,0,0,0,0,0,0,0,0
7.050000000000001,744,0,0,0,0,0,0,0,0,0,0
7.1,843,0,0,0,0,0,0,0,0,0,0
7.15,795,0,0,0,0,0,0,0,0,0,0
7.2,798,0,0,0,0,0,0,0,0,0,0
7.25,805,0,0,0,0,0,0,0,0,0,0
7.300000000000001,828,0,0,0,0,0,0,0,0,0,0
7.35,788,0,0,0,0,0,0,0,0,0,0
7.4,806,0,0,0,0,0,0,0,0,0,0
7.45,822,0,0,0,0,0,0,0,0,0,0
7.5,796,0,0,0,0,0,0,0,0,0,0
7.550000000000001,715,0,0,0,0,0,0,0,0,0,0
7.6,737,0,0,0,0,0,0,0,0,0,0
7.65,826,0,0,0,0,0,0,0,0,0,0
7.7,749,0,0,0,0,0,0,0,0,0,0
7.75,776,0,0,0,0,0,0,0,0,0,0
7.800000000000001,830,0,0,0,0,0,0,0,0,0,0
7.85,792,0,0,0,0,0,0,0,0,0,0
7.9,782,0,0,0,0,0,0,0,0,0,0
7.95,816,0,0,0,0,0,0,0,0,0,0
8.0,793,0,0,0,0,0,0,0,0,0,0
8.05,796,0,0,0,0,0,0,0,0,0,0
8.100000000000001,814,0,0,0,0,0,0,0,0,0,0
8.15,761,0,0,0,0,0,0,0,0,0,0
8.2,787,0,0,0,0,0,0,0,0,0,0
8.25,775,0,0,0,0,0,0,0,0,0,0
8.3,814,0,0,0,0,0,0,0,0,0,0
8.350000000000001,784,0,0,0,0,0,0,0,0,0,0
8.4,832,0,0,0,0,0,0,0,0,0,0
8.45,791,0,0,0,0,0,0,0,0,0,0
8.5,748,0,0,0,0,0,0,0,0,0,0
8.55,749,0,0,0,0,0,0,0,0,0,0
8.600000000000001,724,0,0,0,0,0,0,0,0,0,0
8.65,650,0,0,0,0,0,0,0,0,0,0
8.7,562,0,0,0,0,0,0,0,0,0,0
8.75,458,0,0,0,0,0,0,0,0,0,0
8.8,359,0,0,0,0,0,0,0,0,0,0
8.850000000000001,249,0,0,0,0,0,0,0,0,0,0
8.9,138,0,0,0,0,0,0,0,0,0,0
8.95,45,0,0,0,0,0,0,0,0,0,0
