*****
4,0.05,1000,0,1,10,100,0.85,1.0,0.75,1.0,0.1
4,1000,920,922,700,919,0,0,0,0,0,0
4.05,1046,951,976,715,969,0,0,0,0,0,0
4.1,987,881,915,700,914,0,0,0,0,0,0
4.1499999999999995,1057,871,956,739,954,0,0,0,0,0,0
4.199999999999999,999,773,902,719,897,0,0,0,0,0,0
4.249999999999999,1035,765,906,746,912,0,0,0,0,0,0
4.299999999999999,1060,670,855,738,856,0,0,0,0,0,0
4.349999999999999,969,557,773,707,787,0,0,0,0,0,0
4.399999999999999,1016,481,703,737,724,0,0,0,0,0,0
4.449999999999998,1051,373,639,744,653,0,0,0,0,0,0
4.499999999999998,975,296,512,692,524,0,0,0,0,0,0
4.549999999999998,1094,247,490,719,510,0,0,0,0,0,0
4.599999999999998,990,165,323,618,342,0,0,0,0,0,0
4.649999999999998,1021,137,286,527,306,0,0,0,0,0,0
4.6999999999999975,1015,94,212,469,224,0,0,0,0,0,0
4.749999999999997,1003,59,140,373,146,0,0,0,0,0,0
4.799999999999997,1005,50,111,294,117,0,0,0,0,0,0
4.849999999999997,1003,20,74,227,78,0,0,0,0,0,0
4.899999999999997,1027,13,56,172,58,0,0,0,0,0,0
4.949999999999997,1057,11,38,146,41,0,0,0,0,0,0
4.9999999999999964,1002,9,26,104,25,0,0,0,0,0,0
5.049999999999996,1007,2,12,71,13,0,0,0,0,0,0
5.099999999999996,954,4,12,56,13,0,0,0,0,0,0
5.149999999999996,1077,2,6,36,6,0,0,0,0,0,0
5.199999999999996,1028,1,4,21,4,0,0,0,0,0,0
5.249999999999996,1036,0,2,14,3,0,0,0,0,0,0
5.299999999999995,1028,0,1,5,1,0,0,0,0,0,0
5.349999999999995,1013,0,0,2,0,0,0,0,0,0,0
5.399999999999995,994,0,1,7,1,0,0,0,0,0,0
5.449999999999995,979,0,0,7,0,0,0,0,0,0,0
5.499999999999995,977,0,0,2,0,0,0,0,0,0,0
5.5499999999999945,999,0,0,0,0,0,0,0,0,0,0
5.599999999999994,896,0,0,0,0,0,0,0,0,0,0
5.649999999999994,859,0,0,0,0,0,0,0,0,0,0
5.699999999999994,757,0,0,0,0,0,0,0,0,0,0
5.749999999999994,743,0,0,0,0,0,0,0,0,0,0
5.799999999999994,656,0,0,0,0,0,0,0,0,0,0
5.849999999999993,658,0,0,0,0,0,0,0,0,0,0
5.899999999999993,539,0,0,0,0,0,0,0,0,0,0
5.949999999999993,501,0,0,0,0,0,0,0,0,0,0
5.999999999999993,457,0,0,0,0,0,0,0,0,0,0
6.049999999999993,404,0,0,0,0,0,0,0,0,0,0
6.0999999999999925,375,0,0,0,0,0,0,0,0,0,0
6.149999999999992,343,0,0,0,0,0,0,0,0,0,0
6.199999999999992,254,0,0,0,0,0,0,0,0,0,0
6.249999999999992,227,0,0,0,0,0,0,0,0,0,0
6.299999999999992,165,0,0,0,0,0,0,0,0,0,0
6.349999999999992,145,0,0,0,0,0,0,0,0,0,0
6.3999999999999915,96,0,0,0,0,0,0,0,0,0,0
6.449999999999991,57,0,0,0,0,0,0,0,0,0,0
6.499999999999991,17,0,0,0,0,0,0,0,0,0,0
6.549999999999991,0,0,0,0,0,0,0,0,0,0,0
6.599999999999991,0,0,0,0,0,0,0,0,0,0,0
6.649999999999991,0,0,0,0,0,0,0,0,0,0,0
6.69999999999999,0,0,0,0,0,0,0,0,0,0,0
6.74999999999999,0,0,0,0,0,0,0,0,0,0,0
6.79999999999999,0,0,0,0,0,0,0,0,0,0,0
6.84999999999999,0,0,0,0,0,0,0,0,0,0,0
6.89999999999999,0,0,0,0,0,0,0,0,0,0,0
6.9499999999999895,0,0,0,0,0,0,0,0,0,0,0
6.999999999999989,0,0,0,0,0,0,0,0,0,0,0
7.049999999999989,0,0,0,0,0,0,0,0,0,0,0
7.099999999999989,0,0,0,0,0,0,0,0,0,0,0
7.149999999999989,0,0,0,0,0,0,0,0,0,0,0
7.199999999999989,0,0,0,0,0,0,0,0,0,0,0
7.2499999999999885,0,0,0,0,0,0,0,0,0,0,0
7.299999999999988,0,0,0,0,0,0,0,0,0,0,0
7.349999999999988,0,0,0,0,0,0,0,0,0,0,0
7.399999999999988,0,0,0,0,0,0,0,0,0,0,0
7.449999999999988,0,0,0,0,0,0,0,0,0,0,0
7.499999999999988,0,0,0,0,0,0,0,0,0,0,0
7.549999999999987,0,0,0,0,0,0,0,0,0,0,0
7.599999999999987,0,0,0,0,0,0,0,0,0,0,0
7.649999999999987,0,0,0,0,0,0,0,0,0,0,0
7.699999999999987,0,0,0,0,0,0,0,0,0,0,0
7.749999999999987,0,0,0,0,0,0,0,0,0,0,0
7.7999999999999865,0,0,0,0,0,0,0,0,0,0,0
7.849999999999986,0,0,0,0,0,0,0,0,0,0,0
7.899999999999986,0,0,0,0,0,0,0,0,0,0,0
7.949999999999986,0,0,0,0,0,0,0,0,0,0,0
*****
4,0.05,1000,0,0.4,10,100,0.85,1.0,0.75,1.0,0.1
4,1000,1000,1000,999,1000,0,0,0,0,0,0
4.05,997,997,997,997,997,0,0,0,0,0,0
4.1,1008,1008,1005,1008,1008,0,0,0,0,0,0
4.1499999999999995,963,963,955,962,963,0,0,0,0,0,0
4.199999999999999,976,976,969,976,976,0,0,0,0,0,0
4.249999999999999,1034,1032,1008,1034,1034,0,0,0,0,0,0
4.299999999999999,964,958,931,962,963,0,0,0,0,0,0
4.349999999999999,951,919,870,951,944,0,0,0,0,0,0
4.399999999999999,989,939,864,988,971,0,0,0,0,0,0
4.449999999999998,958,854,770,958,912,0,0,0,0,0,0
4.499999999999998,924,714,621,920,829,0,0,0,0,0,0
4.549999999999998,994,671,603,991,809,0,0,0,0,0,0
4.599999999999998,971,471,431,950,651,0,0,0,0,0,0
4.649999999999998,921,339,308,872,488,0,0,0,0,0,0
4.6999999999999975,1011,234,223,899,379,0,0,0,0,0,0
4.749999999999997,1001,143,146,796,245,0,0,0,0,0,0
4.799999999999997,1004,85,71,659,142,0,0,0,0,0,0
4.849999999999997,1004,50,43,490,75,0,0,0,0,0,0
4.899999999999997,913,21,26,310,35,0,0,0,0,0,0
4.949999999999997,1003,6,11,228,14,0,0,0,0,0,0
4.9999999999999964,1020,5,6,119,9,0,0,0,0,0,0
5.049999999999996,954,2,2,56,2,0,0,0,0,0,0
5.099999999999996,966,1,1,36,5,0,0,0,0,0,0
5.149999999999996,947,1,1,16,1,0,0,0,0,0,0
5.199999999999996,916,0,0,2,0,0,0,0,0,0,0
5.249999999999996,835,0,0,2,0,0,0,0,0,0,0
5.299999999999995,780,0,0,0,0,0,0,0,0,0,0
5.349999999999995,679,0,0,0,0,0,0,0,0,0,0
5.399999999999995,540,0,0,0,0,0,0,0,0,0,0
5.449999999999995,405,0,0,0,0,0,0,0,0,0,0
5.499999999999995,253,0,0,0,0,0,0,0,0,0,0
5.5499999999999945,165,0,0,0,0,0,0,0,0,0,0
5.599999999999994,96,0,0,0,0,0,0,0,0,0,0
5.649999999999994,43,0,0,0,0,0,0,0,0,0,0
5.699999999999994,0,0,0,0,0,0,0,0,0,0,0
5.749999999999994,0,0,0,0,0,0,0,0,0,0,0
5.799999999999994,0,0,0,0,0,0,0,0,0,0,0
5.849999999999993,0,0,0,0,0,0,0,0,0,0,0
5.899999999999993,0,0,0,0,0,0,0,0,0,0,0
5.949999999999993,0,0,0,0,0,0,0,0,0,0,0
5.999999999999993,0,0,0,0,0,0,0,0,0,0,0
6.049999999999993,0,0,0,0,0,0,0,0,0,0,0
6.0999999999999925,0,0,0,0,0,0,0,0,0,0,0
6.149999999999992,0,0,0,0,0,0,0,0,0,0,0
6.199999999999992,0,0,0,0,0,0,0,0,0,0,0
6.249999999999992,0,0,0,0,0,0,0,0,0,0,0
6.299999999999992,0,0,0,0,0,0,0,0,0,0,0
6.349999999999992,0,0,0,0,0,0,0,0,0,0,0
6.3999999999999915,0,0,0,0,0,0,0,0,0,0,0
6.449999999999991,0,0,0,0,0,0,0,0,0,0,0
6.499999999999991,0,0,0,0,0,0,0,0,0,0,0
6.549999999999991,0,0,0,0,0,0,0,0,0,0,0
6.599999999999991,0,0,0,0,0,0,0,0,0,0,0
6.649999999999991,0,0,0,0,0,0,0,0,0,0,0
6.69999999999999,0,0,0,0,0,0,0,0,0,0,0
6.74999999999999,0,0,0,0,0,0,0,0,0,0,0
6.79999999999999,0,0,0,0,0,0,0,0,0,0,0
6.84999999999999,0,0,0,0,0,0,0,0,0,0,0
6.89999999999999,0,0,0,0,0,0,0,0,0,0,0
6.9499999999999895,0,0,0,0,0,0,0,0,0,0,0
6.999999999999989,0,0,0,0,0,0,0,0,0,0,0
7.049999999999989,0,0,0,0,0,0,0,0,0,0,0
7.099999999999989,0,0,0,0,0,0,0,0,0,0,0
7.149999999999989,0,0,0,0,0,0,0,0,0,0,0
7.199999999999989,0,0,0,0,0,0,0,0,0,0,0
7.2499999999999885,0,0,0,0,0,0,0,0,0,0,0
7.299999999999988,0,0,0,0,0,0,0,0,0,0,0
7.349999999999988,0,0,0,0,0,0,0,0,0,0,0
7.399999999999988,0,0,0,0,0,0,0,0,0,0,0
7.449999999999988,0,0,0,0,0,0,0,0,0,0,0
7.499999999999988,0,0,0,0,0,0,0,0,0,0,0
7.549999999999987,0,0,0,0,0,0,0,0,0,0,0
7.599999999999987,0,0,0,0,0,0,0,0,0,0,0
7.649999999999987,0,0,0,0,0,0,0,0,0,0,0
7.699999999999987,0,0,0,0,0,0,0,0,0,0,0
7.749999999999987,0,0,0,0,0,0,0,0,0,0,0
7.7999999999999865,0,0,0,0,0,0,0,0,0,0,0
7.849999999999986,0,0,0,0,0,0,0,0,0,0,0
7.899999999999986,0,0,0,0,0,0,0,0,0,0,0
7.949999999999986,0,0,0,0,0,0,0,0,0,0,0
*****
4,0.05,1000,0.3,0.7,10,100,0.85,1.0,0.75,1.0,0.1
4,1000,946,970,952,967,0,0,0,0,0,0
4.05,987,940,968,933,968,0,0,0,0,0,0
4.1,981,924,953,935,951,0,0,0,0,0,0
4.1499999999999995,1023,968,1002,975,1002,0,0,0,0,0,0
4.199999999999999,1033,975,1019,988,1019,0,0,0,0,0,0
4.249999999999999,1151,1083,1124,1104,1119,0,0,0,0,0,0
4.299999999999999,980,935,964,942,965,0,0,0,0,0,0
4.349999999999999,1080,1007,1054,1026,1054,0,0,0,0,0,0
4.399999999999999,975,895,950,929,951,0,0,0,0,0,0
4.449999999999998,1003,878,959,960,963,0,0,0,0,0,0
4.499999999999998,996,840,945,943,954,0,0,0,0,0,0
4.549999999999998,1003,817,938,944,945,0,0,0,0,0,0
4.599999999999998,1062,793,964,1009,975,0,0,0,0,0,0
4.649999999999998,1046,738,900,974,916,0,0,0,0,0,0
4.6999999999999975,1008,616,821,936,841,0,0,0,0,0,0
4.749999999999997,1037,565,758,921,785,0,0,0,0,0,0
4.799999999999997,1033,497,695,882,718,0,0,0,0,0,0
4.849999999999997,1004,400,588,829,611,0,0,0,0,0,0
4.899999999999997,1025,340,500,750,524,0,0,0,0,0,0
4.949999999999997,983,289,430,675,450,0,0,0,0,0,0
4.9999999999999964,1022,217,352,591,376,0,0,0,0,0,0
5.049999999999996,1075,187,296,558,308,0,0,0,0,0,0
5.099999999999996,1013,121,210,413,214,0,0,0,0,0,0
5.149999999999996,1023,63,124,304,133,0,0,0,0,0,0
5.199999999999996,1008,61,108,232,112,0,0,0,0,0,0
5.249999999999996,1036,68,109,192,113,0,0,0,0,0,0
5.299999999999995,1038,38,57,118,57,0,0,0,0,0,0
5.349999999999995,1005,27,44,84,46,0,0,0,0,0,0
5.399999999999995,1057,15,27,51,27,0,0,0,0,0,0
5.449999999999995,993,5,8,26,8,0,0,0,0,0,0
5.499999999999995,1003,8,15,25,16,0,0,0,0,0,0
5.5499999999999945,1034,3,5,12,5,0,0,0,0,0,0
5.599999999999994,1052,0,2,5,2,0,0,0,0,0,0
5.649999999999994,1051,1,1,4,1,0,0,0,0,0,0
5.699999999999994,1022,1,1,3,1,0,0,0,0,0,0
5.749999999999994,936,0,1,1,1,0,0,0,0,0,0
5.799999999999994,1022,0,0,0,0,0,0,0,0,0,0
5.849999999999993,955,0,0,0,0,0,0,0,0,0,0
5.899999999999993,981,0,0,0,0,0,0,0,0,0,0
5.949999999999993,898,0,0,0,0,0,0,0,0,0,0
5.999999999999993,825,0,0,0,0,0,0,0,0,0,0
6.049999999999993,833,0,0,0,0,0,0,0,0,0,0
6.0999999999999925,732,0,0,0,0,0,0,0,0,0,0
6.149999999999992,606,0,0,0,0,0,0,0,0,0,0
6.199999999999992,533,0,0,0,0,0,0,0,0,0,0
6.249999999999992,427,0,0,0,0,0,0,0,0,0,0
6.299999999999992,291,0,0,0,0,0,0,0,0,0,0
6.349999999999992,206,0,0,0,0,0,0,0,0,0,0
6.3999999999999915,147,0,0,0,0,0,0,0,0,0,0
6.449999999999991,37,0,0,0,0,0,0,0,0,0,0
6.499999999999991,0,0,0,0,0,0,0,0,0,0,0
6.549999999999991,0,0,0,0,0,0,0,0,0,0,0
6.599999999999991,0,0,0,0,0,0,0,0,0,0,0
6.649999999999991,0,0,0,0,0,0,0,0,0,0,0
6.69999999999999,0,0,0,0,0,0,0,0,0,0,0
6.74999999999999,0,0,0,0,0,0,0,0,0,0,0
6.79999999999999,0,0,0,0,0,0,0,0,0,0,0
6.84999999999999,0,0,0,0,0,0,0,0,0,0,0
6.89999999999999,0,0,0,0,0,0,0,0,0,0,0
6.9499999999999895,0,0,0,0,0,0,0,0,0,0,0
6.999999999999989,0,0,0,0,0,0,0,0,0,0,0
7.049999999999989,0,0,0,0,0,0,0,0,0,0,0
7.099999999999989,0,0,0,0,0,0,0,0,0,0,0
7.149999999999989,0,0,0,0,0,0,0,0,0,0,0
7.199999999999989,0,0,0,0,0,0,0,0,0,0,0
7.2499999999999885,0,0,0,0,0,0,0,0,0,0,0
7.299999999999988,0,0,0,0,0,0,0,0,0,0,0
7.349999999999988,0,0,0,0,0,0,0,0,0,0,0
7.399999999999988,0,0,0,0,0,0,0,0,0,0,0
7.449999999999988,0,0,0,0,0,0,0,0,0,0,0
7.499999999999988,0,0,0,0,0,0,0,0,0,0,0
7.549999999999987,0,0,0,0,0,0,0,0,0,0,0
7.599999999999987,0,0,0,0,0,0,0,0,0,0,0
7.649999999999987,0,0,0,0,0,0,0,0,0,0,0
7.699999999999987,0,0,0,0,0,0,0,0,0,0,0
7.749999999999987,0,0,0,0,0,0,0,0,0,0,0
7.7999999999999865,0,0,0,0,0,0,0,0,0,0,0
7.849999999999986,0,0,0,0,0,0,0,0,0,0,0
7.899999999999986,0,0,0,0,0,0,0,0,0,0,0
7.949999999999986,0,0,0,0,0,0,0,0,0,0,0
*****
4,0.05,1000,0.6,1,10,100,0.85,1.0,0.75,1.0,0.1
4,1000,3,7,8,7,0,0,0,0,0,0
4.05,1069,9,17,17,17,0,0,0,0,0,0
4.1,996,9,13,22,13,0,0,0,0,0,0
4.1499999999999995,863,12,14,26,14,0,0,0,0,0,0
4.199999999999999,822,8,31,32,31,0,0,0,0,0,0
4.249999999999999,773,42,57,82,57,0,0,0,0,0,0
4.299999999999999,728,42,54,78,54,0,0,0,0,0,0
4.349999999999999,696,62,53,89,53,0,0,0,0,0,0
4.399999999999999,703,54,73,147,73,0,0,0,0,0,0
4.449999999999998,752,17,61,171,61,0,0,0,0,0,0
4.499999999999998,741,13,45,204,45,0,0,0,0,0,0
4.549999999999998,806,0,22,230,22,0,0,0,0,0,0
4.599999999999998,814,1,15,218,15,0,0,0,0,0,0
4.649999999999998,885,1,6,229,6,0,0,0,0,0,0
4.6999999999999975,942,2,3,182,3,0,0,0,0,0,0
4.749999999999997,973,4,10,102,10,0,0,0,0,0,0
4.799999999999997,928,1,7,52,7,0,0,0,0,0,0
4.849999999999997,901,1,12,21,12,0,0,0,0,0,0
4.899999999999997,926,1,9,18,9,0,0,0,0,0,0
4.949999999999997,863,0,9,17,9,0,0,0,0,0,0
4.9999999999999964,837,1,10,21,10,0,0,0,0,0,0
5.049999999999996,816,0,6,19,6,0,0,0,0,0,0
5.099999999999996,735,0,5,16,5,0,0,0,0,0,0
5.149999999999996,763,0,2,7,2,0,0,0,0,0,0
5.199999999999996,712,0,0,8,0,0,0,0,0,0,0
5.249999999999996,761,0,1,2,1,0,0,0,0,0,0
5.299999999999995,814,0,1,5,1,0,0,0,0,0,0
5.349999999999995,779,0,0,1,0,0,0,0,0,0,0
5.399999999999995,843,0,0,0,0,0,0,0,0,0,0
5.449999999999995,836,0,1,2,1,0,0,0,0,0,0
5.499999999999995,905,0,0,1,0,0,0,0,0,0,0
5.5499999999999945,890,0,0,0,0,0,0,0,0,0,0
5.599999999999994,930,0,0,0,0,0,0,0,0,0,0
5.649999999999994,863,0,0,1,0,0,0,0,0,0,0
5.699999999999994,872,0,0,0,0,0,0,0,0,0,0
5.749999999999994,816,0,0,0,0,0,0,0,0,0,0
5.799999999999994,759,0,0,0,0,0,0,0,0,0,0
5.849999999999993,751,0,0,0,0,0,0,0,0,0,0
5.899999999999993,686,0,0,0,0,0,0,0,0,0,0
5.949999999999993,661,0,0,0,0,0,0,0,0,0,0
5.999999999999993,631,0,0,0,0,0,0,0,0,0,0
6.049999999999993,571,0,0,0,0,0,0,0,0,0,0
6.0999999999999925,519,0,0,0,0,0,0,0,0,0,0
6.149999999999992,410,0,0,0,0,0,0,0,0,0,0
6.199999999999992,327,0,0,0,0,0,0,0,0,0,0
6.249999999999992,296,0,0,0,0,0,0,0,0,0,0
6.299999999999992,341,0,0,0,0,0,0,0,0,0,0
6.349999999999992,232,0,0,0,0,0,0,0,0,0,0
6.3999999999999915,196,0,0,0,0,0,0,0,0,0,0
6.449999999999991,172,0,0,0,0,0,0,0,0,0,0
6.499999999999991,105,0,0,0,0,0,0,0,0,0,0
6.549999999999991,122,0,0,0,0,0,0,0,0,0,0
6.599999999999991,107,0,0,0,0,0,0,0,0,0,0
6.649999999999991,55,0,0,0,0,0,0,0,0,0,0
6.69999999999999,0,0,0,0,0,0,0,0,0,0,0
6.74999999999999,0,0,0,0,0,0,0,0,0,0,0
6.79999999999999,0,0,0,0,0,0,0,0,0,0,0
6.84999999999999,0,0,0,0,0,0,0,0,0,0,0
6.89999999999999,0,0,0,0,0,0,0,0,0,0,0
6.9499999999999895,0,0,0,0,0,0,0,0,0,0,0
6.999999999999989,0,0,0,0,0,0,0,0,0,0,0
7.049999999999989,0,0,0,0,0,0,0,0,0,0,0
7.099999999999989,0,0,0,0,0,0,0,0,0,0,0
7.149999999999989,0,0,0,0,0,0,0,0,0,0,0
7.199999999999989,0,0,0,0,0,0,0,0,0,0,0
7.2499999999999885,0,0,0,0,0,0,0,0,0,0,0
7.299999999999988,0,0,0,0,0,0,0,0,0,0,0
7.349999999999988,0,0,0,0,0,0,0,0,0,0,0
7.399999999999988,0,0,0,0,0,0,0,0,0,0,0
7.449999999999988,0,0,0,0,0,0,0,0,0,0,0
7.499999999999988,0,0,0,0,0,0,0,0,0,0,0
7.549999999999987,0,0,0,0,0,0,0,0,0,0,0
7.599999999999987,0,0,0,0,0,0,0,0,0,0,0
7.649999999999987,0,0,0,0,0,0,0,0,0,0,0
7.699999999999987,0,0,0,0,0,0,0,0,0,0,0
7.749999999999987,0,0,0,0,0,0,0,0,0,0,0
7.7999999999999865,0,0,0,0,0,0,0,0,0,0,0
7.849999999999986,0,0,0,0,0,0,0,0,0,0,0
7.899999999999986,0,0,0,0,0,0,0,0,0,0,0
7.949999999999986,0,0,0,0,0,0,0,0,0,0,0
