*****
4,0.05,1000,0,1,10,100,0.85,1.0,0.85,1.0,0.01
4,1000,959,960,869,960,0,0,0,0,0,0
4.05,991,943,944,872,944,0,0,0,0,0,0
4.1,1013,968,971,895,971,0,0,0,0,0,0
4.1499999999999995,914,879,882,825,882,0,0,0,0,0,0
4.199999999999999,953,912,917,839,917,0,0,0,0,0,0
4.249999999999999,994,921,924,883,924,0,0,0,0,0,0
4.299999999999999,986,932,932,870,932,0,0,0,0,0,0
4.349999999999999,962,919,924,878,924,0,0,0,0,0,0
4.399999999999999,958,911,915,883,915,0,0,0,0,0,0
4.449999999999998,943,885,888,850,888,0,0,0,0,0,0
4.499999999999998,998,939,944,880,944,0,0,0,0,0,0
4.549999999999998,992,944,952,892,952,0,0,0,0,0,0
4.599999999999998,1007,963,967,878,967,0,0,0,0,0,0
4.649999999999998,990,931,939,847,939,0,0,0,0,0,0
4.6999999999999975,955,874,888,793,888,0,0,0,0,0,0
4.749999999999997,973,831,859,762,859,0,0,0,0,0,0
4.799999999999997,953,759,797,729,797,0,0,0,0,0,0
4.849999999999997,993,777,800,734,800,0,0,0,0,0,0
4.899999999999997,989,721,749,712,749,0,0,0,0,0,0
4.949999999999997,986,721,746,709,746,0,0,0,0,0,0
4.9999999999999964,993,693,710,663,710,0,0,0,0,0,0
5.049999999999996,976,667,697,609,697,0,0,0,0,0,0
5.099999999999996,980,651,670,606,670,0,0,0,0,0,0
5.149999999999996,929,632,654,540,654,0,0,0,0,0,0
5.199999999999996,992,612,642,548,642,0,0,0,0,0,0
5.249999999999996,970,498,532,463,532,0,0,0,0,0,0
5.299999999999995,968,460,512,447,512,0,0,0,0,0,0
5.349999999999995,954,359,396,373,396,0,0,0,0,0,0
5.399999999999995,947,320,344,338,344,0,0,0,0,0,0
5.449999999999995,895,285,320,315,320,0,0,0,0,0,0
5.499999999999995,946,263,272,276,272,0,0,0,0,0,0
5.5499999999999945,1014,271,288,283,288,0,0,0,0,0,0
5.599999999999994,910,239,244,233,244,0,0,0,0,0,0
5.649999999999994,950,206,213,222,213,0,0,0,0,0,0
5.699999999999994,991,225,234,210,234,0,0,0,0,0,0
5.749999999999994,938,190,197,169,197,0,0,0,0,0,0
5.799999999999994,978,139,149,141,149,0,0,0,0,0,0
5.849999999999993,992,110,120,120,120,0,0,0,0,0,0
5.899999999999993,972,90,105,116,105,0,0,0,0,0,0
5.949999999999993,991,62,69,87,69,0,0,0,0,0,0
5.999999999999993,992,39,42,61,42,0,0,0,0,0,0
6.049999999999993,909,27,29,37,29,0,0,0,0,0,0
6.0999999999999925,939,43,43,55,43,0,0,0,0,0,0
6.149999999999992,949,36,37,40,37,0,0,0,0,0,0
6.199999999999992,961,21,23,25,23,0,0,0,0,0,0
6.249999999999992,973,26,26,32,26,0,0,0,0,0,0
6.299999999999992,991,20,22,25,22,0,0,0,0,0,0
6.349999999999992,929,12,12,15,12,0,0,0,0,0,0
6.3999999999999915,942,5,5,8,5,0,0,0,0,0,0
6.449999999999991,958,5,5,9,5,0,0,0,0,0,0
6.499999999999991,955,4,4,6,4,0,0,0,0,0,0
6.549999999999991,940,5,5,6,5,0,0,0,0,0,0
6.599999999999991,911,0,0,1,0,0,0,0,0,0,0
6.649999999999991,838,0,0,0,0,0,0,0,0,0,0
6.69999999999999,797,0,0,0,0,0,0,0,0,0,0
6.74999999999999,798,0,0,0,0,0,0,0,0,0,0
6.79999999999999,688,0,0,0,0,0,0,0,0,0,0
6.84999999999999,691,0,0,0,0,0,0,0,0,0,0
6.89999999999999,639,0,0,0,0,0,0,0,0,0,0
6.9499999999999895,614,0,0,0,0,0,0,0,0,0,0
6.999999999999989,527,0,0,0,0,0,0,0,0,0,0
7.049999999999989,512,0,0,0,0,0,0,0,0,0,0
7.099999999999989,471,0,0,0,0,0,0,0,0,0,0
7.149999999999989,369,0,0,0,0,0,0,0,0,0,0
7.199999999999989,367,0,0,0,0,0,0,0,0,0,0
7.2499999999999885,303,0,0,0,0,0,0,0,0,0,0
7.299999999999988,256,0,0,0,0,0,0,0,0,0,0
7.349999999999988,212,0,0,0,0,0,0,0,0,0,0
7.399999999999988,147,0,0,0,0,0,0,0,0,0,0
7.449999999999988,95,0,0,0,0,0,0,0,0,0,0
7.499999999999988,51,0,0,0,0,0,0,0,0,0,0
7.549999999999987,38,0,0,0,0,0,0,0,0,0,0
7.599999999999987,10,0,0,0,0,0,0,0,0,0,0
7.649999999999987,0,0,0,0,0,0,0,0,0,0,0
7.699999999999987,0,0,0,0,0,0,0,0,0,0,0
7.749999999999987,0,0,0,0,0,0,0,0,0,0,0
7.7999999999999865,0,0,0,0,0,0,0,0,0,0,0
7.849999999999986,0,0,0,0,0,0,0,0,0,0,0
7.899999999999986,0,0,0,0,0,0,0,0,0,0,0
7.949999999999986,0,0,0,0,0,0,0,0,0,0,0
*****
4,0.05,1000,0,0.4,10,100,0.85,1.0,0.85,1.0,0.01
4,1001,1001,1001,1001,1001,0,0,0,0,0,0
4.05,1073,1073,1073,1073,1073,0,0,0,0,0,0
4.1,1059,1059,1059,1059,1059,0,0,0,0,0,0
4.1499999999999995,1037,1037,1037,1037,1037,0,0,0,0,0,0
4.199999999999999,1079,1079,1079,1079,1079,0,0,0,0,0,0
4.249999999999999,1091,1091,1091,1091,1091,0,0,0,0,0,0
4.299999999999999,1005,1005,1005,1005,1005,0,0,0,0,0,0
4.349999999999999,984,984,984,984,984,0,0,0,0,0,0
4.399999999999999,1111,1111,1111,1111,1111,0,0,0,0,0,0
4.449999999999998,1061,1061,1061,1061,1061,0,0,0,0,0,0
4.499999999999998,1017,1017,1017,1017,1017,0,0,0,0,0,0
4.549999999999998,1017,1017,1017,1017,1017,0,0,0,0,0,0
4.599999999999998,1054,1054,1054,1054,1054,0,0,0,0,0,0
4.649999999999998,1019,1019,1019,1019,1019,0,0,0,0,0,0
4.6999999999999975,1101,1101,1101,1101,1101,0,0,0,0,0,0
4.749999999999997,1051,1051,1051,1051,1051,0,0,0,0,0,0
4.799999999999997,1004,1004,1004,1004,1004,0,0,0,0,0,0
4.849999999999997,1035,1035,1035,1035,1035,0,0,0,0,0,0
4.899999999999997,1067,1067,1067,1067,1067,0,0,0,0,0,0
4.949999999999997,1031,1031,1031,1031,1031,0,0,0,0,0,0
4.9999999999999964,1062,1062,1062,1062,1062,0,0,0,0,0,0
5.049999999999996,1029,1029,1029,1029,1029,0,0,0,0,0,0
5.099999999999996,1047,1047,1047,1047,1047,0,0,0,0,0,0
5.149999999999996,1048,1048,1048,1048,1048,0,0,0,0,0,0
5.199999999999996,1027,1027,1027,1027,1027,0,0,0,0,0,0
5.249999999999996,1017,1017,1017,1017,1017,0,0,0,0,0,0
5.299999999999995,1055,1055,1055,1055,1055,0,0,0,0,0,0
5.349999999999995,1069,1069,1069,1069,1069,0,0,0,0,0,0
5.399999999999995,1052,1052,1052,1052,1052,0,0,0,0,0,0
5.449999999999995,1063,1063,1063,1063,1063,0,0,0,0,0,0
5.499999999999995,1101,1101,1101,1101,1101,0,0,0,0,0,0
5.5499999999999945,1004,1004,1004,1004,1004,0,0,0,0,0,0
5.599999999999994,1033,1033,1033,1033,1033,0,0,0,0,0,0
5.649999999999994,982,982,982,982,982,0,0,0,0,0,0
5.699999999999994,1042,1042,1042,1042,1042,0,0,0,0,0,0
5.749999999999994,1058,1058,1058,1058,1058,0,0,0,0,0,0
5.799999999999994,1089,1089,1089,1089,1089,0,0,0,0,0,0
5.849999999999993,1120,1120,1120,1120,1120,0,0,0,0,0,0
5.899999999999993,1048,1048,1048,1048,1048,0,0,0,0,0,0
5.949999999999993,1030,1030,1030,1030,1030,0,0,0,0,0,0
5.999999999999993,1052,1052,1052,1052,1052,0,0,0,0,0,0
6.049999999999993,1041,1037,1038,1039,1038,0,0,0,0,0,0
6.0999999999999925,1037,1004,1004,1005,1004,0,0,0,0,0,0
6.149999999999992,1035,911,916,929,916,0,0,0,0,0,0
6.199999999999992,1077,716,723,747,723,0,0,0,0,0,0
6.249999999999992,1090,459,465,482,465,0,0,0,0,0,0
6.299999999999992,1004,176,183,208,183,0,0,0,0,0,0
6.349999999999992,1048,73,76,87,76,0,0,0,0,0,0
6.3999999999999915,1075,17,17,22,17,0,0,0,0,0,0
6.449999999999991,969,4,4,4,4,0,0,0,0,0,0
6.499999999999991,906,1,1,1,1,0,0,0,0,0,0
6.549999999999991,816,1,1,1,1,0,0,0,0,0,0
6.599999999999991,742,0,0,0,0,0,0,0,0,0,0
6.649999999999991,610,0,0,0,0,0,0,0,0,0,0
6.69999999999999,476,0,0,0,0,0,0,0,0,0,0
6.74999999999999,340,0,0,0,0,0,0,0,0,0,0
6.79999999999999,223,0,0,0,0,0,0,0,0,0,0
6.84999999999999,140,0,0,0,0,0,0,0,0,0,0
6.89999999999999,95,0,0,0,0,0,0,0,0,0,0
6.9499999999999895,42,0,0,0,0,0,0,0,0,0,0
6.999999999999989,0,0,0,0,0,0,0,0,0,0,0
7.049999999999989,0,0,0,0,0,0,0,0,0,0,0
7.099999999999989,0,0,0,0,0,0,0,0,0,0,0
7.149999999999989,0,0,0,0,0,0,0,0,0,0,0
7.199999999999989,0,0,0,0,0,0,0,0,0,0,0
7.2499999999999885,0,0,0,0,0,0,0,0,0,0,0
7.299999999999988,0,0,0,0,0,0,0,0,0,0,0
7.349999999999988,0,0,0,0,0,0,0,0,0,0,0
7.399999999999988,0,0,0,0,0,0,0,0,0,0,0
7.449999999999988,0,0,0,0,0,0,0,0,0,0,0
7.499999999999988,0,0,0,0,0,0,0,0,0,0,0
7.549999999999987,0,0,0,0,0,0,0,0,0,0,0
7.599999999999987,0,0,0,0,0,0,0,0,0,0,0
7.649999999999987,0,0,0,0,0,0,0,0,0,0,0
7.699999999999987,0,0,0,0,0,0,0,0,0,0,0
7.749999999999987,0,0,0,0,0,0,0,0,0,0,0
7.7999999999999865,0,0,0,0,0,0,0,0,0,0,0
7.849999999999986,0,0,0,0,0,0,0,0,0,0,0
7.899999999999986,0,0,0,0,0,0,0,0,0,0,0
7.949999999999986,0,0,0,0,0,0,0,0,0,0,0
*****
4,0.05,1000,0.3,0.7,10,100,0.85,1.0,0.85,1.0,0.01
4,1000,1000,1000,1000,1000,0,0,0,0,0,0
4.05,1033,1033,1033,1033,1033,0,0,0,0,0,0
4.1,1029,1029,1029,1029,1029,0,0,0,0,0,0
4.1499999999999995,1009,1009,1009,1009,1009,0,0,0,0,0,0
4.199999999999999,974,974,974,974,974,0,0,0,0,0,0
4.249999999999999,1008,1008,1008,1008,1008,0,0,0,0,0,0
4.299999999999999,1026,1026,1026,1026,1026,0,0,0,0,0,0
4.349999999999999,1144,1144,1144,1144,1144,0,0,0,0,0,0
4.399999999999999,1009,1009,1009,1009,1009,0,0,0,0,0,0
4.449999999999998,1014,1014,1014,1014,1014,0,0,0,0,0,0
4.499999999999998,1037,1037,1037,1037,1037,0,0,0,0,0,0
4.549999999999998,967,967,967,967,967,0,0,0,0,0,0
4.599999999999998,994,994,994,994,994,0,0,0,0,0,0
4.649999999999998,1017,1017,1017,1017,1017,0,0,0,0,0,0
4.6999999999999975,1009,1009,1009,1009,1009,0,0,0,0,0,0
4.749999999999997,1086,1086,1086,1086,1086,0,0,0,0,0,0
4.799999999999997,1001,1001,1001,1001,1001,0,0,0,0,0,0
4.849999999999997,1007,1007,1007,1007,1007,0,0,0,0,0,0
4.899999999999997,1031,1031,1031,1031,1031,0,0,0,0,0,0
4.949999999999997,1050,1050,1050,1050,1050,0,0,0,0,0,0
4.9999999999999964,1033,1033,1033,1033,1033,0,0,0,0,0,0
5.049999999999996,1000,1000,1000,1000,1000,0,0,0,0,0,0
5.099999999999996,1067,1067,1067,1067,1067,0,0,0,0,0,0
5.149999999999996,1083,1083,1083,1083,1083,0,0,0,0,0,0
5.199999999999996,958,958,958,958,958,0,0,0,0,0,0
5.249999999999996,1017,1017,1017,1017,1017,0,0,0,0,0,0
5.299999999999995,1054,1054,1054,1054,1054,0,0,0,0,0,0
5.349999999999995,995,995,995,995,995,0,0,0,0,0,0
5.399999999999995,1013,1013,1013,1013,1013,0,0,0,0,0,0
5.449999999999995,996,996,996,996,996,0,0,0,0,0,0
5.499999999999995,1050,1050,1050,1050,1050,0,0,0,0,0,0
5.5499999999999945,1035,1035,1035,1035,1035,0,0,0,0,0,0
5.599999999999994,1033,1033,1033,1033,1033,0,0,0,0,0,0
5.649999999999994,1031,1031,1031,1031,1031,0,0,0,0,0,0
5.699999999999994,1055,1055,1055,1055,1055,0,0,0,0,0,0
5.749999999999994,1001,1001,1001,1001,1001,0,0,0,0,0,0
5.799999999999994,1009,1009,1009,1009,1009,0,0,0,0,0,0
5.849999999999993,1039,1039,1039,1039,1039,0,0,0,0,0,0
5.899999999999993,1008,1008,1008,1008,1008,0,0,0,0,0,0
5.949999999999993,1052,1052,1052,1052,1052,0,0,0,0,0,0
5.999999999999993,1044,1042,1042,1042,1042,0,0,0,0,0,0
6.049999999999993,1040,1034,1036,1036,1036,0,0,0,0,0,0
6.0999999999999925,1017,989,993,993,993,0,0,0,0,0,0
6.149999999999992,1016,942,948,948,948,0,0,0,0,0,0
6.199999999999992,1032,844,853,854,853,0,0,0,0,0,0
6.249999999999992,996,673,696,696,696,0,0,0,0,0,0
6.299999999999992,1063,557,577,580,577,0,0,0,0,0,0
6.349999999999992,954,309,330,331,330,0,0,0,0,0,0
6.3999999999999915,1064,197,225,226,225,0,0,0,0,0,0
6.449999999999991,988,109,119,119,119,0,0,0,0,0,0
6.499999999999991,1021,45,50,51,50,0,0,0,0,0,0
6.549999999999991,1046,30,31,31,31,0,0,0,0,0,0
6.599999999999991,1041,17,19,19,19,0,0,0,0,0,0
6.649999999999991,1013,8,9,9,9,0,0,0,0,0,0
6.69999999999999,1046,5,5,5,5,0,0,0,0,0,0
6.74999999999999,1004,1,1,1,1,0,0,0,0,0,0
6.79999999999999,1011,0,0,0,0,0,0,0,0,0,0
6.84999999999999,1007,0,0,0,0,0,0,0,0,0,0
6.89999999999999,988,0,0,0,0,0,0,0,0,0,0
6.9499999999999895,1035,0,0,0,0,0,0,0,0,0,0
6.999999999999989,1022,0,0,0,0,0,0,0,0,0,0
7.049999999999989,1043,0,0,0,0,0,0,0,0,0,0
7.099999999999989,967,0,0,0,0,0,0,0,0,0,0
7.149999999999989,816,0,0,0,0,0,0,0,0,0,0
7.199999999999989,657,0,0,0,0,0,0,0,0,0,0
7.2499999999999885,553,0,0,0,0,0,0,0,0,0,0
7.299999999999988,416,0,0,0,0,0,0,0,0,0,0
7.349999999999988,304,0,0,0,0,0,0,0,0,0,0
7.399999999999988,174,0,0,0,0,0,0,0,0,0,0
7.449999999999988,68,0,0,0,0,0,0,0,0,0,0
7.499999999999988,0,0,0,0,0,0,0,0,0,0,0
7.549999999999987,0,0,0,0,0,0,0,0,0,0,0
7.599999999999987,0,0,0,0,0,0,0,0,0,0,0
7.649999999999987,0,0,0,0,0,0,0,0,0,0,0
7.699999999999987,0,0,0,0,0,0,0,0,0,0,0
7.749999999999987,0,0,0,0,0,0,0,0,0,0,0
7.7999999999999865,0,0,0,0,0,0,0,0,0,0,0
7.849999999999986,0,0,0,0,0,0,0,0,0,0,0
7.899999999999986,0,0,0,0,0,0,0,0,0,0,0
7.949999999999986,0,0,0,0,0,0,0,0,0,0,0
*****
4,0.05,1000,0.6,1,10,100,0.85,1.0,0.85,1.0,0.01
4,1000,12,14,15,14,0,0,0,0,0,0
4.05,967,20,20,21,20,0,0,0,0,0,0
4.1,908,24,24,31,24,0,0,0,0,0,0
4.1499999999999995,899,30,30,37,30,0,0,0,0,0,0
4.199999999999999,789,33,33,46,33,0,0,0,0,0,0
4.249999999999999,806,21,24,57,24,0,0,0,0,0,0
4.299999999999999,724,32,31,66,31,0,0,0,0,0,0
4.349999999999999,672,23,26,61,26,0,0,0,0,0,0
4.399999999999999,687,17,18,83,18,0,0,0,0,0,0
4.449999999999998,671,16,19,94,19,0,0,0,0,0,0
4.499999999999998,701,15,15,111,15,0,0,0,0,0,0
4.549999999999998,717,10,12,88,12,0,0,0,0,0,0
4.599999999999998,815,2,5,103,5,0,0,0,0,0,0
4.649999999999998,845,8,8,87,8,0,0,0,0,0,0
4.6999999999999975,868,12,12,60,12,0,0,0,0,0,0
4.749999999999997,909,19,20,41,20,0,0,0,0,0,0
4.799999999999997,911,17,20,30,20,0,0,0,0,0,0
4.849999999999997,851,21,25,36,25,0,0,0,0,0,0
4.899999999999997,832,21,24,30,24,0,0,0,0,0,0
4.949999999999997,836,14,18,33,18,0,0,0,0,0,0
4.9999999999999964,797,19,27,58,27,0,0,0,0,0,0
5.049999999999996,792,20,29,58,29,0,0,0,0,0,0
5.099999999999996,773,13,14,67,14,0,0,0,0,0,0
5.149999999999996,669,14,17,55,17,0,0,0,0,0,0
5.199999999999996,698,4,8,49,8,0,0,0,0,0,0
5.249999999999996,718,7,7,32,7,0,0,0,0,0,0
5.299999999999995,744,3,4,23,4,0,0,0,0,0,0
5.349999999999995,782,9,9,13,9,0,0,0,0,0,0
5.399999999999995,800,8,9,16,9,0,0,0,0,0,0
5.449999999999995,833,10,10,8,10,0,0,0,0,0,0
5.499999999999995,794,10,11,12,11,0,0,0,0,0,0
5.5499999999999945,794,10,11,10,11,0,0,0,0,0,0
5.599999999999994,848,11,11,15,11,0,0,0,0,0,0
5.649999999999994,806,11,17,24,17,0,0,0,0,0,0
5.699999999999994,861,11,14,18,14,0,0,0,0,0,0
5.749999999999994,778,4,13,12,13,0,0,0,0,0,0
5.799999999999994,741,8,9,12,9,0,0,0,0,0,0
5.849999999999993,757,9,10,9,10,0,0,0,0,0,0
5.899999999999993,746,6,11,13,11,0,0,0,0,0,0
5.949999999999993,794,2,3,6,3,0,0,0,0,0,0
5.999999999999993,725,3,7,7,7,0,0,0,0,0,0
6.049999999999993,725,1,1,1,1,0,0,0,0,0,0
6.0999999999999925,724,1,2,2,2,0,0,0,0,0,0
6.149999999999992,717,1,1,1,1,0,0,0,0,0,0
6.199999999999992,753,4,4,5,4,0,0,0,0,0,0
6.249999999999992,785,2,3,3,3,0,0,0,0,0,0
6.299999999999992,798,0,0,0,0,0,0,0,0,0,0
6.349999999999992,782,2,2,2,2,0,0,0,0,0,0
6.3999999999999915,798,1,1,1,1,0,0,0,0,0,0
6.449999999999991,746,2,2,2,2,0,0,0,0,0,0
6.499999999999991,742,0,0,0,0,0,0,0,0,0,0
6.549999999999991,762,0,0,0,0,0,0,0,0,0,0
6.599999999999991,765,1,1,1,1,0,0,0,0,0,0
6.649999999999991,775,0,0,0,0,0,0,0,0,0,0
6.69999999999999,670,1,1,1,1,0,0,0,0,0,0
6.74999999999999,625,1,1,1,1,0,0,0,0,0,0
6.79999999999999,589,0,0,0,0,0,0,0,0,0,0
6.84999999999999,581,0,0,0,0,0,0,0,0,0,0
6.89999999999999,585,0,0,0,0,0,0,0,0,0,0
6.9499999999999895,469,0,0,0,0,0,0,0,0,0,0
6.999999999999989,467,0,0,0,0,0,0,0,0,0,0
7.049999999999989,482,0,0,0,0,0,0,0,0,0,0
7.099999999999989,498,0,0,0,0,0,0,0,0,0,0
7.149999999999989,405,0,0,0,0,0,0,0,0,0,0
7.199999999999989,355,0,0,0,0,0,0,0,0,0,0
7.2499999999999885,221,0,0,0,0,0,0,0,0,0,0
7.299999999999988,235,0,0,0,0,0,0,0,0,0,0
7.349999999999988,282,0,0,0,0,0,0,0,0,0,0
7.399999999999988,227,0,0,0,0,0,0,0,0,0,0
7.449999999999988,142,0,0,0,0,0,0,0,0,0,0
7.499999999999988,143,0,0,0,0,0,0,0,0,0,0
7.549999999999987,152,0,0,0,0,0,0,0,0,0,0
7.599999999999987,124,0,0,0,0,0,0,0,0,0,0
7.649999999999987,141,0,0,0,0,0,0,0,0,0,0
7.699999999999987,97,0,0,0,0,0,0,0,0,0,0
7.749999999999987,40,0,0,0,0,0,0,0,0,0,0
7.7999999999999865,0,0,0,0,0,0,0,0,0,0,0
7.849999999999986,0,0,0,0,0,0,0,0,0,0,0
7.899999999999986,0,0,0,0,0,0,0,0,0,0,0
7.949999999999986,0,0,0,0,0,0,0,0,0,0,0
