*****
4 , 0.05 , 1000 , 0 , 1 , 10 , 100 , 0.75 , 1.0 , 0.75 , 1.0 , .055
4.0,1000,916,926,725,921,0,885,866,621,859,0
4.05,960,873,893,733,886,0,853,853,641,844,0
4.1,1003,880,907,746,908,0,855,864,655,862,0
4.15,989,879,910,776,911,0,859,871,685,873,0
4.2,996,827,873,779,872,0,820,859,720,856,0
4.25,1009,747,861,769,858,0,737,850,730,846,0
4.3,1026,677,807,771,808,0,675,794,736,793,0
4.35,1001,636,756,740,761,0,633,748,726,753,0
4.4,935,484,640,684,648,0,479,633,675,639,0
4.45,981,422,580,667,586,0,422,579,665,584,0
4.5,1062,412,569,672,570,0,412,562,677,564,0
4.55,1045,296,460,576,467,0,295,457,555,464,0
4.6,1017,214,331,480,336,0,213,329,487,334,0
4.65,998,157,287,419,291,0,157,280,418,285,0
4.7,1005,135,216,350,219,0,133,206,347,210,0
4.75,1058,93,145,296,146,0,91,142,290,142,0
4.8,1016,59,116,254,116,0,59,114,245,114,0
4.85,909,40,74,165,75,0,40,74,162,75,0
4.9,1004,36,70,143,70,0,35,68,140,68,0
4.95,961,15,32,110,32,0,15,32,110,32,0
5.0,989,18,37,90,38,0,18,37,87,38,0
5.05,991,7,24,88,25,0,7,24,85,25,0
5.1,1040,4,11,46,11,0,4,11,48,11,0
5.15,1006,6,11,29,11,0,6,11,28,11,0
5.2,1042,3,10,28,10,0,3,10,28,10,0
5.25,994,4,5,15,5,0,4,5,15,5,0
5.3,1013,1,2,12,3,0,1,2,12,3,0
5.35,979,1,1,2,1,0,1,1,2,1,0
5.4,989,0,1,3,1,0,0,1,2,1,0
5.45,1009,0,0,4,0,0,0,0,4,0,0
5.5,1024,0,0,2,0,0,0,0,2,0,0
5.55,980,1,2,3,2,0,1,2,3,2,0
5.6,959,0,0,1,0,0,0,0,1,0,0
5.65,951,0,0,0,0,0,0,0,0,0,0
5.7,928,0,0,1,0,0,0,0,1,0,0
5.75,977,0,0,0,0,0,0,0,0,0,0
5.8,1048,0,0,0,0,0,0,0,0,0,0
5.85,994,0,0,0,0,0,0,0,0,0,0
5.9,978,0,0,0,0,0,0,0,0,0,0
5.95,951,0,0,0,0,0,0,0,0,0,0
6.0,1017,0,0,0,0,0,0,0,0,0,0
6.050000000000001,1028,0,0,0,0,0,0,0,0,0,0
6.1,969,0,0,0,0,0,0,0,0,0,0
6.15,995,0,0,0,0,0,0,0,0,0,0
6.2,1023,0,0,0,0,0,0,0,0,0,0
6.25,996,0,0,0,0,0,0,0,0,0,0
6.300000000000001,954,0,0,0,0,0,0,0,0,0,0
6.35,1036,0,0,0,0,0,0,0,0,0,0
6.4,951,0,0,0,0,0,0,0,0,0,0
6.45,1032,0,0,0,0,0,0,0,0,0,0
6.5,996,0,0,0,0,0,0,0,0,0,0
6.550000000000001,978,0,0,0,0,0,0,0,0,0,0
6.6,965,0,0,0,0,0,0,0,0,0,0
6.65,997,0,0,0,0,0,0,0,0,0,0
6.7,1003,0,0,0,0,0,0,0,0,0,0
6.75,1065,0,0,0,0,0,0,0,0,0,0
6.800000000000001,976,0,0,0,0,0,0,0,0,0,0
6.85,994,0,0,0,0,0,0,0,0,0,0
6.9,999,0,0,0,0,0,0,0,0,0,0
6.95,1002,0,0,0,0,0,0,0,0,0,0
7.0,984,0,0,0,0,0,0,0,0,0,0
7.050000000000001,1018,0,0,0,0,0,0,0,0,0,0
7.1,966,0,0,0,0,0,0,0,0,0,0
7.15,991,0,0,0,0,0,0,0,0,0,0
7.2,1019,0,0,0,0,0,0,0,0,0,0
7.25,1047,0,0,0,0,0,0,0,0,0,0
7.300000000000001,963,0,0,0,0,0,0,0,0,0,0
7.35,1012,0,0,0,0,0,0,0,0,0,0
7.4,1006,0,0,0,0,0,0,0,0,0,0
7.45,994,0,0,0,0,0,0,0,0,0,0
7.5,1011,0,0,0,0,0,0,0,0,0,0
7.550000000000001,977,0,0,0,0,0,0,0,0,0,0
7.6,1008,0,0,0,0,0,0,0,0,0,0
7.65,1017,0,0,0,0,0,0,0,0,0,0
7.7,955,0,0,0,0,0,0,0,0,0,0
7.75,981,0,0,0,0,0,0,0,0,0,0
7.800000000000001,971,0,0,0,0,0,0,0,0,0,0
7.85,939,0,0,0,0,0,0,0,0,0,0
7.9,1001,0,0,0,0,0,0,0,0,0,0
7.95,1037,0,0,0,0,0,0,0,0,0,0
8.0,977,0,0,0,0,0,0,0,0,0,0
8.05,939,0,0,0,0,0,0,0,0,0,0
8.100000000000001,863,0,0,0,0,0,0,0,0,0,0
8.15,855,0,0,0,0,0,0,0,0,0,0
8.2,758,0,0,0,0,0,0,0,0,0,0
8.25,702,0,0,0,0,0,0,0,0,0,0
8.3,675,0,0,0,0,0,0,0,0,0,0
8.350000000000001,637,0,0,0,0,0,0,0,0,0,0
8.4,603,0,0,0,0,0,0,0,0,0,0
8.45,526,0,0,0,0,0,0,0,0,0,0
8.5,495,0,0,0,0,0,0,0,0,0,0
8.55,405,0,0,0,0,0,0,0,0,0,0
8.600000000000001,370,0,0,0,0,0,0,0,0,0,0
8.65,296,0,0,0,0,0,0,0,0,0,0
8.7,281,0,0,0,0,0,0,0,0,0,0
8.75,205,0,0,0,0,0,0,0,0,0,0
8.8,172,0,0,0,0,0,0,0,0,0,0
8.850000000000001,111,0,0,0,0,0,0,0,0,0,0
8.9,75,0,0,0,0,0,0,0,0,0,0
8.95,28,0,0,0,0,0,0,0,0,0,0
*****
4 , 0.05 , 1000 , 0 , 0.4 , 10 , 100 , 0.75 , 1.0 , 0.75 , 1.0 , .055
4.0,1000,1000,1000,1000,1000,0,1000,1000,999,1000,0
4.05,1040,1040,1040,1039,1040,0,1040,1040,1039,1040,0
4.1,993,993,993,993,993,0,993,993,993,993,0
4.15,964,964,964,963,964,0,964,964,962,964,0
4.2,992,992,992,992,992,0,992,992,992,992,0
4.25,982,982,982,982,982,0,982,982,982,982,0
4.3,1002,1002,1002,1002,1002,0,1002,1002,1002,1002,0
4.35,1048,1048,1048,1048,1048,0,1048,1048,1048,1048,0
4.4,1018,1017,1017,1018,1018,0,1017,1017,1018,1018,0
4.45,987,981,979,987,984,0,981,979,987,984,0
4.5,1069,1051,1049,1069,1059,0,1051,1049,1069,1059,0
4.55,965,926,912,962,936,0,926,912,962,936,0
4.6,1022,929,926,1014,953,0,929,926,1014,953,0
4.65,979,809,790,961,856,0,809,790,961,856,0
4.7,1007,731,722,957,789,0,731,722,957,789,0
4.75,1027,621,621,921,664,0,621,621,921,664,0
4.8,975,468,468,805,504,0,468,468,805,504,0
4.85,1017,350,362,726,406,0,350,362,726,406,0
4.9,989,240,254,599,294,0,240,254,599,294,0
4.95,981,136,145,452,164,0,136,145,452,164,0
5.0,1034,95,101,350,114,0,95,101,350,114,0
5.05,1054,48,51,226,54,0,48,51,226,54,0
5.1,990,25,26,106,28,0,25,26,106,28,0
5.15,1001,9,12,64,12,0,9,12,64,12,0
5.2,1002,8,8,38,8,0,8,8,38,8,0
5.25,925,2,2,10,2,0,2,2,10,2,0
5.3,1027,0,0,5,0,0,0,0,5,0,0
5.35,1015,0,0,2,0,0,0,0,2,0,0
5.4,1027,0,0,1,0,0,0,0,1,0,0
5.45,999,0,0,0,0,0,0,0,0,0,0
5.5,980,0,0,0,0,0,0,0,0,0,0
5.55,962,0,0,0,0,0,0,0,0,0,0
5.6,1030,0,0,0,0,0,0,0,0,0,0
5.65,981,0,0,0,0,0,0,0,0,0,0
5.7,988,0,0,0,0,0,0,0,0,0,0
5.75,1000,0,0,0,0,0,0,0,0,0,0
5.8,960,0,0,0,0,0,0,0,0,0,0
5.85,993,0,0,0,0,0,0,0,0,0,0
5.9,1027,0,0,0,0,0,0,0,0,0,0
5.95,1018,0,0,0,0,0,0,0,0,0,0
6.0,967,0,0,0,0,0,0,0,0,0,0
6.050000000000001,986,0,0,0,0,0,0,0,0,0,0
6.1,1038,0,0,0,0,0,0,0,0,0,0
6.15,1035,0,0,0,0,0,0,0,0,0,0
6.2,991,0,0,0,0,0,0,0,0,0,0
6.25,960,0,0,0,0,0,0,0,0,0,0
6.300000000000001,1038,0,0,0,0,0,0,0,0,0,0
6.35,1007,0,0,0,0,0,0,0,0,0,0
6.4,977,0,0,0,0,0,0,0,0,0,0
6.45,1081,0,0,0,0,0,0,0,0,0,0
6.5,1051,0,0,0,0,0,0,0,0,0,0
6.550000000000001,950,0,0,0,0,0,0,0,0,0,0
6.6,971,0,0,0,0,0,0,0,0,0,0
6.65,991,0,0,0,0,0,0,0,0,0,0
6.7,1017,0,0,0,0,0,0,0,0,0,0
6.75,1011,0,0,0,0,0,0,0,0,0,0
6.800000000000001,974,0,0,0,0,0,0,0,0,0,0
6.85,998,0,0,0,0,0,0,0,0,0,0
6.9,1007,0,0,0,0,0,0,0,0,0,0
6.95,975,0,0,0,0,0,0,0,0,0,0
7.0,941,0,0,0,0,0,0,0,0,0,0
7.050000000000001,1051,0,0,0,0,0,0,0,0,0,0
7.1,987,0,0,0,0,0,0,0,0,0,0
7.15,1026,0,0,0,0,0,0,0,0,0,0
7.2,1018,0,0,0,0,0,0,0,0,0,0
7.25,1017,0,0,0,0,0,0,0,0,0,0
7.300000000000001,919,0,0,0,0,0,0,0,0,0,0
7.35,976,0,0,0,0,0,0,0,0,0,0
7.4,1012,0,0,0,0,0,0,0,0,0,0
7.45,1040,0,0,0,0,0,0,0,0,0,0
7.5,1014,0,0,0,0,0,0,0,0,0,0
7.550000000000001,991,0,0,0,0,0,0,0,0,0,0
7.6,1001,0,0,0,0,0,0,0,0,0,0
7.65,970,0,0,0,0,0,0,0,0,0,0
7.7,964,0,0,0,0,0,0,0,0,0,0
7.75,973,0,0,0,0,0,0,0,0,0,0
7.800000000000001,1015,0,0,0,0,0,0,0,0,0,0
7.85,993,0,0,0,0,0,0,0,0,0,0
7.9,998,0,0,0,0,0,0,0,0,0,0
7.95,1035,0,0,0,0,0,0,0,0,0,0
8.0,930,0,0,0,0,0,0,0,0,0,0
8.05,828,0,0,0,0,0,0,0,0,0,0
8.100000000000001,731,0,0,0,0,0,0,0,0,0,0
8.15,563,0,0,0,0,0,0,0,0,0,0
8.2,402,0,0,0,0,0,0,0,0,0,0
8.25,314,0,0,0,0,0,0,0,0,0,0
8.3,171,0,0,0,0,0,0,0,0,0,0
8.350000000000001,69,0,0,0,0,0,0,0,0,0,0
*****
4 , 0.05 , 1000 , 0.3 , 0.7 , 10 , 100 , 0.75 , 1.0 , 0.75 , 1.0 , .055
4.0,1000,956,970,942,970,0,891,903,837,898,0
4.05,924,883,905,862,903,0,817,861,756,853,0
4.1,900,860,880,849,879,0,805,839,761,834,0
4.15,885,857,867,832,866,0,790,816,745,815,0
4.2,885,845,865,840,862,0,793,820,764,814,0
4.25,910,871,886,856,888,0,802,833,772,832,0
4.3,911,881,890,867,890,0,814,840,791,834,0
4.35,933,877,908,885,907,0,834,865,798,862,0
4.4,945,884,914,904,915,0,834,860,825,858,0
4.45,869,787,825,806,825,0,742,788,745,781,0
4.5,892,796,846,825,847,0,771,806,743,805,0
4.55,907,785,836,834,838,0,764,816,785,815,0
4.6,896,741,822,827,827,0,723,799,763,802,0
4.65,929,721,810,833,813,0,707,786,789,789,0
4.7,900,653,755,802,758,0,644,740,752,741,0
4.75,907,630,714,777,719,0,628,713,757,717,0
4.8,967,562,684,763,688,0,560,679,740,681,0
4.85,884,442,555,683,560,0,443,554,665,559,0
4.9,930,416,505,635,516,0,416,505,624,516,0
4.95,867,338,417,525,419,0,338,415,509,418,0
5.0,863,273,358,484,361,0,273,357,481,360,0
5.05,876,218,291,411,294,0,218,291,407,294,0
5.1,910,186,245,372,251,0,186,245,365,250,0
5.15,912,146,188,285,190,0,146,187,281,189,0
5.2,956,114,155,228,159,0,114,155,223,158,0
5.25,956,64,103,177,105,0,64,103,174,105,0
5.3,838,63,82,127,82,0,63,82,126,82,0
5.35,929,48,63,105,63,0,48,63,104,63,0
5.4,940,30,44,66,44,0,30,44,66,44,0
5.45,933,29,35,54,35,0,29,35,54,35,0
5.5,909,15,19,27,19,0,15,19,27,19,0
5.55,850,8,12,20,12,0,8,12,20,12,0
5.6,889,3,5,7,5,0,3,5,7,5,0
5.65,911,5,6,9,6,0,5,6,9,6,0
5.7,924,2,2,3,2,0,2,2,3,2,0
5.75,901,2,2,2,2,0,2,2,2,2,0
5.8,910,2,2,2,2,0,2,2,2,2,0
5.85,969,0,0,0,0,0,0,0,0,0,0
5.9,912,0,0,0,0,0,0,0,0,0,0
5.95,880,0,0,1,0,0,0,0,1,0,0
6.0,901,0,0,0,0,0,0,0,0,0,0
6.050000000000001,930,0,0,0,0,0,0,0,0,0,0
6.1,854,0,0,0,0,0,0,0,0,0,0
6.15,907,0,0,0,0,0,0,0,0,0,0
6.2,925,0,0,0,0,0,0,0,0,0,0
6.25,892,0,0,0,0,0,0,0,0,0,0
6.300000000000001,920,0,0,0,0,0,0,0,0,0,0
6.35,921,0,0,0,0,0,0,0,0,0,0
6.4,918,0,0,0,0,0,0,0,0,0,0
6.45,921,0,0,0,0,0,0,0,0,0,0
6.5,910,0,0,0,0,0,0,0,0,0,0
6.550000000000001,915,0,0,0,0,0,0,0,0,0,0
6.6,894,0,0,0,0,0,0,0,0,0,0
6.65,898,0,0,0,0,0,0,0,0,0,0
6.7,862,0,0,0,0,0,0,0,0,0,0
6.75,927,0,0,0,0,0,0,0,0,0,0
6.800000000000001,865,0,0,0,0,0,0,0,0,0,0
6.85,938,0,0,0,0,0,0,0,0,0,0
6.9,948,0,0,0,0,0,0,0,0,0,0
6.95,886,0,0,0,0,0,0,0,0,0,0
7.0,933,0,0,0,0,0,0,0,0,0,0
7.050000000000001,932,0,0,0,0,0,0,0,0,0,0
7.1,860,0,0,0,0,0,0,0,0,0,0
7.15,876,0,0,0,0,0,0,0,0,0,0
7.2,879,0,0,0,0,0,0,0,0,0,0
7.25,966,0,0,0,0,0,0,0,0,0,0
7.300000000000001,947,0,0,0,0,0,0,0,0,0,0
7.35,885,0,0,0,0,0,0,0,0,0,0
7.4,906,0,0,0,0,0,0,0,0,0,0
7.45,902,0,0,0,0,0,0,0,0,0,0
7.5,911,0,0,0,0,0,0,0,0,0,0
7.550000000000001,951,0,0,0,0,0,0,0,0,0,0
7.6,883,0,0,0,0,0,0,0,0,0,0
7.65,888,0,0,0,0,0,0,0,0,0,0
7.7,885,0,0,0,0,0,0,0,0,0,0
7.75,903,0,0,0,0,0,0,0,0,0,0
7.800000000000001,956,0,0,0,0,0,0,0,0,0,0
7.85,907,0,0,0,0,0,0,0,0,0,0
7.9,952,0,0,0,0,0,0,0,0,0,0
7.95,897,0,0,0,0,0,0,0,0,0,0
8.0,916,0,0,0,0,0,0,0,0,0,0
8.05,905,0,0,0,0,0,0,0,0,0,0
8.100000000000001,903,0,0,0,0,0,0,0,0,0,0
8.15,900,0,0,0,0,0,0,0,0,0,0
8.2,910,0,0,0,0,0,0,0,0,0,0
8.25,905,0,0,0,0,0,0,0,0,0,0
8.3,878,0,0,0,0,0,0,0,0,0,0
8.350000000000001,732,0,0,0,0,0,0,0,0,0,0
8.4,604,0,0,0,0,0,0,0,0,0,0
8.45,532,0,0,0,0,0,0,0,0,0,0
8.5,393,0,0,0,0,0,0,0,0,0,0
8.55,292,0,0,0,0,0,0,0,0,0,0
8.600000000000001,167,0,0,0,0,0,0,0,0,0,0
8.65,57,0,0,0,0,0,0,0,0,0,0
*****
4 , 0.05 , 1000 , 0.6 , 1 , 10 , 100 , 0.75 , 1.0 , 0.75 , 1.0 , .055
4.0,1000,4,6,5,6,0,4,6,5,6,0
4.05,1008,4,9,7,9,0,7,10,8,10,0
4.1,959,12,19,21,19,0,17,21,21,21,0
4.15,868,11,18,20,18,0,16,20,19,20,0
4.2,844,13,25,35,25,0,17,28,39,28,0
4.25,742,25,43,56,43,0,41,57,65,57,0
4.3,737,57,57,67,57,0,70,75,78,75,0
4.35,694,46,54,91,54,0,57,88,122,88,0
4.4,696,43,57,121,57,0,50,93,154,93,0
4.45,719,15,41,117,41,0,18,75,147,75,0
4.5,779,11,25,135,25,0,15,66,177,66,0
4.55,783,1,15,126,15,0,3,44,167,44,0
4.6,809,0,4,97,4,0,0,13,112,13,0
4.65,855,1,3,58,3,0,1,12,71,12,0
4.7,974,1,2,36,2,0,1,8,44,8,0
4.75,916,2,3,16,3,0,2,9,22,9,0
4.8,1005,1,3,6,3,0,1,4,6,4,0
4.85,939,1,5,9,5,0,2,7,11,7,0
4.9,923,1,5,7,5,0,1,7,8,7,0
4.95,877,0,3,7,3,0,0,4,8,4,0
5.0,802,0,2,6,2,0,0,3,7,3,0
5.05,813,0,1,7,1,0,0,2,7,2,0
5.1,773,0,1,4,1,0,0,1,4,1,0
5.15,724,0,3,6,3,0,0,5,7,5,0
5.2,773,0,0,2,0,0,0,0,2,0,0
5.25,742,0,0,0,0,0,0,0,0,0,0
5.3,825,0,1,0,1,0,0,1,0,1,0
5.35,781,0,0,1,0,0,0,0,1,0,0
5.4,846,0,0,0,0,0,0,0,0,0,0
5.45,824,0,0,0,0,0,0,0,0,0,0
5.5,908,0,0,0,0,0,0,0,0,0,0
5.55,841,0,0,0,0,0,0,0,0,0,0
5.6,929,0,0,0,0,0,0,0,0,0,0
5.65,936,0,0,0,0,0,0,0,0,0,0
5.7,932,0,0,0,0,0,0,0,0,0,0
5.75,854,0,0,0,0,0,0,0,0,0,0
5.8,873,0,0,0,0,0,0,0,0,0,0
5.85,784,0,0,0,0,0,0,0,0,0,0
5.9,785,0,0,0,0,0,0,0,0,0,0
5.95,744,0,0,0,0,0,0,0,0,0,0
6.0,828,0,0,0,0,0,0,0,0,0,0
6.050000000000001,802,0,0,0,0,0,0,0,0,0,0
6.1,795,0,0,0,0,0,0,0,0,0,0
6.15,797,0,0,0,0,0,0,0,0,0,0
6.2,786,0,0,0,0,0,0,0,0,0,0
6.25,791,0,0,0,0,0,0,0,0,0,0
6.300000000000001,878,0,0,0,0,0,0,0,0,0,0
6.35,922,0,0,0,0,0,0,0,0,0,0
6.4,903,0,0,0,0,0,0,0,0,0,0
6.45,889,0,0,0,0,0,0,0,0,0,0
6.5,908,0,0,0,0,0,0,0,0,0,0
6.550000000000001,852,0,0,0,0,0,0,0,0,0,0
6.6,879,0,0,0,0,0,0,0,0,0,0
6.65,790,0,0,0,0,0,0,0,0,0,0
6.7,781,0,0,0,0,0,0,0,0,0,0
6.75,830,0,0,0,0,0,0,0,0,0,0
6.800000000000001,764,0,0,0,0,0,0,0,0,0,0
6.85,804,0,0,0,0,0,0,0,0,0,0
6.9,804,0,0,0,0,0,0,0,0,0,0
6.95,826,0,0,0,0,0,0,0,0,0,0
7.0,852,0,0,0,0,0,0,0,0,0,0
7.050000000000001,816,0,0,0,0,0,0,0,0,0,0
7.1,865,0,0,0,0,0,0,0,0,0,0
7.15,872,0,0,0,0,0,0,0,0,0,0
7.2,893,0,0,0,0,0,0,0,0,0,0
7.25,866,0,0,0,0,0,0,0,0,0,0
7.300000000000001,881,0,0,0,0,0,0,0,0,0,0
7.35,862,0,0,0,0,0,0,0,0,0,0
7.4,850,0,0,0,0,0,0,0,0,0,0
7.45,803,0,0,0,0,0,0,0,0,0,0
7.5,831,0,0,0,0,0,0,0,0,0,0
7.550000000000001,837,0,0,0,0,0,0,0,0,0,0
7.6,800,0,0,0,0,0,0,0,0,0,0
7.65,783,0,0,0,0,0,0,0,0,0,0
7.7,821,0,0,0,0,0,0,0,0,0,0
7.75,810,0,0,0,0,0,0,0,0,0,0
7.800000000000001,813,0,0,0,0,0,0,0,0,0,0
7.85,823,0,0,0,0,0,0,0,0,0,0
7.9,889,0,0,0,0,0,0,0,0,0,0
7.95,848,0,0,0,0,0,0,0,0,0,0
8.0,873,0,0,0,0,0,0,0,0,0,0
8.05,888,0,0,0,0,0,0,0,0,0,0
8.100000000000001,882,0,0,0,0,0,0,0,0,0,0
8.15,856,0,0,0,0,0,0,0,0,0,0
8.2,909,0,0,0,0,0,0,0,0,0,0
8.25,794,0,0,0,0,0,0,0,0,0,0
8.3,752,0,0,0,0,0,0,0,0,0,0
8.350000000000001,859,0,0,0,0,0,0,0,0,0,0
8.4,817,0,0,0,0,0,0,0,0,0,0
8.45,779,0,0,0,0,0,0,0,0,0,0
8.5,786,0,0,0,0,0,0,0,0,0,0
8.55,839,0,0,0,0,0,0,0,0,0,0
8.600000000000001,741,0,0,0,0,0,0,0,0,0,0
8.65,690,0,0,0,0,0,0,0,0,0,0
8.7,590,0,0,0,0,0,0,0,0,0,0
8.75,505,0,0,0,0,0,0,0,0,0,0
8.8,363,0,0,0,0,0,0,0,0,0,0
8.850000000000001,269,0,0,0,0,0,0,0,0,0,0
8.9,163,0,0,0,0,0,0,0,0,0,0
8.95,49,0,0,0,0,0,0,0,0,0,0
