*****
4 , 0.05 , 1000 , 0 , 1 , 10 , 100 , 0.75 , 1.0 , 0.85 , 1.0 , .055
4.0,1000,943,946,790,946,0,890,874,698,874,0
4.05,1023,963,966,831,966,0,925,911,727,911,0
4.1,1044,990,987,820,987,0,951,936,727,936,0
4.15,1020,957,968,813,968,0,921,924,731,924,0
4.2,986,898,913,784,913,0,885,883,705,883,0
4.25,1011,904,933,831,933,0,886,902,736,902,0
4.3,982,855,888,777,888,0,836,864,726,864,0
4.35,1041,915,947,842,947,0,893,926,797,926,0
4.4,1022,835,902,825,902,0,815,880,786,879,0
4.45,990,798,849,777,849,0,785,834,757,834,0
4.5,1051,805,882,830,882,0,785,854,815,854,0
4.55,1021,730,820,768,820,0,722,806,749,806,0
4.6,985,661,750,708,750,0,653,738,683,738,0
4.65,1016,567,674,652,674,0,560,659,642,659,0
4.7,975,463,589,572,589,0,457,581,568,581,0
4.75,967,418,513,527,513,0,417,510,521,510,0
4.8,1063,432,512,557,513,0,427,504,540,505,0
4.85,1007,350,442,438,442,0,346,432,419,432,0
4.9,1000,311,395,429,395,0,308,391,413,391,0
4.95,1065,285,354,403,355,0,282,351,393,352,0
5.0,1019,206,272,322,272,0,204,269,320,269,0
5.05,1050,166,210,253,210,0,163,206,247,206,0
5.1,997,120,168,186,168,0,119,167,188,167,0
5.15,1042,120,146,185,146,0,120,146,184,146,0
5.2,1002,75,112,153,112,0,75,112,153,112,0
5.25,1035,76,91,130,91,0,76,90,129,90,0
5.3,1008,50,65,103,65,0,50,65,102,65,0
5.35,988,31,45,75,45,0,31,45,74,45,0
5.4,1045,30,37,52,37,0,30,37,52,37,0
5.45,1020,21,24,33,24,0,21,24,32,24,0
5.5,1036,11,15,24,15,0,11,15,24,15,0
5.55,988,11,15,24,15,0,11,15,24,15,0
5.6,1018,5,9,15,9,0,5,9,15,9,0
5.65,1009,2,3,6,3,0,2,3,6,3,0
5.7,1006,5,6,10,6,0,5,6,10,6,0
5.75,1046,2,2,9,2,0,2,2,9,2,0
5.8,1000,2,2,4,2,0,2,2,4,2,0
5.85,1047,0,0,1,0,0,0,0,1,0,0
5.9,1014,1,1,1,1,0,1,1,1,1,0
5.95,999,0,0,0,0,0,0,0,0,0,0
6.0,1064,0,0,0,0,0,0,0,0,0,0
6.050000000000001,998,0,0,0,0,0,0,0,0,0,0
6.1,976,0,0,0,0,0,0,0,0,0,0
6.15,964,0,0,0,0,0,0,0,0,0,0
6.2,985,0,0,0,0,0,0,0,0,0,0
6.25,995,0,0,0,0,0,0,0,0,0,0
6.300000000000001,1001,0,0,0,0,0,0,0,0,0,0
6.35,1057,0,0,0,0,0,0,0,0,0,0
6.4,999,0,0,0,0,0,0,0,0,0,0
6.45,1025,0,0,0,0,0,0,0,0,0,0
6.5,1023,0,0,0,0,0,0,0,0,0,0
6.550000000000001,974,0,0,0,0,0,0,0,0,0,0
6.6,1008,0,0,0,0,0,0,0,0,0,0
6.65,1072,0,0,0,0,0,0,0,0,0,0
6.7,1003,0,0,0,0,0,0,0,0,0,0
6.75,1047,0,0,0,0,0,0,0,0,0,0
6.800000000000001,950,0,0,0,0,0,0,0,0,0,0
6.85,1016,0,0,0,0,0,0,0,0,0,0
6.9,972,0,0,0,0,0,0,0,0,0,0
6.95,967,0,0,0,0,0,0,0,0,0,0
7.0,1047,0,0,0,0,0,0,0,0,0,0
7.050000000000001,1067,0,0,0,0,0,0,0,0,0,0
7.1,1059,0,0,0,0,0,0,0,0,0,0
7.15,963,0,0,0,0,0,0,0,0,0,0
7.2,1029,0,0,0,0,0,0,0,0,0,0
7.25,1045,0,0,0,0,0,0,0,0,0,0
7.300000000000001,1000,0,0,0,0,0,0,0,0,0,0
7.35,967,0,0,0,0,0,0,0,0,0,0
7.4,1014,0,0,0,0,0,0,0,0,0,0
7.45,1023,0,0,0,0,0,0,0,0,0,0
7.5,1024,0,0,0,0,0,0,0,0,0,0
7.550000000000001,1015,0,0,0,0,0,0,0,0,0,0
7.6,1045,0,0,0,0,0,0,0,0,0,0
7.65,965,0,0,0,0,0,0,0,0,0,0
7.7,1017,0,0,0,0,0,0,0,0,0,0
7.75,995,0,0,0,0,0,0,0,0,0,0
7.800000000000001,1011,0,0,0,0,0,0,0,0,0,0
7.85,1014,0,0,0,0,0,0,0,0,0,0
7.9,1058,0,0,0,0,0,0,0,0,0,0
7.95,1079,0,0,0,0,0,0,0,0,0,0
8.0,984,0,0,0,0,0,0,0,0,0,0
8.05,956,0,0,0,0,0,0,0,0,0,0
8.100000000000001,857,0,0,0,0,0,0,0,0,0,0
8.15,836,0,0,0,0,0,0,0,0,0,0
8.2,800,0,0,0,0,0,0,0,0,0,0
8.25,682,0,0,0,0,0,0,0,0,0,0
8.3,677,0,0,0,0,0,0,0,0,0,0
8.350000000000001,607,0,0,0,0,0,0,0,0,0,0
8.4,605,0,0,0,0,0,0,0,0,0,0
8.45,550,0,0,0,0,0,0,0,0,0,0
8.5,446,0,0,0,0,0,0,0,0,0,0
8.55,442,0,0,0,0,0,0,0,0,0,0
8.600000000000001,366,0,0,0,0,0,0,0,0,0,0
8.65,332,0,0,0,0,0,0,0,0,0,0
8.7,287,0,0,0,0,0,0,0,0,0,0
8.75,248,0,0,0,0,0,0,0,0,0,0
8.8,180,0,0,0,0,0,0,0,0,0,0
8.850000000000001,137,0,0,0,0,0,0,0,0,0,0
8.9,94,0,0,0,0,0,0,0,0,0,0
8.95,29,0,0,0,0,0,0,0,0,0,0
*****
4 , 0.05 , 1000 , 0 , 0.4 , 10 , 100 , 0.75 , 1.0 , 0.85 , 1.0 , .055
4.0,1000,1000,1000,1000,1000,0,1000,1000,1000,1000,0
4.05,1032,1032,1032,1032,1032,0,1032,1032,1032,1032,0
4.1,959,959,959,959,959,0,959,959,959,959,0
4.15,1013,1013,1013,1013,1013,0,1013,1013,1013,1013,0
4.2,1018,1018,1018,1018,1018,0,1018,1018,1018,1018,0
4.25,995,995,995,995,995,0,995,995,995,995,0
4.3,1063,1063,1063,1063,1063,0,1063,1063,1063,1063,0
4.35,1010,1010,1010,1010,1010,0,1010,1010,1010,1010,0
4.4,977,977,977,977,977,0,977,977,977,977,0
4.45,1036,1036,1036,1036,1036,0,1036,1036,1036,1036,0
4.5,1011,1011,1011,1011,1011,0,1011,1011,1011,1011,0
4.55,1010,1010,1010,1010,1010,0,1010,1010,1010,1010,0
4.6,973,973,973,973,973,0,973,973,973,973,0
4.65,1066,1066,1066,1066,1066,0,1066,1066,1066,1066,0
4.7,1001,1001,1001,1001,1001,0,1001,1001,1001,1001,0
4.75,933,933,933,933,933,0,933,933,933,933,0
4.8,986,986,986,986,986,0,986,986,986,986,0
4.85,1028,1028,1028,1028,1028,0,1028,1028,1028,1028,0
4.9,977,976,977,977,977,0,976,977,977,977,0
4.95,1034,1032,1033,1034,1033,0,1032,1033,1034,1033,0
5.0,1064,1062,1062,1063,1062,0,1062,1062,1063,1062,0
5.05,1015,990,991,1003,991,0,990,991,1003,991,0
5.1,956,919,924,945,927,0,919,924,945,927,0
5.15,1020,938,941,986,943,0,938,941,986,943,0
5.2,1004,849,856,909,860,0,849,856,909,860,0
5.25,968,726,745,821,748,0,726,745,821,748,0
5.3,1037,672,685,788,688,0,672,685,788,688,0
5.35,998,456,469,598,470,0,456,469,598,470,0
5.4,932,295,313,412,313,0,295,313,412,313,0
5.45,1003,199,207,300,208,0,199,207,300,208,0
5.5,974,99,106,176,106,0,99,106,176,106,0
5.55,1047,58,61,92,62,0,58,61,92,62,0
5.6,1017,31,34,47,34,0,31,34,47,34,0
5.65,990,8,9,15,9,0,8,9,15,9,0
5.7,982,5,5,12,5,0,5,5,12,5,0
5.75,966,2,3,5,3,0,2,3,5,3,0
5.8,951,1,1,1,1,0,1,1,1,1,0
5.85,1019,1,1,2,1,0,1,1,2,1,0
5.9,1017,0,0,1,0,0,0,0,1,0,0
5.95,1032,0,0,0,0,0,0,0,0,0,0
6.0,986,0,0,0,0,0,0,0,0,0,0
6.050000000000001,987,0,0,0,0,0,0,0,0,0,0
6.1,962,0,0,0,0,0,0,0,0,0,0
6.15,1000,0,0,0,0,0,0,0,0,0,0
6.2,1033,0,0,0,0,0,0,0,0,0,0
6.25,992,0,0,0,0,0,0,0,0,0,0
6.300000000000001,1019,0,0,0,0,0,0,0,0,0,0
6.35,979,0,0,0,0,0,0,0,0,0,0
6.4,1028,0,0,0,0,0,0,0,0,0,0
6.45,999,0,0,0,0,0,0,0,0,0,0
6.5,984,0,0,0,0,0,0,0,0,0,0
6.550000000000001,1054,0,0,0,0,0,0,0,0,0,0
6.6,989,0,0,0,0,0,0,0,0,0,0
6.65,986,0,0,0,0,0,0,0,0,0,0
6.7,978,0,0,0,0,0,0,0,0,0,0
6.75,994,0,0,0,0,0,0,0,0,0,0
6.800000000000001,1003,0,0,0,0,0,0,0,0,0,0
6.85,1015,0,0,0,0,0,0,0,0,0,0
6.9,1037,0,0,0,0,0,0,0,0,0,0
6.95,1005,0,0,0,0,0,0,0,0,0,0
7.0,991,0,0,0,0,0,0,0,0,0,0
7.050000000000001,999,0,0,0,0,0,0,0,0,0,0
7.1,1016,0,0,0,0,0,0,0,0,0,0
7.15,950,0,0,0,0,0,0,0,0,0,0
7.2,1072,0,0,0,0,0,0,0,0,0,0
7.25,1040,0,0,0,0,0,0,0,0,0,0
7.300000000000001,1059,0,0,0,0,0,0,0,0,0,0
7.35,971,0,0,0,0,0,0,0,0,0,0
7.4,968,0,0,0,0,0,0,0,0,0,0
7.45,985,0,0,0,0,0,0,0,0,0,0
7.5,980,0,0,0,0,0,0,0,0,0,0
7.550000000000001,1030,0,0,0,0,0,0,0,0,0,0
7.6,965,0,0,0,0,0,0,0,0,0,0
7.65,958,0,0,0,0,0,0,0,0,0,0
7.7,988,0,0,0,0,0,0,0,0,0,0
7.75,1019,0,0,0,0,0,0,0,0,0,0
7.800000000000001,1005,0,0,0,0,0,0,0,0,0,0
7.85,1014,0,0,0,0,0,0,0,0,0,0
7.9,1015,0,0,0,0,0,0,0,0,0,0
7.95,1015,0,0,0,0,0,0,0,0,0,0
8.0,922,0,0,0,0,0,0,0,0,0,0
8.05,842,0,0,0,0,0,0,0,0,0,0
8.100000000000001,690,0,0,0,0,0,0,0,0,0,0
8.15,549,0,0,0,0,0,0,0,0,0,0
8.2,428,0,0,0,0,0,0,0,0,0,0
8.25,326,0,0,0,0,0,0,0,0,0,0
8.3,196,0,0,0,0,0,0,0,0,0,0
8.350000000000001,44,0,0,0,0,0,0,0,0,0,0
*****
4 , 0.05 , 1000 , 0.3 , 0.7 , 10 , 100 , 0.75 , 1.0 , 0.85 , 1.0 , .055
4.0,1000,997,998,990,998,0,979,981,950,981,0
4.05,1004,1002,1004,998,1004,0,967,974,948,974,0
4.1,986,983,983,976,983,0,964,966,947,966,0
4.15,1048,1044,1046,1037,1046,0,1017,1024,997,1024,0
4.2,957,955,956,951,956,0,946,947,921,947,0
4.25,919,916,917,913,917,0,903,905,881,905,0
4.3,999,992,996,995,996,0,982,989,962,989,0
4.35,983,977,977,977,977,0,974,973,949,973,0
4.4,957,956,957,949,957,0,949,950,931,950,0
4.45,995,992,994,990,994,0,983,987,968,988,0
4.5,977,975,976,973,976,0,967,970,956,970,0
4.55,995,990,995,987,995,0,978,986,963,986,0
4.6,973,969,971,962,971,0,956,963,943,963,0
4.65,989,985,986,979,986,0,973,980,950,980,0
4.7,965,960,962,958,962,0,948,956,940,956,0
4.75,1004,996,1002,992,1002,0,983,989,968,989,0
4.8,980,965,970,967,970,0,959,965,948,965,0
4.85,994,971,985,979,986,0,964,976,957,977,0
4.9,977,964,974,961,974,0,961,970,956,970,0
4.95,959,914,933,916,933,0,913,932,908,932,0
5.0,1000,939,969,968,969,0,939,970,959,970,0
5.05,998,918,947,942,947,0,918,947,935,947,0
5.1,994,890,926,935,926,0,889,924,931,924,0
5.15,993,852,886,897,887,0,852,886,893,887,0
5.2,960,778,823,832,823,0,778,823,828,823,0
5.25,1001,771,809,823,809,0,771,809,820,809,0
5.3,939,650,708,738,708,0,650,708,736,708,0
5.35,958,627,665,681,665,0,627,665,681,665,0
5.4,971,540,580,623,580,0,540,580,622,580,0
5.45,980,487,533,586,534,0,487,533,586,534,0
5.5,991,420,463,502,463,0,420,463,502,463,0
5.55,947,345,378,418,378,0,345,378,418,378,0
5.6,1013,288,319,344,319,0,288,319,344,319,0
5.65,1017,213,231,253,231,0,213,231,253,231,0
5.7,991,173,196,214,196,0,173,196,214,196,0
5.75,1016,118,133,138,133,0,118,133,138,133,0
5.8,916,67,75,81,75,0,67,75,81,75,0
5.85,948,57,64,69,64,0,57,64,69,64,0
5.9,978,40,42,43,42,0,40,42,43,42,0
5.95,937,14,18,18,18,0,14,18,18,18,0
6.0,1086,16,18,18,18,0,16,18,18,18,0
6.050000000000001,950,6,6,6,6,0,6,6,6,6,0
6.1,976,4,4,4,4,0,4,4,4,4,0
6.15,971,0,0,0,0,0,0,0,0,0,0
6.2,987,0,0,0,0,0,0,0,0,0,0
6.25,939,0,0,0,0,0,0,0,0,0,0
6.300000000000001,1001,0,0,0,0,0,0,0,0,0,0
6.35,958,0,0,0,0,0,0,0,0,0,0
6.4,1009,0,0,0,0,0,0,0,0,0,0
6.45,951,0,0,0,0,0,0,0,0,0,0
6.5,1020,0,0,0,0,0,0,0,0,0,0
6.550000000000001,987,0,0,0,0,0,0,0,0,0,0
6.6,938,0,0,0,0,0,0,0,0,0,0
6.65,989,0,0,0,0,0,0,0,0,0,0
6.7,995,0,0,0,0,0,0,0,0,0,0
6.75,1021,0,0,0,0,0,0,0,0,0,0
6.800000000000001,978,0,0,0,0,0,0,0,0,0,0
6.85,923,0,0,0,0,0,0,0,0,0,0
6.9,1012,0,0,0,0,0,0,0,0,0,0
6.95,987,0,0,0,0,0,0,0,0,0,0
7.0,986,0,0,0,0,0,0,0,0,0,0
7.050000000000001,979,0,0,0,0,0,0,0,0,0,0
7.1,936,0,0,0,0,0,0,0,0,0,0
7.15,1018,0,0,0,0,0,0,0,0,0,0
7.2,959,0,0,0,0,0,0,0,0,0,0
7.25,992,0,0,0,0,0,0,0,0,0,0
7.300000000000001,1004,0,0,0,0,0,0,0,0,0,0
7.35,988,0,0,0,0,0,0,0,0,0,0
7.4,1002,0,0,0,0,0,0,0,0,0,0
7.45,957,0,0,0,0,0,0,0,0,0,0
7.5,965,0,0,0,0,0,0,0,0,0,0
7.550000000000001,1009,0,0,0,0,0,0,0,0,0,0
7.6,963,0,0,0,0,0,0,0,0,0,0
7.65,977,0,0,0,0,0,0,0,0,0,0
7.7,954,0,0,0,0,0,0,0,0,0,0
7.75,991,0,0,0,0,0,0,0,0,0,0
7.800000000000001,990,0,0,0,0,0,0,0,0,0,0
7.85,954,0,0,0,0,0,0,0,0,0,0
7.9,1045,0,0,0,0,0,0,0,0,0,0
7.95,986,0,0,0,0,0,0,0,0,0,0
8.0,962,0,0,0,0,0,0,0,0,0,0
8.05,973,0,0,0,0,0,0,0,0,0,0
8.100000000000001,971,0,0,0,0,0,0,0,0,0,0
8.15,1019,0,0,0,0,0,0,0,0,0,0
8.2,936,0,0,0,0,0,0,0,0,0,0
8.25,1004,0,0,0,0,0,0,0,0,0,0
8.3,886,0,0,0,0,0,0,0,0,0,0
8.350000000000001,798,0,0,0,0,0,0,0,0,0,0
8.4,700,0,0,0,0,0,0,0,0,0,0
8.45,552,0,0,0,0,0,0,0,0,0,0
8.5,445,0,0,0,0,0,0,0,0,0,0
8.55,322,0,0,0,0,0,0,0,0,0,0
8.600000000000001,172,0,0,0,0,0,0,0,0,0,0
8.65,65,0,0,0,0,0,0,0,0,0,0
*****
4 , 0.05 , 1000 , 0.6 , 1 , 10 , 100 , 0.75 , 1.0 , 0.85 , 1.0 , .055
4.0,1000,1,1,3,1,0,3,4,2,4,0
4.05,1039,8,6,7,6,0,10,10,10,10,0
4.1,917,10,11,13,11,0,13,5,4,5,0
4.15,878,23,14,21,14,0,29,18,19,18,0
4.2,856,29,24,38,24,0,36,27,37,27,0
4.25,806,35,44,50,44,0,63,51,55,51,0
4.3,772,41,60,78,60,0,82,83,87,83,0
4.35,710,53,52,74,52,0,96,90,99,90,0
4.4,721,56,77,95,77,0,97,130,136,130,0
4.45,736,36,59,108,59,0,73,145,170,145,0
4.5,751,20,48,101,48,0,40,122,164,122,0
4.55,808,9,33,146,33,0,19,114,220,114,0
4.6,849,3,13,119,13,0,6,60,169,60,0
4.65,874,5,8,84,8,0,7,35,121,35,0
4.7,865,1,3,42,3,0,1,17,59,17,0
4.75,992,5,7,32,7,0,9,14,42,14,0
4.8,963,11,13,22,13,0,12,17,24,17,0
4.85,919,4,7,9,7,0,6,13,13,13,0
4.9,907,9,15,20,15,0,8,18,21,18,0
4.95,903,2,13,17,13,0,3,20,20,20,0
5.0,842,6,15,21,15,0,10,23,30,23,0
5.05,833,1,13,19,13,0,4,23,27,23,0
5.1,795,0,2,6,2,0,1,4,8,4,0
5.15,798,1,3,8,3,0,2,8,12,8,0
5.2,769,0,0,2,0,0,0,2,2,2,0
5.25,767,1,1,3,1,0,1,1,3,1,0
5.3,745,0,0,2,0,0,0,0,2,0,0
5.35,788,1,2,2,2,0,0,1,1,1,0
5.4,830,0,0,0,0,0,0,1,0,1,0
5.45,863,0,0,0,0,0,0,0,0,0,0
5.5,862,0,0,0,0,0,0,0,0,0,0
5.55,944,0,0,2,0,0,0,0,2,0,0
5.6,907,0,0,1,0,0,0,0,1,0,0
5.65,928,1,1,1,1,0,0,0,0,0,0
5.7,912,0,0,0,0,0,0,0,0,0,0
5.75,871,0,0,0,0,0,0,0,0,0,0
5.8,841,0,0,0,0,0,0,0,0,0,0
5.85,809,0,0,0,0,0,0,0,0,0,0
5.9,868,0,0,0,0,0,0,0,0,0,0
5.95,761,0,0,0,0,0,0,0,0,0,0
6.0,765,0,0,0,0,0,0,0,0,0,0
6.050000000000001,847,0,0,0,0,0,0,0,0,0,0
6.1,787,0,0,0,0,0,0,0,0,0,0
6.15,810,0,0,0,0,0,0,0,0,0,0
6.2,820,0,0,0,0,0,0,0,0,0,0
6.25,819,0,0,0,0,0,0,0,0,0,0
6.300000000000001,861,0,0,0,0,0,0,0,0,0,0
6.35,902,0,0,0,0,0,0,0,0,0,0
6.4,869,0,0,0,0,0,0,0,0,0,0
6.45,896,0,0,0,0,0,0,0,0,0,0
6.5,904,0,0,0,0,0,0,0,0,0,0
6.550000000000001,891,0,0,0,0,0,0,0,0,0,0
6.6,898,0,0,0,0,0,0,0,0,0,0
6.65,841,0,0,0,0,0,0,0,0,0,0
6.7,843,0,0,0,0,0,0,0,0,0,0
6.75,787,0,0,0,0,0,0,0,0,0,0
6.800000000000001,808,0,0,0,0,0,0,0,0,0,0
6.85,819,0,0,0,0,0,0,0,0,0,0
6.9,782,0,0,0,0,0,0,0,0,0,0
6.95,855,0,0,0,0,0,0,0,0,0,0
7.0,836,0,0,0,0,0,0,0,0,0,0
7.050000000000001,799,0,0,0,0,0,0,0,0,0,0
7.1,828,0,0,0,0,0,0,0,0,0,0
7.15,855,0,0,0,0,0,0,0,0,0,0
7.2,891,0,0,0,0,0,0,0,0,0,0
7.25,850,0,0,0,0,0,0,0,0,0,0
7.300000000000001,917,0,0,0,0,0,0,0,0,0,0
7.35,880,0,0,0,0,0,0,0,0,0,0
7.4,869,0,0,0,0,0,0,0,0,0,0
7.45,867,0,0,0,0,0,0,0,0,0,0
7.5,823,0,0,0,0,0,0,0,0,0,0
7.550000000000001,828,0,0,0,0,0,0,0,0,0,0
7.6,796,0,0,0,0,0,0,0,0,0,0
7.65,827,0,0,0,0,0,0,0,0,0,0
7.7,823,0,0,0,0,0,0,0,0,0,0
7.75,839,0,0,0,0,0,0,0,0,0,0
7.800000000000001,828,0,0,0,0,0,0,0,0,0,0
7.85,854,0,0,0,0,0,0,0,0,0,0
7.9,806,0,0,0,0,0,0,0,0,0,0
7.95,844,0,0,0,0,0,0,0,0,0,0
8.0,863,0,0,0,0,0,0,0,0,0,0
8.05,848,0,0,0,0,0,0,0,0,0,0
8.100000000000001,876,0,0,0,0,0,0,0,0,0,0
8.15,898,0,0,0,0,0,0,0,0,0,0
8.2,864,0,0,0,0,0,0,0,0,0,0
8.25,876,0,0,0,0,0,0,0,0,0,0
8.3,883,0,0,0,0,0,0,0,0,0,0
8.350000000000001,806,0,0,0,0,0,0,0,0,0,0
8.4,811,0,0,0,0,0,0,0,0,0,0
8.45,819,0,0,0,0,0,0,0,0,0,0
8.5,857,0,0,0,0,0,0,0,0,0,0
8.55,796,0,0,0,0,0,0,0,0,0,0
8.600000000000001,815,0,0,0,0,0,0,0,0,0,0
8.65,619,0,0,0,0,0,0,0,0,0,0
8.7,583,0,0,0,0,0,0,0,0,0,0
8.75,463,0,0,0,0,0,0,0,0,0,0
8.8,364,0,0,0,0,0,0,0,0,0,0
8.850000000000001,270,0,0,0,0,0,0,0,0,0,0
8.9,151,0,0,0,0,0,0,0,0,0,0
8.95,63,0,0,0,0,0,0,0,0,0,0
