*****
4,0.05,1000,0,1,10,100,0.65,1.0,0.75,1.0,0.1
4,1001,784,862,626,816,0,0,0,0,0,0
4.05,921,657,778,599,718,0,0,0,0,0,0
4.1,927,572,754,570,738,0,0,0,0,0,0
4.1499999999999995,990,497,694,658,741,0,0,0,0,0,0
4.199999999999999,949,381,626,608,648,0,0,0,0,0,0
4.249999999999999,950,260,492,619,586,0,0,0,0,0,0
4.299999999999999,947,224,425,582,517,0,0,0,0,0,0
4.349999999999999,946,120,315,540,422,0,0,0,0,0,0
4.399999999999999,962,100,254,525,351,0,0,0,0,0,0
4.449999999999998,994,65,176,487,240,0,0,0,0,0,0
4.499999999999998,960,47,146,406,209,0,0,0,0,0,0
4.549999999999998,952,34,92,335,140,0,0,0,0,0,0
4.599999999999998,965,11,58,232,92,0,0,0,0,0,0
4.649999999999998,945,10,41,188,61,0,0,0,0,0,0
4.6999999999999975,958,3,25,133,41,0,0,0,0,0,0
4.749999999999997,888,2,13,85,25,0,0,0,0,0,0
4.799999999999997,957,3,11,61,17,0,0,0,0,0,0
4.849999999999997,943,1,4,27,6,0,0,0,0,0,0
4.899999999999997,1013,0,2,25,4,0,0,0,0,0,0
4.949999999999997,946,0,1,6,1,0,0,0,0,0,0
4.9999999999999964,949,0,3,10,3,0,0,0,0,0,0
5.049999999999996,950,0,0,5,0,0,0,0,0,0,0
5.099999999999996,958,0,1,2,1,0,0,0,0,0,0
5.149999999999996,871,0,0,2,0,0,0,0,0,0,0
5.199999999999996,872,0,0,1,1,0,0,0,0,0,0
5.249999999999996,760,0,0,0,0,0,0,0,0,0,0
5.299999999999995,823,0,0,0,0,0,0,0,0,0,0
5.349999999999995,742,0,0,0,0,0,0,0,0,0,0
5.399999999999995,724,0,0,0,0,0,0,0,0,0,0
5.449999999999995,645,0,0,0,0,0,0,0,0,0,0
5.499999999999995,604,0,0,0,0,0,0,0,0,0,0
5.5499999999999945,576,0,0,0,0,0,0,0,0,0,0
5.599999999999994,488,0,0,0,0,0,0,0,0,0,0
5.649999999999994,460,0,0,0,0,0,0,0,0,0,0
5.699999999999994,427,0,0,0,0,0,0,0,0,0,0
5.749999999999994,350,0,0,0,0,0,0,0,0,0,0
5.799999999999994,325,0,0,0,0,0,0,0,0,0,0
5.849999999999993,279,0,0,0,0,0,0,0,0,0,0
5.899999999999993,248,0,0,0,0,0,0,0,0,0,0
5.949999999999993,173,0,0,0,0,0,0,0,0,0,0
5.999999999999993,129,0,0,0,0,0,0,0,0,0,0
6.049999999999993,103,0,0,0,0,0,0,0,0,0,0
6.0999999999999925,70,0,0,0,0,0,0,0,0,0,0
6.149999999999992,25,0,0,0,0,0,0,0,0,0,0
6.199999999999992,15,0,0,0,0,0,0,0,0,0,0
6.249999999999992,0,0,0,0,0,0,0,0,0,0,0
6.299999999999992,0,0,0,0,0,0,0,0,0,0,0
6.349999999999992,0,0,0,0,0,0,0,0,0,0,0
6.3999999999999915,0,0,0,0,0,0,0,0,0,0,0
6.449999999999991,0,0,0,0,0,0,0,0,0,0,0
6.499999999999991,0,0,0,0,0,0,0,0,0,0,0
6.549999999999991,0,0,0,0,0,0,0,0,0,0,0
6.599999999999991,0,0,0,0,0,0,0,0,0,0,0
6.649999999999991,0,0,0,0,0,0,0,0,0,0,0
6.69999999999999,0,0,0,0,0,0,0,0,0,0,0
6.74999999999999,0,0,0,0,0,0,0,0,0,0,0
6.79999999999999,0,0,0,0,0,0,0,0,0,0,0
6.84999999999999,0,0,0,0,0,0,0,0,0,0,0
6.89999999999999,0,0,0,0,0,0,0,0,0,0,0
6.9499999999999895,0,0,0,0,0,0,0,0,0,0,0
6.999999999999989,0,0,0,0,0,0,0,0,0,0,0
7.049999999999989,0,0,0,0,0,0,0,0,0,0,0
7.099999999999989,0,0,0,0,0,0,0,0,0,0,0
7.149999999999989,0,0,0,0,0,0,0,0,0,0,0
7.199999999999989,0,0,0,0,0,0,0,0,0,0,0
7.2499999999999885,0,0,0,0,0,0,0,0,0,0,0
7.299999999999988,0,0,0,0,0,0,0,0,0,0,0
7.349999999999988,0,0,0,0,0,0,0,0,0,0,0
7.399999999999988,0,0,0,0,0,0,0,0,0,0,0
7.449999999999988,0,0,0,0,0,0,0,0,0,0,0
7.499999999999988,0,0,0,0,0,0,0,0,0,0,0
7.549999999999987,0,0,0,0,0,0,0,0,0,0,0
7.599999999999987,0,0,0,0,0,0,0,0,0,0,0
7.649999999999987,0,0,0,0,0,0,0,0,0,0,0
7.699999999999987,0,0,0,0,0,0,0,0,0,0,0
7.749999999999987,0,0,0,0,0,0,0,0,0,0,0
7.7999999999999865,0,0,0,0,0,0,0,0,0,0,0
7.849999999999986,0,0,0,0,0,0,0,0,0,0,0
7.899999999999986,0,0,0,0,0,0,0,0,0,0,0
7.949999999999986,0,0,0,0,0,0,0,0,0,0,0
*****
4,0.05,1000,0,0.4,10,100,0.65,1.0,0.75,1.0,0.1
4,1000,992,535,985,1000,0,0,0,0,0,0
4.05,982,966,439,963,982,0,0,0,0,0,0
4.1,962,907,325,939,962,0,0,0,0,0,0
4.1499999999999995,933,801,242,915,929,0,0,0,0,0,0
4.199999999999999,937,683,180,918,917,0,0,0,0,0,0
4.249999999999999,939,493,113,914,866,0,0,0,0,0,0
4.299999999999999,963,375,82,903,800,0,0,0,0,0,0
4.349999999999999,963,242,57,874,689,0,0,0,0,0,0
4.399999999999999,961,119,27,800,491,0,0,0,0,0,0
4.449999999999998,955,78,18,647,352,0,0,0,0,0,0
4.499999999999998,963,29,5,519,233,0,0,0,0,0,0
4.549999999999998,982,11,4,376,105,0,0,0,0,0,0
4.599999999999998,949,0,0,231,72,0,0,0,0,0,0
4.649999999999998,969,1,2,149,21,0,0,0,0,0,0
4.6999999999999975,942,0,0,73,7,0,0,0,0,0,0
4.749999999999997,946,1,0,30,8,0,0,0,0,0,0
4.799999999999997,929,0,0,8,1,0,0,0,0,0,0
4.849999999999997,876,0,0,3,0,0,0,0,0,0,0
4.899999999999997,769,0,0,0,0,0,0,0,0,0,0
4.949999999999997,719,0,0,0,0,0,0,0,0,0,0
4.9999999999999964,608,0,0,0,0,0,0,0,0,0,0
5.049999999999996,414,0,0,0,0,0,0,0,0,0,0
5.099999999999996,318,0,0,0,0,0,0,0,0,0,0
5.149999999999996,208,0,0,0,0,0,0,0,0,0,0
5.199999999999996,113,0,0,0,0,0,0,0,0,0,0
5.249999999999996,19,0,0,0,0,0,0,0,0,0,0
5.299999999999995,0,0,0,0,0,0,0,0,0,0,0
5.349999999999995,0,0,0,0,0,0,0,0,0,0,0
5.399999999999995,0,0,0,0,0,0,0,0,0,0,0
5.449999999999995,0,0,0,0,0,0,0,0,0,0,0
5.499999999999995,0,0,0,0,0,0,0,0,0,0,0
5.5499999999999945,0,0,0,0,0,0,0,0,0,0,0
5.599999999999994,0,0,0,0,0,0,0,0,0,0,0
5.649999999999994,0,0,0,0,0,0,0,0,0,0,0
5.699999999999994,0,0,0,0,0,0,0,0,0,0,0
5.749999999999994,0,0,0,0,0,0,0,0,0,0,0
5.799999999999994,0,0,0,0,0,0,0,0,0,0,0
5.849999999999993,0,0,0,0,0,0,0,0,0,0,0
5.899999999999993,0,0,0,0,0,0,0,0,0,0,0
5.949999999999993,0,0,0,0,0,0,0,0,0,0,0
5.999999999999993,0,0,0,0,0,0,0,0,0,0,0
6.049999999999993,0,0,0,0,0,0,0,0,0,0,0
6.0999999999999925,0,0,0,0,0,0,0,0,0,0,0
6.149999999999992,0,0,0,0,0,0,0,0,0,0,0
6.199999999999992,0,0,0,0,0,0,0,0,0,0,0
6.249999999999992,0,0,0,0,0,0,0,0,0,0,0
6.299999999999992,0,0,0,0,0,0,0,0,0,0,0
6.349999999999992,0,0,0,0,0,0,0,0,0,0,0
6.3999999999999915,0,0,0,0,0,0,0,0,0,0,0
6.449999999999991,0,0,0,0,0,0,0,0,0,0,0
6.499999999999991,0,0,0,0,0,0,0,0,0,0,0
6.549999999999991,0,0,0,0,0,0,0,0,0,0,0
6.599999999999991,0,0,0,0,0,0,0,0,0,0,0
6.649999999999991,0,0,0,0,0,0,0,0,0,0,0
6.69999999999999,0,0,0,0,0,0,0,0,0,0,0
6.74999999999999,0,0,0,0,0,0,0,0,0,0,0
6.79999999999999,0,0,0,0,0,0,0,0,0,0,0
6.84999999999999,0,0,0,0,0,0,0,0,0,0,0
6.89999999999999,0,0,0,0,0,0,0,0,0,0,0
6.9499999999999895,0,0,0,0,0,0,0,0,0,0,0
6.999999999999989,0,0,0,0,0,0,0,0,0,0,0
7.049999999999989,0,0,0,0,0,0,0,0,0,0,0
7.099999999999989,0,0,0,0,0,0,0,0,0,0,0
7.149999999999989,0,0,0,0,0,0,0,0,0,0,0
7.199999999999989,0,0,0,0,0,0,0,0,0,0,0
7.2499999999999885,0,0,0,0,0,0,0,0,0,0,0
7.299999999999988,0,0,0,0,0,0,0,0,0,0,0
7.349999999999988,0,0,0,0,0,0,0,0,0,0,0
7.399999999999988,0,0,0,0,0,0,0,0,0,0,0
7.449999999999988,0,0,0,0,0,0,0,0,0,0,0
7.499999999999988,0,0,0,0,0,0,0,0,0,0,0
7.549999999999987,0,0,0,0,0,0,0,0,0,0,0
7.599999999999987,0,0,0,0,0,0,0,0,0,0,0
7.649999999999987,0,0,0,0,0,0,0,0,0,0,0
7.699999999999987,0,0,0,0,0,0,0,0,0,0,0
7.749999999999987,0,0,0,0,0,0,0,0,0,0,0
7.7999999999999865,0,0,0,0,0,0,0,0,0,0,0
7.849999999999986,0,0,0,0,0,0,0,0,0,0,0
7.899999999999986,0,0,0,0,0,0,0,0,0,0,0
7.949999999999986,0,0,0,0,0,0,0,0,0,0,0
*****
4,0.05,1000,0.3,0.7,10,100,0.65,1.0,0.75,1.0,0.1
4,1000,718,851,762,827,0,0,0,0,0,0
4.05,932,673,827,726,809,0,0,0,0,0,0
4.1,936,670,817,735,794,0,0,0,0,0,0
4.1499999999999995,937,634,802,701,776,0,0,0,0,0,0
4.199999999999999,950,641,805,734,805,0,0,0,0,0,0
4.249999999999999,975,581,824,766,824,0,0,0,0,0,0
4.299999999999999,951,516,741,728,761,0,0,0,0,0,0
4.349999999999999,982,455,713,763,769,0,0,0,0,0,0
4.399999999999999,950,370,650,688,724,0,0,0,0,0,0
4.449999999999998,966,301,564,680,663,0,0,0,0,0,0
4.499999999999998,931,247,467,613,571,0,0,0,0,0,0
4.549999999999998,965,202,416,574,526,0,0,0,0,0,0
4.599999999999998,966,145,332,525,435,0,0,0,0,0,0
4.649999999999998,898,86,222,389,299,0,0,0,0,0,0
4.6999999999999975,910,67,186,330,241,0,0,0,0,0,0
4.749999999999997,1005,52,144,281,210,0,0,0,0,0,0
4.799999999999997,971,38,100,212,133,0,0,0,0,0,0
4.849999999999997,911,26,57,142,77,0,0,0,0,0,0
4.899999999999997,1001,13,44,86,63,0,0,0,0,0,0
4.949999999999997,994,10,27,72,42,0,0,0,0,0,0
4.9999999999999964,921,4,17,48,25,0,0,0,0,0,0
5.049999999999996,898,1,9,28,12,0,0,0,0,0,0
5.099999999999996,975,3,6,10,7,0,0,0,0,0,0
5.149999999999996,939,0,4,8,6,0,0,0,0,0,0
5.199999999999996,957,0,0,4,1,0,0,0,0,0,0
5.249999999999996,931,0,0,2,1,0,0,0,0,0,0
5.299999999999995,961,0,2,2,2,0,0,0,0,0,0
5.349999999999995,970,0,0,1,0,0,0,0,0,0,0
5.399999999999995,912,0,1,1,1,0,0,0,0,0,0
5.449999999999995,923,0,0,0,0,0,0,0,0,0,0
5.499999999999995,855,0,0,0,0,0,0,0,0,0,0
5.5499999999999945,898,0,0,0,0,0,0,0,0,0,0
5.599999999999994,818,0,0,0,0,0,0,0,0,0,0
5.649999999999994,736,0,0,0,0,0,0,0,0,0,0
5.699999999999994,660,0,0,0,0,0,0,0,0,0,0
5.749999999999994,522,0,0,0,0,0,0,0,0,0,0
5.799999999999994,495,0,0,0,0,0,0,0,0,0,0
5.849999999999993,352,0,0,0,0,0,0,0,0,0,0
5.899999999999993,256,0,0,0,0,0,0,0,0,0,0
5.949999999999993,144,0,0,0,0,0,0,0,0,0,0
5.999999999999993,84,0,0,0,0,0,0,0,0,0,0
6.049999999999993,39,0,0,0,0,0,0,0,0,0,0
6.0999999999999925,1,0,0,0,0,0,0,0,0,0,0
6.149999999999992,0,0,0,0,0,0,0,0,0,0,0
6.199999999999992,0,0,0,0,0,0,0,0,0,0,0
6.249999999999992,0,0,0,0,0,0,0,0,0,0,0
6.299999999999992,0,0,0,0,0,0,0,0,0,0,0
6.349999999999992,0,0,0,0,0,0,0,0,0,0,0
6.3999999999999915,0,0,0,0,0,0,0,0,0,0,0
6.449999999999991,0,0,0,0,0,0,0,0,0,0,0
6.499999999999991,0,0,0,0,0,0,0,0,0,0,0
6.549999999999991,0,0,0,0,0,0,0,0,0,0,0
6.599999999999991,0,0,0,0,0,0,0,0,0,0,0
6.649999999999991,0,0,0,0,0,0,0,0,0,0,0
6.69999999999999,0,0,0,0,0,0,0,0,0,0,0
6.74999999999999,0,0,0,0,0,0,0,0,0,0,0
6.79999999999999,0,0,0,0,0,0,0,0,0,0,0
6.84999999999999,0,0,0,0,0,0,0,0,0,0,0
6.89999999999999,0,0,0,0,0,0,0,0,0,0,0
6.9499999999999895,0,0,0,0,0,0,0,0,0,0,0
6.999999999999989,0,0,0,0,0,0,0,0,0,0,0
7.049999999999989,0,0,0,0,0,0,0,0,0,0,0
7.099999999999989,0,0,0,0,0,0,0,0,0,0,0
7.149999999999989,0,0,0,0,0,0,0,0,0,0,0
7.199999999999989,0,0,0,0,0,0,0,0,0,0,0
7.2499999999999885,0,0,0,0,0,0,0,0,0,0,0
7.299999999999988,0,0,0,0,0,0,0,0,0,0,0
7.349999999999988,0,0,0,0,0,0,0,0,0,0,0
7.399999999999988,0,0,0,0,0,0,0,0,0,0,0
7.449999999999988,0,0,0,0,0,0,0,0,0,0,0
7.499999999999988,0,0,0,0,0,0,0,0,0,0,0
7.549999999999987,0,0,0,0,0,0,0,0,0,0,0
7.599999999999987,0,0,0,0,0,0,0,0,0,0,0
7.649999999999987,0,0,0,0,0,0,0,0,0,0,0
7.699999999999987,0,0,0,0,0,0,0,0,0,0,0
7.749999999999987,0,0,0,0,0,0,0,0,0,0,0
7.7999999999999865,0,0,0,0,0,0,0,0,0,0,0
7.849999999999986,0,0,0,0,0,0,0,0,0,0,0
7.899999999999986,0,0,0,0,0,0,0,0,0,0,0
7.949999999999986,0,0,0,0,0,0,0,0,0,0,0
*****
4,0.05,1000,0.6,1,10,100,0.65,1.0,0.75,1.0,0.1
4,1000,1,6,5,6,0,0,0,0,0,0
4.05,918,2,6,5,6,0,0,0,0,0,0
4.1,962,3,8,19,8,0,0,0,0,0,0
4.1499999999999995,810,3,5,18,5,0,0,0,0,0,0
4.199999999999999,730,2,9,20,9,0,0,0,0,0,0
4.249999999999999,722,14,19,38,19,0,0,0,0,0,0
4.299999999999999,650,27,31,63,31,0,0,0,0,0,0
4.349999999999999,671,32,41,90,41,0,0,0,0,0,0
4.399999999999999,643,19,27,110,27,0,0,0,0,0,0
4.449999999999998,649,11,34,148,34,0,0,0,0,0,0
4.499999999999998,707,3,13,148,13,0,0,0,0,0,0
4.549999999999998,691,1,13,139,13,0,0,0,0,0,0
4.599999999999998,783,0,3,128,3,0,0,0,0,0,0
4.649999999999998,760,0,2,88,2,0,0,0,0,0,0
4.6999999999999975,894,0,3,79,3,0,0,0,0,0,0
4.749999999999997,851,0,0,35,0,0,0,0,0,0,0
4.799999999999997,855,1,2,21,2,0,0,0,0,0,0
4.849999999999997,853,0,1,7,1,0,0,0,0,0,0
4.899999999999997,841,0,1,4,1,0,0,0,0,0,0
4.949999999999997,834,1,2,5,2,0,0,0,0,0,0
4.9999999999999964,786,0,2,3,2,0,0,0,0,0,0
5.049999999999996,717,0,1,1,1,0,0,0,0,0,0
5.099999999999996,710,0,0,1,0,0,0,0,0,0,0
5.149999999999996,691,0,0,0,0,0,0,0,0,0,0
5.199999999999996,698,0,0,0,0,0,0,0,0,0,0
5.249999999999996,659,0,0,0,0,0,0,0,0,0,0
5.299999999999995,674,0,0,0,0,0,0,0,0,0,0
5.349999999999995,729,0,0,0,0,0,0,0,0,0,0
5.399999999999995,770,0,0,0,0,0,0,0,0,0,0
5.449999999999995,767,0,0,0,0,0,0,0,0,0,0
5.499999999999995,837,0,0,0,0,0,0,0,0,0,0
5.5499999999999945,768,0,0,0,0,0,0,0,0,0,0
5.599999999999994,799,0,0,0,0,0,0,0,0,0,0
5.649999999999994,740,0,0,0,0,0,0,0,0,0,0
5.699999999999994,668,0,0,0,0,0,0,0,0,0,0
5.749999999999994,594,0,0,0,0,0,0,0,0,0,0
5.799999999999994,515,0,0,0,0,0,0,0,0,0,0
5.849999999999993,400,0,0,0,0,0,0,0,0,0,0
5.899999999999993,291,0,0,0,0,0,0,0,0,0,0
5.949999999999993,247,0,0,0,0,0,0,0,0,0,0
5.999999999999993,167,0,0,0,0,0,0,0,0,0,0
6.049999999999993,102,0,0,0,0,0,0,0,0,0,0
6.0999999999999925,31,0,0,0,0,0,0,0,0,0,0
6.149999999999992,0,0,0,0,0,0,0,0,0,0,0
6.199999999999992,0,0,0,0,0,0,0,0,0,0,0
6.249999999999992,0,0,0,0,0,0,0,0,0,0,0
6.299999999999992,0,0,0,0,0,0,0,0,0,0,0
6.349999999999992,0,0,0,0,0,0,0,0,0,0,0
6.3999999999999915,0,0,0,0,0,0,0,0,0,0,0
6.449999999999991,0,0,0,0,0,0,0,0,0,0,0
6.499999999999991,0,0,0,0,0,0,0,0,0,0,0
6.549999999999991,0,0,0,0,0,0,0,0,0,0,0
6.599999999999991,0,0,0,0,0,0,0,0,0,0,0
6.649999999999991,0,0,0,0,0,0,0,0,0,0,0
6.69999999999999,0,0,0,0,0,0,0,0,0,0,0
6.74999999999999,0,0,0,0,0,0,0,0,0,0,0
6.79999999999999,0,0,0,0,0,0,0,0,0,0,0
6.84999999999999,0,0,0,0,0,0,0,0,0,0,0
6.89999999999999,0,0,0,0,0,0,0,0,0,0,0
6.9499999999999895,0,0,0,0,0,0,0,0,0,0,0
6.999999999999989,0,0,0,0,0,0,0,0,0,0,0
7.049999999999989,0,0,0,0,0,0,0,0,0,0,0
7.099999999999989,0,0,0,0,0,0,0,0,0,0,0
7.149999999999989,0,0,0,0,0,0,0,0,0,0,0
7.199999999999989,0,0,0,0,0,0,0,0,0,0,0
7.2499999999999885,0,0,0,0,0,0,0,0,0,0,0
7.299999999999988,0,0,0,0,0,0,0,0,0,0,0
7.349999999999988,0,0,0,0,0,0,0,0,0,0,0
7.399999999999988,0,0,0,0,0,0,0,0,0,0,0
7.449999999999988,0,0,0,0,0,0,0,0,0,0,0
7.499999999999988,0,0,0,0,0,0,0,0,0,0,0
7.549999999999987,0,0,0,0,0,0,0,0,0,0,0
7.599999999999987,0,0,0,0,0,0,0,0,0,0,0
7.649999999999987,0,0,0,0,0,0,0,0,0,0,0
7.699999999999987,0,0,0,0,0,0,0,0,0,0,0
7.749999999999987,0,0,0,0,0,0,0,0,0,0,0
7.7999999999999865,0,0,0,0,0,0,0,0,0,0,0
7.849999999999986,0,0,0,0,0,0,0,0,0,0,0
7.899999999999986,0,0,0,0,0,0,0,0,0,0,0
7.949999999999986,0,0,0,0,0,0,0,0,0,0,0
