*****
4,0.05,1000,0,1,10,100,0.85,1.0,0.85,1.0,0.1
4,1000,956,957,716,956,0,0,0,0,0,0
4.05,1084,1025,1028,801,1027,0,0,0,0,0,0
4.1,1054,996,999,803,999,0,0,0,0,0,0
4.1499999999999995,1058,996,1001,808,1000,0,0,0,0,0,0
4.199999999999999,1089,989,1011,837,1012,0,0,0,0,0,0
4.249999999999999,1057,957,983,827,981,0,0,0,0,0,0
4.299999999999999,1121,981,1040,880,1038,0,0,0,0,0,0
4.349999999999999,1044,877,954,798,954,0,0,0,0,0,0
4.399999999999999,1068,867,956,867,955,0,0,0,0,0,0
4.449999999999998,1064,819,940,850,940,0,0,0,0,0,0
4.499999999999998,1010,707,849,799,849,0,0,0,0,0,0
4.549999999999998,1117,721,875,854,878,0,0,0,0,0,0
4.599999999999998,1035,592,771,753,772,0,0,0,0,0,0
4.649999999999998,1080,529,723,769,725,0,0,0,0,0,0
4.6999999999999975,1081,459,646,710,649,0,0,0,0,0,0
4.749999999999997,1139,410,598,706,603,0,0,0,0,0,0
4.799999999999997,1098,334,498,608,503,0,0,0,0,0,0
4.849999999999997,1063,282,429,547,430,0,0,0,0,0,0
4.899999999999997,1048,211,334,466,335,0,0,0,0,0,0
4.949999999999997,1105,198,326,424,328,0,0,0,0,0,0
4.9999999999999964,1087,148,246,378,249,0,0,0,0,0,0
5.049999999999996,1018,95,169,296,171,0,0,0,0,0,0
5.099999999999996,1081,75,144,244,146,0,0,0,0,0,0
5.149999999999996,1068,54,90,210,91,0,0,0,0,0,0
5.199999999999996,1077,34,70,151,70,0,0,0,0,0,0
5.249999999999996,1038,28,46,103,47,0,0,0,0,0,0
5.299999999999995,1035,24,43,73,43,0,0,0,0,0,0
5.349999999999995,1073,12,23,64,23,0,0,0,0,0,0
5.399999999999995,1032,8,14,40,14,0,0,0,0,0,0
5.449999999999995,1111,8,10,31,10,0,0,0,0,0,0
5.499999999999995,1068,3,6,26,6,0,0,0,0,0,0
5.5499999999999945,1049,2,4,16,4,0,0,0,0,0,0
5.599999999999994,999,2,5,10,5,0,0,0,0,0,0
5.649999999999994,1094,0,1,7,1,0,0,0,0,0,0
5.699999999999994,1096,1,1,5,1,0,0,0,0,0,0
5.749999999999994,988,0,0,0,0,0,0,0,0,0,0
5.799999999999994,958,0,1,3,1,0,0,0,0,0,0
5.849999999999993,880,0,0,0,0,0,0,0,0,0,0
5.899999999999993,845,0,0,0,0,0,0,0,0,0,0
5.949999999999993,811,1,1,1,1,0,0,0,0,0,0
5.999999999999993,772,0,0,0,0,0,0,0,0,0,0
6.049999999999993,703,0,0,0,0,0,0,0,0,0,0
6.0999999999999925,677,0,0,0,0,0,0,0,0,0,0
6.149999999999992,602,0,0,0,0,0,0,0,0,0,0
6.199999999999992,548,0,0,0,0,0,0,0,0,0,0
6.249999999999992,495,0,0,0,0,0,0,0,0,0,0
6.299999999999992,410,0,0,0,0,0,0,0,0,0,0
6.349999999999992,392,0,0,0,0,0,0,0,0,0,0
6.3999999999999915,347,0,0,0,0,0,0,0,0,0,0
6.449999999999991,288,0,0,0,0,0,0,0,0,0,0
6.499999999999991,235,0,0,0,0,0,0,0,0,0,0
6.549999999999991,191,0,0,0,0,0,0,0,0,0,0
6.599999999999991,140,0,0,0,0,0,0,0,0,0,0
6.649999999999991,114,0,0,0,0,0,0,0,0,0,0
6.69999999999999,54,0,0,0,0,0,0,0,0,0,0
6.74999999999999,53,0,0,0,0,0,0,0,0,0,0
6.79999999999999,23,0,0,0,0,0,0,0,0,0,0
6.84999999999999,19,0,0,0,0,0,0,0,0,0,0
6.89999999999999,18,0,0,0,0,0,0,0,0,0,0
6.9499999999999895,5,0,0,0,0,0,0,0,0,0,0
6.999999999999989,0,0,0,0,0,0,0,0,0,0,0
7.049999999999989,0,0,0,0,0,0,0,0,0,0,0
7.099999999999989,0,0,0,0,0,0,0,0,0,0,0
7.149999999999989,0,0,0,0,0,0,0,0,0,0,0
7.199999999999989,0,0,0,0,0,0,0,0,0,0,0
7.2499999999999885,0,0,0,0,0,0,0,0,0,0,0
7.299999999999988,0,0,0,0,0,0,0,0,0,0,0
7.349999999999988,0,0,0,0,0,0,0,0,0,0,0
7.399999999999988,0,0,0,0,0,0,0,0,0,0,0
7.449999999999988,0,0,0,0,0,0,0,0,0,0,0
7.499999999999988,0,0,0,0,0,0,0,0,0,0,0
7.549999999999987,0,0,0,0,0,0,0,0,0,0,0
7.599999999999987,0,0,0,0,0,0,0,0,0,0,0
7.649999999999987,0,0,0,0,0,0,0,0,0,0,0
7.699999999999987,0,0,0,0,0,0,0,0,0,0,0
7.749999999999987,0,0,0,0,0,0,0,0,0,0,0
7.7999999999999865,0,0,0,0,0,0,0,0,0,0,0
7.849999999999986,0,0,0,0,0,0,0,0,0,0,0
7.899999999999986,0,0,0,0,0,0,0,0,0,0,0
7.949999999999986,0,0,0,0,0,0,0,0,0,0,0
*****
4,0.05,1000,0,0.4,10,100,0.85,1.0,0.85,1.0,0.1
4,1000,1000,1000,1000,1000,0,0,0,0,0,0
4.05,1126,1126,1126,1126,1126,0,0,0,0,0,0
4.1,1086,1086,1086,1086,1086,0,0,0,0,0,0
4.1499999999999995,1135,1135,1135,1135,1135,0,0,0,0,0,0
4.199999999999999,1085,1085,1085,1085,1085,0,0,0,0,0,0
4.249999999999999,1077,1077,1077,1077,1077,0,0,0,0,0,0
4.299999999999999,1071,1071,1071,1071,1071,0,0,0,0,0,0
4.349999999999999,1103,1103,1103,1103,1103,0,0,0,0,0,0
4.399999999999999,1061,1061,1061,1061,1061,0,0,0,0,0,0
4.449999999999998,1117,1117,1117,1117,1117,0,0,0,0,0,0
4.499999999999998,1095,1095,1095,1095,1095,0,0,0,0,0,0
4.549999999999998,1086,1086,1086,1086,1086,0,0,0,0,0,0
4.599999999999998,1084,1084,1083,1084,1084,0,0,0,0,0,0
4.649999999999998,1097,1097,1097,1097,1097,0,0,0,0,0,0
4.6999999999999975,1096,1096,1091,1096,1096,0,0,0,0,0,0
4.749999999999997,1135,1134,1131,1135,1135,0,0,0,0,0,0
4.799999999999997,1054,1030,1028,1054,1038,0,0,0,0,0,0
4.849999999999997,1112,1063,1055,1111,1081,0,0,0,0,0,0
4.899999999999997,1042,950,947,1036,976,0,0,0,0,0,0
4.949999999999997,1097,906,913,1082,950,0,0,0,0,0,0
4.9999999999999964,1101,828,834,1050,866,0,0,0,0,0,0
5.049999999999996,1072,633,641,984,689,0,0,0,0,0,0
5.099999999999996,1132,503,513,897,547,0,0,0,0,0,0
5.149999999999996,1041,294,312,660,341,0,0,0,0,0,0
5.199999999999996,1087,199,218,540,238,0,0,0,0,0,0
5.249999999999996,1056,103,114,381,121,0,0,0,0,0,0
5.299999999999995,1077,41,48,209,53,0,0,0,0,0,0
5.349999999999995,1131,19,24,107,25,0,0,0,0,0,0
5.399999999999995,1068,7,10,54,11,0,0,0,0,0,0
5.449999999999995,1120,8,10,19,10,0,0,0,0,0,0
5.499999999999995,1064,2,2,9,2,0,0,0,0,0,0
5.5499999999999945,1026,0,0,2,0,0,0,0,0,0,0
5.599999999999994,906,0,0,0,0,0,0,0,0,0,0
5.649999999999994,851,0,0,2,0,0,0,0,0,0,0
5.699999999999994,713,0,0,0,0,0,0,0,0,0,0
5.749999999999994,584,0,0,0,0,0,0,0,0,0,0
5.799999999999994,450,0,0,0,0,0,0,0,0,0,0
5.849999999999993,315,0,0,0,0,0,0,0,0,0,0
5.899999999999993,163,0,0,0,0,0,0,0,0,0,0
5.949999999999993,95,0,0,0,0,0,0,0,0,0,0
5.999999999999993,79,0,0,0,0,0,0,0,0,0,0
6.049999999999993,26,0,0,0,0,0,0,0,0,0,0
6.0999999999999925,0,0,0,0,0,0,0,0,0,0,0
6.149999999999992,0,0,0,0,0,0,0,0,0,0,0
6.199999999999992,0,0,0,0,0,0,0,0,0,0,0
6.249999999999992,0,0,0,0,0,0,0,0,0,0,0
6.299999999999992,0,0,0,0,0,0,0,0,0,0,0
6.349999999999992,0,0,0,0,0,0,0,0,0,0,0
6.3999999999999915,0,0,0,0,0,0,0,0,0,0,0
6.449999999999991,0,0,0,0,0,0,0,0,0,0,0
6.499999999999991,0,0,0,0,0,0,0,0,0,0,0
6.549999999999991,0,0,0,0,0,0,0,0,0,0,0
6.599999999999991,0,0,0,0,0,0,0,0,0,0,0
6.649999999999991,0,0,0,0,0,0,0,0,0,0,0
6.69999999999999,0,0,0,0,0,0,0,0,0,0,0
6.74999999999999,0,0,0,0,0,0,0,0,0,0,0
6.79999999999999,0,0,0,0,0,0,0,0,0,0,0
6.84999999999999,0,0,0,0,0,0,0,0,0,0,0
6.89999999999999,0,0,0,0,0,0,0,0,0,0,0
6.9499999999999895,0,0,0,0,0,0,0,0,0,0,0
6.999999999999989,0,0,0,0,0,0,0,0,0,0,0
7.049999999999989,0,0,0,0,0,0,0,0,0,0,0
7.099999999999989,0,0,0,0,0,0,0,0,0,0,0
7.149999999999989,0,0,0,0,0,0,0,0,0,0,0
7.199999999999989,0,0,0,0,0,0,0,0,0,0,0
7.2499999999999885,0,0,0,0,0,0,0,0,0,0,0
7.299999999999988,0,0,0,0,0,0,0,0,0,0,0
7.349999999999988,0,0,0,0,0,0,0,0,0,0,0
7.399999999999988,0,0,0,0,0,0,0,0,0,0,0
7.449999999999988,0,0,0,0,0,0,0,0,0,0,0
7.499999999999988,0,0,0,0,0,0,0,0,0,0,0
7.549999999999987,0,0,0,0,0,0,0,0,0,0,0
7.599999999999987,0,0,0,0,0,0,0,0,0,0,0
7.649999999999987,0,0,0,0,0,0,0,0,0,0,0
7.699999999999987,0,0,0,0,0,0,0,0,0,0,0
7.749999999999987,0,0,0,0,0,0,0,0,0,0,0
7.7999999999999865,0,0,0,0,0,0,0,0,0,0,0
7.849999999999986,0,0,0,0,0,0,0,0,0,0,0
7.899999999999986,0,0,0,0,0,0,0,0,0,0,0
7.949999999999986,0,0,0,0,0,0,0,0,0,0,0
*****
4,0.05,1000,0.3,0.7,10,100,0.85,1.0,0.85,1.0,0.1
4,1000,992,997,992,997,0,0,0,0,0,0
4.05,987,980,986,972,986,0,0,0,0,0,0
4.1,957,949,952,951,952,0,0,0,0,0,0
4.1499999999999995,987,984,985,981,985,0,0,0,0,0,0
4.199999999999999,963,958,961,956,961,0,0,0,0,0,0
4.249999999999999,948,943,946,943,946,0,0,0,0,0,0
4.299999999999999,976,971,973,970,973,0,0,0,0,0,0
4.349999999999999,951,948,949,945,949,0,0,0,0,0,0
4.399999999999999,994,991,992,991,992,0,0,0,0,0,0
4.449999999999998,939,934,935,937,935,0,0,0,0,0,0
4.499999999999998,965,961,962,957,962,0,0,0,0,0,0
4.549999999999998,917,912,917,916,917,0,0,0,0,0,0
4.599999999999998,973,967,972,964,972,0,0,0,0,0,0
4.649999999999998,993,982,990,981,990,0,0,0,0,0,0
4.6999999999999975,948,933,945,937,945,0,0,0,0,0,0
4.749999999999997,1048,1027,1041,1040,1042,0,0,0,0,0,0
4.799999999999997,922,903,915,917,915,0,0,0,0,0,0
4.849999999999997,969,923,957,961,959,0,0,0,0,0,0
4.899999999999997,960,907,935,951,936,0,0,0,0,0,0
4.949999999999997,967,877,930,948,931,0,0,0,0,0,0
4.9999999999999964,960,823,890,934,891,0,0,0,0,0,0
5.049999999999996,975,825,894,941,897,0,0,0,0,0,0
5.099999999999996,951,746,830,899,834,0,0,0,0,0,0
5.149999999999996,933,695,780,846,785,0,0,0,0,0,0
5.199999999999996,959,617,712,811,715,0,0,0,0,0,0
5.249999999999996,972,579,667,789,673,0,0,0,0,0,0
5.299999999999995,991,524,610,725,612,0,0,0,0,0,0
5.349999999999995,989,434,524,629,525,0,0,0,0,0,0
5.399999999999995,982,335,420,521,426,0,0,0,0,0,0
5.449999999999995,914,258,330,400,332,0,0,0,0,0,0
5.499999999999995,933,236,289,355,291,0,0,0,0,0,0
5.5499999999999945,959,142,193,266,196,0,0,0,0,0,0
5.599999999999994,981,121,149,190,151,0,0,0,0,0,0
5.649999999999994,996,74,96,125,96,0,0,0,0,0,0
5.699999999999994,1002,56,71,91,71,0,0,0,0,0,0
5.749999999999994,918,30,40,56,40,0,0,0,0,0,0
5.799999999999994,979,12,18,28,18,0,0,0,0,0,0
5.849999999999993,953,7,13,16,13,0,0,0,0,0,0
5.899999999999993,930,6,8,8,8,0,0,0,0,0,0
5.949999999999993,989,1,2,2,2,0,0,0,0,0,0
5.999999999999993,975,4,6,6,6,0,0,0,0,0,0
6.049999999999993,969,1,1,1,1,0,0,0,0,0,0
6.0999999999999925,957,0,0,0,0,0,0,0,0,0,0
6.149999999999992,923,0,0,0,0,0,0,0,0,0,0
6.199999999999992,966,0,0,0,0,0,0,0,0,0,0
6.249999999999992,873,0,0,0,0,0,0,0,0,0,0
6.299999999999992,861,0,0,0,0,0,0,0,0,0,0
6.349999999999992,847,0,0,0,0,0,0,0,0,0,0
6.3999999999999915,744,0,0,0,0,0,0,0,0,0,0
6.449999999999991,639,0,0,0,0,0,0,0,0,0,0
6.499999999999991,511,0,0,0,0,0,0,0,0,0,0
6.549999999999991,410,0,0,0,0,0,0,0,0,0,0
6.599999999999991,285,0,0,0,0,0,0,0,0,0,0
6.649999999999991,233,0,0,0,0,0,0,0,0,0,0
6.69999999999999,146,0,0,0,0,0,0,0,0,0,0
6.74999999999999,23,0,0,0,0,0,0,0,0,0,0
6.79999999999999,0,0,0,0,0,0,0,0,0,0,0
6.84999999999999,0,0,0,0,0,0,0,0,0,0,0
6.89999999999999,0,0,0,0,0,0,0,0,0,0,0
6.9499999999999895,0,0,0,0,0,0,0,0,0,0,0
6.999999999999989,0,0,0,0,0,0,0,0,0,0,0
7.049999999999989,0,0,0,0,0,0,0,0,0,0,0
7.099999999999989,0,0,0,0,0,0,0,0,0,0,0
7.149999999999989,0,0,0,0,0,0,0,0,0,0,0
7.199999999999989,0,0,0,0,0,0,0,0,0,0,0
7.2499999999999885,0,0,0,0,0,0,0,0,0,0,0
7.299999999999988,0,0,0,0,0,0,0,0,0,0,0
7.349999999999988,0,0,0,0,0,0,0,0,0,0,0
7.399999999999988,0,0,0,0,0,0,0,0,0,0,0
7.449999999999988,0,0,0,0,0,0,0,0,0,0,0
7.499999999999988,0,0,0,0,0,0,0,0,0,0,0
7.549999999999987,0,0,0,0,0,0,0,0,0,0,0
7.599999999999987,0,0,0,0,0,0,0,0,0,0,0
7.649999999999987,0,0,0,0,0,0,0,0,0,0,0
7.699999999999987,0,0,0,0,0,0,0,0,0,0,0
7.749999999999987,0,0,0,0,0,0,0,0,0,0,0
7.7999999999999865,0,0,0,0,0,0,0,0,0,0,0
7.849999999999986,0,0,0,0,0,0,0,0,0,0,0
7.899999999999986,0,0,0,0,0,0,0,0,0,0,0
7.949999999999986,0,0,0,0,0,0,0,0,0,0,0
*****
4,0.05,1000,0.6,1,10,100,0.85,1.0,0.85,1.0,0.1
4,1000,3,5,4,5,0,0,0,0,0,0
4.05,976,12,10,12,10,0,0,0,0,0,0
4.1,893,13,11,17,11,0,0,0,0,0,0
4.1499999999999995,904,21,20,26,20,0,0,0,0,0,0
4.199999999999999,814,24,32,44,32,0,0,0,0,0,0
4.249999999999999,768,41,43,66,43,0,0,0,0,0,0
4.299999999999999,743,51,53,77,53,0,0,0,0,0,0
4.349999999999999,653,47,53,107,53,0,0,0,0,0,0
4.399999999999999,669,60,86,135,86,0,0,0,0,0,0
4.449999999999998,692,45,73,136,73,0,0,0,0,0,0
4.499999999999998,720,24,61,171,61,0,0,0,0,0,0
4.549999999999998,735,7,44,171,44,0,0,0,0,0,0
4.599999999999998,836,1,35,250,35,0,0,0,0,0,0
4.649999999999998,871,5,18,248,18,0,0,0,0,0,0
4.6999999999999975,871,4,7,202,7,0,0,0,0,0,0
4.749999999999997,901,6,8,158,8,0,0,0,0,0,0
4.799999999999997,895,10,18,79,18,0,0,0,0,0,0
4.849999999999997,910,6,10,43,10,0,0,0,0,0,0
4.899999999999997,883,6,21,28,21,0,0,0,0,0,0
4.949999999999997,859,6,19,40,19,0,0,0,0,0,0
4.9999999999999964,819,3,30,50,30,0,0,0,0,0,0
5.049999999999996,772,0,19,54,19,0,0,0,0,0,0
5.099999999999996,724,0,10,32,10,0,0,0,0,0,0
5.149999999999996,730,0,17,44,17,0,0,0,0,0,0
5.199999999999996,724,0,3,25,3,0,0,0,0,0,0
5.249999999999996,710,0,2,16,2,0,0,0,0,0,0
5.299999999999995,724,0,0,6,0,0,0,0,0,0,0
5.349999999999995,772,0,1,6,1,0,0,0,0,0,0
5.399999999999995,761,0,0,4,0,0,0,0,0,0,0
5.449999999999995,819,0,0,1,0,0,0,0,0,0,0
5.499999999999995,878,0,0,1,0,0,0,0,0,0,0
5.5499999999999945,934,0,0,0,0,0,0,0,0,0,0
5.599999999999994,887,0,0,0,0,0,0,0,0,0,0
5.649999999999994,856,1,4,2,4,0,0,0,0,0,0
5.699999999999994,851,0,0,0,0,0,0,0,0,0,0
5.749999999999994,791,0,1,1,1,0,0,0,0,0,0
5.799999999999994,795,0,0,0,0,0,0,0,0,0,0
5.849999999999993,807,0,0,0,0,0,0,0,0,0,0
5.899999999999993,745,0,0,0,0,0,0,0,0,0,0
5.949999999999993,763,0,0,0,0,0,0,0,0,0,0
5.999999999999993,720,0,0,0,0,0,0,0,0,0,0
6.049999999999993,681,0,0,0,0,0,0,0,0,0,0
6.0999999999999925,627,0,0,0,0,0,0,0,0,0,0
6.149999999999992,560,0,0,0,0,0,0,0,0,0,0
6.199999999999992,486,0,0,0,0,0,0,0,0,0,0
6.249999999999992,434,0,0,0,0,0,0,0,0,0,0
6.299999999999992,368,0,0,0,0,0,0,0,0,0,0
6.349999999999992,351,0,0,0,0,0,0,0,0,0,0
6.3999999999999915,290,0,0,0,0,0,0,0,0,0,0
6.449999999999991,266,0,0,0,0,0,0,0,0,0,0
6.499999999999991,180,0,0,0,0,0,0,0,0,0,0
6.549999999999991,177,0,0,0,0,0,0,0,0,0,0
6.599999999999991,156,0,0,0,0,0,0,0,0,0,0
6.649999999999991,114,0,0,0,0,0,0,0,0,0,0
6.69999999999999,76,0,0,0,0,0,0,0,0,0,0
6.74999999999999,29,0,0,0,0,0,0,0,0,0,0
6.79999999999999,0,0,0,0,0,0,0,0,0,0,0
6.84999999999999,0,0,0,0,0,0,0,0,0,0,0
6.89999999999999,0,0,0,0,0,0,0,0,0,0,0
6.9499999999999895,0,0,0,0,0,0,0,0,0,0,0
6.999999999999989,0,0,0,0,0,0,0,0,0,0,0
7.049999999999989,0,0,0,0,0,0,0,0,0,0,0
7.099999999999989,0,0,0,0,0,0,0,0,0,0,0
7.149999999999989,0,0,0,0,0,0,0,0,0,0,0
7.199999999999989,0,0,0,0,0,0,0,0,0,0,0
7.2499999999999885,0,0,0,0,0,0,0,0,0,0,0
7.299999999999988,0,0,0,0,0,0,0,0,0,0,0
7.349999999999988,0,0,0,0,0,0,0,0,0,0,0
7.399999999999988,0,0,0,0,0,0,0,0,0,0,0
7.449999999999988,0,0,0,0,0,0,0,0,0,0,0
7.499999999999988,0,0,0,0,0,0,0,0,0,0,0
7.549999999999987,0,0,0,0,0,0,0,0,0,0,0
7.599999999999987,0,0,0,0,0,0,0,0,0,0,0
7.649999999999987,0,0,0,0,0,0,0,0,0,0,0
7.699999999999987,0,0,0,0,0,0,0,0,0,0,0
7.749999999999987,0,0,0,0,0,0,0,0,0,0,0
7.7999999999999865,0,0,0,0,0,0,0,0,0,0,0
7.849999999999986,0,0,0,0,0,0,0,0,0,0,0
7.899999999999986,0,0,0,0,0,0,0,0,0,0,0
7.949999999999986,0,0,0,0,0,0,0,0,0,0,0
