*****
4,0.05,1000,0,1,10,100,0.75,1.0,0.65,1.0,0.01
4,1000,893,905,747,902,0,0,0,0,0,0
4.05,1017,881,910,751,909,0,0,0,0,0,0
4.1,952,760,812,718,812,0,0,0,0,0,0
4.1499999999999995,952,670,779,711,781,0,0,0,0,0,0
4.199999999999999,998,587,730,734,731,0,0,0,0,0,0
4.249999999999999,1024,452,646,735,646,0,0,0,0,0,0
4.299999999999999,1022,367,541,727,544,0,0,0,0,0,0
4.349999999999999,1063,294,467,696,468,0,0,0,0,0,0
4.399999999999999,1028,190,353,616,356,0,0,0,0,0,0
4.449999999999998,1030,128,253,536,255,0,0,0,0,0,0
4.499999999999998,998,98,193,464,200,0,0,0,0,0,0
4.549999999999998,991,69,139,383,139,0,0,0,0,0,0
4.599999999999998,1044,49,122,309,123,0,0,0,0,0,0
4.649999999999998,1033,36,94,270,95,0,0,0,0,0,0
4.6999999999999975,967,19,52,189,54,0,0,0,0,0,0
4.749999999999997,957,12,40,160,40,0,0,0,0,0,0
4.799999999999997,999,12,28,116,29,0,0,0,0,0,0
4.849999999999997,1071,5,13,90,13,0,0,0,0,0,0
4.899999999999997,967,5,11,69,11,0,0,0,0,0,0
4.949999999999997,946,4,7,49,8,0,0,0,0,0,0
4.9999999999999964,1014,0,4,32,4,0,0,0,0,0,0
5.049999999999996,1005,1,6,28,6,0,0,0,0,0,0
5.099999999999996,942,1,2,22,3,0,0,0,0,0,0
5.149999999999996,1044,0,1,10,1,0,0,0,0,0,0
5.199999999999996,999,0,1,6,1,0,0,0,0,0,0
5.249999999999996,950,1,1,4,1,0,0,0,0,0,0
5.299999999999995,1052,0,1,4,1,0,0,0,0,0,0
5.349999999999995,949,0,0,4,0,0,0,0,0,0,0
5.399999999999995,934,0,0,3,0,0,0,0,0,0,0
5.449999999999995,948,0,0,0,0,0,0,0,0,0,0
5.499999999999995,904,0,0,3,0,0,0,0,0,0,0
5.5499999999999945,795,0,0,0,0,0,0,0,0,0,0
5.599999999999994,791,0,0,1,0,0,0,0,0,0,0
5.649999999999994,739,0,0,0,0,0,0,0,0,0,0
5.699999999999994,697,0,0,0,0,0,0,0,0,0,0
5.749999999999994,696,0,0,0,0,0,0,0,0,0,0
5.799999999999994,631,0,0,0,0,0,0,0,0,0,0
5.849999999999993,600,0,0,0,0,0,0,0,0,0,0
5.899999999999993,516,0,0,0,0,0,0,0,0,0,0
5.949999999999993,461,0,0,0,0,0,0,0,0,0,0
5.999999999999993,400,0,0,0,0,0,0,0,0,0,0
6.049999999999993,367,0,0,0,0,0,0,0,0,0,0
6.0999999999999925,349,0,0,0,0,0,0,0,0,0,0
6.149999999999992,328,0,0,0,0,0,0,0,0,0,0
6.199999999999992,250,0,0,0,0,0,0,0,0,0,0
6.249999999999992,189,0,0,0,0,0,0,0,0,0,0
6.299999999999992,165,0,0,0,0,0,0,0,0,0,0
6.349999999999992,131,0,0,0,0,0,0,0,0,0,0
6.3999999999999915,74,0,0,0,0,0,0,0,0,0,0
6.449999999999991,60,0,0,0,0,0,0,0,0,0,0
6.499999999999991,37,0,0,0,0,0,0,0,0,0,0
6.549999999999991,37,0,0,0,0,0,0,0,0,0,0
6.599999999999991,19,0,0,0,0,0,0,0,0,0,0
6.649999999999991,0,0,0,0,0,0,0,0,0,0,0
6.69999999999999,0,0,0,0,0,0,0,0,0,0,0
6.74999999999999,0,0,0,0,0,0,0,0,0,0,0
6.79999999999999,0,0,0,0,0,0,0,0,0,0,0
6.84999999999999,0,0,0,0,0,0,0,0,0,0,0
6.89999999999999,0,0,0,0,0,0,0,0,0,0,0
6.9499999999999895,0,0,0,0,0,0,0,0,0,0,0
6.999999999999989,0,0,0,0,0,0,0,0,0,0,0
7.049999999999989,0,0,0,0,0,0,0,0,0,0,0
7.099999999999989,0,0,0,0,0,0,0,0,0,0,0
7.149999999999989,0,0,0,0,0,0,0,0,0,0,0
7.199999999999989,0,0,0,0,0,0,0,0,0,0,0
7.2499999999999885,0,0,0,0,0,0,0,0,0,0,0
7.299999999999988,0,0,0,0,0,0,0,0,0,0,0
7.349999999999988,0,0,0,0,0,0,0,0,0,0,0
7.399999999999988,0,0,0,0,0,0,0,0,0,0,0
7.449999999999988,0,0,0,0,0,0,0,0,0,0,0
7.499999999999988,0,0,0,0,0,0,0,0,0,0,0
7.549999999999987,0,0,0,0,0,0,0,0,0,0,0
7.599999999999987,0,0,0,0,0,0,0,0,0,0,0
7.649999999999987,0,0,0,0,0,0,0,0,0,0,0
7.699999999999987,0,0,0,0,0,0,0,0,0,0,0
7.749999999999987,0,0,0,0,0,0,0,0,0,0,0
7.7999999999999865,0,0,0,0,0,0,0,0,0,0,0
7.849999999999986,0,0,0,0,0,0,0,0,0,0,0
7.899999999999986,0,0,0,0,0,0,0,0,0,0,0
7.949999999999986,0,0,0,0,0,0,0,0,0,0,0
*****
4,0.05,1000,0,0.4,10,100,0.75,1.0,0.65,1.0,0.01
4,1000,1000,1000,999,1000,0,0,0,0,0,0
4.05,1001,1001,1001,1000,1001,0,0,0,0,0,0
4.1,968,968,968,967,968,0,0,0,0,0,0
4.1499999999999995,1017,1017,1017,1014,1017,0,0,0,0,0,0
4.199999999999999,942,942,942,941,942,0,0,0,0,0,0
4.249999999999999,1009,1008,1008,1009,1009,0,0,0,0,0,0
4.299999999999999,994,986,986,989,987,0,0,0,0,0,0
4.349999999999999,1028,1010,1009,1023,1014,0,0,0,0,0,0
4.399999999999999,1015,934,934,1012,950,0,0,0,0,0,0
4.449999999999998,977,831,823,952,850,0,0,0,0,0,0
4.499999999999998,987,711,707,934,737,0,0,0,0,0,0
4.549999999999998,1003,566,568,912,604,0,0,0,0,0,0
4.599999999999998,956,403,417,828,433,0,0,0,0,0,0
4.649999999999998,957,270,283,745,292,0,0,0,0,0,0
4.6999999999999975,969,161,171,630,175,0,0,0,0,0,0
4.749999999999997,1015,98,113,558,115,0,0,0,0,0,0
4.799999999999997,989,43,46,412,49,0,0,0,0,0,0
4.849999999999997,941,40,49,303,50,0,0,0,0,0,0
4.899999999999997,966,29,30,235,32,0,0,0,0,0,0
4.949999999999997,1025,13,13,177,15,0,0,0,0,0,0
4.9999999999999964,1024,13,15,127,15,0,0,0,0,0,0
5.049999999999996,956,5,7,63,7,0,0,0,0,0,0
5.099999999999996,950,0,0,30,0,0,0,0,0,0,0
5.149999999999996,971,0,0,25,0,0,0,0,0,0,0
5.199999999999996,1004,1,1,16,1,0,0,0,0,0,0
5.249999999999996,931,0,0,7,0,0,0,0,0,0,0
5.299999999999995,947,0,0,2,0,0,0,0,0,0,0
5.349999999999995,861,0,0,0,0,0,0,0,0,0,0
5.399999999999995,751,1,1,2,1,0,0,0,0,0,0
5.449999999999995,607,0,0,0,0,0,0,0,0,0,0
5.499999999999995,522,0,0,0,0,0,0,0,0,0,0
5.5499999999999945,420,0,0,0,0,0,0,0,0,0,0
5.599999999999994,281,0,0,0,0,0,0,0,0,0,0
5.649999999999994,172,0,0,0,0,0,0,0,0,0,0
5.699999999999994,76,0,0,0,0,0,0,0,0,0,0
5.749999999999994,34,0,0,0,0,0,0,0,0,0,0
5.799999999999994,11,0,0,0,0,0,0,0,0,0,0
5.849999999999993,0,0,0,0,0,0,0,0,0,0,0
5.899999999999993,0,0,0,0,0,0,0,0,0,0,0
5.949999999999993,0,0,0,0,0,0,0,0,0,0,0
5.999999999999993,0,0,0,0,0,0,0,0,0,0,0
6.049999999999993,0,0,0,0,0,0,0,0,0,0,0
6.0999999999999925,0,0,0,0,0,0,0,0,0,0,0
6.149999999999992,0,0,0,0,0,0,0,0,0,0,0
6.199999999999992,0,0,0,0,0,0,0,0,0,0,0
6.249999999999992,0,0,0,0,0,0,0,0,0,0,0
6.299999999999992,0,0,0,0,0,0,0,0,0,0,0
6.349999999999992,0,0,0,0,0,0,0,0,0,0,0
6.3999999999999915,0,0,0,0,0,0,0,0,0,0,0
6.449999999999991,0,0,0,0,0,0,0,0,0,0,0
6.499999999999991,0,0,0,0,0,0,0,0,0,0,0
6.549999999999991,0,0,0,0,0,0,0,0,0,0,0
6.599999999999991,0,0,0,0,0,0,0,0,0,0,0
6.649999999999991,0,0,0,0,0,0,0,0,0,0,0
6.69999999999999,0,0,0,0,0,0,0,0,0,0,0
6.74999999999999,0,0,0,0,0,0,0,0,0,0,0
6.79999999999999,0,0,0,0,0,0,0,0,0,0,0
6.84999999999999,0,0,0,0,0,0,0,0,0,0,0
6.89999999999999,0,0,0,0,0,0,0,0,0,0,0
6.9499999999999895,0,0,0,0,0,0,0,0,0,0,0
6.999999999999989,0,0,0,0,0,0,0,0,0,0,0
7.049999999999989,0,0,0,0,0,0,0,0,0,0,0
7.099999999999989,0,0,0,0,0,0,0,0,0,0,0
7.149999999999989,0,0,0,0,0,0,0,0,0,0,0
7.199999999999989,0,0,0,0,0,0,0,0,0,0,0
7.2499999999999885,0,0,0,0,0,0,0,0,0,0,0
7.299999999999988,0,0,0,0,0,0,0,0,0,0,0
7.349999999999988,0,0,0,0,0,0,0,0,0,0,0
7.399999999999988,0,0,0,0,0,0,0,0,0,0,0
7.449999999999988,0,0,0,0,0,0,0,0,0,0,0
7.499999999999988,0,0,0,0,0,0,0,0,0,0,0
7.549999999999987,0,0,0,0,0,0,0,0,0,0,0
7.599999999999987,0,0,0,0,0,0,0,0,0,0,0
7.649999999999987,0,0,0,0,0,0,0,0,0,0,0
7.699999999999987,0,0,0,0,0,0,0,0,0,0,0
7.749999999999987,0,0,0,0,0,0,0,0,0,0,0
7.7999999999999865,0,0,0,0,0,0,0,0,0,0,0
7.849999999999986,0,0,0,0,0,0,0,0,0,0,0
7.899999999999986,0,0,0,0,0,0,0,0,0,0,0
7.949999999999986,0,0,0,0,0,0,0,0,0,0,0
*****
4,0.05,1000,0.3,0.7,10,100,0.75,1.0,0.65,1.0,0.01
4,1000,866,922,879,919,0,0,0,0,0,0
4.05,1033,907,952,916,956,0,0,0,0,0,0
4.1,1005,896,918,892,919,0,0,0,0,0,0
4.1499999999999995,1048,893,949,911,948,0,0,0,0,0,0
4.199999999999999,997,841,893,881,893,0,0,0,0,0,0
4.249999999999999,1145,910,996,995,1002,0,0,0,0,0,0
4.299999999999999,1031,767,882,917,880,0,0,0,0,0,0
4.349999999999999,1002,700,820,877,823,0,0,0,0,0,0
4.399999999999999,1079,693,822,952,827,0,0,0,0,0,0
4.449999999999998,1052,605,756,898,758,0,0,0,0,0,0
4.499999999999998,1034,491,630,842,632,0,0,0,0,0,0
4.549999999999998,1027,414,553,827,559,0,0,0,0,0,0
4.599999999999998,1049,338,476,795,480,0,0,0,0,0,0
4.649999999999998,1009,292,418,692,424,0,0,0,0,0,0
4.6999999999999975,1020,248,368,691,371,0,0,0,0,0,0
4.749999999999997,1037,189,299,616,302,0,0,0,0,0,0
4.799999999999997,1062,174,252,569,253,0,0,0,0,0,0
4.849999999999997,1071,111,171,465,174,0,0,0,0,0,0
4.899999999999997,1071,103,175,409,175,0,0,0,0,0,0
4.949999999999997,1070,84,145,353,148,0,0,0,0,0,0
4.9999999999999964,1042,64,94,275,96,0,0,0,0,0,0
5.049999999999996,1030,44,67,217,68,0,0,0,0,0,0
5.099999999999996,1059,34,52,171,53,0,0,0,0,0,0
5.149999999999996,1026,43,62,139,63,0,0,0,0,0,0
5.199999999999996,1022,14,23,104,23,0,0,0,0,0,0
5.249999999999996,1039,11,18,63,18,0,0,0,0,0,0
5.299999999999995,1052,11,19,60,19,0,0,0,0,0,0
5.349999999999995,1110,12,17,37,17,0,0,0,0,0,0
5.399999999999995,1032,9,12,33,12,0,0,0,0,0,0
5.449999999999995,1022,4,7,26,7,0,0,0,0,0,0
5.499999999999995,1058,4,4,8,4,0,0,0,0,0,0
5.5499999999999945,1054,1,1,5,1,0,0,0,0,0,0
5.599999999999994,1034,2,3,4,3,0,0,0,0,0,0
5.649999999999994,1023,1,1,4,1,0,0,0,0,0,0
5.699999999999994,1070,0,0,0,0,0,0,0,0,0,0
5.749999999999994,1035,1,1,1,1,0,0,0,0,0,0
5.799999999999994,1030,0,1,1,1,0,0,0,0,0,0
5.849999999999993,1002,0,0,0,0,0,0,0,0,0,0
5.899999999999993,935,0,0,0,0,0,0,0,0,0,0
5.949999999999993,1006,0,0,0,0,0,0,0,0,0,0
5.999999999999993,867,0,1,1,1,0,0,0,0,0,0
6.049999999999993,739,0,0,0,0,0,0,0,0,0,0
6.0999999999999925,609,0,0,0,0,0,0,0,0,0,0
6.149999999999992,562,0,0,0,0,0,0,0,0,0,0
6.199999999999992,431,0,0,0,0,0,0,0,0,0,0
6.249999999999992,299,0,0,0,0,0,0,0,0,0,0
6.299999999999992,226,0,0,0,0,0,0,0,0,0,0
6.349999999999992,170,0,0,0,0,0,0,0,0,0,0
6.3999999999999915,121,0,0,0,0,0,0,0,0,0,0
6.449999999999991,118,0,0,0,0,0,0,0,0,0,0
6.499999999999991,62,0,0,0,0,0,0,0,0,0,0
6.549999999999991,39,0,0,0,0,0,0,0,0,0,0
6.599999999999991,33,0,0,0,0,0,0,0,0,0,0
6.649999999999991,30,0,0,0,0,0,0,0,0,0,0
6.69999999999999,18,0,0,0,0,0,0,0,0,0,0
6.74999999999999,0,0,0,0,0,0,0,0,0,0,0
6.79999999999999,0,0,0,0,0,0,0,0,0,0,0
6.84999999999999,0,0,0,0,0,0,0,0,0,0,0
6.89999999999999,0,0,0,0,0,0,0,0,0,0,0
6.9499999999999895,0,0,0,0,0,0,0,0,0,0,0
6.999999999999989,0,0,0,0,0,0,0,0,0,0,0
7.049999999999989,0,0,0,0,0,0,0,0,0,0,0
7.099999999999989,0,0,0,0,0,0,0,0,0,0,0
7.149999999999989,0,0,0,0,0,0,0,0,0,0,0
7.199999999999989,0,0,0,0,0,0,0,0,0,0,0
7.2499999999999885,0,0,0,0,0,0,0,0,0,0,0
7.299999999999988,0,0,0,0,0,0,0,0,0,0,0
7.349999999999988,0,0,0,0,0,0,0,0,0,0,0
7.399999999999988,0,0,0,0,0,0,0,0,0,0,0
7.449999999999988,0,0,0,0,0,0,0,0,0,0,0
7.499999999999988,0,0,0,0,0,0,0,0,0,0,0
7.549999999999987,0,0,0,0,0,0,0,0,0,0,0
7.599999999999987,0,0,0,0,0,0,0,0,0,0,0
7.649999999999987,0,0,0,0,0,0,0,0,0,0,0
7.699999999999987,0,0,0,0,0,0,0,0,0,0,0
7.749999999999987,0,0,0,0,0,0,0,0,0,0,0
7.7999999999999865,0,0,0,0,0,0,0,0,0,0,0
7.849999999999986,0,0,0,0,0,0,0,0,0,0,0
7.899999999999986,0,0,0,0,0,0,0,0,0,0,0
7.949999999999986,0,0,0,0,0,0,0,0,0,0,0
*****
4,0.05,1000,0.6,1,10,100,0.75,1.0,0.65,1.0,0.01
4,1000,3,4,9,4,0,0,0,0,0,0
4.05,998,3,6,11,6,0,0,0,0,0,0
4.1,962,1,9,18,9,0,0,0,0,0,0
4.1499999999999995,899,1,5,31,5,0,0,0,0,0,0
4.199999999999999,775,6,13,38,13,0,0,0,0,0,0
4.249999999999999,720,17,22,48,22,0,0,0,0,0,0
4.299999999999999,760,19,31,56,31,0,0,0,0,0,0
4.349999999999999,721,5,25,86,25,0,0,0,0,0,0
4.399999999999999,657,3,24,91,24,0,0,0,0,0,0
4.449999999999998,695,0,12,98,12,0,0,0,0,0,0
4.499999999999998,674,1,4,94,4,0,0,0,0,0,0
4.549999999999998,749,2,8,76,8,0,0,0,0,0,0
4.599999999999998,753,0,0,49,0,0,0,0,0,0,0
4.649999999999998,799,0,0,27,0,0,0,0,0,0,0
4.6999999999999975,880,0,2,30,2,0,0,0,0,0,0
4.749999999999997,938,0,0,10,0,0,0,0,0,0,0
4.799999999999997,899,0,1,9,1,0,0,0,0,0,0
4.849999999999997,913,0,2,4,2,0,0,0,0,0,0
4.899999999999997,894,0,2,7,2,0,0,0,0,0,0
4.949999999999997,885,0,3,6,3,0,0,0,0,0,0
4.9999999999999964,849,0,2,10,2,0,0,0,0,0,0
5.049999999999996,739,0,0,3,0,0,0,0,0,0,0
5.099999999999996,745,0,0,1,0,0,0,0,0,0,0
5.149999999999996,703,0,1,3,1,0,0,0,0,0,0
5.199999999999996,676,0,0,1,0,0,0,0,0,0,0
5.249999999999996,718,0,0,1,0,0,0,0,0,0,0
5.299999999999995,687,0,0,0,0,0,0,0,0,0,0
5.349999999999995,773,0,0,0,0,0,0,0,0,0,0
5.399999999999995,783,0,0,0,0,0,0,0,0,0,0
5.449999999999995,768,0,1,1,1,0,0,0,0,0,0
5.499999999999995,749,0,0,0,0,0,0,0,0,0,0
5.5499999999999945,781,0,0,0,0,0,0,0,0,0,0
5.599999999999994,855,0,0,0,0,0,0,0,0,0,0
5.649999999999994,745,0,0,0,0,0,0,0,0,0,0
5.699999999999994,617,0,0,0,0,0,0,0,0,0,0
5.749999999999994,612,0,0,0,0,0,0,0,0,0,0
5.799999999999994,559,0,0,0,0,0,0,0,0,0,0
5.849999999999993,551,0,0,0,0,0,0,0,0,0,0
5.899999999999993,505,0,0,0,0,0,0,0,0,0,0
5.949999999999993,397,0,0,0,0,0,0,0,0,0,0
5.999999999999993,308,0,0,0,0,0,0,0,0,0,0
6.049999999999993,253,0,0,0,0,0,0,0,0,0,0
6.0999999999999925,216,0,0,0,0,0,0,0,0,0,0
6.149999999999992,165,0,0,0,0,0,0,0,0,0,0
6.199999999999992,120,0,0,0,0,0,0,0,0,0,0
6.249999999999992,34,0,0,0,0,0,0,0,0,0,0
6.299999999999992,2,0,0,0,0,0,0,0,0,0,0
6.349999999999992,3,0,0,0,0,0,0,0,0,0,0
6.3999999999999915,2,0,0,0,0,0,0,0,0,0,0
6.449999999999991,5,0,0,0,0,0,0,0,0,0,0
6.499999999999991,0,0,0,0,0,0,0,0,0,0,0
6.549999999999991,0,0,0,0,0,0,0,0,0,0,0
6.599999999999991,0,0,0,0,0,0,0,0,0,0,0
6.649999999999991,0,0,0,0,0,0,0,0,0,0,0
6.69999999999999,0,0,0,0,0,0,0,0,0,0,0
6.74999999999999,0,0,0,0,0,0,0,0,0,0,0
6.79999999999999,0,0,0,0,0,0,0,0,0,0,0
6.84999999999999,0,0,0,0,0,0,0,0,0,0,0
6.89999999999999,0,0,0,0,0,0,0,0,0,0,0
6.9499999999999895,0,0,0,0,0,0,0,0,0,0,0
6.999999999999989,0,0,0,0,0,0,0,0,0,0,0
7.049999999999989,0,0,0,0,0,0,0,0,0,0,0
7.099999999999989,0,0,0,0,0,0,0,0,0,0,0
7.149999999999989,0,0,0,0,0,0,0,0,0,0,0
7.199999999999989,0,0,0,0,0,0,0,0,0,0,0
7.2499999999999885,0,0,0,0,0,0,0,0,0,0,0
7.299999999999988,0,0,0,0,0,0,0,0,0,0,0
7.349999999999988,0,0,0,0,0,0,0,0,0,0,0
7.399999999999988,0,0,0,0,0,0,0,0,0,0,0
7.449999999999988,0,0,0,0,0,0,0,0,0,0,0
7.499999999999988,0,0,0,0,0,0,0,0,0,0,0
7.549999999999987,0,0,0,0,0,0,0,0,0,0,0
7.599999999999987,0,0,0,0,0,0,0,0,0,0,0
7.649999999999987,0,0,0,0,0,0,0,0,0,0,0
7.699999999999987,0,0,0,0,0,0,0,0,0,0,0
7.749999999999987,0,0,0,0,0,0,0,0,0,0,0
7.7999999999999865,0,0,0,0,0,0,0,0,0,0,0
7.849999999999986,0,0,0,0,0,0,0,0,0,0,0
7.899999999999986,0,0,0,0,0,0,0,0,0,0,0
7.949999999999986,0,0,0,0,0,0,0,0,0,0,0
