*****
4 , 0.05 , 1000 , 0 , 1 , 10 , 100 , 0.65 , 1.0 , 0.65 , 1.0 , .055
4.0,1000,702,820,648,738,0,701,774,601,696,0
4.05,1030,638,798,678,760,0,637,768,629,720,0
4.1,1014,488,693,682,723,0,487,678,637,694,0
4.15,991,377,591,664,642,0,378,582,644,633,0
4.2,983,227,447,654,533,0,232,441,642,524,0
4.25,1022,176,388,619,458,0,175,379,620,455,0
4.3,1011,105,284,554,349,0,102,282,579,350,0
4.35,1002,64,204,513,280,0,63,201,514,279,0
4.4,1001,49,166,420,200,0,47,163,429,195,0
4.45,922,20,78,293,108,0,22,76,295,107,0
4.5,998,10,70,259,106,0,10,73,277,106,0
4.55,959,10,49,195,80,0,10,49,196,80,0
4.6,1005,4,29,128,44,0,4,27,135,42,0
4.65,978,2,15,87,28,0,3,15,86,28,0
4.7,1011,0,12,54,18,0,0,12,58,18,0
4.75,994,0,5,47,13,0,0,5,46,13,0
4.8,963,0,6,37,10,0,0,6,33,10,0
4.85,984,0,3,15,4,0,0,3,15,4,0
4.9,969,0,4,13,5,0,0,4,13,5,0
4.95,1022,0,0,10,1,0,0,0,10,1,0
5.0,1019,0,0,5,0,0,0,0,5,0,0
5.05,1047,0,0,0,0,0,0,0,0,0,0
5.1,956,0,0,2,0,0,0,0,2,0,0
5.15,990,0,0,2,0,0,0,0,2,0,0
5.2,1028,0,0,1,0,0,0,0,1,0,0
5.25,1030,0,0,0,0,0,0,0,0,0,0
5.3,1104,0,0,0,0,0,0,0,0,0,0
5.35,964,0,0,0,0,0,0,0,0,0,0
5.4,990,0,0,0,0,0,0,0,0,0,0
5.45,943,0,0,0,0,0,0,0,0,0,0
5.5,972,0,0,0,0,0,0,0,0,0,0
5.55,951,0,0,0,0,0,0,0,0,0,0
5.6,976,0,0,0,0,0,0,0,0,0,0
5.65,1071,0,0,0,0,0,0,0,0,0,0
5.7,989,0,0,0,0,0,0,0,0,0,0
5.75,1001,0,0,0,0,0,0,0,0,0,0
5.8,1010,0,0,0,0,0,0,0,0,0,0
5.85,993,0,0,0,0,0,0,0,0,0,0
5.9,1009,0,0,0,0,0,0,0,0,0,0
5.95,1000,0,0,0,0,0,0,0,0,0,0
6.0,1030,0,0,0,0,0,0,0,0,0,0
6.050000000000001,966,0,0,0,0,0,0,0,0,0,0
6.1,1049,0,0,0,0,0,0,0,0,0,0
6.15,986,0,0,0,0,0,0,0,0,0,0
6.2,1007,0,0,0,0,0,0,0,0,0,0
6.25,1039,0,0,0,0,0,0,0,0,0,0
6.300000000000001,1008,0,0,0,0,0,0,0,0,0,0
6.35,942,0,0,0,0,0,0,0,0,0,0
6.4,1030,0,0,0,0,0,0,0,0,0,0
6.45,984,0,0,0,0,0,0,0,0,0,0
6.5,1041,0,0,0,0,0,0,0,0,0,0
6.550000000000001,949,0,0,0,0,0,0,0,0,0,0
6.6,1037,0,0,0,0,0,0,0,0,0,0
6.65,988,0,0,0,0,0,0,0,0,0,0
6.7,1003,0,0,0,0,0,0,0,0,0,0
6.75,1018,0,0,0,0,0,0,0,0,0,0
6.800000000000001,1001,0,0,0,0,0,0,0,0,0,0
6.85,997,0,0,0,0,0,0,0,0,0,0
6.9,961,0,0,0,0,0,0,0,0,0,0
6.95,999,0,0,0,0,0,0,0,0,0,0
7.0,1012,0,0,0,0,0,0,0,0,0,0
7.050000000000001,900,0,0,0,0,0,0,0,0,0,0
7.1,1030,0,0,0,0,0,0,0,0,0,0
7.15,1015,0,0,0,0,0,0,0,0,0,0
7.2,1050,0,0,0,0,0,0,0,0,0,0
7.25,1028,0,0,0,0,0,0,0,0,0,0
7.300000000000001,970,0,0,0,0,0,0,0,0,0,0
7.35,996,0,0,0,0,0,0,0,0,0,0
7.4,979,0,0,0,0,0,0,0,0,0,0
7.45,969,0,0,0,0,0,0,0,0,0,0
7.5,960,0,0,0,0,0,0,0,0,0,0
7.550000000000001,992,0,0,0,0,0,0,0,0,0,0
7.6,1014,0,0,0,0,0,0,0,0,0,0
7.65,995,0,0,0,0,0,0,0,0,0,0
7.7,997,0,0,0,0,0,0,0,0,0,0
7.75,1045,0,0,0,0,0,0,0,0,0,0
7.800000000000001,1016,0,0,0,0,0,0,0,0,0,0
7.85,1015,0,0,0,0,0,0,0,0,0,0
7.9,1035,0,0,0,0,0,0,0,0,0,0
7.95,1044,0,0,0,0,0,0,0,0,0,0
8.0,972,0,0,0,0,0,0,0,0,0,0
8.05,921,0,0,0,0,0,0,0,0,0,0
8.100000000000001,865,0,0,0,0,0,0,0,0,0,0
8.15,852,0,0,0,0,0,0,0,0,0,0
8.2,817,0,0,0,0,0,0,0,0,0,0
8.25,711,0,0,0,0,0,0,0,0,0,0
8.3,654,0,0,0,0,0,0,0,0,0,0
8.350000000000001,613,0,0,0,0,0,0,0,0,0,0
8.4,575,0,0,0,0,0,0,0,0,0,0
8.45,502,0,0,0,0,0,0,0,0,0,0
8.5,473,0,0,0,0,0,0,0,0,0,0
8.55,439,0,0,0,0,0,0,0,0,0,0
8.600000000000001,362,0,0,0,0,0,0,0,0,0,0
8.65,325,0,0,0,0,0,0,0,0,0,0
8.7,286,0,0,0,0,0,0,0,0,0,0
8.75,209,0,0,0,0,0,0,0,0,0,0
8.8,180,0,0,0,0,0,0,0,0,0,0
8.850000000000001,129,0,0,0,0,0,0,0,0,0,0
8.9,61,0,0,0,0,0,0,0,0,0,0
8.95,32,0,0,0,0,0,0,0,0,0,0
*****
4 , 0.05 , 1000 , 0 , 0.4 , 10 , 100 , 0.65 , 1.0 , 0.65 , 1.0 , .055
4.0,1000,990,469,985,999,0,989,469,977,998,0
4.05,970,945,357,956,968,0,945,357,952,967,0
4.1,965,870,272,953,955,0,869,272,944,954,0
4.15,950,715,192,933,921,0,715,192,930,921,0
4.2,951,508,133,930,855,0,508,133,926,855,0
4.25,969,316,72,918,716,0,316,72,917,716,0
4.3,914,160,55,817,525,0,160,55,816,525,0
4.35,932,109,23,765,388,0,109,23,765,388,0
4.4,979,42,13,715,251,0,42,13,715,251,0
4.45,1004,27,7,616,166,0,27,7,616,166,0
4.5,934,6,1,408,78,0,6,1,408,78,0
4.55,972,6,2,328,49,0,6,2,328,49,0
4.6,905,2,1,175,27,0,2,1,175,27,0
4.65,990,1,1,125,13,0,1,1,125,13,0
4.7,987,2,2,82,5,0,2,2,82,5,0
4.75,952,0,0,38,3,0,0,0,38,3,0
4.8,990,0,0,18,0,0,0,0,18,0,0
4.85,934,0,0,7,0,0,0,0,7,0,0
4.9,945,0,0,3,1,0,0,0,3,1,0
4.95,1019,0,0,1,0,0,0,0,1,0,0
5.0,936,0,0,0,0,0,0,0,0,0,0
5.05,936,0,0,1,0,0,0,0,1,0,0
5.1,977,0,0,0,0,0,0,0,0,0,0
5.15,980,0,0,0,0,0,0,0,0,0,0
5.2,994,0,0,0,0,0,0,0,0,0,0
5.25,945,0,0,0,0,0,0,0,0,0,0
5.3,982,0,0,0,0,0,0,0,0,0,0
5.35,908,0,0,0,0,0,0,0,0,0,0
5.4,948,0,0,0,0,0,0,0,0,0,0
5.45,964,0,0,0,0,0,0,0,0,0,0
5.5,981,0,0,0,0,0,0,0,0,0,0
5.55,923,0,0,0,0,0,0,0,0,0,0
5.6,947,0,0,0,0,0,0,0,0,0,0
5.65,945,0,0,0,0,0,0,0,0,0,0
5.7,942,0,0,0,0,0,0,0,0,0,0
5.75,977,0,0,0,0,0,0,0,0,0,0
5.8,924,0,0,0,0,0,0,0,0,0,0
5.85,976,0,0,0,0,0,0,0,0,0,0
5.9,972,0,0,0,0,0,0,0,0,0,0
5.95,971,0,0,0,0,0,0,0,0,0,0
6.0,936,0,0,0,0,0,0,0,0,0,0
6.050000000000001,930,0,0,0,0,0,0,0,0,0,0
6.1,926,0,0,0,0,0,0,0,0,0,0
6.15,987,0,0,0,0,0,0,0,0,0,0
6.2,979,0,0,0,0,0,0,0,0,0,0
6.25,974,0,0,0,0,0,0,0,0,0,0
6.300000000000001,938,0,0,0,0,0,0,0,0,0,0
6.35,966,0,0,0,0,0,0,0,0,0,0
6.4,948,0,0,0,0,0,0,0,0,0,0
6.45,910,0,0,0,0,0,0,0,0,0,0
6.5,953,0,0,0,0,0,0,0,0,0,0
6.550000000000001,968,0,0,0,0,0,0,0,0,0,0
6.6,914,0,0,0,0,0,0,0,0,0,0
6.65,968,0,0,0,0,0,0,0,0,0,0
6.7,954,0,0,0,0,0,0,0,0,0,0
6.75,971,0,0,0,0,0,0,0,0,0,0
6.800000000000001,892,0,0,0,0,0,0,0,0,0,0
6.85,977,0,0,0,0,0,0,0,0,0,0
6.9,938,0,0,0,0,0,0,0,0,0,0
6.95,997,0,0,0,0,0,0,0,0,0,0
7.0,930,0,0,0,0,0,0,0,0,0,0
7.050000000000001,911,0,0,0,0,0,0,0,0,0,0
7.1,931,0,0,0,0,0,0,0,0,0,0
7.15,973,0,0,0,0,0,0,0,0,0,0
7.2,956,0,0,0,0,0,0,0,0,0,0
7.25,959,0,0,0,0,0,0,0,0,0,0
7.300000000000001,984,0,0,0,0,0,0,0,0,0,0
7.35,938,0,0,0,0,0,0,0,0,0,0
7.4,954,0,0,0,0,0,0,0,0,0,0
7.45,988,0,0,0,0,0,0,0,0,0,0
7.5,978,0,0,0,0,0,0,0,0,0,0
7.550000000000001,968,0,0,0,0,0,0,0,0,0,0
7.6,961,0,0,0,0,0,0,0,0,0,0
7.65,931,0,0,0,0,0,0,0,0,0,0
7.7,965,0,0,0,0,0,0,0,0,0,0
7.75,960,0,0,0,0,0,0,0,0,0,0
7.800000000000001,896,0,0,0,0,0,0,0,0,0,0
7.85,1010,0,0,0,0,0,0,0,0,0,0
7.9,944,0,0,0,0,0,0,0,0,0,0
7.95,944,0,0,0,0,0,0,0,0,0,0
8.0,880,0,0,0,0,0,0,0,0,0,0
8.05,808,0,0,0,0,0,0,0,0,0,0
8.100000000000001,648,0,0,0,0,0,0,0,0,0,0
8.15,552,0,0,0,0,0,0,0,0,0,0
8.2,378,0,0,0,0,0,0,0,0,0,0
8.25,316,0,0,0,0,0,0,0,0,0,0
8.3,185,0,0,0,0,0,0,0,0,0,0
8.350000000000001,55,0,0,0,0,0,0,0,0,0,0
*****
4 , 0.05 , 1000 , 0.3 , 0.7 , 10 , 100 , 0.65 , 1.0 , 0.65 , 1.0 , .055
4.0,1000,642,791,762,754,0,662,691,649,647,0
4.05,944,587,745,691,706,0,593,661,618,625,0
4.1,997,594,758,751,745,0,585,690,684,652,0
4.15,1044,557,761,762,773,0,527,725,714,701,0
4.2,983,465,689,738,703,0,452,639,685,649,0
4.25,969,403,610,716,668,0,399,588,685,634,0
4.3,972,319,587,712,648,0,321,557,699,609,0
4.35,982,268,507,689,599,0,264,480,646,552,0
4.4,999,207,424,660,518,0,194,380,629,462,0
4.45,967,162,374,587,447,0,163,360,559,429,0
4.5,1008,104,305,526,374,0,103,294,505,359,0
4.55,968,75,226,443,282,0,75,222,429,277,0
4.6,998,69,190,389,249,0,68,181,363,238,0
4.65,980,54,138,318,180,0,52,135,302,172,0
4.7,991,40,105,274,145,0,40,102,261,141,0
4.75,950,28,84,179,103,0,26,83,171,99,0
4.8,978,22,51,151,74,0,22,50,143,71,0
4.85,948,4,32,97,47,0,4,30,95,45,0
4.9,963,10,22,81,30,0,10,22,79,29,0
4.95,990,3,13,56,22,0,3,12,54,21,0
5.0,1025,7,19,37,21,0,7,19,35,21,0
5.05,1015,0,1,17,2,0,0,1,16,2,0
5.1,996,1,3,13,5,0,1,3,13,5,0
5.15,942,2,1,5,3,0,2,1,4,3,0
5.2,1015,0,3,4,3,0,0,3,4,3,0
5.25,960,0,1,2,1,0,0,1,2,1,0
5.3,1002,0,1,2,2,0,0,1,2,2,0
5.35,967,0,0,1,0,0,0,0,1,0,0
5.4,975,0,0,0,0,0,0,0,0,0,0
5.45,1002,0,0,0,0,0,0,0,0,0,0
5.5,953,0,0,0,0,0,0,0,0,0,0
5.55,987,0,0,1,0,0,0,0,0,0,0
5.6,1002,0,0,0,0,0,0,0,0,0,0
5.65,1026,0,0,0,0,0,0,0,0,0,0
5.7,926,0,0,0,0,0,0,0,0,0,0
5.75,970,0,0,0,0,0,0,0,0,0,0
5.8,1036,0,0,0,0,0,0,0,0,0,0
5.85,964,0,0,0,0,0,0,0,0,0,0
5.9,989,0,0,0,0,0,0,0,0,0,0
5.95,960,0,0,0,0,0,0,0,0,0,0
6.0,966,0,0,0,0,0,0,0,0,0,0
6.050000000000001,1006,0,0,0,0,0,0,0,0,0,0
6.1,999,0,0,0,0,0,0,0,0,0,0
6.15,997,0,0,0,0,0,0,0,0,0,0
6.2,1022,0,0,0,0,0,0,0,0,0,0
6.25,961,0,0,0,0,0,0,0,0,0,0
6.300000000000001,984,0,0,0,0,0,0,0,0,0,0
6.35,976,0,0,0,0,0,0,0,0,0,0
6.4,901,0,0,0,0,0,0,0,0,0,0
6.45,1047,0,0,0,0,0,0,0,0,0,0
6.5,953,0,0,0,0,0,0,0,0,0,0
6.550000000000001,1004,0,0,0,0,0,0,0,0,0,0
6.6,966,0,0,0,0,0,0,0,0,0,0
6.65,1017,0,0,0,0,0,0,0,0,0,0
6.7,962,0,0,0,0,0,0,0,0,0,0
6.75,1018,0,0,0,0,0,0,0,0,0,0
6.800000000000001,1047,0,0,0,0,0,0,0,0,0,0
6.85,977,0,0,0,0,0,0,0,0,0,0
6.9,996,0,0,0,0,0,0,0,0,0,0
6.95,929,0,0,0,0,0,0,0,0,0,0
7.0,964,0,0,0,0,0,0,0,0,0,0
7.050000000000001,1007,0,0,0,0,0,0,0,0,0,0
7.1,967,0,0,0,0,0,0,0,0,0,0
7.15,974,0,0,0,0,0,0,0,0,0,0
7.2,1009,0,0,0,0,0,0,0,0,0,0
7.25,984,0,0,0,0,0,0,0,0,0,0
7.300000000000001,1042,0,0,0,0,0,0,0,0,0,0
7.35,959,0,0,0,0,0,0,0,0,0,0
7.4,955,0,0,0,0,0,0,0,0,0,0
7.45,1002,0,0,0,0,0,0,0,0,0,0
7.5,1023,0,0,0,0,0,0,0,0,0,0
7.550000000000001,1005,0,0,0,0,0,0,0,0,0,0
7.6,924,0,0,0,0,0,0,0,0,0,0
7.65,970,0,0,0,0,0,0,0,0,0,0
7.7,986,0,0,0,0,0,0,0,0,0,0
7.75,997,0,0,0,0,0,0,0,0,0,0
7.800000000000001,977,0,0,0,0,0,0,0,0,0,0
7.85,1001,0,0,0,0,0,0,0,0,0,0
7.9,1017,0,0,0,0,0,0,0,0,0,0
7.95,987,0,0,0,0,0,0,0,0,0,0
8.0,966,0,0,0,0,0,0,0,0,0,0
8.05,967,0,0,0,0,0,0,0,0,0,0
8.100000000000001,1050,0,0,0,0,0,0,0,0,0,0
8.15,1005,0,0,0,0,0,0,0,0,0,0
8.2,992,0,0,0,0,0,0,0,0,0,0
8.25,956,0,0,0,0,0,0,0,0,0,0
8.3,870,0,0,0,0,0,0,0,0,0,0
8.350000000000001,786,0,0,0,0,0,0,0,0,0,0
8.4,719,0,0,0,0,0,0,0,0,0,0
8.45,558,0,0,0,0,0,0,0,0,0,0
8.5,452,0,0,0,0,0,0,0,0,0,0
8.55,312,0,0,0,0,0,0,0,0,0,0
8.600000000000001,160,0,0,0,0,0,0,0,0,0,0
8.65,63,0,0,0,0,0,0,0,0,0,0
*****
4 , 0.05 , 1000 , 0.6 , 1 , 10 , 100 , 0.65 , 1.0 , 0.65 , 1.0 , .055
4.0,1000,2,4,7,4,0,2,4,7,4,0
4.05,1025,1,5,7,5,0,1,5,7,5,0
4.1,956,3,3,12,3,0,3,3,12,3,0
4.15,921,1,5,15,5,0,1,7,16,7,0
4.2,855,2,9,22,9,0,5,9,23,9,0
4.25,802,9,14,34,14,0,11,19,40,19,0
4.3,766,20,28,71,28,0,21,31,77,31,0
4.35,742,13,14,77,14,0,13,17,94,17,0
4.4,708,8,22,120,22,0,8,27,132,27,0
4.45,686,6,18,121,18,0,7,22,135,22,0
4.5,757,0,12,115,12,0,0,18,125,18,0
4.55,781,1,3,68,3,0,1,4,74,4,0
4.6,868,0,3,51,3,0,0,3,54,3,0
4.65,939,0,1,23,1,0,0,2,29,2,0
4.7,912,0,0,11,0,0,0,0,11,0,0
4.75,950,0,2,5,2,0,0,2,5,2,0
4.8,962,0,1,3,1,0,0,1,3,1,0
4.85,950,0,0,1,0,0,0,0,1,0,0
4.9,958,0,0,2,0,0,0,0,2,0,0
4.95,939,0,0,1,0,0,0,0,1,0,0
5.0,838,0,0,1,0,0,0,1,1,1,0
5.05,754,0,1,1,1,0,0,1,1,1,0
5.1,764,0,0,2,0,0,0,0,2,0,0
5.15,780,0,1,0,1,0,0,1,0,1,0
5.2,818,0,0,0,0,0,0,0,0,0,0
5.25,768,0,0,0,0,0,0,0,0,0,0
5.3,767,0,0,0,0,0,0,0,0,0,0
5.35,815,0,0,0,0,0,0,0,0,0,0
5.4,844,0,0,1,0,0,0,0,1,0,0
5.45,845,0,0,0,0,0,0,0,0,0,0
5.5,949,0,0,0,0,0,0,0,0,0,0
5.55,915,0,0,0,0,0,0,0,0,0,0
5.6,959,0,0,0,0,0,0,0,0,0,0
5.65,911,0,0,0,0,0,0,0,0,0,0
5.7,931,0,0,0,0,0,0,0,0,0,0
5.75,798,0,0,0,0,0,0,0,0,0,0
5.8,871,0,0,0,0,0,0,0,0,0,0
5.85,846,0,0,0,0,0,0,0,0,0,0
5.9,798,0,0,0,0,0,0,0,0,0,0
5.95,818,0,0,0,0,0,0,0,0,0,0
6.0,805,0,0,0,0,0,0,0,0,0,0
6.050000000000001,788,0,0,0,0,0,0,0,0,0,0
6.1,794,0,0,0,0,0,0,0,0,0,0
6.15,852,0,0,0,0,0,0,0,0,0,0
6.2,876,0,0,0,0,0,0,0,0,0,0
6.25,845,0,0,0,0,0,0,0,0,0,0
6.300000000000001,904,0,0,0,0,0,0,0,0,0,0
6.35,852,0,0,0,0,0,0,0,0,0,0
6.4,905,0,0,0,0,0,0,0,0,0,0
6.45,915,0,0,0,0,0,0,0,0,0,0
6.5,863,0,0,0,0,0,0,0,0,0,0
6.550000000000001,892,0,0,0,0,0,0,0,0,0,0
6.6,850,0,0,0,0,0,0,0,0,0,0
6.65,876,0,0,0,0,0,0,0,0,0,0
6.7,816,0,0,0,0,0,0,0,0,0,0
6.75,815,0,0,0,0,0,0,0,0,0,0
6.800000000000001,810,0,0,0,0,0,0,0,0,0,0
6.85,845,0,0,0,0,0,0,0,0,0,0
6.9,840,0,0,0,0,0,0,0,0,0,0
6.95,827,0,0,0,0,0,0,0,0,0,0
7.0,866,0,0,0,0,0,0,0,0,0,0
7.050000000000001,878,0,0,0,0,0,0,0,0,0,0
7.1,879,0,0,0,0,0,0,0,0,0,0
7.15,855,0,0,0,0,0,0,0,0,0,0
7.2,859,0,0,0,0,0,0,0,0,0,0
7.25,851,0,0,0,0,0,0,0,0,0,0
7.300000000000001,886,0,0,0,0,0,0,0,0,0,0
7.35,884,0,0,0,0,0,0,0,0,0,0
7.4,885,0,0,0,0,0,0,0,0,0,0
7.45,809,0,0,0,0,0,0,0,0,0,0
7.5,828,0,0,0,0,0,0,0,0,0,0
7.550000000000001,807,0,0,0,0,0,0,0,0,0,0
7.6,822,0,0,0,0,0,0,0,0,0,0
7.65,860,0,0,0,0,0,0,0,0,0,0
7.7,800,0,0,0,0,0,0,0,0,0,0
7.75,884,0,0,0,0,0,0,0,0,0,0
7.800000000000001,826,0,0,0,0,0,0,0,0,0,0
7.85,863,0,0,0,0,0,0,0,0,0,0
7.9,900,0,0,0,0,0,0,0,0,0,0
7.95,841,0,0,0,0,0,0,0,0,0,0
8.0,876,0,0,0,0,0,0,0,0,0,0
8.05,898,0,0,0,0,0,0,0,0,0,0
8.100000000000001,856,0,0,0,0,0,0,0,0,0,0
8.15,873,0,0,0,0,0,0,0,0,0,0
8.2,828,0,0,0,0,0,0,0,0,0,0
8.25,834,0,0,0,0,0,0,0,0,0,0
8.3,832,0,0,0,0,0,0,0,0,0,0
8.350000000000001,820,0,0,0,0,0,0,0,0,0,0
8.4,900,0,0,0,0,0,0,0,0,0,0
8.45,792,0,0,0,0,0,0,0,0,0,0
8.5,852,0,0,0,0,0,0,0,0,0,0
8.55,876,0,0,0,0,0,0,0,0,0,0
8.600000000000001,800,0,0,0,0,0,0,0,0,0,0
8.65,712,0,0,0,0,0,0,0,0,0,0
8.7,613,0,0,0,0,0,0,0,0,0,0
8.75,476,0,0,0,0,0,0,0,0,0,0
8.8,337,0,0,0,0,0,0,0,0,0,0
8.850000000000001,265,0,0,0,0,0,0,0,0,0,0
8.9,171,0,0,0,0,0,0,0,0,0,0
8.95,43,0,0,0,0,0,0,0,0,0,0
