*****
4,0.05,1000,0,1,10,100,0.65,1.0,0.85,1.0,0.01
4,1000,950,949,868,949,0,0,0,0,0,0
4.05,997,924,927,864,927,0,0,0,0,0,0
4.1,1022,971,973,898,973,0,0,0,0,0,0
4.1499999999999995,994,927,933,878,933,0,0,0,0,0,0
4.199999999999999,1004,911,930,878,930,0,0,0,0,0,0
4.249999999999999,1016,918,937,894,937,0,0,0,0,0,0
4.299999999999999,987,884,891,852,891,0,0,0,0,0,0
4.349999999999999,1069,905,935,894,935,0,0,0,0,0,0
4.399999999999999,1106,915,939,924,939,0,0,0,0,0,0
4.449999999999998,1046,834,869,842,869,0,0,0,0,0,0
4.499999999999998,953,705,757,734,757,0,0,0,0,0,0
4.549999999999998,1041,727,771,764,771,0,0,0,0,0,0
4.599999999999998,1002,655,696,678,696,0,0,0,0,0,0
4.649999999999998,1031,630,674,672,674,0,0,0,0,0,0
4.6999999999999975,989,541,583,594,583,0,0,0,0,0,0
4.749999999999997,1031,496,539,548,539,0,0,0,0,0,0
4.799999999999997,1041,409,443,468,443,0,0,0,0,0,0
4.849999999999997,1041,366,398,440,398,0,0,0,0,0,0
4.899999999999997,1018,348,382,405,382,0,0,0,0,0,0
4.949999999999997,1026,283,318,363,318,0,0,0,0,0,0
4.9999999999999964,989,236,262,288,262,0,0,0,0,0,0
5.049999999999996,1063,215,242,264,242,0,0,0,0,0,0
5.099999999999996,1021,177,194,218,194,0,0,0,0,0,0
5.149999999999996,1036,121,142,170,142,0,0,0,0,0,0
5.199999999999996,957,114,129,140,129,0,0,0,0,0,0
5.249999999999996,1010,84,89,118,89,0,0,0,0,0,0
5.299999999999995,1002,68,74,85,74,0,0,0,0,0,0
5.349999999999995,1064,63,71,81,71,0,0,0,0,0,0
5.399999999999995,1046,48,52,63,52,0,0,0,0,0,0
5.449999999999995,1042,51,53,59,53,0,0,0,0,0,0
5.499999999999995,1033,27,30,35,30,0,0,0,0,0,0
5.5499999999999945,1012,23,28,38,28,0,0,0,0,0,0
5.599999999999994,1044,11,15,19,15,0,0,0,0,0,0
5.649999999999994,1035,6,8,13,8,0,0,0,0,0,0
5.699999999999994,1016,10,11,14,11,0,0,0,0,0,0
5.749999999999994,1020,7,7,8,7,0,0,0,0,0,0
5.799999999999994,979,6,6,6,6,0,0,0,0,0,0
5.849999999999993,942,3,3,4,3,0,0,0,0,0,0
5.899999999999993,1040,2,2,4,2,0,0,0,0,0,0
5.949999999999993,971,0,0,1,0,0,0,0,0,0,0
5.999999999999993,958,0,0,0,0,0,0,0,0,0,0
6.049999999999993,905,0,0,0,0,0,0,0,0,0,0
6.0999999999999925,854,0,0,0,0,0,0,0,0,0,0
6.149999999999992,815,0,0,0,0,0,0,0,0,0,0
6.199999999999992,709,0,0,0,0,0,0,0,0,0,0
6.249999999999992,681,0,0,0,0,0,0,0,0,0,0
6.299999999999992,646,0,0,0,0,0,0,0,0,0,0
6.349999999999992,611,0,0,0,0,0,0,0,0,0,0
6.3999999999999915,539,0,0,0,0,0,0,0,0,0,0
6.449999999999991,507,0,0,0,0,0,0,0,0,0,0
6.499999999999991,440,0,0,0,0,0,0,0,0,0,0
6.549999999999991,358,0,0,0,0,0,0,0,0,0,0
6.599999999999991,325,0,0,0,0,0,0,0,0,0,0
6.649999999999991,272,0,0,0,0,0,0,0,0,0,0
6.69999999999999,225,0,0,0,0,0,0,0,0,0,0
6.74999999999999,180,0,0,0,0,0,0,0,0,0,0
6.79999999999999,144,0,0,0,0,0,0,0,0,0,0
6.84999999999999,80,0,0,0,0,0,0,0,0,0,0
6.89999999999999,39,0,0,0,0,0,0,0,0,0,0
6.9499999999999895,17,0,0,0,0,0,0,0,0,0,0
6.999999999999989,0,0,0,0,0,0,0,0,0,0,0
7.049999999999989,0,0,0,0,0,0,0,0,0,0,0
7.099999999999989,0,0,0,0,0,0,0,0,0,0,0
7.149999999999989,0,0,0,0,0,0,0,0,0,0,0
7.199999999999989,0,0,0,0,0,0,0,0,0,0,0
7.2499999999999885,0,0,0,0,0,0,0,0,0,0,0
7.299999999999988,0,0,0,0,0,0,0,0,0,0,0
7.349999999999988,0,0,0,0,0,0,0,0,0,0,0
7.399999999999988,0,0,0,0,0,0,0,0,0,0,0
7.449999999999988,0,0,0,0,0,0,0,0,0,0,0
7.499999999999988,0,0,0,0,0,0,0,0,0,0,0
7.549999999999987,0,0,0,0,0,0,0,0,0,0,0
7.599999999999987,0,0,0,0,0,0,0,0,0,0,0
7.649999999999987,0,0,0,0,0,0,0,0,0,0,0
7.699999999999987,0,0,0,0,0,0,0,0,0,0,0
7.749999999999987,0,0,0,0,0,0,0,0,0,0,0
7.7999999999999865,0,0,0,0,0,0,0,0,0,0,0
7.849999999999986,0,0,0,0,0,0,0,0,0,0,0
7.899999999999986,0,0,0,0,0,0,0,0,0,0,0
7.949999999999986,0,0,0,0,0,0,0,0,0,0,0
*****
4,0.05,1000,0,0.4,10,100,0.65,1.0,0.85,1.0,0.01
4,1000,1000,1000,1000,1000,0,0,0,0,0,0
4.05,965,965,965,965,965,0,0,0,0,0,0
4.1,980,980,980,980,980,0,0,0,0,0,0
4.1499999999999995,973,973,973,973,973,0,0,0,0,0,0
4.199999999999999,993,993,993,993,993,0,0,0,0,0,0
4.249999999999999,1010,1010,1010,1010,1010,0,0,0,0,0,0
4.299999999999999,985,985,985,985,985,0,0,0,0,0,0
4.349999999999999,946,946,946,946,946,0,0,0,0,0,0
4.399999999999999,961,961,961,961,961,0,0,0,0,0,0
4.449999999999998,984,984,984,984,984,0,0,0,0,0,0
4.499999999999998,1010,1010,1010,1010,1010,0,0,0,0,0,0
4.549999999999998,985,985,985,985,985,0,0,0,0,0,0
4.599999999999998,981,981,981,981,981,0,0,0,0,0,0
4.649999999999998,966,966,966,966,966,0,0,0,0,0,0
4.6999999999999975,962,962,962,962,962,0,0,0,0,0,0
4.749999999999997,991,991,991,991,991,0,0,0,0,0,0
4.799999999999997,1037,1037,1037,1037,1037,0,0,0,0,0,0
4.849999999999997,898,898,898,898,898,0,0,0,0,0,0
4.899999999999997,1024,1024,1024,1024,1024,0,0,0,0,0,0
4.949999999999997,1009,1007,1007,1008,1007,0,0,0,0,0,0
4.9999999999999964,953,952,952,952,952,0,0,0,0,0,0
5.049999999999996,993,993,993,992,993,0,0,0,0,0,0
5.099999999999996,1004,997,998,999,998,0,0,0,0,0,0
5.149999999999996,1017,999,999,997,999,0,0,0,0,0,0
5.199999999999996,964,931,931,930,931,0,0,0,0,0,0
5.249999999999996,977,929,930,931,930,0,0,0,0,0,0
5.299999999999995,980,863,864,876,864,0,0,0,0,0,0
5.349999999999995,992,796,799,805,799,0,0,0,0,0,0
5.399999999999995,970,676,678,692,678,0,0,0,0,0,0
5.449999999999995,941,530,533,555,533,0,0,0,0,0,0
5.499999999999995,1020,439,439,464,439,0,0,0,0,0,0
5.5499999999999945,993,356,360,387,360,0,0,0,0,0,0
5.599999999999994,967,237,240,267,240,0,0,0,0,0,0
5.649999999999994,1001,173,176,197,176,0,0,0,0,0,0
5.699999999999994,948,77,78,87,78,0,0,0,0,0,0
5.749999999999994,1007,58,60,69,60,0,0,0,0,0,0
5.799999999999994,963,29,29,38,29,0,0,0,0,0,0
5.849999999999993,955,17,17,19,17,0,0,0,0,0,0
5.899999999999993,939,5,5,5,5,0,0,0,0,0,0
5.949999999999993,945,2,2,2,2,0,0,0,0,0,0
5.999999999999993,940,1,1,1,1,0,0,0,0,0,0
6.049999999999993,882,0,0,0,0,0,0,0,0,0,0
6.0999999999999925,751,0,0,0,0,0,0,0,0,0,0
6.149999999999992,591,0,0,0,0,0,0,0,0,0,0
6.199999999999992,441,0,0,0,0,0,0,0,0,0,0
6.249999999999992,360,0,0,0,0,0,0,0,0,0,0
6.299999999999992,247,0,0,0,0,0,0,0,0,0,0
6.349999999999992,154,0,0,0,0,0,0,0,0,0,0
6.3999999999999915,40,0,0,0,0,0,0,0,0,0,0
6.449999999999991,0,0,0,0,0,0,0,0,0,0,0
6.499999999999991,0,0,0,0,0,0,0,0,0,0,0
6.549999999999991,0,0,0,0,0,0,0,0,0,0,0
6.599999999999991,0,0,0,0,0,0,0,0,0,0,0
6.649999999999991,0,0,0,0,0,0,0,0,0,0,0
6.69999999999999,0,0,0,0,0,0,0,0,0,0,0
6.74999999999999,0,0,0,0,0,0,0,0,0,0,0
6.79999999999999,0,0,0,0,0,0,0,0,0,0,0
6.84999999999999,0,0,0,0,0,0,0,0,0,0,0
6.89999999999999,0,0,0,0,0,0,0,0,0,0,0
6.9499999999999895,0,0,0,0,0,0,0,0,0,0,0
6.999999999999989,0,0,0,0,0,0,0,0,0,0,0
7.049999999999989,0,0,0,0,0,0,0,0,0,0,0
7.099999999999989,0,0,0,0,0,0,0,0,0,0,0
7.149999999999989,0,0,0,0,0,0,0,0,0,0,0
7.199999999999989,0,0,0,0,0,0,0,0,0,0,0
7.2499999999999885,0,0,0,0,0,0,0,0,0,0,0
7.299999999999988,0,0,0,0,0,0,0,0,0,0,0
7.349999999999988,0,0,0,0,0,0,0,0,0,0,0
7.399999999999988,0,0,0,0,0,0,0,0,0,0,0
7.449999999999988,0,0,0,0,0,0,0,0,0,0,0
7.499999999999988,0,0,0,0,0,0,0,0,0,0,0
7.549999999999987,0,0,0,0,0,0,0,0,0,0,0
7.599999999999987,0,0,0,0,0,0,0,0,0,0,0
7.649999999999987,0,0,0,0,0,0,0,0,0,0,0
7.699999999999987,0,0,0,0,0,0,0,0,0,0,0
7.749999999999987,0,0,0,0,0,0,0,0,0,0,0
7.7999999999999865,0,0,0,0,0,0,0,0,0,0,0
7.849999999999986,0,0,0,0,0,0,0,0,0,0,0
7.899999999999986,0,0,0,0,0,0,0,0,0,0,0
7.949999999999986,0,0,0,0,0,0,0,0,0,0,0
*****
4,0.05,1000,0.3,0.7,10,100,0.65,1.0,0.85,1.0,0.01
4,1000,992,994,981,994,0,0,0,0,0,0
4.05,973,963,964,950,964,0,0,0,0,0,0
4.1,960,956,954,939,954,0,0,0,0,0,0
4.1499999999999995,1007,998,1003,977,1003,0,0,0,0,0,0
4.199999999999999,978,975,975,959,975,0,0,0,0,0,0
4.249999999999999,987,985,985,975,985,0,0,0,0,0,0
4.299999999999999,951,949,949,936,949,0,0,0,0,0,0
4.349999999999999,908,906,907,888,907,0,0,0,0,0,0
4.399999999999999,1008,1004,1004,991,1004,0,0,0,0,0,0
4.449999999999998,961,956,958,934,958,0,0,0,0,0,0
4.499999999999998,967,963,963,947,963,0,0,0,0,0,0
4.549999999999998,988,982,984,969,984,0,0,0,0,0,0
4.599999999999998,938,928,933,919,933,0,0,0,0,0,0
4.649999999999998,963,948,950,927,950,0,0,0,0,0,0
4.6999999999999975,929,919,919,894,919,0,0,0,0,0,0
4.749999999999997,993,977,980,949,980,0,0,0,0,0,0
4.799999999999997,973,951,954,909,954,0,0,0,0,0,0
4.849999999999997,1014,980,988,943,988,0,0,0,0,0,0
4.899999999999997,1038,988,994,957,994,0,0,0,0,0,0
4.949999999999997,976,908,917,874,917,0,0,0,0,0,0
4.9999999999999964,908,829,842,802,842,0,0,0,0,0,0
5.049999999999996,954,853,871,824,871,0,0,0,0,0,0
5.099999999999996,936,797,814,784,814,0,0,0,0,0,0
5.149999999999996,935,774,790,761,790,0,0,0,0,0,0
5.199999999999996,930,724,738,719,738,0,0,0,0,0,0
5.249999999999996,996,734,751,723,751,0,0,0,0,0,0
5.299999999999995,1045,733,753,730,753,0,0,0,0,0,0
5.349999999999995,987,557,572,562,572,0,0,0,0,0,0
5.399999999999995,998,525,545,532,545,0,0,0,0,0,0
5.449999999999995,950,432,446,445,446,0,0,0,0,0,0
5.499999999999995,947,394,409,411,409,0,0,0,0,0,0
5.5499999999999945,935,293,311,309,311,0,0,0,0,0,0
5.599999999999994,945,300,311,315,311,0,0,0,0,0,0
5.649999999999994,954,211,222,229,222,0,0,0,0,0,0
5.699999999999994,967,166,176,177,176,0,0,0,0,0,0
5.749999999999994,993,153,160,161,160,0,0,0,0,0,0
5.799999999999994,952,97,105,110,105,0,0,0,0,0,0
5.849999999999993,972,73,74,74,74,0,0,0,0,0,0
5.899999999999993,991,47,50,51,50,0,0,0,0,0,0
5.949999999999993,987,28,28,29,28,0,0,0,0,0,0
5.999999999999993,1000,20,20,20,20,0,0,0,0,0,0
6.049999999999993,968,14,16,17,16,0,0,0,0,0,0
6.0999999999999925,923,6,7,7,7,0,0,0,0,0,0
6.149999999999992,949,5,5,5,5,0,0,0,0,0,0
6.199999999999992,944,0,0,0,0,0,0,0,0,0,0
6.249999999999992,1016,2,2,2,2,0,0,0,0,0,0
6.299999999999992,908,1,1,1,1,0,0,0,0,0,0
6.349999999999992,983,0,0,0,0,0,0,0,0,0,0
6.3999999999999915,981,0,0,0,0,0,0,0,0,0,0
6.449999999999991,912,0,0,0,0,0,0,0,0,0,0
6.499999999999991,796,0,0,0,0,0,0,0,0,0,0
6.549999999999991,776,0,0,0,0,0,0,0,0,0,0
6.599999999999991,750,0,0,0,0,0,0,0,0,0,0
6.649999999999991,646,0,0,0,0,0,0,0,0,0,0
6.69999999999999,563,0,0,0,0,0,0,0,0,0,0
6.74999999999999,438,0,0,0,0,0,0,0,0,0,0
6.79999999999999,320,0,0,0,0,0,0,0,0,0,0
6.84999999999999,256,0,0,0,0,0,0,0,0,0,0
6.89999999999999,197,0,0,0,0,0,0,0,0,0,0
6.9499999999999895,141,0,0,0,0,0,0,0,0,0,0
6.999999999999989,54,0,0,0,0,0,0,0,0,0,0
7.049999999999989,0,0,0,0,0,0,0,0,0,0,0
7.099999999999989,0,0,0,0,0,0,0,0,0,0,0
7.149999999999989,0,0,0,0,0,0,0,0,0,0,0
7.199999999999989,0,0,0,0,0,0,0,0,0,0,0
7.2499999999999885,0,0,0,0,0,0,0,0,0,0,0
7.299999999999988,0,0,0,0,0,0,0,0,0,0,0
7.349999999999988,0,0,0,0,0,0,0,0,0,0,0
7.399999999999988,0,0,0,0,0,0,0,0,0,0,0
7.449999999999988,0,0,0,0,0,0,0,0,0,0,0
7.499999999999988,0,0,0,0,0,0,0,0,0,0,0
7.549999999999987,0,0,0,0,0,0,0,0,0,0,0
7.599999999999987,0,0,0,0,0,0,0,0,0,0,0
7.649999999999987,0,0,0,0,0,0,0,0,0,0,0
7.699999999999987,0,0,0,0,0,0,0,0,0,0,0
7.749999999999987,0,0,0,0,0,0,0,0,0,0,0
7.7999999999999865,0,0,0,0,0,0,0,0,0,0,0
7.849999999999986,0,0,0,0,0,0,0,0,0,0,0
7.899999999999986,0,0,0,0,0,0,0,0,0,0,0
7.949999999999986,0,0,0,0,0,0,0,0,0,0,0
*****
4,0.05,1000,0.6,1,10,100,0.65,1.0,0.85,1.0,0.01
4,1000,8,8,8,8,0,0,0,0,0,0
4.05,926,11,11,10,11,0,0,0,0,0,0
4.1,897,16,18,12,18,0,0,0,0,0,0
4.1499999999999995,847,29,35,37,35,0,0,0,0,0,0
4.199999999999999,752,23,27,24,27,0,0,0,0,0,0
4.249999999999999,674,41,48,50,48,0,0,0,0,0,0
4.299999999999999,647,59,54,60,54,0,0,0,0,0,0
4.349999999999999,631,79,78,68,78,0,0,0,0,0,0
4.399999999999999,627,78,82,83,82,0,0,0,0,0,0
4.449999999999998,649,64,91,82,91,0,0,0,0,0,0
4.499999999999998,674,36,62,66,62,0,0,0,0,0,0
4.549999999999998,746,29,58,84,58,0,0,0,0,0,0
4.599999999999998,800,5,21,53,21,0,0,0,0,0,0
4.649999999999998,802,4,10,40,10,0,0,0,0,0,0
4.6999999999999975,832,4,5,22,5,0,0,0,0,0,0
4.749999999999997,862,9,8,14,8,0,0,0,0,0,0
4.799999999999997,822,11,13,15,13,0,0,0,0,0,0
4.849999999999997,824,11,14,15,14,0,0,0,0,0,0
4.899999999999997,788,7,8,12,8,0,0,0,0,0,0
4.949999999999997,709,9,14,13,14,0,0,0,0,0,0
4.9999999999999964,735,11,19,18,19,0,0,0,0,0,0
5.049999999999996,702,7,16,24,16,0,0,0,0,0,0
5.099999999999996,715,4,9,10,9,0,0,0,0,0,0
5.149999999999996,700,0,2,10,2,0,0,0,0,0,0
5.199999999999996,633,1,1,7,1,0,0,0,0,0,0
5.249999999999996,637,0,2,3,2,0,0,0,0,0,0
5.299999999999995,664,0,0,0,0,0,0,0,0,0,0
5.349999999999995,766,0,1,1,1,0,0,0,0,0,0
5.399999999999995,774,0,1,1,1,0,0,0,0,0,0
5.449999999999995,742,2,2,2,2,0,0,0,0,0,0
5.499999999999995,763,1,1,0,1,0,0,0,0,0,0
5.5499999999999945,771,2,2,3,2,0,0,0,0,0,0
5.599999999999994,762,0,0,0,0,0,0,0,0,0,0
5.649999999999994,738,0,0,1,0,0,0,0,0,0,0
5.699999999999994,697,0,0,0,0,0,0,0,0,0,0
5.749999999999994,718,1,1,1,1,0,0,0,0,0,0
5.799999999999994,643,0,0,0,0,0,0,0,0,0,0
5.849999999999993,725,0,0,0,0,0,0,0,0,0,0
5.899999999999993,567,0,0,0,0,0,0,0,0,0,0
5.949999999999993,524,0,0,0,0,0,0,0,0,0,0
5.999999999999993,499,0,0,0,0,0,0,0,0,0,0
6.049999999999993,531,0,0,0,0,0,0,0,0,0,0
6.0999999999999925,523,0,0,0,0,0,0,0,0,0,0
6.149999999999992,519,1,1,1,1,0,0,0,0,0,0
6.199999999999992,462,0,0,0,0,0,0,0,0,0,0
6.249999999999992,400,0,0,0,0,0,0,0,0,0,0
6.299999999999992,327,0,0,0,0,0,0,0,0,0,0
6.349999999999992,344,0,0,0,0,0,0,0,0,0,0
6.3999999999999915,274,0,0,0,0,0,0,0,0,0,0
6.449999999999991,239,0,0,0,0,0,0,0,0,0,0
6.499999999999991,155,0,0,0,0,0,0,0,0,0,0
6.549999999999991,81,0,0,0,0,0,0,0,0,0,0
6.599999999999991,27,0,0,0,0,0,0,0,0,0,0
6.649999999999991,35,0,0,0,0,0,0,0,0,0,0
6.69999999999999,32,0,0,0,0,0,0,0,0,0,0
6.74999999999999,32,0,0,0,0,0,0,0,0,0,0
6.79999999999999,54,0,0,0,0,0,0,0,0,0,0
6.84999999999999,56,0,0,0,0,0,0,0,0,0,0
6.89999999999999,68,0,0,0,0,0,0,0,0,0,0
6.9499999999999895,53,0,0,0,0,0,0,0,0,0,0
6.999999999999989,56,0,0,0,0,0,0,0,0,0,0
7.049999999999989,55,0,0,0,0,0,0,0,0,0,0
7.099999999999989,56,0,0,0,0,0,0,0,0,0,0
7.149999999999989,29,0,0,0,0,0,0,0,0,0,0
7.199999999999989,0,0,0,0,0,0,0,0,0,0,0
7.2499999999999885,0,0,0,0,0,0,0,0,0,0,0
7.299999999999988,0,0,0,0,0,0,0,0,0,0,0
7.349999999999988,0,0,0,0,0,0,0,0,0,0,0
7.399999999999988,0,0,0,0,0,0,0,0,0,0,0
7.449999999999988,0,0,0,0,0,0,0,0,0,0,0
7.499999999999988,0,0,0,0,0,0,0,0,0,0,0
7.549999999999987,0,0,0,0,0,0,0,0,0,0,0
7.599999999999987,0,0,0,0,0,0,0,0,0,0,0
7.649999999999987,0,0,0,0,0,0,0,0,0,0,0
7.699999999999987,0,0,0,0,0,0,0,0,0,0,0
7.749999999999987,0,0,0,0,0,0,0,0,0,0,0
7.7999999999999865,0,0,0,0,0,0,0,0,0,0,0
7.849999999999986,0,0,0,0,0,0,0,0,0,0,0
7.899999999999986,0,0,0,0,0,0,0,0,0,0,0
7.949999999999986,0,0,0,0,0,0,0,0,0,0,0
