*****
4 , 0.05 , 1000 , 0 , 1 , 10 , 100 , 0.75 , 1.0 , 0.65 , 1.0 , .055
4.0,1000,841,891,665,859,0,823,843,565,795,0
4.05,1024,812,891,730,870,0,801,865,643,833,0
4.1,974,660,793,689,786,0,653,768,639,751,0
4.15,1025,549,764,683,766,0,545,750,649,746,0
4.2,1029,415,654,704,685,0,414,652,658,679,0
4.25,987,273,519,654,560,0,273,519,648,561,0
4.3,1023,214,450,687,487,0,214,452,671,483,0
4.35,987,144,336,607,381,0,142,334,618,378,0
4.4,983,101,258,543,296,0,100,258,561,294,0
4.45,1005,72,206,490,236,0,68,204,507,232,0
4.5,1021,42,157,425,177,0,42,160,433,180,0
4.55,1032,33,110,341,134,0,32,110,350,131,0
4.6,1032,15,56,251,62,0,15,56,256,62,0
4.65,1060,16,63,221,70,0,16,62,215,69,0
4.7,1013,8,38,154,45,0,8,38,152,46,0
4.75,976,6,26,114,28,0,6,23,107,25,0
4.8,983,0,17,80,19,0,0,17,80,19,0
4.85,997,2,12,48,12,0,2,12,47,12,0
4.9,1004,2,11,49,13,0,2,11,47,13,0
4.95,980,1,4,32,5,0,1,4,32,5,0
5.0,950,3,4,29,6,0,3,4,28,6,0
5.05,1038,1,2,4,2,0,1,2,4,2,0
5.1,1017,0,0,9,0,0,0,0,9,0,0
5.15,978,0,0,3,0,0,0,0,3,0,0
5.2,1022,0,1,3,1,0,0,1,3,1,0
5.25,970,0,0,1,0,0,0,0,1,0,0
5.3,998,0,1,2,1,0,0,1,2,1,0
5.35,1040,0,0,1,0,0,0,0,1,0,0
5.4,1002,0,0,1,0,0,0,0,1,0,0
5.45,999,0,0,0,0,0,0,0,0,0,0
5.5,1003,0,0,0,0,0,0,0,0,0,0
5.55,978,0,0,0,0,0,0,0,0,0,0
5.6,1037,0,0,0,0,0,0,0,0,0,0
5.65,1022,0,0,0,0,0,0,0,0,0,0
5.7,1025,0,0,0,0,0,0,0,0,0,0
5.75,988,0,0,0,0,0,0,0,0,0,0
5.8,985,0,0,0,0,0,0,0,0,0,0
5.85,966,0,0,0,0,0,0,0,0,0,0
5.9,1023,0,0,0,0,0,0,0,0,0,0
5.95,979,0,0,0,0,0,0,0,0,0,0
6.0,1027,0,0,0,0,0,0,0,0,0,0
6.050000000000001,1016,0,0,0,0,0,0,0,0,0,0
6.1,931,0,0,0,0,0,0,0,0,0,0
6.15,1047,0,0,0,0,0,0,0,0,0,0
6.2,984,0,0,0,0,0,0,0,0,0,0
6.25,1006,0,0,0,0,0,0,0,0,0,0
6.300000000000001,983,0,0,0,0,0,0,0,0,0,0
6.35,981,0,0,0,0,0,0,0,0,0,0
6.4,1001,0,0,0,0,0,0,0,0,0,0
6.45,978,0,0,0,0,0,0,0,0,0,0
6.5,986,0,0,0,0,0,0,0,0,0,0
6.550000000000001,1042,0,0,0,0,0,0,0,0,0,0
6.6,1034,0,0,0,0,0,0,0,0,0,0
6.65,1028,0,0,0,0,0,0,0,0,0,0
6.7,1005,0,0,0,0,0,0,0,0,0,0
6.75,1042,0,0,0,0,0,0,0,0,0,0
6.800000000000001,984,0,0,0,0,0,0,0,0,0,0
6.85,1028,0,0,0,0,0,0,0,0,0,0
6.9,947,0,0,0,0,0,0,0,0,0,0
6.95,988,0,0,0,0,0,0,0,0,0,0
7.0,1013,0,0,0,0,0,0,0,0,0,0
7.050000000000001,970,0,0,0,0,0,0,0,0,0,0
7.1,981,0,0,0,0,0,0,0,0,0,0
7.15,992,0,0,0,0,0,0,0,0,0,0
7.2,951,0,0,0,0,0,0,0,0,0,0
7.25,989,0,0,0,0,0,0,0,0,0,0
7.300000000000001,1022,0,0,0,0,0,0,0,0,0,0
7.35,1064,0,0,0,0,0,0,0,0,0,0
7.4,1006,0,0,0,0,0,0,0,0,0,0
7.45,1024,0,0,0,0,0,0,0,0,0,0
7.5,1048,0,0,0,0,0,0,0,0,0,0
7.550000000000001,998,0,0,0,0,0,0,0,0,0,0
7.6,1036,0,0,0,0,0,0,0,0,0,0
7.65,1005,0,0,0,0,0,0,0,0,0,0
7.7,923,0,0,0,0,0,0,0,0,0,0
7.75,1001,0,0,0,0,0,0,0,0,0,0
7.800000000000001,978,0,0,0,0,0,0,0,0,0,0
7.85,1018,0,0,0,0,0,0,0,0,0,0
7.9,953,0,0,0,0,0,0,0,0,0,0
7.95,954,0,0,0,0,0,0,0,0,0,0
8.0,987,0,0,0,0,0,0,0,0,0,0
8.05,903,0,0,0,0,0,0,0,0,0,0
8.100000000000001,893,0,0,0,0,0,0,0,0,0,0
8.15,819,0,0,0,0,0,0,0,0,0,0
8.2,758,0,0,0,0,0,0,0,0,0,0
8.25,773,0,0,0,0,0,0,0,0,0,0
8.3,687,0,0,0,0,0,0,0,0,0,0
8.350000000000001,607,0,0,0,0,0,0,0,0,0,0
8.4,580,0,0,0,0,0,0,0,0,0,0
8.45,497,0,0,0,0,0,0,0,0,0,0
8.5,493,0,0,0,0,0,0,0,0,0,0
8.55,410,0,0,0,0,0,0,0,0,0,0
8.600000000000001,382,0,0,0,0,0,0,0,0,0,0
8.65,310,0,0,0,0,0,0,0,0,0,0
8.7,284,0,0,0,0,0,0,0,0,0,0
8.75,226,0,0,0,0,0,0,0,0,0,0
8.8,173,0,0,0,0,0,0,0,0,0,0
8.850000000000001,126,0,0,0,0,0,0,0,0,0,0
8.9,65,0,0,0,0,0,0,0,0,0,0
8.95,37,0,0,0,0,0,0,0,0,0,0
*****
4 , 0.05 , 1000 , 0 , 0.4 , 10 , 100 , 0.75 , 1.0 , 0.65 , 1.0 , .055
4.0,1000,1000,933,998,1000,0,1000,933,997,1000,0
4.05,1003,1002,884,1001,1003,0,1002,884,1000,1003,0
4.1,1052,1034,857,1046,1051,0,1034,857,1045,1051,0
4.15,986,932,727,986,981,0,932,727,985,981,0
4.2,973,856,599,969,949,0,856,599,967,949,0
4.25,982,677,445,972,885,0,677,445,972,885,0
4.3,979,565,369,967,814,0,565,369,966,814,0
4.35,971,367,258,929,644,0,367,258,929,644,0
4.4,963,255,167,913,497,0,255,167,913,497,0
4.45,974,136,80,850,320,0,136,80,850,320,0
4.5,993,88,81,778,224,0,88,81,778,224,0
4.55,965,39,38,651,114,0,39,38,651,114,0
4.6,952,19,16,549,61,0,19,16,549,61,0
4.65,978,13,15,412,34,0,13,15,412,34,0
4.7,959,5,5,299,14,0,5,5,299,14,0
4.75,965,2,6,216,9,0,2,6,216,9,0
4.8,1015,2,2,125,7,0,2,2,125,7,0
4.85,980,1,1,66,2,0,1,1,66,2,0
4.9,943,0,0,38,0,0,0,0,38,0,0
4.95,1004,0,0,21,0,0,0,0,21,0,0
5.0,973,0,0,5,0,0,0,0,5,0,0
5.05,1017,0,0,6,0,0,0,0,6,0,0
5.1,976,0,0,1,0,0,0,0,1,0,0
5.15,914,0,0,0,0,0,0,0,0,0,0
5.2,990,0,0,0,0,0,0,0,0,0,0
5.25,1040,0,0,0,0,0,0,0,0,0,0
5.3,951,0,0,0,0,0,0,0,0,0,0
5.35,1019,0,0,0,0,0,0,0,0,0,0
5.4,995,0,0,0,0,0,0,0,0,0,0
5.45,1008,0,0,0,0,0,0,0,0,0,0
5.5,959,0,0,0,0,0,0,0,0,0,0
5.55,957,0,0,0,0,0,0,0,0,0,0
5.6,996,0,0,0,0,0,0,0,0,0,0
5.65,987,0,0,0,0,0,0,0,0,0,0
5.7,1022,0,0,0,0,0,0,0,0,0,0
5.75,1000,0,0,0,0,0,0,0,0,0,0
5.8,949,0,0,0,0,0,0,0,0,0,0
5.85,1003,0,0,0,0,0,0,0,0,0,0
5.9,960,0,0,0,0,0,0,0,0,0,0
5.95,958,0,0,0,0,0,0,0,0,0,0
6.0,958,0,0,0,0,0,0,0,0,0,0
6.050000000000001,995,0,0,0,0,0,0,0,0,0,0
6.1,956,0,0,0,0,0,0,0,0,0,0
6.15,1003,0,0,0,0,0,0,0,0,0,0
6.2,948,0,0,0,0,0,0,0,0,0,0
6.25,1023,0,0,0,0,0,0,0,0,0,0
6.300000000000001,1010,0,0,0,0,0,0,0,0,0,0
6.35,991,0,0,0,0,0,0,0,0,0,0
6.4,988,0,0,0,0,0,0,0,0,0,0
6.45,1028,0,0,0,0,0,0,0,0,0,0
6.5,981,0,0,0,0,0,0,0,0,0,0
6.550000000000001,1005,0,0,0,0,0,0,0,0,0,0
6.6,1013,0,0,0,0,0,0,0,0,0,0
6.65,940,0,0,0,0,0,0,0,0,0,0
6.7,988,0,0,0,0,0,0,0,0,0,0
6.75,962,0,0,0,0,0,0,0,0,0,0
6.800000000000001,996,0,0,0,0,0,0,0,0,0,0
6.85,1009,0,0,0,0,0,0,0,0,0,0
6.9,983,0,0,0,0,0,0,0,0,0,0
6.95,1002,0,0,0,0,0,0,0,0,0,0
7.0,938,0,0,0,0,0,0,0,0,0,0
7.050000000000001,943,0,0,0,0,0,0,0,0,0,0
7.1,983,0,0,0,0,0,0,0,0,0,0
7.15,1074,0,0,0,0,0,0,0,0,0,0
7.2,995,0,0,0,0,0,0,0,0,0,0
7.25,956,0,0,0,0,0,0,0,0,0,0
7.300000000000001,1010,0,0,0,0,0,0,0,0,0,0
7.35,1009,0,0,0,0,0,0,0,0,0,0
7.4,983,0,0,0,0,0,0,0,0,0,0
7.45,997,0,0,0,0,0,0,0,0,0,0
7.5,956,0,0,0,0,0,0,0,0,0,0
7.550000000000001,997,0,0,0,0,0,0,0,0,0,0
7.6,953,0,0,0,0,0,0,0,0,0,0
7.65,980,0,0,0,0,0,0,0,0,0,0
7.7,1026,0,0,0,0,0,0,0,0,0,0
7.75,967,0,0,0,0,0,0,0,0,0,0
7.800000000000001,996,0,0,0,0,0,0,0,0,0,0
7.85,909,0,0,0,0,0,0,0,0,0,0
7.9,1000,0,0,0,0,0,0,0,0,0,0
7.95,1020,0,0,0,0,0,0,0,0,0,0
8.0,920,0,0,0,0,0,0,0,0,0,0
8.05,798,0,0,0,0,0,0,0,0,0,0
8.100000000000001,661,0,0,0,0,0,0,0,0,0,0
8.15,560,0,0,0,0,0,0,0,0,0,0
8.2,421,0,0,0,0,0,0,0,0,0,0
8.25,299,0,0,0,0,0,0,0,0,0,0
8.3,200,0,0,0,0,0,0,0,0,0,0
8.350000000000001,60,0,0,0,0,0,0,0,0,0,0
*****
4 , 0.05 , 1000 , 0.3 , 0.7 , 10 , 100 , 0.75 , 1.0 , 0.65 , 1.0 , .055
4.0,1000,771,866,808,861,0,714,750,697,725,0
4.05,1060,825,941,883,925,0,764,826,764,789,0
4.1,1073,814,939,903,923,0,770,833,778,811,0
4.15,985,705,840,821,838,0,677,741,713,728,0
4.2,1043,747,898,877,917,0,694,801,779,793,0
4.25,1099,681,872,919,914,0,660,796,806,825,0
4.3,1026,573,803,853,829,0,550,736,753,747,0
4.35,980,468,691,802,742,0,463,657,719,699,0
4.4,1077,436,684,864,745,0,427,653,775,697,0
4.45,1027,342,591,795,631,0,338,569,736,610,0
4.5,1001,304,505,740,553,0,298,487,679,530,0
4.55,1047,262,463,753,509,0,251,446,702,483,0
4.6,1045,172,347,653,385,0,171,337,619,368,0
4.65,999,131,262,537,287,0,130,258,501,277,0
4.7,1057,103,243,538,271,0,103,240,519,268,0
4.75,1006,74,164,453,185,0,74,164,431,184,0
4.8,988,61,134,349,148,0,58,132,336,144,0
4.85,1073,39,112,327,128,0,39,109,312,124,0
4.9,1029,28,65,238,76,0,28,63,228,73,0
4.95,1035,25,61,201,68,0,25,57,190,63,0
5.0,1052,19,39,125,46,0,19,39,122,46,0
5.05,1062,12,31,97,32,0,12,31,92,32,0
5.1,1003,11,21,71,25,0,11,21,70,25,0
5.15,1029,5,13,52,13,0,5,13,51,13,0
5.2,1031,5,9,34,9,0,5,9,34,9,0
5.25,1048,2,5,23,6,0,2,5,22,6,0
5.3,1018,2,5,15,5,0,2,5,15,5,0
5.35,1007,1,5,11,5,0,1,5,10,5,0
5.4,975,2,2,5,2,0,2,2,5,2,0
5.45,1047,0,2,2,2,0,0,2,2,2,0
5.5,997,0,0,3,0,0,0,0,3,0,0
5.55,1047,0,0,0,0,0,0,0,0,0,0
5.6,1096,1,1,1,1,0,1,1,1,1,0
5.65,1051,0,0,0,0,0,0,0,0,0,0
5.7,1064,0,0,0,0,0,0,0,0,0,0
5.75,996,0,0,0,0,0,0,0,0,0,0
5.8,1018,0,0,0,0,0,0,0,0,0,0
5.85,1006,0,0,0,0,0,0,0,0,0,0
5.9,984,0,0,0,0,0,0,0,0,0,0
5.95,1034,0,0,0,0,0,0,0,0,0,0
6.0,1045,0,0,0,0,0,0,0,0,0,0
6.050000000000001,1008,0,0,0,0,0,0,0,0,0,0
6.1,1084,0,0,0,0,0,0,0,0,0,0
6.15,1034,0,0,0,0,0,0,0,0,0,0
6.2,1065,0,0,0,0,0,0,0,0,0,0
6.25,978,0,0,0,0,0,0,0,0,0,0
6.300000000000001,1027,0,0,0,0,0,0,0,0,0,0
6.35,1021,0,0,0,0,0,0,0,0,0,0
6.4,1009,0,0,0,0,0,0,0,0,0,0
6.45,1022,0,0,0,0,0,0,0,0,0,0
6.5,1106,0,0,0,0,0,0,0,0,0,0
6.550000000000001,1064,0,0,0,0,0,0,0,0,0,0
6.6,1060,0,0,0,0,0,0,0,0,0,0
6.65,969,0,0,0,0,0,0,0,0,0,0
6.7,1052,0,0,0,0,0,0,0,0,0,0
6.75,1015,0,0,0,0,0,0,0,0,0,0
6.800000000000001,1040,0,0,0,0,0,0,0,0,0,0
6.85,1013,0,0,0,0,0,0,0,0,0,0
6.9,1053,0,0,0,0,0,0,0,0,0,0
6.95,1031,0,0,0,0,0,0,0,0,0,0
7.0,1029,0,0,0,0,0,0,0,0,0,0
7.050000000000001,1052,0,0,0,0,0,0,0,0,0,0
7.1,1083,0,0,0,0,0,0,0,0,0,0
7.15,963,0,0,0,0,0,0,0,0,0,0
7.2,1045,0,0,0,0,0,0,0,0,0,0
7.25,1032,0,0,0,0,0,0,0,0,0,0
7.300000000000001,1078,0,0,0,0,0,0,0,0,0,0
7.35,1056,0,0,0,0,0,0,0,0,0,0
7.4,1062,0,0,0,0,0,0,0,0,0,0
7.45,954,0,0,0,0,0,0,0,0,0,0
7.5,1003,0,0,0,0,0,0,0,0,0,0
7.550000000000001,1051,0,0,0,0,0,0,0,0,0,0
7.6,1073,0,0,0,0,0,0,0,0,0,0
7.65,1055,0,0,0,0,0,0,0,0,0,0
7.7,1022,0,0,0,0,0,0,0,0,0,0
7.75,1028,0,0,0,0,0,0,0,0,0,0
7.800000000000001,1040,0,0,0,0,0,0,0,0,0,0
7.85,1038,0,0,0,0,0,0,0,0,0,0
7.9,1023,0,0,0,0,0,0,0,0,0,0
7.95,1059,0,0,0,0,0,0,0,0,0,0
8.0,1081,0,0,0,0,0,0,0,0,0,0
8.05,1026,0,0,0,0,0,0,0,0,0,0
8.100000000000001,944,0,0,0,0,0,0,0,0,0,0
8.15,1041,0,0,0,0,0,0,0,0,0,0
8.2,1048,0,0,0,0,0,0,0,0,0,0
8.25,1048,0,0,0,0,0,0,0,0,0,0
8.3,977,0,0,0,0,0,0,0,0,0,0
8.350000000000001,843,0,0,0,0,0,0,0,0,0,0
8.4,696,0,0,0,0,0,0,0,0,0,0
8.45,602,0,0,0,0,0,0,0,0,0,0
8.5,440,0,0,0,0,0,0,0,0,0,0
8.55,329,0,0,0,0,0,0,0,0,0,0
8.600000000000001,206,0,0,0,0,0,0,0,0,0,0
8.65,61,0,0,0,0,0,0,0,0,0,0
*****
4 , 0.05 , 1000 , 0.6 , 1 , 10 , 100 , 0.75 , 1.0 , 0.65 , 1.0 , .055
4.0,1000,5,8,11,8,0,5,7,10,7,0
4.05,1048,2,3,9,3,0,2,3,9,3,0
4.1,958,1,2,14,2,0,1,2,15,2,0
4.15,933,1,8,35,8,0,1,10,35,10,0
4.2,849,3,12,35,12,0,4,13,42,13,0
4.25,800,15,18,46,18,0,18,21,51,21,0
4.3,782,30,33,70,33,0,30,40,90,40,0
4.35,712,16,21,77,21,0,19,33,100,33,0
4.4,690,11,25,127,25,0,11,34,144,34,0
4.45,734,5,18,135,18,0,5,26,156,26,0
4.5,739,0,9,112,9,0,0,15,129,15,0
4.55,799,2,3,117,3,0,2,8,142,8,0
4.6,841,0,2,65,2,0,0,5,76,5,0
4.65,946,0,0,46,0,0,0,1,51,1,0
4.7,963,0,0,23,0,0,0,0,24,0,0
4.75,949,0,2,9,2,0,0,3,10,3,0
4.8,976,0,0,0,0,0,0,0,0,0,0
4.85,958,0,3,6,3,0,0,3,6,3,0
4.9,958,0,0,2,0,0,0,1,3,1,0
4.95,886,0,1,2,1,0,0,2,2,2,0
5.0,887,0,1,1,1,0,0,1,2,1,0
5.05,794,0,1,4,1,0,0,1,4,1,0
5.1,833,0,0,2,0,0,0,0,2,0,0
5.15,744,0,0,1,0,0,0,0,1,0,0
5.2,727,0,0,0,0,0,0,1,1,1,0
5.25,782,0,0,0,0,0,0,0,0,0,0
5.3,808,0,0,0,0,0,0,0,0,0,0
5.35,784,0,0,0,0,0,0,0,0,0,0
5.4,897,0,0,0,0,0,0,0,0,0,0
5.45,902,0,0,0,0,0,0,0,0,0,0
5.5,919,0,0,0,0,0,0,0,0,0,0
5.55,919,0,0,0,0,0,0,0,0,0,0
5.6,938,0,0,0,0,0,0,0,0,0,0
5.65,975,0,0,0,0,0,0,0,0,0,0
5.7,912,0,0,0,0,0,0,0,0,0,0
5.75,898,0,0,0,0,0,0,0,0,0,0
5.8,827,0,0,0,0,0,0,0,0,0,0
5.85,829,0,0,0,0,0,0,0,0,0,0
5.9,824,0,0,0,0,0,0,0,0,0,0
5.95,816,0,0,0,0,0,0,0,0,0,0
6.0,775,0,0,0,0,0,0,0,0,0,0
6.050000000000001,803,0,0,0,0,0,0,0,0,0,0
6.1,769,0,0,0,0,0,0,0,0,0,0
6.15,889,0,0,0,0,0,0,0,0,0,0
6.2,845,0,0,0,0,0,0,0,0,0,0
6.25,878,0,0,0,0,0,0,0,0,0,0
6.300000000000001,922,0,0,0,0,0,0,0,0,0,0
6.35,882,0,0,0,0,0,0,0,0,0,0
6.4,917,0,0,0,0,0,0,0,0,0,0
6.45,890,0,0,0,0,0,0,0,0,0,0
6.5,916,0,0,0,0,0,0,0,0,0,0
6.550000000000001,866,0,0,0,0,0,0,0,0,0,0
6.6,844,0,0,0,0,0,0,0,0,0,0
6.65,867,0,0,0,0,0,0,0,0,0,0
6.7,811,0,0,0,0,0,0,0,0,0,0
6.75,823,0,0,0,0,0,0,0,0,0,0
6.800000000000001,844,0,0,0,0,0,0,0,0,0,0
6.85,788,0,0,0,0,0,0,0,0,0,0
6.9,829,0,0,0,0,0,0,0,0,0,0
6.95,796,0,0,0,0,0,0,0,0,0,0
7.0,847,0,0,0,0,0,0,0,0,0,0
7.050000000000001,915,0,0,0,0,0,0,0,0,0,0
7.1,941,0,0,0,0,0,0,0,0,0,0
7.15,913,0,0,0,0,0,0,0,0,0,0
7.2,835,0,0,0,0,0,0,0,0,0,0
7.25,922,0,0,0,0,0,0,0,0,0,0
7.300000000000001,871,0,0,0,0,0,0,0,0,0,0
7.35,862,0,0,0,0,0,0,0,0,0,0
7.4,864,0,0,0,0,0,0,0,0,0,0
7.45,831,0,0,0,0,0,0,0,0,0,0
7.5,841,0,0,0,0,0,0,0,0,0,0
7.550000000000001,881,0,0,0,0,0,0,0,0,0,0
7.6,779,0,0,0,0,0,0,0,0,0,0
7.65,841,0,0,0,0,0,0,0,0,0,0
7.7,873,0,0,0,0,0,0,0,0,0,0
7.75,822,0,0,0,0,0,0,0,0,0,0
7.800000000000001,801,0,0,0,0,0,0,0,0,0,0
7.85,863,0,0,0,0,0,0,0,0,0,0
7.9,888,0,0,0,0,0,0,0,0,0,0
7.95,883,0,0,0,0,0,0,0,0,0,0
8.0,968,0,0,0,0,0,0,0,0,0,0
8.05,875,0,0,0,0,0,0,0,0,0,0
8.100000000000001,861,0,0,0,0,0,0,0,0,0,0
8.15,908,0,0,0,0,0,0,0,0,0,0
8.2,807,0,0,0,0,0,0,0,0,0,0
8.25,850,0,0,0,0,0,0,0,0,0,0
8.3,881,0,0,0,0,0,0,0,0,0,0
8.350000000000001,822,0,0,0,0,0,0,0,0,0,0
8.4,812,0,0,0,0,0,0,0,0,0,0
8.45,869,0,0,0,0,0,0,0,0,0,0
8.5,846,0,0,0,0,0,0,0,0,0,0
8.55,800,0,0,0,0,0,0,0,0,0,0
8.600000000000001,831,0,0,0,0,0,0,0,0,0,0
8.65,684,0,0,0,0,0,0,0,0,0,0
8.7,606,0,0,0,0,0,0,0,0,0,0
8.75,449,0,0,0,0,0,0,0,0,0,0
8.8,405,0,0,0,0,0,0,0,0,0,0
8.850000000000001,269,0,0,0,0,0,0,0,0,0,0
8.9,155,0,0,0,0,0,0,0,0,0,0
8.95,55,0,0,0,0,0,0,0,0,0,0
