*****
4,0.05,1000,0,1,10,100,0.85,1.0,0.65,1.0,0.1
4,1000,824,898,624,844,0,0,0,0,0,0
4.05,950,713,803,575,790,0,0,0,0,0,0
4.1,912,573,771,586,772,0,0,0,0,0,0
4.1499999999999995,954,499,730,598,769,0,0,0,0,0,0
4.199999999999999,922,334,599,605,656,0,0,0,0,0,0
4.249999999999999,932,251,521,605,589,0,0,0,0,0,0
4.299999999999999,950,209,474,610,529,0,0,0,0,0,0
4.349999999999999,937,127,374,649,420,0,0,0,0,0,0
4.399999999999999,887,81,248,558,311,0,0,0,0,0,0
4.449999999999998,915,58,215,545,265,0,0,0,0,0,0
4.499999999999998,881,34,134,485,177,0,0,0,0,0,0
4.549999999999998,917,25,104,388,139,0,0,0,0,0,0
4.599999999999998,910,10,75,385,96,0,0,0,0,0,0
4.649999999999998,914,6,58,291,73,0,0,0,0,0,0
4.6999999999999975,919,3,31,227,44,0,0,0,0,0,0
4.749999999999997,897,3,36,174,41,0,0,0,0,0,0
4.799999999999997,863,5,21,122,25,0,0,0,0,0,0
4.849999999999997,981,1,13,85,17,0,0,0,0,0,0
4.899999999999997,905,1,5,53,6,0,0,0,0,0,0
4.949999999999997,949,0,6,47,6,0,0,0,0,0,0
4.9999999999999964,868,1,4,22,5,0,0,0,0,0,0
5.049999999999996,926,0,0,19,0,0,0,0,0,0,0
5.099999999999996,923,0,2,15,2,0,0,0,0,0,0
5.149999999999996,944,0,0,11,0,0,0,0,0,0,0
5.199999999999996,925,0,0,5,0,0,0,0,0,0,0
5.249999999999996,938,0,0,6,0,0,0,0,0,0,0
5.299999999999995,889,0,1,1,1,0,0,0,0,0,0
5.349999999999995,874,0,0,1,0,0,0,0,0,0,0
5.399999999999995,880,0,0,2,0,0,0,0,0,0,0
5.449999999999995,834,0,0,0,0,0,0,0,0,0,0
5.499999999999995,812,0,0,0,0,0,0,0,0,0,0
5.5499999999999945,730,0,0,0,0,0,0,0,0,0,0
5.599999999999994,691,0,0,0,0,0,0,0,0,0,0
5.649999999999994,651,0,0,0,0,0,0,0,0,0,0
5.699999999999994,592,0,0,0,0,0,0,0,0,0,0
5.749999999999994,556,0,0,0,0,0,0,0,0,0,0
5.799999999999994,547,0,0,0,0,0,0,0,0,0,0
5.849999999999993,415,0,0,0,0,0,0,0,0,0,0
5.899999999999993,398,0,0,0,0,0,0,0,0,0,0
5.949999999999993,395,0,0,0,0,0,0,0,0,0,0
5.999999999999993,337,0,0,0,0,0,0,0,0,0,0
6.049999999999993,299,0,0,0,0,0,0,0,0,0,0
6.0999999999999925,231,0,0,0,0,0,0,0,0,0,0
6.149999999999992,201,0,0,0,0,0,0,0,0,0,0
6.199999999999992,140,0,0,0,0,0,0,0,0,0,0
6.249999999999992,83,0,0,0,0,0,0,0,0,0,0
6.299999999999992,78,0,0,0,0,0,0,0,0,0,0
6.349999999999992,39,0,0,0,0,0,0,0,0,0,0
6.3999999999999915,11,0,0,0,0,0,0,0,0,0,0
6.449999999999991,0,0,0,0,0,0,0,0,0,0,0
6.499999999999991,0,0,0,0,0,0,0,0,0,0,0
6.549999999999991,0,0,0,0,0,0,0,0,0,0,0
6.599999999999991,0,0,0,0,0,0,0,0,0,0,0
6.649999999999991,0,0,0,0,0,0,0,0,0,0,0
6.69999999999999,0,0,0,0,0,0,0,0,0,0,0
6.74999999999999,0,0,0,0,0,0,0,0,0,0,0
6.79999999999999,0,0,0,0,0,0,0,0,0,0,0
6.84999999999999,0,0,0,0,0,0,0,0,0,0,0
6.89999999999999,0,0,0,0,0,0,0,0,0,0,0
6.9499999999999895,0,0,0,0,0,0,0,0,0,0,0
6.999999999999989,0,0,0,0,0,0,0,0,0,0,0
7.049999999999989,0,0,0,0,0,0,0,0,0,0,0
7.099999999999989,0,0,0,0,0,0,0,0,0,0,0
7.149999999999989,0,0,0,0,0,0,0,0,0,0,0
7.199999999999989,0,0,0,0,0,0,0,0,0,0,0
7.2499999999999885,0,0,0,0,0,0,0,0,0,0,0
7.299999999999988,0,0,0,0,0,0,0,0,0,0,0
7.349999999999988,0,0,0,0,0,0,0,0,0,0,0
7.399999999999988,0,0,0,0,0,0,0,0,0,0,0
7.449999999999988,0,0,0,0,0,0,0,0,0,0,0
7.499999999999988,0,0,0,0,0,0,0,0,0,0,0
7.549999999999987,0,0,0,0,0,0,0,0,0,0,0
7.599999999999987,0,0,0,0,0,0,0,0,0,0,0
7.649999999999987,0,0,0,0,0,0,0,0,0,0,0
7.699999999999987,0,0,0,0,0,0,0,0,0,0,0
7.749999999999987,0,0,0,0,0,0,0,0,0,0,0
7.7999999999999865,0,0,0,0,0,0,0,0,0,0,0
7.849999999999986,0,0,0,0,0,0,0,0,0,0,0
7.899999999999986,0,0,0,0,0,0,0,0,0,0,0
7.949999999999986,0,0,0,0,0,0,0,0,0,0,0
*****
4,0.05,1000,0,0.4,10,100,0.85,1.0,0.65,1.0,0.1
4,1000,997,687,986,1000,0,0,0,0,0,0
4.05,1044,1025,599,1035,1044,0,0,0,0,0,0
4.1,1050,925,516,1043,1049,0,0,0,0,0,0
4.1499999999999995,1049,761,378,1038,1041,0,0,0,0,0,0
4.199999999999999,1041,583,307,1032,1000,0,0,0,0,0,0
4.249999999999999,959,318,188,948,826,0,0,0,0,0,0
4.299999999999999,1008,215,135,997,720,0,0,0,0,0,0
4.349999999999999,983,130,84,955,548,0,0,0,0,0,0
4.399999999999999,984,69,52,919,383,0,0,0,0,0,0
4.449999999999998,1035,49,38,923,254,0,0,0,0,0,0
4.499999999999998,1060,19,16,838,156,0,0,0,0,0,0
4.549999999999998,985,14,13,674,90,0,0,0,0,0,0
4.599999999999998,974,8,10,508,40,0,0,0,0,0,0
4.649999999999998,996,1,2,377,29,0,0,0,0,0,0
4.6999999999999975,1034,1,2,272,19,0,0,0,0,0,0
4.749999999999997,1064,0,1,172,0,0,0,0,0,0,0
4.799999999999997,985,1,1,76,7,0,0,0,0,0,0
4.849999999999997,1031,0,0,45,1,0,0,0,0,0,0
4.899999999999997,1012,0,0,18,0,0,0,0,0,0,0
4.949999999999997,973,0,0,15,1,0,0,0,0,0,0
4.9999999999999964,909,0,0,3,0,0,0,0,0,0,0
5.049999999999996,891,0,0,2,0,0,0,0,0,0,0
5.099999999999996,794,0,0,1,0,0,0,0,0,0,0
5.149999999999996,720,0,0,0,0,0,0,0,0,0,0
5.199999999999996,519,0,0,0,0,0,0,0,0,0,0
5.249999999999996,456,0,0,0,0,0,0,0,0,0,0
5.299999999999995,333,0,0,0,0,0,0,0,0,0,0
5.349999999999995,230,0,0,0,0,0,0,0,0,0,0
5.399999999999995,132,0,0,0,0,0,0,0,0,0,0
5.449999999999995,51,0,0,0,0,0,0,0,0,0,0
5.499999999999995,4,0,0,0,0,0,0,0,0,0,0
5.5499999999999945,0,0,0,0,0,0,0,0,0,0,0
5.599999999999994,0,0,0,0,0,0,0,0,0,0,0
5.649999999999994,0,0,0,0,0,0,0,0,0,0,0
5.699999999999994,0,0,0,0,0,0,0,0,0,0,0
5.749999999999994,0,0,0,0,0,0,0,0,0,0,0
5.799999999999994,0,0,0,0,0,0,0,0,0,0,0
5.849999999999993,0,0,0,0,0,0,0,0,0,0,0
5.899999999999993,0,0,0,0,0,0,0,0,0,0,0
5.949999999999993,0,0,0,0,0,0,0,0,0,0,0
5.999999999999993,0,0,0,0,0,0,0,0,0,0,0
6.049999999999993,0,0,0,0,0,0,0,0,0,0,0
6.0999999999999925,0,0,0,0,0,0,0,0,0,0,0
6.149999999999992,0,0,0,0,0,0,0,0,0,0,0
6.199999999999992,0,0,0,0,0,0,0,0,0,0,0
6.249999999999992,0,0,0,0,0,0,0,0,0,0,0
6.299999999999992,0,0,0,0,0,0,0,0,0,0,0
6.349999999999992,0,0,0,0,0,0,0,0,0,0,0
6.3999999999999915,0,0,0,0,0,0,0,0,0,0,0
6.449999999999991,0,0,0,0,0,0,0,0,0,0,0
6.499999999999991,0,0,0,0,0,0,0,0,0,0,0
6.549999999999991,0,0,0,0,0,0,0,0,0,0,0
6.599999999999991,0,0,0,0,0,0,0,0,0,0,0
6.649999999999991,0,0,0,0,0,0,0,0,0,0,0
6.69999999999999,0,0,0,0,0,0,0,0,0,0,0
6.74999999999999,0,0,0,0,0,0,0,0,0,0,0
6.79999999999999,0,0,0,0,0,0,0,0,0,0,0
6.84999999999999,0,0,0,0,0,0,0,0,0,0,0
6.89999999999999,0,0,0,0,0,0,0,0,0,0,0
6.9499999999999895,0,0,0,0,0,0,0,0,0,0,0
6.999999999999989,0,0,0,0,0,0,0,0,0,0,0
7.049999999999989,0,0,0,0,0,0,0,0,0,0,0
7.099999999999989,0,0,0,0,0,0,0,0,0,0,0
7.149999999999989,0,0,0,0,0,0,0,0,0,0,0
7.199999999999989,0,0,0,0,0,0,0,0,0,0,0
7.2499999999999885,0,0,0,0,0,0,0,0,0,0,0
7.299999999999988,0,0,0,0,0,0,0,0,0,0,0
7.349999999999988,0,0,0,0,0,0,0,0,0,0,0
7.399999999999988,0,0,0,0,0,0,0,0,0,0,0
7.449999999999988,0,0,0,0,0,0,0,0,0,0,0
7.499999999999988,0,0,0,0,0,0,0,0,0,0,0
7.549999999999987,0,0,0,0,0,0,0,0,0,0,0
7.599999999999987,0,0,0,0,0,0,0,0,0,0,0
7.649999999999987,0,0,0,0,0,0,0,0,0,0,0
7.699999999999987,0,0,0,0,0,0,0,0,0,0,0
7.749999999999987,0,0,0,0,0,0,0,0,0,0,0
7.7999999999999865,0,0,0,0,0,0,0,0,0,0,0
7.849999999999986,0,0,0,0,0,0,0,0,0,0,0
7.899999999999986,0,0,0,0,0,0,0,0,0,0,0
7.949999999999986,0,0,0,0,0,0,0,0,0,0,0
*****
4,0.05,1000,0.3,0.7,10,100,0.85,1.0,0.65,1.0,0.1
4,1000,757,897,831,882,0,0,0,0,0,0
4.05,1035,771,920,854,913,0,0,0,0,0,0
4.1,1033,768,915,865,913,0,0,0,0,0,0
4.1499999999999995,992,702,872,835,867,0,0,0,0,0,0
4.199999999999999,1053,735,918,894,938,0,0,0,0,0,0
4.249999999999999,1000,634,854,858,867,0,0,0,0,0,0
4.299999999999999,982,536,801,848,827,0,0,0,0,0,0
4.349999999999999,1002,443,750,862,820,0,0,0,0,0,0
4.399999999999999,1036,413,724,891,788,0,0,0,0,0,0
4.449999999999998,1040,352,664,878,741,0,0,0,0,0,0
4.499999999999998,1033,285,573,856,644,0,0,0,0,0,0
4.549999999999998,1022,192,477,805,560,0,0,0,0,0,0
4.599999999999998,1008,155,398,730,452,0,0,0,0,0,0
4.649999999999998,1026,142,332,699,383,0,0,0,0,0,0
4.6999999999999975,1011,75,232,624,284,0,0,0,0,0,0
4.749999999999997,1030,69,174,534,213,0,0,0,0,0,0
4.799999999999997,1010,47,162,474,195,0,0,0,0,0,0
4.849999999999997,986,44,107,355,130,0,0,0,0,0,0
4.899999999999997,961,32,82,283,96,0,0,0,0,0,0
4.949999999999997,1119,27,74,224,86,0,0,0,0,0,0
4.9999999999999964,1009,9,37,175,43,0,0,0,0,0,0
5.049999999999996,1031,6,23,128,33,0,0,0,0,0,0
5.099999999999996,998,5,21,87,25,0,0,0,0,0,0
5.149999999999996,1095,5,11,43,12,0,0,0,0,0,0
5.199999999999996,954,1,3,26,3,0,0,0,0,0,0
5.249999999999996,1021,2,11,29,11,0,0,0,0,0,0
5.299999999999995,1057,3,6,17,6,0,0,0,0,0,0
5.349999999999995,1022,0,1,8,1,0,0,0,0,0,0
5.399999999999995,1070,0,0,6,0,0,0,0,0,0,0
5.449999999999995,958,0,0,1,0,0,0,0,0,0,0
5.499999999999995,1050,0,0,1,0,0,0,0,0,0,0
5.5499999999999945,1054,1,1,2,1,0,0,0,0,0,0
5.599999999999994,955,0,0,0,0,0,0,0,0,0,0
5.649999999999994,1053,0,0,1,0,0,0,0,0,0,0
5.699999999999994,991,0,0,1,0,0,0,0,0,0,0
5.749999999999994,925,0,0,0,0,0,0,0,0,0,0
5.799999999999994,880,0,0,0,0,0,0,0,0,0,0
5.849999999999993,840,0,0,0,0,0,0,0,0,0,0
5.899999999999993,743,0,0,0,0,0,0,0,0,0,0
5.949999999999993,615,0,0,0,0,0,0,0,0,0,0
5.999999999999993,559,0,0,0,0,0,0,0,0,0,0
6.049999999999993,512,0,0,0,0,0,0,0,0,0,0
6.0999999999999925,349,0,0,0,0,0,0,0,0,0,0
6.149999999999992,234,0,0,0,0,0,0,0,0,0,0
6.199999999999992,216,0,0,0,0,0,0,0,0,0,0
6.249999999999992,168,0,0,0,0,0,0,0,0,0,0
6.299999999999992,106,0,0,0,0,0,0,0,0,0,0
6.349999999999992,71,0,0,0,0,0,0,0,0,0,0
6.3999999999999915,29,0,0,0,0,0,0,0,0,0,0
6.449999999999991,0,0,0,0,0,0,0,0,0,0,0
6.499999999999991,0,0,0,0,0,0,0,0,0,0,0
6.549999999999991,0,0,0,0,0,0,0,0,0,0,0
6.599999999999991,0,0,0,0,0,0,0,0,0,0,0
6.649999999999991,0,0,0,0,0,0,0,0,0,0,0
6.69999999999999,0,0,0,0,0,0,0,0,0,0,0
6.74999999999999,0,0,0,0,0,0,0,0,0,0,0
6.79999999999999,0,0,0,0,0,0,0,0,0,0,0
6.84999999999999,0,0,0,0,0,0,0,0,0,0,0
6.89999999999999,0,0,0,0,0,0,0,0,0,0,0
6.9499999999999895,0,0,0,0,0,0,0,0,0,0,0
6.999999999999989,0,0,0,0,0,0,0,0,0,0,0
7.049999999999989,0,0,0,0,0,0,0,0,0,0,0
7.099999999999989,0,0,0,0,0,0,0,0,0,0,0
7.149999999999989,0,0,0,0,0,0,0,0,0,0,0
7.199999999999989,0,0,0,0,0,0,0,0,0,0,0
7.2499999999999885,0,0,0,0,0,0,0,0,0,0,0
7.299999999999988,0,0,0,0,0,0,0,0,0,0,0
7.349999999999988,0,0,0,0,0,0,0,0,0,0,0
7.399999999999988,0,0,0,0,0,0,0,0,0,0,0
7.449999999999988,0,0,0,0,0,0,0,0,0,0,0
7.499999999999988,0,0,0,0,0,0,0,0,0,0,0
7.549999999999987,0,0,0,0,0,0,0,0,0,0,0
7.599999999999987,0,0,0,0,0,0,0,0,0,0,0
7.649999999999987,0,0,0,0,0,0,0,0,0,0,0
7.699999999999987,0,0,0,0,0,0,0,0,0,0,0
7.749999999999987,0,0,0,0,0,0,0,0,0,0,0
7.7999999999999865,0,0,0,0,0,0,0,0,0,0,0
7.849999999999986,0,0,0,0,0,0,0,0,0,0,0
7.899999999999986,0,0,0,0,0,0,0,0,0,0,0
7.949999999999986,0,0,0,0,0,0,0,0,0,0,0
*****
4,0.05,1000,0.6,1,10,100,0.85,1.0,0.65,1.0,0.1
4,1000,2,2,8,2,0,0,0,0,0,0
4.05,994,4,7,9,7,0,0,0,0,0,0
4.1,901,4,8,17,8,0,0,0,0,0,0
4.1499999999999995,895,1,11,32,11,0,0,0,0,0,0
4.199999999999999,829,4,17,44,17,0,0,0,0,0,0
4.249999999999999,702,18,19,47,19,0,0,0,0,0,0
4.299999999999999,772,33,35,82,35,0,0,0,0,0,0
4.349999999999999,677,26,31,114,31,0,0,0,0,0,0
4.399999999999999,679,20,30,134,30,0,0,0,0,0,0
4.449999999999998,677,11,26,187,26,0,0,0,0,0,0
4.499999999999998,720,4,9,211,9,0,0,0,0,0,0
4.549999999999998,759,1,7,201,7,0,0,0,0,0,0
4.599999999999998,832,1,5,212,5,0,0,0,0,0,0
4.649999999999998,827,0,2,150,2,0,0,0,0,0,0
4.6999999999999975,818,0,0,102,0,0,0,0,0,0,0
4.749999999999997,913,1,2,75,2,0,0,0,0,0,0
4.799999999999997,845,0,1,41,1,0,0,0,0,0,0
4.849999999999997,853,2,4,25,4,0,0,0,0,0,0
4.899999999999997,856,0,1,11,1,0,0,0,0,0,0
4.949999999999997,833,0,5,9,5,0,0,0,0,0,0
4.9999999999999964,787,0,1,8,1,0,0,0,0,0,0
5.049999999999996,830,0,1,11,1,0,0,0,0,0,0
5.099999999999996,701,0,0,8,0,0,0,0,0,0,0
5.149999999999996,698,0,2,5,2,0,0,0,0,0,0
5.199999999999996,735,0,0,3,0,0,0,0,0,0,0
5.249999999999996,765,0,0,0,0,0,0,0,0,0,0
5.299999999999995,737,0,0,2,0,0,0,0,0,0,0
5.349999999999995,765,0,1,3,1,0,0,0,0,0,0
5.399999999999995,794,0,0,0,0,0,0,0,0,0,0
5.449999999999995,851,0,0,0,0,0,0,0,0,0,0
5.499999999999995,791,0,0,1,0,0,0,0,0,0,0
5.5499999999999945,809,0,0,0,0,0,0,0,0,0,0
5.599999999999994,811,0,0,0,0,0,0,0,0,0,0
5.649999999999994,810,0,0,0,0,0,0,0,0,0,0
5.699999999999994,770,0,0,0,0,0,0,0,0,0,0
5.749999999999994,807,0,0,0,0,0,0,0,0,0,0
5.799999999999994,782,0,0,0,0,0,0,0,0,0,0
5.849999999999993,671,0,0,0,0,0,0,0,0,0,0
5.899999999999993,609,0,0,0,0,0,0,0,0,0,0
5.949999999999993,546,0,0,0,0,0,0,0,0,0,0
5.999999999999993,554,0,0,0,0,0,0,0,0,0,0
6.049999999999993,379,0,0,0,0,0,0,0,0,0,0
6.0999999999999925,409,0,0,0,0,0,0,0,0,0,0
6.149999999999992,374,0,0,0,0,0,0,0,0,0,0
6.199999999999992,242,0,0,0,0,0,0,0,0,0,0
6.249999999999992,238,0,0,0,0,0,0,0,0,0,0
6.299999999999992,198,0,0,0,0,0,0,0,0,0,0
6.349999999999992,122,0,0,0,0,0,0,0,0,0,0
6.3999999999999915,108,0,0,0,0,0,0,0,0,0,0
6.449999999999991,97,0,0,0,0,0,0,0,0,0,0
6.499999999999991,41,0,0,0,0,0,0,0,0,0,0
6.549999999999991,0,0,0,0,0,0,0,0,0,0,0
6.599999999999991,0,0,0,0,0,0,0,0,0,0,0
6.649999999999991,0,0,0,0,0,0,0,0,0,0,0
6.69999999999999,0,0,0,0,0,0,0,0,0,0,0
6.74999999999999,0,0,0,0,0,0,0,0,0,0,0
6.79999999999999,0,0,0,0,0,0,0,0,0,0,0
6.84999999999999,0,0,0,0,0,0,0,0,0,0,0
6.89999999999999,0,0,0,0,0,0,0,0,0,0,0
6.9499999999999895,0,0,0,0,0,0,0,0,0,0,0
6.999999999999989,0,0,0,0,0,0,0,0,0,0,0
7.049999999999989,0,0,0,0,0,0,0,0,0,0,0
7.099999999999989,0,0,0,0,0,0,0,0,0,0,0
7.149999999999989,0,0,0,0,0,0,0,0,0,0,0
7.199999999999989,0,0,0,0,0,0,0,0,0,0,0
7.2499999999999885,0,0,0,0,0,0,0,0,0,0,0
7.299999999999988,0,0,0,0,0,0,0,0,0,0,0
7.349999999999988,0,0,0,0,0,0,0,0,0,0,0
7.399999999999988,0,0,0,0,0,0,0,0,0,0,0
7.449999999999988,0,0,0,0,0,0,0,0,0,0,0
7.499999999999988,0,0,0,0,0,0,0,0,0,0,0
7.549999999999987,0,0,0,0,0,0,0,0,0,0,0
7.599999999999987,0,0,0,0,0,0,0,0,0,0,0
7.649999999999987,0,0,0,0,0,0,0,0,0,0,0
7.699999999999987,0,0,0,0,0,0,0,0,0,0,0
7.749999999999987,0,0,0,0,0,0,0,0,0,0,0
7.7999999999999865,0,0,0,0,0,0,0,0,0,0,0
7.849999999999986,0,0,0,0,0,0,0,0,0,0,0
7.899999999999986,0,0,0,0,0,0,0,0,0,0,0
7.949999999999986,0,0,0,0,0,0,0,0,0,0,0
