*****
8 , 0.05 , 1000 , 0 , 1 , 10 , 100 , 0.85 , 1.0 , 0.65 , 1.0 , .055
8.0,1000,981,996,758,993,0,976,988,660,984,0
8.05,1046,1020,1033,826,1036,0,1017,1027,730,1027,0
8.1,1059,1023,1050,810,1052,0,1015,1041,708,1038,0
8.15,1005,931,986,768,987,0,932,979,675,980,0
8.2,980,846,952,778,955,0,838,943,682,947,0
8.25,1042,842,983,799,997,0,841,977,708,991,0
8.3,1069,736,957,820,972,0,735,949,764,965,0
8.35,992,608,828,773,847,0,605,824,735,845,0
8.4,1001,458,751,781,778,0,458,744,748,770,0
8.45,1087,380,703,853,748,0,380,701,815,744,0
8.5,1085,300,610,857,650,0,300,609,835,649,0
8.55,1035,221,511,774,540,0,221,510,770,538,0
8.6,1093,167,431,733,464,0,167,432,729,465,0
8.65,1061,106,310,676,332,0,106,310,664,332,0
8.7,1025,76,247,597,268,0,76,246,589,267,0
8.75,980,45,215,509,231,0,45,215,501,231,0
8.8,1013,44,162,490,176,0,44,162,468,176,0
8.85,1010,29,124,428,135,0,29,124,410,135,0
8.9,1013,20,92,376,104,0,20,92,363,104,0
8.95,1039,12,57,299,64,0,12,57,286,64,0
9.0,1066,5,46,268,52,0,5,46,259,52,0
9.05,1035,7,27,227,28,0,7,27,219,28,0
9.1,1053,5,29,211,31,0,5,29,207,31,0
9.15,1023,4,16,161,19,0,4,16,160,19,0
9.2,997,2,9,117,9,0,2,8,114,8,0
9.25,1025,2,10,99,10,0,2,10,99,10,0
9.3,1013,1,6,80,7,0,1,6,79,7,0
9.35,1086,0,3,63,4,0,0,3,63,4,0
9.4,1038,0,5,45,5,0,0,5,48,5,0
9.45,1057,0,2,44,2,0,0,2,44,2,0
9.5,999,0,0,43,0,0,0,0,43,0,0
9.55,1090,0,0,27,0,0,0,0,27,0,0
9.6,1045,0,1,19,1,0,0,1,19,1,0
9.65,1083,0,1,9,1,0,0,1,9,1,0
9.7,1035,0,1,9,1,0,0,1,9,1,0
9.75,1024,0,0,5,0,0,0,0,5,0,0
9.8,1078,0,0,7,0,0,0,0,7,0,0
9.85,1082,0,0,3,0,0,0,0,3,0,0
9.9,1086,0,0,0,0,0,0,0,0,0,0
9.95,1026,0,1,4,1,0,0,1,4,1,0
10.0,1014,0,1,4,1,0,0,1,4,1,0
10.05,1031,0,0,0,0,0,0,0,0,0,0
10.1,1028,0,1,0,1,0,0,1,0,1,0
10.15,1010,0,0,0,0,0,0,0,0,0,0
10.2,1033,0,0,0,0,0,0,0,0,0,0
10.25,1063,0,0,0,0,0,0,0,0,0,0
10.3,1051,0,0,0,0,0,0,0,0,0,0
10.35,1075,0,0,0,0,0,0,0,0,0,0
10.4,1060,0,0,0,0,0,0,0,0,0,0
10.45,1073,0,0,0,0,0,0,0,0,0,0
10.5,1022,0,0,0,0,0,0,0,0,0,0
10.55,1003,0,0,0,0,0,0,0,0,0,0
10.6,1026,0,0,0,0,0,0,0,0,0,0
10.65,1085,0,0,0,0,0,0,0,0,0,0
10.7,974,0,0,0,0,0,0,0,0,0,0
10.75,1021,0,0,0,0,0,0,0,0,0,0
10.8,1076,0,0,0,0,0,0,0,0,0,0
10.85,1051,0,0,0,0,0,0,0,0,0,0
10.9,1069,0,0,0,0,0,0,0,0,0,0
10.95,1027,0,0,0,0,0,0,0,0,0,0
11.0,1066,0,0,0,0,0,0,0,0,0,0
11.05,996,0,0,0,0,0,0,0,0,0,0
11.1,1033,0,0,0,0,0,0,0,0,0,0
11.15,1034,0,0,0,0,0,0,0,0,0,0
11.2,1061,0,0,0,0,0,0,0,0,0,0
11.25,1066,0,0,0,0,0,0,0,0,0,0
11.3,1027,0,0,0,0,0,0,0,0,0,0
11.35,1047,0,0,0,0,0,0,0,0,0,0
11.4,1072,0,0,0,0,0,0,0,0,0,0
11.45,1042,0,0,0,0,0,0,0,0,0,0
11.5,995,0,0,0,0,0,0,0,0,0,0
11.55,1064,0,0,0,0,0,0,0,0,0,0
11.6,995,0,0,0,0,0,0,0,0,0,0
11.65,1092,0,0,0,0,0,0,0,0,0,0
11.7,1003,0,0,0,0,0,0,0,0,0,0
11.75,1039,0,0,0,0,0,0,0,0,0,0
11.8,1051,0,0,0,0,0,0,0,0,0,0
11.85,995,0,0,0,0,0,0,0,0,0,0
11.9,1098,0,0,0,0,0,0,0,0,0,0
11.95,1013,0,0,0,0,0,0,0,0,0,0
12.0,1011,0,0,0,0,0,0,0,0,0,0
12.05,1029,0,0,0,0,0,0,0,0,0,0
12.100000000000001,1047,0,0,0,0,0,0,0,0,0,0
12.15,1045,0,0,0,0,0,0,0,0,0,0
12.2,1056,0,0,0,0,0,0,0,0,0,0
12.25,1056,0,0,0,0,0,0,0,0,0,0
12.3,1040,0,0,0,0,0,0,0,0,0,0
12.350000000000001,1080,0,0,0,0,0,0,0,0,0,0
12.4,1038,0,0,0,0,0,0,0,0,0,0
12.45,983,0,0,0,0,0,0,0,0,0,0
12.5,1061,0,0,0,0,0,0,0,0,0,0
12.55,1024,0,0,0,0,0,0,0,0,0,0
12.600000000000001,1019,0,0,0,0,0,0,0,0,0,0
12.65,1109,0,0,0,0,0,0,0,0,0,0
12.7,1046,0,0,0,0,0,0,0,0,0,0
12.75,1053,0,0,0,0,0,0,0,0,0,0
12.8,1015,0,0,0,0,0,0,0,0,0,0
12.850000000000001,998,0,0,0,0,0,0,0,0,0,0
12.9,1039,0,0,0,0,0,0,0,0,0,0
12.95,1024,0,0,0,0,0,0,0,0,0,0
13.0,1022,0,0,0,0,0,0,0,0,0,0
13.05,1023,0,0,0,0,0,0,0,0,0,0
13.100000000000001,1037,0,0,0,0,0,0,0,0,0,0
13.15,1094,0,0,0,0,0,0,0,0,0,0
13.2,1044,0,0,0,0,0,0,0,0,0,0
13.25,1010,0,0,0,0,0,0,0,0,0,0
13.3,1054,0,0,0,0,0,0,0,0,0,0
13.350000000000001,996,0,0,0,0,0,0,0,0,0,0
13.4,1052,0,0,0,0,0,0,0,0,0,0
13.45,1051,0,0,0,0,0,0,0,0,0,0
13.5,991,0,0,0,0,0,0,0,0,0,0
13.55,1055,0,0,0,0,0,0,0,0,0,0
13.600000000000001,1049,0,0,0,0,0,0,0,0,0,0
13.65,1055,0,0,0,0,0,0,0,0,0,0
13.7,1028,0,0,0,0,0,0,0,0,0,0
13.75,1057,0,0,0,0,0,0,0,0,0,0
13.8,1051,0,0,0,0,0,0,0,0,0,0
13.850000000000001,1019,0,0,0,0,0,0,0,0,0,0
13.9,1010,0,0,0,0,0,0,0,0,0,0
13.95,1081,0,0,0,0,0,0,0,0,0,0
14.0,1044,0,0,0,0,0,0,0,0,0,0
14.05,1031,0,0,0,0,0,0,0,0,0,0
14.100000000000001,1024,0,0,0,0,0,0,0,0,0,0
14.15,1063,0,0,0,0,0,0,0,0,0,0
14.2,1037,0,0,0,0,0,0,0,0,0,0
14.25,982,0,0,0,0,0,0,0,0,0,0
14.3,1012,0,0,0,0,0,0,0,0,0,0
14.350000000000001,1025,0,0,0,0,0,0,0,0,0,0
14.4,1006,0,0,0,0,0,0,0,0,0,0
14.45,1110,0,0,0,0,0,0,0,0,0,0
14.5,1101,0,0,0,0,0,0,0,0,0,0
14.55,1031,0,0,0,0,0,0,0,0,0,0
14.600000000000001,1034,0,0,0,0,0,0,0,0,0,0
14.65,1014,0,0,0,0,0,0,0,0,0,0
14.7,1028,0,0,0,0,0,0,0,0,0,0
14.75,1055,0,0,0,0,0,0,0,0,0,0
14.8,1032,0,0,0,0,0,0,0,0,0,0
14.850000000000001,1009,0,0,0,0,0,0,0,0,0,0
14.9,1069,0,0,0,0,0,0,0,0,0,0
14.95,1010,0,0,0,0,0,0,0,0,0,0
15.0,1053,0,0,0,0,0,0,0,0,0,0
15.05,1036,0,0,0,0,0,0,0,0,0,0
15.100000000000001,1007,0,0,0,0,0,0,0,0,0,0
15.15,960,0,0,0,0,0,0,0,0,0,0
15.2,1043,0,0,0,0,0,0,0,0,0,0
15.25,1081,0,0,0,0,0,0,0,0,0,0
15.3,1073,0,0,0,0,0,0,0,0,0,0
15.350000000000001,1081,0,0,0,0,0,0,0,0,0,0
15.4,1007,0,0,0,0,0,0,0,0,0,0
15.45,1020,0,0,0,0,0,0,0,0,0,0
15.5,983,0,0,0,0,0,0,0,0,0,0
15.55,1066,0,0,0,0,0,0,0,0,0,0
15.600000000000001,1012,0,0,0,0,0,0,0,0,0,0
15.65,1106,0,0,0,0,0,0,0,0,0,0
15.7,1051,0,0,0,0,0,0,0,0,0,0
15.75,1023,0,0,0,0,0,0,0,0,0,0
15.8,1020,0,0,0,0,0,0,0,0,0,0
15.850000000000001,1065,0,0,0,0,0,0,0,0,0,0
15.9,1068,0,0,0,0,0,0,0,0,0,0
15.95,1052,0,0,0,0,0,0,0,0,0,0
16.0,991,0,0,0,0,0,0,0,0,0,0
16.05,918,0,0,0,0,0,0,0,0,0,0
16.1,958,0,0,0,0,0,0,0,0,0,0
16.15,840,0,0,0,0,0,0,0,0,0,0
16.200000000000003,822,0,0,0,0,0,0,0,0,0,0
16.25,726,0,0,0,0,0,0,0,0,0,0
16.3,681,0,0,0,0,0,0,0,0,0,0
16.35,649,0,0,0,0,0,0,0,0,0,0
16.4,575,0,0,0,0,0,0,0,0,0,0
16.450000000000003,541,0,0,0,0,0,0,0,0,0,0
16.5,499,0,0,0,0,0,0,0,0,0,0
16.55,464,0,0,0,0,0,0,0,0,0,0
16.6,399,0,0,0,0,0,0,0,0,0,0
16.65,349,0,0,0,0,0,0,0,0,0,0
16.700000000000003,295,0,0,0,0,0,0,0,0,0,0
16.75,244,0,0,0,0,0,0,0,0,0,0
16.8,172,0,0,0,0,0,0,0,0,0,0
16.85,146,0,0,0,0,0,0,0,0,0,0
16.9,78,0,0,0,0,0,0,0,0,0,0
16.950000000000003,25,0,0,0,0,0,0,0,0,0,0
*****
8 , 0.05 , 1000 , 0 , 0.4 , 10 , 100 , 0.85 , 1.0 , 0.65 , 1.0 , .055
8.0,1000,1000,1000,1000,1000,0,1000,1000,1000,1000,0
8.05,1004,1004,1004,1004,1004,0,1004,1004,1004,1004,0
8.1,1036,1036,1035,1036,1036,0,1036,1035,1036,1036,0
8.15,1025,1025,1023,1025,1025,0,1025,1023,1025,1025,0
8.2,1053,1053,1048,1053,1053,0,1053,1048,1053,1053,0
8.25,993,993,987,993,993,0,993,987,993,993,0
8.3,1031,1031,1014,1031,1031,0,1031,1014,1031,1031,0
8.35,1049,1047,1017,1049,1049,0,1047,1017,1049,1049,0
8.4,997,986,941,997,995,0,986,941,997,995,0
8.45,964,942,870,964,961,0,942,870,964,961,0
8.5,1044,998,917,1044,1038,0,998,917,1044,1038,0
8.55,1022,897,784,1022,991,0,897,784,1022,991,0
8.6,1016,815,695,1016,941,0,815,695,1016,941,0
8.65,979,693,557,979,853,0,693,557,979,853,0
8.7,1024,591,487,1024,784,0,591,487,1024,784,0
8.75,978,457,369,977,650,0,457,369,977,650,0
8.8,997,346,271,993,498,0,346,271,993,498,0
8.85,1036,241,183,1032,390,0,241,183,1032,390,0
8.9,1081,179,147,1072,326,0,179,147,1072,326,0
8.95,1015,128,117,999,219,0,128,117,999,219,0
9.0,1030,83,80,989,171,0,83,80,989,171,0
9.05,995,53,46,938,93,0,53,46,938,93,0
9.1,1058,27,24,948,57,0,27,24,948,57,0
9.15,1002,19,19,851,36,0,19,19,851,36,0
9.2,1039,10,9,807,19,0,10,9,807,19,0
9.25,976,4,3,681,7,0,4,3,681,7,0
9.3,1010,7,8,627,12,0,7,8,627,12,0
9.35,1043,1,0,549,3,0,1,0,549,3,0
9.4,1075,1,0,435,2,0,1,0,435,2,0
9.45,992,0,0,363,1,0,0,0,363,1,0
9.5,1049,0,0,304,0,0,0,0,304,0,0
9.55,1007,0,0,212,1,0,0,0,212,1,0
9.6,998,1,1,152,1,0,1,1,152,1,0
9.65,1043,0,0,119,0,0,0,0,119,0,0
9.7,1028,0,0,74,0,0,0,0,74,0,0
9.75,1005,0,0,44,0,0,0,0,44,0,0
9.8,1069,0,0,31,0,0,0,0,31,0,0
9.85,1023,0,0,20,0,0,0,0,20,0,0
9.9,1024,0,0,13,0,0,0,0,13,0,0
9.95,1057,0,0,7,0,0,0,0,7,0,0
10.0,990,0,0,3,0,0,0,0,3,0,0
10.05,992,0,0,0,0,0,0,0,0,0,0
10.1,988,0,0,1,0,0,0,0,1,0,0
10.15,1017,0,0,0,0,0,0,0,0,0,0
10.2,1028,0,0,0,0,0,0,0,0,0,0
10.25,1042,0,0,0,0,0,0,0,0,0,0
10.3,1005,0,0,0,0,0,0,0,0,0,0
10.35,1036,0,0,0,0,0,0,0,0,0,0
10.4,961,0,0,0,0,0,0,0,0,0,0
10.45,1009,0,0,0,0,0,0,0,0,0,0
10.5,1054,0,0,0,0,0,0,0,0,0,0
10.55,989,0,0,0,0,0,0,0,0,0,0
10.6,998,0,0,0,0,0,0,0,0,0,0
10.65,1058,0,0,0,0,0,0,0,0,0,0
10.7,996,0,0,0,0,0,0,0,0,0,0
10.75,992,0,0,0,0,0,0,0,0,0,0
10.8,998,0,0,0,0,0,0,0,0,0,0
10.85,1037,0,0,0,0,0,0,0,0,0,0
10.9,1032,0,0,0,0,0,0,0,0,0,0
10.95,979,0,0,0,0,0,0,0,0,0,0
11.0,1034,0,0,0,0,0,0,0,0,0,0
11.05,1042,0,0,0,0,0,0,0,0,0,0
11.1,1025,0,0,0,0,0,0,0,0,0,0
11.15,1011,0,0,0,0,0,0,0,0,0,0
11.2,1043,0,0,0,0,0,0,0,0,0,0
11.25,1045,0,0,0,0,0,0,0,0,0,0
11.3,1005,0,0,0,0,0,0,0,0,0,0
11.35,1000,0,0,0,0,0,0,0,0,0,0
11.4,1063,0,0,0,0,0,0,0,0,0,0
11.45,996,0,0,0,0,0,0,0,0,0,0
11.5,995,0,0,0,0,0,0,0,0,0,0
11.55,968,0,0,0,0,0,0,0,0,0,0
11.6,1007,0,0,0,0,0,0,0,0,0,0
11.65,1027,0,0,0,0,0,0,0,0,0,0
11.7,1016,0,0,0,0,0,0,0,0,0,0
11.75,959,0,0,0,0,0,0,0,0,0,0
11.8,1047,0,0,0,0,0,0,0,0,0,0
11.85,1021,0,0,0,0,0,0,0,0,0,0
11.9,1015,0,0,0,0,0,0,0,0,0,0
11.95,1053,0,0,0,0,0,0,0,0,0,0
12.0,971,0,0,0,0,0,0,0,0,0,0
12.05,1050,0,0,0,0,0,0,0,0,0,0
12.100000000000001,1063,0,0,0,0,0,0,0,0,0,0
12.15,976,0,0,0,0,0,0,0,0,0,0
12.2,973,0,0,0,0,0,0,0,0,0,0
12.25,978,0,0,0,0,0,0,0,0,0,0
12.3,1057,0,0,0,0,0,0,0,0,0,0
12.350000000000001,1029,0,0,0,0,0,0,0,0,0,0
12.4,1013,0,0,0,0,0,0,0,0,0,0
12.45,1037,0,0,0,0,0,0,0,0,0,0
12.5,974,0,0,0,0,0,0,0,0,0,0
12.55,1031,0,0,0,0,0,0,0,0,0,0
12.600000000000001,1044,0,0,0,0,0,0,0,0,0,0
12.65,998,0,0,0,0,0,0,0,0,0,0
12.7,1037,0,0,0,0,0,0,0,0,0,0
12.75,997,0,0,0,0,0,0,0,0,0,0
12.8,984,0,0,0,0,0,0,0,0,0,0
12.850000000000001,1054,0,0,0,0,0,0,0,0,0,0
12.9,1003,0,0,0,0,0,0,0,0,0,0
12.95,1064,0,0,0,0,0,0,0,0,0,0
13.0,1080,0,0,0,0,0,0,0,0,0,0
13.05,951,0,0,0,0,0,0,0,0,0,0
13.100000000000001,1065,0,0,0,0,0,0,0,0,0,0
13.15,965,0,0,0,0,0,0,0,0,0,0
13.2,1041,0,0,0,0,0,0,0,0,0,0
13.25,1069,0,0,0,0,0,0,0,0,0,0
13.3,1035,0,0,0,0,0,0,0,0,0,0
13.350000000000001,1041,0,0,0,0,0,0,0,0,0,0
13.4,983,0,0,0,0,0,0,0,0,0,0
13.45,1011,0,0,0,0,0,0,0,0,0,0
13.5,1022,0,0,0,0,0,0,0,0,0,0
13.55,1027,0,0,0,0,0,0,0,0,0,0
13.600000000000001,993,0,0,0,0,0,0,0,0,0,0
13.65,1002,0,0,0,0,0,0,0,0,0,0
13.7,1036,0,0,0,0,0,0,0,0,0,0
13.75,964,0,0,0,0,0,0,0,0,0,0
13.8,994,0,0,0,0,0,0,0,0,0,0
13.850000000000001,993,0,0,0,0,0,0,0,0,0,0
13.9,1001,0,0,0,0,0,0,0,0,0,0
13.95,995,0,0,0,0,0,0,0,0,0,0
14.0,1045,0,0,0,0,0,0,0,0,0,0
14.05,1024,0,0,0,0,0,0,0,0,0,0
14.100000000000001,1029,0,0,0,0,0,0,0,0,0,0
14.15,1051,0,0,0,0,0,0,0,0,0,0
14.2,978,0,0,0,0,0,0,0,0,0,0
14.25,1072,0,0,0,0,0,0,0,0,0,0
14.3,1027,0,0,0,0,0,0,0,0,0,0
14.350000000000001,1019,0,0,0,0,0,0,0,0,0,0
14.4,1005,0,0,0,0,0,0,0,0,0,0
14.45,1050,0,0,0,0,0,0,0,0,0,0
14.5,1025,0,0,0,0,0,0,0,0,0,0
14.55,1043,0,0,0,0,0,0,0,0,0,0
14.600000000000001,1013,0,0,0,0,0,0,0,0,0,0
14.65,1011,0,0,0,0,0,0,0,0,0,0
14.7,1008,0,0,0,0,0,0,0,0,0,0
14.75,1011,0,0,0,0,0,0,0,0,0,0
14.8,1023,0,0,0,0,0,0,0,0,0,0
14.850000000000001,1041,0,0,0,0,0,0,0,0,0,0
14.9,1066,0,0,0,0,0,0,0,0,0,0
14.95,970,0,0,0,0,0,0,0,0,0,0
15.0,1041,0,0,0,0,0,0,0,0,0,0
15.05,1029,0,0,0,0,0,0,0,0,0,0
15.100000000000001,989,0,0,0,0,0,0,0,0,0,0
15.15,1068,0,0,0,0,0,0,0,0,0,0
15.2,965,0,0,0,0,0,0,0,0,0,0
15.25,993,0,0,0,0,0,0,0,0,0,0
15.3,1050,0,0,0,0,0,0,0,0,0,0
15.350000000000001,1047,0,0,0,0,0,0,0,0,0,0
15.4,966,0,0,0,0,0,0,0,0,0,0
15.45,1047,0,0,0,0,0,0,0,0,0,0
15.5,990,0,0,0,0,0,0,0,0,0,0
15.55,1024,0,0,0,0,0,0,0,0,0,0
15.600000000000001,995,0,0,0,0,0,0,0,0,0,0
15.65,1020,0,0,0,0,0,0,0,0,0,0
15.7,1050,0,0,0,0,0,0,0,0,0,0
15.75,1030,0,0,0,0,0,0,0,0,0,0
15.8,1046,0,0,0,0,0,0,0,0,0,0
15.850000000000001,1023,0,0,0,0,0,0,0,0,0,0
15.9,977,0,0,0,0,0,0,0,0,0,0
15.95,1047,0,0,0,0,0,0,0,0,0,0
16.0,996,0,0,0,0,0,0,0,0,0,0
16.05,843,0,0,0,0,0,0,0,0,0,0
16.1,688,0,0,0,0,0,0,0,0,0,0
16.15,540,0,0,0,0,0,0,0,0,0,0
16.200000000000003,437,0,0,0,0,0,0,0,0,0,0
16.25,314,0,0,0,0,0,0,0,0,0,0
16.3,192,0,0,0,0,0,0,0,0,0,0
16.35,59,0,0,0,0,0,0,0,0,0,0
*****
8 , 0.05 , 1000 , 0.3 , 0.7 , 10 , 100 , 0.85 , 1.0 , 0.65 , 1.0 , .055
8.0,1000,991,999,992,999,0,967,986,956,982,0
8.05,1024,1015,1023,1017,1023,0,981,1000,986,995,0
8.1,985,979,982,981,982,0,941,964,955,962,0
8.15,1022,1013,1022,1019,1022,0,981,1004,987,1005,0
8.2,1017,1004,1016,1012,1016,0,982,1006,971,1001,0
8.25,942,930,940,938,940,0,908,925,907,930,0
8.3,1014,996,1014,1006,1014,0,974,1002,971,998,0
8.35,1014,965,1000,1006,1003,0,948,986,976,990,0
8.4,953,892,942,951,947,0,883,935,915,936,0
8.45,905,824,891,903,896,0,814,883,879,884,0
8.5,941,799,908,938,919,0,787,900,911,907,0
8.55,1056,866,1009,1050,1022,0,861,1005,1020,1018,0
8.6,1001,701,906,993,925,0,696,901,966,919,0
8.65,1006,657,881,1000,901,0,655,875,965,893,0
8.7,1047,628,860,1037,888,0,627,859,1022,887,0
8.75,985,506,747,978,776,0,504,746,947,774,0
8.8,904,379,608,891,647,0,379,609,871,648,0
8.85,1007,419,684,976,718,0,420,684,960,718,0
8.9,981,307,582,948,607,0,307,581,935,606,0
8.95,934,255,470,894,498,0,255,470,883,498,0
9.0,1012,235,460,942,484,0,235,460,931,483,0
9.05,1021,193,390,942,415,0,193,390,938,415,0
9.1,988,163,339,872,369,0,163,339,858,369,0
9.15,923,120,256,806,275,0,120,256,801,275,0
9.2,999,102,228,816,247,0,102,228,807,247,0
9.25,1010,67,186,787,196,0,67,186,783,196,0
9.3,956,62,166,683,180,0,62,166,681,180,0
9.35,1008,59,138,678,146,0,59,138,676,146,0
9.4,983,37,113,644,116,0,37,113,641,116,0
9.45,971,34,86,574,88,0,34,86,573,88,0
9.5,978,27,84,503,89,0,27,84,502,89,0
9.55,1003,17,55,462,56,0,17,55,462,56,0
9.6,933,10,44,398,48,0,10,44,398,48,0
9.65,1025,11,37,365,42,0,11,37,365,42,0
9.7,1011,15,46,318,48,0,15,46,318,48,0
9.75,985,13,35,273,37,0,13,35,272,37,0
9.8,978,3,11,213,12,0,3,11,213,12,0
9.85,967,3,11,167,12,0,3,11,167,12,0
9.9,999,5,13,133,14,0,5,13,133,14,0
9.95,944,0,3,106,4,0,0,3,106,4,0
10.0,1003,3,11,115,12,0,3,11,115,12,0
10.05,1005,1,6,70,5,0,1,6,70,5,0
10.1,1022,5,10,53,10,0,5,10,53,10,0
10.15,960,1,3,35,4,0,1,3,35,4,0
10.2,951,0,1,29,1,0,0,1,29,1,0
10.25,1004,0,2,23,2,0,0,2,23,2,0
10.3,1017,1,3,18,3,0,1,3,18,3,0
10.35,943,0,1,5,1,0,0,1,5,1,0
10.4,995,0,0,6,1,0,0,0,6,1,0
10.45,973,1,1,10,1,0,1,1,10,1,0
10.5,1007,0,0,8,0,0,0,0,8,0,0
10.55,998,0,0,4,0,0,0,0,4,0,0
10.6,1014,0,0,1,0,0,0,0,1,0,0
10.65,947,0,0,2,0,0,0,0,2,0,0
10.7,968,0,0,2,0,0,0,0,2,0,0
10.75,989,0,0,0,0,0,0,0,0,0,0
10.8,1017,0,0,0,0,0,0,0,0,0,0
10.85,966,0,0,0,0,0,0,0,0,0,0
10.9,1011,0,0,0,0,0,0,0,0,0,0
10.95,980,0,0,0,0,0,0,0,0,0,0
11.0,968,0,0,0,0,0,0,0,0,0,0
11.05,920,0,0,0,0,0,0,0,0,0,0
11.1,1001,0,0,0,0,0,0,0,0,0,0
11.15,1015,0,0,0,0,0,0,0,0,0,0
11.2,1023,0,0,0,0,0,0,0,0,0,0
11.25,995,0,0,0,0,0,0,0,0,0,0
11.3,1003,0,0,0,0,0,0,0,0,0,0
11.35,963,0,0,0,0,0,0,0,0,0,0
11.4,962,0,0,0,0,0,0,0,0,0,0
11.45,989,0,0,0,0,0,0,0,0,0,0
11.5,977,0,0,0,0,0,0,0,0,0,0
11.55,963,0,0,0,0,0,0,0,0,0,0
11.6,989,0,0,0,0,0,0,0,0,0,0
11.65,958,0,0,0,0,0,0,0,0,0,0
11.7,1013,0,0,0,0,0,0,0,0,0,0
11.75,1015,0,0,0,0,0,0,0,0,0,0
11.8,1025,0,0,0,0,0,0,0,0,0,0
11.85,985,0,0,0,0,0,0,0,0,0,0
11.9,963,0,0,0,0,0,0,0,0,0,0
11.95,996,0,0,0,0,0,0,0,0,0,0
12.0,989,0,0,0,0,0,0,0,0,0,0
12.05,980,0,0,0,0,0,0,0,0,0,0
12.100000000000001,956,0,0,0,0,0,0,0,0,0,0
12.15,984,0,0,0,0,0,0,0,0,0,0
12.2,950,0,0,0,0,0,0,0,0,0,0
12.25,976,0,0,0,0,0,0,0,0,0,0
12.3,1042,0,0,0,0,0,0,0,0,0,0
12.350000000000001,985,0,0,0,0,0,0,0,0,0,0
12.4,951,0,0,0,0,0,0,0,0,0,0
12.45,1024,0,0,0,0,0,0,0,0,0,0
12.5,948,0,0,0,0,0,0,0,0,0,0
12.55,1032,0,0,0,0,0,0,0,0,0,0
12.600000000000001,994,0,0,0,0,0,0,0,0,0,0
12.65,998,0,0,0,0,0,0,0,0,0,0
12.7,964,0,0,0,0,0,0,0,0,0,0
12.75,961,0,0,0,0,0,0,0,0,0,0
12.8,954,0,0,0,0,0,0,0,0,0,0
12.850000000000001,1009,0,0,0,0,0,0,0,0,0,0
12.9,992,0,0,0,0,0,0,0,0,0,0
12.95,1033,0,0,0,0,0,0,0,0,0,0
13.0,1010,0,0,0,0,0,0,0,0,0,0
13.05,971,0,0,0,0,0,0,0,0,0,0
13.100000000000001,992,0,0,0,0,0,0,0,0,0,0
13.15,957,0,0,0,0,0,0,0,0,0,0
13.2,984,0,0,0,0,0,0,0,0,0,0
13.25,977,0,0,0,0,0,0,0,0,0,0
13.3,973,0,0,0,0,0,0,0,0,0,0
13.350000000000001,1004,0,0,0,0,0,0,0,0,0,0
13.4,1031,0,0,0,0,0,0,0,0,0,0
13.45,993,0,0,0,0,0,0,0,0,0,0
13.5,993,0,0,0,0,0,0,0,0,0,0
13.55,954,0,0,0,0,0,0,0,0,0,0
13.600000000000001,939,0,0,0,0,0,0,0,0,0,0
13.65,1050,0,0,0,0,0,0,0,0,0,0
13.7,984,0,0,0,0,0,0,0,0,0,0
13.75,931,0,0,0,0,0,0,0,0,0,0
13.8,986,0,0,0,0,0,0,0,0,0,0
13.850000000000001,984,0,0,0,0,0,0,0,0,0,0
13.9,1007,0,0,0,0,0,0,0,0,0,0
13.95,1010,0,0,0,0,0,0,0,0,0,0
14.0,972,0,0,0,0,0,0,0,0,0,0
14.05,1017,0,0,0,0,0,0,0,0,0,0
14.100000000000001,998,0,0,0,0,0,0,0,0,0,0
14.15,946,0,0,0,0,0,0,0,0,0,0
14.2,1052,0,0,0,0,0,0,0,0,0,0
14.25,897,0,0,0,0,0,0,0,0,0,0
14.3,987,0,0,0,0,0,0,0,0,0,0
14.350000000000001,1002,0,0,0,0,0,0,0,0,0,0
14.4,997,0,0,0,0,0,0,0,0,0,0
14.45,936,0,0,0,0,0,0,0,0,0,0
14.5,1018,0,0,0,0,0,0,0,0,0,0
14.55,1014,0,0,0,0,0,0,0,0,0,0
14.600000000000001,971,0,0,0,0,0,0,0,0,0,0
14.65,989,0,0,0,0,0,0,0,0,0,0
14.7,964,0,0,0,0,0,0,0,0,0,0
14.75,997,0,0,0,0,0,0,0,0,0,0
14.8,957,0,0,0,0,0,0,0,0,0,0
14.850000000000001,1027,0,0,0,0,0,0,0,0,0,0
14.9,1049,0,0,0,0,0,0,0,0,0,0
14.95,960,0,0,0,0,0,0,0,0,0,0
15.0,988,0,0,0,0,0,0,0,0,0,0
15.05,992,0,0,0,0,0,0,0,0,0,0
15.100000000000001,972,0,0,0,0,0,0,0,0,0,0
15.15,965,0,0,0,0,0,0,0,0,0,0
15.2,1005,0,0,0,0,0,0,0,0,0,0
15.25,968,0,0,0,0,0,0,0,0,0,0
15.3,960,0,0,0,0,0,0,0,0,0,0
15.350000000000001,1022,0,0,0,0,0,0,0,0,0,0
15.4,979,0,0,0,0,0,0,0,0,0,0
15.45,1038,0,0,0,0,0,0,0,0,0,0
15.5,1008,0,0,0,0,0,0,0,0,0,0
15.55,918,0,0,0,0,0,0,0,0,0,0
15.600000000000001,984,0,0,0,0,0,0,0,0,0,0
15.65,969,0,0,0,0,0,0,0,0,0,0
15.7,976,0,0,0,0,0,0,0,0,0,0
15.75,1008,0,0,0,0,0,0,0,0,0,0
15.8,988,0,0,0,0,0,0,0,0,0,0
15.850000000000001,975,0,0,0,0,0,0,0,0,0,0
15.9,970,0,0,0,0,0,0,0,0,0,0
15.95,975,0,0,0,0,0,0,0,0,0,0
16.0,1023,0,0,0,0,0,0,0,0,0,0
16.05,978,0,0,0,0,0,0,0,0,0,0
16.1,997,0,0,0,0,0,0,0,0,0,0
16.15,973,0,0,0,0,0,0,0,0,0,0
16.200000000000003,961,0,0,0,0,0,0,0,0,0,0
16.25,956,0,0,0,0,0,0,0,0,0,0
16.3,929,0,0,0,0,0,0,0,0,0,0
16.35,847,0,0,0,0,0,0,0,0,0,0
16.4,678,0,0,0,0,0,0,0,0,0,0
16.450000000000003,542,0,0,0,0,0,0,0,0,0,0
16.5,452,0,0,0,0,0,0,0,0,0,0
16.55,287,0,0,0,0,0,0,0,0,0,0
16.6,175,0,0,0,0,0,0,0,0,0,0
16.65,53,0,0,0,0,0,0,0,0,0,0
*****
8 , 0.05 , 1000 , 0.6 , 1 , 10 , 100 , 0.85 , 1.0 , 0.65 , 1.0 , .055
8.0,1000,24,64,89,64,0,27,59,91,59,0
8.05,1026,17,60,121,60,0,25,60,109,60,0
8.1,1032,9,52,118,52,0,12,53,105,53,0
8.15,969,6,52,157,52,0,7,56,151,56,0
8.2,963,11,42,179,42,0,14,49,171,49,0
8.25,941,46,64,184,64,0,47,69,187,69,0
8.3,945,25,44,199,44,0,25,50,212,50,0
8.35,967,16,41,178,41,0,18,42,199,42,0
8.4,926,6,33,194,33,0,6,36,216,36,0
8.45,979,0,30,253,30,0,0,35,295,35,0
8.5,946,0,32,198,32,0,0,36,249,36,0
8.55,959,3,23,244,23,0,3,28,291,28,0
8.6,972,7,34,241,34,0,7,42,285,42,0
8.65,948,4,36,180,36,0,4,38,211,38,0
8.7,1057,1,34,120,34,0,2,41,145,41,0
8.75,945,3,28,67,28,0,3,31,78,31,0
8.8,934,1,29,49,29,0,1,29,53,29,0
8.85,1029,1,28,48,28,0,1,32,53,32,0
8.9,975,0,20,28,20,0,0,24,31,24,0
8.95,977,0,14,40,14,0,0,21,42,21,0
9.0,941,2,10,44,10,0,2,16,47,16,0
9.05,951,0,12,36,12,0,0,14,39,14,0
9.1,959,0,5,26,5,0,0,6,26,6,0
9.15,960,0,8,28,8,0,0,9,32,9,0
9.2,934,0,11,12,11,0,0,12,13,12,0
9.25,973,0,3,13,3,0,0,3,15,3,0
9.3,973,0,10,11,10,0,0,10,11,10,0
9.35,970,0,1,1,1,0,0,4,2,4,0
9.4,996,0,4,5,4,0,0,4,5,4,0
9.45,938,0,3,3,3,0,0,3,4,3,0
9.5,972,0,1,2,1,0,0,1,2,1,0
9.55,1009,0,2,3,2,0,0,2,3,2,0
9.6,974,0,1,1,1,0,0,1,1,1,0
9.65,1039,0,2,3,2,0,0,2,3,2,0
9.7,963,0,2,3,2,0,0,2,3,2,0
9.75,949,0,0,1,0,0,0,1,2,1,0
9.8,944,0,0,0,0,0,0,0,0,0,0
9.85,925,0,0,0,0,0,0,0,0,0,0
9.9,955,0,0,0,0,0,0,0,0,0,0
9.95,936,0,0,0,0,0,0,0,0,0,0
10.0,1016,0,0,0,0,0,0,0,0,0,0
10.05,1021,0,0,0,0,0,0,0,0,0,0
10.1,970,0,0,0,0,0,0,0,0,0,0
10.15,916,0,0,0,0,0,0,0,0,0,0
10.2,923,0,0,0,0,0,0,0,0,0,0
10.25,1030,0,0,0,0,0,0,0,0,0,0
10.3,1022,0,0,0,0,0,0,0,0,0,0
10.35,958,0,0,0,0,0,0,0,0,0,0
10.4,951,0,0,0,0,0,0,0,0,0,0
10.45,952,0,0,0,0,0,0,0,0,0,0
10.5,942,0,0,0,0,0,0,0,0,0,0
10.55,983,0,0,0,0,0,0,0,0,0,0
10.6,916,0,0,0,0,0,0,0,0,0,0
10.65,1012,0,0,0,0,0,0,0,0,0,0
10.7,966,0,0,0,0,0,0,0,0,0,0
10.75,980,0,0,0,0,0,0,0,0,0,0
10.8,969,0,0,0,0,0,0,0,0,0,0
10.85,946,0,0,0,0,0,0,0,0,0,0
10.9,953,0,0,0,0,0,0,0,0,0,0
10.95,1006,0,0,0,0,0,0,0,0,0,0
11.0,994,0,0,0,0,0,0,0,0,0,0
11.05,941,0,0,0,0,0,0,0,0,0,0
11.1,970,0,0,0,0,0,0,0,0,0,0
11.15,1017,0,0,0,0,0,0,0,0,0,0
11.2,932,0,0,0,0,0,0,0,0,0,0
11.25,950,0,0,0,0,0,0,0,0,0,0
11.3,961,0,0,0,0,0,0,0,0,0,0
11.35,951,0,0,0,0,0,0,0,0,0,0
11.4,959,0,0,0,0,0,0,0,0,0,0
11.45,1016,0,0,0,0,0,0,0,0,0,0
11.5,980,0,0,0,0,0,0,0,0,0,0
11.55,1001,0,0,0,0,0,0,0,0,0,0
11.6,939,0,0,0,0,0,0,0,0,0,0
11.65,962,0,0,0,0,0,0,0,0,0,0
11.7,988,0,0,0,0,0,0,0,0,0,0
11.75,954,0,0,0,0,0,0,0,0,0,0
11.8,965,0,0,0,0,0,0,0,0,0,0
11.85,981,0,0,0,0,0,0,0,0,0,0
11.9,945,0,0,0,0,0,0,0,0,0,0
11.95,960,0,0,0,0,0,0,0,0,0,0
12.0,975,0,0,0,0,0,0,0,0,0,0
12.05,977,0,0,0,0,0,0,0,0,0,0
12.100000000000001,986,0,0,0,0,0,0,0,0,0,0
12.15,907,0,0,0,0,0,0,0,0,0,0
12.2,959,0,0,0,0,0,0,0,0,0,0
12.25,976,0,0,0,0,0,0,0,0,0,0
12.3,987,0,0,0,0,0,0,0,0,0,0
12.350000000000001,967,0,0,0,0,0,0,0,0,0,0
12.4,975,0,0,0,0,0,0,0,0,0,0
12.45,960,0,0,0,0,0,0,0,0,0,0
12.5,973,0,0,0,0,0,0,0,0,0,0
12.55,979,0,0,0,0,0,0,0,0,0,0
12.600000000000001,953,0,0,0,0,0,0,0,0,0,0
12.65,973,0,0,0,0,0,0,0,0,0,0
12.7,984,0,0,0,0,0,0,0,0,0,0
12.75,980,0,0,0,0,0,0,0,0,0,0
12.8,973,0,0,0,0,0,0,0,0,0,0
12.850000000000001,998,0,0,0,0,0,0,0,0,0,0
12.9,980,0,0,0,0,0,0,0,0,0,0
12.95,940,0,0,0,0,0,0,0,0,0,0
13.0,955,0,0,0,0,0,0,0,0,0,0
13.05,993,0,0,0,0,0,0,0,0,0,0
13.100000000000001,939,0,0,0,0,0,0,0,0,0,0
13.15,948,0,0,0,0,0,0,0,0,0,0
13.2,955,0,0,0,0,0,0,0,0,0,0
13.25,958,0,0,0,0,0,0,0,0,0,0
13.3,947,0,0,0,0,0,0,0,0,0,0
13.350000000000001,962,0,0,0,0,0,0,0,0,0,0
13.4,937,0,0,0,0,0,0,0,0,0,0
13.45,1067,0,0,0,0,0,0,0,0,0,0
13.5,997,0,0,0,0,0,0,0,0,0,0
13.55,968,0,0,0,0,0,0,0,0,0,0
13.600000000000001,966,0,0,0,0,0,0,0,0,0,0
13.65,954,0,0,0,0,0,0,0,0,0,0
13.7,977,0,0,0,0,0,0,0,0,0,0
13.75,905,0,0,0,0,0,0,0,0,0,0
13.8,998,0,0,0,0,0,0,0,0,0,0
13.850000000000001,1017,0,0,0,0,0,0,0,0,0,0
13.9,970,0,0,0,0,0,0,0,0,0,0
13.95,924,0,0,0,0,0,0,0,0,0,0
14.0,971,0,0,0,0,0,0,0,0,0,0
14.05,957,0,0,0,0,0,0,0,0,0,0
14.100000000000001,958,0,0,0,0,0,0,0,0,0,0
14.15,954,0,0,0,0,0,0,0,0,0,0
14.2,965,0,0,0,0,0,0,0,0,0,0
14.25,1023,0,0,0,0,0,0,0,0,0,0
14.3,968,0,0,0,0,0,0,0,0,0,0
14.350000000000001,953,0,0,0,0,0,0,0,0,0,0
14.4,1005,0,0,0,0,0,0,0,0,0,0
14.45,957,0,0,0,0,0,0,0,0,0,0
14.5,959,0,0,0,0,0,0,0,0,0,0
14.55,966,0,0,0,0,0,0,0,0,0,0
14.600000000000001,941,0,0,0,0,0,0,0,0,0,0
14.65,1001,0,0,0,0,0,0,0,0,0,0
14.7,959,0,0,0,0,0,0,0,0,0,0
14.75,999,0,0,0,0,0,0,0,0,0,0
14.8,981,0,0,0,0,0,0,0,0,0,0
14.850000000000001,988,0,0,0,0,0,0,0,0,0,0
14.9,887,0,0,0,0,0,0,0,0,0,0
14.95,1000,0,0,0,0,0,0,0,0,0,0
15.0,947,0,0,0,0,0,0,0,0,0,0
15.05,978,0,0,0,0,0,0,0,0,0,0
15.100000000000001,957,0,0,0,0,0,0,0,0,0,0
15.15,988,0,0,0,0,0,0,0,0,0,0
15.2,973,0,0,0,0,0,0,0,0,0,0
15.25,940,0,0,0,0,0,0,0,0,0,0
15.3,988,0,0,0,0,0,0,0,0,0,0
15.350000000000001,938,0,0,0,0,0,0,0,0,0,0
15.4,952,0,0,0,0,0,0,0,0,0,0
15.45,993,0,0,0,0,0,0,0,0,0,0
15.5,1021,0,0,0,0,0,0,0,0,0,0
15.55,952,0,0,0,0,0,0,0,0,0,0
15.600000000000001,937,0,0,0,0,0,0,0,0,0,0
15.65,998,0,0,0,0,0,0,0,0,0,0
15.7,969,0,0,0,0,0,0,0,0,0,0
15.75,986,0,0,0,0,0,0,0,0,0,0
15.8,920,0,0,0,0,0,0,0,0,0,0
15.850000000000001,928,0,0,0,0,0,0,0,0,0,0
15.9,994,0,0,0,0,0,0,0,0,0,0
15.95,922,0,0,0,0,0,0,0,0,0,0
16.0,977,0,0,0,0,0,0,0,0,0,0
16.05,978,0,0,0,0,0,0,0,0,0,0
16.1,1024,0,0,0,0,0,0,0,0,0,0
16.15,1008,0,0,0,0,0,0,0,0,0,0
16.200000000000003,940,0,0,0,0,0,0,0,0,0,0
16.25,914,0,0,0,0,0,0,0,0,0,0
16.3,989,0,0,0,0,0,0,0,0,0,0
16.35,963,0,0,0,0,0,0,0,0,0,0
16.4,1016,0,0,0,0,0,0,0,0,0,0
16.450000000000003,985,0,0,0,0,0,0,0,0,0,0
16.5,961,0,0,0,0,0,0,0,0,0,0
16.55,944,0,0,0,0,0,0,0,0,0,0
16.6,870,0,0,0,0,0,0,0,0,0,0
16.65,776,0,0,0,0,0,0,0,0,0,0
16.700000000000003,672,0,0,0,0,0,0,0,0,0,0
16.75,517,0,0,0,0,0,0,0,0,0,0
16.8,409,0,0,0,0,0,0,0,0,0,0
16.85,304,0,0,0,0,0,0,0,0,0,0
16.9,184,0,0,0,0,0,0,0,0,0,0
16.950000000000003,68,0,0,0,0,0,0,0,0,0,0
