*****
8 , 0.05 , 1000 , 0 , 1 , 10 , 100 , 0.75 , 1.0 , 0.85 , 1.0 , .055
8.0,1000,996,998,822,998,0,993,991,772,991,0
8.05,988,985,986,828,986,0,983,985,762,985,0
8.1,996,996,995,847,995,0,992,994,765,994,0
8.15,997,990,994,836,994,0,991,995,767,995,0
8.2,983,979,979,845,979,0,975,977,782,977,0
8.25,1006,999,1002,859,1002,0,998,1000,804,1000,0
8.3,963,955,959,812,959,0,948,953,753,953,0
8.35,926,919,924,779,924,0,916,923,742,923,0
8.4,945,937,941,808,941,0,935,940,771,940,0
8.45,977,965,974,837,974,0,965,974,810,974,0
8.5,984,962,980,834,980,0,961,979,818,979,0
8.55,986,964,979,844,979,0,962,977,816,977,0
8.6,961,921,944,835,944,0,921,943,803,943,0
8.65,950,894,918,762,918,0,894,918,755,918,0
8.7,1008,922,966,771,966,0,922,966,755,966,0
8.75,1015,900,961,767,961,0,900,959,737,959,0
8.8,949,833,885,673,885,0,832,885,660,885,0
8.85,915,767,835,646,835,0,766,835,632,835,0
8.9,990,793,853,679,855,0,793,853,657,855,0
8.95,964,755,840,625,840,0,755,840,614,840,0
9.0,974,696,797,565,797,0,695,796,555,796,0
9.05,984,633,751,566,751,0,633,751,555,751,0
9.1,932,587,689,498,689,0,587,689,492,689,0
9.15,959,544,673,485,674,0,544,673,482,674,0
9.2,1015,541,652,455,653,0,541,652,457,653,0
9.25,921,452,562,388,563,0,452,562,385,563,0
9.3,1008,438,556,372,556,0,438,556,370,556,0
9.35,1007,401,510,368,510,0,401,510,368,510,0
9.4,921,310,397,310,397,0,310,397,309,397,0
9.45,991,309,410,318,410,0,309,410,317,410,0
9.5,953,249,326,245,326,0,249,326,244,326,0
9.55,972,230,319,218,319,0,230,319,217,319,0
9.6,960,189,265,193,265,0,189,265,192,265,0
9.65,987,189,244,179,244,0,189,244,180,244,0
9.7,925,119,166,136,166,0,119,166,136,166,0
9.75,1009,102,143,130,143,0,102,143,130,143,0
9.8,933,79,123,107,123,0,79,123,107,123,0
9.85,934,64,104,103,104,0,64,104,103,104,0
9.9,1018,64,97,105,97,0,64,97,105,97,0
9.95,1030,66,88,85,88,0,66,88,85,88,0
10.0,996,42,57,56,57,0,42,57,56,57,0
10.05,940,24,52,55,52,0,24,52,55,52,0
10.1,963,20,31,35,31,0,20,31,35,31,0
10.15,984,10,17,37,17,0,10,17,37,17,0
10.2,998,10,17,32,17,0,10,17,32,17,0
10.25,1003,10,17,19,17,0,10,17,19,17,0
10.3,958,9,17,21,17,0,9,17,21,17,0
10.35,952,9,12,10,12,0,9,12,10,12,0
10.4,998,5,9,11,9,0,5,9,11,9,0
10.45,1020,1,1,3,1,0,1,1,3,1,0
10.5,956,2,2,4,2,0,2,2,4,2,0
10.55,918,1,1,6,1,0,1,1,6,1,0
10.6,927,1,1,3,1,0,1,1,3,1,0
10.65,989,1,1,1,1,0,1,1,1,1,0
10.7,979,1,1,0,1,0,1,1,0,1,0
10.75,959,0,0,2,0,0,0,0,2,0,0
10.8,954,1,1,1,1,0,1,1,1,1,0
10.85,1023,1,1,2,1,0,1,1,2,1,0
10.9,965,0,0,0,0,0,0,0,0,0,0
10.95,1002,0,0,0,0,0,0,0,0,0,0
11.0,967,0,0,0,0,0,0,0,0,0,0
11.05,942,0,0,0,0,0,0,0,0,0,0
11.1,1023,0,0,0,0,0,0,0,0,0,0
11.15,949,0,0,0,0,0,0,0,0,0,0
11.2,1001,0,0,0,0,0,0,0,0,0,0
11.25,937,0,0,0,0,0,0,0,0,0,0
11.3,1015,0,0,0,0,0,0,0,0,0,0
11.35,995,0,0,0,0,0,0,0,0,0,0
11.4,968,0,0,0,0,0,0,0,0,0,0
11.45,939,0,0,0,0,0,0,0,0,0,0
11.5,939,0,0,0,0,0,0,0,0,0,0
11.55,988,0,0,0,0,0,0,0,0,0,0
11.6,924,0,0,0,0,0,0,0,0,0,0
11.65,923,0,0,0,0,0,0,0,0,0,0
11.7,960,0,0,0,0,0,0,0,0,0,0
11.75,1008,0,0,0,0,0,0,0,0,0,0
11.8,976,0,0,0,0,0,0,0,0,0,0
11.85,982,0,0,0,0,0,0,0,0,0,0
11.9,967,0,0,0,0,0,0,0,0,0,0
11.95,973,0,0,0,0,0,0,0,0,0,0
12.0,983,0,0,0,0,0,0,0,0,0,0
12.05,1031,0,0,0,0,0,0,0,0,0,0
12.100000000000001,1004,0,0,0,0,0,0,0,0,0,0
12.15,974,0,0,0,0,0,0,0,0,0,0
12.2,954,0,0,0,0,0,0,0,0,0,0
12.25,1005,0,0,0,0,0,0,0,0,0,0
12.3,988,0,0,0,0,0,0,0,0,0,0
12.350000000000001,938,0,0,0,0,0,0,0,0,0,0
12.4,961,0,0,0,0,0,0,0,0,0,0
12.45,953,0,0,0,0,0,0,0,0,0,0
12.5,996,0,0,0,0,0,0,0,0,0,0
12.55,953,0,0,0,0,0,0,0,0,0,0
12.600000000000001,950,0,0,0,0,0,0,0,0,0,0
12.65,945,0,0,0,0,0,0,0,0,0,0
12.7,986,0,0,0,0,0,0,0,0,0,0
12.75,985,0,0,0,0,0,0,0,0,0,0
12.8,954,0,0,0,0,0,0,0,0,0,0
12.850000000000001,957,0,0,0,0,0,0,0,0,0,0
12.9,1002,0,0,0,0,0,0,0,0,0,0
12.95,945,0,0,0,0,0,0,0,0,0,0
13.0,991,0,0,0,0,0,0,0,0,0,0
13.05,969,0,0,0,0,0,0,0,0,0,0
13.100000000000001,978,0,0,0,0,0,0,0,0,0,0
13.15,986,0,0,0,0,0,0,0,0,0,0
13.2,947,0,0,0,0,0,0,0,0,0,0
13.25,1004,0,0,0,0,0,0,0,0,0,0
13.3,993,0,0,0,0,0,0,0,0,0,0
13.350000000000001,1024,0,0,0,0,0,0,0,0,0,0
13.4,980,0,0,0,0,0,0,0,0,0,0
13.45,948,0,0,0,0,0,0,0,0,0,0
13.5,929,0,0,0,0,0,0,0,0,0,0
13.55,979,0,0,0,0,0,0,0,0,0,0
13.600000000000001,1032,0,0,0,0,0,0,0,0,0,0
13.65,933,0,0,0,0,0,0,0,0,0,0
13.7,942,0,0,0,0,0,0,0,0,0,0
13.75,943,0,0,0,0,0,0,0,0,0,0
13.8,1036,0,0,0,0,0,0,0,0,0,0
13.850000000000001,980,0,0,0,0,0,0,0,0,0,0
13.9,969,0,0,0,0,0,0,0,0,0,0
13.95,1001,0,0,0,0,0,0,0,0,0,0
14.0,946,0,0,0,0,0,0,0,0,0,0
14.05,908,0,0,0,0,0,0,0,0,0,0
14.100000000000001,1026,0,0,0,0,0,0,0,0,0,0
14.15,975,0,0,0,0,0,0,0,0,0,0
14.2,995,0,0,0,0,0,0,0,0,0,0
14.25,987,0,0,0,0,0,0,0,0,0,0
14.3,977,0,0,0,0,0,0,0,0,0,0
14.350000000000001,933,0,0,0,0,0,0,0,0,0,0
14.4,969,0,0,0,0,0,0,0,0,0,0
14.45,1002,0,0,0,0,0,0,0,0,0,0
14.5,984,0,0,0,0,0,0,0,0,0,0
14.55,974,0,0,0,0,0,0,0,0,0,0
14.600000000000001,984,0,0,0,0,0,0,0,0,0,0
14.65,961,0,0,0,0,0,0,0,0,0,0
14.7,977,0,0,0,0,0,0,0,0,0,0
14.75,1018,0,0,0,0,0,0,0,0,0,0
14.8,1043,0,0,0,0,0,0,0,0,0,0
14.850000000000001,909,0,0,0,0,0,0,0,0,0,0
14.9,977,0,0,0,0,0,0,0,0,0,0
14.95,951,0,0,0,0,0,0,0,0,0,0
15.0,961,0,0,0,0,0,0,0,0,0,0
15.05,927,0,0,0,0,0,0,0,0,0,0
15.100000000000001,994,0,0,0,0,0,0,0,0,0,0
15.15,1047,0,0,0,0,0,0,0,0,0,0
15.2,1011,0,0,0,0,0,0,0,0,0,0
15.25,941,0,0,0,0,0,0,0,0,0,0
15.3,993,0,0,0,0,0,0,0,0,0,0
15.350000000000001,977,0,0,0,0,0,0,0,0,0,0
15.4,1007,0,0,0,0,0,0,0,0,0,0
15.45,984,0,0,0,0,0,0,0,0,0,0
15.5,942,0,0,0,0,0,0,0,0,0,0
15.55,963,0,0,0,0,0,0,0,0,0,0
15.600000000000001,937,0,0,0,0,0,0,0,0,0,0
15.65,972,0,0,0,0,0,0,0,0,0,0
15.7,958,0,0,0,0,0,0,0,0,0,0
15.75,987,0,0,0,0,0,0,0,0,0,0
15.8,959,0,0,0,0,0,0,0,0,0,0
15.850000000000001,1025,0,0,0,0,0,0,0,0,0,0
15.9,1033,0,0,0,0,0,0,0,0,0,0
15.95,981,0,0,0,0,0,0,0,0,0,0
16.0,935,0,0,0,0,0,0,0,0,0,0
16.05,908,0,0,0,0,0,0,0,0,0,0
16.1,860,0,0,0,0,0,0,0,0,0,0
16.15,756,0,0,0,0,0,0,0,0,0,0
16.200000000000003,741,0,0,0,0,0,0,0,0,0,0
16.25,753,0,0,0,0,0,0,0,0,0,0
16.3,665,0,0,0,0,0,0,0,0,0,0
16.35,603,0,0,0,0,0,0,0,0,0,0
16.4,541,0,0,0,0,0,0,0,0,0,0
16.450000000000003,515,0,0,0,0,0,0,0,0,0,0
16.5,469,0,0,0,0,0,0,0,0,0,0
16.55,404,0,0,0,0,0,0,0,0,0,0
16.6,378,0,0,0,0,0,0,0,0,0,0
16.65,294,0,0,0,0,0,0,0,0,0,0
16.700000000000003,283,0,0,0,0,0,0,0,0,0,0
16.75,211,0,0,0,0,0,0,0,0,0,0
16.8,175,0,0,0,0,0,0,0,0,0,0
16.85,135,0,0,0,0,0,0,0,0,0,0
16.9,71,0,0,0,0,0,0,0,0,0,0
16.950000000000003,31,0,0,0,0,0,0,0,0,0,0
*****
8 , 0.05 , 1000 , 0 , 0.4 , 10 , 100 , 0.75 , 1.0 , 0.85 , 1.0 , .055
8.0,1001,1001,1001,1001,1001,0,1001,1001,1001,1001,0
8.05,970,970,970,970,970,0,970,970,970,970,0
8.1,1021,1021,1021,1021,1021,0,1021,1021,1021,1021,0
8.15,999,999,999,999,999,0,999,999,999,999,0
8.2,1081,1081,1081,1081,1081,0,1081,1081,1081,1081,0
8.25,1002,1002,1002,1002,1002,0,1002,1002,1002,1002,0
8.3,959,959,959,959,959,0,959,959,959,959,0
8.35,1024,1024,1024,1024,1024,0,1024,1024,1024,1024,0
8.4,991,991,991,991,991,0,991,991,991,991,0
8.45,994,994,994,994,994,0,994,994,994,994,0
8.5,971,971,971,971,971,0,971,971,971,971,0
8.55,997,997,997,997,997,0,997,997,997,997,0
8.6,946,946,946,946,946,0,946,946,946,946,0
8.65,1014,1014,1014,1014,1014,0,1014,1014,1014,1014,0
8.7,939,939,939,939,939,0,939,939,939,939,0
8.75,997,997,997,997,997,0,997,997,997,997,0
8.8,995,995,995,995,995,0,995,995,995,995,0
8.85,931,931,931,931,931,0,931,931,931,931,0
8.9,1034,1034,1034,1034,1034,0,1034,1034,1034,1034,0
8.95,994,994,994,994,994,0,994,994,994,994,0
9.0,1020,1020,1020,1020,1020,0,1020,1020,1020,1020,0
9.05,1005,1005,1005,1005,1005,0,1005,1005,1005,1005,0
9.1,996,996,996,996,996,0,996,996,996,996,0
9.15,1011,1011,1011,1011,1011,0,1011,1011,1011,1011,0
9.2,945,945,945,945,945,0,945,945,945,945,0
9.25,989,989,989,989,989,0,989,989,989,989,0
9.3,1019,1019,1019,1019,1019,0,1019,1019,1019,1019,0
9.35,1033,1033,1033,1033,1033,0,1033,1033,1033,1033,0
9.4,1015,1015,1015,1015,1015,0,1015,1015,1015,1015,0
9.45,1003,1003,1003,1003,1003,0,1003,1003,1003,1003,0
9.5,999,999,999,999,999,0,999,999,999,999,0
9.55,1021,1021,1021,1021,1021,0,1021,1021,1021,1021,0
9.6,992,992,992,992,992,0,992,992,992,992,0
9.65,1029,1029,1029,1029,1029,0,1029,1029,1029,1029,0
9.7,1011,1011,1011,1011,1011,0,1011,1011,1011,1011,0
9.75,1014,1014,1014,1014,1014,0,1014,1014,1014,1014,0
9.8,978,978,978,978,978,0,978,978,978,978,0
9.85,1019,1016,1016,1019,1016,0,1016,1016,1019,1016,0
9.9,956,956,955,956,956,0,956,955,956,956,0
9.95,1006,999,998,1006,1000,0,999,998,1006,1000,0
10.0,1016,1008,1008,1015,1009,0,1008,1008,1015,1009,0
10.05,954,935,938,948,938,0,935,938,948,938,0
10.1,1020,981,981,1010,986,0,981,981,1010,986,0
10.15,977,911,913,960,916,0,911,913,960,916,0
10.2,1008,898,908,975,910,0,898,908,975,910,0
10.25,987,824,825,924,831,0,824,825,924,831,0
10.3,985,735,745,876,750,0,735,745,876,750,0
10.35,1033,732,738,860,741,0,732,738,860,741,0
10.4,1020,559,568,745,573,0,559,568,745,573,0
10.45,1017,472,483,657,488,0,472,483,657,488,0
10.5,1015,363,376,522,378,0,363,376,522,378,0
10.55,961,261,272,408,276,0,261,272,408,276,0
10.6,1009,181,189,331,191,0,181,189,331,191,0
10.65,993,121,130,252,133,0,121,130,252,133,0
10.7,1016,96,97,178,100,0,96,97,178,100,0
10.75,1005,45,47,108,49,0,45,47,108,49,0
10.8,933,22,26,60,26,0,22,26,60,26,0
10.85,1027,13,14,32,14,0,13,14,32,14,0
10.9,994,11,11,17,11,0,11,11,17,11,0
10.95,985,3,3,5,3,0,3,3,5,3,0
11.0,989,1,1,7,1,0,1,1,7,1,0
11.05,996,0,0,3,0,0,0,0,3,0,0
11.1,1023,0,0,0,0,0,0,0,0,0,0
11.15,954,0,0,0,0,0,0,0,0,0,0
11.2,933,0,0,0,0,0,0,0,0,0,0
11.25,999,0,0,0,0,0,0,0,0,0,0
11.3,1013,0,0,0,0,0,0,0,0,0,0
11.35,1022,0,0,0,0,0,0,0,0,0,0
11.4,1020,0,0,0,0,0,0,0,0,0,0
11.45,978,0,0,0,0,0,0,0,0,0,0
11.5,946,0,0,0,0,0,0,0,0,0,0
11.55,1005,0,0,0,0,0,0,0,0,0,0
11.6,1022,0,0,0,0,0,0,0,0,0,0
11.65,1003,0,0,0,0,0,0,0,0,0,0
11.7,991,0,0,0,0,0,0,0,0,0,0
11.75,978,0,0,0,0,0,0,0,0,0,0
11.8,972,0,0,0,0,0,0,0,0,0,0
11.85,969,0,0,0,0,0,0,0,0,0,0
11.9,980,0,0,0,0,0,0,0,0,0,0
11.95,1023,0,0,0,0,0,0,0,0,0,0
12.0,923,0,0,0,0,0,0,0,0,0,0
12.05,1057,0,0,0,0,0,0,0,0,0,0
12.100000000000001,959,0,0,0,0,0,0,0,0,0,0
12.15,961,0,0,0,0,0,0,0,0,0,0
12.2,993,0,0,0,0,0,0,0,0,0,0
12.25,966,0,0,0,0,0,0,0,0,0,0
12.3,1028,0,0,0,0,0,0,0,0,0,0
12.350000000000001,1008,0,0,0,0,0,0,0,0,0,0
12.4,1023,0,0,0,0,0,0,0,0,0,0
12.45,993,0,0,0,0,0,0,0,0,0,0
12.5,1029,0,0,0,0,0,0,0,0,0,0
12.55,1002,0,0,0,0,0,0,0,0,0,0
12.600000000000001,989,0,0,0,0,0,0,0,0,0,0
12.65,988,0,0,0,0,0,0,0,0,0,0
12.7,962,0,0,0,0,0,0,0,0,0,0
12.75,1037,0,0,0,0,0,0,0,0,0,0
12.8,924,0,0,0,0,0,0,0,0,0,0
12.850000000000001,1053,0,0,0,0,0,0,0,0,0,0
12.9,921,0,0,0,0,0,0,0,0,0,0
12.95,1001,0,0,0,0,0,0,0,0,0,0
13.0,1019,0,0,0,0,0,0,0,0,0,0
13.05,1007,0,0,0,0,0,0,0,0,0,0
13.100000000000001,1036,0,0,0,0,0,0,0,0,0,0
13.15,942,0,0,0,0,0,0,0,0,0,0
13.2,960,0,0,0,0,0,0,0,0,0,0
13.25,987,0,0,0,0,0,0,0,0,0,0
13.3,1001,0,0,0,0,0,0,0,0,0,0
13.350000000000001,1000,0,0,0,0,0,0,0,0,0,0
13.4,1028,0,0,0,0,0,0,0,0,0,0
13.45,975,0,0,0,0,0,0,0,0,0,0
13.5,969,0,0,0,0,0,0,0,0,0,0
13.55,1001,0,0,0,0,0,0,0,0,0,0
13.600000000000001,975,0,0,0,0,0,0,0,0,0,0
13.65,992,0,0,0,0,0,0,0,0,0,0
13.7,992,0,0,0,0,0,0,0,0,0,0
13.75,945,0,0,0,0,0,0,0,0,0,0
13.8,1020,0,0,0,0,0,0,0,0,0,0
13.850000000000001,1023,0,0,0,0,0,0,0,0,0,0
13.9,986,0,0,0,0,0,0,0,0,0,0
13.95,1013,0,0,0,0,0,0,0,0,0,0
14.0,940,0,0,0,0,0,0,0,0,0,0
14.05,1006,0,0,0,0,0,0,0,0,0,0
14.100000000000001,976,0,0,0,0,0,0,0,0,0,0
14.15,1048,0,0,0,0,0,0,0,0,0,0
14.2,946,0,0,0,0,0,0,0,0,0,0
14.25,1000,0,0,0,0,0,0,0,0,0,0
14.3,1002,0,0,0,0,0,0,0,0,0,0
14.350000000000001,980,0,0,0,0,0,0,0,0,0,0
14.4,943,0,0,0,0,0,0,0,0,0,0
14.45,995,0,0,0,0,0,0,0,0,0,0
14.5,992,0,0,0,0,0,0,0,0,0,0
14.55,990,0,0,0,0,0,0,0,0,0,0
14.600000000000001,1027,0,0,0,0,0,0,0,0,0,0
14.65,965,0,0,0,0,0,0,0,0,0,0
14.7,989,0,0,0,0,0,0,0,0,0,0
14.75,985,0,0,0,0,0,0,0,0,0,0
14.8,972,0,0,0,0,0,0,0,0,0,0
14.850000000000001,979,0,0,0,0,0,0,0,0,0,0
14.9,1031,0,0,0,0,0,0,0,0,0,0
14.95,966,0,0,0,0,0,0,0,0,0,0
15.0,996,0,0,0,0,0,0,0,0,0,0
15.05,1012,0,0,0,0,0,0,0,0,0,0
15.100000000000001,981,0,0,0,0,0,0,0,0,0,0
15.15,992,0,0,0,0,0,0,0,0,0,0
15.2,951,0,0,0,0,0,0,0,0,0,0
15.25,1014,0,0,0,0,0,0,0,0,0,0
15.3,1002,0,0,0,0,0,0,0,0,0,0
15.350000000000001,959,0,0,0,0,0,0,0,0,0,0
15.4,1001,0,0,0,0,0,0,0,0,0,0
15.45,1007,0,0,0,0,0,0,0,0,0,0
15.5,971,0,0,0,0,0,0,0,0,0,0
15.55,1004,0,0,0,0,0,0,0,0,0,0
15.600000000000001,1006,0,0,0,0,0,0,0,0,0,0
15.65,989,0,0,0,0,0,0,0,0,0,0
15.7,999,0,0,0,0,0,0,0,0,0,0
15.75,975,0,0,0,0,0,0,0,0,0,0
15.8,992,0,0,0,0,0,0,0,0,0,0
15.850000000000001,995,0,0,0,0,0,0,0,0,0,0
15.9,988,0,0,0,0,0,0,0,0,0,0
15.95,949,0,0,0,0,0,0,0,0,0,0
16.0,909,0,0,0,0,0,0,0,0,0,0
16.05,837,0,0,0,0,0,0,0,0,0,0
16.1,684,0,0,0,0,0,0,0,0,0,0
16.15,551,0,0,0,0,0,0,0,0,0,0
16.200000000000003,431,0,0,0,0,0,0,0,0,0,0
16.25,299,0,0,0,0,0,0,0,0,0,0
16.3,192,0,0,0,0,0,0,0,0,0,0
16.35,65,0,0,0,0,0,0,0,0,0,0
*****
8 , 0.05 , 1000 , 0.3 , 0.7 , 10 , 100 , 0.75 , 1.0 , 0.85 , 1.0 , .055
8.0,1000,1000,1000,1000,1000,0,1000,1000,995,1000,0
8.05,1046,1046,1046,1046,1046,0,1046,1046,1044,1046,0
8.1,1051,1051,1051,1050,1051,0,1051,1051,1049,1051,0
8.15,1041,1041,1041,1041,1041,0,1040,1040,1039,1040,0
8.2,1080,1080,1080,1080,1080,0,1080,1080,1077,1080,0
8.25,1032,1032,1032,1032,1032,0,1031,1032,1030,1032,0
8.3,1029,1029,1029,1029,1029,0,1026,1027,1025,1027,0
8.35,1066,1066,1066,1066,1066,0,1066,1066,1063,1066,0
8.4,1072,1072,1072,1071,1072,0,1072,1072,1069,1072,0
8.45,990,990,990,990,990,0,990,990,988,990,0
8.5,1021,1021,1021,1021,1021,0,1021,1021,1019,1021,0
8.55,1036,1036,1036,1035,1036,0,1036,1036,1035,1036,0
8.6,1026,1026,1026,1026,1026,0,1026,1026,1026,1026,0
8.65,1045,1045,1045,1045,1045,0,1045,1045,1044,1045,0
8.7,1083,1083,1083,1082,1083,0,1083,1083,1083,1083,0
8.75,1024,1024,1024,1023,1024,0,1024,1024,1024,1024,0
8.8,1059,1059,1059,1059,1059,0,1059,1058,1059,1058,0
8.85,1002,1002,1002,1002,1002,0,1002,1002,1002,1002,0
8.9,1033,1033,1033,1033,1033,0,1033,1033,1033,1033,0
8.95,1049,1049,1049,1049,1049,0,1049,1049,1047,1049,0
9.0,1013,1013,1013,1013,1013,0,1013,1013,1012,1013,0
9.05,1083,1082,1082,1082,1082,0,1082,1082,1080,1082,0
9.1,1014,1014,1014,1014,1014,0,1014,1014,1013,1014,0
9.15,1049,1049,1049,1046,1049,0,1049,1049,1046,1049,0
9.2,1075,1075,1075,1073,1075,0,1075,1075,1072,1075,0
9.25,1028,1027,1028,1025,1028,0,1027,1028,1024,1028,0
9.3,1033,1033,1033,1033,1033,0,1033,1033,1033,1033,0
9.35,1012,1011,1012,1007,1012,0,1011,1012,1006,1012,0
9.4,1070,1067,1070,1063,1070,0,1067,1070,1063,1070,0
9.45,1006,1006,1006,995,1006,0,1006,1006,995,1006,0
9.5,1066,1062,1065,1060,1065,0,1062,1065,1060,1065,0
9.55,999,992,994,986,994,0,992,994,986,994,0
9.6,1089,1083,1088,1067,1088,0,1083,1088,1067,1088,0
9.65,1027,1014,1020,1005,1020,0,1014,1020,1005,1020,0
9.7,1067,1042,1062,1036,1062,0,1042,1062,1036,1062,0
9.75,1036,1016,1027,1002,1027,0,1016,1027,1002,1027,0
9.8,1010,976,988,954,988,0,976,988,954,988,0
9.85,1044,1005,1030,995,1030,0,1005,1030,995,1030,0
9.9,1010,961,982,936,982,0,961,982,936,982,0
9.95,1028,942,983,960,984,0,942,983,960,984,0
10.0,1039,944,979,928,979,0,944,979,928,979,0
10.05,1024,900,947,913,947,0,900,947,913,947,0
10.1,1016,896,937,887,937,0,896,937,887,937,0
10.15,1112,900,969,926,969,0,900,969,926,969,0
10.2,1023,842,898,850,900,0,842,898,850,900,0
10.25,1057,810,879,838,880,0,810,879,838,880,0
10.3,992,720,775,746,775,0,720,775,746,775,0
10.35,1001,685,747,725,747,0,685,747,725,747,0
10.4,1054,645,715,726,715,0,645,715,726,715,0
10.45,1054,596,665,667,667,0,596,665,667,667,0
10.5,1059,544,614,607,615,0,544,614,607,615,0
10.55,1073,465,554,550,555,0,465,554,550,555,0
10.6,1023,447,512,509,512,0,447,512,509,512,0
10.65,972,347,395,396,395,0,347,395,396,395,0
10.7,1108,341,408,426,408,0,341,408,426,408,0
10.75,1013,307,347,360,348,0,307,347,360,348,0
10.8,1022,238,276,292,276,0,238,276,292,276,0
10.85,1020,195,229,236,229,0,195,229,236,229,0
10.9,1014,169,194,202,194,0,169,194,202,194,0
10.95,1065,140,157,166,158,0,140,157,166,158,0
11.0,1029,102,117,123,117,0,102,117,123,117,0
11.05,1114,91,108,120,108,0,91,108,120,108,0
11.1,1086,58,69,83,69,0,58,69,83,69,0
11.15,1057,44,54,58,54,0,44,54,58,54,0
11.2,971,34,45,50,45,0,34,45,50,45,0
11.25,1037,25,28,32,28,0,25,28,32,28,0
11.3,982,17,22,24,22,0,17,22,24,22,0
11.35,1049,13,18,20,18,0,13,18,20,18,0
11.4,1064,8,9,10,9,0,8,9,10,9,0
11.45,1075,5,6,7,6,0,5,6,7,6,0
11.5,1060,1,1,4,1,0,1,1,4,1,0
11.55,996,2,2,2,2,0,2,2,2,2,0
11.6,1078,1,1,1,1,0,1,1,1,1,0
11.65,998,0,0,0,0,0,0,0,0,0,0
11.7,1017,1,1,1,1,0,1,1,1,1,0
11.75,1047,0,0,0,0,0,0,0,0,0,0
11.8,1024,0,0,0,0,0,0,0,0,0,0
11.85,1084,0,0,0,0,0,0,0,0,0,0
11.9,994,0,0,0,0,0,0,0,0,0,0
11.95,1014,0,0,0,0,0,0,0,0,0,0
12.0,1048,0,0,0,0,0,0,0,0,0,0
12.05,1094,0,0,0,0,0,0,0,0,0,0
12.100000000000001,1078,0,0,0,0,0,0,0,0,0,0
12.15,994,0,0,0,0,0,0,0,0,0,0
12.2,997,0,0,0,0,0,0,0,0,0,0
12.25,1057,0,0,0,0,0,0,0,0,0,0
12.3,1065,0,0,0,0,0,0,0,0,0,0
12.350000000000001,1039,0,0,0,0,0,0,0,0,0,0
12.4,1034,0,0,0,0,0,0,0,0,0,0
12.45,1034,0,0,0,0,0,0,0,0,0,0
12.5,1039,0,0,0,0,0,0,0,0,0,0
12.55,1045,0,0,0,0,0,0,0,0,0,0
12.600000000000001,1035,0,0,0,0,0,0,0,0,0,0
12.65,1057,0,0,0,0,0,0,0,0,0,0
12.7,1082,0,0,0,0,0,0,0,0,0,0
12.75,1092,0,0,0,0,0,0,0,0,0,0
12.8,986,0,0,0,0,0,0,0,0,0,0
12.850000000000001,979,0,0,0,0,0,0,0,0,0,0
12.9,1079,0,0,0,0,0,0,0,0,0,0
12.95,999,0,0,0,0,0,0,0,0,0,0
13.0,1072,0,0,0,0,0,0,0,0,0,0
13.05,1073,0,0,0,0,0,0,0,0,0,0
13.100000000000001,1030,0,0,0,0,0,0,0,0,0,0
13.15,1031,0,0,0,0,0,0,0,0,0,0
13.2,1019,0,0,0,0,0,0,0,0,0,0
13.25,1042,0,0,0,0,0,0,0,0,0,0
13.3,1066,0,0,0,0,0,0,0,0,0,0
13.350000000000001,998,0,0,0,0,0,0,0,0,0,0
13.4,1066,0,0,0,0,0,0,0,0,0,0
13.45,1021,0,0,0,0,0,0,0,0,0,0
13.5,1100,0,0,0,0,0,0,0,0,0,0
13.55,1028,0,0,0,0,0,0,0,0,0,0
13.600000000000001,1018,0,0,0,0,0,0,0,0,0,0
13.65,1018,0,0,0,0,0,0,0,0,0,0
13.7,1047,0,0,0,0,0,0,0,0,0,0
13.75,1028,0,0,0,0,0,0,0,0,0,0
13.8,1055,0,0,0,0,0,0,0,0,0,0
13.850000000000001,997,0,0,0,0,0,0,0,0,0,0
13.9,1030,0,0,0,0,0,0,0,0,0,0
13.95,1016,0,0,0,0,0,0,0,0,0,0
14.0,1064,0,0,0,0,0,0,0,0,0,0
14.05,1041,0,0,0,0,0,0,0,0,0,0
14.100000000000001,1057,0,0,0,0,0,0,0,0,0,0
14.15,1062,0,0,0,0,0,0,0,0,0,0
14.2,1002,0,0,0,0,0,0,0,0,0,0
14.25,1047,0,0,0,0,0,0,0,0,0,0
14.3,1056,0,0,0,0,0,0,0,0,0,0
14.350000000000001,1021,0,0,0,0,0,0,0,0,0,0
14.4,1094,0,0,0,0,0,0,0,0,0,0
14.45,1004,0,0,0,0,0,0,0,0,0,0
14.5,1086,0,0,0,0,0,0,0,0,0,0
14.55,1038,0,0,0,0,0,0,0,0,0,0
14.600000000000001,1024,0,0,0,0,0,0,0,0,0,0
14.65,1036,0,0,0,0,0,0,0,0,0,0
14.7,998,0,0,0,0,0,0,0,0,0,0
14.75,1020,0,0,0,0,0,0,0,0,0,0
14.8,1071,0,0,0,0,0,0,0,0,0,0
14.850000000000001,1050,0,0,0,0,0,0,0,0,0,0
14.9,990,0,0,0,0,0,0,0,0,0,0
14.95,1072,0,0,0,0,0,0,0,0,0,0
15.0,1061,0,0,0,0,0,0,0,0,0,0
15.05,1077,0,0,0,0,0,0,0,0,0,0
15.100000000000001,1048,0,0,0,0,0,0,0,0,0,0
15.15,1056,0,0,0,0,0,0,0,0,0,0
15.2,1031,0,0,0,0,0,0,0,0,0,0
15.25,1002,0,0,0,0,0,0,0,0,0,0
15.3,1053,0,0,0,0,0,0,0,0,0,0
15.350000000000001,1028,0,0,0,0,0,0,0,0,0,0
15.4,1018,0,0,0,0,0,0,0,0,0,0
15.45,1057,0,0,0,0,0,0,0,0,0,0
15.5,1047,0,0,0,0,0,0,0,0,0,0
15.55,1038,0,0,0,0,0,0,0,0,0,0
15.600000000000001,1049,0,0,0,0,0,0,0,0,0,0
15.65,1074,0,0,0,0,0,0,0,0,0,0
15.7,1022,0,0,0,0,0,0,0,0,0,0
15.75,1002,0,0,0,0,0,0,0,0,0,0
15.8,1004,0,0,0,0,0,0,0,0,0,0
15.850000000000001,1043,0,0,0,0,0,0,0,0,0,0
15.9,1061,0,0,0,0,0,0,0,0,0,0
15.95,1081,0,0,0,0,0,0,0,0,0,0
16.0,1017,0,0,0,0,0,0,0,0,0,0
16.05,1038,0,0,0,0,0,0,0,0,0,0
16.1,1063,0,0,0,0,0,0,0,0,0,0
16.15,992,0,0,0,0,0,0,0,0,0,0
16.200000000000003,1023,0,0,0,0,0,0,0,0,0,0
16.25,1022,0,0,0,0,0,0,0,0,0,0
16.3,970,0,0,0,0,0,0,0,0,0,0
16.35,867,0,0,0,0,0,0,0,0,0,0
16.4,716,0,0,0,0,0,0,0,0,0,0
16.450000000000003,638,0,0,0,0,0,0,0,0,0,0
16.5,452,0,0,0,0,0,0,0,0,0,0
16.55,341,0,0,0,0,0,0,0,0,0,0
16.6,192,0,0,0,0,0,0,0,0,0,0
16.65,68,0,0,0,0,0,0,0,0,0,0
*****
8 , 0.05 , 1000 , 0.6 , 1 , 10 , 100 , 0.75 , 1.0 , 0.85 , 1.0 , .055
8.0,1000,260,426,208,426,0,230,414,211,414,0
8.05,1094,299,456,196,456,0,279,421,197,421,0
8.1,1035,272,411,201,411,0,284,372,190,372,0
8.15,1012,251,387,209,387,0,269,347,188,347,0
8.2,999,229,376,237,376,0,257,363,206,363,0
8.25,1024,217,360,260,360,0,275,377,245,377,0
8.3,996,271,377,282,377,0,321,400,273,400,0
8.35,1016,271,416,291,416,0,324,429,294,429,0
8.4,936,200,338,242,338,0,219,354,251,354,0
8.45,1032,213,382,309,382,0,219,396,323,396,0
8.5,1003,179,346,274,346,0,186,364,313,364,0
8.55,979,146,308,263,308,0,149,324,306,324,0
8.6,985,165,312,259,312,0,176,324,301,324,0
8.65,988,177,332,245,332,0,188,345,294,345,0
8.7,1040,172,359,247,359,0,198,364,270,364,0
8.75,1035,156,334,156,334,0,182,349,180,349,0
8.8,962,154,349,148,349,0,178,371,160,371,0
8.85,1055,119,344,149,344,0,135,370,157,370,0
8.9,987,100,307,143,307,0,114,344,148,344,0
8.95,1007,81,293,131,293,0,96,326,148,326,0
9.0,1040,65,260,142,260,0,72,290,159,290,0
9.05,977,58,227,134,227,0,62,247,152,247,0
9.1,1018,63,182,105,182,0,70,203,122,203,0
9.15,1040,64,183,113,183,0,67,205,130,205,0
9.2,1012,55,168,79,168,0,58,179,98,179,0
9.25,1016,39,152,75,152,0,45,173,95,173,0
9.3,990,31,140,59,140,0,37,148,70,148,0
9.35,1024,19,115,41,115,0,23,124,45,124,0
9.4,934,19,88,43,88,0,22,98,48,98,0
9.45,962,14,73,29,73,0,18,84,37,84,0
9.5,1019,12,71,29,71,0,17,75,34,75,0
9.55,1005,11,44,27,44,0,12,49,30,49,0
9.6,1077,7,47,26,47,0,7,53,32,53,0
9.65,992,8,44,23,44,0,7,49,25,49,0
9.7,978,10,28,10,28,0,11,32,12,32,0
9.75,984,6,21,9,21,0,5,21,11,21,0
9.8,1004,5,19,10,19,0,7,17,11,17,0
9.85,1058,2,16,4,16,0,2,17,8,17,0
9.9,1035,1,11,4,11,0,1,11,4,11,0
9.95,1010,2,13,8,13,0,1,11,7,11,0
10.0,1008,0,3,1,3,0,0,3,2,3,0
10.05,995,0,6,2,6,0,0,6,2,6,0
10.1,988,1,3,3,3,0,1,2,2,2,0
10.15,1003,1,4,4,4,0,1,4,3,4,0
10.2,1029,1,2,2,2,0,1,2,2,2,0
10.25,993,0,2,0,2,0,0,2,0,2,0
10.3,967,0,3,3,3,0,0,3,4,3,0
10.35,1058,0,0,0,0,0,0,0,0,0,0
10.4,962,1,2,0,2,0,1,2,0,2,0
10.45,1053,0,1,0,1,0,0,1,0,1,0
10.5,987,0,0,0,0,0,0,0,0,0,0
10.55,1026,0,0,0,0,0,0,0,0,0,0
10.6,997,0,0,0,0,0,0,0,0,0,0
10.65,1013,0,0,0,0,0,0,0,0,0,0
10.7,976,0,0,0,0,0,0,0,0,0,0
10.75,989,0,0,0,0,0,0,0,0,0,0
10.8,1024,0,0,0,0,0,0,0,0,0,0
10.85,1026,0,0,0,0,0,0,0,0,0,0
10.9,1062,0,0,0,0,0,0,0,0,0,0
10.95,997,0,0,0,0,0,0,0,0,0,0
11.0,932,0,0,0,0,0,0,0,0,0,0
11.05,1001,0,0,0,0,0,0,0,0,0,0
11.1,962,0,0,0,0,0,0,0,0,0,0
11.15,1031,0,0,0,0,0,0,0,0,0,0
11.2,1010,0,0,0,0,0,0,0,0,0,0
11.25,1021,0,0,0,0,0,0,0,0,0,0
11.3,1038,0,0,0,0,0,0,0,0,0,0
11.35,1004,0,0,0,0,0,0,0,0,0,0
11.4,961,0,0,0,0,0,0,0,0,0,0
11.45,1003,0,0,0,0,0,0,0,0,0,0
11.5,994,0,0,0,0,0,0,0,0,0,0
11.55,1017,0,0,0,0,0,0,0,0,0,0
11.6,1015,0,0,0,0,0,0,0,0,0,0
11.65,1024,0,0,0,0,0,0,0,0,0,0
11.7,996,0,0,0,0,0,0,0,0,0,0
11.75,1002,0,0,0,0,0,0,0,0,0,0
11.8,973,0,0,0,0,0,0,0,0,0,0
11.85,1017,0,0,0,0,0,0,0,0,0,0
11.9,1002,0,0,0,0,0,0,0,0,0,0
11.95,1024,0,0,0,0,0,0,0,0,0,0
12.0,978,0,0,0,0,0,0,0,0,0,0
12.05,1034,0,0,0,0,0,0,0,0,0,0
12.100000000000001,974,0,0,0,0,0,0,0,0,0,0
12.15,1015,0,0,0,0,0,0,0,0,0,0
12.2,1041,0,0,0,0,0,0,0,0,0,0
12.25,1035,0,0,0,0,0,0,0,0,0,0
12.3,1047,0,0,0,0,0,0,0,0,0,0
12.350000000000001,964,0,0,0,0,0,0,0,0,0,0
12.4,996,0,0,0,0,0,0,0,0,0,0
12.45,1013,0,0,0,0,0,0,0,0,0,0
12.5,981,0,0,0,0,0,0,0,0,0,0
12.55,1002,0,0,0,0,0,0,0,0,0,0
12.600000000000001,990,0,0,0,0,0,0,0,0,0,0
12.65,995,0,0,0,0,0,0,0,0,0,0
12.7,1019,0,0,0,0,0,0,0,0,0,0
12.75,979,0,0,0,0,0,0,0,0,0,0
12.8,1046,0,0,0,0,0,0,0,0,0,0
12.850000000000001,1008,0,0,0,0,0,0,0,0,0,0
12.9,974,0,0,0,0,0,0,0,0,0,0
12.95,1040,0,0,0,0,0,0,0,0,0,0
13.0,998,0,0,0,0,0,0,0,0,0,0
13.05,1046,0,0,0,0,0,0,0,0,0,0
13.100000000000001,990,0,0,0,0,0,0,0,0,0,0
13.15,992,0,0,0,0,0,0,0,0,0,0
13.2,986,0,0,0,0,0,0,0,0,0,0
13.25,997,0,0,0,0,0,0,0,0,0,0
13.3,1056,0,0,0,0,0,0,0,0,0,0
13.350000000000001,968,0,0,0,0,0,0,0,0,0,0
13.4,1006,0,0,0,0,0,0,0,0,0,0
13.45,948,0,0,0,0,0,0,0,0,0,0
13.5,1015,0,0,0,0,0,0,0,0,0,0
13.55,1060,0,0,0,0,0,0,0,0,0,0
13.600000000000001,975,0,0,0,0,0,0,0,0,0,0
13.65,1014,0,0,0,0,0,0,0,0,0,0
13.7,1027,0,0,0,0,0,0,0,0,0,0
13.75,1085,0,0,0,0,0,0,0,0,0,0
13.8,1009,0,0,0,0,0,0,0,0,0,0
13.850000000000001,996,0,0,0,0,0,0,0,0,0,0
13.9,974,0,0,0,0,0,0,0,0,0,0
13.95,996,0,0,0,0,0,0,0,0,0,0
14.0,994,0,0,0,0,0,0,0,0,0,0
14.05,993,0,0,0,0,0,0,0,0,0,0
14.100000000000001,1007,0,0,0,0,0,0,0,0,0,0
14.15,967,0,0,0,0,0,0,0,0,0,0
14.2,1044,0,0,0,0,0,0,0,0,0,0
14.25,988,0,0,0,0,0,0,0,0,0,0
14.3,1002,0,0,0,0,0,0,0,0,0,0
14.350000000000001,988,0,0,0,0,0,0,0,0,0,0
14.4,1015,0,0,0,0,0,0,0,0,0,0
14.45,1017,0,0,0,0,0,0,0,0,0,0
14.5,1019,0,0,0,0,0,0,0,0,0,0
14.55,1035,0,0,0,0,0,0,0,0,0,0
14.600000000000001,1007,0,0,0,0,0,0,0,0,0,0
14.65,1021,0,0,0,0,0,0,0,0,0,0
14.7,1024,0,0,0,0,0,0,0,0,0,0
14.75,934,0,0,0,0,0,0,0,0,0,0
14.8,986,0,0,0,0,0,0,0,0,0,0
14.850000000000001,987,0,0,0,0,0,0,0,0,0,0
14.9,1070,0,0,0,0,0,0,0,0,0,0
14.95,977,0,0,0,0,0,0,0,0,0,0
15.0,977,0,0,0,0,0,0,0,0,0,0
15.05,1003,0,0,0,0,0,0,0,0,0,0
15.100000000000001,1020,0,0,0,0,0,0,0,0,0,0
15.15,1041,0,0,0,0,0,0,0,0,0,0
15.2,972,0,0,0,0,0,0,0,0,0,0
15.25,993,0,0,0,0,0,0,0,0,0,0
15.3,1039,0,0,0,0,0,0,0,0,0,0
15.350000000000001,1009,0,0,0,0,0,0,0,0,0,0
15.4,1088,0,0,0,0,0,0,0,0,0,0
15.45,1023,0,0,0,0,0,0,0,0,0,0
15.5,1015,0,0,0,0,0,0,0,0,0,0
15.55,940,0,0,0,0,0,0,0,0,0,0
15.600000000000001,975,0,0,0,0,0,0,0,0,0,0
15.65,1014,0,0,0,0,0,0,0,0,0,0
15.7,1007,0,0,0,0,0,0,0,0,0,0
15.75,977,0,0,0,0,0,0,0,0,0,0
15.8,987,0,0,0,0,0,0,0,0,0,0
15.850000000000001,1054,0,0,0,0,0,0,0,0,0,0
15.9,1019,0,0,0,0,0,0,0,0,0,0
15.95,992,0,0,0,0,0,0,0,0,0,0
16.0,1013,0,0,0,0,0,0,0,0,0,0
16.05,972,0,0,0,0,0,0,0,0,0,0
16.1,985,0,0,0,0,0,0,0,0,0,0
16.15,1035,0,0,0,0,0,0,0,0,0,0
16.200000000000003,1043,0,0,0,0,0,0,0,0,0,0
16.25,1027,0,0,0,0,0,0,0,0,0,0
16.3,954,0,0,0,0,0,0,0,0,0,0
16.35,985,0,0,0,0,0,0,0,0,0,0
16.4,987,0,0,0,0,0,0,0,0,0,0
16.450000000000003,964,0,0,0,0,0,0,0,0,0,0
16.5,1033,0,0,0,0,0,0,0,0,0,0
16.55,968,0,0,0,0,0,0,0,0,0,0
16.6,961,0,0,0,0,0,0,0,0,0,0
16.65,838,0,0,0,0,0,0,0,0,0,0
16.700000000000003,667,0,0,0,0,0,0,0,0,0,0
16.75,610,0,0,0,0,0,0,0,0,0,0
16.8,446,0,0,0,0,0,0,0,0,0,0
16.85,331,0,0,0,0,0,0,0,0,0,0
16.9,199,0,0,0,0,0,0,0,0,0,0
16.950000000000003,69,0,0,0,0,0,0,0,0,0,0
