*****
8,0.05,1000,0,1,10,100,0.85,1.0,0.65,1.0,0.1
8,1000,908,963,648,962,0,0,0,0,0,0
8.05,1011,833,956,651,964,0,0,0,0,0,0
8.100000000000001,913,661,831,622,877,0,0,0,0,0,0
8.150000000000002,913,491,775,624,862,0,0,0,0,0,0
8.200000000000003,947,397,752,651,885,0,0,0,0,0,0
8.250000000000004,916,246,635,639,811,0,0,0,0,0,0
8.300000000000004,945,182,552,646,760,0,0,0,0,0,0
8.350000000000005,938,132,458,666,692,0,0,0,0,0,0
8.400000000000006,939,72,390,659,584,0,0,0,0,0,0
8.450000000000006,914,56,297,661,503,0,0,0,0,0,0
8.500000000000007,1006,24,231,689,418,0,0,0,0,0,0
8.550000000000008,998,18,174,665,339,0,0,0,0,0,0
8.600000000000009,950,11,108,619,251,0,0,0,0,0,0
8.65000000000001,936,6,80,531,172,0,0,0,0,0,0
8.70000000000001,955,3,61,495,133,0,0,0,0,0,0
8.75000000000001,950,1,43,405,109,0,0,0,0,0,0
8.800000000000011,895,1,29,351,63,0,0,0,0,0,0
8.850000000000012,1034,1,14,335,53,0,0,0,0,0,0
8.900000000000013,927,0,11,233,33,0,0,0,0,0,0
8.950000000000014,954,0,15,199,29,0,0,0,0,0,0
9.000000000000014,903,0,8,130,20,0,0,0,0,0,0
9.050000000000015,896,0,4,101,11,0,0,0,0,0,0
9.100000000000016,952,0,0,100,3,0,0,0,0,0,0
9.150000000000016,939,0,4,73,9,0,0,0,0,0,0
9.200000000000017,992,0,0,47,1,0,0,0,0,0,0
9.250000000000018,960,0,0,31,1,0,0,0,0,0,0
9.300000000000018,965,0,0,22,1,0,0,0,0,0,0
9.35000000000002,953,0,0,17,1,0,0,0,0,0,0
9.40000000000002,964,0,0,11,0,0,0,0,0,0,0
9.45000000000002,915,0,0,7,0,0,0,0,0,0,0
9.500000000000021,983,0,0,4,0,0,0,0,0,0,0
9.550000000000022,932,0,0,4,0,0,0,0,0,0,0
9.600000000000023,899,0,0,2,0,0,0,0,0,0,0
9.650000000000023,870,0,0,3,0,0,0,0,0,0,0
9.700000000000024,818,0,0,2,0,0,0,0,0,0,0
9.750000000000025,827,0,0,0,0,0,0,0,0,0,0
9.800000000000026,790,0,0,0,0,0,0,0,0,0,0
9.850000000000026,733,0,0,0,0,0,0,0,0,0,0
9.900000000000027,647,0,0,0,0,0,0,0,0,0,0
9.950000000000028,624,0,0,0,0,0,0,0,0,0,0
10.000000000000028,579,0,0,0,0,0,0,0,0,0,0
10.05000000000003,544,0,0,0,0,0,0,0,0,0,0
10.10000000000003,502,0,0,0,0,0,0,0,0,0,0
10.15000000000003,474,0,0,0,0,0,0,0,0,0,0
10.200000000000031,386,0,0,0,0,0,0,0,0,0,0
10.250000000000032,358,0,0,0,0,0,0,0,0,0,0
10.300000000000033,313,0,0,0,0,0,0,0,0,0,0
10.350000000000033,241,0,0,0,0,0,0,0,0,0,0
10.400000000000034,225,0,0,0,0,0,0,0,0,0,0
10.450000000000035,143,0,0,0,0,0,0,0,0,0,0
10.500000000000036,117,0,0,0,0,0,0,0,0,0,0
10.550000000000036,96,0,0,0,0,0,0,0,0,0,0
10.600000000000037,68,0,0,0,0,0,0,0,0,0,0
10.650000000000038,37,0,0,0,0,0,0,0,0,0,0
10.700000000000038,15,0,0,0,0,0,0,0,0,0,0
10.750000000000039,0,0,0,0,0,0,0,0,0,0,0
10.80000000000004,0,0,0,0,0,0,0,0,0,0,0
10.85000000000004,0,0,0,0,0,0,0,0,0,0,0
10.900000000000041,0,0,0,0,0,0,0,0,0,0,0
10.950000000000042,0,0,0,0,0,0,0,0,0,0,0
11.000000000000043,0,0,0,0,0,0,0,0,0,0,0
11.050000000000043,0,0,0,0,0,0,0,0,0,0,0
11.100000000000044,0,0,0,0,0,0,0,0,0,0,0
11.150000000000045,0,0,0,0,0,0,0,0,0,0,0
11.200000000000045,0,0,0,0,0,0,0,0,0,0,0
11.250000000000046,0,0,0,0,0,0,0,0,0,0,0
11.300000000000047,0,0,0,0,0,0,0,0,0,0,0
11.350000000000048,0,0,0,0,0,0,0,0,0,0,0
11.400000000000048,0,0,0,0,0,0,0,0,0,0,0
11.450000000000049,0,0,0,0,0,0,0,0,0,0,0
11.50000000000005,0,0,0,0,0,0,0,0,0,0,0
11.55000000000005,0,0,0,0,0,0,0,0,0,0,0
11.600000000000051,0,0,0,0,0,0,0,0,0,0,0
11.650000000000052,0,0,0,0,0,0,0,0,0,0,0
11.700000000000053,0,0,0,0,0,0,0,0,0,0,0
11.750000000000053,0,0,0,0,0,0,0,0,0,0,0
11.800000000000054,0,0,0,0,0,0,0,0,0,0,0
11.850000000000055,0,0,0,0,0,0,0,0,0,0,0
11.900000000000055,0,0,0,0,0,0,0,0,0,0,0
11.950000000000056,0,0,0,0,0,0,0,0,0,0,0
12.000000000000057,0,0,0,0,0,0,0,0,0,0,0
12.050000000000058,0,0,0,0,0,0,0,0,0,0,0
12.100000000000058,0,0,0,0,0,0,0,0,0,0,0
12.150000000000059,0,0,0,0,0,0,0,0,0,0,0
12.20000000000006,0,0,0,0,0,0,0,0,0,0,0
12.25000000000006,0,0,0,0,0,0,0,0,0,0,0
12.300000000000061,0,0,0,0,0,0,0,0,0,0,0
12.350000000000062,0,0,0,0,0,0,0,0,0,0,0
12.400000000000063,0,0,0,0,0,0,0,0,0,0,0
12.450000000000063,0,0,0,0,0,0,0,0,0,0,0
12.500000000000064,0,0,0,0,0,0,0,0,0,0,0
12.550000000000065,0,0,0,0,0,0,0,0,0,0,0
12.600000000000065,0,0,0,0,0,0,0,0,0,0,0
12.650000000000066,0,0,0,0,0,0,0,0,0,0,0
12.700000000000067,0,0,0,0,0,0,0,0,0,0,0
12.750000000000068,0,0,0,0,0,0,0,0,0,0,0
12.800000000000068,0,0,0,0,0,0,0,0,0,0,0
12.850000000000069,0,0,0,0,0,0,0,0,0,0,0
12.90000000000007,0,0,0,0,0,0,0,0,0,0,0
12.95000000000007,0,0,0,0,0,0,0,0,0,0,0
13.000000000000071,0,0,0,0,0,0,0,0,0,0,0
13.050000000000072,0,0,0,0,0,0,0,0,0,0,0
13.100000000000072,0,0,0,0,0,0,0,0,0,0,0
13.150000000000073,0,0,0,0,0,0,0,0,0,0,0
13.200000000000074,0,0,0,0,0,0,0,0,0,0,0
13.250000000000075,0,0,0,0,0,0,0,0,0,0,0
13.300000000000075,0,0,0,0,0,0,0,0,0,0,0
13.350000000000076,0,0,0,0,0,0,0,0,0,0,0
13.400000000000077,0,0,0,0,0,0,0,0,0,0,0
13.450000000000077,0,0,0,0,0,0,0,0,0,0,0
13.500000000000078,0,0,0,0,0,0,0,0,0,0,0
13.550000000000079,0,0,0,0,0,0,0,0,0,0,0
13.60000000000008,0,0,0,0,0,0,0,0,0,0,0
13.65000000000008,0,0,0,0,0,0,0,0,0,0,0
13.700000000000081,0,0,0,0,0,0,0,0,0,0,0
13.750000000000082,0,0,0,0,0,0,0,0,0,0,0
13.800000000000082,0,0,0,0,0,0,0,0,0,0,0
13.850000000000083,0,0,0,0,0,0,0,0,0,0,0
13.900000000000084,0,0,0,0,0,0,0,0,0,0,0
13.950000000000085,0,0,0,0,0,0,0,0,0,0,0
14.000000000000085,0,0,0,0,0,0,0,0,0,0,0
14.050000000000086,0,0,0,0,0,0,0,0,0,0,0
14.100000000000087,0,0,0,0,0,0,0,0,0,0,0
14.150000000000087,0,0,0,0,0,0,0,0,0,0,0
14.200000000000088,0,0,0,0,0,0,0,0,0,0,0
14.250000000000089,0,0,0,0,0,0,0,0,0,0,0
14.30000000000009,0,0,0,0,0,0,0,0,0,0,0
14.35000000000009,0,0,0,0,0,0,0,0,0,0,0
14.400000000000091,0,0,0,0,0,0,0,0,0,0,0
14.450000000000092,0,0,0,0,0,0,0,0,0,0,0
14.500000000000092,0,0,0,0,0,0,0,0,0,0,0
14.550000000000093,0,0,0,0,0,0,0,0,0,0,0
14.600000000000094,0,0,0,0,0,0,0,0,0,0,0
14.650000000000095,0,0,0,0,0,0,0,0,0,0,0
14.700000000000095,0,0,0,0,0,0,0,0,0,0,0
14.750000000000096,0,0,0,0,0,0,0,0,0,0,0
14.800000000000097,0,0,0,0,0,0,0,0,0,0,0
14.850000000000097,0,0,0,0,0,0,0,0,0,0,0
14.900000000000098,0,0,0,0,0,0,0,0,0,0,0
14.950000000000099,0,0,0,0,0,0,0,0,0,0,0
15.0000000000001,0,0,0,0,0,0,0,0,0,0,0
15.0500000000001,0,0,0,0,0,0,0,0,0,0,0
15.100000000000101,0,0,0,0,0,0,0,0,0,0,0
15.150000000000102,0,0,0,0,0,0,0,0,0,0,0
15.200000000000102,0,0,0,0,0,0,0,0,0,0,0
15.250000000000103,0,0,0,0,0,0,0,0,0,0,0
15.300000000000104,0,0,0,0,0,0,0,0,0,0,0
15.350000000000104,0,0,0,0,0,0,0,0,0,0,0
15.400000000000105,0,0,0,0,0,0,0,0,0,0,0
15.450000000000106,0,0,0,0,0,0,0,0,0,0,0
15.500000000000107,0,0,0,0,0,0,0,0,0,0,0
15.550000000000107,0,0,0,0,0,0,0,0,0,0,0
15.600000000000108,0,0,0,0,0,0,0,0,0,0,0
15.650000000000109,0,0,0,0,0,0,0,0,0,0,0
15.70000000000011,0,0,0,0,0,0,0,0,0,0,0
15.75000000000011,0,0,0,0,0,0,0,0,0,0,0
15.80000000000011,0,0,0,0,0,0,0,0,0,0,0
15.850000000000112,0,0,0,0,0,0,0,0,0,0,0
15.900000000000112,0,0,0,0,0,0,0,0,0,0,0
15.950000000000113,0,0,0,0,0,0,0,0,0,0,0
*****
8,0.05,1000,0,0.4,10,100,0.85,1.0,0.65,1.0,0.1
8,1000,997,119,1000,1000,0,0,0,0,0,0
8.05,1052,998,68,1052,1050,0,0,0,0,0,0
8.100000000000001,1059,863,67,1059,1059,0,0,0,0,0,0
8.150000000000002,987,620,38,987,987,0,0,0,0,0,0
8.200000000000003,970,380,34,970,969,0,0,0,0,0,0
8.250000000000004,1092,274,20,1092,1076,0,0,0,0,0,0
8.300000000000004,1036,152,13,1036,1010,0,0,0,0,0,0
8.350000000000005,988,66,12,988,928,0,0,0,0,0,0
8.400000000000006,991,31,5,991,852,0,0,0,0,0,0
8.450000000000006,1044,21,6,1043,771,0,0,0,0,0,0
8.500000000000007,1026,14,5,1023,612,0,0,0,0,0,0
8.550000000000008,1030,6,3,1023,463,0,0,0,0,0,0
8.600000000000009,1008,3,1,995,330,0,0,0,0,0,0
8.65000000000001,997,3,0,954,222,0,0,0,0,0,0
8.70000000000001,1018,0,0,933,148,0,0,0,0,0,0
8.75000000000001,995,0,0,861,102,0,0,0,0,0,0
8.800000000000011,1022,0,0,789,55,0,0,0,0,0,0
8.850000000000012,1002,1,0,695,29,0,0,0,0,0,0
8.900000000000013,991,0,0,636,17,0,0,0,0,0,0
8.950000000000014,1001,0,0,467,2,0,0,0,0,0,0
9.000000000000014,1045,0,0,387,7,0,0,0,0,0,0
9.050000000000015,1060,0,0,307,3,0,0,0,0,0,0
9.100000000000016,1045,0,0,217,0,0,0,0,0,0,0
9.150000000000016,1002,0,0,146,0,0,0,0,0,0,0
9.200000000000017,1009,0,0,82,0,0,0,0,0,0,0
9.250000000000018,1050,0,0,53,0,0,0,0,0,0,0
9.300000000000018,1004,0,0,24,0,0,0,0,0,0,0
9.35000000000002,1064,0,0,18,0,0,0,0,0,0,0
9.40000000000002,972,0,0,8,0,0,0,0,0,0,0
9.45000000000002,973,0,0,3,0,0,0,0,0,0,0
9.500000000000021,932,0,0,3,0,0,0,0,0,0,0
9.550000000000022,923,0,0,2,0,0,0,0,0,0,0
9.600000000000023,838,0,0,1,0,0,0,0,0,0,0
9.650000000000023,803,0,0,0,0,0,0,0,0,0,0
9.700000000000024,696,0,0,0,0,0,0,0,0,0,0
9.750000000000025,528,0,0,0,0,0,0,0,0,0,0
9.800000000000026,439,0,0,0,0,0,0,0,0,0,0
9.850000000000026,278,0,0,0,0,0,0,0,0,0,0
9.900000000000027,191,0,0,0,0,0,0,0,0,0,0
9.950000000000028,122,0,0,0,0,0,0,0,0,0,0
10.000000000000028,41,0,0,0,0,0,0,0,0,0,0
10.05000000000003,0,0,0,0,0,0,0,0,0,0,0
10.10000000000003,0,0,0,0,0,0,0,0,0,0,0
10.15000000000003,0,0,0,0,0,0,0,0,0,0,0
10.200000000000031,0,0,0,0,0,0,0,0,0,0,0
10.250000000000032,0,0,0,0,0,0,0,0,0,0,0
10.300000000000033,0,0,0,0,0,0,0,0,0,0,0
10.350000000000033,0,0,0,0,0,0,0,0,0,0,0
10.400000000000034,0,0,0,0,0,0,0,0,0,0,0
10.450000000000035,0,0,0,0,0,0,0,0,0,0,0
10.500000000000036,0,0,0,0,0,0,0,0,0,0,0
10.550000000000036,0,0,0,0,0,0,0,0,0,0,0
10.600000000000037,0,0,0,0,0,0,0,0,0,0,0
10.650000000000038,0,0,0,0,0,0,0,0,0,0,0
10.700000000000038,0,0,0,0,0,0,0,0,0,0,0
10.750000000000039,0,0,0,0,0,0,0,0,0,0,0
10.80000000000004,0,0,0,0,0,0,0,0,0,0,0
10.85000000000004,0,0,0,0,0,0,0,0,0,0,0
10.900000000000041,0,0,0,0,0,0,0,0,0,0,0
10.950000000000042,0,0,0,0,0,0,0,0,0,0,0
11.000000000000043,0,0,0,0,0,0,0,0,0,0,0
11.050000000000043,0,0,0,0,0,0,0,0,0,0,0
11.100000000000044,0,0,0,0,0,0,0,0,0,0,0
11.150000000000045,0,0,0,0,0,0,0,0,0,0,0
11.200000000000045,0,0,0,0,0,0,0,0,0,0,0
11.250000000000046,0,0,0,0,0,0,0,0,0,0,0
11.300000000000047,0,0,0,0,0,0,0,0,0,0,0
11.350000000000048,0,0,0,0,0,0,0,0,0,0,0
11.400000000000048,0,0,0,0,0,0,0,0,0,0,0
11.450000000000049,0,0,0,0,0,0,0,0,0,0,0
11.50000000000005,0,0,0,0,0,0,0,0,0,0,0
11.55000000000005,0,0,0,0,0,0,0,0,0,0,0
11.600000000000051,0,0,0,0,0,0,0,0,0,0,0
11.650000000000052,0,0,0,0,0,0,0,0,0,0,0
11.700000000000053,0,0,0,0,0,0,0,0,0,0,0
11.750000000000053,0,0,0,0,0,0,0,0,0,0,0
11.800000000000054,0,0,0,0,0,0,0,0,0,0,0
11.850000000000055,0,0,0,0,0,0,0,0,0,0,0
11.900000000000055,0,0,0,0,0,0,0,0,0,0,0
11.950000000000056,0,0,0,0,0,0,0,0,0,0,0
12.000000000000057,0,0,0,0,0,0,0,0,0,0,0
12.050000000000058,0,0,0,0,0,0,0,0,0,0,0
12.100000000000058,0,0,0,0,0,0,0,0,0,0,0
12.150000000000059,0,0,0,0,0,0,0,0,0,0,0
12.20000000000006,0,0,0,0,0,0,0,0,0,0,0
12.25000000000006,0,0,0,0,0,0,0,0,0,0,0
12.300000000000061,0,0,0,0,0,0,0,0,0,0,0
12.350000000000062,0,0,0,0,0,0,0,0,0,0,0
12.400000000000063,0,0,0,0,0,0,0,0,0,0,0
12.450000000000063,0,0,0,0,0,0,0,0,0,0,0
12.500000000000064,0,0,0,0,0,0,0,0,0,0,0
12.550000000000065,0,0,0,0,0,0,0,0,0,0,0
12.600000000000065,0,0,0,0,0,0,0,0,0,0,0
12.650000000000066,0,0,0,0,0,0,0,0,0,0,0
12.700000000000067,0,0,0,0,0,0,0,0,0,0,0
12.750000000000068,0,0,0,0,0,0,0,0,0,0,0
12.800000000000068,0,0,0,0,0,0,0,0,0,0,0
12.850000000000069,0,0,0,0,0,0,0,0,0,0,0
12.90000000000007,0,0,0,0,0,0,0,0,0,0,0
12.95000000000007,0,0,0,0,0,0,0,0,0,0,0
13.000000000000071,0,0,0,0,0,0,0,0,0,0,0
13.050000000000072,0,0,0,0,0,0,0,0,0,0,0
13.100000000000072,0,0,0,0,0,0,0,0,0,0,0
13.150000000000073,0,0,0,0,0,0,0,0,0,0,0
13.200000000000074,0,0,0,0,0,0,0,0,0,0,0
13.250000000000075,0,0,0,0,0,0,0,0,0,0,0
13.300000000000075,0,0,0,0,0,0,0,0,0,0,0
13.350000000000076,0,0,0,0,0,0,0,0,0,0,0
13.400000000000077,0,0,0,0,0,0,0,0,0,0,0
13.450000000000077,0,0,0,0,0,0,0,0,0,0,0
13.500000000000078,0,0,0,0,0,0,0,0,0,0,0
13.550000000000079,0,0,0,0,0,0,0,0,0,0,0
13.60000000000008,0,0,0,0,0,0,0,0,0,0,0
13.65000000000008,0,0,0,0,0,0,0,0,0,0,0
13.700000000000081,0,0,0,0,0,0,0,0,0,0,0
13.750000000000082,0,0,0,0,0,0,0,0,0,0,0
13.800000000000082,0,0,0,0,0,0,0,0,0,0,0
13.850000000000083,0,0,0,0,0,0,0,0,0,0,0
13.900000000000084,0,0,0,0,0,0,0,0,0,0,0
13.950000000000085,0,0,0,0,0,0,0,0,0,0,0
14.000000000000085,0,0,0,0,0,0,0,0,0,0,0
14.050000000000086,0,0,0,0,0,0,0,0,0,0,0
14.100000000000087,0,0,0,0,0,0,0,0,0,0,0
14.150000000000087,0,0,0,0,0,0,0,0,0,0,0
14.200000000000088,0,0,0,0,0,0,0,0,0,0,0
14.250000000000089,0,0,0,0,0,0,0,0,0,0,0
14.30000000000009,0,0,0,0,0,0,0,0,0,0,0
14.35000000000009,0,0,0,0,0,0,0,0,0,0,0
14.400000000000091,0,0,0,0,0,0,0,0,0,0,0
14.450000000000092,0,0,0,0,0,0,0,0,0,0,0
14.500000000000092,0,0,0,0,0,0,0,0,0,0,0
14.550000000000093,0,0,0,0,0,0,0,0,0,0,0
14.600000000000094,0,0,0,0,0,0,0,0,0,0,0
14.650000000000095,0,0,0,0,0,0,0,0,0,0,0
14.700000000000095,0,0,0,0,0,0,0,0,0,0,0
14.750000000000096,0,0,0,0,0,0,0,0,0,0,0
14.800000000000097,0,0,0,0,0,0,0,0,0,0,0
14.850000000000097,0,0,0,0,0,0,0,0,0,0,0
14.900000000000098,0,0,0,0,0,0,0,0,0,0,0
14.950000000000099,0,0,0,0,0,0,0,0,0,0,0
15.0000000000001,0,0,0,0,0,0,0,0,0,0,0
15.0500000000001,0,0,0,0,0,0,0,0,0,0,0
15.100000000000101,0,0,0,0,0,0,0,0,0,0,0
15.150000000000102,0,0,0,0,0,0,0,0,0,0,0
15.200000000000102,0,0,0,0,0,0,0,0,0,0,0
15.250000000000103,0,0,0,0,0,0,0,0,0,0,0
15.300000000000104,0,0,0,0,0,0,0,0,0,0,0
15.350000000000104,0,0,0,0,0,0,0,0,0,0,0
15.400000000000105,0,0,0,0,0,0,0,0,0,0,0
15.450000000000106,0,0,0,0,0,0,0,0,0,0,0
15.500000000000107,0,0,0,0,0,0,0,0,0,0,0
15.550000000000107,0,0,0,0,0,0,0,0,0,0,0
15.600000000000108,0,0,0,0,0,0,0,0,0,0,0
15.650000000000109,0,0,0,0,0,0,0,0,0,0,0
15.70000000000011,0,0,0,0,0,0,0,0,0,0,0
15.75000000000011,0,0,0,0,0,0,0,0,0,0,0
15.80000000000011,0,0,0,0,0,0,0,0,0,0,0
15.850000000000112,0,0,0,0,0,0,0,0,0,0,0
15.900000000000112,0,0,0,0,0,0,0,0,0,0,0
15.950000000000113,0,0,0,0,0,0,0,0,0,0,0
*****
8,0.05,1000,0.3,0.7,10,100,0.85,1.0,0.65,1.0,0.1
8,1000,861,993,965,980,0,0,0,0,0,0
8.05,999,864,991,971,991,0,0,0,0,0,0
8.100000000000001,1059,904,1048,1018,1042,0,0,0,0,0,0
8.150000000000002,1016,814,998,983,1007,0,0,0,0,0,0
8.200000000000003,1030,783,989,1007,1011,0,0,0,0,0,0
8.250000000000004,1022,711,968,998,1007,0,0,0,0,0,0
8.300000000000004,1033,588,940,1006,1006,0,0,0,0,0,0
8.350000000000005,1019,494,892,978,988,0,0,0,0,0,0
8.400000000000006,1032,414,856,1002,988,0,0,0,0,0,0
8.450000000000006,978,304,738,951,910,0,0,0,0,0,0
8.500000000000007,1042,281,737,1015,954,0,0,0,0,0,0
8.550000000000008,968,187,608,937,823,0,0,0,0,0,0
8.600000000000009,1075,143,588,1035,837,0,0,0,0,0,0
8.65000000000001,1045,118,512,1001,746,0,0,0,0,0,0
8.70000000000001,1039,68,403,982,607,0,0,0,0,0,0
8.75000000000001,1046,69,338,965,592,0,0,0,0,0,0
8.800000000000011,964,46,286,876,474,0,0,0,0,0,0
8.850000000000012,1045,36,242,889,432,0,0,0,0,0,0
8.900000000000013,1019,25,188,846,332,0,0,0,0,0,0
8.950000000000014,1049,15,132,816,272,0,0,0,0,0,0
9.000000000000014,977,13,118,723,226,0,0,0,0,0,0
9.050000000000015,1008,5,83,650,161,0,0,0,0,0,0
9.100000000000016,1026,3,70,604,137,0,0,0,0,0,0
9.150000000000016,1044,7,63,523,100,0,0,0,0,0,0
9.200000000000017,1003,1,29,462,80,0,0,0,0,0,0
9.250000000000018,1034,2,31,395,51,0,0,0,0,0,0
9.300000000000018,1044,5,29,344,47,0,0,0,0,0,0
9.35000000000002,1000,1,5,241,24,0,0,0,0,0,0
9.40000000000002,1046,1,9,209,20,0,0,0,0,0,0
9.45000000000002,1036,0,5,169,13,0,0,0,0,0,0
9.500000000000021,1062,1,8,126,18,0,0,0,0,0,0
9.550000000000022,983,0,2,81,4,0,0,0,0,0,0
9.600000000000023,1010,0,3,62,8,0,0,0,0,0,0
9.650000000000023,989,1,2,42,6,0,0,0,0,0,0
9.700000000000024,1041,0,0,33,1,0,0,0,0,0,0
9.750000000000025,1018,0,2,21,2,0,0,0,0,0,0
9.800000000000026,1082,0,0,10,1,0,0,0,0,0,0
9.850000000000026,999,0,1,7,1,0,0,0,0,0,0
9.900000000000027,1047,0,0,7,1,0,0,0,0,0,0
9.950000000000028,984,0,0,4,0,0,0,0,0,0,0
10.000000000000028,1034,0,0,1,0,0,0,0,0,0,0
10.05000000000003,1022,0,0,1,0,0,0,0,0,0,0
10.10000000000003,916,0,0,4,0,0,0,0,0,0,0
10.15000000000003,991,0,0,1,0,0,0,0,0,0,0
10.200000000000031,990,0,0,0,0,0,0,0,0,0,0
10.250000000000032,925,0,0,0,0,0,0,0,0,0,0
10.300000000000033,860,0,0,0,0,0,0,0,0,0,0
10.350000000000033,840,0,0,0,0,0,0,0,0,0,0
10.400000000000034,754,0,0,0,0,0,0,0,0,0,0
10.450000000000035,722,0,0,0,0,0,0,0,0,0,0
10.500000000000036,635,0,0,0,0,0,0,0,0,0,0
10.550000000000036,531,0,0,0,0,0,0,0,0,0,0
10.600000000000037,391,0,0,0,0,0,0,0,0,0,0
10.650000000000038,312,0,0,0,0,0,0,0,0,0,0
10.700000000000038,220,0,0,0,0,0,0,0,0,0,0
10.750000000000039,111,0,0,0,0,0,0,0,0,0,0
10.80000000000004,80,0,0,0,0,0,0,0,0,0,0
10.85000000000004,10,0,0,0,0,0,0,0,0,0,0
10.900000000000041,0,0,0,0,0,0,0,0,0,0,0
10.950000000000042,0,0,0,0,0,0,0,0,0,0,0
11.000000000000043,0,0,0,0,0,0,0,0,0,0,0
11.050000000000043,0,0,0,0,0,0,0,0,0,0,0
11.100000000000044,0,0,0,0,0,0,0,0,0,0,0
11.150000000000045,0,0,0,0,0,0,0,0,0,0,0
11.200000000000045,0,0,0,0,0,0,0,0,0,0,0
11.250000000000046,0,0,0,0,0,0,0,0,0,0,0
11.300000000000047,0,0,0,0,0,0,0,0,0,0,0
11.350000000000048,0,0,0,0,0,0,0,0,0,0,0
11.400000000000048,0,0,0,0,0,0,0,0,0,0,0
11.450000000000049,0,0,0,0,0,0,0,0,0,0,0
11.50000000000005,0,0,0,0,0,0,0,0,0,0,0
11.55000000000005,0,0,0,0,0,0,0,0,0,0,0
11.600000000000051,0,0,0,0,0,0,0,0,0,0,0
11.650000000000052,0,0,0,0,0,0,0,0,0,0,0
11.700000000000053,0,0,0,0,0,0,0,0,0,0,0
11.750000000000053,0,0,0,0,0,0,0,0,0,0,0
11.800000000000054,0,0,0,0,0,0,0,0,0,0,0
11.850000000000055,0,0,0,0,0,0,0,0,0,0,0
11.900000000000055,0,0,0,0,0,0,0,0,0,0,0
11.950000000000056,0,0,0,0,0,0,0,0,0,0,0
12.000000000000057,0,0,0,0,0,0,0,0,0,0,0
12.050000000000058,0,0,0,0,0,0,0,0,0,0,0
12.100000000000058,0,0,0,0,0,0,0,0,0,0,0
12.150000000000059,0,0,0,0,0,0,0,0,0,0,0
12.20000000000006,0,0,0,0,0,0,0,0,0,0,0
12.25000000000006,0,0,0,0,0,0,0,0,0,0,0
12.300000000000061,0,0,0,0,0,0,0,0,0,0,0
12.350000000000062,0,0,0,0,0,0,0,0,0,0,0
12.400000000000063,0,0,0,0,0,0,0,0,0,0,0
12.450000000000063,0,0,0,0,0,0,0,0,0,0,0
12.500000000000064,0,0,0,0,0,0,0,0,0,0,0
12.550000000000065,0,0,0,0,0,0,0,0,0,0,0
12.600000000000065,0,0,0,0,0,0,0,0,0,0,0
12.650000000000066,0,0,0,0,0,0,0,0,0,0,0
12.700000000000067,0,0,0,0,0,0,0,0,0,0,0
12.750000000000068,0,0,0,0,0,0,0,0,0,0,0
12.800000000000068,0,0,0,0,0,0,0,0,0,0,0
12.850000000000069,0,0,0,0,0,0,0,0,0,0,0
12.90000000000007,0,0,0,0,0,0,0,0,0,0,0
12.95000000000007,0,0,0,0,0,0,0,0,0,0,0
13.000000000000071,0,0,0,0,0,0,0,0,0,0,0
13.050000000000072,0,0,0,0,0,0,0,0,0,0,0
13.100000000000072,0,0,0,0,0,0,0,0,0,0,0
13.150000000000073,0,0,0,0,0,0,0,0,0,0,0
13.200000000000074,0,0,0,0,0,0,0,0,0,0,0
13.250000000000075,0,0,0,0,0,0,0,0,0,0,0
13.300000000000075,0,0,0,0,0,0,0,0,0,0,0
13.350000000000076,0,0,0,0,0,0,0,0,0,0,0
13.400000000000077,0,0,0,0,0,0,0,0,0,0,0
13.450000000000077,0,0,0,0,0,0,0,0,0,0,0
13.500000000000078,0,0,0,0,0,0,0,0,0,0,0
13.550000000000079,0,0,0,0,0,0,0,0,0,0,0
13.60000000000008,0,0,0,0,0,0,0,0,0,0,0
13.65000000000008,0,0,0,0,0,0,0,0,0,0,0
13.700000000000081,0,0,0,0,0,0,0,0,0,0,0
13.750000000000082,0,0,0,0,0,0,0,0,0,0,0
13.800000000000082,0,0,0,0,0,0,0,0,0,0,0
13.850000000000083,0,0,0,0,0,0,0,0,0,0,0
13.900000000000084,0,0,0,0,0,0,0,0,0,0,0
13.950000000000085,0,0,0,0,0,0,0,0,0,0,0
14.000000000000085,0,0,0,0,0,0,0,0,0,0,0
14.050000000000086,0,0,0,0,0,0,0,0,0,0,0
14.100000000000087,0,0,0,0,0,0,0,0,0,0,0
14.150000000000087,0,0,0,0,0,0,0,0,0,0,0
14.200000000000088,0,0,0,0,0,0,0,0,0,0,0
14.250000000000089,0,0,0,0,0,0,0,0,0,0,0
14.30000000000009,0,0,0,0,0,0,0,0,0,0,0
14.35000000000009,0,0,0,0,0,0,0,0,0,0,0
14.400000000000091,0,0,0,0,0,0,0,0,0,0,0
14.450000000000092,0,0,0,0,0,0,0,0,0,0,0
14.500000000000092,0,0,0,0,0,0,0,0,0,0,0
14.550000000000093,0,0,0,0,0,0,0,0,0,0,0
14.600000000000094,0,0,0,0,0,0,0,0,0,0,0
14.650000000000095,0,0,0,0,0,0,0,0,0,0,0
14.700000000000095,0,0,0,0,0,0,0,0,0,0,0
14.750000000000096,0,0,0,0,0,0,0,0,0,0,0
14.800000000000097,0,0,0,0,0,0,0,0,0,0,0
14.850000000000097,0,0,0,0,0,0,0,0,0,0,0
14.900000000000098,0,0,0,0,0,0,0,0,0,0,0
14.950000000000099,0,0,0,0,0,0,0,0,0,0,0
15.0000000000001,0,0,0,0,0,0,0,0,0,0,0
15.0500000000001,0,0,0,0,0,0,0,0,0,0,0
15.100000000000101,0,0,0,0,0,0,0,0,0,0,0
15.150000000000102,0,0,0,0,0,0,0,0,0,0,0
15.200000000000102,0,0,0,0,0,0,0,0,0,0,0
15.250000000000103,0,0,0,0,0,0,0,0,0,0,0
15.300000000000104,0,0,0,0,0,0,0,0,0,0,0
15.350000000000104,0,0,0,0,0,0,0,0,0,0,0
15.400000000000105,0,0,0,0,0,0,0,0,0,0,0
15.450000000000106,0,0,0,0,0,0,0,0,0,0,0
15.500000000000107,0,0,0,0,0,0,0,0,0,0,0
15.550000000000107,0,0,0,0,0,0,0,0,0,0,0
15.600000000000108,0,0,0,0,0,0,0,0,0,0,0
15.650000000000109,0,0,0,0,0,0,0,0,0,0,0
15.70000000000011,0,0,0,0,0,0,0,0,0,0,0
15.75000000000011,0,0,0,0,0,0,0,0,0,0,0
15.80000000000011,0,0,0,0,0,0,0,0,0,0,0
15.850000000000112,0,0,0,0,0,0,0,0,0,0,0
15.900000000000112,0,0,0,0,0,0,0,0,0,0,0
15.950000000000113,0,0,0,0,0,0,0,0,0,0,0
*****
8,0.05,1000,0.6,1,10,100,0.85,1.0,0.65,1.0,0.1
8,1000,5,32,59,32,0,0,0,0,0,0
8.05,1039,10,25,72,25,0,0,0,0,0,0
8.100000000000001,1023,2,25,94,25,0,0,0,0,0,0
8.150000000000002,998,1,18,93,18,0,0,0,0,0,0
8.200000000000003,1030,7,24,114,24,0,0,0,0,0,0
8.250000000000004,978,17,22,154,22,0,0,0,0,0,0
8.300000000000004,956,15,28,157,28,0,0,0,0,0,0
8.350000000000005,1019,12,19,203,19,0,0,0,0,0,0
8.400000000000006,1034,3,17,204,17,0,0,0,0,0,0
8.450000000000006,969,0,17,217,17,0,0,0,0,0,0
8.500000000000007,954,0,8,231,8,0,0,0,0,0,0
8.550000000000008,972,1,9,258,9,0,0,0,0,0,0
8.600000000000009,1027,2,9,301,9,0,0,0,0,0,0
8.65000000000001,988,0,7,279,7,0,0,0,0,0,0
8.70000000000001,1008,0,13,228,13,0,0,0,0,0,0
8.75000000000001,990,1,13,181,13,0,0,0,0,0,0
8.800000000000011,1007,1,18,122,18,0,0,0,0,0,0
8.850000000000012,1037,0,23,81,23,0,0,0,0,0,0
8.900000000000013,1010,0,9,58,9,0,0,0,0,0,0
8.950000000000014,1034,0,8,38,8,0,0,0,0,0,0
9.000000000000014,1032,0,4,38,4,0,0,0,0,0,0
9.050000000000015,1040,0,5,44,5,0,0,0,0,0,0
9.100000000000016,971,0,4,31,4,0,0,0,0,0,0
9.150000000000016,1006,0,5,21,5,0,0,0,0,0,0
9.200000000000017,983,0,4,19,4,0,0,0,0,0,0
9.250000000000018,1004,0,2,10,2,0,0,0,0,0,0
9.300000000000018,976,0,2,9,2,0,0,0,0,0,0
9.35000000000002,947,0,1,5,1,0,0,0,0,0,0
9.40000000000002,991,0,0,1,0,0,0,0,0,0,0
9.45000000000002,973,0,0,2,0,0,0,0,0,0,0
9.500000000000021,966,0,0,1,0,0,0,0,0,0,0
9.550000000000022,1006,0,2,0,2,0,0,0,0,0,0
9.600000000000023,1038,0,0,1,0,0,0,0,0,0,0
9.650000000000023,1052,0,0,0,0,0,0,0,0,0,0
9.700000000000024,999,0,0,0,0,0,0,0,0,0,0
9.750000000000025,980,0,0,0,0,0,0,0,0,0,0
9.800000000000026,971,0,0,0,0,0,0,0,0,0,0
9.850000000000026,982,0,0,0,0,0,0,0,0,0,0
9.900000000000027,985,0,0,0,0,0,0,0,0,0,0
9.950000000000028,958,0,0,0,0,0,0,0,0,0,0
10.000000000000028,932,0,0,0,0,0,0,0,0,0,0
10.05000000000003,856,0,0,0,0,0,0,0,0,0,0
10.10000000000003,784,0,0,0,0,0,0,0,0,0,0
10.15000000000003,686,0,0,0,0,0,0,0,0,0,0
10.200000000000031,553,0,0,0,0,0,0,0,0,0,0
10.250000000000032,500,0,0,0,0,0,0,0,0,0,0
10.300000000000033,386,0,0,0,0,0,0,0,0,0,0
10.350000000000033,253,0,0,0,0,0,0,0,0,0,0
10.400000000000034,144,0,0,0,0,0,0,0,0,0,0
10.450000000000035,94,0,0,0,0,0,0,0,0,0,0
10.500000000000036,79,0,0,0,0,0,0,0,0,0,0
10.550000000000036,48,0,0,0,0,0,0,0,0,0,0
10.600000000000037,11,0,0,0,0,0,0,0,0,0,0
10.650000000000038,0,0,0,0,0,0,0,0,0,0,0
10.700000000000038,0,0,0,0,0,0,0,0,0,0,0
10.750000000000039,0,0,0,0,0,0,0,0,0,0,0
10.80000000000004,0,0,0,0,0,0,0,0,0,0,0
10.85000000000004,0,0,0,0,0,0,0,0,0,0,0
10.900000000000041,0,0,0,0,0,0,0,0,0,0,0
10.950000000000042,0,0,0,0,0,0,0,0,0,0,0
11.000000000000043,0,0,0,0,0,0,0,0,0,0,0
11.050000000000043,0,0,0,0,0,0,0,0,0,0,0
11.100000000000044,0,0,0,0,0,0,0,0,0,0,0
11.150000000000045,0,0,0,0,0,0,0,0,0,0,0
11.200000000000045,0,0,0,0,0,0,0,0,0,0,0
11.250000000000046,0,0,0,0,0,0,0,0,0,0,0
11.300000000000047,0,0,0,0,0,0,0,0,0,0,0
11.350000000000048,0,0,0,0,0,0,0,0,0,0,0
11.400000000000048,0,0,0,0,0,0,0,0,0,0,0
11.450000000000049,0,0,0,0,0,0,0,0,0,0,0
11.50000000000005,0,0,0,0,0,0,0,0,0,0,0
11.55000000000005,0,0,0,0,0,0,0,0,0,0,0
11.600000000000051,0,0,0,0,0,0,0,0,0,0,0
11.650000000000052,0,0,0,0,0,0,0,0,0,0,0
11.700000000000053,0,0,0,0,0,0,0,0,0,0,0
11.750000000000053,0,0,0,0,0,0,0,0,0,0,0
11.800000000000054,0,0,0,0,0,0,0,0,0,0,0
11.850000000000055,0,0,0,0,0,0,0,0,0,0,0
11.900000000000055,0,0,0,0,0,0,0,0,0,0,0
11.950000000000056,0,0,0,0,0,0,0,0,0,0,0
12.000000000000057,0,0,0,0,0,0,0,0,0,0,0
12.050000000000058,0,0,0,0,0,0,0,0,0,0,0
12.100000000000058,0,0,0,0,0,0,0,0,0,0,0
12.150000000000059,0,0,0,0,0,0,0,0,0,0,0
12.20000000000006,0,0,0,0,0,0,0,0,0,0,0
12.25000000000006,0,0,0,0,0,0,0,0,0,0,0
12.300000000000061,0,0,0,0,0,0,0,0,0,0,0
12.350000000000062,0,0,0,0,0,0,0,0,0,0,0
12.400000000000063,0,0,0,0,0,0,0,0,0,0,0
12.450000000000063,0,0,0,0,0,0,0,0,0,0,0
12.500000000000064,0,0,0,0,0,0,0,0,0,0,0
12.550000000000065,0,0,0,0,0,0,0,0,0,0,0
12.600000000000065,0,0,0,0,0,0,0,0,0,0,0
12.650000000000066,0,0,0,0,0,0,0,0,0,0,0
12.700000000000067,0,0,0,0,0,0,0,0,0,0,0
12.750000000000068,0,0,0,0,0,0,0,0,0,0,0
12.800000000000068,0,0,0,0,0,0,0,0,0,0,0
12.850000000000069,0,0,0,0,0,0,0,0,0,0,0
12.90000000000007,0,0,0,0,0,0,0,0,0,0,0
12.95000000000007,0,0,0,0,0,0,0,0,0,0,0
13.000000000000071,0,0,0,0,0,0,0,0,0,0,0
13.050000000000072,0,0,0,0,0,0,0,0,0,0,0
13.100000000000072,0,0,0,0,0,0,0,0,0,0,0
13.150000000000073,0,0,0,0,0,0,0,0,0,0,0
13.200000000000074,0,0,0,0,0,0,0,0,0,0,0
13.250000000000075,0,0,0,0,0,0,0,0,0,0,0
13.300000000000075,0,0,0,0,0,0,0,0,0,0,0
13.350000000000076,0,0,0,0,0,0,0,0,0,0,0
13.400000000000077,0,0,0,0,0,0,0,0,0,0,0
13.450000000000077,0,0,0,0,0,0,0,0,0,0,0
13.500000000000078,0,0,0,0,0,0,0,0,0,0,0
13.550000000000079,0,0,0,0,0,0,0,0,0,0,0
13.60000000000008,0,0,0,0,0,0,0,0,0,0,0
13.65000000000008,0,0,0,0,0,0,0,0,0,0,0
13.700000000000081,0,0,0,0,0,0,0,0,0,0,0
13.750000000000082,0,0,0,0,0,0,0,0,0,0,0
13.800000000000082,0,0,0,0,0,0,0,0,0,0,0
13.850000000000083,0,0,0,0,0,0,0,0,0,0,0
13.900000000000084,0,0,0,0,0,0,0,0,0,0,0
13.950000000000085,0,0,0,0,0,0,0,0,0,0,0
14.000000000000085,0,0,0,0,0,0,0,0,0,0,0
14.050000000000086,0,0,0,0,0,0,0,0,0,0,0
14.100000000000087,0,0,0,0,0,0,0,0,0,0,0
14.150000000000087,0,0,0,0,0,0,0,0,0,0,0
14.200000000000088,0,0,0,0,0,0,0,0,0,0,0
14.250000000000089,0,0,0,0,0,0,0,0,0,0,0
14.30000000000009,0,0,0,0,0,0,0,0,0,0,0
14.35000000000009,0,0,0,0,0,0,0,0,0,0,0
14.400000000000091,0,0,0,0,0,0,0,0,0,0,0
14.450000000000092,0,0,0,0,0,0,0,0,0,0,0
14.500000000000092,0,0,0,0,0,0,0,0,0,0,0
14.550000000000093,0,0,0,0,0,0,0,0,0,0,0
14.600000000000094,0,0,0,0,0,0,0,0,0,0,0
14.650000000000095,0,0,0,0,0,0,0,0,0,0,0
14.700000000000095,0,0,0,0,0,0,0,0,0,0,0
14.750000000000096,0,0,0,0,0,0,0,0,0,0,0
14.800000000000097,0,0,0,0,0,0,0,0,0,0,0
14.850000000000097,0,0,0,0,0,0,0,0,0,0,0
14.900000000000098,0,0,0,0,0,0,0,0,0,0,0
14.950000000000099,0,0,0,0,0,0,0,0,0,0,0
15.0000000000001,0,0,0,0,0,0,0,0,0,0,0
15.0500000000001,0,0,0,0,0,0,0,0,0,0,0
15.100000000000101,0,0,0,0,0,0,0,0,0,0,0
15.150000000000102,0,0,0,0,0,0,0,0,0,0,0
15.200000000000102,0,0,0,0,0,0,0,0,0,0,0
15.250000000000103,0,0,0,0,0,0,0,0,0,0,0
15.300000000000104,0,0,0,0,0,0,0,0,0,0,0
15.350000000000104,0,0,0,0,0,0,0,0,0,0,0
15.400000000000105,0,0,0,0,0,0,0,0,0,0,0
15.450000000000106,0,0,0,0,0,0,0,0,0,0,0
15.500000000000107,0,0,0,0,0,0,0,0,0,0,0
15.550000000000107,0,0,0,0,0,0,0,0,0,0,0
15.600000000000108,0,0,0,0,0,0,0,0,0,0,0
15.650000000000109,0,0,0,0,0,0,0,0,0,0,0
15.70000000000011,0,0,0,0,0,0,0,0,0,0,0
15.75000000000011,0,0,0,0,0,0,0,0,0,0,0
15.80000000000011,0,0,0,0,0,0,0,0,0,0,0
15.850000000000112,0,0,0,0,0,0,0,0,0,0,0
15.900000000000112,0,0,0,0,0,0,0,0,0,0,0
15.950000000000113,0,0,0,0,0,0,0,0,0,0,0
