*****
8 , 0.05 , 1000 , 0 , 1 , 10 , 100 , 0.65 , 1.0 , 0.75 , 1.0 , .055
8.0,1000,984,990,782,992,0,967,981,702,980,0
8.05,965,932,954,765,950,0,922,946,683,937,0
8.1,1029,983,1017,818,1015,0,976,1008,740,998,0
8.15,974,902,950,787,957,0,894,943,713,948,0
8.2,995,892,957,798,963,0,891,947,741,955,0
8.25,1026,877,962,822,984,0,873,957,770,979,0
8.3,975,752,863,778,905,0,752,860,747,901,0
8.35,1061,748,884,862,952,0,746,879,815,943,0
8.4,943,557,689,750,786,0,558,687,722,782,0
8.45,961,488,667,759,747,0,486,667,745,747,0
8.5,955,436,586,741,684,0,434,584,724,683,0
8.55,988,350,517,690,628,0,350,516,683,629,0
8.6,965,285,453,634,545,0,285,453,623,544,0
8.65,893,184,323,520,416,0,185,323,512,415,0
8.7,981,168,304,530,377,0,168,304,522,376,0
8.75,990,116,243,471,329,0,116,243,459,329,0
8.8,1016,85,196,423,250,0,85,196,410,250,0
8.85,1003,58,141,348,186,0,58,141,338,186,0
8.9,974,39,93,268,145,0,39,92,264,144,0
8.95,974,40,93,238,132,0,40,94,238,133,0
9.0,981,22,52,195,71,0,22,52,196,71,0
9.05,1016,16,32,155,53,0,16,32,152,53,0
9.1,1043,11,28,133,50,0,11,28,130,50,0
9.15,1029,13,33,88,45,0,13,33,83,45,0
9.2,1009,5,13,70,18,0,5,13,67,18,0
9.25,995,2,10,50,15,0,2,10,50,15,0
9.3,946,1,5,36,8,0,1,5,34,8,0
9.35,979,3,6,43,9,0,3,6,43,9,0
9.4,1018,0,4,17,4,0,0,4,17,4,0
9.45,966,0,3,11,4,0,0,3,11,4,0
9.5,1056,0,1,11,1,0,0,1,11,1,0
9.55,1010,0,2,9,2,0,0,2,9,2,0
9.6,967,0,1,8,1,0,0,1,8,1,0
9.65,916,0,0,1,0,0,0,0,1,0,0
9.7,937,0,0,4,0,0,0,0,4,0,0
9.75,974,0,0,1,0,0,0,0,1,0,0
9.8,1077,0,0,0,0,0,0,0,0,0,0
9.85,989,0,0,1,0,0,0,0,1,0,0
9.9,1000,0,0,0,0,0,0,0,0,0,0
9.95,993,0,0,2,0,0,0,0,2,0,0
10.0,994,0,0,0,0,0,0,0,0,0,0
10.05,1001,0,0,1,0,0,0,0,1,0,0
10.1,1013,0,0,1,0,0,0,0,1,0,0
10.15,1075,0,0,0,0,0,0,0,0,0,0
10.2,981,0,0,0,0,0,0,0,0,0,0
10.25,950,0,0,0,0,0,0,0,0,0,0
10.3,1016,0,0,0,0,0,0,0,0,0,0
10.35,928,0,0,0,0,0,0,0,0,0,0
10.4,1004,0,0,0,0,0,0,0,0,0,0
10.45,971,0,0,0,0,0,0,0,0,0,0
10.5,1008,0,0,0,0,0,0,0,0,0,0
10.55,984,0,0,0,0,0,0,0,0,0,0
10.6,976,0,0,0,0,0,0,0,0,0,0
10.65,1025,0,0,0,0,0,0,0,0,0,0
10.7,995,0,0,0,0,0,0,0,0,0,0
10.75,975,0,0,0,0,0,0,0,0,0,0
10.8,989,0,0,0,0,0,0,0,0,0,0
10.85,948,0,0,0,0,0,0,0,0,0,0
10.9,1008,0,0,0,0,0,0,0,0,0,0
10.95,1026,0,0,0,0,0,0,0,0,0,0
11.0,938,0,0,0,0,0,0,0,0,0,0
11.05,988,0,0,0,0,0,0,0,0,0,0
11.1,977,0,0,0,0,0,0,0,0,0,0
11.15,997,0,0,0,0,0,0,0,0,0,0
11.2,975,0,0,0,0,0,0,0,0,0,0
11.25,1002,0,0,0,0,0,0,0,0,0,0
11.3,951,0,0,0,0,0,0,0,0,0,0
11.35,994,0,0,0,0,0,0,0,0,0,0
11.4,1023,0,0,0,0,0,0,0,0,0,0
11.45,991,0,0,0,0,0,0,0,0,0,0
11.5,1029,0,0,0,0,0,0,0,0,0,0
11.55,966,0,0,0,0,0,0,0,0,0,0
11.6,999,0,0,0,0,0,0,0,0,0,0
11.65,1005,0,0,0,0,0,0,0,0,0,0
11.7,993,0,0,0,0,0,0,0,0,0,0
11.75,1064,0,0,0,0,0,0,0,0,0,0
11.8,991,0,0,0,0,0,0,0,0,0,0
11.85,1019,0,0,0,0,0,0,0,0,0,0
11.9,955,0,0,0,0,0,0,0,0,0,0
11.95,989,0,0,0,0,0,0,0,0,0,0
12.0,985,0,0,0,0,0,0,0,0,0,0
12.05,980,0,0,0,0,0,0,0,0,0,0
12.100000000000001,953,0,0,0,0,0,0,0,0,0,0
12.15,938,0,0,0,0,0,0,0,0,0,0
12.2,1004,0,0,0,0,0,0,0,0,0,0
12.25,1009,0,0,0,0,0,0,0,0,0,0
12.3,994,0,0,0,0,0,0,0,0,0,0
12.350000000000001,1005,0,0,0,0,0,0,0,0,0,0
12.4,1008,0,0,0,0,0,0,0,0,0,0
12.45,995,0,0,0,0,0,0,0,0,0,0
12.5,1037,0,0,0,0,0,0,0,0,0,0
12.55,1036,0,0,0,0,0,0,0,0,0,0
12.600000000000001,955,0,0,0,0,0,0,0,0,0,0
12.65,955,0,0,0,0,0,0,0,0,0,0
12.7,969,0,0,0,0,0,0,0,0,0,0
12.75,982,0,0,0,0,0,0,0,0,0,0
12.8,1024,0,0,0,0,0,0,0,0,0,0
12.850000000000001,947,0,0,0,0,0,0,0,0,0,0
12.9,967,0,0,0,0,0,0,0,0,0,0
12.95,958,0,0,0,0,0,0,0,0,0,0
13.0,996,0,0,0,0,0,0,0,0,0,0
13.05,1024,0,0,0,0,0,0,0,0,0,0
13.100000000000001,974,0,0,0,0,0,0,0,0,0,0
13.15,960,0,0,0,0,0,0,0,0,0,0
13.2,992,0,0,0,0,0,0,0,0,0,0
13.25,1058,0,0,0,0,0,0,0,0,0,0
13.3,996,0,0,0,0,0,0,0,0,0,0
13.350000000000001,1042,0,0,0,0,0,0,0,0,0,0
13.4,1018,0,0,0,0,0,0,0,0,0,0
13.45,957,0,0,0,0,0,0,0,0,0,0
13.5,1002,0,0,0,0,0,0,0,0,0,0
13.55,984,0,0,0,0,0,0,0,0,0,0
13.600000000000001,960,0,0,0,0,0,0,0,0,0,0
13.65,911,0,0,0,0,0,0,0,0,0,0
13.7,971,0,0,0,0,0,0,0,0,0,0
13.75,968,0,0,0,0,0,0,0,0,0,0
13.8,988,0,0,0,0,0,0,0,0,0,0
13.850000000000001,996,0,0,0,0,0,0,0,0,0,0
13.9,927,0,0,0,0,0,0,0,0,0,0
13.95,903,0,0,0,0,0,0,0,0,0,0
14.0,1016,0,0,0,0,0,0,0,0,0,0
14.05,1026,0,0,0,0,0,0,0,0,0,0
14.100000000000001,994,0,0,0,0,0,0,0,0,0,0
14.15,1000,0,0,0,0,0,0,0,0,0,0
14.2,985,0,0,0,0,0,0,0,0,0,0
14.25,1030,0,0,0,0,0,0,0,0,0,0
14.3,1006,0,0,0,0,0,0,0,0,0,0
14.350000000000001,995,0,0,0,0,0,0,0,0,0,0
14.4,919,0,0,0,0,0,0,0,0,0,0
14.45,981,0,0,0,0,0,0,0,0,0,0
14.5,1020,0,0,0,0,0,0,0,0,0,0
14.55,922,0,0,0,0,0,0,0,0,0,0
14.600000000000001,940,0,0,0,0,0,0,0,0,0,0
14.65,995,0,0,0,0,0,0,0,0,0,0
14.7,1023,0,0,0,0,0,0,0,0,0,0
14.75,972,0,0,0,0,0,0,0,0,0,0
14.8,972,0,0,0,0,0,0,0,0,0,0
14.850000000000001,1057,0,0,0,0,0,0,0,0,0,0
14.9,932,0,0,0,0,0,0,0,0,0,0
14.95,1073,0,0,0,0,0,0,0,0,0,0
15.0,966,0,0,0,0,0,0,0,0,0,0
15.05,1013,0,0,0,0,0,0,0,0,0,0
15.100000000000001,958,0,0,0,0,0,0,0,0,0,0
15.15,1005,0,0,0,0,0,0,0,0,0,0
15.2,1016,0,0,0,0,0,0,0,0,0,0
15.25,993,0,0,0,0,0,0,0,0,0,0
15.3,965,0,0,0,0,0,0,0,0,0,0
15.350000000000001,1033,0,0,0,0,0,0,0,0,0,0
15.4,1000,0,0,0,0,0,0,0,0,0,0
15.45,968,0,0,0,0,0,0,0,0,0,0
15.5,969,0,0,0,0,0,0,0,0,0,0
15.55,1002,0,0,0,0,0,0,0,0,0,0
15.600000000000001,1018,0,0,0,0,0,0,0,0,0,0
15.65,959,0,0,0,0,0,0,0,0,0,0
15.7,995,0,0,0,0,0,0,0,0,0,0
15.75,967,0,0,0,0,0,0,0,0,0,0
15.8,952,0,0,0,0,0,0,0,0,0,0
15.850000000000001,962,0,0,0,0,0,0,0,0,0,0
15.9,1084,0,0,0,0,0,0,0,0,0,0
15.95,959,0,0,0,0,0,0,0,0,0,0
16.0,993,0,0,0,0,0,0,0,0,0,0
16.05,934,0,0,0,0,0,0,0,0,0,0
16.1,841,0,0,0,0,0,0,0,0,0,0
16.15,797,0,0,0,0,0,0,0,0,0,0
16.200000000000003,753,0,0,0,0,0,0,0,0,0,0
16.25,721,0,0,0,0,0,0,0,0,0,0
16.3,659,0,0,0,0,0,0,0,0,0,0
16.35,644,0,0,0,0,0,0,0,0,0,0
16.4,546,0,0,0,0,0,0,0,0,0,0
16.450000000000003,544,0,0,0,0,0,0,0,0,0,0
16.5,523,0,0,0,0,0,0,0,0,0,0
16.55,418,0,0,0,0,0,0,0,0,0,0
16.6,332,0,0,0,0,0,0,0,0,0,0
16.65,311,0,0,0,0,0,0,0,0,0,0
16.700000000000003,268,0,0,0,0,0,0,0,0,0,0
16.75,230,0,0,0,0,0,0,0,0,0,0
16.8,163,0,0,0,0,0,0,0,0,0,0
16.85,132,0,0,0,0,0,0,0,0,0,0
16.9,64,0,0,0,0,0,0,0,0,0,0
16.950000000000003,18,0,0,0,0,0,0,0,0,0,0
*****
8 , 0.05 , 1000 , 0 , 0.4 , 10 , 100 , 0.65 , 1.0 , 0.75 , 1.0 , .055
8.0,1000,1000,997,1000,1000,0,1000,997,1000,1000,0
8.05,990,990,976,990,990,0,990,976,990,990,0
8.1,1031,1031,1019,1031,1031,0,1031,1019,1031,1031,0
8.15,931,931,914,931,931,0,931,914,931,931,0
8.2,1036,1036,988,1036,1036,0,1036,988,1036,1036,0
8.25,1020,1020,960,1020,1020,0,1020,960,1020,1020,0
8.3,980,980,884,980,980,0,980,884,980,980,0
8.35,991,990,845,991,991,0,990,845,991,991,0
8.4,947,947,783,947,947,0,947,783,947,947,0
8.45,1059,1058,799,1059,1059,0,1058,799,1059,1059,0
8.5,980,976,667,980,980,0,976,667,980,980,0
8.55,1020,1012,645,1020,1018,0,1012,645,1020,1018,0
8.6,1034,999,552,1034,1031,0,999,552,1034,1031,0
8.65,998,950,460,998,992,0,950,460,998,992,0
8.7,1017,892,364,1016,986,0,892,364,1016,986,0
8.75,997,839,288,993,956,0,839,288,993,956,0
8.8,996,729,222,980,901,0,729,222,980,901,0
8.85,943,618,202,919,812,0,618,202,919,812,0
8.9,1040,567,170,994,822,0,567,170,994,822,0
8.95,1037,435,119,949,689,0,435,119,949,689,0
9.0,1045,320,81,913,575,0,320,81,913,575,0
9.05,1044,242,48,815,464,0,242,48,815,464,0
9.1,974,145,31,676,310,0,145,31,676,310,0
9.15,997,103,21,573,237,0,103,21,573,237,0
9.2,993,66,11,510,170,0,66,11,510,170,0
9.25,981,39,1,401,118,0,39,1,401,118,0
9.3,981,18,5,317,73,0,18,5,317,73,0
9.35,1037,10,0,238,52,0,10,0,238,52,0
9.4,1023,5,1,162,16,0,5,1,162,16,0
9.45,1002,5,2,116,16,0,5,2,116,16,0
9.5,1019,2,0,76,3,0,2,0,76,3,0
9.55,963,0,0,37,1,0,0,0,37,1,0
9.6,1008,0,0,30,4,0,0,0,30,4,0
9.65,980,0,0,14,1,0,0,0,14,1,0
9.7,994,0,0,6,0,0,0,0,6,0,0
9.75,1009,0,0,1,0,0,0,0,1,0,0
9.8,981,0,0,2,0,0,0,0,2,0,0
9.85,1050,0,0,0,0,0,0,0,0,0,0
9.9,1040,0,0,0,0,0,0,0,0,0,0
9.95,978,0,0,0,0,0,0,0,0,0,0
10.0,1018,0,0,0,0,0,0,0,0,0,0
10.05,996,0,0,0,0,0,0,0,0,0,0
10.1,988,0,0,0,0,0,0,0,0,0,0
10.15,1016,0,0,0,0,0,0,0,0,0,0
10.2,996,0,0,0,0,0,0,0,0,0,0
10.25,989,0,0,0,0,0,0,0,0,0,0
10.3,982,0,0,0,0,0,0,0,0,0,0
10.35,1013,0,0,0,0,0,0,0,0,0,0
10.4,1014,0,0,0,0,0,0,0,0,0,0
10.45,994,0,0,0,0,0,0,0,0,0,0
10.5,993,0,0,0,0,0,0,0,0,0,0
10.55,1051,0,0,0,0,0,0,0,0,0,0
10.6,985,0,0,0,0,0,0,0,0,0,0
10.65,1008,0,0,0,0,0,0,0,0,0,0
10.7,990,0,0,0,0,0,0,0,0,0,0
10.75,972,0,0,0,0,0,0,0,0,0,0
10.8,1043,0,0,0,0,0,0,0,0,0,0
10.85,1045,0,0,0,0,0,0,0,0,0,0
10.9,991,0,0,0,0,0,0,0,0,0,0
10.95,1028,0,0,0,0,0,0,0,0,0,0
11.0,974,0,0,0,0,0,0,0,0,0,0
11.05,1027,0,0,0,0,0,0,0,0,0,0
11.1,989,0,0,0,0,0,0,0,0,0,0
11.15,993,0,0,0,0,0,0,0,0,0,0
11.2,999,0,0,0,0,0,0,0,0,0,0
11.25,1034,0,0,0,0,0,0,0,0,0,0
11.3,996,0,0,0,0,0,0,0,0,0,0
11.35,1002,0,0,0,0,0,0,0,0,0,0
11.4,940,0,0,0,0,0,0,0,0,0,0
11.45,1036,0,0,0,0,0,0,0,0,0,0
11.5,1011,0,0,0,0,0,0,0,0,0,0
11.55,1016,0,0,0,0,0,0,0,0,0,0
11.6,994,0,0,0,0,0,0,0,0,0,0
11.65,1029,0,0,0,0,0,0,0,0,0,0
11.7,987,0,0,0,0,0,0,0,0,0,0
11.75,960,0,0,0,0,0,0,0,0,0,0
11.8,1035,0,0,0,0,0,0,0,0,0,0
11.85,1016,0,0,0,0,0,0,0,0,0,0
11.9,995,0,0,0,0,0,0,0,0,0,0
11.95,990,0,0,0,0,0,0,0,0,0,0
12.0,975,0,0,0,0,0,0,0,0,0,0
12.05,1056,0,0,0,0,0,0,0,0,0,0
12.100000000000001,1018,0,0,0,0,0,0,0,0,0,0
12.15,1003,0,0,0,0,0,0,0,0,0,0
12.2,993,0,0,0,0,0,0,0,0,0,0
12.25,988,0,0,0,0,0,0,0,0,0,0
12.3,1003,0,0,0,0,0,0,0,0,0,0
12.350000000000001,990,0,0,0,0,0,0,0,0,0,0
12.4,1000,0,0,0,0,0,0,0,0,0,0
12.45,1020,0,0,0,0,0,0,0,0,0,0
12.5,1034,0,0,0,0,0,0,0,0,0,0
12.55,950,0,0,0,0,0,0,0,0,0,0
12.600000000000001,1019,0,0,0,0,0,0,0,0,0,0
12.65,1028,0,0,0,0,0,0,0,0,0,0
12.7,1020,0,0,0,0,0,0,0,0,0,0
12.75,997,0,0,0,0,0,0,0,0,0,0
12.8,1057,0,0,0,0,0,0,0,0,0,0
12.850000000000001,1029,0,0,0,0,0,0,0,0,0,0
12.9,956,0,0,0,0,0,0,0,0,0,0
12.95,987,0,0,0,0,0,0,0,0,0,0
13.0,979,0,0,0,0,0,0,0,0,0,0
13.05,1047,0,0,0,0,0,0,0,0,0,0
13.100000000000001,1000,0,0,0,0,0,0,0,0,0,0
13.15,1002,0,0,0,0,0,0,0,0,0,0
13.2,1031,0,0,0,0,0,0,0,0,0,0
13.25,952,0,0,0,0,0,0,0,0,0,0
13.3,1033,0,0,0,0,0,0,0,0,0,0
13.350000000000001,994,0,0,0,0,0,0,0,0,0,0
13.4,1022,0,0,0,0,0,0,0,0,0,0
13.45,996,0,0,0,0,0,0,0,0,0,0
13.5,982,0,0,0,0,0,0,0,0,0,0
13.55,979,0,0,0,0,0,0,0,0,0,0
13.600000000000001,1003,0,0,0,0,0,0,0,0,0,0
13.65,949,0,0,0,0,0,0,0,0,0,0
13.7,1072,0,0,0,0,0,0,0,0,0,0
13.75,1052,0,0,0,0,0,0,0,0,0,0
13.8,956,0,0,0,0,0,0,0,0,0,0
13.850000000000001,1004,0,0,0,0,0,0,0,0,0,0
13.9,1011,0,0,0,0,0,0,0,0,0,0
13.95,1001,0,0,0,0,0,0,0,0,0,0
14.0,1011,0,0,0,0,0,0,0,0,0,0
14.05,979,0,0,0,0,0,0,0,0,0,0
14.100000000000001,1043,0,0,0,0,0,0,0,0,0,0
14.15,964,0,0,0,0,0,0,0,0,0,0
14.2,970,0,0,0,0,0,0,0,0,0,0
14.25,1033,0,0,0,0,0,0,0,0,0,0
14.3,1034,0,0,0,0,0,0,0,0,0,0
14.350000000000001,956,0,0,0,0,0,0,0,0,0,0
14.4,1008,0,0,0,0,0,0,0,0,0,0
14.45,974,0,0,0,0,0,0,0,0,0,0
14.5,940,0,0,0,0,0,0,0,0,0,0
14.55,1036,0,0,0,0,0,0,0,0,0,0
14.600000000000001,1080,0,0,0,0,0,0,0,0,0,0
14.65,953,0,0,0,0,0,0,0,0,0,0
14.7,985,0,0,0,0,0,0,0,0,0,0
14.75,999,0,0,0,0,0,0,0,0,0,0
14.8,1005,0,0,0,0,0,0,0,0,0,0
14.850000000000001,1024,0,0,0,0,0,0,0,0,0,0
14.9,1007,0,0,0,0,0,0,0,0,0,0
14.95,999,0,0,0,0,0,0,0,0,0,0
15.0,981,0,0,0,0,0,0,0,0,0,0
15.05,1004,0,0,0,0,0,0,0,0,0,0
15.100000000000001,1022,0,0,0,0,0,0,0,0,0,0
15.15,1009,0,0,0,0,0,0,0,0,0,0
15.2,1032,0,0,0,0,0,0,0,0,0,0
15.25,941,0,0,0,0,0,0,0,0,0,0
15.3,1043,0,0,0,0,0,0,0,0,0,0
15.350000000000001,1033,0,0,0,0,0,0,0,0,0,0
15.4,1013,0,0,0,0,0,0,0,0,0,0
15.45,989,0,0,0,0,0,0,0,0,0,0
15.5,1009,0,0,0,0,0,0,0,0,0,0
15.55,1005,0,0,0,0,0,0,0,0,0,0
15.600000000000001,952,0,0,0,0,0,0,0,0,0,0
15.65,988,0,0,0,0,0,0,0,0,0,0
15.7,974,0,0,0,0,0,0,0,0,0,0
15.75,1004,0,0,0,0,0,0,0,0,0,0
15.8,1056,0,0,0,0,0,0,0,0,0,0
15.850000000000001,1018,0,0,0,0,0,0,0,0,0,0
15.9,1031,0,0,0,0,0,0,0,0,0,0
15.95,976,0,0,0,0,0,0,0,0,0,0
16.0,919,0,0,0,0,0,0,0,0,0,0
16.05,789,0,0,0,0,0,0,0,0,0,0
16.1,709,0,0,0,0,0,0,0,0,0,0
16.15,582,0,0,0,0,0,0,0,0,0,0
16.200000000000003,429,0,0,0,0,0,0,0,0,0,0
16.25,335,0,0,0,0,0,0,0,0,0,0
16.3,187,0,0,0,0,0,0,0,0,0,0
16.35,61,0,0,0,0,0,0,0,0,0,0
*****
8 , 0.05 , 1000 , 0.3 , 0.7 , 10 , 100 , 0.65 , 1.0 , 0.75 , 1.0 , .055
8.0,1000,991,999,970,997,0,954,984,913,977,0
8.05,1053,1042,1050,1022,1049,0,995,1037,937,1028,0
8.1,973,968,972,935,973,0,929,961,878,955,0
8.15,1097,1089,1097,1067,1095,0,1048,1085,1030,1078,0
8.2,971,964,971,942,971,0,920,959,886,952,0
8.25,1003,993,1001,979,1002,0,963,985,940,988,0
8.3,1051,1034,1048,1025,1049,0,1000,1040,982,1032,0
8.35,971,957,964,945,969,0,936,955,887,955,0
8.4,1006,975,995,976,1003,0,950,985,936,982,0
8.45,1026,985,1009,999,1021,0,957,1007,949,1007,0
8.5,1029,980,1011,989,1021,0,955,995,945,1001,0
8.55,1052,970,1016,1017,1039,0,952,1009,958,1031,0
8.6,1019,893,969,977,997,0,880,962,938,986,0
8.65,1014,861,955,950,990,0,853,947,923,977,0
8.7,987,786,887,919,945,0,778,886,891,940,0
8.75,974,715,842,903,913,0,708,838,875,907,0
8.8,1026,703,852,917,926,0,700,849,894,923,0
8.85,1008,619,771,890,866,0,616,769,873,861,0
8.9,1001,554,701,854,805,0,554,701,836,800,0
8.95,1062,546,690,859,810,0,545,689,838,807,0
9.0,1053,448,614,827,728,0,448,614,818,728,0
9.05,1027,389,558,763,673,0,389,557,757,672,0
9.1,998,321,454,661,574,0,320,453,657,571,0
9.15,1083,272,412,670,521,0,272,412,666,521,0
9.2,927,193,317,535,416,0,193,317,534,416,0
9.25,1038,198,310,522,405,0,197,310,520,404,0
9.3,1045,156,264,475,336,0,156,264,475,336,0
9.35,998,106,195,378,249,0,105,195,376,249,0
9.4,1030,112,181,353,232,0,112,181,352,232,0
9.45,990,57,113,266,155,0,57,113,266,155,0
9.5,1039,52,106,234,135,0,52,106,234,135,0
9.55,1055,43,75,191,104,0,43,75,191,104,0
9.6,992,21,44,144,65,0,21,44,144,65,0
9.65,993,19,39,114,53,0,19,39,114,53,0
9.7,1036,7,22,94,36,0,7,22,94,36,0
9.75,1015,10,26,84,34,0,10,26,83,34,0
9.8,1056,8,17,51,23,0,8,17,51,23,0
9.85,1018,8,13,34,17,0,8,13,34,17,0
9.9,1068,3,6,30,10,0,3,6,30,10,0
9.95,968,3,7,20,10,0,3,7,20,10,0
10.0,990,2,9,19,14,0,2,9,19,14,0
10.05,1055,2,4,12,5,0,2,4,12,5,0
10.1,1052,0,2,6,4,0,0,2,6,4,0
10.15,1057,2,3,11,4,0,2,3,11,4,0
10.2,1008,1,2,2,2,0,1,2,2,2,0
10.25,1018,0,0,2,0,0,0,0,2,0,0
10.3,973,0,1,3,1,0,0,1,3,1,0
10.35,986,1,1,2,2,0,1,1,2,2,0
10.4,1000,0,0,0,0,0,0,0,0,0,0
10.45,1004,0,0,0,0,0,0,0,0,0,0
10.5,1049,0,0,0,0,0,0,0,0,0,0
10.55,1079,0,0,0,0,0,0,0,0,0,0
10.6,1066,0,0,0,0,0,0,0,0,0,0
10.65,1000,0,1,1,1,0,0,1,1,1,0
10.7,1059,0,0,0,0,0,0,0,0,0,0
10.75,991,0,0,0,0,0,0,0,0,0,0
10.8,1004,0,0,0,0,0,0,0,0,0,0
10.85,1006,0,0,0,0,0,0,0,0,0,0
10.9,995,0,0,0,0,0,0,0,0,0,0
10.95,1016,0,0,0,0,0,0,0,0,0,0
11.0,1043,0,0,0,0,0,0,0,0,0,0
11.05,1018,0,0,0,0,0,0,0,0,0,0
11.1,1012,0,0,0,0,0,0,0,0,0,0
11.15,1055,0,0,0,0,0,0,0,0,0,0
11.2,1018,0,0,0,0,0,0,0,0,0,0
11.25,1030,0,0,0,0,0,0,0,0,0,0
11.3,1008,0,0,0,0,0,0,0,0,0,0
11.35,1036,0,0,0,0,0,0,0,0,0,0
11.4,1010,0,0,0,0,0,0,0,0,0,0
11.45,979,0,0,0,0,0,0,0,0,0,0
11.5,1043,0,0,0,0,0,0,0,0,0,0
11.55,1036,0,0,0,0,0,0,0,0,0,0
11.6,1002,0,0,0,0,0,0,0,0,0,0
11.65,1021,0,0,0,0,0,0,0,0,0,0
11.7,1017,0,0,0,0,0,0,0,0,0,0
11.75,1027,0,0,0,0,0,0,0,0,0,0
11.8,1036,0,0,0,0,0,0,0,0,0,0
11.85,1006,0,0,0,0,0,0,0,0,0,0
11.9,1052,0,0,0,0,0,0,0,0,0,0
11.95,981,0,0,0,0,0,0,0,0,0,0
12.0,976,0,0,0,0,0,0,0,0,0,0
12.05,996,0,0,0,0,0,0,0,0,0,0
12.100000000000001,1014,0,0,0,0,0,0,0,0,0,0
12.15,1088,0,0,0,0,0,0,0,0,0,0
12.2,1023,0,0,0,0,0,0,0,0,0,0
12.25,1042,0,0,0,0,0,0,0,0,0,0
12.3,1009,0,0,0,0,0,0,0,0,0,0
12.350000000000001,1022,0,0,0,0,0,0,0,0,0,0
12.4,973,0,0,0,0,0,0,0,0,0,0
12.45,1042,0,0,0,0,0,0,0,0,0,0
12.5,1022,0,0,0,0,0,0,0,0,0,0
12.55,1032,0,0,0,0,0,0,0,0,0,0
12.600000000000001,989,0,0,0,0,0,0,0,0,0,0
12.65,1022,0,0,0,0,0,0,0,0,0,0
12.7,1005,0,0,0,0,0,0,0,0,0,0
12.75,1009,0,0,0,0,0,0,0,0,0,0
12.8,1064,0,0,0,0,0,0,0,0,0,0
12.850000000000001,1015,0,0,0,0,0,0,0,0,0,0
12.9,986,0,0,0,0,0,0,0,0,0,0
12.95,1058,0,0,0,0,0,0,0,0,0,0
13.0,1010,0,0,0,0,0,0,0,0,0,0
13.05,1017,0,0,0,0,0,0,0,0,0,0
13.100000000000001,1017,0,0,0,0,0,0,0,0,0,0
13.15,988,0,0,0,0,0,0,0,0,0,0
13.2,975,0,0,0,0,0,0,0,0,0,0
13.25,1049,0,0,0,0,0,0,0,0,0,0
13.3,1026,0,0,0,0,0,0,0,0,0,0
13.350000000000001,1056,0,0,0,0,0,0,0,0,0,0
13.4,1066,0,0,0,0,0,0,0,0,0,0
13.45,988,0,0,0,0,0,0,0,0,0,0
13.5,1021,0,0,0,0,0,0,0,0,0,0
13.55,1005,0,0,0,0,0,0,0,0,0,0
13.600000000000001,996,0,0,0,0,0,0,0,0,0,0
13.65,1029,0,0,0,0,0,0,0,0,0,0
13.7,1043,0,0,0,0,0,0,0,0,0,0
13.75,986,0,0,0,0,0,0,0,0,0,0
13.8,992,0,0,0,0,0,0,0,0,0,0
13.850000000000001,992,0,0,0,0,0,0,0,0,0,0
13.9,1066,0,0,0,0,0,0,0,0,0,0
13.95,1023,0,0,0,0,0,0,0,0,0,0
14.0,1006,0,0,0,0,0,0,0,0,0,0
14.05,1023,0,0,0,0,0,0,0,0,0,0
14.100000000000001,1045,0,0,0,0,0,0,0,0,0,0
14.15,994,0,0,0,0,0,0,0,0,0,0
14.2,1005,0,0,0,0,0,0,0,0,0,0
14.25,1015,0,0,0,0,0,0,0,0,0,0
14.3,1034,0,0,0,0,0,0,0,0,0,0
14.350000000000001,977,0,0,0,0,0,0,0,0,0,0
14.4,1034,0,0,0,0,0,0,0,0,0,0
14.45,1014,0,0,0,0,0,0,0,0,0,0
14.5,1000,0,0,0,0,0,0,0,0,0,0
14.55,1086,0,0,0,0,0,0,0,0,0,0
14.600000000000001,1022,0,0,0,0,0,0,0,0,0,0
14.65,958,0,0,0,0,0,0,0,0,0,0
14.7,1004,0,0,0,0,0,0,0,0,0,0
14.75,1079,0,0,0,0,0,0,0,0,0,0
14.8,1009,0,0,0,0,0,0,0,0,0,0
14.850000000000001,996,0,0,0,0,0,0,0,0,0,0
14.9,1050,0,0,0,0,0,0,0,0,0,0
14.95,1020,0,0,0,0,0,0,0,0,0,0
15.0,1010,0,0,0,0,0,0,0,0,0,0
15.05,1044,0,0,0,0,0,0,0,0,0,0
15.100000000000001,1009,0,0,0,0,0,0,0,0,0,0
15.15,942,0,0,0,0,0,0,0,0,0,0
15.2,1000,0,0,0,0,0,0,0,0,0,0
15.25,1053,0,0,0,0,0,0,0,0,0,0
15.3,1016,0,0,0,0,0,0,0,0,0,0
15.350000000000001,1054,0,0,0,0,0,0,0,0,0,0
15.4,1033,0,0,0,0,0,0,0,0,0,0
15.45,1028,0,0,0,0,0,0,0,0,0,0
15.5,958,0,0,0,0,0,0,0,0,0,0
15.55,1052,0,0,0,0,0,0,0,0,0,0
15.600000000000001,1019,0,0,0,0,0,0,0,0,0,0
15.65,957,0,0,0,0,0,0,0,0,0,0
15.7,1046,0,0,0,0,0,0,0,0,0,0
15.75,1035,0,0,0,0,0,0,0,0,0,0
15.8,1007,0,0,0,0,0,0,0,0,0,0
15.850000000000001,1016,0,0,0,0,0,0,0,0,0,0
15.9,1050,0,0,0,0,0,0,0,0,0,0
15.95,1035,0,0,0,0,0,0,0,0,0,0
16.0,975,0,0,0,0,0,0,0,0,0,0
16.05,1027,0,0,0,0,0,0,0,0,0,0
16.1,1067,0,0,0,0,0,0,0,0,0,0
16.15,993,0,0,0,0,0,0,0,0,0,0
16.200000000000003,975,0,0,0,0,0,0,0,0,0,0
16.25,1029,0,0,0,0,0,0,0,0,0,0
16.3,983,0,0,0,0,0,0,0,0,0,0
16.35,809,0,0,0,0,0,0,0,0,0,0
16.4,685,0,0,0,0,0,0,0,0,0,0
16.450000000000003,611,0,0,0,0,0,0,0,0,0,0
16.5,440,0,0,0,0,0,0,0,0,0,0
16.55,325,0,0,0,0,0,0,0,0,0,0
16.6,205,0,0,0,0,0,0,0,0,0,0
16.65,61,0,0,0,0,0,0,0,0,0,0
*****
8 , 0.05 , 1000 , 0.6 , 1 , 10 , 100 , 0.65 , 1.0 , 0.75 , 1.0 , .055
8.0,1000,34,73,84,73,0,34,73,81,73,0
8.05,1048,52,118,95,118,0,56,108,88,108,0
8.1,978,39,110,122,110,0,45,109,113,109,0
8.15,1041,21,108,150,108,0,34,106,151,106,0
8.2,923,23,77,137,77,0,35,86,144,86,0
8.25,1017,70,93,153,93,0,75,112,173,112,0
8.3,922,71,83,186,83,0,76,118,216,118,0
8.35,979,81,108,201,108,0,83,137,227,137,0
8.4,974,35,90,216,90,0,35,114,271,114,0
8.45,965,11,55,220,55,0,11,83,259,83,0
8.5,944,5,24,202,24,0,5,42,240,42,0
8.55,960,4,34,200,34,0,4,51,231,51,0
8.6,994,8,38,168,38,0,8,49,194,49,0
8.65,998,8,40,117,40,0,9,48,132,48,0
8.7,1057,15,54,89,54,0,15,61,99,61,0
8.75,1023,6,39,63,39,0,7,45,68,45,0
8.8,972,4,33,38,33,0,4,39,42,39,0
8.85,1018,1,36,27,36,0,2,39,31,39,0
8.9,1014,2,25,27,25,0,2,32,30,32,0
8.95,971,0,23,33,23,0,0,24,35,24,0
9.0,923,0,16,24,16,0,0,18,26,18,0
9.05,993,0,10,14,10,0,0,12,15,12,0
9.1,982,1,5,9,5,0,0,6,10,6,0
9.15,931,0,3,13,3,0,0,4,13,4,0
9.2,998,0,5,5,5,0,0,6,6,6,0
9.25,976,1,6,6,6,0,1,6,6,6,0
9.3,1000,0,5,6,5,0,0,5,6,5,0
9.35,995,0,1,3,1,0,0,1,3,1,0
9.4,975,0,2,2,2,0,0,2,2,2,0
9.45,1017,0,0,1,0,0,0,0,1,0,0
9.5,978,0,1,1,1,0,0,1,1,1,0
9.55,1019,0,1,2,1,0,0,2,2,2,0
9.6,988,0,2,2,2,0,0,2,2,2,0
9.65,1008,0,0,0,0,0,0,0,0,0,0
9.7,1003,0,0,0,0,0,0,0,0,0,0
9.75,959,0,0,0,0,0,0,0,0,0,0
9.8,977,0,1,1,1,0,0,1,1,1,0
9.85,1018,0,0,0,0,0,0,0,0,0,0
9.9,964,0,0,0,0,0,0,0,0,0,0
9.95,978,0,0,0,0,0,0,0,0,0,0
10.0,941,1,1,0,1,0,1,1,0,1,0
10.05,981,0,0,0,0,0,0,0,0,0,0
10.1,1027,0,0,0,0,0,0,0,0,0,0
10.15,940,0,0,0,0,0,0,0,0,0,0
10.2,969,0,0,0,0,0,0,0,0,0,0
10.25,1001,0,0,0,0,0,0,0,0,0,0
10.3,1035,0,0,0,0,0,0,0,0,0,0
10.35,914,0,0,0,0,0,0,0,0,0,0
10.4,1060,0,0,0,0,0,0,0,0,0,0
10.45,1018,0,0,0,0,0,0,0,0,0,0
10.5,1008,0,0,0,0,0,0,0,0,0,0
10.55,932,0,0,0,0,0,0,0,0,0,0
10.6,989,0,0,0,0,0,0,0,0,0,0
10.65,970,0,0,0,0,0,0,0,0,0,0
10.7,1022,0,0,0,0,0,0,0,0,0,0
10.75,980,0,0,0,0,0,0,0,0,0,0
10.8,982,0,0,0,0,0,0,0,0,0,0
10.85,920,0,0,0,0,0,0,0,0,0,0
10.9,989,0,0,0,0,0,0,0,0,0,0
10.95,982,0,0,0,0,0,0,0,0,0,0
11.0,992,0,0,0,0,0,0,0,0,0,0
11.05,992,0,0,0,0,0,0,0,0,0,0
11.1,978,0,0,0,0,0,0,0,0,0,0
11.15,1026,0,0,0,0,0,0,0,0,0,0
11.2,929,0,0,0,0,0,0,0,0,0,0
11.25,1022,0,0,0,0,0,0,0,0,0,0
11.3,974,0,0,0,0,0,0,0,0,0,0
11.35,980,0,0,0,0,0,0,0,0,0,0
11.4,1032,0,0,0,0,0,0,0,0,0,0
11.45,960,0,0,0,0,0,0,0,0,0,0
11.5,961,0,0,0,0,0,0,0,0,0,0
11.55,1008,0,0,0,0,0,0,0,0,0,0
11.6,960,0,0,0,0,0,0,0,0,0,0
11.65,1029,0,0,0,0,0,0,0,0,0,0
11.7,984,0,0,0,0,0,0,0,0,0,0
11.75,932,0,0,0,0,0,0,0,0,0,0
11.8,1039,0,0,0,0,0,0,0,0,0,0
11.85,1013,0,0,0,0,0,0,0,0,0,0
11.9,956,0,0,0,0,0,0,0,0,0,0
11.95,933,0,0,0,0,0,0,0,0,0,0
12.0,1004,0,0,0,0,0,0,0,0,0,0
12.05,993,0,0,0,0,0,0,0,0,0,0
12.100000000000001,1007,0,0,0,0,0,0,0,0,0,0
12.15,972,0,0,0,0,0,0,0,0,0,0
12.2,967,0,0,0,0,0,0,0,0,0,0
12.25,996,0,0,0,0,0,0,0,0,0,0
12.3,993,0,0,0,0,0,0,0,0,0,0
12.350000000000001,992,0,0,0,0,0,0,0,0,0,0
12.4,957,0,0,0,0,0,0,0,0,0,0
12.45,987,0,0,0,0,0,0,0,0,0,0
12.5,988,0,0,0,0,0,0,0,0,0,0
12.55,1016,0,0,0,0,0,0,0,0,0,0
12.600000000000001,971,0,0,0,0,0,0,0,0,0,0
12.65,1012,0,0,0,0,0,0,0,0,0,0
12.7,974,0,0,0,0,0,0,0,0,0,0
12.75,954,0,0,0,0,0,0,0,0,0,0
12.8,971,0,0,0,0,0,0,0,0,0,0
12.850000000000001,1007,0,0,0,0,0,0,0,0,0,0
12.9,1011,0,0,0,0,0,0,0,0,0,0
12.95,1031,0,0,0,0,0,0,0,0,0,0
13.0,954,0,0,0,0,0,0,0,0,0,0
13.05,968,0,0,0,0,0,0,0,0,0,0
13.100000000000001,944,0,0,0,0,0,0,0,0,0,0
13.15,937,0,0,0,0,0,0,0,0,0,0
13.2,1020,0,0,0,0,0,0,0,0,0,0
13.25,1029,0,0,0,0,0,0,0,0,0,0
13.3,998,0,0,0,0,0,0,0,0,0,0
13.350000000000001,990,0,0,0,0,0,0,0,0,0,0
13.4,973,0,0,0,0,0,0,0,0,0,0
13.45,1015,0,0,0,0,0,0,0,0,0,0
13.5,1000,0,0,0,0,0,0,0,0,0,0
13.55,953,0,0,0,0,0,0,0,0,0,0
13.600000000000001,974,0,0,0,0,0,0,0,0,0,0
13.65,1019,0,0,0,0,0,0,0,0,0,0
13.7,988,0,0,0,0,0,0,0,0,0,0
13.75,1001,0,0,0,0,0,0,0,0,0,0
13.8,964,0,0,0,0,0,0,0,0,0,0
13.850000000000001,968,0,0,0,0,0,0,0,0,0,0
13.9,989,0,0,0,0,0,0,0,0,0,0
13.95,999,0,0,0,0,0,0,0,0,0,0
14.0,984,0,0,0,0,0,0,0,0,0,0
14.05,951,0,0,0,0,0,0,0,0,0,0
14.100000000000001,974,0,0,0,0,0,0,0,0,0,0
14.15,979,0,0,0,0,0,0,0,0,0,0
14.2,989,0,0,0,0,0,0,0,0,0,0
14.25,1044,0,0,0,0,0,0,0,0,0,0
14.3,976,0,0,0,0,0,0,0,0,0,0
14.350000000000001,986,0,0,0,0,0,0,0,0,0,0
14.4,1028,0,0,0,0,0,0,0,0,0,0
14.45,991,0,0,0,0,0,0,0,0,0,0
14.5,980,0,0,0,0,0,0,0,0,0,0
14.55,1007,0,0,0,0,0,0,0,0,0,0
14.600000000000001,949,0,0,0,0,0,0,0,0,0,0
14.65,919,0,0,0,0,0,0,0,0,0,0
14.7,984,0,0,0,0,0,0,0,0,0,0
14.75,968,0,0,0,0,0,0,0,0,0,0
14.8,1000,0,0,0,0,0,0,0,0,0,0
14.850000000000001,986,0,0,0,0,0,0,0,0,0,0
14.9,987,0,0,0,0,0,0,0,0,0,0
14.95,1023,0,0,0,0,0,0,0,0,0,0
15.0,1004,0,0,0,0,0,0,0,0,0,0
15.05,934,0,0,0,0,0,0,0,0,0,0
15.100000000000001,1003,0,0,0,0,0,0,0,0,0,0
15.15,1002,0,0,0,0,0,0,0,0,0,0
15.2,967,0,0,0,0,0,0,0,0,0,0
15.25,996,0,0,0,0,0,0,0,0,0,0
15.3,963,0,0,0,0,0,0,0,0,0,0
15.350000000000001,993,0,0,0,0,0,0,0,0,0,0
15.4,975,0,0,0,0,0,0,0,0,0,0
15.45,1004,0,0,0,0,0,0,0,0,0,0
15.5,966,0,0,0,0,0,0,0,0,0,0
15.55,1003,0,0,0,0,0,0,0,0,0,0
15.600000000000001,952,0,0,0,0,0,0,0,0,0,0
15.65,991,0,0,0,0,0,0,0,0,0,0
15.7,1022,0,0,0,0,0,0,0,0,0,0
15.75,973,0,0,0,0,0,0,0,0,0,0
15.8,1000,0,0,0,0,0,0,0,0,0,0
15.850000000000001,986,0,0,0,0,0,0,0,0,0,0
15.9,943,0,0,0,0,0,0,0,0,0,0
15.95,1003,0,0,0,0,0,0,0,0,0,0
16.0,994,0,0,0,0,0,0,0,0,0,0
16.05,1019,0,0,0,0,0,0,0,0,0,0
16.1,948,0,0,0,0,0,0,0,0,0,0
16.15,988,0,0,0,0,0,0,0,0,0,0
16.200000000000003,969,0,0,0,0,0,0,0,0,0,0
16.25,997,0,0,0,0,0,0,0,0,0,0
16.3,1022,0,0,0,0,0,0,0,0,0,0
16.35,955,0,0,0,0,0,0,0,0,0,0
16.4,960,0,0,0,0,0,0,0,0,0,0
16.450000000000003,983,0,0,0,0,0,0,0,0,0,0
16.5,996,0,0,0,0,0,0,0,0,0,0
16.55,984,0,0,0,0,0,0,0,0,0,0
16.6,921,0,0,0,0,0,0,0,0,0,0
16.65,813,0,0,0,0,0,0,0,0,0,0
16.700000000000003,696,0,0,0,0,0,0,0,0,0,0
16.75,548,0,0,0,0,0,0,0,0,0,0
16.8,415,0,0,0,0,0,0,0,0,0,0
16.85,305,0,0,0,0,0,0,0,0,0,0
16.9,202,0,0,0,0,0,0,0,0,0,0
16.950000000000003,59,0,0,0,0,0,0,0,0,0,0
