*****
8,0.05,1000,0,1,10,100,0.75,1.0,0.65,1.0,0.1
8,1000,795,897,593,900,0,0,0,0,0,0
8.05,966,611,800,586,863,0,0,0,0,0,0
8.100000000000001,941,454,709,578,853,0,0,0,0,0,0
8.150000000000002,993,272,630,599,843,0,0,0,0,0,0
8.200000000000003,974,156,508,619,797,0,0,0,0,0,0
8.250000000000004,893,97,417,596,679,0,0,0,0,0,0
8.300000000000004,1002,52,333,665,675,0,0,0,0,0,0
8.350000000000005,944,41,282,622,584,0,0,0,0,0,0
8.400000000000006,988,19,194,674,488,0,0,0,0,0,0
8.450000000000006,932,8,135,600,359,0,0,0,0,0,0
8.500000000000007,968,2,93,600,283,0,0,0,0,0,0
8.550000000000008,965,3,63,530,242,0,0,0,0,0,0
8.600000000000009,948,0,53,494,166,0,0,0,0,0,0
8.65000000000001,977,2,31,437,122,0,0,0,0,0,0
8.70000000000001,988,0,14,341,77,0,0,0,0,0,0
8.75000000000001,868,0,16,266,60,0,0,0,0,0,0
8.800000000000011,961,0,5,217,39,0,0,0,0,0,0
8.850000000000012,901,0,5,154,21,0,0,0,0,0,0
8.900000000000013,977,0,1,117,14,0,0,0,0,0,0
8.950000000000014,1001,0,1,75,15,0,0,0,0,0,0
9.000000000000014,954,0,1,56,7,0,0,0,0,0,0
9.050000000000015,947,0,1,33,5,0,0,0,0,0,0
9.100000000000016,943,0,0,30,2,0,0,0,0,0,0
9.150000000000016,990,0,0,10,0,0,0,0,0,0,0
9.200000000000017,923,0,0,16,1,0,0,0,0,0,0
9.250000000000018,955,0,0,5,0,0,0,0,0,0,0
9.300000000000018,881,0,0,3,0,0,0,0,0,0,0
9.35000000000002,886,0,0,3,0,0,0,0,0,0,0
9.40000000000002,902,0,0,0,0,0,0,0,0,0,0
9.45000000000002,840,0,0,1,0,0,0,0,0,0,0
9.500000000000021,823,0,0,0,0,0,0,0,0,0,0
9.550000000000022,762,0,0,0,0,0,0,0,0,0,0
9.600000000000023,738,0,0,0,0,0,0,0,0,0,0
9.650000000000023,662,0,0,0,0,0,0,0,0,0,0
9.700000000000024,640,0,0,0,0,0,0,0,0,0,0
9.750000000000025,565,0,0,0,0,0,0,0,0,0,0
9.800000000000026,490,0,0,0,0,0,0,0,0,0,0
9.850000000000026,471,0,0,0,0,0,0,0,0,0,0
9.900000000000027,414,0,0,0,0,0,0,0,0,0,0
9.950000000000028,371,0,0,0,0,0,0,0,0,0,0
10.000000000000028,312,0,0,0,0,0,0,0,0,0,0
10.05000000000003,267,0,0,0,0,0,0,0,0,0,0
10.10000000000003,236,0,0,0,0,0,0,0,0,0,0
10.15000000000003,176,0,0,0,0,0,0,0,0,0,0
10.200000000000031,130,0,0,0,0,0,0,0,0,0,0
10.250000000000032,112,0,0,0,0,0,0,0,0,0,0
10.300000000000033,47,0,0,0,0,0,0,0,0,0,0
10.350000000000033,65,0,0,0,0,0,0,0,0,0,0
10.400000000000034,31,0,0,0,0,0,0,0,0,0,0
10.450000000000035,14,0,0,0,0,0,0,0,0,0,0
10.500000000000036,0,0,0,0,0,0,0,0,0,0,0
10.550000000000036,0,0,0,0,0,0,0,0,0,0,0
10.600000000000037,0,0,0,0,0,0,0,0,0,0,0
10.650000000000038,0,0,0,0,0,0,0,0,0,0,0
10.700000000000038,0,0,0,0,0,0,0,0,0,0,0
10.750000000000039,0,0,0,0,0,0,0,0,0,0,0
10.80000000000004,0,0,0,0,0,0,0,0,0,0,0
10.85000000000004,0,0,0,0,0,0,0,0,0,0,0
10.900000000000041,0,0,0,0,0,0,0,0,0,0,0
10.950000000000042,0,0,0,0,0,0,0,0,0,0,0
11.000000000000043,0,0,0,0,0,0,0,0,0,0,0
11.050000000000043,0,0,0,0,0,0,0,0,0,0,0
11.100000000000044,0,0,0,0,0,0,0,0,0,0,0
11.150000000000045,0,0,0,0,0,0,0,0,0,0,0
11.200000000000045,0,0,0,0,0,0,0,0,0,0,0
11.250000000000046,0,0,0,0,0,0,0,0,0,0,0
11.300000000000047,0,0,0,0,0,0,0,0,0,0,0
11.350000000000048,0,0,0,0,0,0,0,0,0,0,0
11.400000000000048,0,0,0,0,0,0,0,0,0,0,0
11.450000000000049,0,0,0,0,0,0,0,0,0,0,0
11.50000000000005,0,0,0,0,0,0,0,0,0,0,0
11.55000000000005,0,0,0,0,0,0,0,0,0,0,0
11.600000000000051,0,0,0,0,0,0,0,0,0,0,0
11.650000000000052,0,0,0,0,0,0,0,0,0,0,0
11.700000000000053,0,0,0,0,0,0,0,0,0,0,0
11.750000000000053,0,0,0,0,0,0,0,0,0,0,0
11.800000000000054,0,0,0,0,0,0,0,0,0,0,0
11.850000000000055,0,0,0,0,0,0,0,0,0,0,0
11.900000000000055,0,0,0,0,0,0,0,0,0,0,0
11.950000000000056,0,0,0,0,0,0,0,0,0,0,0
12.000000000000057,0,0,0,0,0,0,0,0,0,0,0
12.050000000000058,0,0,0,0,0,0,0,0,0,0,0
12.100000000000058,0,0,0,0,0,0,0,0,0,0,0
12.150000000000059,0,0,0,0,0,0,0,0,0,0,0
12.20000000000006,0,0,0,0,0,0,0,0,0,0,0
12.25000000000006,0,0,0,0,0,0,0,0,0,0,0
12.300000000000061,0,0,0,0,0,0,0,0,0,0,0
12.350000000000062,0,0,0,0,0,0,0,0,0,0,0
12.400000000000063,0,0,0,0,0,0,0,0,0,0,0
12.450000000000063,0,0,0,0,0,0,0,0,0,0,0
12.500000000000064,0,0,0,0,0,0,0,0,0,0,0
12.550000000000065,0,0,0,0,0,0,0,0,0,0,0
12.600000000000065,0,0,0,0,0,0,0,0,0,0,0
12.650000000000066,0,0,0,0,0,0,0,0,0,0,0
12.700000000000067,0,0,0,0,0,0,0,0,0,0,0
12.750000000000068,0,0,0,0,0,0,0,0,0,0,0
12.800000000000068,0,0,0,0,0,0,0,0,0,0,0
12.850000000000069,0,0,0,0,0,0,0,0,0,0,0
12.90000000000007,0,0,0,0,0,0,0,0,0,0,0
12.95000000000007,0,0,0,0,0,0,0,0,0,0,0
13.000000000000071,0,0,0,0,0,0,0,0,0,0,0
13.050000000000072,0,0,0,0,0,0,0,0,0,0,0
13.100000000000072,0,0,0,0,0,0,0,0,0,0,0
13.150000000000073,0,0,0,0,0,0,0,0,0,0,0
13.200000000000074,0,0,0,0,0,0,0,0,0,0,0
13.250000000000075,0,0,0,0,0,0,0,0,0,0,0
13.300000000000075,0,0,0,0,0,0,0,0,0,0,0
13.350000000000076,0,0,0,0,0,0,0,0,0,0,0
13.400000000000077,0,0,0,0,0,0,0,0,0,0,0
13.450000000000077,0,0,0,0,0,0,0,0,0,0,0
13.500000000000078,0,0,0,0,0,0,0,0,0,0,0
13.550000000000079,0,0,0,0,0,0,0,0,0,0,0
13.60000000000008,0,0,0,0,0,0,0,0,0,0,0
13.65000000000008,0,0,0,0,0,0,0,0,0,0,0
13.700000000000081,0,0,0,0,0,0,0,0,0,0,0
13.750000000000082,0,0,0,0,0,0,0,0,0,0,0
13.800000000000082,0,0,0,0,0,0,0,0,0,0,0
13.850000000000083,0,0,0,0,0,0,0,0,0,0,0
13.900000000000084,0,0,0,0,0,0,0,0,0,0,0
13.950000000000085,0,0,0,0,0,0,0,0,0,0,0
14.000000000000085,0,0,0,0,0,0,0,0,0,0,0
14.050000000000086,0,0,0,0,0,0,0,0,0,0,0
14.100000000000087,0,0,0,0,0,0,0,0,0,0,0
14.150000000000087,0,0,0,0,0,0,0,0,0,0,0
14.200000000000088,0,0,0,0,0,0,0,0,0,0,0
14.250000000000089,0,0,0,0,0,0,0,0,0,0,0
14.30000000000009,0,0,0,0,0,0,0,0,0,0,0
14.35000000000009,0,0,0,0,0,0,0,0,0,0,0
14.400000000000091,0,0,0,0,0,0,0,0,0,0,0
14.450000000000092,0,0,0,0,0,0,0,0,0,0,0
14.500000000000092,0,0,0,0,0,0,0,0,0,0,0
14.550000000000093,0,0,0,0,0,0,0,0,0,0,0
14.600000000000094,0,0,0,0,0,0,0,0,0,0,0
14.650000000000095,0,0,0,0,0,0,0,0,0,0,0
14.700000000000095,0,0,0,0,0,0,0,0,0,0,0
14.750000000000096,0,0,0,0,0,0,0,0,0,0,0
14.800000000000097,0,0,0,0,0,0,0,0,0,0,0
14.850000000000097,0,0,0,0,0,0,0,0,0,0,0
14.900000000000098,0,0,0,0,0,0,0,0,0,0,0
14.950000000000099,0,0,0,0,0,0,0,0,0,0,0
15.0000000000001,0,0,0,0,0,0,0,0,0,0,0
15.0500000000001,0,0,0,0,0,0,0,0,0,0,0
15.100000000000101,0,0,0,0,0,0,0,0,0,0,0
15.150000000000102,0,0,0,0,0,0,0,0,0,0,0
15.200000000000102,0,0,0,0,0,0,0,0,0,0,0
15.250000000000103,0,0,0,0,0,0,0,0,0,0,0
15.300000000000104,0,0,0,0,0,0,0,0,0,0,0
15.350000000000104,0,0,0,0,0,0,0,0,0,0,0
15.400000000000105,0,0,0,0,0,0,0,0,0,0,0
15.450000000000106,0,0,0,0,0,0,0,0,0,0,0
15.500000000000107,0,0,0,0,0,0,0,0,0,0,0
15.550000000000107,0,0,0,0,0,0,0,0,0,0,0
15.600000000000108,0,0,0,0,0,0,0,0,0,0,0
15.650000000000109,0,0,0,0,0,0,0,0,0,0,0
15.70000000000011,0,0,0,0,0,0,0,0,0,0,0
15.75000000000011,0,0,0,0,0,0,0,0,0,0,0
15.80000000000011,0,0,0,0,0,0,0,0,0,0,0
15.850000000000112,0,0,0,0,0,0,0,0,0,0,0
15.900000000000112,0,0,0,0,0,0,0,0,0,0,0
15.950000000000113,0,0,0,0,0,0,0,0,0,0,0
*****
8,0.05,1000,0,0.4,10,100,0.75,1.0,0.65,1.0,0.1
8,1000,949,10,999,996,0,0,0,0,0,0
8.05,985,778,8,985,981,0,0,0,0,0,0
8.100000000000001,1057,480,9,1055,1056,0,0,0,0,0,0
8.150000000000002,990,237,3,990,987,0,0,0,0,0,0
8.200000000000003,979,106,2,977,970,0,0,0,0,0,0
8.250000000000004,991,37,1,989,959,0,0,0,0,0,0
8.300000000000004,1048,17,0,1044,973,0,0,0,0,0,0
8.350000000000005,1026,4,0,1019,866,0,0,0,0,0,0
8.400000000000006,956,3,0,943,710,0,0,0,0,0,0
8.450000000000006,1037,0,0,991,593,0,0,0,0,0,0
8.500000000000007,1010,0,0,936,451,0,0,0,0,0,0
8.550000000000008,1044,1,0,918,327,0,0,0,0,0,0
8.600000000000009,994,0,0,775,222,0,0,0,0,0,0
8.65000000000001,951,0,0,653,128,0,0,0,0,0,0
8.70000000000001,953,0,0,515,74,0,0,0,0,0,0
8.75000000000001,1050,0,0,489,44,0,0,0,0,0,0
8.800000000000011,1043,0,0,331,23,0,0,0,0,0,0
8.850000000000012,1044,0,0,247,10,0,0,0,0,0,0
8.900000000000013,1008,0,0,149,10,0,0,0,0,0,0
8.950000000000014,947,0,0,86,7,0,0,0,0,0,0
9.000000000000014,1057,0,0,52,1,0,0,0,0,0,0
9.050000000000015,1042,0,0,30,1,0,0,0,0,0,0
9.100000000000016,938,0,0,17,0,0,0,0,0,0,0
9.150000000000016,991,0,0,3,0,0,0,0,0,0,0
9.200000000000017,938,0,0,3,0,0,0,0,0,0,0
9.250000000000018,811,0,0,1,0,0,0,0,0,0,0
9.300000000000018,738,0,0,0,0,0,0,0,0,0,0
9.35000000000002,601,0,0,0,0,0,0,0,0,0,0
9.40000000000002,492,0,0,0,0,0,0,0,0,0,0
9.45000000000002,360,0,0,0,0,0,0,0,0,0,0
9.500000000000021,259,0,0,0,0,0,0,0,0,0,0
9.550000000000022,137,0,0,0,0,0,0,0,0,0,0
9.600000000000023,58,0,0,0,0,0,0,0,0,0,0
9.650000000000023,17,0,0,0,0,0,0,0,0,0,0
9.700000000000024,0,0,0,0,0,0,0,0,0,0,0
9.750000000000025,0,0,0,0,0,0,0,0,0,0,0
9.800000000000026,0,0,0,0,0,0,0,0,0,0,0
9.850000000000026,0,0,0,0,0,0,0,0,0,0,0
9.900000000000027,0,0,0,0,0,0,0,0,0,0,0
9.950000000000028,0,0,0,0,0,0,0,0,0,0,0
10.000000000000028,0,0,0,0,0,0,0,0,0,0,0
10.05000000000003,0,0,0,0,0,0,0,0,0,0,0
10.10000000000003,0,0,0,0,0,0,0,0,0,0,0
10.15000000000003,0,0,0,0,0,0,0,0,0,0,0
10.200000000000031,0,0,0,0,0,0,0,0,0,0,0
10.250000000000032,0,0,0,0,0,0,0,0,0,0,0
10.300000000000033,0,0,0,0,0,0,0,0,0,0,0
10.350000000000033,0,0,0,0,0,0,0,0,0,0,0
10.400000000000034,0,0,0,0,0,0,0,0,0,0,0
10.450000000000035,0,0,0,0,0,0,0,0,0,0,0
10.500000000000036,0,0,0,0,0,0,0,0,0,0,0
10.550000000000036,0,0,0,0,0,0,0,0,0,0,0
10.600000000000037,0,0,0,0,0,0,0,0,0,0,0
10.650000000000038,0,0,0,0,0,0,0,0,0,0,0
10.700000000000038,0,0,0,0,0,0,0,0,0,0,0
10.750000000000039,0,0,0,0,0,0,0,0,0,0,0
10.80000000000004,0,0,0,0,0,0,0,0,0,0,0
10.85000000000004,0,0,0,0,0,0,0,0,0,0,0
10.900000000000041,0,0,0,0,0,0,0,0,0,0,0
10.950000000000042,0,0,0,0,0,0,0,0,0,0,0
11.000000000000043,0,0,0,0,0,0,0,0,0,0,0
11.050000000000043,0,0,0,0,0,0,0,0,0,0,0
11.100000000000044,0,0,0,0,0,0,0,0,0,0,0
11.150000000000045,0,0,0,0,0,0,0,0,0,0,0
11.200000000000045,0,0,0,0,0,0,0,0,0,0,0
11.250000000000046,0,0,0,0,0,0,0,0,0,0,0
11.300000000000047,0,0,0,0,0,0,0,0,0,0,0
11.350000000000048,0,0,0,0,0,0,0,0,0,0,0
11.400000000000048,0,0,0,0,0,0,0,0,0,0,0
11.450000000000049,0,0,0,0,0,0,0,0,0,0,0
11.50000000000005,0,0,0,0,0,0,0,0,0,0,0
11.55000000000005,0,0,0,0,0,0,0,0,0,0,0
11.600000000000051,0,0,0,0,0,0,0,0,0,0,0
11.650000000000052,0,0,0,0,0,0,0,0,0,0,0
11.700000000000053,0,0,0,0,0,0,0,0,0,0,0
11.750000000000053,0,0,0,0,0,0,0,0,0,0,0
11.800000000000054,0,0,0,0,0,0,0,0,0,0,0
11.850000000000055,0,0,0,0,0,0,0,0,0,0,0
11.900000000000055,0,0,0,0,0,0,0,0,0,0,0
11.950000000000056,0,0,0,0,0,0,0,0,0,0,0
12.000000000000057,0,0,0,0,0,0,0,0,0,0,0
12.050000000000058,0,0,0,0,0,0,0,0,0,0,0
12.100000000000058,0,0,0,0,0,0,0,0,0,0,0
12.150000000000059,0,0,0,0,0,0,0,0,0,0,0
12.20000000000006,0,0,0,0,0,0,0,0,0,0,0
12.25000000000006,0,0,0,0,0,0,0,0,0,0,0
12.300000000000061,0,0,0,0,0,0,0,0,0,0,0
12.350000000000062,0,0,0,0,0,0,0,0,0,0,0
12.400000000000063,0,0,0,0,0,0,0,0,0,0,0
12.450000000000063,0,0,0,0,0,0,0,0,0,0,0
12.500000000000064,0,0,0,0,0,0,0,0,0,0,0
12.550000000000065,0,0,0,0,0,0,0,0,0,0,0
12.600000000000065,0,0,0,0,0,0,0,0,0,0,0
12.650000000000066,0,0,0,0,0,0,0,0,0,0,0
12.700000000000067,0,0,0,0,0,0,0,0,0,0,0
12.750000000000068,0,0,0,0,0,0,0,0,0,0,0
12.800000000000068,0,0,0,0,0,0,0,0,0,0,0
12.850000000000069,0,0,0,0,0,0,0,0,0,0,0
12.90000000000007,0,0,0,0,0,0,0,0,0,0,0
12.95000000000007,0,0,0,0,0,0,0,0,0,0,0
13.000000000000071,0,0,0,0,0,0,0,0,0,0,0
13.050000000000072,0,0,0,0,0,0,0,0,0,0,0
13.100000000000072,0,0,0,0,0,0,0,0,0,0,0
13.150000000000073,0,0,0,0,0,0,0,0,0,0,0
13.200000000000074,0,0,0,0,0,0,0,0,0,0,0
13.250000000000075,0,0,0,0,0,0,0,0,0,0,0
13.300000000000075,0,0,0,0,0,0,0,0,0,0,0
13.350000000000076,0,0,0,0,0,0,0,0,0,0,0
13.400000000000077,0,0,0,0,0,0,0,0,0,0,0
13.450000000000077,0,0,0,0,0,0,0,0,0,0,0
13.500000000000078,0,0,0,0,0,0,0,0,0,0,0
13.550000000000079,0,0,0,0,0,0,0,0,0,0,0
13.60000000000008,0,0,0,0,0,0,0,0,0,0,0
13.65000000000008,0,0,0,0,0,0,0,0,0,0,0
13.700000000000081,0,0,0,0,0,0,0,0,0,0,0
13.750000000000082,0,0,0,0,0,0,0,0,0,0,0
13.800000000000082,0,0,0,0,0,0,0,0,0,0,0
13.850000000000083,0,0,0,0,0,0,0,0,0,0,0
13.900000000000084,0,0,0,0,0,0,0,0,0,0,0
13.950000000000085,0,0,0,0,0,0,0,0,0,0,0
14.000000000000085,0,0,0,0,0,0,0,0,0,0,0
14.050000000000086,0,0,0,0,0,0,0,0,0,0,0
14.100000000000087,0,0,0,0,0,0,0,0,0,0,0
14.150000000000087,0,0,0,0,0,0,0,0,0,0,0
14.200000000000088,0,0,0,0,0,0,0,0,0,0,0
14.250000000000089,0,0,0,0,0,0,0,0,0,0,0
14.30000000000009,0,0,0,0,0,0,0,0,0,0,0
14.35000000000009,0,0,0,0,0,0,0,0,0,0,0
14.400000000000091,0,0,0,0,0,0,0,0,0,0,0
14.450000000000092,0,0,0,0,0,0,0,0,0,0,0
14.500000000000092,0,0,0,0,0,0,0,0,0,0,0
14.550000000000093,0,0,0,0,0,0,0,0,0,0,0
14.600000000000094,0,0,0,0,0,0,0,0,0,0,0
14.650000000000095,0,0,0,0,0,0,0,0,0,0,0
14.700000000000095,0,0,0,0,0,0,0,0,0,0,0
14.750000000000096,0,0,0,0,0,0,0,0,0,0,0
14.800000000000097,0,0,0,0,0,0,0,0,0,0,0
14.850000000000097,0,0,0,0,0,0,0,0,0,0,0
14.900000000000098,0,0,0,0,0,0,0,0,0,0,0
14.950000000000099,0,0,0,0,0,0,0,0,0,0,0
15.0000000000001,0,0,0,0,0,0,0,0,0,0,0
15.0500000000001,0,0,0,0,0,0,0,0,0,0,0
15.100000000000101,0,0,0,0,0,0,0,0,0,0,0
15.150000000000102,0,0,0,0,0,0,0,0,0,0,0
15.200000000000102,0,0,0,0,0,0,0,0,0,0,0
15.250000000000103,0,0,0,0,0,0,0,0,0,0,0
15.300000000000104,0,0,0,0,0,0,0,0,0,0,0
15.350000000000104,0,0,0,0,0,0,0,0,0,0,0
15.400000000000105,0,0,0,0,0,0,0,0,0,0,0
15.450000000000106,0,0,0,0,0,0,0,0,0,0,0
15.500000000000107,0,0,0,0,0,0,0,0,0,0,0
15.550000000000107,0,0,0,0,0,0,0,0,0,0,0
15.600000000000108,0,0,0,0,0,0,0,0,0,0,0
15.650000000000109,0,0,0,0,0,0,0,0,0,0,0
15.70000000000011,0,0,0,0,0,0,0,0,0,0,0
15.75000000000011,0,0,0,0,0,0,0,0,0,0,0
15.80000000000011,0,0,0,0,0,0,0,0,0,0,0
15.850000000000112,0,0,0,0,0,0,0,0,0,0,0
15.900000000000112,0,0,0,0,0,0,0,0,0,0,0
15.950000000000113,0,0,0,0,0,0,0,0,0,0,0
*****
8,0.05,1000,0.3,0.7,10,100,0.75,1.0,0.65,1.0,0.1
8,1000,689,963,905,923,0,0,0,0,0,0
8.05,962,641,907,853,888,0,0,0,0,0,0
8.100000000000001,952,594,896,871,882,0,0,0,0,0,0
8.150000000000002,1024,533,925,930,936,0,0,0,0,0,0
8.200000000000003,1022,448,884,934,950,0,0,0,0,0,0
8.250000000000004,952,357,780,873,887,0,0,0,0,0,0
8.300000000000004,1016,259,769,928,946,0,0,0,0,0,0
8.350000000000005,957,188,687,875,857,0,0,0,0,0,0
8.400000000000006,991,139,610,901,859,0,0,0,0,0,0
8.450000000000006,984,108,520,867,803,0,0,0,0,0,0
8.500000000000007,1030,68,484,926,810,0,0,0,0,0,0
8.550000000000008,1011,56,397,899,712,0,0,0,0,0,0
8.600000000000009,1010,28,324,843,618,0,0,0,0,0,0
8.65000000000001,973,20,225,801,522,0,0,0,0,0,0
8.70000000000001,952,15,186,762,428,0,0,0,0,0,0
8.75000000000001,993,10,142,697,350,0,0,0,0,0,0
8.800000000000011,975,2,96,640,277,0,0,0,0,0,0
8.850000000000012,1048,6,105,647,265,0,0,0,0,0,0
8.900000000000013,990,0,69,494,189,0,0,0,0,0,0
8.950000000000014,937,3,51,406,144,0,0,0,0,0,0
9.000000000000014,1021,0,43,376,121,0,0,0,0,0,0
9.050000000000015,983,1,22,282,80,0,0,0,0,0,0
9.100000000000016,981,0,14,217,48,0,0,0,0,0,0
9.150000000000016,1000,0,9,188,37,0,0,0,0,0,0
9.200000000000017,1013,0,8,131,20,0,0,0,0,0,0
9.250000000000018,997,0,3,97,19,0,0,0,0,0,0
9.300000000000018,1002,0,1,64,11,0,0,0,0,0,0
9.35000000000002,988,0,1,45,6,0,0,0,0,0,0
9.40000000000002,976,0,1,28,4,0,0,0,0,0,0
9.45000000000002,927,0,0,7,0,0,0,0,0,0,0
9.500000000000021,1000,0,0,9,0,0,0,0,0,0,0
9.550000000000022,980,0,0,11,0,0,0,0,0,0,0
9.600000000000023,996,0,0,5,0,0,0,0,0,0,0
9.650000000000023,1036,0,0,1,0,0,0,0,0,0,0
9.700000000000024,975,0,0,2,0,0,0,0,0,0,0
9.750000000000025,980,0,0,0,0,0,0,0,0,0,0
9.800000000000026,971,0,0,1,0,0,0,0,0,0,0
9.850000000000026,894,0,0,0,0,0,0,0,0,0,0
9.900000000000027,917,0,0,0,0,0,0,0,0,0,0
9.950000000000028,900,0,0,0,0,0,0,0,0,0,0
10.000000000000028,868,0,0,0,0,0,0,0,0,0,0
10.05000000000003,816,0,0,0,0,0,0,0,0,0,0
10.10000000000003,752,0,0,0,0,0,0,0,0,0,0
10.15000000000003,677,0,0,0,0,0,0,0,0,0,0
10.200000000000031,607,0,0,0,0,0,0,0,0,0,0
10.250000000000032,414,0,0,0,0,0,0,0,0,0,0
10.300000000000033,323,0,0,0,0,0,0,0,0,0,0
10.350000000000033,209,0,0,0,0,0,0,0,0,0,0
10.400000000000034,98,0,0,0,0,0,0,0,0,0,0
10.450000000000035,52,0,0,0,0,0,0,0,0,0,0
10.500000000000036,18,0,0,0,0,0,0,0,0,0,0
10.550000000000036,0,0,0,0,0,0,0,0,0,0,0
10.600000000000037,0,0,0,0,0,0,0,0,0,0,0
10.650000000000038,0,0,0,0,0,0,0,0,0,0,0
10.700000000000038,0,0,0,0,0,0,0,0,0,0,0
10.750000000000039,0,0,0,0,0,0,0,0,0,0,0
10.80000000000004,0,0,0,0,0,0,0,0,0,0,0
10.85000000000004,0,0,0,0,0,0,0,0,0,0,0
10.900000000000041,0,0,0,0,0,0,0,0,0,0,0
10.950000000000042,0,0,0,0,0,0,0,0,0,0,0
11.000000000000043,0,0,0,0,0,0,0,0,0,0,0
11.050000000000043,0,0,0,0,0,0,0,0,0,0,0
11.100000000000044,0,0,0,0,0,0,0,0,0,0,0
11.150000000000045,0,0,0,0,0,0,0,0,0,0,0
11.200000000000045,0,0,0,0,0,0,0,0,0,0,0
11.250000000000046,0,0,0,0,0,0,0,0,0,0,0
11.300000000000047,0,0,0,0,0,0,0,0,0,0,0
11.350000000000048,0,0,0,0,0,0,0,0,0,0,0
11.400000000000048,0,0,0,0,0,0,0,0,0,0,0
11.450000000000049,0,0,0,0,0,0,0,0,0,0,0
11.50000000000005,0,0,0,0,0,0,0,0,0,0,0
11.55000000000005,0,0,0,0,0,0,0,0,0,0,0
11.600000000000051,0,0,0,0,0,0,0,0,0,0,0
11.650000000000052,0,0,0,0,0,0,0,0,0,0,0
11.700000000000053,0,0,0,0,0,0,0,0,0,0,0
11.750000000000053,0,0,0,0,0,0,0,0,0,0,0
11.800000000000054,0,0,0,0,0,0,0,0,0,0,0
11.850000000000055,0,0,0,0,0,0,0,0,0,0,0
11.900000000000055,0,0,0,0,0,0,0,0,0,0,0
11.950000000000056,0,0,0,0,0,0,0,0,0,0,0
12.000000000000057,0,0,0,0,0,0,0,0,0,0,0
12.050000000000058,0,0,0,0,0,0,0,0,0,0,0
12.100000000000058,0,0,0,0,0,0,0,0,0,0,0
12.150000000000059,0,0,0,0,0,0,0,0,0,0,0
12.20000000000006,0,0,0,0,0,0,0,0,0,0,0
12.25000000000006,0,0,0,0,0,0,0,0,0,0,0
12.300000000000061,0,0,0,0,0,0,0,0,0,0,0
12.350000000000062,0,0,0,0,0,0,0,0,0,0,0
12.400000000000063,0,0,0,0,0,0,0,0,0,0,0
12.450000000000063,0,0,0,0,0,0,0,0,0,0,0
12.500000000000064,0,0,0,0,0,0,0,0,0,0,0
12.550000000000065,0,0,0,0,0,0,0,0,0,0,0
12.600000000000065,0,0,0,0,0,0,0,0,0,0,0
12.650000000000066,0,0,0,0,0,0,0,0,0,0,0
12.700000000000067,0,0,0,0,0,0,0,0,0,0,0
12.750000000000068,0,0,0,0,0,0,0,0,0,0,0
12.800000000000068,0,0,0,0,0,0,0,0,0,0,0
12.850000000000069,0,0,0,0,0,0,0,0,0,0,0
12.90000000000007,0,0,0,0,0,0,0,0,0,0,0
12.95000000000007,0,0,0,0,0,0,0,0,0,0,0
13.000000000000071,0,0,0,0,0,0,0,0,0,0,0
13.050000000000072,0,0,0,0,0,0,0,0,0,0,0
13.100000000000072,0,0,0,0,0,0,0,0,0,0,0
13.150000000000073,0,0,0,0,0,0,0,0,0,0,0
13.200000000000074,0,0,0,0,0,0,0,0,0,0,0
13.250000000000075,0,0,0,0,0,0,0,0,0,0,0
13.300000000000075,0,0,0,0,0,0,0,0,0,0,0
13.350000000000076,0,0,0,0,0,0,0,0,0,0,0
13.400000000000077,0,0,0,0,0,0,0,0,0,0,0
13.450000000000077,0,0,0,0,0,0,0,0,0,0,0
13.500000000000078,0,0,0,0,0,0,0,0,0,0,0
13.550000000000079,0,0,0,0,0,0,0,0,0,0,0
13.60000000000008,0,0,0,0,0,0,0,0,0,0,0
13.65000000000008,0,0,0,0,0,0,0,0,0,0,0
13.700000000000081,0,0,0,0,0,0,0,0,0,0,0
13.750000000000082,0,0,0,0,0,0,0,0,0,0,0
13.800000000000082,0,0,0,0,0,0,0,0,0,0,0
13.850000000000083,0,0,0,0,0,0,0,0,0,0,0
13.900000000000084,0,0,0,0,0,0,0,0,0,0,0
13.950000000000085,0,0,0,0,0,0,0,0,0,0,0
14.000000000000085,0,0,0,0,0,0,0,0,0,0,0
14.050000000000086,0,0,0,0,0,0,0,0,0,0,0
14.100000000000087,0,0,0,0,0,0,0,0,0,0,0
14.150000000000087,0,0,0,0,0,0,0,0,0,0,0
14.200000000000088,0,0,0,0,0,0,0,0,0,0,0
14.250000000000089,0,0,0,0,0,0,0,0,0,0,0
14.30000000000009,0,0,0,0,0,0,0,0,0,0,0
14.35000000000009,0,0,0,0,0,0,0,0,0,0,0
14.400000000000091,0,0,0,0,0,0,0,0,0,0,0
14.450000000000092,0,0,0,0,0,0,0,0,0,0,0
14.500000000000092,0,0,0,0,0,0,0,0,0,0,0
14.550000000000093,0,0,0,0,0,0,0,0,0,0,0
14.600000000000094,0,0,0,0,0,0,0,0,0,0,0
14.650000000000095,0,0,0,0,0,0,0,0,0,0,0
14.700000000000095,0,0,0,0,0,0,0,0,0,0,0
14.750000000000096,0,0,0,0,0,0,0,0,0,0,0
14.800000000000097,0,0,0,0,0,0,0,0,0,0,0
14.850000000000097,0,0,0,0,0,0,0,0,0,0,0
14.900000000000098,0,0,0,0,0,0,0,0,0,0,0
14.950000000000099,0,0,0,0,0,0,0,0,0,0,0
15.0000000000001,0,0,0,0,0,0,0,0,0,0,0
15.0500000000001,0,0,0,0,0,0,0,0,0,0,0
15.100000000000101,0,0,0,0,0,0,0,0,0,0,0
15.150000000000102,0,0,0,0,0,0,0,0,0,0,0
15.200000000000102,0,0,0,0,0,0,0,0,0,0,0
15.250000000000103,0,0,0,0,0,0,0,0,0,0,0
15.300000000000104,0,0,0,0,0,0,0,0,0,0,0
15.350000000000104,0,0,0,0,0,0,0,0,0,0,0
15.400000000000105,0,0,0,0,0,0,0,0,0,0,0
15.450000000000106,0,0,0,0,0,0,0,0,0,0,0
15.500000000000107,0,0,0,0,0,0,0,0,0,0,0
15.550000000000107,0,0,0,0,0,0,0,0,0,0,0
15.600000000000108,0,0,0,0,0,0,0,0,0,0,0
15.650000000000109,0,0,0,0,0,0,0,0,0,0,0
15.70000000000011,0,0,0,0,0,0,0,0,0,0,0
15.75000000000011,0,0,0,0,0,0,0,0,0,0,0
15.80000000000011,0,0,0,0,0,0,0,0,0,0,0
15.850000000000112,0,0,0,0,0,0,0,0,0,0,0
15.900000000000112,0,0,0,0,0,0,0,0,0,0,0
15.950000000000113,0,0,0,0,0,0,0,0,0,0,0
*****
8,0.05,1000,0.6,1,10,100,0.75,1.0,0.65,1.0,0.1
8,1000,2,17,36,17,0,0,0,0,0,0
8.05,1012,2,12,56,12,0,0,0,0,0,0
8.100000000000001,1024,3,15,94,15,0,0,0,0,0,0
8.150000000000002,1039,0,9,97,9,0,0,0,0,0,0
8.200000000000003,988,1,5,98,5,0,0,0,0,0,0
8.250000000000004,997,6,4,126,4,0,0,0,0,0,0
8.300000000000004,966,8,13,148,13,0,0,0,0,0,0
8.350000000000005,985,5,3,185,3,0,0,0,0,0,0
8.400000000000006,993,0,6,202,6,0,0,0,0,0,0
8.450000000000006,967,1,3,239,3,0,0,0,0,0,0
8.500000000000007,973,0,8,257,8,0,0,0,0,0,0
8.550000000000008,940,0,3,268,3,0,0,0,0,0,0
8.600000000000009,957,0,5,266,5,0,0,0,0,0,0
8.65000000000001,969,0,9,226,9,0,0,0,0,0,0
8.70000000000001,990,0,6,185,6,0,0,0,0,0,0
8.75000000000001,979,0,8,121,8,0,0,0,0,0,0
8.800000000000011,1018,0,2,83,2,0,0,0,0,0,0
8.850000000000012,1012,0,7,43,7,0,0,0,0,0,0
8.900000000000013,1018,0,3,25,3,0,0,0,0,0,0
8.950000000000014,1007,0,2,26,2,0,0,0,0,0,0
9.000000000000014,1004,0,2,22,2,0,0,0,0,0,0
9.050000000000015,997,0,1,22,1,0,0,0,0,0,0
9.100000000000016,988,0,0,12,0,0,0,0,0,0,0
9.150000000000016,982,0,1,11,1,0,0,0,0,0,0
9.200000000000017,999,0,0,7,0,0,0,0,0,0,0
9.250000000000018,922,0,0,4,0,0,0,0,0,0,0
9.300000000000018,1020,0,0,3,0,0,0,0,0,0,0
9.35000000000002,960,0,0,0,0,0,0,0,0,0,0
9.40000000000002,933,0,0,2,0,0,0,0,0,0,0
9.45000000000002,977,0,0,0,0,0,0,0,0,0,0
9.500000000000021,1035,0,0,0,0,0,0,0,0,0,0
9.550000000000022,985,0,0,0,0,0,0,0,0,0,0
9.600000000000023,948,0,0,0,0,0,0,0,0,0,0
9.650000000000023,980,0,0,0,0,0,0,0,0,0,0
9.700000000000024,973,0,0,0,0,0,0,0,0,0,0
9.750000000000025,976,0,0,0,0,0,0,0,0,0,0
9.800000000000026,973,0,0,0,0,0,0,0,0,0,0
9.850000000000026,912,0,0,0,0,0,0,0,0,0,0
9.900000000000027,921,0,0,0,0,0,0,0,0,0,0
9.950000000000028,819,0,0,0,0,0,0,0,0,0,0
10.000000000000028,768,0,0,0,0,0,0,0,0,0,0
10.05000000000003,720,0,0,0,0,0,0,0,0,0,0
10.10000000000003,565,0,0,0,0,0,0,0,0,0,0
10.15000000000003,442,0,0,0,0,0,0,0,0,0,0
10.200000000000031,346,0,0,0,0,0,0,0,0,0,0
10.250000000000032,248,0,0,0,0,0,0,0,0,0,0
10.300000000000033,133,0,0,0,0,0,0,0,0,0,0
10.350000000000033,83,0,0,0,0,0,0,0,0,0,0
10.400000000000034,36,0,0,0,0,0,0,0,0,0,0
10.450000000000035,0,0,0,0,0,0,0,0,0,0,0
10.500000000000036,0,0,0,0,0,0,0,0,0,0,0
10.550000000000036,0,0,0,0,0,0,0,0,0,0,0
10.600000000000037,0,0,0,0,0,0,0,0,0,0,0
10.650000000000038,0,0,0,0,0,0,0,0,0,0,0
10.700000000000038,0,0,0,0,0,0,0,0,0,0,0
10.750000000000039,0,0,0,0,0,0,0,0,0,0,0
10.80000000000004,0,0,0,0,0,0,0,0,0,0,0
10.85000000000004,0,0,0,0,0,0,0,0,0,0,0
10.900000000000041,0,0,0,0,0,0,0,0,0,0,0
10.950000000000042,0,0,0,0,0,0,0,0,0,0,0
11.000000000000043,0,0,0,0,0,0,0,0,0,0,0
11.050000000000043,0,0,0,0,0,0,0,0,0,0,0
11.100000000000044,0,0,0,0,0,0,0,0,0,0,0
11.150000000000045,0,0,0,0,0,0,0,0,0,0,0
11.200000000000045,0,0,0,0,0,0,0,0,0,0,0
11.250000000000046,0,0,0,0,0,0,0,0,0,0,0
11.300000000000047,0,0,0,0,0,0,0,0,0,0,0
11.350000000000048,0,0,0,0,0,0,0,0,0,0,0
11.400000000000048,0,0,0,0,0,0,0,0,0,0,0
11.450000000000049,0,0,0,0,0,0,0,0,0,0,0
11.50000000000005,0,0,0,0,0,0,0,0,0,0,0
11.55000000000005,0,0,0,0,0,0,0,0,0,0,0
11.600000000000051,0,0,0,0,0,0,0,0,0,0,0
11.650000000000052,0,0,0,0,0,0,0,0,0,0,0
11.700000000000053,0,0,0,0,0,0,0,0,0,0,0
11.750000000000053,0,0,0,0,0,0,0,0,0,0,0
11.800000000000054,0,0,0,0,0,0,0,0,0,0,0
11.850000000000055,0,0,0,0,0,0,0,0,0,0,0
11.900000000000055,0,0,0,0,0,0,0,0,0,0,0
11.950000000000056,0,0,0,0,0,0,0,0,0,0,0
12.000000000000057,0,0,0,0,0,0,0,0,0,0,0
12.050000000000058,0,0,0,0,0,0,0,0,0,0,0
12.100000000000058,0,0,0,0,0,0,0,0,0,0,0
12.150000000000059,0,0,0,0,0,0,0,0,0,0,0
12.20000000000006,0,0,0,0,0,0,0,0,0,0,0
12.25000000000006,0,0,0,0,0,0,0,0,0,0,0
12.300000000000061,0,0,0,0,0,0,0,0,0,0,0
12.350000000000062,0,0,0,0,0,0,0,0,0,0,0
12.400000000000063,0,0,0,0,0,0,0,0,0,0,0
12.450000000000063,0,0,0,0,0,0,0,0,0,0,0
12.500000000000064,0,0,0,0,0,0,0,0,0,0,0
12.550000000000065,0,0,0,0,0,0,0,0,0,0,0
12.600000000000065,0,0,0,0,0,0,0,0,0,0,0
12.650000000000066,0,0,0,0,0,0,0,0,0,0,0
12.700000000000067,0,0,0,0,0,0,0,0,0,0,0
12.750000000000068,0,0,0,0,0,0,0,0,0,0,0
12.800000000000068,0,0,0,0,0,0,0,0,0,0,0
12.850000000000069,0,0,0,0,0,0,0,0,0,0,0
12.90000000000007,0,0,0,0,0,0,0,0,0,0,0
12.95000000000007,0,0,0,0,0,0,0,0,0,0,0
13.000000000000071,0,0,0,0,0,0,0,0,0,0,0
13.050000000000072,0,0,0,0,0,0,0,0,0,0,0
13.100000000000072,0,0,0,0,0,0,0,0,0,0,0
13.150000000000073,0,0,0,0,0,0,0,0,0,0,0
13.200000000000074,0,0,0,0,0,0,0,0,0,0,0
13.250000000000075,0,0,0,0,0,0,0,0,0,0,0
13.300000000000075,0,0,0,0,0,0,0,0,0,0,0
13.350000000000076,0,0,0,0,0,0,0,0,0,0,0
13.400000000000077,0,0,0,0,0,0,0,0,0,0,0
13.450000000000077,0,0,0,0,0,0,0,0,0,0,0
13.500000000000078,0,0,0,0,0,0,0,0,0,0,0
13.550000000000079,0,0,0,0,0,0,0,0,0,0,0
13.60000000000008,0,0,0,0,0,0,0,0,0,0,0
13.65000000000008,0,0,0,0,0,0,0,0,0,0,0
13.700000000000081,0,0,0,0,0,0,0,0,0,0,0
13.750000000000082,0,0,0,0,0,0,0,0,0,0,0
13.800000000000082,0,0,0,0,0,0,0,0,0,0,0
13.850000000000083,0,0,0,0,0,0,0,0,0,0,0
13.900000000000084,0,0,0,0,0,0,0,0,0,0,0
13.950000000000085,0,0,0,0,0,0,0,0,0,0,0
14.000000000000085,0,0,0,0,0,0,0,0,0,0,0
14.050000000000086,0,0,0,0,0,0,0,0,0,0,0
14.100000000000087,0,0,0,0,0,0,0,0,0,0,0
14.150000000000087,0,0,0,0,0,0,0,0,0,0,0
14.200000000000088,0,0,0,0,0,0,0,0,0,0,0
14.250000000000089,0,0,0,0,0,0,0,0,0,0,0
14.30000000000009,0,0,0,0,0,0,0,0,0,0,0
14.35000000000009,0,0,0,0,0,0,0,0,0,0,0
14.400000000000091,0,0,0,0,0,0,0,0,0,0,0
14.450000000000092,0,0,0,0,0,0,0,0,0,0,0
14.500000000000092,0,0,0,0,0,0,0,0,0,0,0
14.550000000000093,0,0,0,0,0,0,0,0,0,0,0
14.600000000000094,0,0,0,0,0,0,0,0,0,0,0
14.650000000000095,0,0,0,0,0,0,0,0,0,0,0
14.700000000000095,0,0,0,0,0,0,0,0,0,0,0
14.750000000000096,0,0,0,0,0,0,0,0,0,0,0
14.800000000000097,0,0,0,0,0,0,0,0,0,0,0
14.850000000000097,0,0,0,0,0,0,0,0,0,0,0
14.900000000000098,0,0,0,0,0,0,0,0,0,0,0
14.950000000000099,0,0,0,0,0,0,0,0,0,0,0
15.0000000000001,0,0,0,0,0,0,0,0,0,0,0
15.0500000000001,0,0,0,0,0,0,0,0,0,0,0
15.100000000000101,0,0,0,0,0,0,0,0,0,0,0
15.150000000000102,0,0,0,0,0,0,0,0,0,0,0
15.200000000000102,0,0,0,0,0,0,0,0,0,0,0
15.250000000000103,0,0,0,0,0,0,0,0,0,0,0
15.300000000000104,0,0,0,0,0,0,0,0,0,0,0
15.350000000000104,0,0,0,0,0,0,0,0,0,0,0
15.400000000000105,0,0,0,0,0,0,0,0,0,0,0
15.450000000000106,0,0,0,0,0,0,0,0,0,0,0
15.500000000000107,0,0,0,0,0,0,0,0,0,0,0
15.550000000000107,0,0,0,0,0,0,0,0,0,0,0
15.600000000000108,0,0,0,0,0,0,0,0,0,0,0
15.650000000000109,0,0,0,0,0,0,0,0,0,0,0
15.70000000000011,0,0,0,0,0,0,0,0,0,0,0
15.75000000000011,0,0,0,0,0,0,0,0,0,0,0
15.80000000000011,0,0,0,0,0,0,0,0,0,0,0
15.850000000000112,0,0,0,0,0,0,0,0,0,0,0
15.900000000000112,0,0,0,0,0,0,0,0,0,0,0
15.950000000000113,0,0,0,0,0,0,0,0,0,0,0
