*****
8,0.05,1000,0,1,10,100,0.65,1.0,0.65,1.0,0.01
8,1000,952,980,827,974,0,0,0,0,0,0
8.05,929,865,891,789,892,0,0,0,0,0,0
8.100000000000001,936,839,870,779,901,0,0,0,0,0,0
8.150000000000002,1030,839,883,871,947,0,0,0,0,0,0
8.200000000000003,1007,694,741,832,868,0,0,0,0,0,0
8.250000000000004,975,551,647,834,773,0,0,0,0,0,0
8.300000000000004,1001,437,555,821,688,0,0,0,0,0,0
8.350000000000005,976,313,443,810,576,0,0,0,0,0,0
8.400000000000006,954,227,367,745,486,0,0,0,0,0,0
8.450000000000006,971,180,268,681,382,0,0,0,0,0,0
8.500000000000007,984,106,193,628,272,0,0,0,0,0,0
8.550000000000008,922,80,172,544,218,0,0,0,0,0,0
8.600000000000009,977,37,115,532,176,0,0,0,0,0,0
8.65000000000001,983,31,87,463,134,0,0,0,0,0,0
8.70000000000001,943,21,61,350,93,0,0,0,0,0,0
8.75000000000001,982,12,48,356,77,0,0,0,0,0,0
8.800000000000011,996,8,31,277,53,0,0,0,0,0,0
8.850000000000012,992,7,33,240,51,0,0,0,0,0,0
8.900000000000013,958,2,16,177,23,0,0,0,0,0,0
8.950000000000014,991,5,11,148,16,0,0,0,0,0,0
9.000000000000014,998,0,9,115,16,0,0,0,0,0,0
9.050000000000015,969,1,5,83,9,0,0,0,0,0,0
9.100000000000016,962,3,6,74,7,0,0,0,0,0,0
9.150000000000016,961,0,2,59,2,0,0,0,0,0,0
9.200000000000017,987,0,4,35,5,0,0,0,0,0,0
9.250000000000018,931,0,0,36,1,0,0,0,0,0,0
9.300000000000018,971,0,0,27,0,0,0,0,0,0,0
9.35000000000002,982,0,0,12,1,0,0,0,0,0,0
9.40000000000002,958,0,0,13,0,0,0,0,0,0,0
9.45000000000002,951,0,0,7,0,0,0,0,0,0,0
9.500000000000021,919,0,0,10,0,0,0,0,0,0,0
9.550000000000022,984,0,0,4,0,0,0,0,0,0,0
9.600000000000023,972,0,0,3,0,0,0,0,0,0,0
9.650000000000023,882,0,0,2,0,0,0,0,0,0,0
9.700000000000024,970,0,0,1,0,0,0,0,0,0,0
9.750000000000025,881,0,0,4,0,0,0,0,0,0,0
9.800000000000026,883,0,0,0,0,0,0,0,0,0,0
9.850000000000026,792,0,0,0,0,0,0,0,0,0,0
9.900000000000027,763,0,0,0,0,0,0,0,0,0,0
9.950000000000028,718,0,0,1,0,0,0,0,0,0,0
10.000000000000028,698,0,0,0,0,0,0,0,0,0,0
10.05000000000003,651,0,0,0,0,0,0,0,0,0,0
10.10000000000003,575,0,0,0,0,0,0,0,0,0,0
10.15000000000003,513,0,0,0,0,0,0,0,0,0,0
10.200000000000031,561,0,0,0,0,0,0,0,0,0,0
10.250000000000032,413,0,0,0,0,0,0,0,0,0,0
10.300000000000033,384,0,0,0,0,0,0,0,0,0,0
10.350000000000033,345,0,0,0,0,0,0,0,0,0,0
10.400000000000034,274,0,0,0,0,0,0,0,0,0,0
10.450000000000035,237,0,0,0,0,0,0,0,0,0,0
10.500000000000036,244,0,0,0,0,0,0,0,0,0,0
10.550000000000036,171,0,0,0,0,0,0,0,0,0,0
10.600000000000037,135,0,0,0,0,0,0,0,0,0,0
10.650000000000038,98,0,0,0,0,0,0,0,0,0,0
10.700000000000038,64,0,0,0,0,0,0,0,0,0,0
10.750000000000039,47,0,0,0,0,0,0,0,0,0,0
10.80000000000004,22,0,0,0,0,0,0,0,0,0,0
10.85000000000004,24,0,0,0,0,0,0,0,0,0,0
10.900000000000041,29,0,0,0,0,0,0,0,0,0,0
10.950000000000042,13,0,0,0,0,0,0,0,0,0,0
11.000000000000043,0,0,0,0,0,0,0,0,0,0,0
11.050000000000043,0,0,0,0,0,0,0,0,0,0,0
11.100000000000044,0,0,0,0,0,0,0,0,0,0,0
11.150000000000045,0,0,0,0,0,0,0,0,0,0,0
11.200000000000045,0,0,0,0,0,0,0,0,0,0,0
11.250000000000046,0,0,0,0,0,0,0,0,0,0,0
11.300000000000047,0,0,0,0,0,0,0,0,0,0,0
11.350000000000048,0,0,0,0,0,0,0,0,0,0,0
11.400000000000048,0,0,0,0,0,0,0,0,0,0,0
11.450000000000049,0,0,0,0,0,0,0,0,0,0,0
11.50000000000005,0,0,0,0,0,0,0,0,0,0,0
11.55000000000005,0,0,0,0,0,0,0,0,0,0,0
11.600000000000051,0,0,0,0,0,0,0,0,0,0,0
11.650000000000052,0,0,0,0,0,0,0,0,0,0,0
11.700000000000053,0,0,0,0,0,0,0,0,0,0,0
11.750000000000053,0,0,0,0,0,0,0,0,0,0,0
11.800000000000054,0,0,0,0,0,0,0,0,0,0,0
11.850000000000055,0,0,0,0,0,0,0,0,0,0,0
11.900000000000055,0,0,0,0,0,0,0,0,0,0,0
11.950000000000056,0,0,0,0,0,0,0,0,0,0,0
12.000000000000057,0,0,0,0,0,0,0,0,0,0,0
12.050000000000058,0,0,0,0,0,0,0,0,0,0,0
12.100000000000058,0,0,0,0,0,0,0,0,0,0,0
12.150000000000059,0,0,0,0,0,0,0,0,0,0,0
12.20000000000006,0,0,0,0,0,0,0,0,0,0,0
12.25000000000006,0,0,0,0,0,0,0,0,0,0,0
12.300000000000061,0,0,0,0,0,0,0,0,0,0,0
12.350000000000062,0,0,0,0,0,0,0,0,0,0,0
12.400000000000063,0,0,0,0,0,0,0,0,0,0,0
12.450000000000063,0,0,0,0,0,0,0,0,0,0,0
12.500000000000064,0,0,0,0,0,0,0,0,0,0,0
12.550000000000065,0,0,0,0,0,0,0,0,0,0,0
12.600000000000065,0,0,0,0,0,0,0,0,0,0,0
12.650000000000066,0,0,0,0,0,0,0,0,0,0,0
12.700000000000067,0,0,0,0,0,0,0,0,0,0,0
12.750000000000068,0,0,0,0,0,0,0,0,0,0,0
12.800000000000068,0,0,0,0,0,0,0,0,0,0,0
12.850000000000069,0,0,0,0,0,0,0,0,0,0,0
12.90000000000007,0,0,0,0,0,0,0,0,0,0,0
12.95000000000007,0,0,0,0,0,0,0,0,0,0,0
13.000000000000071,0,0,0,0,0,0,0,0,0,0,0
13.050000000000072,0,0,0,0,0,0,0,0,0,0,0
13.100000000000072,0,0,0,0,0,0,0,0,0,0,0
13.150000000000073,0,0,0,0,0,0,0,0,0,0,0
13.200000000000074,0,0,0,0,0,0,0,0,0,0,0
13.250000000000075,0,0,0,0,0,0,0,0,0,0,0
13.300000000000075,0,0,0,0,0,0,0,0,0,0,0
13.350000000000076,0,0,0,0,0,0,0,0,0,0,0
13.400000000000077,0,0,0,0,0,0,0,0,0,0,0
13.450000000000077,0,0,0,0,0,0,0,0,0,0,0
13.500000000000078,0,0,0,0,0,0,0,0,0,0,0
13.550000000000079,0,0,0,0,0,0,0,0,0,0,0
13.60000000000008,0,0,0,0,0,0,0,0,0,0,0
13.65000000000008,0,0,0,0,0,0,0,0,0,0,0
13.700000000000081,0,0,0,0,0,0,0,0,0,0,0
13.750000000000082,0,0,0,0,0,0,0,0,0,0,0
13.800000000000082,0,0,0,0,0,0,0,0,0,0,0
13.850000000000083,0,0,0,0,0,0,0,0,0,0,0
13.900000000000084,0,0,0,0,0,0,0,0,0,0,0
13.950000000000085,0,0,0,0,0,0,0,0,0,0,0
14.000000000000085,0,0,0,0,0,0,0,0,0,0,0
14.050000000000086,0,0,0,0,0,0,0,0,0,0,0
14.100000000000087,0,0,0,0,0,0,0,0,0,0,0
14.150000000000087,0,0,0,0,0,0,0,0,0,0,0
14.200000000000088,0,0,0,0,0,0,0,0,0,0,0
14.250000000000089,0,0,0,0,0,0,0,0,0,0,0
14.30000000000009,0,0,0,0,0,0,0,0,0,0,0
14.35000000000009,0,0,0,0,0,0,0,0,0,0,0
14.400000000000091,0,0,0,0,0,0,0,0,0,0,0
14.450000000000092,0,0,0,0,0,0,0,0,0,0,0
14.500000000000092,0,0,0,0,0,0,0,0,0,0,0
14.550000000000093,0,0,0,0,0,0,0,0,0,0,0
14.600000000000094,0,0,0,0,0,0,0,0,0,0,0
14.650000000000095,0,0,0,0,0,0,0,0,0,0,0
14.700000000000095,0,0,0,0,0,0,0,0,0,0,0
14.750000000000096,0,0,0,0,0,0,0,0,0,0,0
14.800000000000097,0,0,0,0,0,0,0,0,0,0,0
14.850000000000097,0,0,0,0,0,0,0,0,0,0,0
14.900000000000098,0,0,0,0,0,0,0,0,0,0,0
14.950000000000099,0,0,0,0,0,0,0,0,0,0,0
15.0000000000001,0,0,0,0,0,0,0,0,0,0,0
15.0500000000001,0,0,0,0,0,0,0,0,0,0,0
15.100000000000101,0,0,0,0,0,0,0,0,0,0,0
15.150000000000102,0,0,0,0,0,0,0,0,0,0,0
15.200000000000102,0,0,0,0,0,0,0,0,0,0,0
15.250000000000103,0,0,0,0,0,0,0,0,0,0,0
15.300000000000104,0,0,0,0,0,0,0,0,0,0,0
15.350000000000104,0,0,0,0,0,0,0,0,0,0,0
15.400000000000105,0,0,0,0,0,0,0,0,0,0,0
15.450000000000106,0,0,0,0,0,0,0,0,0,0,0
15.500000000000107,0,0,0,0,0,0,0,0,0,0,0
15.550000000000107,0,0,0,0,0,0,0,0,0,0,0
15.600000000000108,0,0,0,0,0,0,0,0,0,0,0
15.650000000000109,0,0,0,0,0,0,0,0,0,0,0
15.70000000000011,0,0,0,0,0,0,0,0,0,0,0
15.75000000000011,0,0,0,0,0,0,0,0,0,0,0
15.80000000000011,0,0,0,0,0,0,0,0,0,0,0
15.850000000000112,0,0,0,0,0,0,0,0,0,0,0
15.900000000000112,0,0,0,0,0,0,0,0,0,0,0
15.950000000000113,0,0,0,0,0,0,0,0,0,0,0
*****
8,0.05,1000,0,0.4,10,100,0.65,1.0,0.65,1.0,0.01
8,1000,1000,990,1000,1000,0,0,0,0,0,0
8.05,997,997,967,997,997,0,0,0,0,0,0
8.100000000000001,1027,1027,979,1027,1027,0,0,0,0,0,0
8.150000000000002,1023,1023,936,1023,1023,0,0,0,0,0,0
8.200000000000003,988,988,899,988,988,0,0,0,0,0,0
8.250000000000004,1006,1005,820,1006,1006,0,0,0,0,0,0
8.300000000000004,950,949,747,950,950,0,0,0,0,0,0
8.350000000000005,948,945,637,948,948,0,0,0,0,0,0
8.400000000000006,1004,999,594,1004,1000,0,0,0,0,0,0
8.450000000000006,982,962,499,981,974,0,0,0,0,0,0
8.500000000000007,1008,948,445,1004,979,0,0,0,0,0,0
8.550000000000008,1043,921,368,1028,967,0,0,0,0,0,0
8.600000000000009,990,773,244,965,843,0,0,0,0,0,0
8.65000000000001,1046,689,204,999,800,0,0,0,0,0,0
8.70000000000001,1038,567,158,965,676,0,0,0,0,0,0
8.75000000000001,1022,426,103,924,535,0,0,0,0,0,0
8.800000000000011,944,280,67,809,386,0,0,0,0,0,0
8.850000000000012,995,180,39,805,277,0,0,0,0,0,0
8.900000000000013,1025,138,35,750,202,0,0,0,0,0,0
8.950000000000014,1009,78,10,681,130,0,0,0,0,0,0
9.000000000000014,1016,45,9,607,89,0,0,0,0,0,0
9.050000000000015,1035,29,7,525,58,0,0,0,0,0,0
9.100000000000016,988,14,2,415,21,0,0,0,0,0,0
9.150000000000016,1026,13,5,330,27,0,0,0,0,0,0
9.200000000000017,1014,2,1,260,8,0,0,0,0,0,0
9.250000000000018,1014,3,1,207,3,0,0,0,0,0,0
9.300000000000018,984,1,0,140,4,0,0,0,0,0,0
9.35000000000002,997,0,0,111,1,0,0,0,0,0,0
9.40000000000002,969,1,0,89,3,0,0,0,0,0,0
9.45000000000002,1019,0,0,46,0,0,0,0,0,0,0
9.500000000000021,1019,0,0,43,0,0,0,0,0,0,0
9.550000000000022,989,0,0,17,0,0,0,0,0,0,0
9.600000000000023,974,0,0,16,0,0,0,0,0,0,0
9.650000000000023,1025,0,0,7,0,0,0,0,0,0,0
9.700000000000024,939,0,0,6,0,0,0,0,0,0,0
9.750000000000025,968,0,0,4,0,0,0,0,0,0,0
9.800000000000026,949,0,0,1,0,0,0,0,0,0,0
9.850000000000026,888,0,0,1,0,0,0,0,0,0,0
9.900000000000027,758,0,0,1,0,0,0,0,0,0,0
9.950000000000028,696,0,0,0,0,0,0,0,0,0,0
10.000000000000028,509,0,0,0,0,0,0,0,0,0,0
10.05000000000003,382,0,0,0,0,0,0,0,0,0,0
10.10000000000003,320,0,0,0,0,0,0,0,0,0,0
10.15000000000003,197,0,0,0,0,0,0,0,0,0,0
10.200000000000031,117,0,0,0,0,0,0,0,0,0,0
10.250000000000032,53,0,0,0,0,0,0,0,0,0,0
10.300000000000033,15,0,0,0,0,0,0,0,0,0,0
10.350000000000033,0,0,0,0,0,0,0,0,0,0,0
10.400000000000034,0,0,0,0,0,0,0,0,0,0,0
10.450000000000035,0,0,0,0,0,0,0,0,0,0,0
10.500000000000036,0,0,0,0,0,0,0,0,0,0,0
10.550000000000036,0,0,0,0,0,0,0,0,0,0,0
10.600000000000037,0,0,0,0,0,0,0,0,0,0,0
10.650000000000038,0,0,0,0,0,0,0,0,0,0,0
10.700000000000038,0,0,0,0,0,0,0,0,0,0,0
10.750000000000039,0,0,0,0,0,0,0,0,0,0,0
10.80000000000004,0,0,0,0,0,0,0,0,0,0,0
10.85000000000004,0,0,0,0,0,0,0,0,0,0,0
10.900000000000041,0,0,0,0,0,0,0,0,0,0,0
10.950000000000042,0,0,0,0,0,0,0,0,0,0,0
11.000000000000043,0,0,0,0,0,0,0,0,0,0,0
11.050000000000043,0,0,0,0,0,0,0,0,0,0,0
11.100000000000044,0,0,0,0,0,0,0,0,0,0,0
11.150000000000045,0,0,0,0,0,0,0,0,0,0,0
11.200000000000045,0,0,0,0,0,0,0,0,0,0,0
11.250000000000046,0,0,0,0,0,0,0,0,0,0,0
11.300000000000047,0,0,0,0,0,0,0,0,0,0,0
11.350000000000048,0,0,0,0,0,0,0,0,0,0,0
11.400000000000048,0,0,0,0,0,0,0,0,0,0,0
11.450000000000049,0,0,0,0,0,0,0,0,0,0,0
11.50000000000005,0,0,0,0,0,0,0,0,0,0,0
11.55000000000005,0,0,0,0,0,0,0,0,0,0,0
11.600000000000051,0,0,0,0,0,0,0,0,0,0,0
11.650000000000052,0,0,0,0,0,0,0,0,0,0,0
11.700000000000053,0,0,0,0,0,0,0,0,0,0,0
11.750000000000053,0,0,0,0,0,0,0,0,0,0,0
11.800000000000054,0,0,0,0,0,0,0,0,0,0,0
11.850000000000055,0,0,0,0,0,0,0,0,0,0,0
11.900000000000055,0,0,0,0,0,0,0,0,0,0,0
11.950000000000056,0,0,0,0,0,0,0,0,0,0,0
12.000000000000057,0,0,0,0,0,0,0,0,0,0,0
12.050000000000058,0,0,0,0,0,0,0,0,0,0,0
12.100000000000058,0,0,0,0,0,0,0,0,0,0,0
12.150000000000059,0,0,0,0,0,0,0,0,0,0,0
12.20000000000006,0,0,0,0,0,0,0,0,0,0,0
12.25000000000006,0,0,0,0,0,0,0,0,0,0,0
12.300000000000061,0,0,0,0,0,0,0,0,0,0,0
12.350000000000062,0,0,0,0,0,0,0,0,0,0,0
12.400000000000063,0,0,0,0,0,0,0,0,0,0,0
12.450000000000063,0,0,0,0,0,0,0,0,0,0,0
12.500000000000064,0,0,0,0,0,0,0,0,0,0,0
12.550000000000065,0,0,0,0,0,0,0,0,0,0,0
12.600000000000065,0,0,0,0,0,0,0,0,0,0,0
12.650000000000066,0,0,0,0,0,0,0,0,0,0,0
12.700000000000067,0,0,0,0,0,0,0,0,0,0,0
12.750000000000068,0,0,0,0,0,0,0,0,0,0,0
12.800000000000068,0,0,0,0,0,0,0,0,0,0,0
12.850000000000069,0,0,0,0,0,0,0,0,0,0,0
12.90000000000007,0,0,0,0,0,0,0,0,0,0,0
12.95000000000007,0,0,0,0,0,0,0,0,0,0,0
13.000000000000071,0,0,0,0,0,0,0,0,0,0,0
13.050000000000072,0,0,0,0,0,0,0,0,0,0,0
13.100000000000072,0,0,0,0,0,0,0,0,0,0,0
13.150000000000073,0,0,0,0,0,0,0,0,0,0,0
13.200000000000074,0,0,0,0,0,0,0,0,0,0,0
13.250000000000075,0,0,0,0,0,0,0,0,0,0,0
13.300000000000075,0,0,0,0,0,0,0,0,0,0,0
13.350000000000076,0,0,0,0,0,0,0,0,0,0,0
13.400000000000077,0,0,0,0,0,0,0,0,0,0,0
13.450000000000077,0,0,0,0,0,0,0,0,0,0,0
13.500000000000078,0,0,0,0,0,0,0,0,0,0,0
13.550000000000079,0,0,0,0,0,0,0,0,0,0,0
13.60000000000008,0,0,0,0,0,0,0,0,0,0,0
13.65000000000008,0,0,0,0,0,0,0,0,0,0,0
13.700000000000081,0,0,0,0,0,0,0,0,0,0,0
13.750000000000082,0,0,0,0,0,0,0,0,0,0,0
13.800000000000082,0,0,0,0,0,0,0,0,0,0,0
13.850000000000083,0,0,0,0,0,0,0,0,0,0,0
13.900000000000084,0,0,0,0,0,0,0,0,0,0,0
13.950000000000085,0,0,0,0,0,0,0,0,0,0,0
14.000000000000085,0,0,0,0,0,0,0,0,0,0,0
14.050000000000086,0,0,0,0,0,0,0,0,0,0,0
14.100000000000087,0,0,0,0,0,0,0,0,0,0,0
14.150000000000087,0,0,0,0,0,0,0,0,0,0,0
14.200000000000088,0,0,0,0,0,0,0,0,0,0,0
14.250000000000089,0,0,0,0,0,0,0,0,0,0,0
14.30000000000009,0,0,0,0,0,0,0,0,0,0,0
14.35000000000009,0,0,0,0,0,0,0,0,0,0,0
14.400000000000091,0,0,0,0,0,0,0,0,0,0,0
14.450000000000092,0,0,0,0,0,0,0,0,0,0,0
14.500000000000092,0,0,0,0,0,0,0,0,0,0,0
14.550000000000093,0,0,0,0,0,0,0,0,0,0,0
14.600000000000094,0,0,0,0,0,0,0,0,0,0,0
14.650000000000095,0,0,0,0,0,0,0,0,0,0,0
14.700000000000095,0,0,0,0,0,0,0,0,0,0,0
14.750000000000096,0,0,0,0,0,0,0,0,0,0,0
14.800000000000097,0,0,0,0,0,0,0,0,0,0,0
14.850000000000097,0,0,0,0,0,0,0,0,0,0,0
14.900000000000098,0,0,0,0,0,0,0,0,0,0,0
14.950000000000099,0,0,0,0,0,0,0,0,0,0,0
15.0000000000001,0,0,0,0,0,0,0,0,0,0,0
15.0500000000001,0,0,0,0,0,0,0,0,0,0,0
15.100000000000101,0,0,0,0,0,0,0,0,0,0,0
15.150000000000102,0,0,0,0,0,0,0,0,0,0,0
15.200000000000102,0,0,0,0,0,0,0,0,0,0,0
15.250000000000103,0,0,0,0,0,0,0,0,0,0,0
15.300000000000104,0,0,0,0,0,0,0,0,0,0,0
15.350000000000104,0,0,0,0,0,0,0,0,0,0,0
15.400000000000105,0,0,0,0,0,0,0,0,0,0,0
15.450000000000106,0,0,0,0,0,0,0,0,0,0,0
15.500000000000107,0,0,0,0,0,0,0,0,0,0,0
15.550000000000107,0,0,0,0,0,0,0,0,0,0,0
15.600000000000108,0,0,0,0,0,0,0,0,0,0,0
15.650000000000109,0,0,0,0,0,0,0,0,0,0,0
15.70000000000011,0,0,0,0,0,0,0,0,0,0,0
15.75000000000011,0,0,0,0,0,0,0,0,0,0,0
15.80000000000011,0,0,0,0,0,0,0,0,0,0,0
15.850000000000112,0,0,0,0,0,0,0,0,0,0,0
15.900000000000112,0,0,0,0,0,0,0,0,0,0,0
15.950000000000113,0,0,0,0,0,0,0,0,0,0,0
*****
8,0.05,1000,0.3,0.7,10,100,0.65,1.0,0.65,1.0,0.01
8,1000,953,990,952,979,0,0,0,0,0,0
8.05,833,798,827,783,818,0,0,0,0,0,0
8.100000000000001,926,885,911,887,907,0,0,0,0,0,0
8.150000000000002,914,852,895,875,897,0,0,0,0,0,0
8.200000000000003,905,843,875,876,893,0,0,0,0,0,0
8.250000000000004,915,824,860,884,882,0,0,0,0,0,0
8.300000000000004,915,803,824,875,876,0,0,0,0,0,0
8.350000000000005,922,762,797,882,874,0,0,0,0,0,0
8.400000000000006,899,688,735,851,822,0,0,0,0,0,0
8.450000000000006,944,653,717,886,809,0,0,0,0,0,0
8.500000000000007,949,577,646,876,774,0,0,0,0,0,0
8.550000000000008,876,448,536,792,650,0,0,0,0,0,0
8.600000000000009,930,379,479,818,601,0,0,0,0,0,0
8.65000000000001,888,295,398,774,519,0,0,0,0,0,0
8.70000000000001,939,294,392,788,500,0,0,0,0,0,0
8.75000000000001,927,193,324,733,423,0,0,0,0,0,0
8.800000000000011,901,157,264,685,340,0,0,0,0,0,0
8.850000000000012,946,129,211,649,280,0,0,0,0,0,0
8.900000000000013,861,80,173,561,228,0,0,0,0,0,0
8.950000000000014,996,79,148,613,226,0,0,0,0,0,0
9.000000000000014,949,63,133,503,185,0,0,0,0,0,0
9.050000000000015,882,42,99,429,136,0,0,0,0,0,0
9.100000000000016,919,34,75,395,115,0,0,0,0,0,0
9.150000000000016,947,28,74,370,108,0,0,0,0,0,0
9.200000000000017,892,20,58,312,82,0,0,0,0,0,0
9.250000000000018,906,9,34,265,45,0,0,0,0,0,0
9.300000000000018,923,14,29,218,40,0,0,0,0,0,0
9.35000000000002,912,9,19,179,31,0,0,0,0,0,0
9.40000000000002,971,9,25,178,35,0,0,0,0,0,0
9.45000000000002,903,4,12,128,22,0,0,0,0,0,0
9.500000000000021,928,2,6,95,12,0,0,0,0,0,0
9.550000000000022,889,2,7,72,16,0,0,0,0,0,0
9.600000000000023,864,3,9,73,12,0,0,0,0,0,0
9.650000000000023,924,2,9,62,13,0,0,0,0,0,0
9.700000000000024,905,0,0,36,2,0,0,0,0,0,0
9.750000000000025,913,1,1,28,3,0,0,0,0,0,0
9.800000000000026,976,0,2,23,4,0,0,0,0,0,0
9.850000000000026,926,1,2,13,2,0,0,0,0,0,0
9.900000000000027,874,0,1,13,1,0,0,0,0,0,0
9.950000000000028,907,0,2,12,3,0,0,0,0,0,0
10.000000000000028,928,0,0,11,1,0,0,0,0,0,0
10.05000000000003,926,0,0,7,0,0,0,0,0,0,0
10.10000000000003,873,0,1,5,0,0,0,0,0,0,0
10.15000000000003,857,0,0,1,0,0,0,0,0,0,0
10.200000000000031,923,0,1,1,1,0,0,0,0,0,0
10.250000000000032,905,0,0,2,0,0,0,0,0,0,0
10.300000000000033,870,0,0,0,0,0,0,0,0,0,0
10.350000000000033,922,0,0,2,0,0,0,0,0,0,0
10.400000000000034,804,0,0,0,0,0,0,0,0,0,0
10.450000000000035,835,0,0,1,0,0,0,0,0,0,0
10.500000000000036,830,0,0,0,0,0,0,0,0,0,0
10.550000000000036,701,0,0,0,0,0,0,0,0,0,0
10.600000000000037,710,0,0,0,0,0,0,0,0,0,0
10.650000000000038,659,0,0,0,0,0,0,0,0,0,0
10.700000000000038,559,0,0,0,0,0,0,0,0,0,0
10.750000000000039,537,0,0,0,0,0,0,0,0,0,0
10.80000000000004,468,0,0,0,0,0,0,0,0,0,0
10.85000000000004,336,0,0,0,0,0,0,0,0,0,0
10.900000000000041,271,0,0,0,0,0,0,0,0,0,0
10.950000000000042,187,0,0,0,0,0,0,0,0,0,0
11.000000000000043,169,0,0,0,0,0,0,0,0,0,0
11.050000000000043,126,0,0,0,0,0,0,0,0,0,0
11.100000000000044,55,0,0,0,0,0,0,0,0,0,0
11.150000000000045,42,0,0,0,0,0,0,0,0,0,0
11.200000000000045,0,0,0,0,0,0,0,0,0,0,0
11.250000000000046,0,0,0,0,0,0,0,0,0,0,0
11.300000000000047,0,0,0,0,0,0,0,0,0,0,0
11.350000000000048,0,0,0,0,0,0,0,0,0,0,0
11.400000000000048,0,0,0,0,0,0,0,0,0,0,0
11.450000000000049,0,0,0,0,0,0,0,0,0,0,0
11.50000000000005,0,0,0,0,0,0,0,0,0,0,0
11.55000000000005,0,0,0,0,0,0,0,0,0,0,0
11.600000000000051,0,0,0,0,0,0,0,0,0,0,0
11.650000000000052,0,0,0,0,0,0,0,0,0,0,0
11.700000000000053,0,0,0,0,0,0,0,0,0,0,0
11.750000000000053,0,0,0,0,0,0,0,0,0,0,0
11.800000000000054,0,0,0,0,0,0,0,0,0,0,0
11.850000000000055,0,0,0,0,0,0,0,0,0,0,0
11.900000000000055,0,0,0,0,0,0,0,0,0,0,0
11.950000000000056,0,0,0,0,0,0,0,0,0,0,0
12.000000000000057,0,0,0,0,0,0,0,0,0,0,0
12.050000000000058,0,0,0,0,0,0,0,0,0,0,0
12.100000000000058,0,0,0,0,0,0,0,0,0,0,0
12.150000000000059,0,0,0,0,0,0,0,0,0,0,0
12.20000000000006,0,0,0,0,0,0,0,0,0,0,0
12.25000000000006,0,0,0,0,0,0,0,0,0,0,0
12.300000000000061,0,0,0,0,0,0,0,0,0,0,0
12.350000000000062,0,0,0,0,0,0,0,0,0,0,0
12.400000000000063,0,0,0,0,0,0,0,0,0,0,0
12.450000000000063,0,0,0,0,0,0,0,0,0,0,0
12.500000000000064,0,0,0,0,0,0,0,0,0,0,0
12.550000000000065,0,0,0,0,0,0,0,0,0,0,0
12.600000000000065,0,0,0,0,0,0,0,0,0,0,0
12.650000000000066,0,0,0,0,0,0,0,0,0,0,0
12.700000000000067,0,0,0,0,0,0,0,0,0,0,0
12.750000000000068,0,0,0,0,0,0,0,0,0,0,0
12.800000000000068,0,0,0,0,0,0,0,0,0,0,0
12.850000000000069,0,0,0,0,0,0,0,0,0,0,0
12.90000000000007,0,0,0,0,0,0,0,0,0,0,0
12.95000000000007,0,0,0,0,0,0,0,0,0,0,0
13.000000000000071,0,0,0,0,0,0,0,0,0,0,0
13.050000000000072,0,0,0,0,0,0,0,0,0,0,0
13.100000000000072,0,0,0,0,0,0,0,0,0,0,0
13.150000000000073,0,0,0,0,0,0,0,0,0,0,0
13.200000000000074,0,0,0,0,0,0,0,0,0,0,0
13.250000000000075,0,0,0,0,0,0,0,0,0,0,0
13.300000000000075,0,0,0,0,0,0,0,0,0,0,0
13.350000000000076,0,0,0,0,0,0,0,0,0,0,0
13.400000000000077,0,0,0,0,0,0,0,0,0,0,0
13.450000000000077,0,0,0,0,0,0,0,0,0,0,0
13.500000000000078,0,0,0,0,0,0,0,0,0,0,0
13.550000000000079,0,0,0,0,0,0,0,0,0,0,0
13.60000000000008,0,0,0,0,0,0,0,0,0,0,0
13.65000000000008,0,0,0,0,0,0,0,0,0,0,0
13.700000000000081,0,0,0,0,0,0,0,0,0,0,0
13.750000000000082,0,0,0,0,0,0,0,0,0,0,0
13.800000000000082,0,0,0,0,0,0,0,0,0,0,0
13.850000000000083,0,0,0,0,0,0,0,0,0,0,0
13.900000000000084,0,0,0,0,0,0,0,0,0,0,0
13.950000000000085,0,0,0,0,0,0,0,0,0,0,0
14.000000000000085,0,0,0,0,0,0,0,0,0,0,0
14.050000000000086,0,0,0,0,0,0,0,0,0,0,0
14.100000000000087,0,0,0,0,0,0,0,0,0,0,0
14.150000000000087,0,0,0,0,0,0,0,0,0,0,0
14.200000000000088,0,0,0,0,0,0,0,0,0,0,0
14.250000000000089,0,0,0,0,0,0,0,0,0,0,0
14.30000000000009,0,0,0,0,0,0,0,0,0,0,0
14.35000000000009,0,0,0,0,0,0,0,0,0,0,0
14.400000000000091,0,0,0,0,0,0,0,0,0,0,0
14.450000000000092,0,0,0,0,0,0,0,0,0,0,0
14.500000000000092,0,0,0,0,0,0,0,0,0,0,0
14.550000000000093,0,0,0,0,0,0,0,0,0,0,0
14.600000000000094,0,0,0,0,0,0,0,0,0,0,0
14.650000000000095,0,0,0,0,0,0,0,0,0,0,0
14.700000000000095,0,0,0,0,0,0,0,0,0,0,0
14.750000000000096,0,0,0,0,0,0,0,0,0,0,0
14.800000000000097,0,0,0,0,0,0,0,0,0,0,0
14.850000000000097,0,0,0,0,0,0,0,0,0,0,0
14.900000000000098,0,0,0,0,0,0,0,0,0,0,0
14.950000000000099,0,0,0,0,0,0,0,0,0,0,0
15.0000000000001,0,0,0,0,0,0,0,0,0,0,0
15.0500000000001,0,0,0,0,0,0,0,0,0,0,0
15.100000000000101,0,0,0,0,0,0,0,0,0,0,0
15.150000000000102,0,0,0,0,0,0,0,0,0,0,0
15.200000000000102,0,0,0,0,0,0,0,0,0,0,0
15.250000000000103,0,0,0,0,0,0,0,0,0,0,0
15.300000000000104,0,0,0,0,0,0,0,0,0,0,0
15.350000000000104,0,0,0,0,0,0,0,0,0,0,0
15.400000000000105,0,0,0,0,0,0,0,0,0,0,0
15.450000000000106,0,0,0,0,0,0,0,0,0,0,0
15.500000000000107,0,0,0,0,0,0,0,0,0,0,0
15.550000000000107,0,0,0,0,0,0,0,0,0,0,0
15.600000000000108,0,0,0,0,0,0,0,0,0,0,0
15.650000000000109,0,0,0,0,0,0,0,0,0,0,0
15.70000000000011,0,0,0,0,0,0,0,0,0,0,0
15.75000000000011,0,0,0,0,0,0,0,0,0,0,0
15.80000000000011,0,0,0,0,0,0,0,0,0,0,0
15.850000000000112,0,0,0,0,0,0,0,0,0,0,0
15.900000000000112,0,0,0,0,0,0,0,0,0,0,0
15.950000000000113,0,0,0,0,0,0,0,0,0,0,0
*****
8,0.05,1000,0.6,1,10,100,0.65,1.0,0.65,1.0,0.01
8,1000,7,22,74,22,0,0,0,0,0,0
8.05,1102,3,23,85,23,0,0,0,0,0,0
8.100000000000001,1062,6,21,111,21,0,0,0,0,0,0
8.150000000000002,1011,3,21,117,21,0,0,0,0,0,0
8.200000000000003,1036,7,18,125,18,0,0,0,0,0,0
8.250000000000004,1048,24,32,152,32,0,0,0,0,0,0
8.300000000000004,1045,18,26,160,26,0,0,0,0,0,0
8.350000000000005,1031,7,30,181,30,0,0,0,0,0,0
8.400000000000006,1055,2,29,216,29,0,0,0,0,0,0
8.450000000000006,1061,1,6,188,6,0,0,0,0,0,0
8.500000000000007,1015,1,10,177,10,0,0,0,0,0,0
8.550000000000008,1010,1,6,133,6,0,0,0,0,0,0
8.600000000000009,1053,4,7,106,7,0,0,0,0,0,0
8.65000000000001,1010,2,16,80,16,0,0,0,0,0,0
8.70000000000001,1009,2,10,54,10,0,0,0,0,0,0
8.75000000000001,1035,0,18,41,18,0,0,0,0,0,0
8.800000000000011,1051,0,14,40,14,0,0,0,0,0,0
8.850000000000012,1099,1,6,36,6,0,0,0,0,0,0
8.900000000000013,995,0,7,26,7,0,0,0,0,0,0
8.950000000000014,981,0,2,23,2,0,0,0,0,0,0
9.000000000000014,1049,0,2,29,2,0,0,0,0,0,0
9.050000000000015,1052,0,0,16,0,0,0,0,0,0,0
9.100000000000016,1003,0,2,14,2,0,0,0,0,0,0
9.150000000000016,1085,0,2,14,2,0,0,0,0,0,0
9.200000000000017,1025,0,1,3,1,0,0,0,0,0,0
9.250000000000018,993,0,1,4,1,0,0,0,0,0,0
9.300000000000018,1040,0,2,4,2,0,0,0,0,0,0
9.35000000000002,946,0,0,1,0,0,0,0,0,0,0
9.40000000000002,1012,0,0,2,0,0,0,0,0,0,0
9.45000000000002,1013,0,0,2,0,0,0,0,0,0,0
9.500000000000021,1027,0,0,1,0,0,0,0,0,0,0
9.550000000000022,1021,0,0,1,0,0,0,0,0,0,0
9.600000000000023,1050,0,1,3,1,0,0,0,0,0,0
9.650000000000023,973,0,1,1,1,0,0,0,0,0,0
9.700000000000024,956,0,0,0,0,0,0,0,0,0,0
9.750000000000025,994,0,0,0,0,0,0,0,0,0,0
9.800000000000026,950,0,0,0,0,0,0,0,0,0,0
9.850000000000026,954,0,0,0,0,0,0,0,0,0,0
9.900000000000027,943,0,0,0,0,0,0,0,0,0,0
9.950000000000028,892,0,1,1,1,0,0,0,0,0,0
10.000000000000028,785,0,0,0,0,0,0,0,0,0,0
10.05000000000003,777,0,0,0,0,0,0,0,0,0,0
10.10000000000003,735,0,0,0,0,0,0,0,0,0,0
10.15000000000003,667,0,0,0,0,0,0,0,0,0,0
10.200000000000031,740,0,0,0,0,0,0,0,0,0,0
10.250000000000032,659,0,0,0,0,0,0,0,0,0,0
10.300000000000033,572,0,0,0,0,0,0,0,0,0,0
10.350000000000033,467,0,0,0,0,0,0,0,0,0,0
10.400000000000034,440,0,0,0,0,0,0,0,0,0,0
10.450000000000035,375,0,0,0,0,0,0,0,0,0,0
10.500000000000036,219,0,0,0,0,0,0,0,0,0,0
10.550000000000036,225,0,0,0,0,0,0,0,0,0,0
10.600000000000037,163,0,0,0,0,0,0,0,0,0,0
10.650000000000038,102,0,0,0,0,0,0,0,0,0,0
10.700000000000038,82,0,0,0,0,0,0,0,0,0,0
10.750000000000039,89,0,0,0,0,0,0,0,0,0,0
10.80000000000004,85,0,0,0,0,0,0,0,0,0,0
10.85000000000004,98,0,0,0,0,0,0,0,0,0,0
10.900000000000041,94,0,0,0,0,0,0,0,0,0,0
10.950000000000042,35,0,0,0,0,0,0,0,0,0,0
11.000000000000043,0,0,0,0,0,0,0,0,0,0,0
11.050000000000043,0,0,0,0,0,0,0,0,0,0,0
11.100000000000044,0,0,0,0,0,0,0,0,0,0,0
11.150000000000045,0,0,0,0,0,0,0,0,0,0,0
11.200000000000045,0,0,0,0,0,0,0,0,0,0,0
11.250000000000046,0,0,0,0,0,0,0,0,0,0,0
11.300000000000047,0,0,0,0,0,0,0,0,0,0,0
11.350000000000048,0,0,0,0,0,0,0,0,0,0,0
11.400000000000048,0,0,0,0,0,0,0,0,0,0,0
11.450000000000049,0,0,0,0,0,0,0,0,0,0,0
11.50000000000005,0,0,0,0,0,0,0,0,0,0,0
11.55000000000005,0,0,0,0,0,0,0,0,0,0,0
11.600000000000051,0,0,0,0,0,0,0,0,0,0,0
11.650000000000052,0,0,0,0,0,0,0,0,0,0,0
11.700000000000053,0,0,0,0,0,0,0,0,0,0,0
11.750000000000053,0,0,0,0,0,0,0,0,0,0,0
11.800000000000054,0,0,0,0,0,0,0,0,0,0,0
11.850000000000055,0,0,0,0,0,0,0,0,0,0,0
11.900000000000055,0,0,0,0,0,0,0,0,0,0,0
11.950000000000056,0,0,0,0,0,0,0,0,0,0,0
12.000000000000057,0,0,0,0,0,0,0,0,0,0,0
12.050000000000058,0,0,0,0,0,0,0,0,0,0,0
12.100000000000058,0,0,0,0,0,0,0,0,0,0,0
12.150000000000059,0,0,0,0,0,0,0,0,0,0,0
12.20000000000006,0,0,0,0,0,0,0,0,0,0,0
12.25000000000006,0,0,0,0,0,0,0,0,0,0,0
12.300000000000061,0,0,0,0,0,0,0,0,0,0,0
12.350000000000062,0,0,0,0,0,0,0,0,0,0,0
12.400000000000063,0,0,0,0,0,0,0,0,0,0,0
12.450000000000063,0,0,0,0,0,0,0,0,0,0,0
12.500000000000064,0,0,0,0,0,0,0,0,0,0,0
12.550000000000065,0,0,0,0,0,0,0,0,0,0,0
12.600000000000065,0,0,0,0,0,0,0,0,0,0,0
12.650000000000066,0,0,0,0,0,0,0,0,0,0,0
12.700000000000067,0,0,0,0,0,0,0,0,0,0,0
12.750000000000068,0,0,0,0,0,0,0,0,0,0,0
12.800000000000068,0,0,0,0,0,0,0,0,0,0,0
12.850000000000069,0,0,0,0,0,0,0,0,0,0,0
12.90000000000007,0,0,0,0,0,0,0,0,0,0,0
12.95000000000007,0,0,0,0,0,0,0,0,0,0,0
13.000000000000071,0,0,0,0,0,0,0,0,0,0,0
13.050000000000072,0,0,0,0,0,0,0,0,0,0,0
13.100000000000072,0,0,0,0,0,0,0,0,0,0,0
13.150000000000073,0,0,0,0,0,0,0,0,0,0,0
13.200000000000074,0,0,0,0,0,0,0,0,0,0,0
13.250000000000075,0,0,0,0,0,0,0,0,0,0,0
13.300000000000075,0,0,0,0,0,0,0,0,0,0,0
13.350000000000076,0,0,0,0,0,0,0,0,0,0,0
13.400000000000077,0,0,0,0,0,0,0,0,0,0,0
13.450000000000077,0,0,0,0,0,0,0,0,0,0,0
13.500000000000078,0,0,0,0,0,0,0,0,0,0,0
13.550000000000079,0,0,0,0,0,0,0,0,0,0,0
13.60000000000008,0,0,0,0,0,0,0,0,0,0,0
13.65000000000008,0,0,0,0,0,0,0,0,0,0,0
13.700000000000081,0,0,0,0,0,0,0,0,0,0,0
13.750000000000082,0,0,0,0,0,0,0,0,0,0,0
13.800000000000082,0,0,0,0,0,0,0,0,0,0,0
13.850000000000083,0,0,0,0,0,0,0,0,0,0,0
13.900000000000084,0,0,0,0,0,0,0,0,0,0,0
13.950000000000085,0,0,0,0,0,0,0,0,0,0,0
14.000000000000085,0,0,0,0,0,0,0,0,0,0,0
14.050000000000086,0,0,0,0,0,0,0,0,0,0,0
14.100000000000087,0,0,0,0,0,0,0,0,0,0,0
14.150000000000087,0,0,0,0,0,0,0,0,0,0,0
14.200000000000088,0,0,0,0,0,0,0,0,0,0,0
14.250000000000089,0,0,0,0,0,0,0,0,0,0,0
14.30000000000009,0,0,0,0,0,0,0,0,0,0,0
14.35000000000009,0,0,0,0,0,0,0,0,0,0,0
14.400000000000091,0,0,0,0,0,0,0,0,0,0,0
14.450000000000092,0,0,0,0,0,0,0,0,0,0,0
14.500000000000092,0,0,0,0,0,0,0,0,0,0,0
14.550000000000093,0,0,0,0,0,0,0,0,0,0,0
14.600000000000094,0,0,0,0,0,0,0,0,0,0,0
14.650000000000095,0,0,0,0,0,0,0,0,0,0,0
14.700000000000095,0,0,0,0,0,0,0,0,0,0,0
14.750000000000096,0,0,0,0,0,0,0,0,0,0,0
14.800000000000097,0,0,0,0,0,0,0,0,0,0,0
14.850000000000097,0,0,0,0,0,0,0,0,0,0,0
14.900000000000098,0,0,0,0,0,0,0,0,0,0,0
14.950000000000099,0,0,0,0,0,0,0,0,0,0,0
15.0000000000001,0,0,0,0,0,0,0,0,0,0,0
15.0500000000001,0,0,0,0,0,0,0,0,0,0,0
15.100000000000101,0,0,0,0,0,0,0,0,0,0,0
15.150000000000102,0,0,0,0,0,0,0,0,0,0,0
15.200000000000102,0,0,0,0,0,0,0,0,0,0,0
15.250000000000103,0,0,0,0,0,0,0,0,0,0,0
15.300000000000104,0,0,0,0,0,0,0,0,0,0,0
15.350000000000104,0,0,0,0,0,0,0,0,0,0,0
15.400000000000105,0,0,0,0,0,0,0,0,0,0,0
15.450000000000106,0,0,0,0,0,0,0,0,0,0,0
15.500000000000107,0,0,0,0,0,0,0,0,0,0,0
15.550000000000107,0,0,0,0,0,0,0,0,0,0,0
15.600000000000108,0,0,0,0,0,0,0,0,0,0,0
15.650000000000109,0,0,0,0,0,0,0,0,0,0,0
15.70000000000011,0,0,0,0,0,0,0,0,0,0,0
15.75000000000011,0,0,0,0,0,0,0,0,0,0,0
15.80000000000011,0,0,0,0,0,0,0,0,0,0,0
15.850000000000112,0,0,0,0,0,0,0,0,0,0,0
15.900000000000112,0,0,0,0,0,0,0,0,0,0,0
15.950000000000113,0,0,0,0,0,0,0,0,0,0,0
