*****
8,0.05,1000,0,1,10,100,0.65,1.0,0.65,1.0,0.1
8,1000,653,760,578,769,0,0,0,0,0,0
8.05,983,445,689,584,761,0,0,0,0,0,0
8.100000000000001,981,263,592,594,732,0,0,0,0,0,0
8.150000000000002,1001,166,477,608,749,0,0,0,0,0,0
8.200000000000003,1050,73,395,660,718,0,0,0,0,0,0
8.250000000000004,1015,46,303,649,601,0,0,0,0,0,0
8.300000000000004,1030,20,218,629,559,0,0,0,0,0,0
8.350000000000005,969,14,139,607,427,0,0,0,0,0,0
8.400000000000006,952,6,95,622,344,0,0,0,0,0,0
8.450000000000006,996,1,70,581,271,0,0,0,0,0,0
8.500000000000007,993,0,46,538,195,0,0,0,0,0,0
8.550000000000008,973,1,21,427,146,0,0,0,0,0,0
8.600000000000009,990,1,19,356,102,0,0,0,0,0,0
8.65000000000001,910,0,15,263,66,0,0,0,0,0,0
8.70000000000001,969,0,7,220,64,0,0,0,0,0,0
8.75000000000001,987,0,8,156,47,0,0,0,0,0,0
8.800000000000011,1004,0,2,121,28,0,0,0,0,0,0
8.850000000000012,984,0,3,80,14,0,0,0,0,0,0
8.900000000000013,981,0,1,54,7,0,0,0,0,0,0
8.950000000000014,970,0,0,42,7,0,0,0,0,0,0
9.000000000000014,1022,0,0,20,1,0,0,0,0,0,0
9.050000000000015,981,0,0,16,1,0,0,0,0,0,0
9.100000000000016,927,0,0,4,0,0,0,0,0,0,0
9.150000000000016,975,0,0,8,1,0,0,0,0,0,0
9.200000000000017,976,0,0,1,0,0,0,0,0,0,0
9.250000000000018,952,0,0,4,1,0,0,0,0,0,0
9.300000000000018,932,0,0,2,0,0,0,0,0,0,0
9.35000000000002,846,0,0,0,0,0,0,0,0,0,0
9.40000000000002,837,0,0,0,0,0,0,0,0,0,0
9.45000000000002,828,0,0,0,0,0,0,0,0,0,0
9.500000000000021,727,0,0,0,0,0,0,0,0,0,0
9.550000000000022,674,0,0,0,0,0,0,0,0,0,0
9.600000000000023,651,0,0,0,0,0,0,0,0,0,0
9.650000000000023,586,0,0,0,0,0,0,0,0,0,0
9.700000000000024,534,0,0,0,0,0,0,0,0,0,0
9.750000000000025,455,0,0,0,0,0,0,0,0,0,0
9.800000000000026,449,0,0,0,0,0,0,0,0,0,0
9.850000000000026,382,0,0,0,0,0,0,0,0,0,0
9.900000000000027,349,0,0,0,0,0,0,0,0,0,0
9.950000000000028,282,0,0,0,0,0,0,0,0,0,0
10.000000000000028,230,0,0,0,0,0,0,0,0,0,0
10.05000000000003,214,0,0,0,0,0,0,0,0,0,0
10.10000000000003,143,0,0,0,0,0,0,0,0,0,0
10.15000000000003,109,0,0,0,0,0,0,0,0,0,0
10.200000000000031,71,0,0,0,0,0,0,0,0,0,0
10.250000000000032,47,0,0,0,0,0,0,0,0,0,0
10.300000000000033,7,0,0,0,0,0,0,0,0,0,0
10.350000000000033,0,0,0,0,0,0,0,0,0,0,0
10.400000000000034,0,0,0,0,0,0,0,0,0,0,0
10.450000000000035,0,0,0,0,0,0,0,0,0,0,0
10.500000000000036,0,0,0,0,0,0,0,0,0,0,0
10.550000000000036,0,0,0,0,0,0,0,0,0,0,0
10.600000000000037,0,0,0,0,0,0,0,0,0,0,0
10.650000000000038,0,0,0,0,0,0,0,0,0,0,0
10.700000000000038,0,0,0,0,0,0,0,0,0,0,0
10.750000000000039,0,0,0,0,0,0,0,0,0,0,0
10.80000000000004,0,0,0,0,0,0,0,0,0,0,0
10.85000000000004,0,0,0,0,0,0,0,0,0,0,0
10.900000000000041,0,0,0,0,0,0,0,0,0,0,0
10.950000000000042,0,0,0,0,0,0,0,0,0,0,0
11.000000000000043,0,0,0,0,0,0,0,0,0,0,0
11.050000000000043,0,0,0,0,0,0,0,0,0,0,0
11.100000000000044,0,0,0,0,0,0,0,0,0,0,0
11.150000000000045,0,0,0,0,0,0,0,0,0,0,0
11.200000000000045,0,0,0,0,0,0,0,0,0,0,0
11.250000000000046,0,0,0,0,0,0,0,0,0,0,0
11.300000000000047,0,0,0,0,0,0,0,0,0,0,0
11.350000000000048,0,0,0,0,0,0,0,0,0,0,0
11.400000000000048,0,0,0,0,0,0,0,0,0,0,0
11.450000000000049,0,0,0,0,0,0,0,0,0,0,0
11.50000000000005,0,0,0,0,0,0,0,0,0,0,0
11.55000000000005,0,0,0,0,0,0,0,0,0,0,0
11.600000000000051,0,0,0,0,0,0,0,0,0,0,0
11.650000000000052,0,0,0,0,0,0,0,0,0,0,0
11.700000000000053,0,0,0,0,0,0,0,0,0,0,0
11.750000000000053,0,0,0,0,0,0,0,0,0,0,0
11.800000000000054,0,0,0,0,0,0,0,0,0,0,0
11.850000000000055,0,0,0,0,0,0,0,0,0,0,0
11.900000000000055,0,0,0,0,0,0,0,0,0,0,0
11.950000000000056,0,0,0,0,0,0,0,0,0,0,0
12.000000000000057,0,0,0,0,0,0,0,0,0,0,0
12.050000000000058,0,0,0,0,0,0,0,0,0,0,0
12.100000000000058,0,0,0,0,0,0,0,0,0,0,0
12.150000000000059,0,0,0,0,0,0,0,0,0,0,0
12.20000000000006,0,0,0,0,0,0,0,0,0,0,0
12.25000000000006,0,0,0,0,0,0,0,0,0,0,0
12.300000000000061,0,0,0,0,0,0,0,0,0,0,0
12.350000000000062,0,0,0,0,0,0,0,0,0,0,0
12.400000000000063,0,0,0,0,0,0,0,0,0,0,0
12.450000000000063,0,0,0,0,0,0,0,0,0,0,0
12.500000000000064,0,0,0,0,0,0,0,0,0,0,0
12.550000000000065,0,0,0,0,0,0,0,0,0,0,0
12.600000000000065,0,0,0,0,0,0,0,0,0,0,0
12.650000000000066,0,0,0,0,0,0,0,0,0,0,0
12.700000000000067,0,0,0,0,0,0,0,0,0,0,0
12.750000000000068,0,0,0,0,0,0,0,0,0,0,0
12.800000000000068,0,0,0,0,0,0,0,0,0,0,0
12.850000000000069,0,0,0,0,0,0,0,0,0,0,0
12.90000000000007,0,0,0,0,0,0,0,0,0,0,0
12.95000000000007,0,0,0,0,0,0,0,0,0,0,0
13.000000000000071,0,0,0,0,0,0,0,0,0,0,0
13.050000000000072,0,0,0,0,0,0,0,0,0,0,0
13.100000000000072,0,0,0,0,0,0,0,0,0,0,0
13.150000000000073,0,0,0,0,0,0,0,0,0,0,0
13.200000000000074,0,0,0,0,0,0,0,0,0,0,0
13.250000000000075,0,0,0,0,0,0,0,0,0,0,0
13.300000000000075,0,0,0,0,0,0,0,0,0,0,0
13.350000000000076,0,0,0,0,0,0,0,0,0,0,0
13.400000000000077,0,0,0,0,0,0,0,0,0,0,0
13.450000000000077,0,0,0,0,0,0,0,0,0,0,0
13.500000000000078,0,0,0,0,0,0,0,0,0,0,0
13.550000000000079,0,0,0,0,0,0,0,0,0,0,0
13.60000000000008,0,0,0,0,0,0,0,0,0,0,0
13.65000000000008,0,0,0,0,0,0,0,0,0,0,0
13.700000000000081,0,0,0,0,0,0,0,0,0,0,0
13.750000000000082,0,0,0,0,0,0,0,0,0,0,0
13.800000000000082,0,0,0,0,0,0,0,0,0,0,0
13.850000000000083,0,0,0,0,0,0,0,0,0,0,0
13.900000000000084,0,0,0,0,0,0,0,0,0,0,0
13.950000000000085,0,0,0,0,0,0,0,0,0,0,0
14.000000000000085,0,0,0,0,0,0,0,0,0,0,0
14.050000000000086,0,0,0,0,0,0,0,0,0,0,0
14.100000000000087,0,0,0,0,0,0,0,0,0,0,0
14.150000000000087,0,0,0,0,0,0,0,0,0,0,0
14.200000000000088,0,0,0,0,0,0,0,0,0,0,0
14.250000000000089,0,0,0,0,0,0,0,0,0,0,0
14.30000000000009,0,0,0,0,0,0,0,0,0,0,0
14.35000000000009,0,0,0,0,0,0,0,0,0,0,0
14.400000000000091,0,0,0,0,0,0,0,0,0,0,0
14.450000000000092,0,0,0,0,0,0,0,0,0,0,0
14.500000000000092,0,0,0,0,0,0,0,0,0,0,0
14.550000000000093,0,0,0,0,0,0,0,0,0,0,0
14.600000000000094,0,0,0,0,0,0,0,0,0,0,0
14.650000000000095,0,0,0,0,0,0,0,0,0,0,0
14.700000000000095,0,0,0,0,0,0,0,0,0,0,0
14.750000000000096,0,0,0,0,0,0,0,0,0,0,0
14.800000000000097,0,0,0,0,0,0,0,0,0,0,0
14.850000000000097,0,0,0,0,0,0,0,0,0,0,0
14.900000000000098,0,0,0,0,0,0,0,0,0,0,0
14.950000000000099,0,0,0,0,0,0,0,0,0,0,0
15.0000000000001,0,0,0,0,0,0,0,0,0,0,0
15.0500000000001,0,0,0,0,0,0,0,0,0,0,0
15.100000000000101,0,0,0,0,0,0,0,0,0,0,0
15.150000000000102,0,0,0,0,0,0,0,0,0,0,0
15.200000000000102,0,0,0,0,0,0,0,0,0,0,0
15.250000000000103,0,0,0,0,0,0,0,0,0,0,0
15.300000000000104,0,0,0,0,0,0,0,0,0,0,0
15.350000000000104,0,0,0,0,0,0,0,0,0,0,0
15.400000000000105,0,0,0,0,0,0,0,0,0,0,0
15.450000000000106,0,0,0,0,0,0,0,0,0,0,0
15.500000000000107,0,0,0,0,0,0,0,0,0,0,0
15.550000000000107,0,0,0,0,0,0,0,0,0,0,0
15.600000000000108,0,0,0,0,0,0,0,0,0,0,0
15.650000000000109,0,0,0,0,0,0,0,0,0,0,0
15.70000000000011,0,0,0,0,0,0,0,0,0,0,0
15.75000000000011,0,0,0,0,0,0,0,0,0,0,0
15.80000000000011,0,0,0,0,0,0,0,0,0,0,0
15.850000000000112,0,0,0,0,0,0,0,0,0,0,0
15.900000000000112,0,0,0,0,0,0,0,0,0,0,0
15.950000000000113,0,0,0,0,0,0,0,0,0,0,0
*****
8,0.05,1000,0,0.4,10,100,0.65,1.0,0.65,1.0,0.1
8,1000,880,10,997,988,0,0,0,0,0,0
8.05,962,554,4,948,951,0,0,0,0,0,0
8.100000000000001,1039,275,1,1030,1022,0,0,0,0,0,0
8.150000000000002,1078,104,2,1073,1058,0,0,0,0,0,0
8.200000000000003,1012,30,1,1002,982,0,0,0,0,0,0
8.250000000000004,1028,18,0,1006,941,0,0,0,0,0,0
8.300000000000004,981,4,0,950,815,0,0,0,0,0,0
8.350000000000005,1041,0,0,969,763,0,0,0,0,0,0
8.400000000000006,1036,0,0,910,575,0,0,0,0,0,0
8.450000000000006,1079,0,0,865,469,0,0,0,0,0,0
8.500000000000007,1006,0,0,685,287,0,0,0,0,0,0
8.550000000000008,1016,0,0,565,197,0,0,0,0,0,0
8.600000000000009,1041,0,0,444,122,0,0,0,0,0,0
8.65000000000001,1010,0,0,314,83,0,0,0,0,0,0
8.70000000000001,1070,0,0,236,37,0,0,0,0,0,0
8.75000000000001,941,0,0,106,14,0,0,0,0,0,0
8.800000000000011,1006,0,0,72,18,0,0,0,0,0,0
8.850000000000012,1016,0,0,43,2,0,0,0,0,0,0
8.900000000000013,1053,0,0,14,0,0,0,0,0,0,0
8.950000000000014,967,0,0,8,0,0,0,0,0,0,0
9.000000000000014,952,0,0,4,0,0,0,0,0,0,0
9.050000000000015,862,0,0,0,0,0,0,0,0,0,0
9.100000000000016,774,0,0,1,0,0,0,0,0,0,0
9.150000000000016,664,0,0,1,0,0,0,0,0,0,0
9.200000000000017,566,0,0,0,0,0,0,0,0,0,0
9.250000000000018,465,0,0,0,0,0,0,0,0,0,0
9.300000000000018,333,0,0,0,0,0,0,0,0,0,0
9.35000000000002,200,0,0,0,0,0,0,0,0,0,0
9.40000000000002,113,0,0,0,0,0,0,0,0,0,0
9.45000000000002,67,0,0,0,0,0,0,0,0,0,0
9.500000000000021,69,0,0,0,0,0,0,0,0,0,0
9.550000000000022,34,0,0,0,0,0,0,0,0,0,0
9.600000000000023,0,0,0,0,0,0,0,0,0,0,0
9.650000000000023,0,0,0,0,0,0,0,0,0,0,0
9.700000000000024,0,0,0,0,0,0,0,0,0,0,0
9.750000000000025,0,0,0,0,0,0,0,0,0,0,0
9.800000000000026,0,0,0,0,0,0,0,0,0,0,0
9.850000000000026,0,0,0,0,0,0,0,0,0,0,0
9.900000000000027,0,0,0,0,0,0,0,0,0,0,0
9.950000000000028,0,0,0,0,0,0,0,0,0,0,0
10.000000000000028,0,0,0,0,0,0,0,0,0,0,0
10.05000000000003,0,0,0,0,0,0,0,0,0,0,0
10.10000000000003,0,0,0,0,0,0,0,0,0,0,0
10.15000000000003,0,0,0,0,0,0,0,0,0,0,0
10.200000000000031,0,0,0,0,0,0,0,0,0,0,0
10.250000000000032,0,0,0,0,0,0,0,0,0,0,0
10.300000000000033,0,0,0,0,0,0,0,0,0,0,0
10.350000000000033,0,0,0,0,0,0,0,0,0,0,0
10.400000000000034,0,0,0,0,0,0,0,0,0,0,0
10.450000000000035,0,0,0,0,0,0,0,0,0,0,0
10.500000000000036,0,0,0,0,0,0,0,0,0,0,0
10.550000000000036,0,0,0,0,0,0,0,0,0,0,0
10.600000000000037,0,0,0,0,0,0,0,0,0,0,0
10.650000000000038,0,0,0,0,0,0,0,0,0,0,0
10.700000000000038,0,0,0,0,0,0,0,0,0,0,0
10.750000000000039,0,0,0,0,0,0,0,0,0,0,0
10.80000000000004,0,0,0,0,0,0,0,0,0,0,0
10.85000000000004,0,0,0,0,0,0,0,0,0,0,0
10.900000000000041,0,0,0,0,0,0,0,0,0,0,0
10.950000000000042,0,0,0,0,0,0,0,0,0,0,0
11.000000000000043,0,0,0,0,0,0,0,0,0,0,0
11.050000000000043,0,0,0,0,0,0,0,0,0,0,0
11.100000000000044,0,0,0,0,0,0,0,0,0,0,0
11.150000000000045,0,0,0,0,0,0,0,0,0,0,0
11.200000000000045,0,0,0,0,0,0,0,0,0,0,0
11.250000000000046,0,0,0,0,0,0,0,0,0,0,0
11.300000000000047,0,0,0,0,0,0,0,0,0,0,0
11.350000000000048,0,0,0,0,0,0,0,0,0,0,0
11.400000000000048,0,0,0,0,0,0,0,0,0,0,0
11.450000000000049,0,0,0,0,0,0,0,0,0,0,0
11.50000000000005,0,0,0,0,0,0,0,0,0,0,0
11.55000000000005,0,0,0,0,0,0,0,0,0,0,0
11.600000000000051,0,0,0,0,0,0,0,0,0,0,0
11.650000000000052,0,0,0,0,0,0,0,0,0,0,0
11.700000000000053,0,0,0,0,0,0,0,0,0,0,0
11.750000000000053,0,0,0,0,0,0,0,0,0,0,0
11.800000000000054,0,0,0,0,0,0,0,0,0,0,0
11.850000000000055,0,0,0,0,0,0,0,0,0,0,0
11.900000000000055,0,0,0,0,0,0,0,0,0,0,0
11.950000000000056,0,0,0,0,0,0,0,0,0,0,0
12.000000000000057,0,0,0,0,0,0,0,0,0,0,0
12.050000000000058,0,0,0,0,0,0,0,0,0,0,0
12.100000000000058,0,0,0,0,0,0,0,0,0,0,0
12.150000000000059,0,0,0,0,0,0,0,0,0,0,0
12.20000000000006,0,0,0,0,0,0,0,0,0,0,0
12.25000000000006,0,0,0,0,0,0,0,0,0,0,0
12.300000000000061,0,0,0,0,0,0,0,0,0,0,0
12.350000000000062,0,0,0,0,0,0,0,0,0,0,0
12.400000000000063,0,0,0,0,0,0,0,0,0,0,0
12.450000000000063,0,0,0,0,0,0,0,0,0,0,0
12.500000000000064,0,0,0,0,0,0,0,0,0,0,0
12.550000000000065,0,0,0,0,0,0,0,0,0,0,0
12.600000000000065,0,0,0,0,0,0,0,0,0,0,0
12.650000000000066,0,0,0,0,0,0,0,0,0,0,0
12.700000000000067,0,0,0,0,0,0,0,0,0,0,0
12.750000000000068,0,0,0,0,0,0,0,0,0,0,0
12.800000000000068,0,0,0,0,0,0,0,0,0,0,0
12.850000000000069,0,0,0,0,0,0,0,0,0,0,0
12.90000000000007,0,0,0,0,0,0,0,0,0,0,0
12.95000000000007,0,0,0,0,0,0,0,0,0,0,0
13.000000000000071,0,0,0,0,0,0,0,0,0,0,0
13.050000000000072,0,0,0,0,0,0,0,0,0,0,0
13.100000000000072,0,0,0,0,0,0,0,0,0,0,0
13.150000000000073,0,0,0,0,0,0,0,0,0,0,0
13.200000000000074,0,0,0,0,0,0,0,0,0,0,0
13.250000000000075,0,0,0,0,0,0,0,0,0,0,0
13.300000000000075,0,0,0,0,0,0,0,0,0,0,0
13.350000000000076,0,0,0,0,0,0,0,0,0,0,0
13.400000000000077,0,0,0,0,0,0,0,0,0,0,0
13.450000000000077,0,0,0,0,0,0,0,0,0,0,0
13.500000000000078,0,0,0,0,0,0,0,0,0,0,0
13.550000000000079,0,0,0,0,0,0,0,0,0,0,0
13.60000000000008,0,0,0,0,0,0,0,0,0,0,0
13.65000000000008,0,0,0,0,0,0,0,0,0,0,0
13.700000000000081,0,0,0,0,0,0,0,0,0,0,0
13.750000000000082,0,0,0,0,0,0,0,0,0,0,0
13.800000000000082,0,0,0,0,0,0,0,0,0,0,0
13.850000000000083,0,0,0,0,0,0,0,0,0,0,0
13.900000000000084,0,0,0,0,0,0,0,0,0,0,0
13.950000000000085,0,0,0,0,0,0,0,0,0,0,0
14.000000000000085,0,0,0,0,0,0,0,0,0,0,0
14.050000000000086,0,0,0,0,0,0,0,0,0,0,0
14.100000000000087,0,0,0,0,0,0,0,0,0,0,0
14.150000000000087,0,0,0,0,0,0,0,0,0,0,0
14.200000000000088,0,0,0,0,0,0,0,0,0,0,0
14.250000000000089,0,0,0,0,0,0,0,0,0,0,0
14.30000000000009,0,0,0,0,0,0,0,0,0,0,0
14.35000000000009,0,0,0,0,0,0,0,0,0,0,0
14.400000000000091,0,0,0,0,0,0,0,0,0,0,0
14.450000000000092,0,0,0,0,0,0,0,0,0,0,0
14.500000000000092,0,0,0,0,0,0,0,0,0,0,0
14.550000000000093,0,0,0,0,0,0,0,0,0,0,0
14.600000000000094,0,0,0,0,0,0,0,0,0,0,0
14.650000000000095,0,0,0,0,0,0,0,0,0,0,0
14.700000000000095,0,0,0,0,0,0,0,0,0,0,0
14.750000000000096,0,0,0,0,0,0,0,0,0,0,0
14.800000000000097,0,0,0,0,0,0,0,0,0,0,0
14.850000000000097,0,0,0,0,0,0,0,0,0,0,0
14.900000000000098,0,0,0,0,0,0,0,0,0,0,0
14.950000000000099,0,0,0,0,0,0,0,0,0,0,0
15.0000000000001,0,0,0,0,0,0,0,0,0,0,0
15.0500000000001,0,0,0,0,0,0,0,0,0,0,0
15.100000000000101,0,0,0,0,0,0,0,0,0,0,0
15.150000000000102,0,0,0,0,0,0,0,0,0,0,0
15.200000000000102,0,0,0,0,0,0,0,0,0,0,0
15.250000000000103,0,0,0,0,0,0,0,0,0,0,0
15.300000000000104,0,0,0,0,0,0,0,0,0,0,0
15.350000000000104,0,0,0,0,0,0,0,0,0,0,0
15.400000000000105,0,0,0,0,0,0,0,0,0,0,0
15.450000000000106,0,0,0,0,0,0,0,0,0,0,0
15.500000000000107,0,0,0,0,0,0,0,0,0,0,0
15.550000000000107,0,0,0,0,0,0,0,0,0,0,0
15.600000000000108,0,0,0,0,0,0,0,0,0,0,0
15.650000000000109,0,0,0,0,0,0,0,0,0,0,0
15.70000000000011,0,0,0,0,0,0,0,0,0,0,0
15.75000000000011,0,0,0,0,0,0,0,0,0,0,0
15.80000000000011,0,0,0,0,0,0,0,0,0,0,0
15.850000000000112,0,0,0,0,0,0,0,0,0,0,0
15.900000000000112,0,0,0,0,0,0,0,0,0,0,0
15.950000000000113,0,0,0,0,0,0,0,0,0,0,0
*****
8,0.05,1000,0.3,0.7,10,100,0.65,1.0,0.65,1.0,0.1
8,1000,571,916,797,791,0,0,0,0,0,0
8.05,943,461,847,775,754,0,0,0,0,0,0
8.100000000000001,958,402,849,776,776,0,0,0,0,0,0
8.150000000000002,881,288,735,716,719,0,0,0,0,0,0
8.200000000000003,938,250,737,788,780,0,0,0,0,0,0
8.250000000000004,905,159,655,750,737,0,0,0,0,0,0
8.300000000000004,978,109,650,808,767,0,0,0,0,0,0
8.350000000000005,947,87,534,778,729,0,0,0,0,0,0
8.400000000000006,1030,54,498,835,720,0,0,0,0,0,0
8.450000000000006,967,33,386,751,663,0,0,0,0,0,0
8.500000000000007,953,19,326,720,581,0,0,0,0,0,0
8.550000000000008,949,12,259,656,502,0,0,0,0,0,0
8.600000000000009,1006,3,216,671,438,0,0,0,0,0,0
8.65000000000001,954,5,139,562,350,0,0,0,0,0,0
8.70000000000001,916,6,88,484,283,0,0,0,0,0,0
8.75000000000001,965,2,89,441,241,0,0,0,0,0,0
8.800000000000011,977,2,68,350,187,0,0,0,0,0,0
8.850000000000012,905,0,43,263,109,0,0,0,0,0,0
8.900000000000013,966,0,23,232,100,0,0,0,0,0,0
8.950000000000014,990,1,22,168,59,0,0,0,0,0,0
9.000000000000014,957,0,10,118,37,0,0,0,0,0,0
9.050000000000015,951,0,6,85,26,0,0,0,0,0,0
9.100000000000016,964,0,3,61,13,0,0,0,0,0,0
9.150000000000016,955,0,1,53,18,0,0,0,0,0,0
9.200000000000017,941,0,2,34,9,0,0,0,0,0,0
9.250000000000018,954,0,1,14,6,0,0,0,0,0,0
9.300000000000018,974,0,0,8,3,0,0,0,0,0,0
9.35000000000002,962,0,1,7,1,0,0,0,0,0,0
9.40000000000002,948,0,1,3,2,0,0,0,0,0,0
9.45000000000002,928,0,0,1,0,0,0,0,0,0,0
9.500000000000021,942,0,0,3,0,0,0,0,0,0,0
9.550000000000022,958,0,0,0,0,0,0,0,0,0,0
9.600000000000023,940,0,0,0,0,0,0,0,0,0,0
9.650000000000023,906,0,0,1,0,0,0,0,0,0,0
9.700000000000024,885,0,0,0,0,0,0,0,0,0,0
9.750000000000025,877,0,0,0,0,0,0,0,0,0,0
9.800000000000026,792,0,0,0,0,0,0,0,0,0,0
9.850000000000026,799,0,0,0,0,0,0,0,0,0,0
9.900000000000027,649,0,0,0,0,0,0,0,0,0,0
9.950000000000028,543,0,0,0,0,0,0,0,0,0,0
10.000000000000028,437,0,0,0,0,0,0,0,0,0,0
10.05000000000003,315,0,0,0,0,0,0,0,0,0,0
10.10000000000003,214,0,0,0,0,0,0,0,0,0,0
10.15000000000003,137,0,0,0,0,0,0,0,0,0,0
10.200000000000031,54,0,0,0,0,0,0,0,0,0,0
10.250000000000032,25,0,0,0,0,0,0,0,0,0,0
10.300000000000033,16,0,0,0,0,0,0,0,0,0,0
10.350000000000033,7,0,0,0,0,0,0,0,0,0,0
10.400000000000034,0,0,0,0,0,0,0,0,0,0,0
10.450000000000035,0,0,0,0,0,0,0,0,0,0,0
10.500000000000036,0,0,0,0,0,0,0,0,0,0,0
10.550000000000036,0,0,0,0,0,0,0,0,0,0,0
10.600000000000037,0,0,0,0,0,0,0,0,0,0,0
10.650000000000038,0,0,0,0,0,0,0,0,0,0,0
10.700000000000038,0,0,0,0,0,0,0,0,0,0,0
10.750000000000039,0,0,0,0,0,0,0,0,0,0,0
10.80000000000004,0,0,0,0,0,0,0,0,0,0,0
10.85000000000004,0,0,0,0,0,0,0,0,0,0,0
10.900000000000041,0,0,0,0,0,0,0,0,0,0,0
10.950000000000042,0,0,0,0,0,0,0,0,0,0,0
11.000000000000043,0,0,0,0,0,0,0,0,0,0,0
11.050000000000043,0,0,0,0,0,0,0,0,0,0,0
11.100000000000044,0,0,0,0,0,0,0,0,0,0,0
11.150000000000045,0,0,0,0,0,0,0,0,0,0,0
11.200000000000045,0,0,0,0,0,0,0,0,0,0,0
11.250000000000046,0,0,0,0,0,0,0,0,0,0,0
11.300000000000047,0,0,0,0,0,0,0,0,0,0,0
11.350000000000048,0,0,0,0,0,0,0,0,0,0,0
11.400000000000048,0,0,0,0,0,0,0,0,0,0,0
11.450000000000049,0,0,0,0,0,0,0,0,0,0,0
11.50000000000005,0,0,0,0,0,0,0,0,0,0,0
11.55000000000005,0,0,0,0,0,0,0,0,0,0,0
11.600000000000051,0,0,0,0,0,0,0,0,0,0,0
11.650000000000052,0,0,0,0,0,0,0,0,0,0,0
11.700000000000053,0,0,0,0,0,0,0,0,0,0,0
11.750000000000053,0,0,0,0,0,0,0,0,0,0,0
11.800000000000054,0,0,0,0,0,0,0,0,0,0,0
11.850000000000055,0,0,0,0,0,0,0,0,0,0,0
11.900000000000055,0,0,0,0,0,0,0,0,0,0,0
11.950000000000056,0,0,0,0,0,0,0,0,0,0,0
12.000000000000057,0,0,0,0,0,0,0,0,0,0,0
12.050000000000058,0,0,0,0,0,0,0,0,0,0,0
12.100000000000058,0,0,0,0,0,0,0,0,0,0,0
12.150000000000059,0,0,0,0,0,0,0,0,0,0,0
12.20000000000006,0,0,0,0,0,0,0,0,0,0,0
12.25000000000006,0,0,0,0,0,0,0,0,0,0,0
12.300000000000061,0,0,0,0,0,0,0,0,0,0,0
12.350000000000062,0,0,0,0,0,0,0,0,0,0,0
12.400000000000063,0,0,0,0,0,0,0,0,0,0,0
12.450000000000063,0,0,0,0,0,0,0,0,0,0,0
12.500000000000064,0,0,0,0,0,0,0,0,0,0,0
12.550000000000065,0,0,0,0,0,0,0,0,0,0,0
12.600000000000065,0,0,0,0,0,0,0,0,0,0,0
12.650000000000066,0,0,0,0,0,0,0,0,0,0,0
12.700000000000067,0,0,0,0,0,0,0,0,0,0,0
12.750000000000068,0,0,0,0,0,0,0,0,0,0,0
12.800000000000068,0,0,0,0,0,0,0,0,0,0,0
12.850000000000069,0,0,0,0,0,0,0,0,0,0,0
12.90000000000007,0,0,0,0,0,0,0,0,0,0,0
12.95000000000007,0,0,0,0,0,0,0,0,0,0,0
13.000000000000071,0,0,0,0,0,0,0,0,0,0,0
13.050000000000072,0,0,0,0,0,0,0,0,0,0,0
13.100000000000072,0,0,0,0,0,0,0,0,0,0,0
13.150000000000073,0,0,0,0,0,0,0,0,0,0,0
13.200000000000074,0,0,0,0,0,0,0,0,0,0,0
13.250000000000075,0,0,0,0,0,0,0,0,0,0,0
13.300000000000075,0,0,0,0,0,0,0,0,0,0,0
13.350000000000076,0,0,0,0,0,0,0,0,0,0,0
13.400000000000077,0,0,0,0,0,0,0,0,0,0,0
13.450000000000077,0,0,0,0,0,0,0,0,0,0,0
13.500000000000078,0,0,0,0,0,0,0,0,0,0,0
13.550000000000079,0,0,0,0,0,0,0,0,0,0,0
13.60000000000008,0,0,0,0,0,0,0,0,0,0,0
13.65000000000008,0,0,0,0,0,0,0,0,0,0,0
13.700000000000081,0,0,0,0,0,0,0,0,0,0,0
13.750000000000082,0,0,0,0,0,0,0,0,0,0,0
13.800000000000082,0,0,0,0,0,0,0,0,0,0,0
13.850000000000083,0,0,0,0,0,0,0,0,0,0,0
13.900000000000084,0,0,0,0,0,0,0,0,0,0,0
13.950000000000085,0,0,0,0,0,0,0,0,0,0,0
14.000000000000085,0,0,0,0,0,0,0,0,0,0,0
14.050000000000086,0,0,0,0,0,0,0,0,0,0,0
14.100000000000087,0,0,0,0,0,0,0,0,0,0,0
14.150000000000087,0,0,0,0,0,0,0,0,0,0,0
14.200000000000088,0,0,0,0,0,0,0,0,0,0,0
14.250000000000089,0,0,0,0,0,0,0,0,0,0,0
14.30000000000009,0,0,0,0,0,0,0,0,0,0,0
14.35000000000009,0,0,0,0,0,0,0,0,0,0,0
14.400000000000091,0,0,0,0,0,0,0,0,0,0,0
14.450000000000092,0,0,0,0,0,0,0,0,0,0,0
14.500000000000092,0,0,0,0,0,0,0,0,0,0,0
14.550000000000093,0,0,0,0,0,0,0,0,0,0,0
14.600000000000094,0,0,0,0,0,0,0,0,0,0,0
14.650000000000095,0,0,0,0,0,0,0,0,0,0,0
14.700000000000095,0,0,0,0,0,0,0,0,0,0,0
14.750000000000096,0,0,0,0,0,0,0,0,0,0,0
14.800000000000097,0,0,0,0,0,0,0,0,0,0,0
14.850000000000097,0,0,0,0,0,0,0,0,0,0,0
14.900000000000098,0,0,0,0,0,0,0,0,0,0,0
14.950000000000099,0,0,0,0,0,0,0,0,0,0,0
15.0000000000001,0,0,0,0,0,0,0,0,0,0,0
15.0500000000001,0,0,0,0,0,0,0,0,0,0,0
15.100000000000101,0,0,0,0,0,0,0,0,0,0,0
15.150000000000102,0,0,0,0,0,0,0,0,0,0,0
15.200000000000102,0,0,0,0,0,0,0,0,0,0,0
15.250000000000103,0,0,0,0,0,0,0,0,0,0,0
15.300000000000104,0,0,0,0,0,0,0,0,0,0,0
15.350000000000104,0,0,0,0,0,0,0,0,0,0,0
15.400000000000105,0,0,0,0,0,0,0,0,0,0,0
15.450000000000106,0,0,0,0,0,0,0,0,0,0,0
15.500000000000107,0,0,0,0,0,0,0,0,0,0,0
15.550000000000107,0,0,0,0,0,0,0,0,0,0,0
15.600000000000108,0,0,0,0,0,0,0,0,0,0,0
15.650000000000109,0,0,0,0,0,0,0,0,0,0,0
15.70000000000011,0,0,0,0,0,0,0,0,0,0,0
15.75000000000011,0,0,0,0,0,0,0,0,0,0,0
15.80000000000011,0,0,0,0,0,0,0,0,0,0,0
15.850000000000112,0,0,0,0,0,0,0,0,0,0,0
15.900000000000112,0,0,0,0,0,0,0,0,0,0,0
15.950000000000113,0,0,0,0,0,0,0,0,0,0,0
*****
8,0.05,1000,0.6,1,10,100,0.65,1.0,0.65,1.0,0.1
8,1000,0,5,38,5,0,0,0,0,0,0
8.05,969,0,7,36,7,0,0,0,0,0,0
8.100000000000001,1033,0,5,69,5,0,0,0,0,0,0
8.150000000000002,996,0,6,68,6,0,0,0,0,0,0
8.200000000000003,983,0,7,78,7,0,0,0,0,0,0
8.250000000000004,973,3,3,100,3,0,0,0,0,0,0
8.300000000000004,1025,9,7,132,7,0,0,0,0,0,0
8.350000000000005,963,4,6,166,6,0,0,0,0,0,0
8.400000000000006,1002,2,3,192,3,0,0,0,0,0,0
8.450000000000006,926,0,6,224,6,0,0,0,0,0,0
8.500000000000007,948,0,1,235,1,0,0,0,0,0,0
8.550000000000008,985,0,0,247,0,0,0,0,0,0,0
8.600000000000009,942,0,1,218,1,0,0,0,0,0,0
8.65000000000001,980,0,2,195,2,0,0,0,0,0,0
8.70000000000001,956,0,1,103,1,0,0,0,0,0,0
8.75000000000001,1009,1,0,80,0,0,0,0,0,0,0
8.800000000000011,1004,0,3,51,3,0,0,0,0,0,0
8.850000000000012,1014,0,1,19,1,0,0,0,0,0,0
8.900000000000013,990,0,0,16,0,0,0,0,0,0,0
8.950000000000014,991,0,1,11,1,0,0,0,0,0,0
9.000000000000014,959,0,0,6,0,0,0,0,0,0,0
9.050000000000015,949,0,0,6,0,0,0,0,0,0,0
9.100000000000016,921,0,0,3,0,0,0,0,0,0,0
9.150000000000016,995,0,0,4,0,0,0,0,0,0,0
9.200000000000017,992,0,0,1,0,0,0,0,0,0,0
9.250000000000018,926,0,0,1,0,0,0,0,0,0,0
9.300000000000018,1004,0,0,2,0,0,0,0,0,0,0
9.35000000000002,953,0,0,0,0,0,0,0,0,0,0
9.40000000000002,918,0,0,0,0,0,0,0,0,0,0
9.45000000000002,1009,0,0,0,0,0,0,0,0,0,0
9.500000000000021,966,0,0,0,0,0,0,0,0,0,0
9.550000000000022,894,0,0,0,0,0,0,0,0,0,0
9.600000000000023,970,0,0,0,0,0,0,0,0,0,0
9.650000000000023,876,0,0,0,0,0,0,0,0,0,0
9.700000000000024,912,0,0,0,0,0,0,0,0,0,0
9.750000000000025,904,0,0,0,0,0,0,0,0,0,0
9.800000000000026,860,0,0,0,0,0,0,0,0,0,0
9.850000000000026,802,0,0,0,0,0,0,0,0,0,0
9.900000000000027,791,0,0,0,0,0,0,0,0,0,0
9.950000000000028,641,0,0,0,0,0,0,0,0,0,0
10.000000000000028,548,0,0,0,0,0,0,0,0,0,0
10.05000000000003,460,0,0,0,0,0,0,0,0,0,0
10.10000000000003,344,0,0,0,0,0,0,0,0,0,0
10.15000000000003,230,0,0,0,0,0,0,0,0,0,0
10.200000000000031,103,0,0,0,0,0,0,0,0,0,0
10.250000000000032,60,0,0,0,0,0,0,0,0,0,0
10.300000000000033,25,0,0,0,0,0,0,0,0,0,0
10.350000000000033,0,0,0,0,0,0,0,0,0,0,0
10.400000000000034,0,0,0,0,0,0,0,0,0,0,0
10.450000000000035,0,0,0,0,0,0,0,0,0,0,0
10.500000000000036,0,0,0,0,0,0,0,0,0,0,0
10.550000000000036,0,0,0,0,0,0,0,0,0,0,0
10.600000000000037,0,0,0,0,0,0,0,0,0,0,0
10.650000000000038,0,0,0,0,0,0,0,0,0,0,0
10.700000000000038,0,0,0,0,0,0,0,0,0,0,0
10.750000000000039,0,0,0,0,0,0,0,0,0,0,0
10.80000000000004,0,0,0,0,0,0,0,0,0,0,0
10.85000000000004,0,0,0,0,0,0,0,0,0,0,0
10.900000000000041,0,0,0,0,0,0,0,0,0,0,0
10.950000000000042,0,0,0,0,0,0,0,0,0,0,0
11.000000000000043,0,0,0,0,0,0,0,0,0,0,0
11.050000000000043,0,0,0,0,0,0,0,0,0,0,0
11.100000000000044,0,0,0,0,0,0,0,0,0,0,0
11.150000000000045,0,0,0,0,0,0,0,0,0,0,0
11.200000000000045,0,0,0,0,0,0,0,0,0,0,0
11.250000000000046,0,0,0,0,0,0,0,0,0,0,0
11.300000000000047,0,0,0,0,0,0,0,0,0,0,0
11.350000000000048,0,0,0,0,0,0,0,0,0,0,0
11.400000000000048,0,0,0,0,0,0,0,0,0,0,0
11.450000000000049,0,0,0,0,0,0,0,0,0,0,0
11.50000000000005,0,0,0,0,0,0,0,0,0,0,0
11.55000000000005,0,0,0,0,0,0,0,0,0,0,0
11.600000000000051,0,0,0,0,0,0,0,0,0,0,0
11.650000000000052,0,0,0,0,0,0,0,0,0,0,0
11.700000000000053,0,0,0,0,0,0,0,0,0,0,0
11.750000000000053,0,0,0,0,0,0,0,0,0,0,0
11.800000000000054,0,0,0,0,0,0,0,0,0,0,0
11.850000000000055,0,0,0,0,0,0,0,0,0,0,0
11.900000000000055,0,0,0,0,0,0,0,0,0,0,0
11.950000000000056,0,0,0,0,0,0,0,0,0,0,0
12.000000000000057,0,0,0,0,0,0,0,0,0,0,0
12.050000000000058,0,0,0,0,0,0,0,0,0,0,0
12.100000000000058,0,0,0,0,0,0,0,0,0,0,0
12.150000000000059,0,0,0,0,0,0,0,0,0,0,0
12.20000000000006,0,0,0,0,0,0,0,0,0,0,0
12.25000000000006,0,0,0,0,0,0,0,0,0,0,0
12.300000000000061,0,0,0,0,0,0,0,0,0,0,0
12.350000000000062,0,0,0,0,0,0,0,0,0,0,0
12.400000000000063,0,0,0,0,0,0,0,0,0,0,0
12.450000000000063,0,0,0,0,0,0,0,0,0,0,0
12.500000000000064,0,0,0,0,0,0,0,0,0,0,0
12.550000000000065,0,0,0,0,0,0,0,0,0,0,0
12.600000000000065,0,0,0,0,0,0,0,0,0,0,0
12.650000000000066,0,0,0,0,0,0,0,0,0,0,0
12.700000000000067,0,0,0,0,0,0,0,0,0,0,0
12.750000000000068,0,0,0,0,0,0,0,0,0,0,0
12.800000000000068,0,0,0,0,0,0,0,0,0,0,0
12.850000000000069,0,0,0,0,0,0,0,0,0,0,0
12.90000000000007,0,0,0,0,0,0,0,0,0,0,0
12.95000000000007,0,0,0,0,0,0,0,0,0,0,0
13.000000000000071,0,0,0,0,0,0,0,0,0,0,0
13.050000000000072,0,0,0,0,0,0,0,0,0,0,0
13.100000000000072,0,0,0,0,0,0,0,0,0,0,0
13.150000000000073,0,0,0,0,0,0,0,0,0,0,0
13.200000000000074,0,0,0,0,0,0,0,0,0,0,0
13.250000000000075,0,0,0,0,0,0,0,0,0,0,0
13.300000000000075,0,0,0,0,0,0,0,0,0,0,0
13.350000000000076,0,0,0,0,0,0,0,0,0,0,0
13.400000000000077,0,0,0,0,0,0,0,0,0,0,0
13.450000000000077,0,0,0,0,0,0,0,0,0,0,0
13.500000000000078,0,0,0,0,0,0,0,0,0,0,0
13.550000000000079,0,0,0,0,0,0,0,0,0,0,0
13.60000000000008,0,0,0,0,0,0,0,0,0,0,0
13.65000000000008,0,0,0,0,0,0,0,0,0,0,0
13.700000000000081,0,0,0,0,0,0,0,0,0,0,0
13.750000000000082,0,0,0,0,0,0,0,0,0,0,0
13.800000000000082,0,0,0,0,0,0,0,0,0,0,0
13.850000000000083,0,0,0,0,0,0,0,0,0,0,0
13.900000000000084,0,0,0,0,0,0,0,0,0,0,0
13.950000000000085,0,0,0,0,0,0,0,0,0,0,0
14.000000000000085,0,0,0,0,0,0,0,0,0,0,0
14.050000000000086,0,0,0,0,0,0,0,0,0,0,0
14.100000000000087,0,0,0,0,0,0,0,0,0,0,0
14.150000000000087,0,0,0,0,0,0,0,0,0,0,0
14.200000000000088,0,0,0,0,0,0,0,0,0,0,0
14.250000000000089,0,0,0,0,0,0,0,0,0,0,0
14.30000000000009,0,0,0,0,0,0,0,0,0,0,0
14.35000000000009,0,0,0,0,0,0,0,0,0,0,0
14.400000000000091,0,0,0,0,0,0,0,0,0,0,0
14.450000000000092,0,0,0,0,0,0,0,0,0,0,0
14.500000000000092,0,0,0,0,0,0,0,0,0,0,0
14.550000000000093,0,0,0,0,0,0,0,0,0,0,0
14.600000000000094,0,0,0,0,0,0,0,0,0,0,0
14.650000000000095,0,0,0,0,0,0,0,0,0,0,0
14.700000000000095,0,0,0,0,0,0,0,0,0,0,0
14.750000000000096,0,0,0,0,0,0,0,0,0,0,0
14.800000000000097,0,0,0,0,0,0,0,0,0,0,0
14.850000000000097,0,0,0,0,0,0,0,0,0,0,0
14.900000000000098,0,0,0,0,0,0,0,0,0,0,0
14.950000000000099,0,0,0,0,0,0,0,0,0,0,0
15.0000000000001,0,0,0,0,0,0,0,0,0,0,0
15.0500000000001,0,0,0,0,0,0,0,0,0,0,0
15.100000000000101,0,0,0,0,0,0,0,0,0,0,0
15.150000000000102,0,0,0,0,0,0,0,0,0,0,0
15.200000000000102,0,0,0,0,0,0,0,0,0,0,0
15.250000000000103,0,0,0,0,0,0,0,0,0,0,0
15.300000000000104,0,0,0,0,0,0,0,0,0,0,0
15.350000000000104,0,0,0,0,0,0,0,0,0,0,0
15.400000000000105,0,0,0,0,0,0,0,0,0,0,0
15.450000000000106,0,0,0,0,0,0,0,0,0,0,0
15.500000000000107,0,0,0,0,0,0,0,0,0,0,0
15.550000000000107,0,0,0,0,0,0,0,0,0,0,0
15.600000000000108,0,0,0,0,0,0,0,0,0,0,0
15.650000000000109,0,0,0,0,0,0,0,0,0,0,0
15.70000000000011,0,0,0,0,0,0,0,0,0,0,0
15.75000000000011,0,0,0,0,0,0,0,0,0,0,0
15.80000000000011,0,0,0,0,0,0,0,0,0,0,0
15.850000000000112,0,0,0,0,0,0,0,0,0,0,0
15.900000000000112,0,0,0,0,0,0,0,0,0,0,0
15.950000000000113,0,0,0,0,0,0,0,0,0,0,0
