*****
8,0.05,1000,0,1,10,100,0.75,1.0,0.85,1.0,0.1
8,1000,991,998,720,998,0,0,0,0,0,0
8.05,1055,1044,1049,757,1049,0,0,0,0,0,0
8.100000000000001,1039,1027,1038,783,1036,0,0,0,0,0,0
8.150000000000002,1018,1003,1016,756,1016,0,0,0,0,0,0
8.200000000000003,1069,1039,1064,818,1064,0,0,0,0,0,0
8.250000000000004,1043,1013,1035,801,1035,0,0,0,0,0,0
8.300000000000004,1119,1056,1110,865,1112,0,0,0,0,0,0
8.350000000000005,1065,968,1053,838,1055,0,0,0,0,0,0
8.400000000000006,1142,1003,1106,875,1114,0,0,0,0,0,0
8.450000000000006,1134,909,1077,874,1090,0,0,0,0,0,0
8.500000000000007,1000,746,926,766,939,0,0,0,0,0,0
8.550000000000008,1064,743,961,806,982,0,0,0,0,0,0
8.600000000000009,1023,661,870,763,903,0,0,0,0,0,0
8.65000000000001,1080,561,829,821,877,0,0,0,0,0,0
8.70000000000001,1024,494,773,705,808,0,0,0,0,0,0
8.75000000000001,1026,414,675,679,711,0,0,0,0,0,0
8.800000000000011,1145,408,701,681,752,0,0,0,0,0,0
8.850000000000012,1010,286,483,558,538,0,0,0,0,0,0
8.900000000000013,1048,221,437,554,488,0,0,0,0,0,0
8.950000000000014,1034,190,394,468,446,0,0,0,0,0,0
9.000000000000014,1008,149,317,411,347,0,0,0,0,0,0
9.050000000000015,1107,124,269,402,308,0,0,0,0,0,0
9.100000000000016,1063,95,226,338,260,0,0,0,0,0,0
9.150000000000016,1054,63,155,291,182,0,0,0,0,0,0
9.200000000000017,1088,38,132,250,155,0,0,0,0,0,0
9.250000000000018,1091,23,91,186,110,0,0,0,0,0,0
9.300000000000018,1071,22,81,153,95,0,0,0,0,0,0
9.35000000000002,1005,21,57,123,69,0,0,0,0,0,0
9.40000000000002,1011,10,42,104,46,0,0,0,0,0,0
9.45000000000002,1056,4,24,65,29,0,0,0,0,0,0
9.500000000000021,1086,5,17,56,21,0,0,0,0,0,0
9.550000000000022,1017,5,11,40,14,0,0,0,0,0,0
9.600000000000023,1012,1,14,35,17,0,0,0,0,0,0
9.650000000000023,1039,0,3,16,4,0,0,0,0,0,0
9.700000000000024,1088,0,3,9,3,0,0,0,0,0,0
9.750000000000025,1064,0,1,9,1,0,0,0,0,0,0
9.800000000000026,1005,0,0,3,0,0,0,0,0,0,0
9.850000000000026,987,0,0,8,0,0,0,0,0,0,0
9.900000000000027,1003,0,0,5,0,0,0,0,0,0,0
9.950000000000028,1029,0,0,2,0,0,0,0,0,0,0
10.000000000000028,954,0,0,1,0,0,0,0,0,0,0
10.05000000000003,919,0,0,1,0,0,0,0,0,0,0
10.10000000000003,905,0,0,1,0,0,0,0,0,0,0
10.15000000000003,845,0,0,0,0,0,0,0,0,0,0
10.200000000000031,788,0,0,0,0,0,0,0,0,0,0
10.250000000000032,790,0,0,0,0,0,0,0,0,0,0
10.300000000000033,717,0,0,0,0,0,0,0,0,0,0
10.350000000000033,668,0,0,0,0,0,0,0,0,0,0
10.400000000000034,636,0,0,0,0,0,0,0,0,0,0
10.450000000000035,517,0,0,0,0,0,0,0,0,0,0
10.500000000000036,500,0,0,0,0,0,0,0,0,0,0
10.550000000000036,409,0,0,0,0,0,0,0,0,0,0
10.600000000000037,399,0,0,0,0,0,0,0,0,0,0
10.650000000000038,343,0,0,0,0,0,0,0,0,0,0
10.700000000000038,367,0,0,0,0,0,0,0,0,0,0
10.750000000000039,269,0,0,0,0,0,0,0,0,0,0
10.80000000000004,226,0,0,0,0,0,0,0,0,0,0
10.85000000000004,179,0,0,0,0,0,0,0,0,0,0
10.900000000000041,130,0,0,0,0,0,0,0,0,0,0
10.950000000000042,114,0,0,0,0,0,0,0,0,0,0
11.000000000000043,80,0,0,0,0,0,0,0,0,0,0
11.050000000000043,62,0,0,0,0,0,0,0,0,0,0
11.100000000000044,15,0,0,0,0,0,0,0,0,0,0
11.150000000000045,0,0,0,0,0,0,0,0,0,0,0
11.200000000000045,0,0,0,0,0,0,0,0,0,0,0
11.250000000000046,0,0,0,0,0,0,0,0,0,0,0
11.300000000000047,0,0,0,0,0,0,0,0,0,0,0
11.350000000000048,0,0,0,0,0,0,0,0,0,0,0
11.400000000000048,0,0,0,0,0,0,0,0,0,0,0
11.450000000000049,0,0,0,0,0,0,0,0,0,0,0
11.50000000000005,0,0,0,0,0,0,0,0,0,0,0
11.55000000000005,0,0,0,0,0,0,0,0,0,0,0
11.600000000000051,0,0,0,0,0,0,0,0,0,0,0
11.650000000000052,0,0,0,0,0,0,0,0,0,0,0
11.700000000000053,0,0,0,0,0,0,0,0,0,0,0
11.750000000000053,0,0,0,0,0,0,0,0,0,0,0
11.800000000000054,0,0,0,0,0,0,0,0,0,0,0
11.850000000000055,0,0,0,0,0,0,0,0,0,0,0
11.900000000000055,0,0,0,0,0,0,0,0,0,0,0
11.950000000000056,0,0,0,0,0,0,0,0,0,0,0
12.000000000000057,0,0,0,0,0,0,0,0,0,0,0
12.050000000000058,0,0,0,0,0,0,0,0,0,0,0
12.100000000000058,0,0,0,0,0,0,0,0,0,0,0
12.150000000000059,0,0,0,0,0,0,0,0,0,0,0
12.20000000000006,0,0,0,0,0,0,0,0,0,0,0
12.25000000000006,0,0,0,0,0,0,0,0,0,0,0
12.300000000000061,0,0,0,0,0,0,0,0,0,0,0
12.350000000000062,0,0,0,0,0,0,0,0,0,0,0
12.400000000000063,0,0,0,0,0,0,0,0,0,0,0
12.450000000000063,0,0,0,0,0,0,0,0,0,0,0
12.500000000000064,0,0,0,0,0,0,0,0,0,0,0
12.550000000000065,0,0,0,0,0,0,0,0,0,0,0
12.600000000000065,0,0,0,0,0,0,0,0,0,0,0
12.650000000000066,0,0,0,0,0,0,0,0,0,0,0
12.700000000000067,0,0,0,0,0,0,0,0,0,0,0
12.750000000000068,0,0,0,0,0,0,0,0,0,0,0
12.800000000000068,0,0,0,0,0,0,0,0,0,0,0
12.850000000000069,0,0,0,0,0,0,0,0,0,0,0
12.90000000000007,0,0,0,0,0,0,0,0,0,0,0
12.95000000000007,0,0,0,0,0,0,0,0,0,0,0
13.000000000000071,0,0,0,0,0,0,0,0,0,0,0
13.050000000000072,0,0,0,0,0,0,0,0,0,0,0
13.100000000000072,0,0,0,0,0,0,0,0,0,0,0
13.150000000000073,0,0,0,0,0,0,0,0,0,0,0
13.200000000000074,0,0,0,0,0,0,0,0,0,0,0
13.250000000000075,0,0,0,0,0,0,0,0,0,0,0
13.300000000000075,0,0,0,0,0,0,0,0,0,0,0
13.350000000000076,0,0,0,0,0,0,0,0,0,0,0
13.400000000000077,0,0,0,0,0,0,0,0,0,0,0
13.450000000000077,0,0,0,0,0,0,0,0,0,0,0
13.500000000000078,0,0,0,0,0,0,0,0,0,0,0
13.550000000000079,0,0,0,0,0,0,0,0,0,0,0
13.60000000000008,0,0,0,0,0,0,0,0,0,0,0
13.65000000000008,0,0,0,0,0,0,0,0,0,0,0
13.700000000000081,0,0,0,0,0,0,0,0,0,0,0
13.750000000000082,0,0,0,0,0,0,0,0,0,0,0
13.800000000000082,0,0,0,0,0,0,0,0,0,0,0
13.850000000000083,0,0,0,0,0,0,0,0,0,0,0
13.900000000000084,0,0,0,0,0,0,0,0,0,0,0
13.950000000000085,0,0,0,0,0,0,0,0,0,0,0
14.000000000000085,0,0,0,0,0,0,0,0,0,0,0
14.050000000000086,0,0,0,0,0,0,0,0,0,0,0
14.100000000000087,0,0,0,0,0,0,0,0,0,0,0
14.150000000000087,0,0,0,0,0,0,0,0,0,0,0
14.200000000000088,0,0,0,0,0,0,0,0,0,0,0
14.250000000000089,0,0,0,0,0,0,0,0,0,0,0
14.30000000000009,0,0,0,0,0,0,0,0,0,0,0
14.35000000000009,0,0,0,0,0,0,0,0,0,0,0
14.400000000000091,0,0,0,0,0,0,0,0,0,0,0
14.450000000000092,0,0,0,0,0,0,0,0,0,0,0
14.500000000000092,0,0,0,0,0,0,0,0,0,0,0
14.550000000000093,0,0,0,0,0,0,0,0,0,0,0
14.600000000000094,0,0,0,0,0,0,0,0,0,0,0
14.650000000000095,0,0,0,0,0,0,0,0,0,0,0
14.700000000000095,0,0,0,0,0,0,0,0,0,0,0
14.750000000000096,0,0,0,0,0,0,0,0,0,0,0
14.800000000000097,0,0,0,0,0,0,0,0,0,0,0
14.850000000000097,0,0,0,0,0,0,0,0,0,0,0
14.900000000000098,0,0,0,0,0,0,0,0,0,0,0
14.950000000000099,0,0,0,0,0,0,0,0,0,0,0
15.0000000000001,0,0,0,0,0,0,0,0,0,0,0
15.0500000000001,0,0,0,0,0,0,0,0,0,0,0
15.100000000000101,0,0,0,0,0,0,0,0,0,0,0
15.150000000000102,0,0,0,0,0,0,0,0,0,0,0
15.200000000000102,0,0,0,0,0,0,0,0,0,0,0
15.250000000000103,0,0,0,0,0,0,0,0,0,0,0
15.300000000000104,0,0,0,0,0,0,0,0,0,0,0
15.350000000000104,0,0,0,0,0,0,0,0,0,0,0
15.400000000000105,0,0,0,0,0,0,0,0,0,0,0
15.450000000000106,0,0,0,0,0,0,0,0,0,0,0
15.500000000000107,0,0,0,0,0,0,0,0,0,0,0
15.550000000000107,0,0,0,0,0,0,0,0,0,0,0
15.600000000000108,0,0,0,0,0,0,0,0,0,0,0
15.650000000000109,0,0,0,0,0,0,0,0,0,0,0
15.70000000000011,0,0,0,0,0,0,0,0,0,0,0
15.75000000000011,0,0,0,0,0,0,0,0,0,0,0
15.80000000000011,0,0,0,0,0,0,0,0,0,0,0
15.850000000000112,0,0,0,0,0,0,0,0,0,0,0
15.900000000000112,0,0,0,0,0,0,0,0,0,0,0
15.950000000000113,0,0,0,0,0,0,0,0,0,0,0
*****
8,0.05,1000,0,0.4,10,100,0.75,1.0,0.85,1.0,0.1
8,1000,1000,1000,1000,1000,0,0,0,0,0,0
8.05,1000,1000,1000,1000,1000,0,0,0,0,0,0
8.100000000000001,984,984,984,984,984,0,0,0,0,0,0
8.150000000000002,1077,1077,1077,1077,1077,0,0,0,0,0,0
8.200000000000003,980,980,979,980,980,0,0,0,0,0,0
8.250000000000004,963,963,963,963,963,0,0,0,0,0,0
8.300000000000004,1030,1030,1030,1030,1030,0,0,0,0,0,0
8.350000000000005,979,979,976,979,979,0,0,0,0,0,0
8.400000000000006,982,982,973,982,982,0,0,0,0,0,0
8.450000000000006,1017,1017,1001,1017,1017,0,0,0,0,0,0
8.500000000000007,1066,1066,1047,1066,1066,0,0,0,0,0,0
8.550000000000008,932,932,900,932,932,0,0,0,0,0,0
8.600000000000009,952,952,919,952,952,0,0,0,0,0,0
8.65000000000001,1018,1015,946,1018,1017,0,0,0,0,0,0
8.70000000000001,1009,1006,902,1009,1009,0,0,0,0,0,0
8.75000000000001,966,956,834,966,966,0,0,0,0,0,0
8.800000000000011,1020,993,819,1020,1018,0,0,0,0,0,0
8.850000000000012,975,934,720,975,969,0,0,0,0,0,0
8.900000000000013,979,889,649,979,961,0,0,0,0,0,0
8.950000000000014,1011,871,606,1010,983,0,0,0,0,0,0
9.000000000000014,1027,807,519,1025,964,0,0,0,0,0,0
9.050000000000015,988,713,422,983,892,0,0,0,0,0,0
9.100000000000016,981,598,345,972,808,0,0,0,0,0,0
9.150000000000016,961,458,242,946,726,0,0,0,0,0,0
9.200000000000017,1012,398,196,965,636,0,0,0,0,0,0
9.250000000000018,999,300,156,918,553,0,0,0,0,0,0
9.300000000000018,924,208,89,799,403,0,0,0,0,0,0
9.35000000000002,1001,142,53,772,308,0,0,0,0,0,0
9.40000000000002,1007,107,52,720,245,0,0,0,0,0,0
9.45000000000002,1015,63,27,581,158,0,0,0,0,0,0
9.500000000000021,1008,32,11,454,90,0,0,0,0,0,0
9.550000000000022,1001,15,6,338,61,0,0,0,0,0,0
9.600000000000023,1001,15,8,246,45,0,0,0,0,0,0
9.650000000000023,972,7,4,154,17,0,0,0,0,0,0
9.700000000000024,1047,1,0,91,9,0,0,0,0,0,0
9.750000000000025,969,4,2,64,5,0,0,0,0,0,0
9.800000000000026,1038,0,0,37,2,0,0,0,0,0,0
9.850000000000026,990,0,0,13,0,0,0,0,0,0,0
9.900000000000027,986,0,0,16,0,0,0,0,0,0,0
9.950000000000028,981,0,0,8,1,0,0,0,0,0,0
10.000000000000028,1021,0,0,2,0,0,0,0,0,0,0
10.05000000000003,912,0,0,0,0,0,0,0,0,0,0
10.10000000000003,804,0,0,0,0,0,0,0,0,0,0
10.15000000000003,761,0,0,1,0,0,0,0,0,0,0
10.200000000000031,605,0,0,0,0,0,0,0,0,0,0
10.250000000000032,513,0,0,0,0,0,0,0,0,0,0
10.300000000000033,370,0,0,0,0,0,0,0,0,0,0
10.350000000000033,287,0,0,0,0,0,0,0,0,0,0
10.400000000000034,178,0,0,0,0,0,0,0,0,0,0
10.450000000000035,78,0,0,0,0,0,0,0,0,0,0
10.500000000000036,85,0,0,0,0,0,0,0,0,0,0
10.550000000000036,53,0,0,0,0,0,0,0,0,0,0
10.600000000000037,0,0,0,0,0,0,0,0,0,0,0
10.650000000000038,0,0,0,0,0,0,0,0,0,0,0
10.700000000000038,0,0,0,0,0,0,0,0,0,0,0
10.750000000000039,0,0,0,0,0,0,0,0,0,0,0
10.80000000000004,0,0,0,0,0,0,0,0,0,0,0
10.85000000000004,0,0,0,0,0,0,0,0,0,0,0
10.900000000000041,0,0,0,0,0,0,0,0,0,0,0
10.950000000000042,0,0,0,0,0,0,0,0,0,0,0
11.000000000000043,0,0,0,0,0,0,0,0,0,0,0
11.050000000000043,0,0,0,0,0,0,0,0,0,0,0
11.100000000000044,0,0,0,0,0,0,0,0,0,0,0
11.150000000000045,0,0,0,0,0,0,0,0,0,0,0
11.200000000000045,0,0,0,0,0,0,0,0,0,0,0
11.250000000000046,0,0,0,0,0,0,0,0,0,0,0
11.300000000000047,0,0,0,0,0,0,0,0,0,0,0
11.350000000000048,0,0,0,0,0,0,0,0,0,0,0
11.400000000000048,0,0,0,0,0,0,0,0,0,0,0
11.450000000000049,0,0,0,0,0,0,0,0,0,0,0
11.50000000000005,0,0,0,0,0,0,0,0,0,0,0
11.55000000000005,0,0,0,0,0,0,0,0,0,0,0
11.600000000000051,0,0,0,0,0,0,0,0,0,0,0
11.650000000000052,0,0,0,0,0,0,0,0,0,0,0
11.700000000000053,0,0,0,0,0,0,0,0,0,0,0
11.750000000000053,0,0,0,0,0,0,0,0,0,0,0
11.800000000000054,0,0,0,0,0,0,0,0,0,0,0
11.850000000000055,0,0,0,0,0,0,0,0,0,0,0
11.900000000000055,0,0,0,0,0,0,0,0,0,0,0
11.950000000000056,0,0,0,0,0,0,0,0,0,0,0
12.000000000000057,0,0,0,0,0,0,0,0,0,0,0
12.050000000000058,0,0,0,0,0,0,0,0,0,0,0
12.100000000000058,0,0,0,0,0,0,0,0,0,0,0
12.150000000000059,0,0,0,0,0,0,0,0,0,0,0
12.20000000000006,0,0,0,0,0,0,0,0,0,0,0
12.25000000000006,0,0,0,0,0,0,0,0,0,0,0
12.300000000000061,0,0,0,0,0,0,0,0,0,0,0
12.350000000000062,0,0,0,0,0,0,0,0,0,0,0
12.400000000000063,0,0,0,0,0,0,0,0,0,0,0
12.450000000000063,0,0,0,0,0,0,0,0,0,0,0
12.500000000000064,0,0,0,0,0,0,0,0,0,0,0
12.550000000000065,0,0,0,0,0,0,0,0,0,0,0
12.600000000000065,0,0,0,0,0,0,0,0,0,0,0
12.650000000000066,0,0,0,0,0,0,0,0,0,0,0
12.700000000000067,0,0,0,0,0,0,0,0,0,0,0
12.750000000000068,0,0,0,0,0,0,0,0,0,0,0
12.800000000000068,0,0,0,0,0,0,0,0,0,0,0
12.850000000000069,0,0,0,0,0,0,0,0,0,0,0
12.90000000000007,0,0,0,0,0,0,0,0,0,0,0
12.95000000000007,0,0,0,0,0,0,0,0,0,0,0
13.000000000000071,0,0,0,0,0,0,0,0,0,0,0
13.050000000000072,0,0,0,0,0,0,0,0,0,0,0
13.100000000000072,0,0,0,0,0,0,0,0,0,0,0
13.150000000000073,0,0,0,0,0,0,0,0,0,0,0
13.200000000000074,0,0,0,0,0,0,0,0,0,0,0
13.250000000000075,0,0,0,0,0,0,0,0,0,0,0
13.300000000000075,0,0,0,0,0,0,0,0,0,0,0
13.350000000000076,0,0,0,0,0,0,0,0,0,0,0
13.400000000000077,0,0,0,0,0,0,0,0,0,0,0
13.450000000000077,0,0,0,0,0,0,0,0,0,0,0
13.500000000000078,0,0,0,0,0,0,0,0,0,0,0
13.550000000000079,0,0,0,0,0,0,0,0,0,0,0
13.60000000000008,0,0,0,0,0,0,0,0,0,0,0
13.65000000000008,0,0,0,0,0,0,0,0,0,0,0
13.700000000000081,0,0,0,0,0,0,0,0,0,0,0
13.750000000000082,0,0,0,0,0,0,0,0,0,0,0
13.800000000000082,0,0,0,0,0,0,0,0,0,0,0
13.850000000000083,0,0,0,0,0,0,0,0,0,0,0
13.900000000000084,0,0,0,0,0,0,0,0,0,0,0
13.950000000000085,0,0,0,0,0,0,0,0,0,0,0
14.000000000000085,0,0,0,0,0,0,0,0,0,0,0
14.050000000000086,0,0,0,0,0,0,0,0,0,0,0
14.100000000000087,0,0,0,0,0,0,0,0,0,0,0
14.150000000000087,0,0,0,0,0,0,0,0,0,0,0
14.200000000000088,0,0,0,0,0,0,0,0,0,0,0
14.250000000000089,0,0,0,0,0,0,0,0,0,0,0
14.30000000000009,0,0,0,0,0,0,0,0,0,0,0
14.35000000000009,0,0,0,0,0,0,0,0,0,0,0
14.400000000000091,0,0,0,0,0,0,0,0,0,0,0
14.450000000000092,0,0,0,0,0,0,0,0,0,0,0
14.500000000000092,0,0,0,0,0,0,0,0,0,0,0
14.550000000000093,0,0,0,0,0,0,0,0,0,0,0
14.600000000000094,0,0,0,0,0,0,0,0,0,0,0
14.650000000000095,0,0,0,0,0,0,0,0,0,0,0
14.700000000000095,0,0,0,0,0,0,0,0,0,0,0
14.750000000000096,0,0,0,0,0,0,0,0,0,0,0
14.800000000000097,0,0,0,0,0,0,0,0,0,0,0
14.850000000000097,0,0,0,0,0,0,0,0,0,0,0
14.900000000000098,0,0,0,0,0,0,0,0,0,0,0
14.950000000000099,0,0,0,0,0,0,0,0,0,0,0
15.0000000000001,0,0,0,0,0,0,0,0,0,0,0
15.0500000000001,0,0,0,0,0,0,0,0,0,0,0
15.100000000000101,0,0,0,0,0,0,0,0,0,0,0
15.150000000000102,0,0,0,0,0,0,0,0,0,0,0
15.200000000000102,0,0,0,0,0,0,0,0,0,0,0
15.250000000000103,0,0,0,0,0,0,0,0,0,0,0
15.300000000000104,0,0,0,0,0,0,0,0,0,0,0
15.350000000000104,0,0,0,0,0,0,0,0,0,0,0
15.400000000000105,0,0,0,0,0,0,0,0,0,0,0
15.450000000000106,0,0,0,0,0,0,0,0,0,0,0
15.500000000000107,0,0,0,0,0,0,0,0,0,0,0
15.550000000000107,0,0,0,0,0,0,0,0,0,0,0
15.600000000000108,0,0,0,0,0,0,0,0,0,0,0
15.650000000000109,0,0,0,0,0,0,0,0,0,0,0
15.70000000000011,0,0,0,0,0,0,0,0,0,0,0
15.75000000000011,0,0,0,0,0,0,0,0,0,0,0
15.80000000000011,0,0,0,0,0,0,0,0,0,0,0
15.850000000000112,0,0,0,0,0,0,0,0,0,0,0
15.900000000000112,0,0,0,0,0,0,0,0,0,0,0
15.950000000000113,0,0,0,0,0,0,0,0,0,0,0
*****
8,0.05,1000,0.3,0.7,10,100,0.75,1.0,0.85,1.0,0.1
8,1000,1000,1000,991,1000,0,0,0,0,0,0
8.05,1006,1005,1006,1002,1006,0,0,0,0,0,0
8.100000000000001,968,966,968,968,968,0,0,0,0,0,0
8.150000000000002,997,997,997,993,997,0,0,0,0,0,0
8.200000000000003,992,991,992,991,992,0,0,0,0,0,0
8.250000000000004,934,933,934,931,934,0,0,0,0,0,0
8.300000000000004,988,988,988,983,988,0,0,0,0,0,0
8.350000000000005,995,995,995,992,995,0,0,0,0,0,0
8.400000000000006,979,978,979,975,979,0,0,0,0,0,0
8.450000000000006,947,947,947,947,947,0,0,0,0,0,0
8.500000000000007,948,946,948,946,948,0,0,0,0,0,0
8.550000000000008,990,989,990,988,990,0,0,0,0,0,0
8.600000000000009,981,978,981,979,981,0,0,0,0,0,0
8.65000000000001,940,927,938,938,939,0,0,0,0,0,0
8.70000000000001,1010,997,1009,1007,1010,0,0,0,0,0,0
8.75000000000001,963,942,960,962,963,0,0,0,0,0,0
8.800000000000011,985,949,981,975,982,0,0,0,0,0,0
8.850000000000012,965,916,960,956,963,0,0,0,0,0,0
8.900000000000013,938,869,929,931,931,0,0,0,0,0,0
8.950000000000014,1007,936,996,993,1001,0,0,0,0,0,0
9.000000000000014,944,846,913,929,927,0,0,0,0,0,0
9.050000000000015,1000,834,967,979,975,0,0,0,0,0,0
9.100000000000016,1031,844,984,999,997,0,0,0,0,0,0
9.150000000000016,943,704,843,898,875,0,0,0,0,0,0
9.200000000000017,943,659,835,874,871,0,0,0,0,0,0
9.250000000000018,1004,649,843,909,884,0,0,0,0,0,0
9.300000000000018,944,580,780,838,811,0,0,0,0,0,0
9.35000000000002,1004,536,755,851,813,0,0,0,0,0,0
9.40000000000002,961,477,668,802,725,0,0,0,0,0,0
9.45000000000002,957,398,580,715,633,0,0,0,0,0,0
9.500000000000021,939,333,511,659,566,0,0,0,0,0,0
9.550000000000022,1052,302,520,689,580,0,0,0,0,0,0
9.600000000000023,1028,253,441,613,499,0,0,0,0,0,0
9.650000000000023,929,187,330,492,373,0,0,0,0,0,0
9.700000000000024,955,184,312,449,354,0,0,0,0,0,0
9.750000000000025,982,133,244,389,284,0,0,0,0,0,0
9.800000000000026,935,111,203,339,232,0,0,0,0,0,0
9.850000000000026,999,77,164,299,199,0,0,0,0,0,0
9.900000000000027,1025,68,130,234,146,0,0,0,0,0,0
9.950000000000028,994,44,99,185,120,0,0,0,0,0,0
10.000000000000028,968,26,60,139,67,0,0,0,0,0,0
10.05000000000003,972,24,46,100,49,0,0,0,0,0,0
10.10000000000003,1000,18,40,86,48,0,0,0,0,0,0
10.15000000000003,929,9,23,62,29,0,0,0,0,0,0
10.200000000000031,980,5,10,36,13,0,0,0,0,0,0
10.250000000000032,967,4,15,32,16,0,0,0,0,0,0
10.300000000000033,935,4,7,15,8,0,0,0,0,0,0
10.350000000000033,988,1,2,7,4,0,0,0,0,0,0
10.400000000000034,971,1,3,7,4,0,0,0,0,0,0
10.450000000000035,941,1,1,1,1,0,0,0,0,0,0
10.500000000000036,1022,0,0,5,0,0,0,0,0,0,0
10.550000000000036,969,1,2,3,2,0,0,0,0,0,0
10.600000000000037,983,0,0,2,0,0,0,0,0,0,0
10.650000000000038,963,0,0,0,0,0,0,0,0,0,0
10.700000000000038,924,0,0,0,0,0,0,0,0,0,0
10.750000000000039,927,0,0,0,0,0,0,0,0,0,0
10.80000000000004,845,0,0,0,0,0,0,0,0,0,0
10.85000000000004,891,0,0,0,0,0,0,0,0,0,0
10.900000000000041,855,0,0,0,0,0,0,0,0,0,0
10.950000000000042,806,0,0,0,0,0,0,0,0,0,0
11.000000000000043,688,0,0,0,0,0,0,0,0,0,0
11.050000000000043,575,0,0,0,0,0,0,0,0,0,0
11.100000000000044,461,0,0,0,0,0,0,0,0,0,0
11.150000000000045,342,0,0,0,0,0,0,0,0,0,0
11.200000000000045,246,0,0,0,0,0,0,0,0,0,0
11.250000000000046,137,0,0,0,0,0,0,0,0,0,0
11.300000000000047,73,0,0,0,0,0,0,0,0,0,0
11.350000000000048,0,0,0,0,0,0,0,0,0,0,0
11.400000000000048,0,0,0,0,0,0,0,0,0,0,0
11.450000000000049,0,0,0,0,0,0,0,0,0,0,0
11.50000000000005,0,0,0,0,0,0,0,0,0,0,0
11.55000000000005,0,0,0,0,0,0,0,0,0,0,0
11.600000000000051,0,0,0,0,0,0,0,0,0,0,0
11.650000000000052,0,0,0,0,0,0,0,0,0,0,0
11.700000000000053,0,0,0,0,0,0,0,0,0,0,0
11.750000000000053,0,0,0,0,0,0,0,0,0,0,0
11.800000000000054,0,0,0,0,0,0,0,0,0,0,0
11.850000000000055,0,0,0,0,0,0,0,0,0,0,0
11.900000000000055,0,0,0,0,0,0,0,0,0,0,0
11.950000000000056,0,0,0,0,0,0,0,0,0,0,0
12.000000000000057,0,0,0,0,0,0,0,0,0,0,0
12.050000000000058,0,0,0,0,0,0,0,0,0,0,0
12.100000000000058,0,0,0,0,0,0,0,0,0,0,0
12.150000000000059,0,0,0,0,0,0,0,0,0,0,0
12.20000000000006,0,0,0,0,0,0,0,0,0,0,0
12.25000000000006,0,0,0,0,0,0,0,0,0,0,0
12.300000000000061,0,0,0,0,0,0,0,0,0,0,0
12.350000000000062,0,0,0,0,0,0,0,0,0,0,0
12.400000000000063,0,0,0,0,0,0,0,0,0,0,0
12.450000000000063,0,0,0,0,0,0,0,0,0,0,0
12.500000000000064,0,0,0,0,0,0,0,0,0,0,0
12.550000000000065,0,0,0,0,0,0,0,0,0,0,0
12.600000000000065,0,0,0,0,0,0,0,0,0,0,0
12.650000000000066,0,0,0,0,0,0,0,0,0,0,0
12.700000000000067,0,0,0,0,0,0,0,0,0,0,0
12.750000000000068,0,0,0,0,0,0,0,0,0,0,0
12.800000000000068,0,0,0,0,0,0,0,0,0,0,0
12.850000000000069,0,0,0,0,0,0,0,0,0,0,0
12.90000000000007,0,0,0,0,0,0,0,0,0,0,0
12.95000000000007,0,0,0,0,0,0,0,0,0,0,0
13.000000000000071,0,0,0,0,0,0,0,0,0,0,0
13.050000000000072,0,0,0,0,0,0,0,0,0,0,0
13.100000000000072,0,0,0,0,0,0,0,0,0,0,0
13.150000000000073,0,0,0,0,0,0,0,0,0,0,0
13.200000000000074,0,0,0,0,0,0,0,0,0,0,0
13.250000000000075,0,0,0,0,0,0,0,0,0,0,0
13.300000000000075,0,0,0,0,0,0,0,0,0,0,0
13.350000000000076,0,0,0,0,0,0,0,0,0,0,0
13.400000000000077,0,0,0,0,0,0,0,0,0,0,0
13.450000000000077,0,0,0,0,0,0,0,0,0,0,0
13.500000000000078,0,0,0,0,0,0,0,0,0,0,0
13.550000000000079,0,0,0,0,0,0,0,0,0,0,0
13.60000000000008,0,0,0,0,0,0,0,0,0,0,0
13.65000000000008,0,0,0,0,0,0,0,0,0,0,0
13.700000000000081,0,0,0,0,0,0,0,0,0,0,0
13.750000000000082,0,0,0,0,0,0,0,0,0,0,0
13.800000000000082,0,0,0,0,0,0,0,0,0,0,0
13.850000000000083,0,0,0,0,0,0,0,0,0,0,0
13.900000000000084,0,0,0,0,0,0,0,0,0,0,0
13.950000000000085,0,0,0,0,0,0,0,0,0,0,0
14.000000000000085,0,0,0,0,0,0,0,0,0,0,0
14.050000000000086,0,0,0,0,0,0,0,0,0,0,0
14.100000000000087,0,0,0,0,0,0,0,0,0,0,0
14.150000000000087,0,0,0,0,0,0,0,0,0,0,0
14.200000000000088,0,0,0,0,0,0,0,0,0,0,0
14.250000000000089,0,0,0,0,0,0,0,0,0,0,0
14.30000000000009,0,0,0,0,0,0,0,0,0,0,0
14.35000000000009,0,0,0,0,0,0,0,0,0,0,0
14.400000000000091,0,0,0,0,0,0,0,0,0,0,0
14.450000000000092,0,0,0,0,0,0,0,0,0,0,0
14.500000000000092,0,0,0,0,0,0,0,0,0,0,0
14.550000000000093,0,0,0,0,0,0,0,0,0,0,0
14.600000000000094,0,0,0,0,0,0,0,0,0,0,0
14.650000000000095,0,0,0,0,0,0,0,0,0,0,0
14.700000000000095,0,0,0,0,0,0,0,0,0,0,0
14.750000000000096,0,0,0,0,0,0,0,0,0,0,0
14.800000000000097,0,0,0,0,0,0,0,0,0,0,0
14.850000000000097,0,0,0,0,0,0,0,0,0,0,0
14.900000000000098,0,0,0,0,0,0,0,0,0,0,0
14.950000000000099,0,0,0,0,0,0,0,0,0,0,0
15.0000000000001,0,0,0,0,0,0,0,0,0,0,0
15.0500000000001,0,0,0,0,0,0,0,0,0,0,0
15.100000000000101,0,0,0,0,0,0,0,0,0,0,0
15.150000000000102,0,0,0,0,0,0,0,0,0,0,0
15.200000000000102,0,0,0,0,0,0,0,0,0,0,0
15.250000000000103,0,0,0,0,0,0,0,0,0,0,0
15.300000000000104,0,0,0,0,0,0,0,0,0,0,0
15.350000000000104,0,0,0,0,0,0,0,0,0,0,0
15.400000000000105,0,0,0,0,0,0,0,0,0,0,0
15.450000000000106,0,0,0,0,0,0,0,0,0,0,0
15.500000000000107,0,0,0,0,0,0,0,0,0,0,0
15.550000000000107,0,0,0,0,0,0,0,0,0,0,0
15.600000000000108,0,0,0,0,0,0,0,0,0,0,0
15.650000000000109,0,0,0,0,0,0,0,0,0,0,0
15.70000000000011,0,0,0,0,0,0,0,0,0,0,0
15.75000000000011,0,0,0,0,0,0,0,0,0,0,0
15.80000000000011,0,0,0,0,0,0,0,0,0,0,0
15.850000000000112,0,0,0,0,0,0,0,0,0,0,0
15.900000000000112,0,0,0,0,0,0,0,0,0,0,0
15.950000000000113,0,0,0,0,0,0,0,0,0,0,0
*****
8,0.05,1000,0.6,1,10,100,0.75,1.0,0.85,1.0,0.1
8,1000,105,243,110,243,0,0,0,0,0,0
8.05,1072,101,241,97,241,0,0,0,0,0,0
8.100000000000001,1083,101,244,103,244,0,0,0,0,0,0
8.150000000000002,1019,98,208,115,208,0,0,0,0,0,0
8.200000000000003,1023,70,211,157,211,0,0,0,0,0,0
8.250000000000004,983,96,204,168,204,0,0,0,0,0,0
8.300000000000004,1022,143,202,215,202,0,0,0,0,0,0
8.350000000000005,1015,133,212,254,212,0,0,0,0,0,0
8.400000000000006,986,107,176,223,176,0,0,0,0,0,0
8.450000000000006,1054,52,183,267,183,0,0,0,0,0,0
8.500000000000007,976,39,161,261,161,0,0,0,0,0,0
8.550000000000008,973,32,147,231,147,0,0,0,0,0,0
8.600000000000009,997,27,147,253,147,0,0,0,0,0,0
8.65000000000001,1005,38,157,286,157,0,0,0,0,0,0
8.70000000000001,1032,49,162,266,162,0,0,0,0,0,0
8.75000000000001,1009,33,186,240,186,0,0,0,0,0,0
8.800000000000011,1023,24,191,172,191,0,0,0,0,0,0
8.850000000000012,992,17,183,117,183,0,0,0,0,0,0
8.900000000000013,1018,10,174,81,174,0,0,0,0,0,0
8.950000000000014,1060,7,168,84,168,0,0,0,0,0,0
9.000000000000014,1027,2,117,85,117,0,0,0,0,0,0
9.050000000000015,1045,2,116,78,116,0,0,0,0,0,0
9.100000000000016,980,3,65,79,65,0,0,0,0,0,0
9.150000000000016,1042,5,69,65,69,0,0,0,0,0,0
9.200000000000017,1023,2,52,49,52,0,0,0,0,0,0
9.250000000000018,992,4,41,34,41,0,0,0,0,0,0
9.300000000000018,978,1,31,24,31,0,0,0,0,0,0
9.35000000000002,985,0,22,17,22,0,0,0,0,0,0
9.40000000000002,968,1,16,19,16,0,0,0,0,0,0
9.45000000000002,1100,0,13,6,13,0,0,0,0,0,0
9.500000000000021,990,0,7,7,7,0,0,0,0,0,0
9.550000000000022,955,0,6,5,6,0,0,0,0,0,0
9.600000000000023,990,0,8,4,8,0,0,0,0,0,0
9.650000000000023,1056,0,8,4,8,0,0,0,0,0,0
9.700000000000024,974,0,2,4,2,0,0,0,0,0,0
9.750000000000025,1038,0,1,1,1,0,0,0,0,0,0
9.800000000000026,1022,0,0,1,0,0,0,0,0,0,0
9.850000000000026,1039,0,0,1,0,0,0,0,0,0,0
9.900000000000027,1021,0,1,0,1,0,0,0,0,0,0
9.950000000000028,963,0,0,0,0,0,0,0,0,0,0
10.000000000000028,997,0,2,0,2,0,0,0,0,0,0
10.05000000000003,1027,0,0,0,0,0,0,0,0,0,0
10.10000000000003,1016,0,0,0,0,0,0,0,0,0,0
10.15000000000003,1010,0,0,0,0,0,0,0,0,0,0
10.200000000000031,992,0,0,0,0,0,0,0,0,0,0
10.250000000000032,934,0,0,0,0,0,0,0,0,0,0
10.300000000000033,966,0,0,0,0,0,0,0,0,0,0
10.350000000000033,884,0,0,0,0,0,0,0,0,0,0
10.400000000000034,763,0,0,0,0,0,0,0,0,0,0
10.450000000000035,735,0,0,0,0,0,0,0,0,0,0
10.500000000000036,663,0,0,0,0,0,0,0,0,0,0
10.550000000000036,562,0,0,0,0,0,0,0,0,0,0
10.600000000000037,511,0,0,0,0,0,0,0,0,0,0
10.650000000000038,426,0,0,0,0,0,0,0,0,0,0
10.700000000000038,329,0,0,0,0,0,0,0,0,0,0
10.750000000000039,253,0,0,0,0,0,0,0,0,0,0
10.80000000000004,219,0,0,0,0,0,0,0,0,0,0
10.85000000000004,165,0,0,0,0,0,0,0,0,0,0
10.900000000000041,100,0,0,0,0,0,0,0,0,0,0
10.950000000000042,86,0,0,0,0,0,0,0,0,0,0
11.000000000000043,36,0,0,0,0,0,0,0,0,0,0
11.050000000000043,0,0,0,0,0,0,0,0,0,0,0
11.100000000000044,0,0,0,0,0,0,0,0,0,0,0
11.150000000000045,0,0,0,0,0,0,0,0,0,0,0
11.200000000000045,0,0,0,0,0,0,0,0,0,0,0
11.250000000000046,0,0,0,0,0,0,0,0,0,0,0
11.300000000000047,0,0,0,0,0,0,0,0,0,0,0
11.350000000000048,0,0,0,0,0,0,0,0,0,0,0
11.400000000000048,0,0,0,0,0,0,0,0,0,0,0
11.450000000000049,0,0,0,0,0,0,0,0,0,0,0
11.50000000000005,0,0,0,0,0,0,0,0,0,0,0
11.55000000000005,0,0,0,0,0,0,0,0,0,0,0
11.600000000000051,0,0,0,0,0,0,0,0,0,0,0
11.650000000000052,0,0,0,0,0,0,0,0,0,0,0
11.700000000000053,0,0,0,0,0,0,0,0,0,0,0
11.750000000000053,0,0,0,0,0,0,0,0,0,0,0
11.800000000000054,0,0,0,0,0,0,0,0,0,0,0
11.850000000000055,0,0,0,0,0,0,0,0,0,0,0
11.900000000000055,0,0,0,0,0,0,0,0,0,0,0
11.950000000000056,0,0,0,0,0,0,0,0,0,0,0
12.000000000000057,0,0,0,0,0,0,0,0,0,0,0
12.050000000000058,0,0,0,0,0,0,0,0,0,0,0
12.100000000000058,0,0,0,0,0,0,0,0,0,0,0
12.150000000000059,0,0,0,0,0,0,0,0,0,0,0
12.20000000000006,0,0,0,0,0,0,0,0,0,0,0
12.25000000000006,0,0,0,0,0,0,0,0,0,0,0
12.300000000000061,0,0,0,0,0,0,0,0,0,0,0
12.350000000000062,0,0,0,0,0,0,0,0,0,0,0
12.400000000000063,0,0,0,0,0,0,0,0,0,0,0
12.450000000000063,0,0,0,0,0,0,0,0,0,0,0
12.500000000000064,0,0,0,0,0,0,0,0,0,0,0
12.550000000000065,0,0,0,0,0,0,0,0,0,0,0
12.600000000000065,0,0,0,0,0,0,0,0,0,0,0
12.650000000000066,0,0,0,0,0,0,0,0,0,0,0
12.700000000000067,0,0,0,0,0,0,0,0,0,0,0
12.750000000000068,0,0,0,0,0,0,0,0,0,0,0
12.800000000000068,0,0,0,0,0,0,0,0,0,0,0
12.850000000000069,0,0,0,0,0,0,0,0,0,0,0
12.90000000000007,0,0,0,0,0,0,0,0,0,0,0
12.95000000000007,0,0,0,0,0,0,0,0,0,0,0
13.000000000000071,0,0,0,0,0,0,0,0,0,0,0
13.050000000000072,0,0,0,0,0,0,0,0,0,0,0
13.100000000000072,0,0,0,0,0,0,0,0,0,0,0
13.150000000000073,0,0,0,0,0,0,0,0,0,0,0
13.200000000000074,0,0,0,0,0,0,0,0,0,0,0
13.250000000000075,0,0,0,0,0,0,0,0,0,0,0
13.300000000000075,0,0,0,0,0,0,0,0,0,0,0
13.350000000000076,0,0,0,0,0,0,0,0,0,0,0
13.400000000000077,0,0,0,0,0,0,0,0,0,0,0
13.450000000000077,0,0,0,0,0,0,0,0,0,0,0
13.500000000000078,0,0,0,0,0,0,0,0,0,0,0
13.550000000000079,0,0,0,0,0,0,0,0,0,0,0
13.60000000000008,0,0,0,0,0,0,0,0,0,0,0
13.65000000000008,0,0,0,0,0,0,0,0,0,0,0
13.700000000000081,0,0,0,0,0,0,0,0,0,0,0
13.750000000000082,0,0,0,0,0,0,0,0,0,0,0
13.800000000000082,0,0,0,0,0,0,0,0,0,0,0
13.850000000000083,0,0,0,0,0,0,0,0,0,0,0
13.900000000000084,0,0,0,0,0,0,0,0,0,0,0
13.950000000000085,0,0,0,0,0,0,0,0,0,0,0
14.000000000000085,0,0,0,0,0,0,0,0,0,0,0
14.050000000000086,0,0,0,0,0,0,0,0,0,0,0
14.100000000000087,0,0,0,0,0,0,0,0,0,0,0
14.150000000000087,0,0,0,0,0,0,0,0,0,0,0
14.200000000000088,0,0,0,0,0,0,0,0,0,0,0
14.250000000000089,0,0,0,0,0,0,0,0,0,0,0
14.30000000000009,0,0,0,0,0,0,0,0,0,0,0
14.35000000000009,0,0,0,0,0,0,0,0,0,0,0
14.400000000000091,0,0,0,0,0,0,0,0,0,0,0
14.450000000000092,0,0,0,0,0,0,0,0,0,0,0
14.500000000000092,0,0,0,0,0,0,0,0,0,0,0
14.550000000000093,0,0,0,0,0,0,0,0,0,0,0
14.600000000000094,0,0,0,0,0,0,0,0,0,0,0
14.650000000000095,0,0,0,0,0,0,0,0,0,0,0
14.700000000000095,0,0,0,0,0,0,0,0,0,0,0
14.750000000000096,0,0,0,0,0,0,0,0,0,0,0
14.800000000000097,0,0,0,0,0,0,0,0,0,0,0
14.850000000000097,0,0,0,0,0,0,0,0,0,0,0
14.900000000000098,0,0,0,0,0,0,0,0,0,0,0
14.950000000000099,0,0,0,0,0,0,0,0,0,0,0
15.0000000000001,0,0,0,0,0,0,0,0,0,0,0
15.0500000000001,0,0,0,0,0,0,0,0,0,0,0
15.100000000000101,0,0,0,0,0,0,0,0,0,0,0
15.150000000000102,0,0,0,0,0,0,0,0,0,0,0
15.200000000000102,0,0,0,0,0,0,0,0,0,0,0
15.250000000000103,0,0,0,0,0,0,0,0,0,0,0
15.300000000000104,0,0,0,0,0,0,0,0,0,0,0
15.350000000000104,0,0,0,0,0,0,0,0,0,0,0
15.400000000000105,0,0,0,0,0,0,0,0,0,0,0
15.450000000000106,0,0,0,0,0,0,0,0,0,0,0
15.500000000000107,0,0,0,0,0,0,0,0,0,0,0
15.550000000000107,0,0,0,0,0,0,0,0,0,0,0
15.600000000000108,0,0,0,0,0,0,0,0,0,0,0
15.650000000000109,0,0,0,0,0,0,0,0,0,0,0
15.70000000000011,0,0,0,0,0,0,0,0,0,0,0
15.75000000000011,0,0,0,0,0,0,0,0,0,0,0
15.80000000000011,0,0,0,0,0,0,0,0,0,0,0
15.850000000000112,0,0,0,0,0,0,0,0,0,0,0
15.900000000000112,0,0,0,0,0,0,0,0,0,0,0
15.950000000000113,0,0,0,0,0,0,0,0,0,0,0
