*****
8,0.05,1000,0,1,10,100,0.75,1.0,0.75,1.0,0.01
8,1000,995,997,900,997,0,0,0,0,0,0
8.05,959,955,956,868,956,0,0,0,0,0,0
8.100000000000001,960,954,956,879,956,0,0,0,0,0,0
8.150000000000002,964,961,961,859,961,0,0,0,0,0,0
8.200000000000003,945,939,941,852,941,0,0,0,0,0,0
8.250000000000004,984,976,980,897,980,0,0,0,0,0,0
8.300000000000004,942,933,938,859,938,0,0,0,0,0,0
8.350000000000005,945,929,939,865,939,0,0,0,0,0,0
8.400000000000006,1016,995,1006,927,1006,0,0,0,0,0,0
8.450000000000006,990,949,973,895,973,0,0,0,0,0,0
8.500000000000007,961,914,938,831,938,0,0,0,0,0,0
8.550000000000008,949,878,896,832,896,0,0,0,0,0,0
8.600000000000009,1049,936,973,872,973,0,0,0,0,0,0
8.65000000000001,982,842,886,801,886,0,0,0,0,0,0
8.70000000000001,1008,803,866,786,866,0,0,0,0,0,0
8.75000000000001,948,719,779,700,779,0,0,0,0,0,0
8.800000000000011,972,687,767,672,767,0,0,0,0,0,0
8.850000000000012,999,648,735,680,735,0,0,0,0,0,0
8.900000000000013,948,578,631,596,631,0,0,0,0,0,0
8.950000000000014,976,571,653,581,653,0,0,0,0,0,0
9.000000000000014,1027,517,591,568,591,0,0,0,0,0,0
9.050000000000015,958,434,499,499,499,0,0,0,0,0,0
9.100000000000016,970,374,431,435,431,0,0,0,0,0,0
9.150000000000016,982,331,396,400,396,0,0,0,0,0,0
9.200000000000017,959,282,335,336,335,0,0,0,0,0,0
9.250000000000018,982,255,301,342,301,0,0,0,0,0,0
9.300000000000018,941,204,259,267,259,0,0,0,0,0,0
9.35000000000002,959,168,208,212,208,0,0,0,0,0,0
9.40000000000002,937,134,159,211,159,0,0,0,0,0,0
9.45000000000002,938,111,142,169,142,0,0,0,0,0,0
9.500000000000021,992,109,139,156,139,0,0,0,0,0,0
9.550000000000022,979,81,100,141,100,0,0,0,0,0,0
9.600000000000023,1004,63,77,110,77,0,0,0,0,0,0
9.650000000000023,990,42,65,97,65,0,0,0,0,0,0
9.700000000000024,1015,23,45,84,45,0,0,0,0,0,0
9.750000000000025,1006,42,57,88,57,0,0,0,0,0,0
9.800000000000026,992,18,30,58,30,0,0,0,0,0,0
9.850000000000026,1038,23,28,46,28,0,0,0,0,0,0
9.900000000000027,1027,11,15,40,15,0,0,0,0,0,0
9.950000000000028,1020,8,13,29,13,0,0,0,0,0,0
10.000000000000028,946,8,10,19,10,0,0,0,0,0,0
10.05000000000003,924,7,8,20,8,0,0,0,0,0,0
10.10000000000003,909,8,12,13,12,0,0,0,0,0,0
10.15000000000003,999,2,4,13,4,0,0,0,0,0,0
10.200000000000031,921,2,3,9,3,0,0,0,0,0,0
10.250000000000032,955,4,4,5,4,0,0,0,0,0,0
10.300000000000033,998,0,1,4,1,0,0,0,0,0,0
10.350000000000033,945,0,0,6,0,0,0,0,0,0,0
10.400000000000034,910,0,1,2,1,0,0,0,0,0,0
10.450000000000035,932,0,0,4,0,0,0,0,0,0,0
10.500000000000036,853,0,0,2,0,0,0,0,0,0,0
10.550000000000036,868,0,0,2,0,0,0,0,0,0,0
10.600000000000037,814,0,1,0,1,0,0,0,0,0,0
10.650000000000038,807,0,0,0,0,0,0,0,0,0,0
10.700000000000038,758,0,0,4,0,0,0,0,0,0,0
10.750000000000039,752,0,0,0,0,0,0,0,0,0,0
10.80000000000004,682,0,0,0,0,0,0,0,0,0,0
10.85000000000004,626,0,0,0,0,0,0,0,0,0,0
10.900000000000041,614,0,0,0,0,0,0,0,0,0,0
10.950000000000042,569,0,0,1,0,0,0,0,0,0,0
11.000000000000043,465,0,0,0,0,0,0,0,0,0,0
11.050000000000043,473,0,0,0,0,0,0,0,0,0,0
11.100000000000044,381,0,0,0,0,0,0,0,0,0,0
11.150000000000045,373,0,0,0,0,0,0,0,0,0,0
11.200000000000045,303,0,0,0,0,0,0,0,0,0,0
11.250000000000046,266,0,0,0,0,0,0,0,0,0,0
11.300000000000047,270,0,0,0,0,0,0,0,0,0,0
11.350000000000048,188,0,0,0,0,0,0,0,0,0,0
11.400000000000048,149,0,0,0,0,0,0,0,0,0,0
11.450000000000049,117,0,0,0,0,0,0,0,0,0,0
11.50000000000005,119,0,0,0,0,0,0,0,0,0,0
11.55000000000005,89,0,0,0,0,0,0,0,0,0,0
11.600000000000051,73,0,0,0,0,0,0,0,0,0,0
11.650000000000052,62,0,0,0,0,0,0,0,0,0,0
11.700000000000053,41,0,0,0,0,0,0,0,0,0,0
11.750000000000053,21,0,0,0,0,0,0,0,0,0,0
11.800000000000054,27,0,0,0,0,0,0,0,0,0,0
11.850000000000055,26,0,0,0,0,0,0,0,0,0,0
11.900000000000055,20,0,0,0,0,0,0,0,0,0,0
11.950000000000056,16,0,0,0,0,0,0,0,0,0,0
12.000000000000057,0,0,0,0,0,0,0,0,0,0,0
12.050000000000058,0,0,0,0,0,0,0,0,0,0,0
12.100000000000058,0,0,0,0,0,0,0,0,0,0,0
12.150000000000059,0,0,0,0,0,0,0,0,0,0,0
12.20000000000006,0,0,0,0,0,0,0,0,0,0,0
12.25000000000006,0,0,0,0,0,0,0,0,0,0,0
12.300000000000061,0,0,0,0,0,0,0,0,0,0,0
12.350000000000062,0,0,0,0,0,0,0,0,0,0,0
12.400000000000063,0,0,0,0,0,0,0,0,0,0,0
12.450000000000063,0,0,0,0,0,0,0,0,0,0,0
12.500000000000064,0,0,0,0,0,0,0,0,0,0,0
12.550000000000065,0,0,0,0,0,0,0,0,0,0,0
12.600000000000065,0,0,0,0,0,0,0,0,0,0,0
12.650000000000066,0,0,0,0,0,0,0,0,0,0,0
12.700000000000067,0,0,0,0,0,0,0,0,0,0,0
12.750000000000068,0,0,0,0,0,0,0,0,0,0,0
12.800000000000068,0,0,0,0,0,0,0,0,0,0,0
12.850000000000069,0,0,0,0,0,0,0,0,0,0,0
12.90000000000007,0,0,0,0,0,0,0,0,0,0,0
12.95000000000007,0,0,0,0,0,0,0,0,0,0,0
13.000000000000071,0,0,0,0,0,0,0,0,0,0,0
13.050000000000072,0,0,0,0,0,0,0,0,0,0,0
13.100000000000072,0,0,0,0,0,0,0,0,0,0,0
13.150000000000073,0,0,0,0,0,0,0,0,0,0,0
13.200000000000074,0,0,0,0,0,0,0,0,0,0,0
13.250000000000075,0,0,0,0,0,0,0,0,0,0,0
13.300000000000075,0,0,0,0,0,0,0,0,0,0,0
13.350000000000076,0,0,0,0,0,0,0,0,0,0,0
13.400000000000077,0,0,0,0,0,0,0,0,0,0,0
13.450000000000077,0,0,0,0,0,0,0,0,0,0,0
13.500000000000078,0,0,0,0,0,0,0,0,0,0,0
13.550000000000079,0,0,0,0,0,0,0,0,0,0,0
13.60000000000008,0,0,0,0,0,0,0,0,0,0,0
13.65000000000008,0,0,0,0,0,0,0,0,0,0,0
13.700000000000081,0,0,0,0,0,0,0,0,0,0,0
13.750000000000082,0,0,0,0,0,0,0,0,0,0,0
13.800000000000082,0,0,0,0,0,0,0,0,0,0,0
13.850000000000083,0,0,0,0,0,0,0,0,0,0,0
13.900000000000084,0,0,0,0,0,0,0,0,0,0,0
13.950000000000085,0,0,0,0,0,0,0,0,0,0,0
14.000000000000085,0,0,0,0,0,0,0,0,0,0,0
14.050000000000086,0,0,0,0,0,0,0,0,0,0,0
14.100000000000087,0,0,0,0,0,0,0,0,0,0,0
14.150000000000087,0,0,0,0,0,0,0,0,0,0,0
14.200000000000088,0,0,0,0,0,0,0,0,0,0,0
14.250000000000089,0,0,0,0,0,0,0,0,0,0,0
14.30000000000009,0,0,0,0,0,0,0,0,0,0,0
14.35000000000009,0,0,0,0,0,0,0,0,0,0,0
14.400000000000091,0,0,0,0,0,0,0,0,0,0,0
14.450000000000092,0,0,0,0,0,0,0,0,0,0,0
14.500000000000092,0,0,0,0,0,0,0,0,0,0,0
14.550000000000093,0,0,0,0,0,0,0,0,0,0,0
14.600000000000094,0,0,0,0,0,0,0,0,0,0,0
14.650000000000095,0,0,0,0,0,0,0,0,0,0,0
14.700000000000095,0,0,0,0,0,0,0,0,0,0,0
14.750000000000096,0,0,0,0,0,0,0,0,0,0,0
14.800000000000097,0,0,0,0,0,0,0,0,0,0,0
14.850000000000097,0,0,0,0,0,0,0,0,0,0,0
14.900000000000098,0,0,0,0,0,0,0,0,0,0,0
14.950000000000099,0,0,0,0,0,0,0,0,0,0,0
15.0000000000001,0,0,0,0,0,0,0,0,0,0,0
15.0500000000001,0,0,0,0,0,0,0,0,0,0,0
15.100000000000101,0,0,0,0,0,0,0,0,0,0,0
15.150000000000102,0,0,0,0,0,0,0,0,0,0,0
15.200000000000102,0,0,0,0,0,0,0,0,0,0,0
15.250000000000103,0,0,0,0,0,0,0,0,0,0,0
15.300000000000104,0,0,0,0,0,0,0,0,0,0,0
15.350000000000104,0,0,0,0,0,0,0,0,0,0,0
15.400000000000105,0,0,0,0,0,0,0,0,0,0,0
15.450000000000106,0,0,0,0,0,0,0,0,0,0,0
15.500000000000107,0,0,0,0,0,0,0,0,0,0,0
15.550000000000107,0,0,0,0,0,0,0,0,0,0,0
15.600000000000108,0,0,0,0,0,0,0,0,0,0,0
15.650000000000109,0,0,0,0,0,0,0,0,0,0,0
15.70000000000011,0,0,0,0,0,0,0,0,0,0,0
15.75000000000011,0,0,0,0,0,0,0,0,0,0,0
15.80000000000011,0,0,0,0,0,0,0,0,0,0,0
15.850000000000112,0,0,0,0,0,0,0,0,0,0,0
15.900000000000112,0,0,0,0,0,0,0,0,0,0,0
15.950000000000113,0,0,0,0,0,0,0,0,0,0,0
*****
8,0.05,1000,0,0.4,10,100,0.75,1.0,0.75,1.0,0.01
8,1000,1000,1000,1000,1000,0,0,0,0,0,0
8.05,968,968,968,968,968,0,0,0,0,0,0
8.100000000000001,955,955,955,955,955,0,0,0,0,0,0
8.150000000000002,924,924,924,924,924,0,0,0,0,0,0
8.200000000000003,944,944,944,944,944,0,0,0,0,0,0
8.250000000000004,952,952,952,952,952,0,0,0,0,0,0
8.300000000000004,984,984,984,984,984,0,0,0,0,0,0
8.350000000000005,995,995,995,995,995,0,0,0,0,0,0
8.400000000000006,956,956,956,956,956,0,0,0,0,0,0
8.450000000000006,978,978,978,978,978,0,0,0,0,0,0
8.500000000000007,971,971,971,971,971,0,0,0,0,0,0
8.550000000000008,962,962,962,962,962,0,0,0,0,0,0
8.600000000000009,953,953,953,953,953,0,0,0,0,0,0
8.65000000000001,998,998,998,998,998,0,0,0,0,0,0
8.70000000000001,968,968,968,968,968,0,0,0,0,0,0
8.75000000000001,956,956,956,956,956,0,0,0,0,0,0
8.800000000000011,900,900,900,900,900,0,0,0,0,0,0
8.850000000000012,959,959,959,959,959,0,0,0,0,0,0
8.900000000000013,971,971,971,971,971,0,0,0,0,0,0
8.950000000000014,944,944,944,944,944,0,0,0,0,0,0
9.000000000000014,1012,1012,1012,1012,1012,0,0,0,0,0,0
9.050000000000015,960,960,960,960,960,0,0,0,0,0,0
9.100000000000016,940,940,940,940,940,0,0,0,0,0,0
9.150000000000016,932,932,932,932,932,0,0,0,0,0,0
9.200000000000017,986,986,986,986,986,0,0,0,0,0,0
9.250000000000018,954,954,954,954,954,0,0,0,0,0,0
9.300000000000018,929,929,929,927,929,0,0,0,0,0,0
9.35000000000002,978,978,978,978,978,0,0,0,0,0,0
9.40000000000002,941,941,941,939,941,0,0,0,0,0,0
9.45000000000002,946,946,946,945,946,0,0,0,0,0,0
9.500000000000021,925,925,925,922,925,0,0,0,0,0,0
9.550000000000022,981,981,981,971,981,0,0,0,0,0,0
9.600000000000023,913,913,913,906,913,0,0,0,0,0,0
9.650000000000023,923,923,923,917,923,0,0,0,0,0,0
9.700000000000024,1006,1006,1006,992,1006,0,0,0,0,0,0
9.750000000000025,952,952,952,933,952,0,0,0,0,0,0
9.800000000000026,903,903,903,882,903,0,0,0,0,0,0
9.850000000000026,1001,1001,1001,963,1001,0,0,0,0,0,0
9.900000000000027,1003,1002,1002,956,1002,0,0,0,0,0,0
9.950000000000028,971,967,967,923,967,0,0,0,0,0,0
10.000000000000028,994,984,984,933,984,0,0,0,0,0,0
10.05000000000003,961,938,940,885,940,0,0,0,0,0,0
10.10000000000003,947,888,888,831,888,0,0,0,0,0,0
10.15000000000003,939,867,868,791,868,0,0,0,0,0,0
10.200000000000031,970,802,807,759,807,0,0,0,0,0,0
10.250000000000032,950,716,719,682,719,0,0,0,0,0,0
10.300000000000033,1008,644,650,664,650,0,0,0,0,0,0
10.350000000000033,1001,524,529,571,529,0,0,0,0,0,0
10.400000000000034,977,421,423,460,423,0,0,0,0,0,0
10.450000000000035,925,261,265,322,265,0,0,0,0,0,0
10.500000000000036,999,195,197,261,197,0,0,0,0,0,0
10.550000000000036,989,125,128,184,128,0,0,0,0,0,0
10.600000000000037,982,56,57,108,57,0,0,0,0,0,0
10.650000000000038,963,43,43,80,43,0,0,0,0,0,0
10.700000000000038,964,24,24,58,24,0,0,0,0,0,0
10.750000000000039,955,11,12,29,12,0,0,0,0,0,0
10.80000000000004,947,9,10,20,10,0,0,0,0,0,0
10.85000000000004,909,1,1,5,1,0,0,0,0,0,0
10.900000000000041,931,0,0,6,0,0,0,0,0,0,0
10.950000000000042,871,0,0,3,0,0,0,0,0,0,0
11.000000000000043,779,0,0,1,0,0,0,0,0,0,0
11.050000000000043,657,0,0,0,0,0,0,0,0,0,0
11.100000000000044,602,0,0,0,0,0,0,0,0,0,0
11.150000000000045,474,0,0,0,0,0,0,0,0,0,0
11.200000000000045,355,0,0,0,0,0,0,0,0,0,0
11.250000000000046,230,0,0,0,0,0,0,0,0,0,0
11.300000000000047,128,0,0,0,0,0,0,0,0,0,0
11.350000000000048,49,0,0,0,0,0,0,0,0,0,0
11.400000000000048,18,0,0,0,0,0,0,0,0,0,0
11.450000000000049,0,0,0,0,0,0,0,0,0,0,0
11.50000000000005,0,0,0,0,0,0,0,0,0,0,0
11.55000000000005,0,0,0,0,0,0,0,0,0,0,0
11.600000000000051,0,0,0,0,0,0,0,0,0,0,0
11.650000000000052,0,0,0,0,0,0,0,0,0,0,0
11.700000000000053,0,0,0,0,0,0,0,0,0,0,0
11.750000000000053,0,0,0,0,0,0,0,0,0,0,0
11.800000000000054,0,0,0,0,0,0,0,0,0,0,0
11.850000000000055,0,0,0,0,0,0,0,0,0,0,0
11.900000000000055,0,0,0,0,0,0,0,0,0,0,0
11.950000000000056,0,0,0,0,0,0,0,0,0,0,0
12.000000000000057,0,0,0,0,0,0,0,0,0,0,0
12.050000000000058,0,0,0,0,0,0,0,0,0,0,0
12.100000000000058,0,0,0,0,0,0,0,0,0,0,0
12.150000000000059,0,0,0,0,0,0,0,0,0,0,0
12.20000000000006,0,0,0,0,0,0,0,0,0,0,0
12.25000000000006,0,0,0,0,0,0,0,0,0,0,0
12.300000000000061,0,0,0,0,0,0,0,0,0,0,0
12.350000000000062,0,0,0,0,0,0,0,0,0,0,0
12.400000000000063,0,0,0,0,0,0,0,0,0,0,0
12.450000000000063,0,0,0,0,0,0,0,0,0,0,0
12.500000000000064,0,0,0,0,0,0,0,0,0,0,0
12.550000000000065,0,0,0,0,0,0,0,0,0,0,0
12.600000000000065,0,0,0,0,0,0,0,0,0,0,0
12.650000000000066,0,0,0,0,0,0,0,0,0,0,0
12.700000000000067,0,0,0,0,0,0,0,0,0,0,0
12.750000000000068,0,0,0,0,0,0,0,0,0,0,0
12.800000000000068,0,0,0,0,0,0,0,0,0,0,0
12.850000000000069,0,0,0,0,0,0,0,0,0,0,0
12.90000000000007,0,0,0,0,0,0,0,0,0,0,0
12.95000000000007,0,0,0,0,0,0,0,0,0,0,0
13.000000000000071,0,0,0,0,0,0,0,0,0,0,0
13.050000000000072,0,0,0,0,0,0,0,0,0,0,0
13.100000000000072,0,0,0,0,0,0,0,0,0,0,0
13.150000000000073,0,0,0,0,0,0,0,0,0,0,0
13.200000000000074,0,0,0,0,0,0,0,0,0,0,0
13.250000000000075,0,0,0,0,0,0,0,0,0,0,0
13.300000000000075,0,0,0,0,0,0,0,0,0,0,0
13.350000000000076,0,0,0,0,0,0,0,0,0,0,0
13.400000000000077,0,0,0,0,0,0,0,0,0,0,0
13.450000000000077,0,0,0,0,0,0,0,0,0,0,0
13.500000000000078,0,0,0,0,0,0,0,0,0,0,0
13.550000000000079,0,0,0,0,0,0,0,0,0,0,0
13.60000000000008,0,0,0,0,0,0,0,0,0,0,0
13.65000000000008,0,0,0,0,0,0,0,0,0,0,0
13.700000000000081,0,0,0,0,0,0,0,0,0,0,0
13.750000000000082,0,0,0,0,0,0,0,0,0,0,0
13.800000000000082,0,0,0,0,0,0,0,0,0,0,0
13.850000000000083,0,0,0,0,0,0,0,0,0,0,0
13.900000000000084,0,0,0,0,0,0,0,0,0,0,0
13.950000000000085,0,0,0,0,0,0,0,0,0,0,0
14.000000000000085,0,0,0,0,0,0,0,0,0,0,0
14.050000000000086,0,0,0,0,0,0,0,0,0,0,0
14.100000000000087,0,0,0,0,0,0,0,0,0,0,0
14.150000000000087,0,0,0,0,0,0,0,0,0,0,0
14.200000000000088,0,0,0,0,0,0,0,0,0,0,0
14.250000000000089,0,0,0,0,0,0,0,0,0,0,0
14.30000000000009,0,0,0,0,0,0,0,0,0,0,0
14.35000000000009,0,0,0,0,0,0,0,0,0,0,0
14.400000000000091,0,0,0,0,0,0,0,0,0,0,0
14.450000000000092,0,0,0,0,0,0,0,0,0,0,0
14.500000000000092,0,0,0,0,0,0,0,0,0,0,0
14.550000000000093,0,0,0,0,0,0,0,0,0,0,0
14.600000000000094,0,0,0,0,0,0,0,0,0,0,0
14.650000000000095,0,0,0,0,0,0,0,0,0,0,0
14.700000000000095,0,0,0,0,0,0,0,0,0,0,0
14.750000000000096,0,0,0,0,0,0,0,0,0,0,0
14.800000000000097,0,0,0,0,0,0,0,0,0,0,0
14.850000000000097,0,0,0,0,0,0,0,0,0,0,0
14.900000000000098,0,0,0,0,0,0,0,0,0,0,0
14.950000000000099,0,0,0,0,0,0,0,0,0,0,0
15.0000000000001,0,0,0,0,0,0,0,0,0,0,0
15.0500000000001,0,0,0,0,0,0,0,0,0,0,0
15.100000000000101,0,0,0,0,0,0,0,0,0,0,0
15.150000000000102,0,0,0,0,0,0,0,0,0,0,0
15.200000000000102,0,0,0,0,0,0,0,0,0,0,0
15.250000000000103,0,0,0,0,0,0,0,0,0,0,0
15.300000000000104,0,0,0,0,0,0,0,0,0,0,0
15.350000000000104,0,0,0,0,0,0,0,0,0,0,0
15.400000000000105,0,0,0,0,0,0,0,0,0,0,0
15.450000000000106,0,0,0,0,0,0,0,0,0,0,0
15.500000000000107,0,0,0,0,0,0,0,0,0,0,0
15.550000000000107,0,0,0,0,0,0,0,0,0,0,0
15.600000000000108,0,0,0,0,0,0,0,0,0,0,0
15.650000000000109,0,0,0,0,0,0,0,0,0,0,0
15.70000000000011,0,0,0,0,0,0,0,0,0,0,0
15.75000000000011,0,0,0,0,0,0,0,0,0,0,0
15.80000000000011,0,0,0,0,0,0,0,0,0,0,0
15.850000000000112,0,0,0,0,0,0,0,0,0,0,0
15.900000000000112,0,0,0,0,0,0,0,0,0,0,0
15.950000000000113,0,0,0,0,0,0,0,0,0,0,0
*****
8,0.05,1000,0.3,0.7,10,100,0.75,1.0,0.75,1.0,0.01
8,1000,1000,1000,1000,1000,0,0,0,0,0,0
8.05,1014,1014,1014,1014,1014,0,0,0,0,0,0
8.100000000000001,972,972,972,970,972,0,0,0,0,0,0
8.150000000000002,1052,1052,1052,1049,1052,0,0,0,0,0,0
8.200000000000003,964,964,964,964,964,0,0,0,0,0,0
8.250000000000004,966,966,966,966,966,0,0,0,0,0,0
8.300000000000004,943,943,943,943,943,0,0,0,0,0,0
8.350000000000005,983,983,983,982,983,0,0,0,0,0,0
8.400000000000006,997,997,997,997,997,0,0,0,0,0,0
8.450000000000006,999,999,999,998,999,0,0,0,0,0,0
8.500000000000007,953,953,953,951,953,0,0,0,0,0,0
8.550000000000008,1042,1042,1042,1041,1042,0,0,0,0,0,0
8.600000000000009,1000,1000,1000,998,1000,0,0,0,0,0,0
8.65000000000001,971,971,971,971,971,0,0,0,0,0,0
8.70000000000001,998,998,998,997,998,0,0,0,0,0,0
8.75000000000001,972,972,972,969,972,0,0,0,0,0,0
8.800000000000011,1006,1006,1006,1003,1006,0,0,0,0,0,0
8.850000000000012,962,962,962,961,962,0,0,0,0,0,0
8.900000000000013,920,920,920,915,920,0,0,0,0,0,0
8.950000000000014,992,992,992,988,992,0,0,0,0,0,0
9.000000000000014,1044,1044,1044,1037,1044,0,0,0,0,0,0
9.050000000000015,979,977,978,970,978,0,0,0,0,0,0
9.100000000000016,974,973,973,962,973,0,0,0,0,0,0
9.150000000000016,983,982,982,969,982,0,0,0,0,0,0
9.200000000000017,984,984,984,962,984,0,0,0,0,0,0
9.250000000000018,993,989,989,967,989,0,0,0,0,0,0
9.300000000000018,988,982,983,948,983,0,0,0,0,0,0
9.35000000000002,965,950,953,928,953,0,0,0,0,0,0
9.40000000000002,1014,996,1004,970,1004,0,0,0,0,0,0
9.45000000000002,983,954,965,930,965,0,0,0,0,0,0
9.500000000000021,986,964,972,928,972,0,0,0,0,0,0
9.550000000000022,968,915,926,881,926,0,0,0,0,0,0
9.600000000000023,991,919,937,905,937,0,0,0,0,0,0
9.650000000000023,955,877,891,839,891,0,0,0,0,0,0
9.700000000000024,985,869,889,854,889,0,0,0,0,0,0
9.750000000000025,989,851,877,836,877,0,0,0,0,0,0
9.800000000000026,984,806,836,806,836,0,0,0,0,0,0
9.850000000000026,1039,837,864,827,864,0,0,0,0,0,0
9.900000000000027,987,741,775,764,775,0,0,0,0,0,0
9.950000000000028,982,696,741,707,741,0,0,0,0,0,0
10.000000000000028,937,626,657,646,657,0,0,0,0,0,0
10.05000000000003,972,600,636,626,636,0,0,0,0,0,0
10.10000000000003,997,567,604,633,604,0,0,0,0,0,0
10.15000000000003,996,509,541,550,541,0,0,0,0,0,0
10.200000000000031,979,431,476,527,476,0,0,0,0,0,0
10.250000000000032,982,391,428,480,428,0,0,0,0,0,0
10.300000000000033,995,330,364,408,364,0,0,0,0,0,0
10.350000000000033,974,281,308,364,308,0,0,0,0,0,0
10.400000000000034,1023,274,305,370,305,0,0,0,0,0,0
10.450000000000035,955,205,225,277,225,0,0,0,0,0,0
10.500000000000036,988,182,202,270,202,0,0,0,0,0,0
10.550000000000036,968,115,125,201,125,0,0,0,0,0,0
10.600000000000037,929,98,108,147,108,0,0,0,0,0,0
10.650000000000038,991,99,110,151,110,0,0,0,0,0,0
10.700000000000038,1010,73,87,141,87,0,0,0,0,0,0
10.750000000000039,1017,57,66,105,66,0,0,0,0,0,0
10.80000000000004,992,38,42,77,42,0,0,0,0,0,0
10.85000000000004,939,33,34,65,34,0,0,0,0,0,0
10.900000000000041,998,27,30,47,30,0,0,0,0,0,0
10.950000000000042,994,21,24,31,24,0,0,0,0,0,0
11.000000000000043,950,14,15,28,15,0,0,0,0,0,0
11.050000000000043,1012,9,9,21,9,0,0,0,0,0,0
11.100000000000044,953,9,11,13,11,0,0,0,0,0,0
11.150000000000045,989,2,4,13,4,0,0,0,0,0,0
11.200000000000045,941,5,5,10,5,0,0,0,0,0,0
11.250000000000046,976,2,2,9,2,0,0,0,0,0,0
11.300000000000047,950,1,3,8,3,0,0,0,0,0,0
11.350000000000048,1031,1,1,1,1,0,0,0,0,0,0
11.400000000000048,945,1,1,2,1,0,0,0,0,0,0
11.450000000000049,941,1,1,1,1,0,0,0,0,0,0
11.50000000000005,946,0,0,1,0,0,0,0,0,0,0
11.55000000000005,908,0,0,0,0,0,0,0,0,0,0
11.600000000000051,933,0,0,0,0,0,0,0,0,0,0
11.650000000000052,827,0,0,0,0,0,0,0,0,0,0
11.700000000000053,854,0,0,0,0,0,0,0,0,0,0
11.750000000000053,789,0,0,0,0,0,0,0,0,0,0
11.800000000000054,703,0,0,0,0,0,0,0,0,0,0
11.850000000000055,556,0,0,0,0,0,0,0,0,0,0
11.900000000000055,435,0,0,0,0,0,0,0,0,0,0
11.950000000000056,384,0,0,0,0,0,0,0,0,0,0
12.000000000000057,245,0,0,0,0,0,0,0,0,0,0
12.050000000000058,135,0,0,0,0,0,0,0,0,0,0
12.100000000000058,61,0,0,0,0,0,0,0,0,0,0
12.150000000000059,38,0,0,0,0,0,0,0,0,0,0
12.20000000000006,19,0,0,0,0,0,0,0,0,0,0
12.25000000000006,0,0,0,0,0,0,0,0,0,0,0
12.300000000000061,0,0,0,0,0,0,0,0,0,0,0
12.350000000000062,0,0,0,0,0,0,0,0,0,0,0
12.400000000000063,0,0,0,0,0,0,0,0,0,0,0
12.450000000000063,0,0,0,0,0,0,0,0,0,0,0
12.500000000000064,0,0,0,0,0,0,0,0,0,0,0
12.550000000000065,0,0,0,0,0,0,0,0,0,0,0
12.600000000000065,0,0,0,0,0,0,0,0,0,0,0
12.650000000000066,0,0,0,0,0,0,0,0,0,0,0
12.700000000000067,0,0,0,0,0,0,0,0,0,0,0
12.750000000000068,0,0,0,0,0,0,0,0,0,0,0
12.800000000000068,0,0,0,0,0,0,0,0,0,0,0
12.850000000000069,0,0,0,0,0,0,0,0,0,0,0
12.90000000000007,0,0,0,0,0,0,0,0,0,0,0
12.95000000000007,0,0,0,0,0,0,0,0,0,0,0
13.000000000000071,0,0,0,0,0,0,0,0,0,0,0
13.050000000000072,0,0,0,0,0,0,0,0,0,0,0
13.100000000000072,0,0,0,0,0,0,0,0,0,0,0
13.150000000000073,0,0,0,0,0,0,0,0,0,0,0
13.200000000000074,0,0,0,0,0,0,0,0,0,0,0
13.250000000000075,0,0,0,0,0,0,0,0,0,0,0
13.300000000000075,0,0,0,0,0,0,0,0,0,0,0
13.350000000000076,0,0,0,0,0,0,0,0,0,0,0
13.400000000000077,0,0,0,0,0,0,0,0,0,0,0
13.450000000000077,0,0,0,0,0,0,0,0,0,0,0
13.500000000000078,0,0,0,0,0,0,0,0,0,0,0
13.550000000000079,0,0,0,0,0,0,0,0,0,0,0
13.60000000000008,0,0,0,0,0,0,0,0,0,0,0
13.65000000000008,0,0,0,0,0,0,0,0,0,0,0
13.700000000000081,0,0,0,0,0,0,0,0,0,0,0
13.750000000000082,0,0,0,0,0,0,0,0,0,0,0
13.800000000000082,0,0,0,0,0,0,0,0,0,0,0
13.850000000000083,0,0,0,0,0,0,0,0,0,0,0
13.900000000000084,0,0,0,0,0,0,0,0,0,0,0
13.950000000000085,0,0,0,0,0,0,0,0,0,0,0
14.000000000000085,0,0,0,0,0,0,0,0,0,0,0
14.050000000000086,0,0,0,0,0,0,0,0,0,0,0
14.100000000000087,0,0,0,0,0,0,0,0,0,0,0
14.150000000000087,0,0,0,0,0,0,0,0,0,0,0
14.200000000000088,0,0,0,0,0,0,0,0,0,0,0
14.250000000000089,0,0,0,0,0,0,0,0,0,0,0
14.30000000000009,0,0,0,0,0,0,0,0,0,0,0
14.35000000000009,0,0,0,0,0,0,0,0,0,0,0
14.400000000000091,0,0,0,0,0,0,0,0,0,0,0
14.450000000000092,0,0,0,0,0,0,0,0,0,0,0
14.500000000000092,0,0,0,0,0,0,0,0,0,0,0
14.550000000000093,0,0,0,0,0,0,0,0,0,0,0
14.600000000000094,0,0,0,0,0,0,0,0,0,0,0
14.650000000000095,0,0,0,0,0,0,0,0,0,0,0
14.700000000000095,0,0,0,0,0,0,0,0,0,0,0
14.750000000000096,0,0,0,0,0,0,0,0,0,0,0
14.800000000000097,0,0,0,0,0,0,0,0,0,0,0
14.850000000000097,0,0,0,0,0,0,0,0,0,0,0
14.900000000000098,0,0,0,0,0,0,0,0,0,0,0
14.950000000000099,0,0,0,0,0,0,0,0,0,0,0
15.0000000000001,0,0,0,0,0,0,0,0,0,0,0
15.0500000000001,0,0,0,0,0,0,0,0,0,0,0
15.100000000000101,0,0,0,0,0,0,0,0,0,0,0
15.150000000000102,0,0,0,0,0,0,0,0,0,0,0
15.200000000000102,0,0,0,0,0,0,0,0,0,0,0
15.250000000000103,0,0,0,0,0,0,0,0,0,0,0
15.300000000000104,0,0,0,0,0,0,0,0,0,0,0
15.350000000000104,0,0,0,0,0,0,0,0,0,0,0
15.400000000000105,0,0,0,0,0,0,0,0,0,0,0
15.450000000000106,0,0,0,0,0,0,0,0,0,0,0
15.500000000000107,0,0,0,0,0,0,0,0,0,0,0
15.550000000000107,0,0,0,0,0,0,0,0,0,0,0
15.600000000000108,0,0,0,0,0,0,0,0,0,0,0
15.650000000000109,0,0,0,0,0,0,0,0,0,0,0
15.70000000000011,0,0,0,0,0,0,0,0,0,0,0
15.75000000000011,0,0,0,0,0,0,0,0,0,0,0
15.80000000000011,0,0,0,0,0,0,0,0,0,0,0
15.850000000000112,0,0,0,0,0,0,0,0,0,0,0
15.900000000000112,0,0,0,0,0,0,0,0,0,0,0
15.950000000000113,0,0,0,0,0,0,0,0,0,0,0
*****
8,0.05,1000,0.6,1,10,100,0.75,1.0,0.75,1.0,0.01
8,1000,139,242,172,242,0,0,0,0,0,0
8.05,1053,174,290,228,290,0,0,0,0,0,0
8.100000000000001,1005,140,252,232,252,0,0,0,0,0,0
8.150000000000002,954,85,207,224,207,0,0,0,0,0,0
8.200000000000003,960,71,197,217,197,0,0,0,0,0,0
8.250000000000004,944,99,177,236,177,0,0,0,0,0,0
8.300000000000004,890,148,184,215,184,0,0,0,0,0,0
8.350000000000005,936,176,221,233,221,0,0,0,0,0,0
8.400000000000006,965,99,197,218,197,0,0,0,0,0,0
8.450000000000006,971,60,179,258,179,0,0,0,0,0,0
8.500000000000007,962,42,145,227,145,0,0,0,0,0,0
8.550000000000008,978,51,134,246,134,0,0,0,0,0,0
8.600000000000009,1007,65,139,176,139,0,0,0,0,0,0
8.65000000000001,983,67,163,178,163,0,0,0,0,0,0
8.70000000000001,1007,100,187,135,187,0,0,0,0,0,0
8.75000000000001,1002,52,191,138,191,0,0,0,0,0,0
8.800000000000011,969,49,173,146,173,0,0,0,0,0,0
8.850000000000012,974,29,126,128,126,0,0,0,0,0,0
8.900000000000013,999,18,135,139,135,0,0,0,0,0,0
8.950000000000014,934,19,107,123,107,0,0,0,0,0,0
9.000000000000014,1008,13,92,119,92,0,0,0,0,0,0
9.050000000000015,970,11,69,84,69,0,0,0,0,0,0
9.100000000000016,930,9,53,85,53,0,0,0,0,0,0
9.150000000000016,983,14,58,60,58,0,0,0,0,0,0
9.200000000000017,963,11,60,51,60,0,0,0,0,0,0
9.250000000000018,871,4,30,37,30,0,0,0,0,0,0
9.300000000000018,921,4,39,45,39,0,0,0,0,0,0
9.35000000000002,1010,7,33,28,33,0,0,0,0,0,0
9.40000000000002,977,3,23,19,23,0,0,0,0,0,0
9.45000000000002,1015,2,24,18,24,0,0,0,0,0,0
9.500000000000021,1051,4,27,24,27,0,0,0,0,0,0
9.550000000000022,1034,0,12,15,12,0,0,0,0,0,0
9.600000000000023,974,2,9,9,9,0,0,0,0,0,0
9.650000000000023,975,1,9,17,9,0,0,0,0,0,0
9.700000000000024,938,0,5,7,5,0,0,0,0,0,0
9.750000000000025,977,0,1,2,1,0,0,0,0,0,0
9.800000000000026,926,1,3,3,3,0,0,0,0,0,0
9.850000000000026,917,0,4,9,4,0,0,0,0,0,0
9.900000000000027,892,0,2,4,2,0,0,0,0,0,0
9.950000000000028,1008,2,6,3,6,0,0,0,0,0,0
10.000000000000028,919,0,0,0,0,0,0,0,0,0,0
10.05000000000003,955,0,1,1,1,0,0,0,0,0,0
10.10000000000003,1020,1,1,0,1,0,0,0,0,0,0
10.15000000000003,930,0,1,3,1,0,0,0,0,0,0
10.200000000000031,971,0,0,1,0,0,0,0,0,0,0
10.250000000000032,924,0,0,0,0,0,0,0,0,0,0
10.300000000000033,988,0,0,0,0,0,0,0,0,0,0
10.350000000000033,916,0,1,1,1,0,0,0,0,0,0
10.400000000000034,913,0,0,0,0,0,0,0,0,0,0
10.450000000000035,872,0,0,0,0,0,0,0,0,0,0
10.500000000000036,885,0,0,0,0,0,0,0,0,0,0
10.550000000000036,804,0,0,0,0,0,0,0,0,0,0
10.600000000000037,763,0,0,1,0,0,0,0,0,0,0
10.650000000000038,704,0,0,0,0,0,0,0,0,0,0
10.700000000000038,676,0,0,0,0,0,0,0,0,0,0
10.750000000000039,698,0,0,0,0,0,0,0,0,0,0
10.80000000000004,668,0,0,0,0,0,0,0,0,0,0
10.85000000000004,544,0,0,0,0,0,0,0,0,0,0
10.900000000000041,504,0,0,0,0,0,0,0,0,0,0
10.950000000000042,404,0,0,0,0,0,0,0,0,0,0
11.000000000000043,402,0,0,0,0,0,0,0,0,0,0
11.050000000000043,324,0,0,0,0,0,0,0,0,0,0
11.100000000000044,267,0,0,0,0,0,0,0,0,0,0
11.150000000000045,192,0,0,0,0,0,0,0,0,0,0
11.200000000000045,135,0,0,0,0,0,0,0,0,0,0
11.250000000000046,142,0,0,0,0,0,0,0,0,0,0
11.300000000000047,137,0,0,0,0,0,0,0,0,0,0
11.350000000000048,106,0,0,0,0,0,0,0,0,0,0
11.400000000000048,113,0,0,0,0,0,0,0,0,0,0
11.450000000000049,91,0,0,0,0,0,0,0,0,0,0
11.50000000000005,88,0,0,0,0,0,0,0,0,0,0
11.55000000000005,94,0,0,0,0,0,0,0,0,0,0
11.600000000000051,53,0,0,0,0,0,0,0,0,0,0
11.650000000000052,0,0,0,0,0,0,0,0,0,0,0
11.700000000000053,0,0,0,0,0,0,0,0,0,0,0
11.750000000000053,0,0,0,0,0,0,0,0,0,0,0
11.800000000000054,0,0,0,0,0,0,0,0,0,0,0
11.850000000000055,0,0,0,0,0,0,0,0,0,0,0
11.900000000000055,0,0,0,0,0,0,0,0,0,0,0
11.950000000000056,0,0,0,0,0,0,0,0,0,0,0
12.000000000000057,0,0,0,0,0,0,0,0,0,0,0
12.050000000000058,0,0,0,0,0,0,0,0,0,0,0
12.100000000000058,0,0,0,0,0,0,0,0,0,0,0
12.150000000000059,0,0,0,0,0,0,0,0,0,0,0
12.20000000000006,0,0,0,0,0,0,0,0,0,0,0
12.25000000000006,0,0,0,0,0,0,0,0,0,0,0
12.300000000000061,0,0,0,0,0,0,0,0,0,0,0
12.350000000000062,0,0,0,0,0,0,0,0,0,0,0
12.400000000000063,0,0,0,0,0,0,0,0,0,0,0
12.450000000000063,0,0,0,0,0,0,0,0,0,0,0
12.500000000000064,0,0,0,0,0,0,0,0,0,0,0
12.550000000000065,0,0,0,0,0,0,0,0,0,0,0
12.600000000000065,0,0,0,0,0,0,0,0,0,0,0
12.650000000000066,0,0,0,0,0,0,0,0,0,0,0
12.700000000000067,0,0,0,0,0,0,0,0,0,0,0
12.750000000000068,0,0,0,0,0,0,0,0,0,0,0
12.800000000000068,0,0,0,0,0,0,0,0,0,0,0
12.850000000000069,0,0,0,0,0,0,0,0,0,0,0
12.90000000000007,0,0,0,0,0,0,0,0,0,0,0
12.95000000000007,0,0,0,0,0,0,0,0,0,0,0
13.000000000000071,0,0,0,0,0,0,0,0,0,0,0
13.050000000000072,0,0,0,0,0,0,0,0,0,0,0
13.100000000000072,0,0,0,0,0,0,0,0,0,0,0
13.150000000000073,0,0,0,0,0,0,0,0,0,0,0
13.200000000000074,0,0,0,0,0,0,0,0,0,0,0
13.250000000000075,0,0,0,0,0,0,0,0,0,0,0
13.300000000000075,0,0,0,0,0,0,0,0,0,0,0
13.350000000000076,0,0,0,0,0,0,0,0,0,0,0
13.400000000000077,0,0,0,0,0,0,0,0,0,0,0
13.450000000000077,0,0,0,0,0,0,0,0,0,0,0
13.500000000000078,0,0,0,0,0,0,0,0,0,0,0
13.550000000000079,0,0,0,0,0,0,0,0,0,0,0
13.60000000000008,0,0,0,0,0,0,0,0,0,0,0
13.65000000000008,0,0,0,0,0,0,0,0,0,0,0
13.700000000000081,0,0,0,0,0,0,0,0,0,0,0
13.750000000000082,0,0,0,0,0,0,0,0,0,0,0
13.800000000000082,0,0,0,0,0,0,0,0,0,0,0
13.850000000000083,0,0,0,0,0,0,0,0,0,0,0
13.900000000000084,0,0,0,0,0,0,0,0,0,0,0
13.950000000000085,0,0,0,0,0,0,0,0,0,0,0
14.000000000000085,0,0,0,0,0,0,0,0,0,0,0
14.050000000000086,0,0,0,0,0,0,0,0,0,0,0
14.100000000000087,0,0,0,0,0,0,0,0,0,0,0
14.150000000000087,0,0,0,0,0,0,0,0,0,0,0
14.200000000000088,0,0,0,0,0,0,0,0,0,0,0
14.250000000000089,0,0,0,0,0,0,0,0,0,0,0
14.30000000000009,0,0,0,0,0,0,0,0,0,0,0
14.35000000000009,0,0,0,0,0,0,0,0,0,0,0
14.400000000000091,0,0,0,0,0,0,0,0,0,0,0
14.450000000000092,0,0,0,0,0,0,0,0,0,0,0
14.500000000000092,0,0,0,0,0,0,0,0,0,0,0
14.550000000000093,0,0,0,0,0,0,0,0,0,0,0
14.600000000000094,0,0,0,0,0,0,0,0,0,0,0
14.650000000000095,0,0,0,0,0,0,0,0,0,0,0
14.700000000000095,0,0,0,0,0,0,0,0,0,0,0
14.750000000000096,0,0,0,0,0,0,0,0,0,0,0
14.800000000000097,0,0,0,0,0,0,0,0,0,0,0
14.850000000000097,0,0,0,0,0,0,0,0,0,0,0
14.900000000000098,0,0,0,0,0,0,0,0,0,0,0
14.950000000000099,0,0,0,0,0,0,0,0,0,0,0
15.0000000000001,0,0,0,0,0,0,0,0,0,0,0
15.0500000000001,0,0,0,0,0,0,0,0,0,0,0
15.100000000000101,0,0,0,0,0,0,0,0,0,0,0
15.150000000000102,0,0,0,0,0,0,0,0,0,0,0
15.200000000000102,0,0,0,0,0,0,0,0,0,0,0
15.250000000000103,0,0,0,0,0,0,0,0,0,0,0
15.300000000000104,0,0,0,0,0,0,0,0,0,0,0
15.350000000000104,0,0,0,0,0,0,0,0,0,0,0
15.400000000000105,0,0,0,0,0,0,0,0,0,0,0
15.450000000000106,0,0,0,0,0,0,0,0,0,0,0
15.500000000000107,0,0,0,0,0,0,0,0,0,0,0
15.550000000000107,0,0,0,0,0,0,0,0,0,0,0
15.600000000000108,0,0,0,0,0,0,0,0,0,0,0
15.650000000000109,0,0,0,0,0,0,0,0,0,0,0
15.70000000000011,0,0,0,0,0,0,0,0,0,0,0
15.75000000000011,0,0,0,0,0,0,0,0,0,0,0
15.80000000000011,0,0,0,0,0,0,0,0,0,0,0
15.850000000000112,0,0,0,0,0,0,0,0,0,0,0
15.900000000000112,0,0,0,0,0,0,0,0,0,0,0
15.950000000000113,0,0,0,0,0,0,0,0,0,0,0
