*****
8,0.05,1000,0,1,10,100,0.85,1.0,0.75,1.0,0.1
8,1000,993,996,732,995,0,0,0,0,0,0
8.05,1054,1040,1049,729,1048,0,0,0,0,0,0
8.100000000000001,950,929,949,684,945,0,0,0,0,0,0
8.150000000000002,1048,1012,1043,786,1043,0,0,0,0,0,0
8.200000000000003,981,922,968,721,974,0,0,0,0,0,0
8.250000000000004,993,911,983,748,986,0,0,0,0,0,0
8.300000000000004,950,804,929,701,936,0,0,0,0,0,0
8.350000000000005,950,747,910,706,916,0,0,0,0,0,0
8.400000000000006,1012,730,931,767,955,0,0,0,0,0,0
8.450000000000006,971,586,864,713,881,0,0,0,0,0,0
8.500000000000007,997,491,815,744,840,0,0,0,0,0,0
8.550000000000008,1010,459,780,739,819,0,0,0,0,0,0
8.600000000000009,977,339,647,694,695,0,0,0,0,0,0
8.65000000000001,946,276,572,658,606,0,0,0,0,0,0
8.70000000000001,976,222,540,653,598,0,0,0,0,0,0
8.75000000000001,984,163,442,587,491,0,0,0,0,0,0
8.800000000000011,982,119,345,549,398,0,0,0,0,0,0
8.850000000000012,1010,72,281,505,326,0,0,0,0,0,0
8.900000000000013,1016,45,219,439,252,0,0,0,0,0,0
8.950000000000014,928,46,160,363,184,0,0,0,0,0,0
9.000000000000014,987,29,124,339,152,0,0,0,0,0,0
9.050000000000015,1001,21,88,284,109,0,0,0,0,0,0
9.100000000000016,990,9,71,232,90,0,0,0,0,0,0
9.150000000000016,1012,6,47,184,59,0,0,0,0,0,0
9.200000000000017,945,5,38,159,44,0,0,0,0,0,0
9.250000000000018,1037,2,24,135,29,0,0,0,0,0,0
9.300000000000018,1014,1,16,86,22,0,0,0,0,0,0
9.35000000000002,963,0,4,78,7,0,0,0,0,0,0
9.40000000000002,940,0,8,69,9,0,0,0,0,0,0
9.45000000000002,969,1,9,41,11,0,0,0,0,0,0
9.500000000000021,988,0,4,26,5,0,0,0,0,0,0
9.550000000000022,959,0,0,15,0,0,0,0,0,0,0
9.600000000000023,984,0,1,12,1,0,0,0,0,0,0
9.650000000000023,975,0,0,8,0,0,0,0,0,0,0
9.700000000000024,997,0,1,9,1,0,0,0,0,0,0
9.750000000000025,948,0,2,5,2,0,0,0,0,0,0
9.800000000000026,943,0,0,1,0,0,0,0,0,0,0
9.850000000000026,927,0,0,1,0,0,0,0,0,0,0
9.900000000000027,900,0,0,2,0,0,0,0,0,0,0
9.950000000000028,952,0,0,1,0,0,0,0,0,0,0
10.000000000000028,822,0,0,1,0,0,0,0,0,0,0
10.05000000000003,839,0,0,1,0,0,0,0,0,0,0
10.10000000000003,867,0,0,0,0,0,0,0,0,0,0
10.15000000000003,736,0,0,0,0,0,0,0,0,0,0
10.200000000000031,715,0,0,0,0,0,0,0,0,0,0
10.250000000000032,645,0,0,0,0,0,0,0,0,0,0
10.300000000000033,604,0,0,0,0,0,0,0,0,0,0
10.350000000000033,576,0,0,0,0,0,0,0,0,0,0
10.400000000000034,516,0,0,0,0,0,0,0,0,0,0
10.450000000000035,497,0,0,0,0,0,0,0,0,0,0
10.500000000000036,443,0,0,0,0,0,0,0,0,0,0
10.550000000000036,363,0,0,0,0,0,0,0,0,0,0
10.600000000000037,344,0,0,0,0,0,0,0,0,0,0
10.650000000000038,272,0,0,0,0,0,0,0,0,0,0
10.700000000000038,242,0,0,0,0,0,0,0,0,0,0
10.750000000000039,236,0,0,0,0,0,0,0,0,0,0
10.80000000000004,181,0,0,0,0,0,0,0,0,0,0
10.85000000000004,133,0,0,0,0,0,0,0,0,0,0
10.900000000000041,91,0,0,0,0,0,0,0,0,0,0
10.950000000000042,76,0,0,0,0,0,0,0,0,0,0
11.000000000000043,42,0,0,0,0,0,0,0,0,0,0
11.050000000000043,12,0,0,0,0,0,0,0,0,0,0
11.100000000000044,0,0,0,0,0,0,0,0,0,0,0
11.150000000000045,0,0,0,0,0,0,0,0,0,0,0
11.200000000000045,0,0,0,0,0,0,0,0,0,0,0
11.250000000000046,0,0,0,0,0,0,0,0,0,0,0
11.300000000000047,0,0,0,0,0,0,0,0,0,0,0
11.350000000000048,0,0,0,0,0,0,0,0,0,0,0
11.400000000000048,0,0,0,0,0,0,0,0,0,0,0
11.450000000000049,0,0,0,0,0,0,0,0,0,0,0
11.50000000000005,0,0,0,0,0,0,0,0,0,0,0
11.55000000000005,0,0,0,0,0,0,0,0,0,0,0
11.600000000000051,0,0,0,0,0,0,0,0,0,0,0
11.650000000000052,0,0,0,0,0,0,0,0,0,0,0
11.700000000000053,0,0,0,0,0,0,0,0,0,0,0
11.750000000000053,0,0,0,0,0,0,0,0,0,0,0
11.800000000000054,0,0,0,0,0,0,0,0,0,0,0
11.850000000000055,0,0,0,0,0,0,0,0,0,0,0
11.900000000000055,0,0,0,0,0,0,0,0,0,0,0
11.950000000000056,0,0,0,0,0,0,0,0,0,0,0
12.000000000000057,0,0,0,0,0,0,0,0,0,0,0
12.050000000000058,0,0,0,0,0,0,0,0,0,0,0
12.100000000000058,0,0,0,0,0,0,0,0,0,0,0
12.150000000000059,0,0,0,0,0,0,0,0,0,0,0
12.20000000000006,0,0,0,0,0,0,0,0,0,0,0
12.25000000000006,0,0,0,0,0,0,0,0,0,0,0
12.300000000000061,0,0,0,0,0,0,0,0,0,0,0
12.350000000000062,0,0,0,0,0,0,0,0,0,0,0
12.400000000000063,0,0,0,0,0,0,0,0,0,0,0
12.450000000000063,0,0,0,0,0,0,0,0,0,0,0
12.500000000000064,0,0,0,0,0,0,0,0,0,0,0
12.550000000000065,0,0,0,0,0,0,0,0,0,0,0
12.600000000000065,0,0,0,0,0,0,0,0,0,0,0
12.650000000000066,0,0,0,0,0,0,0,0,0,0,0
12.700000000000067,0,0,0,0,0,0,0,0,0,0,0
12.750000000000068,0,0,0,0,0,0,0,0,0,0,0
12.800000000000068,0,0,0,0,0,0,0,0,0,0,0
12.850000000000069,0,0,0,0,0,0,0,0,0,0,0
12.90000000000007,0,0,0,0,0,0,0,0,0,0,0
12.95000000000007,0,0,0,0,0,0,0,0,0,0,0
13.000000000000071,0,0,0,0,0,0,0,0,0,0,0
13.050000000000072,0,0,0,0,0,0,0,0,0,0,0
13.100000000000072,0,0,0,0,0,0,0,0,0,0,0
13.150000000000073,0,0,0,0,0,0,0,0,0,0,0
13.200000000000074,0,0,0,0,0,0,0,0,0,0,0
13.250000000000075,0,0,0,0,0,0,0,0,0,0,0
13.300000000000075,0,0,0,0,0,0,0,0,0,0,0
13.350000000000076,0,0,0,0,0,0,0,0,0,0,0
13.400000000000077,0,0,0,0,0,0,0,0,0,0,0
13.450000000000077,0,0,0,0,0,0,0,0,0,0,0
13.500000000000078,0,0,0,0,0,0,0,0,0,0,0
13.550000000000079,0,0,0,0,0,0,0,0,0,0,0
13.60000000000008,0,0,0,0,0,0,0,0,0,0,0
13.65000000000008,0,0,0,0,0,0,0,0,0,0,0
13.700000000000081,0,0,0,0,0,0,0,0,0,0,0
13.750000000000082,0,0,0,0,0,0,0,0,0,0,0
13.800000000000082,0,0,0,0,0,0,0,0,0,0,0
13.850000000000083,0,0,0,0,0,0,0,0,0,0,0
13.900000000000084,0,0,0,0,0,0,0,0,0,0,0
13.950000000000085,0,0,0,0,0,0,0,0,0,0,0
14.000000000000085,0,0,0,0,0,0,0,0,0,0,0
14.050000000000086,0,0,0,0,0,0,0,0,0,0,0
14.100000000000087,0,0,0,0,0,0,0,0,0,0,0
14.150000000000087,0,0,0,0,0,0,0,0,0,0,0
14.200000000000088,0,0,0,0,0,0,0,0,0,0,0
14.250000000000089,0,0,0,0,0,0,0,0,0,0,0
14.30000000000009,0,0,0,0,0,0,0,0,0,0,0
14.35000000000009,0,0,0,0,0,0,0,0,0,0,0
14.400000000000091,0,0,0,0,0,0,0,0,0,0,0
14.450000000000092,0,0,0,0,0,0,0,0,0,0,0
14.500000000000092,0,0,0,0,0,0,0,0,0,0,0
14.550000000000093,0,0,0,0,0,0,0,0,0,0,0
14.600000000000094,0,0,0,0,0,0,0,0,0,0,0
14.650000000000095,0,0,0,0,0,0,0,0,0,0,0
14.700000000000095,0,0,0,0,0,0,0,0,0,0,0
14.750000000000096,0,0,0,0,0,0,0,0,0,0,0
14.800000000000097,0,0,0,0,0,0,0,0,0,0,0
14.850000000000097,0,0,0,0,0,0,0,0,0,0,0
14.900000000000098,0,0,0,0,0,0,0,0,0,0,0
14.950000000000099,0,0,0,0,0,0,0,0,0,0,0
15.0000000000001,0,0,0,0,0,0,0,0,0,0,0
15.0500000000001,0,0,0,0,0,0,0,0,0,0,0
15.100000000000101,0,0,0,0,0,0,0,0,0,0,0
15.150000000000102,0,0,0,0,0,0,0,0,0,0,0
15.200000000000102,0,0,0,0,0,0,0,0,0,0,0
15.250000000000103,0,0,0,0,0,0,0,0,0,0,0
15.300000000000104,0,0,0,0,0,0,0,0,0,0,0
15.350000000000104,0,0,0,0,0,0,0,0,0,0,0
15.400000000000105,0,0,0,0,0,0,0,0,0,0,0
15.450000000000106,0,0,0,0,0,0,0,0,0,0,0
15.500000000000107,0,0,0,0,0,0,0,0,0,0,0
15.550000000000107,0,0,0,0,0,0,0,0,0,0,0
15.600000000000108,0,0,0,0,0,0,0,0,0,0,0
15.650000000000109,0,0,0,0,0,0,0,0,0,0,0
15.70000000000011,0,0,0,0,0,0,0,0,0,0,0
15.75000000000011,0,0,0,0,0,0,0,0,0,0,0
15.80000000000011,0,0,0,0,0,0,0,0,0,0,0
15.850000000000112,0,0,0,0,0,0,0,0,0,0,0
15.900000000000112,0,0,0,0,0,0,0,0,0,0,0
15.950000000000113,0,0,0,0,0,0,0,0,0,0,0
*****
8,0.05,1000,0,0.4,10,100,0.85,1.0,0.75,1.0,0.1
8,1000,1000,998,1000,1000,0,0,0,0,0,0
8.05,1015,1015,1011,1015,1015,0,0,0,0,0,0
8.100000000000001,945,945,941,945,945,0,0,0,0,0,0
8.150000000000002,1043,1043,1037,1043,1043,0,0,0,0,0,0
8.200000000000003,987,987,972,987,987,0,0,0,0,0,0
8.250000000000004,978,978,951,978,978,0,0,0,0,0,0
8.300000000000004,988,988,940,988,988,0,0,0,0,0,0
8.350000000000005,958,958,893,958,958,0,0,0,0,0,0
8.400000000000006,1008,1008,909,1008,1008,0,0,0,0,0,0
8.450000000000006,943,933,807,943,943,0,0,0,0,0,0
8.500000000000007,988,970,784,988,988,0,0,0,0,0,0
8.550000000000008,946,894,692,946,942,0,0,0,0,0,0
8.600000000000009,999,935,636,999,994,0,0,0,0,0,0
8.65000000000001,1007,843,544,1007,989,0,0,0,0,0,0
8.70000000000001,988,756,445,988,958,0,0,0,0,0,0
8.75000000000001,1026,681,405,1026,930,0,0,0,0,0,0
8.800000000000011,951,480,265,950,800,0,0,0,0,0,0
8.850000000000012,985,397,220,985,741,0,0,0,0,0,0
8.900000000000013,985,298,173,984,638,0,0,0,0,0,0
8.950000000000014,988,214,123,984,492,0,0,0,0,0,0
9.000000000000014,997,137,67,979,371,0,0,0,0,0,0
9.050000000000015,1030,100,51,995,287,0,0,0,0,0,0
9.100000000000016,985,61,30,934,190,0,0,0,0,0,0
9.150000000000016,954,30,22,854,119,0,0,0,0,0,0
9.200000000000017,938,18,12,785,77,0,0,0,0,0,0
9.250000000000018,948,7,3,660,39,0,0,0,0,0,0
9.300000000000018,972,7,2,582,23,0,0,0,0,0,0
9.35000000000002,1022,1,0,504,15,0,0,0,0,0,0
9.40000000000002,985,1,1,356,6,0,0,0,0,0,0
9.45000000000002,967,0,0,252,4,0,0,0,0,0,0
9.500000000000021,1056,0,0,184,1,0,0,0,0,0,0
9.550000000000022,943,0,0,117,0,0,0,0,0,0,0
9.600000000000023,961,0,0,61,0,0,0,0,0,0,0
9.650000000000023,1049,0,0,43,0,0,0,0,0,0,0
9.700000000000024,960,0,0,16,0,0,0,0,0,0,0
9.750000000000025,955,0,0,11,0,0,0,0,0,0,0
9.800000000000026,945,0,0,6,0,0,0,0,0,0,0
9.850000000000026,899,0,0,1,0,0,0,0,0,0,0
9.900000000000027,752,0,0,0,0,0,0,0,0,0,0
9.950000000000028,665,0,0,0,0,0,0,0,0,0,0
10.000000000000028,542,0,0,0,0,0,0,0,0,0,0
10.05000000000003,419,0,0,0,0,0,0,0,0,0,0
10.10000000000003,298,0,0,0,0,0,0,0,0,0,0
10.15000000000003,173,0,0,0,0,0,0,0,0,0,0
10.200000000000031,85,0,0,0,0,0,0,0,0,0,0
10.250000000000032,23,0,0,0,0,0,0,0,0,0,0
10.300000000000033,0,0,0,0,0,0,0,0,0,0,0
10.350000000000033,0,0,0,0,0,0,0,0,0,0,0
10.400000000000034,0,0,0,0,0,0,0,0,0,0,0
10.450000000000035,0,0,0,0,0,0,0,0,0,0,0
10.500000000000036,0,0,0,0,0,0,0,0,0,0,0
10.550000000000036,0,0,0,0,0,0,0,0,0,0,0
10.600000000000037,0,0,0,0,0,0,0,0,0,0,0
10.650000000000038,0,0,0,0,0,0,0,0,0,0,0
10.700000000000038,0,0,0,0,0,0,0,0,0,0,0
10.750000000000039,0,0,0,0,0,0,0,0,0,0,0
10.80000000000004,0,0,0,0,0,0,0,0,0,0,0
10.85000000000004,0,0,0,0,0,0,0,0,0,0,0
10.900000000000041,0,0,0,0,0,0,0,0,0,0,0
10.950000000000042,0,0,0,0,0,0,0,0,0,0,0
11.000000000000043,0,0,0,0,0,0,0,0,0,0,0
11.050000000000043,0,0,0,0,0,0,0,0,0,0,0
11.100000000000044,0,0,0,0,0,0,0,0,0,0,0
11.150000000000045,0,0,0,0,0,0,0,0,0,0,0
11.200000000000045,0,0,0,0,0,0,0,0,0,0,0
11.250000000000046,0,0,0,0,0,0,0,0,0,0,0
11.300000000000047,0,0,0,0,0,0,0,0,0,0,0
11.350000000000048,0,0,0,0,0,0,0,0,0,0,0
11.400000000000048,0,0,0,0,0,0,0,0,0,0,0
11.450000000000049,0,0,0,0,0,0,0,0,0,0,0
11.50000000000005,0,0,0,0,0,0,0,0,0,0,0
11.55000000000005,0,0,0,0,0,0,0,0,0,0,0
11.600000000000051,0,0,0,0,0,0,0,0,0,0,0
11.650000000000052,0,0,0,0,0,0,0,0,0,0,0
11.700000000000053,0,0,0,0,0,0,0,0,0,0,0
11.750000000000053,0,0,0,0,0,0,0,0,0,0,0
11.800000000000054,0,0,0,0,0,0,0,0,0,0,0
11.850000000000055,0,0,0,0,0,0,0,0,0,0,0
11.900000000000055,0,0,0,0,0,0,0,0,0,0,0
11.950000000000056,0,0,0,0,0,0,0,0,0,0,0
12.000000000000057,0,0,0,0,0,0,0,0,0,0,0
12.050000000000058,0,0,0,0,0,0,0,0,0,0,0
12.100000000000058,0,0,0,0,0,0,0,0,0,0,0
12.150000000000059,0,0,0,0,0,0,0,0,0,0,0
12.20000000000006,0,0,0,0,0,0,0,0,0,0,0
12.25000000000006,0,0,0,0,0,0,0,0,0,0,0
12.300000000000061,0,0,0,0,0,0,0,0,0,0,0
12.350000000000062,0,0,0,0,0,0,0,0,0,0,0
12.400000000000063,0,0,0,0,0,0,0,0,0,0,0
12.450000000000063,0,0,0,0,0,0,0,0,0,0,0
12.500000000000064,0,0,0,0,0,0,0,0,0,0,0
12.550000000000065,0,0,0,0,0,0,0,0,0,0,0
12.600000000000065,0,0,0,0,0,0,0,0,0,0,0
12.650000000000066,0,0,0,0,0,0,0,0,0,0,0
12.700000000000067,0,0,0,0,0,0,0,0,0,0,0
12.750000000000068,0,0,0,0,0,0,0,0,0,0,0
12.800000000000068,0,0,0,0,0,0,0,0,0,0,0
12.850000000000069,0,0,0,0,0,0,0,0,0,0,0
12.90000000000007,0,0,0,0,0,0,0,0,0,0,0
12.95000000000007,0,0,0,0,0,0,0,0,0,0,0
13.000000000000071,0,0,0,0,0,0,0,0,0,0,0
13.050000000000072,0,0,0,0,0,0,0,0,0,0,0
13.100000000000072,0,0,0,0,0,0,0,0,0,0,0
13.150000000000073,0,0,0,0,0,0,0,0,0,0,0
13.200000000000074,0,0,0,0,0,0,0,0,0,0,0
13.250000000000075,0,0,0,0,0,0,0,0,0,0,0
13.300000000000075,0,0,0,0,0,0,0,0,0,0,0
13.350000000000076,0,0,0,0,0,0,0,0,0,0,0
13.400000000000077,0,0,0,0,0,0,0,0,0,0,0
13.450000000000077,0,0,0,0,0,0,0,0,0,0,0
13.500000000000078,0,0,0,0,0,0,0,0,0,0,0
13.550000000000079,0,0,0,0,0,0,0,0,0,0,0
13.60000000000008,0,0,0,0,0,0,0,0,0,0,0
13.65000000000008,0,0,0,0,0,0,0,0,0,0,0
13.700000000000081,0,0,0,0,0,0,0,0,0,0,0
13.750000000000082,0,0,0,0,0,0,0,0,0,0,0
13.800000000000082,0,0,0,0,0,0,0,0,0,0,0
13.850000000000083,0,0,0,0,0,0,0,0,0,0,0
13.900000000000084,0,0,0,0,0,0,0,0,0,0,0
13.950000000000085,0,0,0,0,0,0,0,0,0,0,0
14.000000000000085,0,0,0,0,0,0,0,0,0,0,0
14.050000000000086,0,0,0,0,0,0,0,0,0,0,0
14.100000000000087,0,0,0,0,0,0,0,0,0,0,0
14.150000000000087,0,0,0,0,0,0,0,0,0,0,0
14.200000000000088,0,0,0,0,0,0,0,0,0,0,0
14.250000000000089,0,0,0,0,0,0,0,0,0,0,0
14.30000000000009,0,0,0,0,0,0,0,0,0,0,0
14.35000000000009,0,0,0,0,0,0,0,0,0,0,0
14.400000000000091,0,0,0,0,0,0,0,0,0,0,0
14.450000000000092,0,0,0,0,0,0,0,0,0,0,0
14.500000000000092,0,0,0,0,0,0,0,0,0,0,0
14.550000000000093,0,0,0,0,0,0,0,0,0,0,0
14.600000000000094,0,0,0,0,0,0,0,0,0,0,0
14.650000000000095,0,0,0,0,0,0,0,0,0,0,0
14.700000000000095,0,0,0,0,0,0,0,0,0,0,0
14.750000000000096,0,0,0,0,0,0,0,0,0,0,0
14.800000000000097,0,0,0,0,0,0,0,0,0,0,0
14.850000000000097,0,0,0,0,0,0,0,0,0,0,0
14.900000000000098,0,0,0,0,0,0,0,0,0,0,0
14.950000000000099,0,0,0,0,0,0,0,0,0,0,0
15.0000000000001,0,0,0,0,0,0,0,0,0,0,0
15.0500000000001,0,0,0,0,0,0,0,0,0,0,0
15.100000000000101,0,0,0,0,0,0,0,0,0,0,0
15.150000000000102,0,0,0,0,0,0,0,0,0,0,0
15.200000000000102,0,0,0,0,0,0,0,0,0,0,0
15.250000000000103,0,0,0,0,0,0,0,0,0,0,0
15.300000000000104,0,0,0,0,0,0,0,0,0,0,0
15.350000000000104,0,0,0,0,0,0,0,0,0,0,0
15.400000000000105,0,0,0,0,0,0,0,0,0,0,0
15.450000000000106,0,0,0,0,0,0,0,0,0,0,0
15.500000000000107,0,0,0,0,0,0,0,0,0,0,0
15.550000000000107,0,0,0,0,0,0,0,0,0,0,0
15.600000000000108,0,0,0,0,0,0,0,0,0,0,0
15.650000000000109,0,0,0,0,0,0,0,0,0,0,0
15.70000000000011,0,0,0,0,0,0,0,0,0,0,0
15.75000000000011,0,0,0,0,0,0,0,0,0,0,0
15.80000000000011,0,0,0,0,0,0,0,0,0,0,0
15.850000000000112,0,0,0,0,0,0,0,0,0,0,0
15.900000000000112,0,0,0,0,0,0,0,0,0,0,0
15.950000000000113,0,0,0,0,0,0,0,0,0,0,0
*****
8,0.05,1000,0.3,0.7,10,100,0.85,1.0,0.75,1.0,0.1
8,1000,999,1000,994,1000,0,0,0,0,0,0
8.05,1038,1035,1038,1030,1038,0,0,0,0,0,0
8.100000000000001,976,973,976,973,976,0,0,0,0,0,0
8.150000000000002,1092,1091,1092,1089,1092,0,0,0,0,0,0
8.200000000000003,993,992,993,988,993,0,0,0,0,0,0
8.250000000000004,1067,1067,1067,1063,1067,0,0,0,0,0,0
8.300000000000004,1050,1045,1050,1046,1050,0,0,0,0,0,0
8.350000000000005,1071,1068,1071,1065,1071,0,0,0,0,0,0
8.400000000000006,1004,998,1003,999,1003,0,0,0,0,0,0
8.450000000000006,1006,994,1005,1005,1005,0,0,0,0,0,0
8.500000000000007,1007,984,1006,1004,1006,0,0,0,0,0,0
8.550000000000008,986,945,984,986,986,0,0,0,0,0,0
8.600000000000009,1001,940,993,1000,999,0,0,0,0,0,0
8.65000000000001,1004,926,991,1003,997,0,0,0,0,0,0
8.70000000000001,1081,948,1059,1076,1070,0,0,0,0,0,0
8.75000000000001,1021,862,997,1017,1005,0,0,0,0,0,0
8.800000000000011,1050,837,1010,1048,1028,0,0,0,0,0,0
8.850000000000012,1063,814,993,1060,1025,0,0,0,0,0,0
8.900000000000013,1042,698,916,1037,975,0,0,0,0,0,0
8.950000000000014,1009,631,879,1005,926,0,0,0,0,0,0
9.000000000000014,1008,533,823,994,886,0,0,0,0,0,0
9.050000000000015,1027,472,791,1012,851,0,0,0,0,0,0
9.100000000000016,1032,460,756,995,810,0,0,0,0,0,0
9.150000000000016,1018,351,655,963,735,0,0,0,0,0,0
9.200000000000017,1011,320,602,938,661,0,0,0,0,0,0
9.250000000000018,1054,266,532,948,594,0,0,0,0,0,0
9.300000000000018,1019,192,428,873,492,0,0,0,0,0,0
9.35000000000002,1022,191,418,850,458,0,0,0,0,0,0
9.40000000000002,1003,137,322,780,369,0,0,0,0,0,0
9.45000000000002,1106,138,307,763,344,0,0,0,0,0,0
9.500000000000021,1047,91,215,679,253,0,0,0,0,0,0
9.550000000000022,1037,64,177,573,207,0,0,0,0,0,0
9.600000000000023,988,48,137,493,161,0,0,0,0,0,0
9.650000000000023,1028,35,111,456,136,0,0,0,0,0,0
9.700000000000024,985,17,62,324,79,0,0,0,0,0,0
9.750000000000025,1034,14,62,280,72,0,0,0,0,0,0
9.800000000000026,1013,22,41,248,53,0,0,0,0,0,0
9.850000000000026,1019,12,44,194,48,0,0,0,0,0,0
9.900000000000027,1041,5,27,149,31,0,0,0,0,0,0
9.950000000000028,1065,5,15,113,20,0,0,0,0,0,0
10.000000000000028,1024,1,10,64,9,0,0,0,0,0,0
10.05000000000003,1005,2,9,49,11,0,0,0,0,0,0
10.10000000000003,1059,3,6,41,6,0,0,0,0,0,0
10.15000000000003,996,3,6,30,7,0,0,0,0,0,0
10.200000000000031,1051,0,1,13,1,0,0,0,0,0,0
10.250000000000032,999,1,1,15,2,0,0,0,0,0,0
10.300000000000033,982,0,0,3,0,0,0,0,0,0,0
10.350000000000033,1064,1,1,5,1,0,0,0,0,0,0
10.400000000000034,1049,1,1,2,1,0,0,0,0,0,0
10.450000000000035,1017,0,0,2,0,0,0,0,0,0,0
10.500000000000036,1009,0,0,1,0,0,0,0,0,0,0
10.550000000000036,971,0,0,0,0,0,0,0,0,0,0
10.600000000000037,985,0,0,1,0,0,0,0,0,0,0
10.650000000000038,950,0,0,0,0,0,0,0,0,0,0
10.700000000000038,996,0,0,0,0,0,0,0,0,0,0
10.750000000000039,904,0,0,0,0,0,0,0,0,0,0
10.80000000000004,830,0,0,0,0,0,0,0,0,0,0
10.85000000000004,812,0,0,0,0,0,0,0,0,0,0
10.900000000000041,608,0,0,0,0,0,0,0,0,0,0
10.950000000000042,508,0,0,0,0,0,0,0,0,0,0
11.000000000000043,418,0,0,0,0,0,0,0,0,0,0
11.050000000000043,273,0,0,0,0,0,0,0,0,0,0
11.100000000000044,163,0,0,0,0,0,0,0,0,0,0
11.150000000000045,96,0,0,0,0,0,0,0,0,0,0
11.200000000000045,35,0,0,0,0,0,0,0,0,0,0
11.250000000000046,5,0,0,0,0,0,0,0,0,0,0
11.300000000000047,1,0,0,0,0,0,0,0,0,0,0
11.350000000000048,0,0,0,0,0,0,0,0,0,0,0
11.400000000000048,0,0,0,0,0,0,0,0,0,0,0
11.450000000000049,0,0,0,0,0,0,0,0,0,0,0
11.50000000000005,0,0,0,0,0,0,0,0,0,0,0
11.55000000000005,0,0,0,0,0,0,0,0,0,0,0
11.600000000000051,0,0,0,0,0,0,0,0,0,0,0
11.650000000000052,0,0,0,0,0,0,0,0,0,0,0
11.700000000000053,0,0,0,0,0,0,0,0,0,0,0
11.750000000000053,0,0,0,0,0,0,0,0,0,0,0
11.800000000000054,0,0,0,0,0,0,0,0,0,0,0
11.850000000000055,0,0,0,0,0,0,0,0,0,0,0
11.900000000000055,0,0,0,0,0,0,0,0,0,0,0
11.950000000000056,0,0,0,0,0,0,0,0,0,0,0
12.000000000000057,0,0,0,0,0,0,0,0,0,0,0
12.050000000000058,0,0,0,0,0,0,0,0,0,0,0
12.100000000000058,0,0,0,0,0,0,0,0,0,0,0
12.150000000000059,0,0,0,0,0,0,0,0,0,0,0
12.20000000000006,0,0,0,0,0,0,0,0,0,0,0
12.25000000000006,0,0,0,0,0,0,0,0,0,0,0
12.300000000000061,0,0,0,0,0,0,0,0,0,0,0
12.350000000000062,0,0,0,0,0,0,0,0,0,0,0
12.400000000000063,0,0,0,0,0,0,0,0,0,0,0
12.450000000000063,0,0,0,0,0,0,0,0,0,0,0
12.500000000000064,0,0,0,0,0,0,0,0,0,0,0
12.550000000000065,0,0,0,0,0,0,0,0,0,0,0
12.600000000000065,0,0,0,0,0,0,0,0,0,0,0
12.650000000000066,0,0,0,0,0,0,0,0,0,0,0
12.700000000000067,0,0,0,0,0,0,0,0,0,0,0
12.750000000000068,0,0,0,0,0,0,0,0,0,0,0
12.800000000000068,0,0,0,0,0,0,0,0,0,0,0
12.850000000000069,0,0,0,0,0,0,0,0,0,0,0
12.90000000000007,0,0,0,0,0,0,0,0,0,0,0
12.95000000000007,0,0,0,0,0,0,0,0,0,0,0
13.000000000000071,0,0,0,0,0,0,0,0,0,0,0
13.050000000000072,0,0,0,0,0,0,0,0,0,0,0
13.100000000000072,0,0,0,0,0,0,0,0,0,0,0
13.150000000000073,0,0,0,0,0,0,0,0,0,0,0
13.200000000000074,0,0,0,0,0,0,0,0,0,0,0
13.250000000000075,0,0,0,0,0,0,0,0,0,0,0
13.300000000000075,0,0,0,0,0,0,0,0,0,0,0
13.350000000000076,0,0,0,0,0,0,0,0,0,0,0
13.400000000000077,0,0,0,0,0,0,0,0,0,0,0
13.450000000000077,0,0,0,0,0,0,0,0,0,0,0
13.500000000000078,0,0,0,0,0,0,0,0,0,0,0
13.550000000000079,0,0,0,0,0,0,0,0,0,0,0
13.60000000000008,0,0,0,0,0,0,0,0,0,0,0
13.65000000000008,0,0,0,0,0,0,0,0,0,0,0
13.700000000000081,0,0,0,0,0,0,0,0,0,0,0
13.750000000000082,0,0,0,0,0,0,0,0,0,0,0
13.800000000000082,0,0,0,0,0,0,0,0,0,0,0
13.850000000000083,0,0,0,0,0,0,0,0,0,0,0
13.900000000000084,0,0,0,0,0,0,0,0,0,0,0
13.950000000000085,0,0,0,0,0,0,0,0,0,0,0
14.000000000000085,0,0,0,0,0,0,0,0,0,0,0
14.050000000000086,0,0,0,0,0,0,0,0,0,0,0
14.100000000000087,0,0,0,0,0,0,0,0,0,0,0
14.150000000000087,0,0,0,0,0,0,0,0,0,0,0
14.200000000000088,0,0,0,0,0,0,0,0,0,0,0
14.250000000000089,0,0,0,0,0,0,0,0,0,0,0
14.30000000000009,0,0,0,0,0,0,0,0,0,0,0
14.35000000000009,0,0,0,0,0,0,0,0,0,0,0
14.400000000000091,0,0,0,0,0,0,0,0,0,0,0
14.450000000000092,0,0,0,0,0,0,0,0,0,0,0
14.500000000000092,0,0,0,0,0,0,0,0,0,0,0
14.550000000000093,0,0,0,0,0,0,0,0,0,0,0
14.600000000000094,0,0,0,0,0,0,0,0,0,0,0
14.650000000000095,0,0,0,0,0,0,0,0,0,0,0
14.700000000000095,0,0,0,0,0,0,0,0,0,0,0
14.750000000000096,0,0,0,0,0,0,0,0,0,0,0
14.800000000000097,0,0,0,0,0,0,0,0,0,0,0
14.850000000000097,0,0,0,0,0,0,0,0,0,0,0
14.900000000000098,0,0,0,0,0,0,0,0,0,0,0
14.950000000000099,0,0,0,0,0,0,0,0,0,0,0
15.0000000000001,0,0,0,0,0,0,0,0,0,0,0
15.0500000000001,0,0,0,0,0,0,0,0,0,0,0
15.100000000000101,0,0,0,0,0,0,0,0,0,0,0
15.150000000000102,0,0,0,0,0,0,0,0,0,0,0
15.200000000000102,0,0,0,0,0,0,0,0,0,0,0
15.250000000000103,0,0,0,0,0,0,0,0,0,0,0
15.300000000000104,0,0,0,0,0,0,0,0,0,0,0
15.350000000000104,0,0,0,0,0,0,0,0,0,0,0
15.400000000000105,0,0,0,0,0,0,0,0,0,0,0
15.450000000000106,0,0,0,0,0,0,0,0,0,0,0
15.500000000000107,0,0,0,0,0,0,0,0,0,0,0
15.550000000000107,0,0,0,0,0,0,0,0,0,0,0
15.600000000000108,0,0,0,0,0,0,0,0,0,0,0
15.650000000000109,0,0,0,0,0,0,0,0,0,0,0
15.70000000000011,0,0,0,0,0,0,0,0,0,0,0
15.75000000000011,0,0,0,0,0,0,0,0,0,0,0
15.80000000000011,0,0,0,0,0,0,0,0,0,0,0
15.850000000000112,0,0,0,0,0,0,0,0,0,0,0
15.900000000000112,0,0,0,0,0,0,0,0,0,0,0
15.950000000000113,0,0,0,0,0,0,0,0,0,0,0
*****
8,0.05,1000,0.6,1,10,100,0.85,1.0,0.75,1.0,0.1
8,1000,53,143,72,143,0,0,0,0,0,0
8.05,1005,37,131,81,131,0,0,0,0,0,0
8.100000000000001,920,39,120,80,120,0,0,0,0,0,0
8.150000000000002,981,26,133,119,133,0,0,0,0,0,0
8.200000000000003,935,29,128,132,128,0,0,0,0,0,0
8.250000000000004,971,80,122,135,122,0,0,0,0,0,0
8.300000000000004,909,78,110,166,110,0,0,0,0,0,0
8.350000000000005,966,78,110,185,110,0,0,0,0,0,0
8.400000000000006,966,33,120,176,120,0,0,0,0,0,0
8.450000000000006,969,13,111,215,111,0,0,0,0,0,0
8.500000000000007,945,6,82,227,82,0,0,0,0,0,0
8.550000000000008,1036,9,91,256,91,0,0,0,0,0,0
8.600000000000009,951,16,92,248,92,0,0,0,0,0,0
8.65000000000001,971,15,94,293,94,0,0,0,0,0,0
8.70000000000001,915,12,97,287,97,0,0,0,0,0,0
8.75000000000001,1024,7,120,238,120,0,0,0,0,0,0
8.800000000000011,964,5,94,151,94,0,0,0,0,0,0
8.850000000000012,978,3,97,121,97,0,0,0,0,0,0
8.900000000000013,958,1,88,67,88,0,0,0,0,0,0
8.950000000000014,972,2,70,64,70,0,0,0,0,0,0
9.000000000000014,995,1,71,75,71,0,0,0,0,0,0
9.050000000000015,941,0,47,56,47,0,0,0,0,0,0
9.100000000000016,947,0,31,50,31,0,0,0,0,0,0
9.150000000000016,1017,0,23,62,23,0,0,0,0,0,0
9.200000000000017,901,0,27,44,27,0,0,0,0,0,0
9.250000000000018,953,0,21,41,21,0,0,0,0,0,0
9.300000000000018,956,0,20,21,20,0,0,0,0,0,0
9.35000000000002,974,0,13,18,13,0,0,0,0,0,0
9.40000000000002,935,0,14,10,14,0,0,0,0,0,0
9.45000000000002,975,0,8,4,8,0,0,0,0,0,0
9.500000000000021,974,0,4,4,4,0,0,0,0,0,0
9.550000000000022,963,0,3,3,3,0,0,0,0,0,0
9.600000000000023,956,0,2,1,2,0,0,0,0,0,0
9.650000000000023,959,0,1,0,1,0,0,0,0,0,0
9.700000000000024,968,0,2,0,2,0,0,0,0,0,0
9.750000000000025,977,0,1,0,1,0,0,0,0,0,0
9.800000000000026,956,0,1,0,1,0,0,0,0,0,0
9.850000000000026,928,0,0,1,0,0,0,0,0,0,0
9.900000000000027,1005,0,0,0,0,0,0,0,0,0,0
9.950000000000028,868,0,0,0,0,0,0,0,0,0,0
10.000000000000028,962,0,0,0,0,0,0,0,0,0,0
10.05000000000003,880,0,0,0,0,0,0,0,0,0,0
10.10000000000003,931,0,0,1,0,0,0,0,0,0,0
10.15000000000003,896,0,0,0,0,0,0,0,0,0,0
10.200000000000031,914,0,0,0,0,0,0,0,0,0,0
10.250000000000032,796,0,0,0,0,0,0,0,0,0,0
10.300000000000033,760,0,1,0,1,0,0,0,0,0,0
10.350000000000033,689,0,0,0,0,0,0,0,0,0,0
10.400000000000034,560,0,0,0,0,0,0,0,0,0,0
10.450000000000035,490,0,0,0,0,0,0,0,0,0,0
10.500000000000036,414,0,0,0,0,0,0,0,0,0,0
10.550000000000036,315,0,0,0,0,0,0,0,0,0,0
10.600000000000037,222,0,0,0,0,0,0,0,0,0,0
10.650000000000038,166,0,0,0,0,0,0,0,0,0,0
10.700000000000038,132,0,0,0,0,0,0,0,0,0,0
10.750000000000039,113,0,0,0,0,0,0,0,0,0,0
10.80000000000004,88,0,0,0,0,0,0,0,0,0,0
10.85000000000004,33,0,0,0,0,0,0,0,0,0,0
10.900000000000041,43,0,0,0,0,0,0,0,0,0,0
10.950000000000042,98,0,0,0,0,0,0,0,0,0,0
11.000000000000043,94,0,0,0,0,0,0,0,0,0,0
11.050000000000043,97,0,0,0,0,0,0,0,0,0,0
11.100000000000044,85,0,0,0,0,0,0,0,0,0,0
11.150000000000045,88,0,0,0,0,0,0,0,0,0,0
11.200000000000045,102,0,0,0,0,0,0,0,0,0,0
11.250000000000046,120,0,0,0,0,0,0,0,0,0,0
11.300000000000047,43,0,0,0,0,0,0,0,0,0,0
11.350000000000048,0,0,0,0,0,0,0,0,0,0,0
11.400000000000048,0,0,0,0,0,0,0,0,0,0,0
11.450000000000049,0,0,0,0,0,0,0,0,0,0,0
11.50000000000005,0,0,0,0,0,0,0,0,0,0,0
11.55000000000005,0,0,0,0,0,0,0,0,0,0,0
11.600000000000051,0,0,0,0,0,0,0,0,0,0,0
11.650000000000052,0,0,0,0,0,0,0,0,0,0,0
11.700000000000053,0,0,0,0,0,0,0,0,0,0,0
11.750000000000053,0,0,0,0,0,0,0,0,0,0,0
11.800000000000054,0,0,0,0,0,0,0,0,0,0,0
11.850000000000055,0,0,0,0,0,0,0,0,0,0,0
11.900000000000055,0,0,0,0,0,0,0,0,0,0,0
11.950000000000056,0,0,0,0,0,0,0,0,0,0,0
12.000000000000057,0,0,0,0,0,0,0,0,0,0,0
12.050000000000058,0,0,0,0,0,0,0,0,0,0,0
12.100000000000058,0,0,0,0,0,0,0,0,0,0,0
12.150000000000059,0,0,0,0,0,0,0,0,0,0,0
12.20000000000006,0,0,0,0,0,0,0,0,0,0,0
12.25000000000006,0,0,0,0,0,0,0,0,0,0,0
12.300000000000061,0,0,0,0,0,0,0,0,0,0,0
12.350000000000062,0,0,0,0,0,0,0,0,0,0,0
12.400000000000063,0,0,0,0,0,0,0,0,0,0,0
12.450000000000063,0,0,0,0,0,0,0,0,0,0,0
12.500000000000064,0,0,0,0,0,0,0,0,0,0,0
12.550000000000065,0,0,0,0,0,0,0,0,0,0,0
12.600000000000065,0,0,0,0,0,0,0,0,0,0,0
12.650000000000066,0,0,0,0,0,0,0,0,0,0,0
12.700000000000067,0,0,0,0,0,0,0,0,0,0,0
12.750000000000068,0,0,0,0,0,0,0,0,0,0,0
12.800000000000068,0,0,0,0,0,0,0,0,0,0,0
12.850000000000069,0,0,0,0,0,0,0,0,0,0,0
12.90000000000007,0,0,0,0,0,0,0,0,0,0,0
12.95000000000007,0,0,0,0,0,0,0,0,0,0,0
13.000000000000071,0,0,0,0,0,0,0,0,0,0,0
13.050000000000072,0,0,0,0,0,0,0,0,0,0,0
13.100000000000072,0,0,0,0,0,0,0,0,0,0,0
13.150000000000073,0,0,0,0,0,0,0,0,0,0,0
13.200000000000074,0,0,0,0,0,0,0,0,0,0,0
13.250000000000075,0,0,0,0,0,0,0,0,0,0,0
13.300000000000075,0,0,0,0,0,0,0,0,0,0,0
13.350000000000076,0,0,0,0,0,0,0,0,0,0,0
13.400000000000077,0,0,0,0,0,0,0,0,0,0,0
13.450000000000077,0,0,0,0,0,0,0,0,0,0,0
13.500000000000078,0,0,0,0,0,0,0,0,0,0,0
13.550000000000079,0,0,0,0,0,0,0,0,0,0,0
13.60000000000008,0,0,0,0,0,0,0,0,0,0,0
13.65000000000008,0,0,0,0,0,0,0,0,0,0,0
13.700000000000081,0,0,0,0,0,0,0,0,0,0,0
13.750000000000082,0,0,0,0,0,0,0,0,0,0,0
13.800000000000082,0,0,0,0,0,0,0,0,0,0,0
13.850000000000083,0,0,0,0,0,0,0,0,0,0,0
13.900000000000084,0,0,0,0,0,0,0,0,0,0,0
13.950000000000085,0,0,0,0,0,0,0,0,0,0,0
14.000000000000085,0,0,0,0,0,0,0,0,0,0,0
14.050000000000086,0,0,0,0,0,0,0,0,0,0,0
14.100000000000087,0,0,0,0,0,0,0,0,0,0,0
14.150000000000087,0,0,0,0,0,0,0,0,0,0,0
14.200000000000088,0,0,0,0,0,0,0,0,0,0,0
14.250000000000089,0,0,0,0,0,0,0,0,0,0,0
14.30000000000009,0,0,0,0,0,0,0,0,0,0,0
14.35000000000009,0,0,0,0,0,0,0,0,0,0,0
14.400000000000091,0,0,0,0,0,0,0,0,0,0,0
14.450000000000092,0,0,0,0,0,0,0,0,0,0,0
14.500000000000092,0,0,0,0,0,0,0,0,0,0,0
14.550000000000093,0,0,0,0,0,0,0,0,0,0,0
14.600000000000094,0,0,0,0,0,0,0,0,0,0,0
14.650000000000095,0,0,0,0,0,0,0,0,0,0,0
14.700000000000095,0,0,0,0,0,0,0,0,0,0,0
14.750000000000096,0,0,0,0,0,0,0,0,0,0,0
14.800000000000097,0,0,0,0,0,0,0,0,0,0,0
14.850000000000097,0,0,0,0,0,0,0,0,0,0,0
14.900000000000098,0,0,0,0,0,0,0,0,0,0,0
14.950000000000099,0,0,0,0,0,0,0,0,0,0,0
15.0000000000001,0,0,0,0,0,0,0,0,0,0,0
15.0500000000001,0,0,0,0,0,0,0,0,0,0,0
15.100000000000101,0,0,0,0,0,0,0,0,0,0,0
15.150000000000102,0,0,0,0,0,0,0,0,0,0,0
15.200000000000102,0,0,0,0,0,0,0,0,0,0,0
15.250000000000103,0,0,0,0,0,0,0,0,0,0,0
15.300000000000104,0,0,0,0,0,0,0,0,0,0,0
15.350000000000104,0,0,0,0,0,0,0,0,0,0,0
15.400000000000105,0,0,0,0,0,0,0,0,0,0,0
15.450000000000106,0,0,0,0,0,0,0,0,0,0,0
15.500000000000107,0,0,0,0,0,0,0,0,0,0,0
15.550000000000107,0,0,0,0,0,0,0,0,0,0,0
15.600000000000108,0,0,0,0,0,0,0,0,0,0,0
15.650000000000109,0,0,0,0,0,0,0,0,0,0,0
15.70000000000011,0,0,0,0,0,0,0,0,0,0,0
15.75000000000011,0,0,0,0,0,0,0,0,0,0,0
15.80000000000011,0,0,0,0,0,0,0,0,0,0,0
15.850000000000112,0,0,0,0,0,0,0,0,0,0,0
15.900000000000112,0,0,0,0,0,0,0,0,0,0,0
15.950000000000113,0,0,0,0,0,0,0,0,0,0,0
