*****
8,0.05,1000,0,1,10,100,0.85,1.0,0.75,1.0,0.01
8,1000,1000,1000,876,1000,0,0,0,0,0,0
8.05,1056,1055,1055,937,1055,0,0,0,0,0,0
8.100000000000001,1012,1008,1010,908,1010,0,0,0,0,0,0
8.150000000000002,974,968,970,865,970,0,0,0,0,0,0
8.200000000000003,1043,1040,1043,928,1043,0,0,0,0,0,0
8.250000000000004,1013,1010,1011,914,1011,0,0,0,0,0,0
8.300000000000004,986,979,983,905,983,0,0,0,0,0,0
8.350000000000005,1020,1016,1018,915,1018,0,0,0,0,0,0
8.400000000000006,1049,1040,1043,955,1043,0,0,0,0,0,0
8.450000000000006,1005,985,994,904,994,0,0,0,0,0,0
8.500000000000007,1021,1005,1013,903,1013,0,0,0,0,0,0
8.550000000000008,983,950,961,868,961,0,0,0,0,0,0
8.600000000000009,1016,989,1001,894,1001,0,0,0,0,0,0
8.65000000000001,1058,1017,1031,897,1031,0,0,0,0,0,0
8.70000000000001,1054,1001,1021,896,1021,0,0,0,0,0,0
8.75000000000001,977,914,940,782,940,0,0,0,0,0,0
8.800000000000011,973,893,918,771,918,0,0,0,0,0,0
8.850000000000012,1018,882,919,769,919,0,0,0,0,0,0
8.900000000000013,1015,868,912,746,912,0,0,0,0,0,0
8.950000000000014,971,804,850,671,850,0,0,0,0,0,0
9.000000000000014,1045,834,885,677,885,0,0,0,0,0,0
9.050000000000015,1044,783,839,645,839,0,0,0,0,0,0
9.100000000000016,992,699,750,580,750,0,0,0,0,0,0
9.150000000000016,974,633,688,506,688,0,0,0,0,0,0
9.200000000000017,1002,634,689,514,689,0,0,0,0,0,0
9.250000000000018,1025,584,655,470,655,0,0,0,0,0,0
9.300000000000018,1045,572,632,443,632,0,0,0,0,0,0
9.35000000000002,1013,474,528,399,528,0,0,0,0,0,0
9.40000000000002,1063,467,522,389,522,0,0,0,0,0,0
9.45000000000002,975,402,447,338,447,0,0,0,0,0,0
9.500000000000021,1064,385,450,311,450,0,0,0,0,0,0
9.550000000000022,1019,318,381,269,381,0,0,0,0,0,0
9.600000000000023,1027,287,333,258,333,0,0,0,0,0,0
9.650000000000023,1013,261,295,242,295,0,0,0,0,0,0
9.700000000000024,1041,224,273,223,273,0,0,0,0,0,0
9.750000000000025,1032,198,238,201,238,0,0,0,0,0,0
9.800000000000026,1017,164,202,170,202,0,0,0,0,0,0
9.850000000000026,933,118,152,152,152,0,0,0,0,0,0
9.900000000000027,958,85,106,122,106,0,0,0,0,0,0
9.950000000000028,1014,74,97,108,97,0,0,0,0,0,0
10.000000000000028,1065,84,100,87,100,0,0,0,0,0,0
10.05000000000003,1056,52,62,72,62,0,0,0,0,0,0
10.10000000000003,1029,42,58,68,58,0,0,0,0,0,0
10.15000000000003,981,30,37,51,37,0,0,0,0,0,0
10.200000000000031,1065,37,41,43,41,0,0,0,0,0,0
10.250000000000032,948,25,32,39,32,0,0,0,0,0,0
10.300000000000033,1005,24,28,36,28,0,0,0,0,0,0
10.350000000000033,1020,17,21,28,21,0,0,0,0,0,0
10.400000000000034,1001,16,20,31,20,0,0,0,0,0,0
10.450000000000035,1007,5,7,16,7,0,0,0,0,0,0
10.500000000000036,949,3,4,12,4,0,0,0,0,0,0
10.550000000000036,1003,2,4,12,4,0,0,0,0,0,0
10.600000000000037,1027,4,5,12,5,0,0,0,0,0,0
10.650000000000038,965,4,5,9,5,0,0,0,0,0,0
10.700000000000038,999,4,5,10,5,0,0,0,0,0,0
10.750000000000039,980,1,1,4,1,0,0,0,0,0,0
10.80000000000004,974,2,2,6,2,0,0,0,0,0,0
10.85000000000004,947,1,1,1,1,0,0,0,0,0,0
10.900000000000041,920,0,0,2,0,0,0,0,0,0,0
10.950000000000042,927,0,0,3,0,0,0,0,0,0,0
11.000000000000043,860,0,0,1,0,0,0,0,0,0,0
11.050000000000043,901,0,0,3,0,0,0,0,0,0,0
11.100000000000044,870,0,0,1,0,0,0,0,0,0,0
11.150000000000045,771,0,0,2,0,0,0,0,0,0,0
11.200000000000045,750,0,0,1,0,0,0,0,0,0,0
11.250000000000046,720,0,0,0,0,0,0,0,0,0,0
11.300000000000047,724,0,0,0,0,0,0,0,0,0,0
11.350000000000048,611,0,0,0,0,0,0,0,0,0,0
11.400000000000048,623,0,0,0,0,0,0,0,0,0,0
11.450000000000049,589,0,0,0,0,0,0,0,0,0,0
11.50000000000005,549,0,0,0,0,0,0,0,0,0,0
11.55000000000005,473,0,0,0,0,0,0,0,0,0,0
11.600000000000051,447,0,0,0,0,0,0,0,0,0,0
11.650000000000052,400,0,0,0,0,0,0,0,0,0,0
11.700000000000053,332,0,0,0,0,0,0,0,0,0,0
11.750000000000053,282,0,0,0,0,0,0,0,0,0,0
11.800000000000054,267,0,0,0,0,0,0,0,0,0,0
11.850000000000055,210,0,0,0,0,0,0,0,0,0,0
11.900000000000055,183,0,0,0,0,0,0,0,0,0,0
11.950000000000056,107,0,0,0,0,0,0,0,0,0,0
12.000000000000057,103,0,0,0,0,0,0,0,0,0,0
12.050000000000058,76,0,0,0,0,0,0,0,0,0,0
12.100000000000058,58,0,0,0,0,0,0,0,0,0,0
12.150000000000059,56,0,0,0,0,0,0,0,0,0,0
12.20000000000006,14,0,0,0,0,0,0,0,0,0,0
12.25000000000006,0,0,0,0,0,0,0,0,0,0,0
12.300000000000061,0,0,0,0,0,0,0,0,0,0,0
12.350000000000062,0,0,0,0,0,0,0,0,0,0,0
12.400000000000063,0,0,0,0,0,0,0,0,0,0,0
12.450000000000063,0,0,0,0,0,0,0,0,0,0,0
12.500000000000064,0,0,0,0,0,0,0,0,0,0,0
12.550000000000065,0,0,0,0,0,0,0,0,0,0,0
12.600000000000065,0,0,0,0,0,0,0,0,0,0,0
12.650000000000066,0,0,0,0,0,0,0,0,0,0,0
12.700000000000067,0,0,0,0,0,0,0,0,0,0,0
12.750000000000068,0,0,0,0,0,0,0,0,0,0,0
12.800000000000068,0,0,0,0,0,0,0,0,0,0,0
12.850000000000069,0,0,0,0,0,0,0,0,0,0,0
12.90000000000007,0,0,0,0,0,0,0,0,0,0,0
12.95000000000007,0,0,0,0,0,0,0,0,0,0,0
13.000000000000071,0,0,0,0,0,0,0,0,0,0,0
13.050000000000072,0,0,0,0,0,0,0,0,0,0,0
13.100000000000072,0,0,0,0,0,0,0,0,0,0,0
13.150000000000073,0,0,0,0,0,0,0,0,0,0,0
13.200000000000074,0,0,0,0,0,0,0,0,0,0,0
13.250000000000075,0,0,0,0,0,0,0,0,0,0,0
13.300000000000075,0,0,0,0,0,0,0,0,0,0,0
13.350000000000076,0,0,0,0,0,0,0,0,0,0,0
13.400000000000077,0,0,0,0,0,0,0,0,0,0,0
13.450000000000077,0,0,0,0,0,0,0,0,0,0,0
13.500000000000078,0,0,0,0,0,0,0,0,0,0,0
13.550000000000079,0,0,0,0,0,0,0,0,0,0,0
13.60000000000008,0,0,0,0,0,0,0,0,0,0,0
13.65000000000008,0,0,0,0,0,0,0,0,0,0,0
13.700000000000081,0,0,0,0,0,0,0,0,0,0,0
13.750000000000082,0,0,0,0,0,0,0,0,0,0,0
13.800000000000082,0,0,0,0,0,0,0,0,0,0,0
13.850000000000083,0,0,0,0,0,0,0,0,0,0,0
13.900000000000084,0,0,0,0,0,0,0,0,0,0,0
13.950000000000085,0,0,0,0,0,0,0,0,0,0,0
14.000000000000085,0,0,0,0,0,0,0,0,0,0,0
14.050000000000086,0,0,0,0,0,0,0,0,0,0,0
14.100000000000087,0,0,0,0,0,0,0,0,0,0,0
14.150000000000087,0,0,0,0,0,0,0,0,0,0,0
14.200000000000088,0,0,0,0,0,0,0,0,0,0,0
14.250000000000089,0,0,0,0,0,0,0,0,0,0,0
14.30000000000009,0,0,0,0,0,0,0,0,0,0,0
14.35000000000009,0,0,0,0,0,0,0,0,0,0,0
14.400000000000091,0,0,0,0,0,0,0,0,0,0,0
14.450000000000092,0,0,0,0,0,0,0,0,0,0,0
14.500000000000092,0,0,0,0,0,0,0,0,0,0,0
14.550000000000093,0,0,0,0,0,0,0,0,0,0,0
14.600000000000094,0,0,0,0,0,0,0,0,0,0,0
14.650000000000095,0,0,0,0,0,0,0,0,0,0,0
14.700000000000095,0,0,0,0,0,0,0,0,0,0,0
14.750000000000096,0,0,0,0,0,0,0,0,0,0,0
14.800000000000097,0,0,0,0,0,0,0,0,0,0,0
14.850000000000097,0,0,0,0,0,0,0,0,0,0,0
14.900000000000098,0,0,0,0,0,0,0,0,0,0,0
14.950000000000099,0,0,0,0,0,0,0,0,0,0,0
15.0000000000001,0,0,0,0,0,0,0,0,0,0,0
15.0500000000001,0,0,0,0,0,0,0,0,0,0,0
15.100000000000101,0,0,0,0,0,0,0,0,0,0,0
15.150000000000102,0,0,0,0,0,0,0,0,0,0,0
15.200000000000102,0,0,0,0,0,0,0,0,0,0,0
15.250000000000103,0,0,0,0,0,0,0,0,0,0,0
15.300000000000104,0,0,0,0,0,0,0,0,0,0,0
15.350000000000104,0,0,0,0,0,0,0,0,0,0,0
15.400000000000105,0,0,0,0,0,0,0,0,0,0,0
15.450000000000106,0,0,0,0,0,0,0,0,0,0,0
15.500000000000107,0,0,0,0,0,0,0,0,0,0,0
15.550000000000107,0,0,0,0,0,0,0,0,0,0,0
15.600000000000108,0,0,0,0,0,0,0,0,0,0,0
15.650000000000109,0,0,0,0,0,0,0,0,0,0,0
15.70000000000011,0,0,0,0,0,0,0,0,0,0,0
15.75000000000011,0,0,0,0,0,0,0,0,0,0,0
15.80000000000011,0,0,0,0,0,0,0,0,0,0,0
15.850000000000112,0,0,0,0,0,0,0,0,0,0,0
15.900000000000112,0,0,0,0,0,0,0,0,0,0,0
15.950000000000113,0,0,0,0,0,0,0,0,0,0,0
*****
8,0.05,1000,0,0.4,10,100,0.85,1.0,0.75,1.0,0.01
8,1000,1000,1000,1000,1000,0,0,0,0,0,0
8.05,1072,1072,1072,1072,1072,0,0,0,0,0,0
8.100000000000001,1019,1019,1019,1019,1019,0,0,0,0,0,0
8.150000000000002,1023,1023,1023,1023,1023,0,0,0,0,0,0
8.200000000000003,979,979,979,979,979,0,0,0,0,0,0
8.250000000000004,1023,1023,1023,1023,1023,0,0,0,0,0,0
8.300000000000004,1061,1061,1061,1061,1061,0,0,0,0,0,0
8.350000000000005,1097,1097,1097,1097,1097,0,0,0,0,0,0
8.400000000000006,1081,1081,1081,1081,1081,0,0,0,0,0,0
8.450000000000006,1069,1069,1069,1069,1069,0,0,0,0,0,0
8.500000000000007,1044,1044,1044,1044,1044,0,0,0,0,0,0
8.550000000000008,1074,1074,1074,1074,1074,0,0,0,0,0,0
8.600000000000009,1036,1036,1036,1036,1036,0,0,0,0,0,0
8.65000000000001,1051,1051,1051,1051,1051,0,0,0,0,0,0
8.70000000000001,1059,1059,1059,1059,1059,0,0,0,0,0,0
8.75000000000001,1062,1062,1062,1062,1062,0,0,0,0,0,0
8.800000000000011,1025,1025,1025,1025,1025,0,0,0,0,0,0
8.850000000000012,1045,1045,1045,1045,1045,0,0,0,0,0,0
8.900000000000013,1076,1076,1076,1076,1076,0,0,0,0,0,0
8.950000000000014,1004,1004,1004,1004,1004,0,0,0,0,0,0
9.000000000000014,1061,1061,1061,1061,1061,0,0,0,0,0,0
9.050000000000015,1040,1040,1040,1040,1040,0,0,0,0,0,0
9.100000000000016,1062,1062,1062,1062,1062,0,0,0,0,0,0
9.150000000000016,1075,1075,1075,1075,1075,0,0,0,0,0,0
9.200000000000017,1062,1062,1062,1062,1062,0,0,0,0,0,0
9.250000000000018,1078,1078,1078,1078,1078,0,0,0,0,0,0
9.300000000000018,1088,1088,1088,1088,1088,0,0,0,0,0,0
9.35000000000002,1027,1027,1027,1027,1027,0,0,0,0,0,0
9.40000000000002,1019,1019,1019,1019,1019,0,0,0,0,0,0
9.45000000000002,1062,1062,1062,1062,1062,0,0,0,0,0,0
9.500000000000021,1086,1086,1086,1085,1086,0,0,0,0,0,0
9.550000000000022,1008,1008,1008,1008,1008,0,0,0,0,0,0
9.600000000000023,1088,1088,1088,1087,1088,0,0,0,0,0,0
9.650000000000023,1033,1033,1033,1032,1033,0,0,0,0,0,0
9.700000000000024,1067,1067,1067,1066,1067,0,0,0,0,0,0
9.750000000000025,1023,1023,1023,1022,1023,0,0,0,0,0,0
9.800000000000026,1033,1033,1033,1030,1033,0,0,0,0,0,0
9.850000000000026,1083,1083,1083,1082,1083,0,0,0,0,0,0
9.900000000000027,1085,1085,1085,1082,1085,0,0,0,0,0,0
9.950000000000028,1059,1059,1059,1056,1059,0,0,0,0,0,0
10.000000000000028,1039,1039,1039,1034,1039,0,0,0,0,0,0
10.05000000000003,1055,1055,1055,1048,1055,0,0,0,0,0,0
10.10000000000003,1039,1039,1039,1037,1039,0,0,0,0,0,0
10.15000000000003,1080,1080,1080,1070,1080,0,0,0,0,0,0
10.200000000000031,1124,1124,1124,1121,1124,0,0,0,0,0,0
10.250000000000032,1032,1032,1032,1022,1032,0,0,0,0,0,0
10.300000000000033,1048,1048,1048,1035,1048,0,0,0,0,0,0
10.350000000000033,1074,1074,1074,1050,1074,0,0,0,0,0,0
10.400000000000034,1028,1028,1028,1004,1028,0,0,0,0,0,0
10.450000000000035,1027,1027,1027,1005,1027,0,0,0,0,0,0
10.500000000000036,1036,1036,1036,1003,1036,0,0,0,0,0,0
10.550000000000036,1087,1087,1087,1038,1087,0,0,0,0,0,0
10.600000000000037,1072,1072,1072,1018,1072,0,0,0,0,0,0
10.650000000000038,1041,1040,1040,978,1040,0,0,0,0,0,0
10.700000000000038,1040,1040,1040,967,1040,0,0,0,0,0,0
10.750000000000039,1012,1006,1006,916,1006,0,0,0,0,0,0
10.80000000000004,1051,1034,1034,918,1034,0,0,0,0,0,0
10.85000000000004,1036,957,960,867,960,0,0,0,0,0,0
10.900000000000041,1052,893,897,829,897,0,0,0,0,0,0
10.950000000000042,1028,705,709,674,709,0,0,0,0,0,0
11.000000000000043,1103,602,607,611,607,0,0,0,0,0,0
11.050000000000043,1028,342,346,388,346,0,0,0,0,0,0
11.100000000000044,1070,205,209,276,209,0,0,0,0,0,0
11.150000000000045,1020,110,116,177,116,0,0,0,0,0,0
11.200000000000045,1120,46,47,102,47,0,0,0,0,0,0
11.250000000000046,1032,25,27,67,27,0,0,0,0,0,0
11.300000000000047,1102,14,15,38,15,0,0,0,0,0,0
11.350000000000048,1055,4,4,20,4,0,0,0,0,0,0
11.400000000000048,1030,2,2,11,2,0,0,0,0,0,0
11.450000000000049,977,0,0,3,0,0,0,0,0,0,0
11.50000000000005,942,0,0,5,0,0,0,0,0,0,0
11.55000000000005,840,0,0,0,0,0,0,0,0,0,0
11.600000000000051,733,0,0,0,0,0,0,0,0,0,0
11.650000000000052,645,0,0,0,0,0,0,0,0,0,0
11.700000000000053,536,0,0,1,0,0,0,0,0,0,0
11.750000000000053,386,0,0,0,0,0,0,0,0,0,0
11.800000000000054,329,0,0,0,0,0,0,0,0,0,0
11.850000000000055,236,0,0,0,0,0,0,0,0,0,0
11.900000000000055,95,0,0,0,0,0,0,0,0,0,0
11.950000000000056,67,0,0,0,0,0,0,0,0,0,0
12.000000000000057,53,0,0,0,0,0,0,0,0,0,0
12.050000000000058,65,0,0,0,0,0,0,0,0,0,0
12.100000000000058,33,0,0,0,0,0,0,0,0,0,0
12.150000000000059,0,0,0,0,0,0,0,0,0,0,0
12.20000000000006,0,0,0,0,0,0,0,0,0,0,0
12.25000000000006,0,0,0,0,0,0,0,0,0,0,0
12.300000000000061,0,0,0,0,0,0,0,0,0,0,0
12.350000000000062,0,0,0,0,0,0,0,0,0,0,0
12.400000000000063,0,0,0,0,0,0,0,0,0,0,0
12.450000000000063,0,0,0,0,0,0,0,0,0,0,0
12.500000000000064,0,0,0,0,0,0,0,0,0,0,0
12.550000000000065,0,0,0,0,0,0,0,0,0,0,0
12.600000000000065,0,0,0,0,0,0,0,0,0,0,0
12.650000000000066,0,0,0,0,0,0,0,0,0,0,0
12.700000000000067,0,0,0,0,0,0,0,0,0,0,0
12.750000000000068,0,0,0,0,0,0,0,0,0,0,0
12.800000000000068,0,0,0,0,0,0,0,0,0,0,0
12.850000000000069,0,0,0,0,0,0,0,0,0,0,0
12.90000000000007,0,0,0,0,0,0,0,0,0,0,0
12.95000000000007,0,0,0,0,0,0,0,0,0,0,0
13.000000000000071,0,0,0,0,0,0,0,0,0,0,0
13.050000000000072,0,0,0,0,0,0,0,0,0,0,0
13.100000000000072,0,0,0,0,0,0,0,0,0,0,0
13.150000000000073,0,0,0,0,0,0,0,0,0,0,0
13.200000000000074,0,0,0,0,0,0,0,0,0,0,0
13.250000000000075,0,0,0,0,0,0,0,0,0,0,0
13.300000000000075,0,0,0,0,0,0,0,0,0,0,0
13.350000000000076,0,0,0,0,0,0,0,0,0,0,0
13.400000000000077,0,0,0,0,0,0,0,0,0,0,0
13.450000000000077,0,0,0,0,0,0,0,0,0,0,0
13.500000000000078,0,0,0,0,0,0,0,0,0,0,0
13.550000000000079,0,0,0,0,0,0,0,0,0,0,0
13.60000000000008,0,0,0,0,0,0,0,0,0,0,0
13.65000000000008,0,0,0,0,0,0,0,0,0,0,0
13.700000000000081,0,0,0,0,0,0,0,0,0,0,0
13.750000000000082,0,0,0,0,0,0,0,0,0,0,0
13.800000000000082,0,0,0,0,0,0,0,0,0,0,0
13.850000000000083,0,0,0,0,0,0,0,0,0,0,0
13.900000000000084,0,0,0,0,0,0,0,0,0,0,0
13.950000000000085,0,0,0,0,0,0,0,0,0,0,0
14.000000000000085,0,0,0,0,0,0,0,0,0,0,0
14.050000000000086,0,0,0,0,0,0,0,0,0,0,0
14.100000000000087,0,0,0,0,0,0,0,0,0,0,0
14.150000000000087,0,0,0,0,0,0,0,0,0,0,0
14.200000000000088,0,0,0,0,0,0,0,0,0,0,0
14.250000000000089,0,0,0,0,0,0,0,0,0,0,0
14.30000000000009,0,0,0,0,0,0,0,0,0,0,0
14.35000000000009,0,0,0,0,0,0,0,0,0,0,0
14.400000000000091,0,0,0,0,0,0,0,0,0,0,0
14.450000000000092,0,0,0,0,0,0,0,0,0,0,0
14.500000000000092,0,0,0,0,0,0,0,0,0,0,0
14.550000000000093,0,0,0,0,0,0,0,0,0,0,0
14.600000000000094,0,0,0,0,0,0,0,0,0,0,0
14.650000000000095,0,0,0,0,0,0,0,0,0,0,0
14.700000000000095,0,0,0,0,0,0,0,0,0,0,0
14.750000000000096,0,0,0,0,0,0,0,0,0,0,0
14.800000000000097,0,0,0,0,0,0,0,0,0,0,0
14.850000000000097,0,0,0,0,0,0,0,0,0,0,0
14.900000000000098,0,0,0,0,0,0,0,0,0,0,0
14.950000000000099,0,0,0,0,0,0,0,0,0,0,0
15.0000000000001,0,0,0,0,0,0,0,0,0,0,0
15.0500000000001,0,0,0,0,0,0,0,0,0,0,0
15.100000000000101,0,0,0,0,0,0,0,0,0,0,0
15.150000000000102,0,0,0,0,0,0,0,0,0,0,0
15.200000000000102,0,0,0,0,0,0,0,0,0,0,0
15.250000000000103,0,0,0,0,0,0,0,0,0,0,0
15.300000000000104,0,0,0,0,0,0,0,0,0,0,0
15.350000000000104,0,0,0,0,0,0,0,0,0,0,0
15.400000000000105,0,0,0,0,0,0,0,0,0,0,0
15.450000000000106,0,0,0,0,0,0,0,0,0,0,0
15.500000000000107,0,0,0,0,0,0,0,0,0,0,0
15.550000000000107,0,0,0,0,0,0,0,0,0,0,0
15.600000000000108,0,0,0,0,0,0,0,0,0,0,0
15.650000000000109,0,0,0,0,0,0,0,0,0,0,0
15.70000000000011,0,0,0,0,0,0,0,0,0,0,0
15.75000000000011,0,0,0,0,0,0,0,0,0,0,0
15.80000000000011,0,0,0,0,0,0,0,0,0,0,0
15.850000000000112,0,0,0,0,0,0,0,0,0,0,0
15.900000000000112,0,0,0,0,0,0,0,0,0,0,0
15.950000000000113,0,0,0,0,0,0,0,0,0,0,0
*****
8,0.05,1000,0.3,0.7,10,100,0.85,1.0,0.75,1.0,0.01
8,1000,1000,1000,1000,1000,0,0,0,0,0,0
8.05,1007,1007,1007,1007,1007,0,0,0,0,0,0
8.100000000000001,1001,1001,1001,1001,1001,0,0,0,0,0,0
8.150000000000002,1029,1029,1029,1029,1029,0,0,0,0,0,0
8.200000000000003,1024,1024,1024,1024,1024,0,0,0,0,0,0
8.250000000000004,1008,1008,1008,1008,1008,0,0,0,0,0,0
8.300000000000004,984,984,984,984,984,0,0,0,0,0,0
8.350000000000005,1016,1016,1016,1016,1016,0,0,0,0,0,0
8.400000000000006,998,998,998,998,998,0,0,0,0,0,0
8.450000000000006,1007,1007,1007,1007,1007,0,0,0,0,0,0
8.500000000000007,1062,1062,1062,1062,1062,0,0,0,0,0,0
8.550000000000008,1003,1003,1003,1003,1003,0,0,0,0,0,0
8.600000000000009,993,993,993,993,993,0,0,0,0,0,0
8.65000000000001,1018,1018,1018,1018,1018,0,0,0,0,0,0
8.70000000000001,1029,1029,1029,1029,1029,0,0,0,0,0,0
8.75000000000001,1029,1029,1029,1029,1029,0,0,0,0,0,0
8.800000000000011,1001,1001,1001,1001,1001,0,0,0,0,0,0
8.850000000000012,1002,1002,1002,1002,1002,0,0,0,0,0,0
8.900000000000013,987,987,987,987,987,0,0,0,0,0,0
8.950000000000014,988,988,988,988,988,0,0,0,0,0,0
9.000000000000014,972,972,972,972,972,0,0,0,0,0,0
9.050000000000015,1012,1012,1012,1012,1012,0,0,0,0,0,0
9.100000000000016,1064,1064,1064,1064,1064,0,0,0,0,0,0
9.150000000000016,997,997,997,997,997,0,0,0,0,0,0
9.200000000000017,1001,1001,1001,1001,1001,0,0,0,0,0,0
9.250000000000018,1025,1025,1025,1025,1025,0,0,0,0,0,0
9.300000000000018,965,965,965,965,965,0,0,0,0,0,0
9.35000000000002,999,999,999,999,999,0,0,0,0,0,0
9.40000000000002,959,959,959,959,959,0,0,0,0,0,0
9.45000000000002,990,990,990,990,990,0,0,0,0,0,0
9.500000000000021,979,979,979,979,979,0,0,0,0,0,0
9.550000000000022,997,997,997,995,997,0,0,0,0,0,0
9.600000000000023,1019,1019,1019,1019,1019,0,0,0,0,0,0
9.650000000000023,1025,1025,1025,1022,1025,0,0,0,0,0,0
9.700000000000024,1063,1063,1063,1060,1063,0,0,0,0,0,0
9.750000000000025,1000,999,1000,999,1000,0,0,0,0,0,0
9.800000000000026,1016,1016,1016,1013,1016,0,0,0,0,0,0
9.850000000000026,943,943,943,941,943,0,0,0,0,0,0
9.900000000000027,1025,1024,1024,1023,1024,0,0,0,0,0,0
9.950000000000028,1009,1008,1009,1003,1009,0,0,0,0,0,0
10.000000000000028,1016,1014,1014,1010,1014,0,0,0,0,0,0
10.05000000000003,975,973,974,971,974,0,0,0,0,0,0
10.10000000000003,1010,999,1000,999,1000,0,0,0,0,0,0
10.15000000000003,994,986,989,975,989,0,0,0,0,0,0
10.200000000000031,1011,1002,1005,983,1005,0,0,0,0,0,0
10.250000000000032,1033,1027,1028,1005,1028,0,0,0,0,0,0
10.300000000000033,1000,979,983,967,983,0,0,0,0,0,0
10.350000000000033,1006,980,985,967,985,0,0,0,0,0,0
10.400000000000034,1006,960,971,955,971,0,0,0,0,0,0
10.450000000000035,973,926,931,901,931,0,0,0,0,0,0
10.500000000000036,1011,950,962,945,962,0,0,0,0,0,0
10.550000000000036,985,916,922,912,922,0,0,0,0,0,0
10.600000000000037,976,859,869,867,869,0,0,0,0,0,0
10.650000000000038,1058,909,921,930,921,0,0,0,0,0,0
10.700000000000038,1001,808,822,842,822,0,0,0,0,0,0
10.750000000000039,1014,812,824,829,824,0,0,0,0,0,0
10.80000000000004,1057,777,802,817,802,0,0,0,0,0,0
10.85000000000004,971,671,692,707,692,0,0,0,0,0,0
10.900000000000041,1033,622,643,696,643,0,0,0,0,0,0
10.950000000000042,1001,577,597,657,597,0,0,0,0,0,0
11.000000000000043,983,484,497,555,497,0,0,0,0,0,0
11.050000000000043,1003,438,461,514,461,0,0,0,0,0,0
11.100000000000044,981,335,351,449,351,0,0,0,0,0,0
11.150000000000045,1009,321,330,410,330,0,0,0,0,0,0
11.200000000000045,1018,270,277,348,277,0,0,0,0,0,0
11.250000000000046,965,163,177,231,177,0,0,0,0,0,0
11.300000000000047,1040,157,164,218,164,0,0,0,0,0,0
11.350000000000048,1074,108,117,171,117,0,0,0,0,0,0
11.400000000000048,1013,83,86,128,86,0,0,0,0,0,0
11.450000000000049,999,66,72,103,72,0,0,0,0,0,0
11.50000000000005,1012,49,50,68,50,0,0,0,0,0,0
11.55000000000005,974,34,36,54,36,0,0,0,0,0,0
11.600000000000051,978,16,19,38,19,0,0,0,0,0,0
11.650000000000052,990,16,18,33,18,0,0,0,0,0,0
11.700000000000053,891,7,7,10,7,0,0,0,0,0,0
11.750000000000053,998,6,6,10,6,0,0,0,0,0,0
11.800000000000054,1064,4,5,8,5,0,0,0,0,0,0
11.850000000000055,1072,2,2,3,2,0,0,0,0,0,0
11.900000000000055,970,2,2,4,2,0,0,0,0,0,0
11.950000000000056,1049,4,5,6,5,0,0,0,0,0,0
12.000000000000057,976,0,0,0,0,0,0,0,0,0,0
12.050000000000058,988,0,0,0,0,0,0,0,0,0,0
12.100000000000058,901,0,0,0,0,0,0,0,0,0,0
12.150000000000059,923,1,1,2,1,0,0,0,0,0,0
12.20000000000006,853,1,1,1,1,0,0,0,0,0,0
12.25000000000006,878,0,0,0,0,0,0,0,0,0,0
12.300000000000061,862,0,0,0,0,0,0,0,0,0,0
12.350000000000062,734,0,0,0,0,0,0,0,0,0,0
12.400000000000063,585,0,0,0,0,0,0,0,0,0,0
12.450000000000063,518,0,0,0,0,0,0,0,0,0,0
12.500000000000064,513,0,0,0,0,0,0,0,0,0,0
12.550000000000065,435,0,0,0,0,0,0,0,0,0,0
12.600000000000065,370,0,0,0,0,0,0,0,0,0,0
12.650000000000066,233,0,0,0,0,0,0,0,0,0,0
12.700000000000067,161,0,0,0,0,0,0,0,0,0,0
12.750000000000068,169,0,0,0,0,0,0,0,0,0,0
12.800000000000068,164,0,0,0,0,0,0,0,0,0,0
12.850000000000069,118,0,0,0,0,0,0,0,0,0,0
12.90000000000007,46,0,0,0,0,0,0,0,0,0,0
12.95000000000007,0,0,0,0,0,0,0,0,0,0,0
13.000000000000071,0,0,0,0,0,0,0,0,0,0,0
13.050000000000072,0,0,0,0,0,0,0,0,0,0,0
13.100000000000072,0,0,0,0,0,0,0,0,0,0,0
13.150000000000073,0,0,0,0,0,0,0,0,0,0,0
13.200000000000074,0,0,0,0,0,0,0,0,0,0,0
13.250000000000075,0,0,0,0,0,0,0,0,0,0,0
13.300000000000075,0,0,0,0,0,0,0,0,0,0,0
13.350000000000076,0,0,0,0,0,0,0,0,0,0,0
13.400000000000077,0,0,0,0,0,0,0,0,0,0,0
13.450000000000077,0,0,0,0,0,0,0,0,0,0,0
13.500000000000078,0,0,0,0,0,0,0,0,0,0,0
13.550000000000079,0,0,0,0,0,0,0,0,0,0,0
13.60000000000008,0,0,0,0,0,0,0,0,0,0,0
13.65000000000008,0,0,0,0,0,0,0,0,0,0,0
13.700000000000081,0,0,0,0,0,0,0,0,0,0,0
13.750000000000082,0,0,0,0,0,0,0,0,0,0,0
13.800000000000082,0,0,0,0,0,0,0,0,0,0,0
13.850000000000083,0,0,0,0,0,0,0,0,0,0,0
13.900000000000084,0,0,0,0,0,0,0,0,0,0,0
13.950000000000085,0,0,0,0,0,0,0,0,0,0,0
14.000000000000085,0,0,0,0,0,0,0,0,0,0,0
14.050000000000086,0,0,0,0,0,0,0,0,0,0,0
14.100000000000087,0,0,0,0,0,0,0,0,0,0,0
14.150000000000087,0,0,0,0,0,0,0,0,0,0,0
14.200000000000088,0,0,0,0,0,0,0,0,0,0,0
14.250000000000089,0,0,0,0,0,0,0,0,0,0,0
14.30000000000009,0,0,0,0,0,0,0,0,0,0,0
14.35000000000009,0,0,0,0,0,0,0,0,0,0,0
14.400000000000091,0,0,0,0,0,0,0,0,0,0,0
14.450000000000092,0,0,0,0,0,0,0,0,0,0,0
14.500000000000092,0,0,0,0,0,0,0,0,0,0,0
14.550000000000093,0,0,0,0,0,0,0,0,0,0,0
14.600000000000094,0,0,0,0,0,0,0,0,0,0,0
14.650000000000095,0,0,0,0,0,0,0,0,0,0,0
14.700000000000095,0,0,0,0,0,0,0,0,0,0,0
14.750000000000096,0,0,0,0,0,0,0,0,0,0,0
14.800000000000097,0,0,0,0,0,0,0,0,0,0,0
14.850000000000097,0,0,0,0,0,0,0,0,0,0,0
14.900000000000098,0,0,0,0,0,0,0,0,0,0,0
14.950000000000099,0,0,0,0,0,0,0,0,0,0,0
15.0000000000001,0,0,0,0,0,0,0,0,0,0,0
15.0500000000001,0,0,0,0,0,0,0,0,0,0,0
15.100000000000101,0,0,0,0,0,0,0,0,0,0,0
15.150000000000102,0,0,0,0,0,0,0,0,0,0,0
15.200000000000102,0,0,0,0,0,0,0,0,0,0,0
15.250000000000103,0,0,0,0,0,0,0,0,0,0,0
15.300000000000104,0,0,0,0,0,0,0,0,0,0,0
15.350000000000104,0,0,0,0,0,0,0,0,0,0,0
15.400000000000105,0,0,0,0,0,0,0,0,0,0,0
15.450000000000106,0,0,0,0,0,0,0,0,0,0,0
15.500000000000107,0,0,0,0,0,0,0,0,0,0,0
15.550000000000107,0,0,0,0,0,0,0,0,0,0,0
15.600000000000108,0,0,0,0,0,0,0,0,0,0,0
15.650000000000109,0,0,0,0,0,0,0,0,0,0,0
15.70000000000011,0,0,0,0,0,0,0,0,0,0,0
15.75000000000011,0,0,0,0,0,0,0,0,0,0,0
15.80000000000011,0,0,0,0,0,0,0,0,0,0,0
15.850000000000112,0,0,0,0,0,0,0,0,0,0,0
15.900000000000112,0,0,0,0,0,0,0,0,0,0,0
15.950000000000113,0,0,0,0,0,0,0,0,0,0,0
*****
8,0.05,1000,0.6,1,10,100,0.85,1.0,0.75,1.0,0.01
8,1000,273,369,196,369,0,0,0,0,0,0
8.05,1077,294,406,257,406,0,0,0,0,0,0
8.100000000000001,989,264,400,241,400,0,0,0,0,0,0
8.150000000000002,1067,213,370,270,370,0,0,0,0,0,0
8.200000000000003,1093,203,407,311,407,0,0,0,0,0,0
8.250000000000004,1025,186,352,277,352,0,0,0,0,0,0
8.300000000000004,1017,251,328,325,328,0,0,0,0,0,0
8.350000000000005,1038,247,363,316,363,0,0,0,0,0,0
8.400000000000006,1048,233,368,309,368,0,0,0,0,0,0
8.450000000000006,1078,199,372,327,372,0,0,0,0,0,0
8.500000000000007,1007,158,324,322,324,0,0,0,0,0,0
8.550000000000008,1031,189,334,325,334,0,0,0,0,0,0
8.600000000000009,1066,193,369,299,369,0,0,0,0,0,0
8.65000000000001,1079,203,361,284,361,0,0,0,0,0,0
8.70000000000001,1076,206,364,231,364,0,0,0,0,0,0
8.75000000000001,1097,213,412,192,412,0,0,0,0,0,0
8.800000000000011,1127,171,415,188,415,0,0,0,0,0,0
8.850000000000012,1056,129,347,180,347,0,0,0,0,0,0
8.900000000000013,1002,88,290,175,290,0,0,0,0,0,0
8.950000000000014,980,70,244,191,244,0,0,0,0,0,0
9.000000000000014,1055,87,248,203,248,0,0,0,0,0,0
9.050000000000015,1040,78,202,181,202,0,0,0,0,0,0
9.100000000000016,1063,81,192,161,192,0,0,0,0,0,0
9.150000000000016,1014,75,189,173,189,0,0,0,0,0,0
9.200000000000017,994,62,159,155,159,0,0,0,0,0,0
9.250000000000018,1046,51,189,150,189,0,0,0,0,0,0
9.300000000000018,1084,43,152,98,152,0,0,0,0,0,0
9.35000000000002,1072,30,127,93,127,0,0,0,0,0,0
9.40000000000002,1054,31,118,69,118,0,0,0,0,0,0
9.45000000000002,1108,16,113,78,113,0,0,0,0,0,0
9.500000000000021,1063,11,77,62,77,0,0,0,0,0,0
9.550000000000022,1064,8,63,63,63,0,0,0,0,0,0
9.600000000000023,1063,13,76,57,76,0,0,0,0,0,0
9.650000000000023,1032,11,50,34,50,0,0,0,0,0,0
9.700000000000024,1045,4,33,39,33,0,0,0,0,0,0
9.750000000000025,1044,6,36,29,36,0,0,0,0,0,0
9.800000000000026,1000,6,26,32,26,0,0,0,0,0,0
9.850000000000026,1004,3,22,24,22,0,0,0,0,0,0
9.900000000000027,1083,0,18,21,18,0,0,0,0,0,0
9.950000000000028,1066,4,17,14,17,0,0,0,0,0,0
10.000000000000028,1026,4,12,11,12,0,0,0,0,0,0
10.05000000000003,1011,2,13,12,13,0,0,0,0,0,0
10.10000000000003,1052,0,6,11,6,0,0,0,0,0,0
10.15000000000003,1050,0,9,8,9,0,0,0,0,0,0
10.200000000000031,1022,0,6,9,6,0,0,0,0,0,0
10.250000000000032,1052,0,5,5,5,0,0,0,0,0,0
10.300000000000033,1052,2,4,1,4,0,0,0,0,0,0
10.350000000000033,1051,0,7,4,7,0,0,0,0,0,0
10.400000000000034,1042,0,2,4,2,0,0,0,0,0,0
10.450000000000035,1065,0,4,5,4,0,0,0,0,0,0
10.500000000000036,1068,0,3,1,3,0,0,0,0,0,0
10.550000000000036,984,0,2,4,2,0,0,0,0,0,0
10.600000000000037,1005,0,1,1,1,0,0,0,0,0,0
10.650000000000038,1033,0,0,1,0,0,0,0,0,0,0
10.700000000000038,1031,0,1,1,1,0,0,0,0,0,0
10.750000000000039,1020,0,0,1,0,0,0,0,0,0,0
10.80000000000004,1045,0,0,0,0,0,0,0,0,0,0
10.85000000000004,1019,0,0,0,0,0,0,0,0,0,0
10.900000000000041,1015,0,0,0,0,0,0,0,0,0,0
10.950000000000042,916,0,0,0,0,0,0,0,0,0,0
11.000000000000043,940,0,0,0,0,0,0,0,0,0,0
11.050000000000043,933,0,0,0,0,0,0,0,0,0,0
11.100000000000044,883,0,1,0,1,0,0,0,0,0,0
11.150000000000045,775,0,0,0,0,0,0,0,0,0,0
11.200000000000045,781,0,0,1,0,0,0,0,0,0,0
11.250000000000046,747,0,0,0,0,0,0,0,0,0,0
11.300000000000047,659,0,0,0,0,0,0,0,0,0,0
11.350000000000048,608,0,0,0,0,0,0,0,0,0,0
11.400000000000048,642,0,0,0,0,0,0,0,0,0,0
11.450000000000049,558,0,0,0,0,0,0,0,0,0,0
11.50000000000005,431,0,0,0,0,0,0,0,0,0,0
11.55000000000005,381,0,0,0,0,0,0,0,0,0,0
11.600000000000051,269,0,0,0,0,0,0,0,0,0,0
11.650000000000052,189,0,0,0,0,0,0,0,0,0,0
11.700000000000053,172,0,0,0,0,0,0,0,0,0,0
11.750000000000053,112,0,0,0,0,0,0,0,0,0,0
11.800000000000054,92,0,0,0,0,0,0,0,0,0,0
11.850000000000055,157,0,0,0,0,0,0,0,0,0,0
11.900000000000055,153,0,0,0,0,0,0,0,0,0,0
11.950000000000056,147,0,0,0,0,0,0,0,0,0,0
12.000000000000057,130,0,0,0,0,0,0,0,0,0,0
12.050000000000058,128,0,0,0,0,0,0,0,0,0,0
12.100000000000058,103,0,0,0,0,0,0,0,0,0,0
12.150000000000059,61,0,0,0,0,0,0,0,0,0,0
12.20000000000006,46,0,0,0,0,0,0,0,0,0,0
12.25000000000006,0,0,0,0,0,0,0,0,0,0,0
12.300000000000061,0,0,0,0,0,0,0,0,0,0,0
12.350000000000062,0,0,0,0,0,0,0,0,0,0,0
12.400000000000063,0,0,0,0,0,0,0,0,0,0,0
12.450000000000063,0,0,0,0,0,0,0,0,0,0,0
12.500000000000064,0,0,0,0,0,0,0,0,0,0,0
12.550000000000065,0,0,0,0,0,0,0,0,0,0,0
12.600000000000065,0,0,0,0,0,0,0,0,0,0,0
12.650000000000066,0,0,0,0,0,0,0,0,0,0,0
12.700000000000067,0,0,0,0,0,0,0,0,0,0,0
12.750000000000068,0,0,0,0,0,0,0,0,0,0,0
12.800000000000068,0,0,0,0,0,0,0,0,0,0,0
12.850000000000069,0,0,0,0,0,0,0,0,0,0,0
12.90000000000007,0,0,0,0,0,0,0,0,0,0,0
12.95000000000007,0,0,0,0,0,0,0,0,0,0,0
13.000000000000071,0,0,0,0,0,0,0,0,0,0,0
13.050000000000072,0,0,0,0,0,0,0,0,0,0,0
13.100000000000072,0,0,0,0,0,0,0,0,0,0,0
13.150000000000073,0,0,0,0,0,0,0,0,0,0,0
13.200000000000074,0,0,0,0,0,0,0,0,0,0,0
13.250000000000075,0,0,0,0,0,0,0,0,0,0,0
13.300000000000075,0,0,0,0,0,0,0,0,0,0,0
13.350000000000076,0,0,0,0,0,0,0,0,0,0,0
13.400000000000077,0,0,0,0,0,0,0,0,0,0,0
13.450000000000077,0,0,0,0,0,0,0,0,0,0,0
13.500000000000078,0,0,0,0,0,0,0,0,0,0,0
13.550000000000079,0,0,0,0,0,0,0,0,0,0,0
13.60000000000008,0,0,0,0,0,0,0,0,0,0,0
13.65000000000008,0,0,0,0,0,0,0,0,0,0,0
13.700000000000081,0,0,0,0,0,0,0,0,0,0,0
13.750000000000082,0,0,0,0,0,0,0,0,0,0,0
13.800000000000082,0,0,0,0,0,0,0,0,0,0,0
13.850000000000083,0,0,0,0,0,0,0,0,0,0,0
13.900000000000084,0,0,0,0,0,0,0,0,0,0,0
13.950000000000085,0,0,0,0,0,0,0,0,0,0,0
14.000000000000085,0,0,0,0,0,0,0,0,0,0,0
14.050000000000086,0,0,0,0,0,0,0,0,0,0,0
14.100000000000087,0,0,0,0,0,0,0,0,0,0,0
14.150000000000087,0,0,0,0,0,0,0,0,0,0,0
14.200000000000088,0,0,0,0,0,0,0,0,0,0,0
14.250000000000089,0,0,0,0,0,0,0,0,0,0,0
14.30000000000009,0,0,0,0,0,0,0,0,0,0,0
14.35000000000009,0,0,0,0,0,0,0,0,0,0,0
14.400000000000091,0,0,0,0,0,0,0,0,0,0,0
14.450000000000092,0,0,0,0,0,0,0,0,0,0,0
14.500000000000092,0,0,0,0,0,0,0,0,0,0,0
14.550000000000093,0,0,0,0,0,0,0,0,0,0,0
14.600000000000094,0,0,0,0,0,0,0,0,0,0,0
14.650000000000095,0,0,0,0,0,0,0,0,0,0,0
14.700000000000095,0,0,0,0,0,0,0,0,0,0,0
14.750000000000096,0,0,0,0,0,0,0,0,0,0,0
14.800000000000097,0,0,0,0,0,0,0,0,0,0,0
14.850000000000097,0,0,0,0,0,0,0,0,0,0,0
14.900000000000098,0,0,0,0,0,0,0,0,0,0,0
14.950000000000099,0,0,0,0,0,0,0,0,0,0,0
15.0000000000001,0,0,0,0,0,0,0,0,0,0,0
15.0500000000001,0,0,0,0,0,0,0,0,0,0,0
15.100000000000101,0,0,0,0,0,0,0,0,0,0,0
15.150000000000102,0,0,0,0,0,0,0,0,0,0,0
15.200000000000102,0,0,0,0,0,0,0,0,0,0,0
15.250000000000103,0,0,0,0,0,0,0,0,0,0,0
15.300000000000104,0,0,0,0,0,0,0,0,0,0,0
15.350000000000104,0,0,0,0,0,0,0,0,0,0,0
15.400000000000105,0,0,0,0,0,0,0,0,0,0,0
15.450000000000106,0,0,0,0,0,0,0,0,0,0,0
15.500000000000107,0,0,0,0,0,0,0,0,0,0,0
15.550000000000107,0,0,0,0,0,0,0,0,0,0,0
15.600000000000108,0,0,0,0,0,0,0,0,0,0,0
15.650000000000109,0,0,0,0,0,0,0,0,0,0,0
15.70000000000011,0,0,0,0,0,0,0,0,0,0,0
15.75000000000011,0,0,0,0,0,0,0,0,0,0,0
15.80000000000011,0,0,0,0,0,0,0,0,0,0,0
15.850000000000112,0,0,0,0,0,0,0,0,0,0,0
15.900000000000112,0,0,0,0,0,0,0,0,0,0,0
15.950000000000113,0,0,0,0,0,0,0,0,0,0,0
