*****
32 , 0.05 , 100 , 0 , 0.4 , 10 , 100 , 0.65 , 1 , 0.65 , 1 , .1
32.0,100,39,0,100,83,0,39,0,100,83,0
32.05,77,1,0,77,69,0,1,0,77,69,0
32.1,111,0,0,111,95,0,0,0,111,95,0
32.15,88,0,0,88,79,0,0,0,88,79,0
32.2,122,0,0,122,109,0,0,0,122,109,0
32.25,94,0,0,94,80,0,0,0,94,80,0
32.3,78,0,0,78,67,0,0,0,78,67,0
32.35,113,0,0,113,97,0,0,0,113,97,0
32.4,104,0,0,104,87,0,0,0,104,87,0
32.45,103,0,0,103,90,0,0,0,103,90,0
32.5,96,0,0,96,80,0,0,0,96,80,0
32.55,97,0,0,97,86,0,0,0,97,86,0
32.6,105,0,0,105,86,0,0,0,105,86,0
32.65,96,0,0,96,79,0,0,0,96,79,0
32.7,110,0,0,110,95,0,0,0,110,95,0
32.75,103,0,0,103,86,0,0,0,103,86,0
32.8,99,0,0,99,84,0,0,0,99,84,0
32.85,101,0,0,99,82,0,0,0,99,82,0
32.9,108,0,0,107,77,0,0,0,107,77,0
32.95,89,0,0,83,66,0,0,0,83,66,0
33.0,91,0,0,86,65,0,0,0,86,65,0
33.05,104,0,0,97,75,0,0,0,97,75,0
33.1,91,0,0,84,54,0,0,0,84,54,0
33.15,109,0,0,93,51,0,0,0,93,51,0
33.2,113,0,0,87,50,0,0,0,87,50,0
33.25,100,0,0,70,34,0,0,0,70,34,0
33.3,99,0,0,62,32,0,0,0,62,32,0
33.35,96,0,0,50,18,0,0,0,50,18,0
33.4,116,0,0,57,24,0,0,0,57,24,0
33.45,100,0,0,47,17,0,0,0,47,17,0
33.5,121,0,0,35,15,0,0,0,35,15,0
33.55,99,0,0,25,11,0,0,0,25,11,0
33.6,90,0,0,16,4,0,0,0,16,4,0
33.65,106,0,0,19,5,0,0,0,19,5,0
33.7,116,0,0,8,2,0,0,0,8,2,0
33.75,103,0,0,5,2,0,0,0,5,2,0
33.8,104,0,0,2,0,0,0,0,2,0,0
33.85,115,0,0,3,1,0,0,0,3,1,0
33.9,104,0,0,2,1,0,0,0,2,1,0
33.95,92,0,0,0,1,0,0,0,0,1,0
34.0,102,0,0,0,1,0,0,0,0,1,0
34.05,110,0,0,1,0,0,0,0,1,0,0
34.1,104,0,0,1,0,0,0,0,1,0,0
34.15,91,0,0,0,0,0,0,0,0,0,0
34.2,103,0,0,0,0,0,0,0,0,0,0
34.25,102,0,0,0,0,0,0,0,0,0,0
34.3,108,0,0,0,0,0,0,0,0,0,0
34.35,88,0,0,0,0,0,0,0,0,0,0
34.4,104,0,0,0,0,0,0,0,0,0,0
34.45,101,0,0,0,0,0,0,0,0,0,0
34.5,97,0,0,0,0,0,0,0,0,0,0
34.55,112,0,0,0,0,0,0,0,0,0,0
34.6,133,0,0,0,0,0,0,0,0,0,0
34.65,102,0,0,0,0,0,0,0,0,0,0
34.7,100,0,0,0,0,0,0,0,0,0,0
34.75,104,0,0,0,0,0,0,0,0,0,0
34.8,98,0,0,0,0,0,0,0,0,0,0
34.85,104,0,0,0,0,0,0,0,0,0,0
34.9,102,0,0,0,0,0,0,0,0,0,0
34.95,122,0,0,0,0,0,0,0,0,0,0
35.0,103,0,0,0,0,0,0,0,0,0,0
35.05,100,0,0,0,0,0,0,0,0,0,0
35.1,90,0,0,0,0,0,0,0,0,0,0
35.15,109,0,0,0,0,0,0,0,0,0,0
35.2,99,0,0,0,0,0,0,0,0,0,0
35.25,99,0,0,0,0,0,0,0,0,0,0
35.3,111,0,0,0,0,0,0,0,0,0,0
35.35,109,0,0,0,0,0,0,0,0,0,0
35.4,100,0,0,0,0,0,0,0,0,0,0
35.45,102,0,0,0,0,0,0,0,0,0,0
35.5,113,0,0,0,0,0,0,0,0,0,0
35.55,117,0,0,0,0,0,0,0,0,0,0
35.6,105,0,0,0,0,0,0,0,0,0,0
35.65,97,0,0,0,0,0,0,0,0,0,0
35.7,88,0,0,0,0,0,0,0,0,0,0
35.75,101,0,0,0,0,0,0,0,0,0,0
35.8,98,0,0,0,0,0,0,0,0,0,0
35.85,109,0,0,0,0,0,0,0,0,0,0
35.9,102,0,0,0,0,0,0,0,0,0,0
35.95,111,0,0,0,0,0,0,0,0,0,0
36.0,98,0,0,0,0,0,0,0,0,0,0
36.05,121,0,0,0,0,0,0,0,0,0,0
36.1,96,0,0,0,0,0,0,0,0,0,0
36.15,110,0,0,0,0,0,0,0,0,0,0
36.2,111,0,0,0,0,0,0,0,0,0,0
36.25,99,0,0,0,0,0,0,0,0,0,0
36.3,105,0,0,0,0,0,0,0,0,0,0
36.35,98,0,0,0,0,0,0,0,0,0,0
36.4,100,0,0,0,0,0,0,0,0,0,0
36.45,93,0,0,0,0,0,0,0,0,0,0
36.5,96,0,0,0,0,0,0,0,0,0,0
36.55,96,0,0,0,0,0,0,0,0,0,0
36.6,99,0,0,0,0,0,0,0,0,0,0
36.65,99,0,0,0,0,0,0,0,0,0,0
36.7,115,0,0,0,0,0,0,0,0,0,0
36.75,95,0,0,0,0,0,0,0,0,0,0
36.8,110,0,0,0,0,0,0,0,0,0,0
36.85,99,0,0,0,0,0,0,0,0,0,0
36.9,98,0,0,0,0,0,0,0,0,0,0
36.95,105,0,0,0,0,0,0,0,0,0,0
37.0,94,0,0,0,0,0,0,0,0,0,0
37.05,105,0,0,0,0,0,0,0,0,0,0
37.1,107,0,0,0,0,0,0,0,0,0,0
37.15,96,0,0,0,0,0,0,0,0,0,0
37.2,83,0,0,0,0,0,0,0,0,0,0
37.25,103,0,0,0,0,0,0,0,0,0,0
37.3,110,0,0,0,0,0,0,0,0,0,0
37.35,100,0,0,0,0,0,0,0,0,0,0
37.4,126,0,0,0,0,0,0,0,0,0,0
37.45,95,0,0,0,0,0,0,0,0,0,0
37.5,100,0,0,0,0,0,0,0,0,0,0
37.55,86,0,0,0,0,0,0,0,0,0,0
37.6,93,0,0,0,0,0,0,0,0,0,0
37.65,112,0,0,0,0,0,0,0,0,0,0
37.7,94,0,0,0,0,0,0,0,0,0,0
37.75,112,0,0,0,0,0,0,0,0,0,0
37.8,93,0,0,0,0,0,0,0,0,0,0
37.85,113,0,0,0,0,0,0,0,0,0,0
37.9,94,0,0,0,0,0,0,0,0,0,0
37.95,93,0,0,0,0,0,0,0,0,0,0
38.0,82,0,0,0,0,0,0,0,0,0,0
38.05,103,0,0,0,0,0,0,0,0,0,0
38.1,125,0,0,0,0,0,0,0,0,0,0
38.15,95,0,0,0,0,0,0,0,0,0,0
38.2,89,0,0,0,0,0,0,0,0,0,0
38.25,88,0,0,0,0,0,0,0,0,0,0
38.3,95,0,0,0,0,0,0,0,0,0,0
38.35,95,0,0,0,0,0,0,0,0,0,0
38.4,104,0,0,0,0,0,0,0,0,0,0
38.45,107,0,0,0,0,0,0,0,0,0,0
38.5,100,0,0,0,0,0,0,0,0,0,0
38.55,101,0,0,0,0,0,0,0,0,0,0
38.6,86,0,0,0,0,0,0,0,0,0,0
38.65,124,0,0,0,0,0,0,0,0,0,0
38.7,108,0,0,0,0,0,0,0,0,0,0
38.75,94,0,0,0,0,0,0,0,0,0,0
38.8,83,0,0,0,0,0,0,0,0,0,0
38.85,98,0,0,0,0,0,0,0,0,0,0
38.9,85,0,0,0,0,0,0,0,0,0,0
38.95,107,0,0,0,0,0,0,0,0,0,0
39.0,103,0,0,0,0,0,0,0,0,0,0
39.05,114,0,0,0,0,0,0,0,0,0,0
39.1,93,0,0,0,0,0,0,0,0,0,0
39.15,100,0,0,0,0,0,0,0,0,0,0
39.2,92,0,0,0,0,0,0,0,0,0,0
39.25,106,0,0,0,0,0,0,0,0,0,0
39.3,106,0,0,0,0,0,0,0,0,0,0
39.35,109,0,0,0,0,0,0,0,0,0,0
39.4,98,0,0,0,0,0,0,0,0,0,0
39.45,108,0,0,0,0,0,0,0,0,0,0
39.5,101,0,0,0,0,0,0,0,0,0,0
39.55,101,0,0,0,0,0,0,0,0,0,0
39.6,99,0,0,0,0,0,0,0,0,0,0
39.65,114,0,0,0,0,0,0,0,0,0,0
39.7,110,0,0,0,0,0,0,0,0,0,0
39.75,92,0,0,0,0,0,0,0,0,0,0
39.8,115,0,0,0,0,0,0,0,0,0,0
39.85,99,0,0,0,0,0,0,0,0,0,0
39.9,86,0,0,0,0,0,0,0,0,0,0
39.95,89,0,0,0,0,0,0,0,0,0,0
40.0,90,0,0,0,0,0,0,0,0,0,0
40.05,100,0,0,0,0,0,0,0,0,0,0
40.1,103,0,0,0,0,0,0,0,0,0,0
40.15,107,0,0,0,0,0,0,0,0,0,0
40.2,114,0,0,0,0,0,0,0,0,0,0
40.25,100,0,0,0,0,0,0,0,0,0,0
40.3,91,0,0,0,0,0,0,0,0,0,0
40.35,115,0,0,0,0,0,0,0,0,0,0
40.4,116,0,0,0,0,0,0,0,0,0,0
40.45,88,0,0,0,0,0,0,0,0,0,0
40.5,111,0,0,0,0,0,0,0,0,0,0
40.55,102,0,0,0,0,0,0,0,0,0,0
40.6,103,0,0,0,0,0,0,0,0,0,0
40.65,101,0,0,0,0,0,0,0,0,0,0
40.7,114,0,0,0,0,0,0,0,0,0,0
40.75,104,0,0,0,0,0,0,0,0,0,0
40.8,100,0,0,0,0,0,0,0,0,0,0
40.85,97,0,0,0,0,0,0,0,0,0,0
40.9,97,0,0,0,0,0,0,0,0,0,0
40.95,118,0,0,0,0,0,0,0,0,0,0
41.0,110,0,0,0,0,0,0,0,0,0,0
41.05,90,0,0,0,0,0,0,0,0,0,0
41.1,100,0,0,0,0,0,0,0,0,0,0
41.15,88,0,0,0,0,0,0,0,0,0,0
41.2,106,0,0,0,0,0,0,0,0,0,0
41.25,103,0,0,0,0,0,0,0,0,0,0
41.3,95,0,0,0,0,0,0,0,0,0,0
41.35,113,0,0,0,0,0,0,0,0,0,0
41.4,103,0,0,0,0,0,0,0,0,0,0
41.45,101,0,0,0,0,0,0,0,0,0,0
41.5,110,0,0,0,0,0,0,0,0,0,0
41.55,96,0,0,0,0,0,0,0,0,0,0
41.6,108,0,0,0,0,0,0,0,0,0,0
41.65,81,0,0,0,0,0,0,0,0,0,0
41.7,107,0,0,0,0,0,0,0,0,0,0
41.75,111,0,0,0,0,0,0,0,0,0,0
41.8,98,0,0,0,0,0,0,0,0,0,0
41.85,95,0,0,0,0,0,0,0,0,0,0
41.9,85,0,0,0,0,0,0,0,0,0,0
41.95,111,0,0,0,0,0,0,0,0,0,0
42.0,93,0,0,0,0,0,0,0,0,0,0
42.05,104,0,0,0,0,0,0,0,0,0,0
42.1,103,0,0,0,0,0,0,0,0,0,0
42.15,102,0,0,0,0,0,0,0,0,0,0
42.2,104,0,0,0,0,0,0,0,0,0,0
42.25,92,0,0,0,0,0,0,0,0,0,0
42.3,105,0,0,0,0,0,0,0,0,0,0
42.35,107,0,0,0,0,0,0,0,0,0,0
42.4,107,0,0,0,0,0,0,0,0,0,0
42.45,87,0,0,0,0,0,0,0,0,0,0
42.5,87,0,0,0,0,0,0,0,0,0,0
42.55,104,0,0,0,0,0,0,0,0,0,0
42.6,117,0,0,0,0,0,0,0,0,0,0
42.65,121,0,0,0,0,0,0,0,0,0,0
42.7,102,0,0,0,0,0,0,0,0,0,0
42.75,116,0,0,0,0,0,0,0,0,0,0
42.8,98,0,0,0,0,0,0,0,0,0,0
42.85,97,0,0,0,0,0,0,0,0,0,0
42.9,98,0,0,0,0,0,0,0,0,0,0
42.95,99,0,0,0,0,0,0,0,0,0,0
43.0,109,0,0,0,0,0,0,0,0,0,0
43.05,107,0,0,0,0,0,0,0,0,0,0
43.1,79,0,0,0,0,0,0,0,0,0,0
43.15,104,0,0,0,0,0,0,0,0,0,0
43.2,110,0,0,0,0,0,0,0,0,0,0
43.25,119,0,0,0,0,0,0,0,0,0,0
43.3,107,0,0,0,0,0,0,0,0,0,0
43.35,110,0,0,0,0,0,0,0,0,0,0
43.4,104,0,0,0,0,0,0,0,0,0,0
43.45,104,0,0,0,0,0,0,0,0,0,0
43.5,110,0,0,0,0,0,0,0,0,0,0
43.55,102,0,0,0,0,0,0,0,0,0,0
43.6,103,0,0,0,0,0,0,0,0,0,0
43.65,111,0,0,0,0,0,0,0,0,0,0
43.7,112,0,0,0,0,0,0,0,0,0,0
43.75,92,0,0,0,0,0,0,0,0,0,0
43.8,105,0,0,0,0,0,0,0,0,0,0
43.85,109,0,0,0,0,0,0,0,0,0,0
43.9,106,0,0,0,0,0,0,0,0,0,0
43.95,100,0,0,0,0,0,0,0,0,0,0
44.0,115,0,0,0,0,0,0,0,0,0,0
44.05,91,0,0,0,0,0,0,0,0,0,0
44.1,113,0,0,0,0,0,0,0,0,0,0
44.15,107,0,0,0,0,0,0,0,0,0,0
44.2,94,0,0,0,0,0,0,0,0,0,0
44.25,100,0,0,0,0,0,0,0,0,0,0
44.3,97,0,0,0,0,0,0,0,0,0,0
44.35,103,0,0,0,0,0,0,0,0,0,0
44.4,99,0,0,0,0,0,0,0,0,0,0
44.45,108,0,0,0,0,0,0,0,0,0,0
44.5,97,0,0,0,0,0,0,0,0,0,0
44.55,111,0,0,0,0,0,0,0,0,0,0
44.6,94,0,0,0,0,0,0,0,0,0,0
44.65,119,0,0,0,0,0,0,0,0,0,0
44.7,113,0,0,0,0,0,0,0,0,0,0
44.75,107,0,0,0,0,0,0,0,0,0,0
44.8,108,0,0,0,0,0,0,0,0,0,0
44.85,92,0,0,0,0,0,0,0,0,0,0
44.9,93,0,0,0,0,0,0,0,0,0,0
44.95,84,0,0,0,0,0,0,0,0,0,0
45.0,109,0,0,0,0,0,0,0,0,0,0
45.05,108,0,0,0,0,0,0,0,0,0,0
45.1,112,0,0,0,0,0,0,0,0,0,0
45.15,101,0,0,0,0,0,0,0,0,0,0
45.2,132,0,0,0,0,0,0,0,0,0,0
45.25,106,0,0,0,0,0,0,0,0,0,0
45.3,107,0,0,0,0,0,0,0,0,0,0
45.35,100,0,0,0,0,0,0,0,0,0,0
45.4,97,0,0,0,0,0,0,0,0,0,0
45.45,102,0,0,0,0,0,0,0,0,0,0
45.5,109,0,0,0,0,0,0,0,0,0,0
45.55,88,0,0,0,0,0,0,0,0,0,0
45.6,113,0,0,0,0,0,0,0,0,0,0
45.65,111,0,0,0,0,0,0,0,0,0,0
45.7,101,0,0,0,0,0,0,0,0,0,0
45.75,104,0,0,0,0,0,0,0,0,0,0
45.8,97,0,0,0,0,0,0,0,0,0,0
45.85,103,0,0,0,0,0,0,0,0,0,0
45.9,108,0,0,0,0,0,0,0,0,0,0
45.95,102,0,0,0,0,0,0,0,0,0,0
46.0,91,0,0,0,0,0,0,0,0,0,0
46.05,94,0,0,0,0,0,0,0,0,0,0
46.1,96,0,0,0,0,0,0,0,0,0,0
46.15,102,0,0,0,0,0,0,0,0,0,0
46.2,115,0,0,0,0,0,0,0,0,0,0
46.25,100,0,0,0,0,0,0,0,0,0,0
46.3,88,0,0,0,0,0,0,0,0,0,0
46.35,124,0,0,0,0,0,0,0,0,0,0
46.4,98,0,0,0,0,0,0,0,0,0,0
46.45,104,0,0,0,0,0,0,0,0,0,0
46.5,109,0,0,0,0,0,0,0,0,0,0
46.55,92,0,0,0,0,0,0,0,0,0,0
46.6,97,0,0,0,0,0,0,0,0,0,0
46.65,125,0,0,0,0,0,0,0,0,0,0
46.7,104,0,0,0,0,0,0,0,0,0,0
46.75,99,0,0,0,0,0,0,0,0,0,0
46.8,103,0,0,0,0,0,0,0,0,0,0
46.85,93,0,0,0,0,0,0,0,0,0,0
46.9,112,0,0,0,0,0,0,0,0,0,0
46.95,105,0,0,0,0,0,0,0,0,0,0
47.0,97,0,0,0,0,0,0,0,0,0,0
47.05,95,0,0,0,0,0,0,0,0,0,0
47.1,99,0,0,0,0,0,0,0,0,0,0
47.15,91,0,0,0,0,0,0,0,0,0,0
47.2,104,0,0,0,0,0,0,0,0,0,0
47.25,108,0,0,0,0,0,0,0,0,0,0
47.3,117,0,0,0,0,0,0,0,0,0,0
47.35,93,0,0,0,0,0,0,0,0,0,0
47.4,109,0,0,0,0,0,0,0,0,0,0
47.45,111,0,0,0,0,0,0,0,0,0,0
47.5,88,0,0,0,0,0,0,0,0,0,0
47.55,119,0,0,0,0,0,0,0,0,0,0
47.6,98,0,0,0,0,0,0,0,0,0,0
47.65,102,0,0,0,0,0,0,0,0,0,0
47.7,101,0,0,0,0,0,0,0,0,0,0
47.75,115,0,0,0,0,0,0,0,0,0,0
47.8,91,0,0,0,0,0,0,0,0,0,0
47.85,96,0,0,0,0,0,0,0,0,0,0
47.9,104,0,0,0,0,0,0,0,0,0,0
47.95,108,0,0,0,0,0,0,0,0,0,0
48.0,106,0,0,0,0,0,0,0,0,0,0
48.05,87,0,0,0,0,0,0,0,0,0,0
48.1,91,0,0,0,0,0,0,0,0,0,0
48.150000000000006,83,0,0,0,0,0,0,0,0,0,0
48.2,104,0,0,0,0,0,0,0,0,0,0
48.25,106,0,0,0,0,0,0,0,0,0,0
48.3,125,0,0,0,0,0,0,0,0,0,0
48.35,111,0,0,0,0,0,0,0,0,0,0
48.400000000000006,98,0,0,0,0,0,0,0,0,0,0
48.45,103,0,0,0,0,0,0,0,0,0,0
48.5,109,0,0,0,0,0,0,0,0,0,0
48.55,104,0,0,0,0,0,0,0,0,0,0
48.6,85,0,0,0,0,0,0,0,0,0,0
48.650000000000006,107,0,0,0,0,0,0,0,0,0,0
48.7,113,0,0,0,0,0,0,0,0,0,0
48.75,109,0,0,0,0,0,0,0,0,0,0
48.8,90,0,0,0,0,0,0,0,0,0,0
48.85,103,0,0,0,0,0,0,0,0,0,0
48.900000000000006,114,0,0,0,0,0,0,0,0,0,0
48.95,125,0,0,0,0,0,0,0,0,0,0
49.0,94,0,0,0,0,0,0,0,0,0,0
49.05,97,0,0,0,0,0,0,0,0,0,0
49.1,111,0,0,0,0,0,0,0,0,0,0
49.150000000000006,99,0,0,0,0,0,0,0,0,0,0
49.2,113,0,0,0,0,0,0,0,0,0,0
49.25,78,0,0,0,0,0,0,0,0,0,0
49.3,95,0,0,0,0,0,0,0,0,0,0
49.35,115,0,0,0,0,0,0,0,0,0,0
49.400000000000006,104,0,0,0,0,0,0,0,0,0,0
49.45,98,0,0,0,0,0,0,0,0,0,0
49.5,94,0,0,0,0,0,0,0,0,0,0
49.55,92,0,0,0,0,0,0,0,0,0,0
49.6,115,0,0,0,0,0,0,0,0,0,0
49.650000000000006,95,0,0,0,0,0,0,0,0,0,0
49.7,116,0,0,0,0,0,0,0,0,0,0
49.75,91,0,0,0,0,0,0,0,0,0,0
49.8,102,0,0,0,0,0,0,0,0,0,0
49.85,97,0,0,0,0,0,0,0,0,0,0
49.900000000000006,105,0,0,0,0,0,0,0,0,0,0
49.95,100,0,0,0,0,0,0,0,0,0,0
50.0,106,0,0,0,0,0,0,0,0,0,0
50.05,106,0,0,0,0,0,0,0,0,0,0
50.1,114,0,0,0,0,0,0,0,0,0,0
50.150000000000006,103,0,0,0,0,0,0,0,0,0,0
50.2,114,0,0,0,0,0,0,0,0,0,0
50.25,111,0,0,0,0,0,0,0,0,0,0
50.3,84,0,0,0,0,0,0,0,0,0,0
50.35,99,0,0,0,0,0,0,0,0,0,0
50.400000000000006,111,0,0,0,0,0,0,0,0,0,0
50.45,107,0,0,0,0,0,0,0,0,0,0
50.5,122,0,0,0,0,0,0,0,0,0,0
50.55,110,0,0,0,0,0,0,0,0,0,0
50.6,103,0,0,0,0,0,0,0,0,0,0
50.650000000000006,95,0,0,0,0,0,0,0,0,0,0
50.7,92,0,0,0,0,0,0,0,0,0,0
50.75,84,0,0,0,0,0,0,0,0,0,0
50.8,86,0,0,0,0,0,0,0,0,0,0
50.85,103,0,0,0,0,0,0,0,0,0,0
50.900000000000006,121,0,0,0,0,0,0,0,0,0,0
50.95,100,0,0,0,0,0,0,0,0,0,0
51.0,99,0,0,0,0,0,0,0,0,0,0
51.05,116,0,0,0,0,0,0,0,0,0,0
51.1,93,0,0,0,0,0,0,0,0,0,0
51.150000000000006,116,0,0,0,0,0,0,0,0,0,0
51.2,100,0,0,0,0,0,0,0,0,0,0
51.25,90,0,0,0,0,0,0,0,0,0,0
51.3,100,0,0,0,0,0,0,0,0,0,0
51.35,108,0,0,0,0,0,0,0,0,0,0
51.400000000000006,103,0,0,0,0,0,0,0,0,0,0
51.45,113,0,0,0,0,0,0,0,0,0,0
51.5,82,0,0,0,0,0,0,0,0,0,0
51.55,107,0,0,0,0,0,0,0,0,0,0
51.6,106,0,0,0,0,0,0,0,0,0,0
51.650000000000006,103,0,0,0,0,0,0,0,0,0,0
51.7,108,0,0,0,0,0,0,0,0,0,0
51.75,110,0,0,0,0,0,0,0,0,0,0
51.8,107,0,0,0,0,0,0,0,0,0,0
51.85,91,0,0,0,0,0,0,0,0,0,0
51.900000000000006,89,0,0,0,0,0,0,0,0,0,0
51.95,109,0,0,0,0,0,0,0,0,0,0
52.0,101,0,0,0,0,0,0,0,0,0,0
52.05,86,0,0,0,0,0,0,0,0,0,0
52.1,117,0,0,0,0,0,0,0,0,0,0
52.150000000000006,111,0,0,0,0,0,0,0,0,0,0
52.2,100,0,0,0,0,0,0,0,0,0,0
52.25,113,0,0,0,0,0,0,0,0,0,0
52.3,123,0,0,0,0,0,0,0,0,0,0
52.35,107,0,0,0,0,0,0,0,0,0,0
52.400000000000006,101,0,0,0,0,0,0,0,0,0,0
52.45,94,0,0,0,0,0,0,0,0,0,0
52.5,101,0,0,0,0,0,0,0,0,0,0
52.55,100,0,0,0,0,0,0,0,0,0,0
52.6,106,0,0,0,0,0,0,0,0,0,0
52.650000000000006,100,0,0,0,0,0,0,0,0,0,0
52.7,84,0,0,0,0,0,0,0,0,0,0
52.75,109,0,0,0,0,0,0,0,0,0,0
52.8,102,0,0,0,0,0,0,0,0,0,0
52.85,108,0,0,0,0,0,0,0,0,0,0
52.900000000000006,91,0,0,0,0,0,0,0,0,0,0
52.95,98,0,0,0,0,0,0,0,0,0,0
53.0,118,0,0,0,0,0,0,0,0,0,0
53.05,94,0,0,0,0,0,0,0,0,0,0
53.1,95,0,0,0,0,0,0,0,0,0,0
53.150000000000006,102,0,0,0,0,0,0,0,0,0,0
53.2,111,0,0,0,0,0,0,0,0,0,0
53.25,91,0,0,0,0,0,0,0,0,0,0
53.3,113,0,0,0,0,0,0,0,0,0,0
53.35,102,0,0,0,0,0,0,0,0,0,0
53.400000000000006,104,0,0,0,0,0,0,0,0,0,0
53.45,108,0,0,0,0,0,0,0,0,0,0
53.5,90,0,0,0,0,0,0,0,0,0,0
53.55,100,0,0,0,0,0,0,0,0,0,0
53.6,111,0,0,0,0,0,0,0,0,0,0
53.650000000000006,114,0,0,0,0,0,0,0,0,0,0
53.7,90,0,0,0,0,0,0,0,0,0,0
53.75,119,0,0,0,0,0,0,0,0,0,0
53.8,96,0,0,0,0,0,0,0,0,0,0
53.85,109,0,0,0,0,0,0,0,0,0,0
53.900000000000006,93,0,0,0,0,0,0,0,0,0,0
53.95,105,0,0,0,0,0,0,0,0,0,0
54.0,95,0,0,0,0,0,0,0,0,0,0
54.05,98,0,0,0,0,0,0,0,0,0,0
54.1,110,0,0,0,0,0,0,0,0,0,0
54.150000000000006,103,0,0,0,0,0,0,0,0,0,0
54.2,99,0,0,0,0,0,0,0,0,0,0
54.25,110,0,0,0,0,0,0,0,0,0,0
54.3,108,0,0,0,0,0,0,0,0,0,0
54.35,108,0,0,0,0,0,0,0,0,0,0
54.400000000000006,105,0,0,0,0,0,0,0,0,0,0
54.45,85,0,0,0,0,0,0,0,0,0,0
54.5,96,0,0,0,0,0,0,0,0,0,0
54.55,122,0,0,0,0,0,0,0,0,0,0
54.6,95,0,0,0,0,0,0,0,0,0,0
54.650000000000006,121,0,0,0,0,0,0,0,0,0,0
54.7,124,0,0,0,0,0,0,0,0,0,0
54.75,93,0,0,0,0,0,0,0,0,0,0
54.8,90,0,0,0,0,0,0,0,0,0,0
54.85,107,0,0,0,0,0,0,0,0,0,0
54.900000000000006,120,0,0,0,0,0,0,0,0,0,0
54.95,91,0,0,0,0,0,0,0,0,0,0
55.0,110,0,0,0,0,0,0,0,0,0,0
55.05,94,0,0,0,0,0,0,0,0,0,0
55.1,99,0,0,0,0,0,0,0,0,0,0
55.150000000000006,118,0,0,0,0,0,0,0,0,0,0
55.2,100,0,0,0,0,0,0,0,0,0,0
55.25,106,0,0,0,0,0,0,0,0,0,0
55.3,107,0,0,0,0,0,0,0,0,0,0
55.35,90,0,0,0,0,0,0,0,0,0,0
55.400000000000006,105,0,0,0,0,0,0,0,0,0,0
55.45,105,0,0,0,0,0,0,0,0,0,0
55.5,107,0,0,0,0,0,0,0,0,0,0
55.55,102,0,0,0,0,0,0,0,0,0,0
55.6,91,0,0,0,0,0,0,0,0,0,0
55.650000000000006,111,0,0,0,0,0,0,0,0,0,0
55.7,112,0,0,0,0,0,0,0,0,0,0
55.75,82,0,0,0,0,0,0,0,0,0,0
55.8,105,0,0,0,0,0,0,0,0,0,0
55.85,92,0,0,0,0,0,0,0,0,0,0
55.900000000000006,100,0,0,0,0,0,0,0,0,0,0
55.95,92,0,0,0,0,0,0,0,0,0,0
56.0,116,0,0,0,0,0,0,0,0,0,0
56.05,103,0,0,0,0,0,0,0,0,0,0
56.1,99,0,0,0,0,0,0,0,0,0,0
56.150000000000006,119,0,0,0,0,0,0,0,0,0,0
56.2,84,0,0,0,0,0,0,0,0,0,0
56.25,99,0,0,0,0,0,0,0,0,0,0
56.3,105,0,0,0,0,0,0,0,0,0,0
56.35,102,0,0,0,0,0,0,0,0,0,0
56.400000000000006,101,0,0,0,0,0,0,0,0,0,0
56.45,108,0,0,0,0,0,0,0,0,0,0
56.5,97,0,0,0,0,0,0,0,0,0,0
56.55,102,0,0,0,0,0,0,0,0,0,0
56.6,106,0,0,0,0,0,0,0,0,0,0
56.650000000000006,98,0,0,0,0,0,0,0,0,0,0
56.7,100,0,0,0,0,0,0,0,0,0,0
56.75,104,0,0,0,0,0,0,0,0,0,0
56.8,107,0,0,0,0,0,0,0,0,0,0
56.85,106,0,0,0,0,0,0,0,0,0,0
56.900000000000006,97,0,0,0,0,0,0,0,0,0,0
56.95,104,0,0,0,0,0,0,0,0,0,0
57.0,92,0,0,0,0,0,0,0,0,0,0
57.05,106,0,0,0,0,0,0,0,0,0,0
57.1,108,0,0,0,0,0,0,0,0,0,0
57.150000000000006,95,0,0,0,0,0,0,0,0,0,0
57.2,100,0,0,0,0,0,0,0,0,0,0
57.25,105,0,0,0,0,0,0,0,0,0,0
57.3,98,0,0,0,0,0,0,0,0,0,0
57.35,104,0,0,0,0,0,0,0,0,0,0
57.400000000000006,103,0,0,0,0,0,0,0,0,0,0
57.45,103,0,0,0,0,0,0,0,0,0,0
57.5,96,0,0,0,0,0,0,0,0,0,0
57.55,107,0,0,0,0,0,0,0,0,0,0
57.6,103,0,0,0,0,0,0,0,0,0,0
57.650000000000006,105,0,0,0,0,0,0,0,0,0,0
57.7,106,0,0,0,0,0,0,0,0,0,0
57.75,100,0,0,0,0,0,0,0,0,0,0
57.8,120,0,0,0,0,0,0,0,0,0,0
57.85,94,0,0,0,0,0,0,0,0,0,0
57.900000000000006,88,0,0,0,0,0,0,0,0,0,0
57.95,94,0,0,0,0,0,0,0,0,0,0
58.0,96,0,0,0,0,0,0,0,0,0,0
58.05,119,0,0,0,0,0,0,0,0,0,0
58.1,106,0,0,0,0,0,0,0,0,0,0
58.150000000000006,109,0,0,0,0,0,0,0,0,0,0
58.2,96,0,0,0,0,0,0,0,0,0,0
58.25,88,0,0,0,0,0,0,0,0,0,0
58.3,97,0,0,0,0,0,0,0,0,0,0
58.35,107,0,0,0,0,0,0,0,0,0,0
58.400000000000006,106,0,0,0,0,0,0,0,0,0,0
58.45,109,0,0,0,0,0,0,0,0,0,0
58.5,114,0,0,0,0,0,0,0,0,0,0
58.55,114,0,0,0,0,0,0,0,0,0,0
58.6,104,0,0,0,0,0,0,0,0,0,0
58.650000000000006,96,0,0,0,0,0,0,0,0,0,0
58.7,94,0,0,0,0,0,0,0,0,0,0
58.75,98,0,0,0,0,0,0,0,0,0,0
58.8,105,0,0,0,0,0,0,0,0,0,0
58.85,103,0,0,0,0,0,0,0,0,0,0
58.900000000000006,109,0,0,0,0,0,0,0,0,0,0
58.95,91,0,0,0,0,0,0,0,0,0,0
59.0,115,0,0,0,0,0,0,0,0,0,0
59.05,97,0,0,0,0,0,0,0,0,0,0
59.1,122,0,0,0,0,0,0,0,0,0,0
59.150000000000006,92,0,0,0,0,0,0,0,0,0,0
59.2,104,0,0,0,0,0,0,0,0,0,0
59.25,99,0,0,0,0,0,0,0,0,0,0
59.3,99,0,0,0,0,0,0,0,0,0,0
59.35,110,0,0,0,0,0,0,0,0,0,0
59.400000000000006,89,0,0,0,0,0,0,0,0,0,0
59.45,119,0,0,0,0,0,0,0,0,0,0
59.5,94,0,0,0,0,0,0,0,0,0,0
59.55,102,0,0,0,0,0,0,0,0,0,0
59.6,96,0,0,0,0,0,0,0,0,0,0
59.650000000000006,92,0,0,0,0,0,0,0,0,0,0
59.7,108,0,0,0,0,0,0,0,0,0,0
59.75,118,0,0,0,0,0,0,0,0,0,0
59.8,98,0,0,0,0,0,0,0,0,0,0
59.85,102,0,0,0,0,0,0,0,0,0,0
59.900000000000006,96,0,0,0,0,0,0,0,0,0,0
59.95,98,0,0,0,0,0,0,0,0,0,0
60.0,109,0,0,0,0,0,0,0,0,0,0
60.05,105,0,0,0,0,0,0,0,0,0,0
60.1,110,0,0,0,0,0,0,0,0,0,0
60.150000000000006,91,0,0,0,0,0,0,0,0,0,0
60.2,113,0,0,0,0,0,0,0,0,0,0
60.25,105,0,0,0,0,0,0,0,0,0,0
60.3,99,0,0,0,0,0,0,0,0,0,0
60.35,107,0,0,0,0,0,0,0,0,0,0
60.400000000000006,117,0,0,0,0,0,0,0,0,0,0
60.45,82,0,0,0,0,0,0,0,0,0,0
60.5,106,0,0,0,0,0,0,0,0,0,0
60.55,106,0,0,0,0,0,0,0,0,0,0
60.6,94,0,0,0,0,0,0,0,0,0,0
60.650000000000006,104,0,0,0,0,0,0,0,0,0,0
60.7,100,0,0,0,0,0,0,0,0,0,0
60.75,98,0,0,0,0,0,0,0,0,0,0
60.8,120,0,0,0,0,0,0,0,0,0,0
60.85,92,0,0,0,0,0,0,0,0,0,0
60.900000000000006,94,0,0,0,0,0,0,0,0,0,0
60.95,111,0,0,0,0,0,0,0,0,0,0
61.0,101,0,0,0,0,0,0,0,0,0,0
61.05,101,0,0,0,0,0,0,0,0,0,0
61.1,92,0,0,0,0,0,0,0,0,0,0
61.150000000000006,105,0,0,0,0,0,0,0,0,0,0
61.2,111,0,0,0,0,0,0,0,0,0,0
61.25,87,0,0,0,0,0,0,0,0,0,0
61.3,96,0,0,0,0,0,0,0,0,0,0
61.35,104,0,0,0,0,0,0,0,0,0,0
61.400000000000006,107,0,0,0,0,0,0,0,0,0,0
61.45,97,0,0,0,0,0,0,0,0,0,0
61.5,102,0,0,0,0,0,0,0,0,0,0
61.55,102,0,0,0,0,0,0,0,0,0,0
61.6,109,0,0,0,0,0,0,0,0,0,0
61.650000000000006,88,0,0,0,0,0,0,0,0,0,0
61.7,103,0,0,0,0,0,0,0,0,0,0
61.75,108,0,0,0,0,0,0,0,0,0,0
61.8,87,0,0,0,0,0,0,0,0,0,0
61.85,107,0,0,0,0,0,0,0,0,0,0
61.900000000000006,104,0,0,0,0,0,0,0,0,0,0
61.95,95,0,0,0,0,0,0,0,0,0,0
62.0,90,0,0,0,0,0,0,0,0,0,0
62.05,88,0,0,0,0,0,0,0,0,0,0
62.1,115,0,0,0,0,0,0,0,0,0,0
62.150000000000006,113,0,0,0,0,0,0,0,0,0,0
62.2,102,0,0,0,0,0,0,0,0,0,0
62.25,106,0,0,0,0,0,0,0,0,0,0
62.3,91,0,0,0,0,0,0,0,0,0,0
62.35,111,0,0,0,0,0,0,0,0,0,0
62.400000000000006,88,0,0,0,0,0,0,0,0,0,0
62.45,97,0,0,0,0,0,0,0,0,0,0
62.5,116,0,0,0,0,0,0,0,0,0,0
62.55,92,0,0,0,0,0,0,0,0,0,0
62.6,96,0,0,0,0,0,0,0,0,0,0
62.650000000000006,101,0,0,0,0,0,0,0,0,0,0
62.7,107,0,0,0,0,0,0,0,0,0,0
62.75,107,0,0,0,0,0,0,0,0,0,0
62.8,96,0,0,0,0,0,0,0,0,0,0
62.85,108,0,0,0,0,0,0,0,0,0,0
62.900000000000006,92,0,0,0,0,0,0,0,0,0,0
62.95,93,0,0,0,0,0,0,0,0,0,0
63.0,109,0,0,0,0,0,0,0,0,0,0
63.05,94,0,0,0,0,0,0,0,0,0,0
63.1,98,0,0,0,0,0,0,0,0,0,0
63.150000000000006,104,0,0,0,0,0,0,0,0,0,0
63.2,110,0,0,0,0,0,0,0,0,0,0
63.25,98,0,0,0,0,0,0,0,0,0,0
63.3,104,0,0,0,0,0,0,0,0,0,0
63.35,87,0,0,0,0,0,0,0,0,0,0
63.400000000000006,101,0,0,0,0,0,0,0,0,0,0
63.45,91,0,0,0,0,0,0,0,0,0,0
63.5,107,0,0,0,0,0,0,0,0,0,0
63.55,105,0,0,0,0,0,0,0,0,0,0
63.6,106,0,0,0,0,0,0,0,0,0,0
63.650000000000006,89,0,0,0,0,0,0,0,0,0,0
63.7,99,0,0,0,0,0,0,0,0,0,0
63.75,103,0,0,0,0,0,0,0,0,0,0
63.8,106,0,0,0,0,0,0,0,0,0,0
63.85,95,0,0,0,0,0,0,0,0,0,0
63.900000000000006,99,0,0,0,0,0,0,0,0,0,0
63.95,96,0,0,0,0,0,0,0,0,0,0
64.0,96,0,0,0,0,0,0,0,0,0,0
64.05000000000001,91,0,0,0,0,0,0,0,0,0,0
64.1,80,0,0,0,0,0,0,0,0,0,0
64.15,61,0,0,0,0,0,0,0,0,0,0
64.2,41,0,0,0,0,0,0,0,0,0,0
64.25,22,0,0,0,0,0,0,0,0,0,0
64.30000000000001,14,0,0,0,0,0,0,0,0,0,0
64.35,4,0,0,0,0,0,0,0,0,0,0
*****
32 , 0.05 , 100 , 0.3 , 0.7 , 10 , 100 , 0.65 , 1 , 0.65 , 1 , .1
32.0,100,54,94,99,91,0,55,94,94,90,0
32.05,94,37,84,91,75,0,36,84,85,75,0
32.1,92,21,76,92,80,0,21,76,89,80,0
32.15,102,11,89,101,91,0,11,89,96,91,0
32.2,100,5,75,98,84,0,5,75,94,83,0
32.25,96,2,72,95,81,0,2,72,92,81,0
32.3,116,0,72,114,102,0,0,72,113,102,0
32.35,117,0,67,116,96,0,0,67,108,95,0
32.4,86,1,45,85,74,0,1,45,84,74,0
32.45,105,0,57,104,91,0,0,57,100,91,0
32.5,100,0,42,99,88,0,0,42,96,86,0
32.55,95,0,32,93,85,0,0,32,89,84,0
32.6,81,0,27,81,67,0,0,27,79,67,0
32.65,96,0,33,92,84,0,0,33,88,84,0
32.7,105,0,27,104,94,0,0,27,102,92,0
32.75,117,0,26,111,98,0,0,26,108,98,0
32.8,91,0,20,86,70,0,0,20,83,70,0
32.85,117,0,20,116,94,0,0,20,112,94,0
32.9,93,0,10,88,67,0,0,10,87,67,0
32.95,97,0,8,90,83,0,0,8,89,83,0
33.0,97,0,9,92,65,0,0,9,89,65,0
33.05,96,0,9,82,71,0,0,9,80,71,0
33.1,99,0,9,93,68,0,0,9,93,68,0
33.15,93,0,11,86,62,0,0,11,85,62,0
33.2,101,0,5,78,53,0,0,5,76,53,0
33.25,94,0,1,64,42,0,0,1,65,42,0
33.3,101,0,0,71,45,0,0,0,70,45,0
33.35,126,0,2,78,56,0,0,2,78,56,0
33.4,105,0,3,71,51,0,0,3,71,51,0
33.45,95,0,0,49,28,0,0,0,49,28,0
33.5,85,0,0,45,28,0,0,0,45,28,0
33.55,106,0,0,45,36,0,0,0,45,36,0
33.6,92,0,1,42,30,0,0,1,42,30,0
33.65,108,0,1,43,22,0,0,1,43,22,0
33.7,101,0,0,23,12,0,0,0,23,12,0
33.75,108,0,0,26,15,0,0,0,26,15,0
33.8,94,0,0,30,12,0,0,0,30,12,0
33.85,78,0,0,16,8,0,0,0,16,8,0
33.9,106,0,0,15,9,0,0,0,15,9,0
33.95,94,0,0,12,4,0,0,0,12,4,0
34.0,108,0,0,11,4,0,0,0,11,4,0
34.05,110,0,0,7,0,0,0,0,7,0,0
34.1,95,0,0,6,3,0,0,0,6,3,0
34.15,96,0,0,6,6,0,0,0,6,6,0
34.2,107,0,0,2,2,0,0,0,2,2,0
34.25,102,0,0,4,1,0,0,0,4,1,0
34.3,107,0,0,6,1,0,0,0,6,1,0
34.35,96,0,0,3,2,0,0,0,3,2,0
34.4,103,0,0,1,0,0,0,0,1,0,0
34.45,91,0,0,1,0,0,0,0,1,0,0
34.5,98,0,0,1,0,0,0,0,1,0,0
34.55,103,0,0,0,0,0,0,0,0,0,0
34.6,102,0,0,0,0,0,0,0,0,0,0
34.65,104,0,0,1,0,0,0,0,1,0,0
34.7,92,0,0,0,0,0,0,0,0,0,0
34.75,103,0,0,0,0,0,0,0,0,0,0
34.8,99,0,0,0,0,0,0,0,0,0,0
34.85,106,0,0,0,0,0,0,0,0,0,0
34.9,102,0,0,0,0,0,0,0,0,0,0
34.95,108,0,0,0,0,0,0,0,0,0,0
35.0,83,0,0,0,0,0,0,0,0,0,0
35.05,95,0,0,0,0,0,0,0,0,0,0
35.1,101,0,0,0,0,0,0,0,0,0,0
35.15,101,0,0,0,0,0,0,0,0,0,0
35.2,103,0,0,0,0,0,0,0,0,0,0
35.25,86,0,0,0,0,0,0,0,0,0,0
35.3,100,0,0,0,0,0,0,0,0,0,0
35.35,113,0,0,0,0,0,0,0,0,0,0
35.4,105,0,0,0,0,0,0,0,0,0,0
35.45,95,0,0,0,0,0,0,0,0,0,0
35.5,108,0,0,0,0,0,0,0,0,0,0
35.55,110,0,0,0,0,0,0,0,0,0,0
35.6,92,0,0,0,0,0,0,0,0,0,0
35.65,105,0,0,0,0,0,0,0,0,0,0
35.7,89,0,0,0,0,0,0,0,0,0,0
35.75,84,0,0,0,0,0,0,0,0,0,0
35.8,123,0,0,0,0,0,0,0,0,0,0
35.85,103,0,0,0,0,0,0,0,0,0,0
35.9,94,0,0,0,0,0,0,0,0,0,0
35.95,87,0,0,0,0,0,0,0,0,0,0
36.0,106,0,0,0,0,0,0,0,0,0,0
36.05,113,0,0,0,0,0,0,0,0,0,0
36.1,86,0,0,0,0,0,0,0,0,0,0
36.15,93,0,0,0,0,0,0,0,0,0,0
36.2,110,0,0,0,0,0,0,0,0,0,0
36.25,106,0,0,0,0,0,0,0,0,0,0
36.3,99,0,0,0,0,0,0,0,0,0,0
36.35,95,0,0,0,0,0,0,0,0,0,0
36.4,98,0,0,0,0,0,0,0,0,0,0
36.45,83,0,0,0,0,0,0,0,0,0,0
36.5,101,0,0,0,0,0,0,0,0,0,0
36.55,103,0,0,0,0,0,0,0,0,0,0
36.6,104,0,0,0,0,0,0,0,0,0,0
36.65,101,0,0,0,0,0,0,0,0,0,0
36.7,100,0,0,0,0,0,0,0,0,0,0
36.75,95,0,0,0,0,0,0,0,0,0,0
36.8,95,0,0,0,0,0,0,0,0,0,0
36.85,121,0,0,0,0,0,0,0,0,0,0
36.9,93,0,0,0,0,0,0,0,0,0,0
36.95,99,0,0,0,0,0,0,0,0,0,0
37.0,77,0,0,0,0,0,0,0,0,0,0
37.05,122,0,0,0,0,0,0,0,0,0,0
37.1,99,0,0,0,0,0,0,0,0,0,0
37.15,110,0,0,0,0,0,0,0,0,0,0
37.2,89,0,0,0,0,0,0,0,0,0,0
37.25,115,0,0,0,0,0,0,0,0,0,0
37.3,97,0,0,0,0,0,0,0,0,0,0
37.35,99,0,0,0,0,0,0,0,0,0,0
37.4,92,0,0,0,0,0,0,0,0,0,0
37.45,100,0,0,0,0,0,0,0,0,0,0
37.5,111,0,0,0,0,0,0,0,0,0,0
37.55,111,0,0,0,0,0,0,0,0,0,0
37.6,81,0,0,0,0,0,0,0,0,0,0
37.65,83,0,0,0,0,0,0,0,0,0,0
37.7,112,0,0,0,0,0,0,0,0,0,0
37.75,108,0,0,0,0,0,0,0,0,0,0
37.8,89,0,0,0,0,0,0,0,0,0,0
37.85,105,0,0,0,0,0,0,0,0,0,0
37.9,96,0,0,0,0,0,0,0,0,0,0
37.95,105,0,0,0,0,0,0,0,0,0,0
38.0,99,0,0,0,0,0,0,0,0,0,0
38.05,107,0,0,0,0,0,0,0,0,0,0
38.1,91,0,0,0,0,0,0,0,0,0,0
38.15,95,0,0,0,0,0,0,0,0,0,0
38.2,110,0,0,0,0,0,0,0,0,0,0
38.25,86,0,0,0,0,0,0,0,0,0,0
38.3,111,0,0,0,0,0,0,0,0,0,0
38.35,106,0,0,0,0,0,0,0,0,0,0
38.4,108,0,0,0,0,0,0,0,0,0,0
38.45,75,0,0,0,0,0,0,0,0,0,0
38.5,99,0,0,0,0,0,0,0,0,0,0
38.55,93,0,0,0,0,0,0,0,0,0,0
38.6,111,0,0,0,0,0,0,0,0,0,0
38.65,115,0,0,0,0,0,0,0,0,0,0
38.7,101,0,0,0,0,0,0,0,0,0,0
38.75,110,0,0,0,0,0,0,0,0,0,0
38.8,91,0,0,0,0,0,0,0,0,0,0
38.85,90,0,0,0,0,0,0,0,0,0,0
38.9,90,0,0,0,0,0,0,0,0,0,0
38.95,99,0,0,0,0,0,0,0,0,0,0
39.0,102,0,0,0,0,0,0,0,0,0,0
39.05,97,0,0,0,0,0,0,0,0,0,0
39.1,113,0,0,0,0,0,0,0,0,0,0
39.15,113,0,0,0,0,0,0,0,0,0,0
39.2,111,0,0,0,0,0,0,0,0,0,0
39.25,88,0,0,0,0,0,0,0,0,0,0
39.3,93,0,0,0,0,0,0,0,0,0,0
39.35,99,0,0,0,0,0,0,0,0,0,0
39.4,86,0,0,0,0,0,0,0,0,0,0
39.45,97,0,0,0,0,0,0,0,0,0,0
39.5,119,0,0,0,0,0,0,0,0,0,0
39.55,123,0,0,0,0,0,0,0,0,0,0
39.6,102,0,0,0,0,0,0,0,0,0,0
39.65,85,0,0,0,0,0,0,0,0,0,0
39.7,90,0,0,0,0,0,0,0,0,0,0
39.75,103,0,0,0,0,0,0,0,0,0,0
39.8,105,0,0,0,0,0,0,0,0,0,0
39.85,92,0,0,0,0,0,0,0,0,0,0
39.9,80,0,0,0,0,0,0,0,0,0,0
39.95,102,0,0,0,0,0,0,0,0,0,0
40.0,121,0,0,0,0,0,0,0,0,0,0
40.05,92,0,0,0,0,0,0,0,0,0,0
40.1,98,0,0,0,0,0,0,0,0,0,0
40.15,110,0,0,0,0,0,0,0,0,0,0
40.2,101,0,0,0,0,0,0,0,0,0,0
40.25,101,0,0,0,0,0,0,0,0,0,0
40.3,99,0,0,0,0,0,0,0,0,0,0
40.35,96,0,0,0,0,0,0,0,0,0,0
40.4,86,0,0,0,0,0,0,0,0,0,0
40.45,93,0,0,0,0,0,0,0,0,0,0
40.5,116,0,0,0,0,0,0,0,0,0,0
40.55,98,0,0,0,0,0,0,0,0,0,0
40.6,109,0,0,0,0,0,0,0,0,0,0
40.65,95,0,0,0,0,0,0,0,0,0,0
40.7,94,0,0,0,0,0,0,0,0,0,0
40.75,104,0,0,0,0,0,0,0,0,0,0
40.8,95,0,0,0,0,0,0,0,0,0,0
40.85,115,0,0,0,0,0,0,0,0,0,0
40.9,93,0,0,0,0,0,0,0,0,0,0
40.95,88,0,0,0,0,0,0,0,0,0,0
41.0,94,0,0,0,0,0,0,0,0,0,0
41.05,90,0,0,0,0,0,0,0,0,0,0
41.1,107,0,0,0,0,0,0,0,0,0,0
41.15,98,0,0,0,0,0,0,0,0,0,0
41.2,114,0,0,0,0,0,0,0,0,0,0
41.25,96,0,0,0,0,0,0,0,0,0,0
41.3,106,0,0,0,0,0,0,0,0,0,0
41.35,91,0,0,0,0,0,0,0,0,0,0
41.4,99,0,0,0,0,0,0,0,0,0,0
41.45,99,0,0,0,0,0,0,0,0,0,0
41.5,96,0,0,0,0,0,0,0,0,0,0
41.55,92,0,0,0,0,0,0,0,0,0,0
41.6,114,0,0,0,0,0,0,0,0,0,0
41.65,105,0,0,0,0,0,0,0,0,0,0
41.7,100,0,0,0,0,0,0,0,0,0,0
41.75,93,0,0,0,0,0,0,0,0,0,0
41.8,92,0,0,0,0,0,0,0,0,0,0
41.85,94,0,0,0,0,0,0,0,0,0,0
41.9,127,0,0,0,0,0,0,0,0,0,0
41.95,98,0,0,0,0,0,0,0,0,0,0
42.0,100,0,0,0,0,0,0,0,0,0,0
42.05,104,0,0,0,0,0,0,0,0,0,0
42.1,88,0,0,0,0,0,0,0,0,0,0
42.15,76,0,0,0,0,0,0,0,0,0,0
42.2,119,0,0,0,0,0,0,0,0,0,0
42.25,107,0,0,0,0,0,0,0,0,0,0
42.3,87,0,0,0,0,0,0,0,0,0,0
42.35,92,0,0,0,0,0,0,0,0,0,0
42.4,113,0,0,0,0,0,0,0,0,0,0
42.45,85,0,0,0,0,0,0,0,0,0,0
42.5,100,0,0,0,0,0,0,0,0,0,0
42.55,127,0,0,0,0,0,0,0,0,0,0
42.6,98,0,0,0,0,0,0,0,0,0,0
42.65,93,0,0,0,0,0,0,0,0,0,0
42.7,92,0,0,0,0,0,0,0,0,0,0
42.75,95,0,0,0,0,0,0,0,0,0,0
42.8,90,0,0,0,0,0,0,0,0,0,0
42.85,106,0,0,0,0,0,0,0,0,0,0
42.9,97,0,0,0,0,0,0,0,0,0,0
42.95,106,0,0,0,0,0,0,0,0,0,0
43.0,123,0,0,0,0,0,0,0,0,0,0
43.05,93,0,0,0,0,0,0,0,0,0,0
43.1,101,0,0,0,0,0,0,0,0,0,0
43.15,88,0,0,0,0,0,0,0,0,0,0
43.2,99,0,0,0,0,0,0,0,0,0,0
43.25,96,0,0,0,0,0,0,0,0,0,0
43.3,90,0,0,0,0,0,0,0,0,0,0
43.35,87,0,0,0,0,0,0,0,0,0,0
43.4,96,0,0,0,0,0,0,0,0,0,0
43.45,115,0,0,0,0,0,0,0,0,0,0
43.5,98,0,0,0,0,0,0,0,0,0,0
43.55,111,0,0,0,0,0,0,0,0,0,0
43.6,124,0,0,0,0,0,0,0,0,0,0
43.65,94,0,0,0,0,0,0,0,0,0,0
43.7,101,0,0,0,0,0,0,0,0,0,0
43.75,85,0,0,0,0,0,0,0,0,0,0
43.8,100,0,0,0,0,0,0,0,0,0,0
43.85,101,0,0,0,0,0,0,0,0,0,0
43.9,83,0,0,0,0,0,0,0,0,0,0
43.95,114,0,0,0,0,0,0,0,0,0,0
44.0,101,0,0,0,0,0,0,0,0,0,0
44.05,111,0,0,0,0,0,0,0,0,0,0
44.1,107,0,0,0,0,0,0,0,0,0,0
44.15,92,0,0,0,0,0,0,0,0,0,0
44.2,99,0,0,0,0,0,0,0,0,0,0
44.25,83,0,0,0,0,0,0,0,0,0,0
44.3,108,0,0,0,0,0,0,0,0,0,0
44.35,104,0,0,0,0,0,0,0,0,0,0
44.4,106,0,0,0,0,0,0,0,0,0,0
44.45,97,0,0,0,0,0,0,0,0,0,0
44.5,86,0,0,0,0,0,0,0,0,0,0
44.55,96,0,0,0,0,0,0,0,0,0,0
44.6,121,0,0,0,0,0,0,0,0,0,0
44.65,115,0,0,0,0,0,0,0,0,0,0
44.7,90,0,0,0,0,0,0,0,0,0,0
44.75,96,0,0,0,0,0,0,0,0,0,0
44.8,102,0,0,0,0,0,0,0,0,0,0
44.85,88,0,0,0,0,0,0,0,0,0,0
44.9,101,0,0,0,0,0,0,0,0,0,0
44.95,107,0,0,0,0,0,0,0,0,0,0
45.0,105,0,0,0,0,0,0,0,0,0,0
45.05,111,0,0,0,0,0,0,0,0,0,0
45.1,110,0,0,0,0,0,0,0,0,0,0
45.15,88,0,0,0,0,0,0,0,0,0,0
45.2,73,0,0,0,0,0,0,0,0,0,0
45.25,108,0,0,0,0,0,0,0,0,0,0
45.3,102,0,0,0,0,0,0,0,0,0,0
45.35,115,0,0,0,0,0,0,0,0,0,0
45.4,100,0,0,0,0,0,0,0,0,0,0
45.45,91,0,0,0,0,0,0,0,0,0,0
45.5,96,0,0,0,0,0,0,0,0,0,0
45.55,94,0,0,0,0,0,0,0,0,0,0
45.6,109,0,0,0,0,0,0,0,0,0,0
45.65,95,0,0,0,0,0,0,0,0,0,0
45.7,96,0,0,0,0,0,0,0,0,0,0
45.75,100,0,0,0,0,0,0,0,0,0,0
45.8,85,0,0,0,0,0,0,0,0,0,0
45.85,106,0,0,0,0,0,0,0,0,0,0
45.9,99,0,0,0,0,0,0,0,0,0,0
45.95,123,0,0,0,0,0,0,0,0,0,0
46.0,89,0,0,0,0,0,0,0,0,0,0
46.05,85,0,0,0,0,0,0,0,0,0,0
46.1,125,0,0,0,0,0,0,0,0,0,0
46.15,98,0,0,0,0,0,0,0,0,0,0
46.2,90,0,0,0,0,0,0,0,0,0,0
46.25,105,0,0,0,0,0,0,0,0,0,0
46.3,91,0,0,0,0,0,0,0,0,0,0
46.35,111,0,0,0,0,0,0,0,0,0,0
46.4,94,0,0,0,0,0,0,0,0,0,0
46.45,94,0,0,0,0,0,0,0,0,0,0
46.5,103,0,0,0,0,0,0,0,0,0,0
46.55,105,0,0,0,0,0,0,0,0,0,0
46.6,106,0,0,0,0,0,0,0,0,0,0
46.65,108,0,0,0,0,0,0,0,0,0,0
46.7,95,0,0,0,0,0,0,0,0,0,0
46.75,87,0,0,0,0,0,0,0,0,0,0
46.8,97,0,0,0,0,0,0,0,0,0,0
46.85,115,0,0,0,0,0,0,0,0,0,0
46.9,100,0,0,0,0,0,0,0,0,0,0
46.95,94,0,0,0,0,0,0,0,0,0,0
47.0,111,0,0,0,0,0,0,0,0,0,0
47.05,114,0,0,0,0,0,0,0,0,0,0
47.1,88,0,0,0,0,0,0,0,0,0,0
47.15,92,0,0,0,0,0,0,0,0,0,0
47.2,105,0,0,0,0,0,0,0,0,0,0
47.25,76,0,0,0,0,0,0,0,0,0,0
47.3,95,0,0,0,0,0,0,0,0,0,0
47.35,112,0,0,0,0,0,0,0,0,0,0
47.4,115,0,0,0,0,0,0,0,0,0,0
47.45,108,0,0,0,0,0,0,0,0,0,0
47.5,90,0,0,0,0,0,0,0,0,0,0
47.55,92,0,0,0,0,0,0,0,0,0,0
47.6,76,0,0,0,0,0,0,0,0,0,0
47.65,108,0,0,0,0,0,0,0,0,0,0
47.7,107,0,0,0,0,0,0,0,0,0,0
47.75,120,0,0,0,0,0,0,0,0,0,0
47.8,105,0,0,0,0,0,0,0,0,0,0
47.85,103,0,0,0,0,0,0,0,0,0,0
47.9,90,0,0,0,0,0,0,0,0,0,0
47.95,88,0,0,0,0,0,0,0,0,0,0
48.0,114,0,0,0,0,0,0,0,0,0,0
48.05,91,0,0,0,0,0,0,0,0,0,0
48.1,102,0,0,0,0,0,0,0,0,0,0
48.150000000000006,111,0,0,0,0,0,0,0,0,0,0
48.2,90,0,0,0,0,0,0,0,0,0,0
48.25,86,0,0,0,0,0,0,0,0,0,0
48.3,107,0,0,0,0,0,0,0,0,0,0
48.35,121,0,0,0,0,0,0,0,0,0,0
48.400000000000006,106,0,0,0,0,0,0,0,0,0,0
48.45,110,0,0,0,0,0,0,0,0,0,0
48.5,87,0,0,0,0,0,0,0,0,0,0
48.55,93,0,0,0,0,0,0,0,0,0,0
48.6,97,0,0,0,0,0,0,0,0,0,0
48.650000000000006,97,0,0,0,0,0,0,0,0,0,0
48.7,104,0,0,0,0,0,0,0,0,0,0
48.75,87,0,0,0,0,0,0,0,0,0,0
48.8,118,0,0,0,0,0,0,0,0,0,0
48.85,102,0,0,0,0,0,0,0,0,0,0
48.900000000000006,105,0,0,0,0,0,0,0,0,0,0
48.95,107,0,0,0,0,0,0,0,0,0,0
49.0,99,0,0,0,0,0,0,0,0,0,0
49.05,95,0,0,0,0,0,0,0,0,0,0
49.1,101,0,0,0,0,0,0,0,0,0,0
49.150000000000006,104,0,0,0,0,0,0,0,0,0,0
49.2,96,0,0,0,0,0,0,0,0,0,0
49.25,101,0,0,0,0,0,0,0,0,0,0
49.3,98,0,0,0,0,0,0,0,0,0,0
49.35,112,0,0,0,0,0,0,0,0,0,0
49.400000000000006,106,0,0,0,0,0,0,0,0,0,0
49.45,111,0,0,0,0,0,0,0,0,0,0
49.5,88,0,0,0,0,0,0,0,0,0,0
49.55,102,0,0,0,0,0,0,0,0,0,0
49.6,93,0,0,0,0,0,0,0,0,0,0
49.650000000000006,90,0,0,0,0,0,0,0,0,0,0
49.7,117,0,0,0,0,0,0,0,0,0,0
49.75,91,0,0,0,0,0,0,0,0,0,0
49.8,88,0,0,0,0,0,0,0,0,0,0
49.85,106,0,0,0,0,0,0,0,0,0,0
49.900000000000006,112,0,0,0,0,0,0,0,0,0,0
49.95,96,0,0,0,0,0,0,0,0,0,0
50.0,97,0,0,0,0,0,0,0,0,0,0
50.05,99,0,0,0,0,0,0,0,0,0,0
50.1,102,0,0,0,0,0,0,0,0,0,0
50.150000000000006,113,0,0,0,0,0,0,0,0,0,0
50.2,94,0,0,0,0,0,0,0,0,0,0
50.25,108,0,0,0,0,0,0,0,0,0,0
50.3,104,0,0,0,0,0,0,0,0,0,0
50.35,100,0,0,0,0,0,0,0,0,0,0
50.400000000000006,103,0,0,0,0,0,0,0,0,0,0
50.45,84,0,0,0,0,0,0,0,0,0,0
50.5,103,0,0,0,0,0,0,0,0,0,0
50.55,95,0,0,0,0,0,0,0,0,0,0
50.6,101,0,0,0,0,0,0,0,0,0,0
50.650000000000006,88,0,0,0,0,0,0,0,0,0,0
50.7,108,0,0,0,0,0,0,0,0,0,0
50.75,104,0,0,0,0,0,0,0,0,0,0
50.8,96,0,0,0,0,0,0,0,0,0,0
50.85,88,0,0,0,0,0,0,0,0,0,0
50.900000000000006,109,0,0,0,0,0,0,0,0,0,0
50.95,114,0,0,0,0,0,0,0,0,0,0
51.0,105,0,0,0,0,0,0,0,0,0,0
51.05,101,0,0,0,0,0,0,0,0,0,0
51.1,90,0,0,0,0,0,0,0,0,0,0
51.150000000000006,104,0,0,0,0,0,0,0,0,0,0
51.2,97,0,0,0,0,0,0,0,0,0,0
51.25,97,0,0,0,0,0,0,0,0,0,0
51.3,107,0,0,0,0,0,0,0,0,0,0
51.35,93,0,0,0,0,0,0,0,0,0,0
51.400000000000006,96,0,0,0,0,0,0,0,0,0,0
51.45,106,0,0,0,0,0,0,0,0,0,0
51.5,80,0,0,0,0,0,0,0,0,0,0
51.55,108,0,0,0,0,0,0,0,0,0,0
51.6,110,0,0,0,0,0,0,0,0,0,0
51.650000000000006,101,0,0,0,0,0,0,0,0,0,0
51.7,96,0,0,0,0,0,0,0,0,0,0
51.75,96,0,0,0,0,0,0,0,0,0,0
51.8,92,0,0,0,0,0,0,0,0,0,0
51.85,124,0,0,0,0,0,0,0,0,0,0
51.900000000000006,97,0,0,0,0,0,0,0,0,0,0
51.95,95,0,0,0,0,0,0,0,0,0,0
52.0,97,0,0,0,0,0,0,0,0,0,0
52.05,92,0,0,0,0,0,0,0,0,0,0
52.1,108,0,0,0,0,0,0,0,0,0,0
52.150000000000006,110,0,0,0,0,0,0,0,0,0,0
52.2,96,0,0,0,0,0,0,0,0,0,0
52.25,104,0,0,0,0,0,0,0,0,0,0
52.3,109,0,0,0,0,0,0,0,0,0,0
52.35,94,0,0,0,0,0,0,0,0,0,0
52.400000000000006,89,0,0,0,0,0,0,0,0,0,0
52.45,90,0,0,0,0,0,0,0,0,0,0
52.5,88,0,0,0,0,0,0,0,0,0,0
52.55,114,0,0,0,0,0,0,0,0,0,0
52.6,102,0,0,0,0,0,0,0,0,0,0
52.650000000000006,95,0,0,0,0,0,0,0,0,0,0
52.7,116,0,0,0,0,0,0,0,0,0,0
52.75,85,0,0,0,0,0,0,0,0,0,0
52.8,103,0,0,0,0,0,0,0,0,0,0
52.85,100,0,0,0,0,0,0,0,0,0,0
52.900000000000006,96,0,0,0,0,0,0,0,0,0,0
52.95,90,0,0,0,0,0,0,0,0,0,0
53.0,108,0,0,0,0,0,0,0,0,0,0
53.05,94,0,0,0,0,0,0,0,0,0,0
53.1,112,0,0,0,0,0,0,0,0,0,0
53.150000000000006,103,0,0,0,0,0,0,0,0,0,0
53.2,106,0,0,0,0,0,0,0,0,0,0
53.25,89,0,0,0,0,0,0,0,0,0,0
53.3,113,0,0,0,0,0,0,0,0,0,0
53.35,87,0,0,0,0,0,0,0,0,0,0
53.400000000000006,95,0,0,0,0,0,0,0,0,0,0
53.45,117,0,0,0,0,0,0,0,0,0,0
53.5,94,0,0,0,0,0,0,0,0,0,0
53.55,78,0,0,0,0,0,0,0,0,0,0
53.6,102,0,0,0,0,0,0,0,0,0,0
53.650000000000006,89,0,0,0,0,0,0,0,0,0,0
53.7,121,0,0,0,0,0,0,0,0,0,0
53.75,107,0,0,0,0,0,0,0,0,0,0
53.8,108,0,0,0,0,0,0,0,0,0,0
53.85,89,0,0,0,0,0,0,0,0,0,0
53.900000000000006,101,0,0,0,0,0,0,0,0,0,0
53.95,88,0,0,0,0,0,0,0,0,0,0
54.0,110,0,0,0,0,0,0,0,0,0,0
54.05,96,0,0,0,0,0,0,0,0,0,0
54.1,106,0,0,0,0,0,0,0,0,0,0
54.150000000000006,91,0,0,0,0,0,0,0,0,0,0
54.2,107,0,0,0,0,0,0,0,0,0,0
54.25,107,0,0,0,0,0,0,0,0,0,0
54.3,103,0,0,0,0,0,0,0,0,0,0
54.35,104,0,0,0,0,0,0,0,0,0,0
54.400000000000006,99,0,0,0,0,0,0,0,0,0,0
54.45,95,0,0,0,0,0,0,0,0,0,0
54.5,87,0,0,0,0,0,0,0,0,0,0
54.55,103,0,0,0,0,0,0,0,0,0,0
54.6,102,0,0,0,0,0,0,0,0,0,0
54.650000000000006,101,0,0,0,0,0,0,0,0,0,0
54.7,101,0,0,0,0,0,0,0,0,0,0
54.75,103,0,0,0,0,0,0,0,0,0,0
54.8,99,0,0,0,0,0,0,0,0,0,0
54.85,114,0,0,0,0,0,0,0,0,0,0
54.900000000000006,97,0,0,0,0,0,0,0,0,0,0
54.95,100,0,0,0,0,0,0,0,0,0,0
55.0,93,0,0,0,0,0,0,0,0,0,0
55.05,99,0,0,0,0,0,0,0,0,0,0
55.1,92,0,0,0,0,0,0,0,0,0,0
55.150000000000006,99,0,0,0,0,0,0,0,0,0,0
55.2,109,0,0,0,0,0,0,0,0,0,0
55.25,94,0,0,0,0,0,0,0,0,0,0
55.3,86,0,0,0,0,0,0,0,0,0,0
55.35,116,0,0,0,0,0,0,0,0,0,0
55.400000000000006,92,0,0,0,0,0,0,0,0,0,0
55.45,96,0,0,0,0,0,0,0,0,0,0
55.5,100,0,0,0,0,0,0,0,0,0,0
55.55,106,0,0,0,0,0,0,0,0,0,0
55.6,115,0,0,0,0,0,0,0,0,0,0
55.650000000000006,88,0,0,0,0,0,0,0,0,0,0
55.7,91,0,0,0,0,0,0,0,0,0,0
55.75,91,0,0,0,0,0,0,0,0,0,0
55.8,130,0,0,0,0,0,0,0,0,0,0
55.85,74,0,0,0,0,0,0,0,0,0,0
55.900000000000006,108,0,0,0,0,0,0,0,0,0,0
55.95,106,0,0,0,0,0,0,0,0,0,0
56.0,95,0,0,0,0,0,0,0,0,0,0
56.05,98,0,0,0,0,0,0,0,0,0,0
56.1,99,0,0,0,0,0,0,0,0,0,0
56.150000000000006,115,0,0,0,0,0,0,0,0,0,0
56.2,90,0,0,0,0,0,0,0,0,0,0
56.25,107,0,0,0,0,0,0,0,0,0,0
56.3,90,0,0,0,0,0,0,0,0,0,0
56.35,109,0,0,0,0,0,0,0,0,0,0
56.400000000000006,112,0,0,0,0,0,0,0,0,0,0
56.45,113,0,0,0,0,0,0,0,0,0,0
56.5,89,0,0,0,0,0,0,0,0,0,0
56.55,84,0,0,0,0,0,0,0,0,0,0
56.6,98,0,0,0,0,0,0,0,0,0,0
56.650000000000006,106,0,0,0,0,0,0,0,0,0,0
56.7,116,0,0,0,0,0,0,0,0,0,0
56.75,105,0,0,0,0,0,0,0,0,0,0
56.8,103,0,0,0,0,0,0,0,0,0,0
56.85,85,0,0,0,0,0,0,0,0,0,0
56.900000000000006,101,0,0,0,0,0,0,0,0,0,0
56.95,90,0,0,0,0,0,0,0,0,0,0
57.0,121,0,0,0,0,0,0,0,0,0,0
57.05,97,0,0,0,0,0,0,0,0,0,0
57.1,91,0,0,0,0,0,0,0,0,0,0
57.150000000000006,91,0,0,0,0,0,0,0,0,0,0
57.2,102,0,0,0,0,0,0,0,0,0,0
57.25,106,0,0,0,0,0,0,0,0,0,0
57.3,111,0,0,0,0,0,0,0,0,0,0
57.35,90,0,0,0,0,0,0,0,0,0,0
57.400000000000006,96,0,0,0,0,0,0,0,0,0,0
57.45,90,0,0,0,0,0,0,0,0,0,0
57.5,101,0,0,0,0,0,0,0,0,0,0
57.55,119,0,0,0,0,0,0,0,0,0,0
57.6,95,0,0,0,0,0,0,0,0,0,0
57.650000000000006,116,0,0,0,0,0,0,0,0,0,0
57.7,88,0,0,0,0,0,0,0,0,0,0
57.75,91,0,0,0,0,0,0,0,0,0,0
57.8,115,0,0,0,0,0,0,0,0,0,0
57.85,88,0,0,0,0,0,0,0,0,0,0
57.900000000000006,107,0,0,0,0,0,0,0,0,0,0
57.95,101,0,0,0,0,0,0,0,0,0,0
58.0,95,0,0,0,0,0,0,0,0,0,0
58.05,93,0,0,0,0,0,0,0,0,0,0
58.1,106,0,0,0,0,0,0,0,0,0,0
58.150000000000006,112,0,0,0,0,0,0,0,0,0,0
58.2,96,0,0,0,0,0,0,0,0,0,0
58.25,100,0,0,0,0,0,0,0,0,0,0
58.3,93,0,0,0,0,0,0,0,0,0,0
58.35,97,0,0,0,0,0,0,0,0,0,0
58.400000000000006,91,0,0,0,0,0,0,0,0,0,0
58.45,106,0,0,0,0,0,0,0,0,0,0
58.5,114,0,0,0,0,0,0,0,0,0,0
58.55,101,0,0,0,0,0,0,0,0,0,0
58.6,103,0,0,0,0,0,0,0,0,0,0
58.650000000000006,109,0,0,0,0,0,0,0,0,0,0
58.7,100,0,0,0,0,0,0,0,0,0,0
58.75,82,0,0,0,0,0,0,0,0,0,0
58.8,94,0,0,0,0,0,0,0,0,0,0
58.85,94,0,0,0,0,0,0,0,0,0,0
58.900000000000006,106,0,0,0,0,0,0,0,0,0,0
58.95,96,0,0,0,0,0,0,0,0,0,0
59.0,121,0,0,0,0,0,0,0,0,0,0
59.05,114,0,0,0,0,0,0,0,0,0,0
59.1,106,0,0,0,0,0,0,0,0,0,0
59.150000000000006,90,0,0,0,0,0,0,0,0,0,0
59.2,92,0,0,0,0,0,0,0,0,0,0
59.25,103,0,0,0,0,0,0,0,0,0,0
59.3,102,0,0,0,0,0,0,0,0,0,0
59.35,103,0,0,0,0,0,0,0,0,0,0
59.400000000000006,92,0,0,0,0,0,0,0,0,0,0
59.45,102,0,0,0,0,0,0,0,0,0,0
59.5,102,0,0,0,0,0,0,0,0,0,0
59.55,98,0,0,0,0,0,0,0,0,0,0
59.6,101,0,0,0,0,0,0,0,0,0,0
59.650000000000006,121,0,0,0,0,0,0,0,0,0,0
59.7,97,0,0,0,0,0,0,0,0,0,0
59.75,94,0,0,0,0,0,0,0,0,0,0
59.8,97,0,0,0,0,0,0,0,0,0,0
59.85,94,0,0,0,0,0,0,0,0,0,0
59.900000000000006,104,0,0,0,0,0,0,0,0,0,0
59.95,97,0,0,0,0,0,0,0,0,0,0
60.0,111,0,0,0,0,0,0,0,0,0,0
60.05,103,0,0,0,0,0,0,0,0,0,0
60.1,82,0,0,0,0,0,0,0,0,0,0
60.150000000000006,92,0,0,0,0,0,0,0,0,0,0
60.2,101,0,0,0,0,0,0,0,0,0,0
60.25,114,0,0,0,0,0,0,0,0,0,0
60.3,101,0,0,0,0,0,0,0,0,0,0
60.35,115,0,0,0,0,0,0,0,0,0,0
60.400000000000006,94,0,0,0,0,0,0,0,0,0,0
60.45,90,0,0,0,0,0,0,0,0,0,0
60.5,96,0,0,0,0,0,0,0,0,0,0
60.55,109,0,0,0,0,0,0,0,0,0,0
60.6,76,0,0,0,0,0,0,0,0,0,0
60.650000000000006,92,0,0,0,0,0,0,0,0,0,0
60.7,108,0,0,0,0,0,0,0,0,0,0
60.75,122,0,0,0,0,0,0,0,0,0,0
60.8,114,0,0,0,0,0,0,0,0,0,0
60.85,112,0,0,0,0,0,0,0,0,0,0
60.900000000000006,96,0,0,0,0,0,0,0,0,0,0
60.95,99,0,0,0,0,0,0,0,0,0,0
61.0,90,0,0,0,0,0,0,0,0,0,0
61.05,105,0,0,0,0,0,0,0,0,0,0
61.1,77,0,0,0,0,0,0,0,0,0,0
61.150000000000006,92,0,0,0,0,0,0,0,0,0,0
61.2,116,0,0,0,0,0,0,0,0,0,0
61.25,109,0,0,0,0,0,0,0,0,0,0
61.3,110,0,0,0,0,0,0,0,0,0,0
61.35,104,0,0,0,0,0,0,0,0,0,0
61.400000000000006,95,0,0,0,0,0,0,0,0,0,0
61.45,86,0,0,0,0,0,0,0,0,0,0
61.5,93,0,0,0,0,0,0,0,0,0,0
61.55,105,0,0,0,0,0,0,0,0,0,0
61.6,98,0,0,0,0,0,0,0,0,0,0
61.650000000000006,106,0,0,0,0,0,0,0,0,0,0
61.7,90,0,0,0,0,0,0,0,0,0,0
61.75,113,0,0,0,0,0,0,0,0,0,0
61.8,102,0,0,0,0,0,0,0,0,0,0
61.85,105,0,0,0,0,0,0,0,0,0,0
61.900000000000006,96,0,0,0,0,0,0,0,0,0,0
61.95,95,0,0,0,0,0,0,0,0,0,0
62.0,110,0,0,0,0,0,0,0,0,0,0
62.05,81,0,0,0,0,0,0,0,0,0,0
62.1,98,0,0,0,0,0,0,0,0,0,0
62.150000000000006,91,0,0,0,0,0,0,0,0,0,0
62.2,99,0,0,0,0,0,0,0,0,0,0
62.25,113,0,0,0,0,0,0,0,0,0,0
62.3,98,0,0,0,0,0,0,0,0,0,0
62.35,104,0,0,0,0,0,0,0,0,0,0
62.400000000000006,97,0,0,0,0,0,0,0,0,0,0
62.45,115,0,0,0,0,0,0,0,0,0,0
62.5,106,0,0,0,0,0,0,0,0,0,0
62.55,99,0,0,0,0,0,0,0,0,0,0
62.6,105,0,0,0,0,0,0,0,0,0,0
62.650000000000006,73,0,0,0,0,0,0,0,0,0,0
62.7,100,0,0,0,0,0,0,0,0,0,0
62.75,94,0,0,0,0,0,0,0,0,0,0
62.8,83,0,0,0,0,0,0,0,0,0,0
62.85,116,0,0,0,0,0,0,0,0,0,0
62.900000000000006,105,0,0,0,0,0,0,0,0,0,0
62.95,112,0,0,0,0,0,0,0,0,0,0
63.0,105,0,0,0,0,0,0,0,0,0,0
63.05,96,0,0,0,0,0,0,0,0,0,0
63.1,108,0,0,0,0,0,0,0,0,0,0
63.150000000000006,104,0,0,0,0,0,0,0,0,0,0
63.2,91,0,0,0,0,0,0,0,0,0,0
63.25,102,0,0,0,0,0,0,0,0,0,0
63.3,103,0,0,0,0,0,0,0,0,0,0
63.35,77,0,0,0,0,0,0,0,0,0,0
63.400000000000006,111,0,0,0,0,0,0,0,0,0,0
63.45,99,0,0,0,0,0,0,0,0,0,0
63.5,106,0,0,0,0,0,0,0,0,0,0
63.55,109,0,0,0,0,0,0,0,0,0,0
63.6,89,0,0,0,0,0,0,0,0,0,0
63.650000000000006,79,0,0,0,0,0,0,0,0,0,0
63.7,110,0,0,0,0,0,0,0,0,0,0
63.75,99,0,0,0,0,0,0,0,0,0,0
63.8,104,0,0,0,0,0,0,0,0,0,0
63.85,100,0,0,0,0,0,0,0,0,0,0
63.900000000000006,98,0,0,0,0,0,0,0,0,0,0
63.95,93,0,0,0,0,0,0,0,0,0,0
64.0,107,0,0,0,0,0,0,0,0,0,0
64.05000000000001,98,0,0,0,0,0,0,0,0,0,0
64.1,92,0,0,0,0,0,0,0,0,0,0
64.15,105,0,0,0,0,0,0,0,0,0,0
64.2,113,0,0,0,0,0,0,0,0,0,0
64.25,91,0,0,0,0,0,0,0,0,0,0
64.30000000000001,89,0,0,0,0,0,0,0,0,0,0
64.35,84,0,0,0,0,0,0,0,0,0,0
64.4,65,0,0,0,0,0,0,0,0,0,0
64.45,58,0,0,0,0,0,0,0,0,0,0
64.5,48,0,0,0,0,0,0,0,0,0,0
64.55000000000001,28,0,0,0,0,0,0,0,0,0,0
64.6,19,0,0,0,0,0,0,0,0,0,0
64.65,5,0,0,0,0,0,0,0,0,0,0
*****
32 , 0.05 , 100 , 0 , 1 , 10 , 100 , 0.65 , 1 , 0.65 , 1 , .1
32.0,100,63,17,72,82,0,63,17,61,82,0
32.05,88,16,15,55,72,0,16,15,48,72,0
32.1,91,9,10,59,78,0,9,10,46,77,0
32.15,94,2,5,64,78,0,2,5,51,78,0
32.2,91,0,4,64,78,0,0,4,44,78,0
32.25,74,0,0,52,64,0,0,0,48,64,0
32.3,106,0,5,78,88,0,0,5,67,88,0
32.35,90,0,1,66,70,0,0,1,56,70,0
32.4,93,0,1,65,70,0,0,1,53,70,0
32.45,94,0,0,70,79,0,0,0,61,78,0
32.5,88,0,1,59,71,0,0,1,55,69,0
32.55,99,0,0,62,73,0,0,0,56,73,0
32.6,105,0,0,68,74,0,0,0,61,74,0
32.65,97,0,0,58,72,0,0,0,55,72,0
32.7,74,0,0,54,45,0,0,0,46,45,0
32.75,90,0,0,56,51,0,0,0,51,51,0
32.8,83,0,0,40,29,0,0,0,39,29,0
32.85,92,0,0,53,32,0,0,0,51,32,0
32.9,88,0,0,38,31,0,0,0,37,31,0
32.95,95,0,0,33,32,0,0,0,32,32,0
33.0,97,0,0,24,27,0,0,0,22,26,0
33.05,97,0,0,27,20,0,0,0,26,20,0
33.1,101,0,0,28,23,0,0,0,29,23,0
33.15,92,0,0,14,12,0,0,0,15,12,0
33.2,86,0,0,13,8,0,0,0,12,10,0
33.25,97,0,0,6,3,0,0,0,6,3,0
33.3,73,0,0,7,5,0,0,0,6,5,0
33.35,90,0,0,5,4,0,0,0,6,4,0
33.4,81,0,0,6,3,0,0,0,6,3,0
33.45,84,0,0,1,1,0,0,0,1,1,0
33.5,109,0,0,3,1,0,0,0,3,1,0
33.55,87,0,0,1,1,0,0,0,1,1,0
33.6,100,0,0,0,1,0,0,0,0,1,0
33.65,84,0,0,0,0,0,0,0,0,0,0
33.7,81,0,0,0,0,0,0,0,0,0,0
33.75,80,0,0,0,0,0,0,0,0,0,0
33.8,92,0,0,0,0,0,0,0,0,0,0
33.85,86,0,0,0,0,0,0,0,0,0,0
33.9,98,0,0,0,0,0,0,0,0,0,0
33.95,107,0,0,0,0,0,0,0,0,0,0
34.0,102,0,0,0,0,0,0,0,0,0,0
34.05,85,0,0,0,0,0,0,0,0,0,0
34.1,74,0,0,0,0,0,0,0,0,0,0
34.15,83,0,0,0,0,0,0,0,0,0,0
34.2,96,0,0,0,0,0,0,0,0,0,0
34.25,108,0,0,0,0,0,0,0,0,0,0
34.3,80,0,0,0,0,0,0,0,0,0,0
34.35,89,0,0,0,0,0,0,0,0,0,0
34.4,84,0,0,0,0,0,0,0,0,0,0
34.45,91,0,0,0,0,0,0,0,0,0,0
34.5,84,0,0,0,0,0,0,0,0,0,0
34.55,87,0,0,0,0,0,0,0,0,0,0
34.6,81,0,0,0,0,0,0,0,0,0,0
34.65,90,0,0,0,0,0,0,0,0,0,0
34.7,89,0,0,0,0,0,0,0,0,0,0
34.75,87,0,0,0,0,0,0,0,0,0,0
34.8,79,0,0,0,0,0,0,0,0,0,0
34.85,94,0,0,0,0,0,0,0,0,0,0
34.9,82,0,0,0,0,0,0,0,0,0,0
34.95,113,0,0,0,0,0,0,0,0,0,0
35.0,76,0,0,0,0,0,0,0,0,0,0
35.05,113,0,0,0,0,0,0,0,0,0,0
35.1,82,0,0,0,0,0,0,0,0,0,0
35.15,91,0,0,0,0,0,0,0,0,0,0
35.2,90,0,0,0,0,0,0,0,0,0,0
35.25,83,0,0,0,0,0,0,0,0,0,0
35.3,80,0,0,0,0,0,0,0,0,0,0
35.35,101,0,0,0,0,0,0,0,0,0,0
35.4,105,0,0,0,0,0,0,0,0,0,0
35.45,95,0,0,0,0,0,0,0,0,0,0
35.5,89,0,0,0,0,0,0,0,0,0,0
35.55,87,0,0,0,0,0,0,0,0,0,0
35.6,85,0,0,0,0,0,0,0,0,0,0
35.65,82,0,0,0,0,0,0,0,0,0,0
35.7,72,0,0,0,0,0,0,0,0,0,0
35.75,103,0,0,0,0,0,0,0,0,0,0
35.8,97,0,0,0,0,0,0,0,0,0,0
35.85,89,0,0,0,0,0,0,0,0,0,0
35.9,71,0,0,0,0,0,0,0,0,0,0
35.95,82,0,0,0,0,0,0,0,0,0,0
36.0,94,0,0,0,0,0,0,0,0,0,0
36.05,90,0,0,0,0,0,0,0,0,0,0
36.1,86,0,0,0,0,0,0,0,0,0,0
36.15,100,0,0,0,0,0,0,0,0,0,0
36.2,95,0,0,0,0,0,0,0,0,0,0
36.25,94,0,0,0,0,0,0,0,0,0,0
36.3,81,0,0,0,0,0,0,0,0,0,0
36.35,90,0,0,0,0,0,0,0,0,0,0
36.4,76,0,0,0,0,0,0,0,0,0,0
36.45,94,0,0,0,0,0,0,0,0,0,0
36.5,110,0,0,0,0,0,0,0,0,0,0
36.55,101,0,0,0,0,0,0,0,0,0,0
36.6,83,0,0,0,0,0,0,0,0,0,0
36.65,88,0,0,0,0,0,0,0,0,0,0
36.7,110,0,0,0,0,0,0,0,0,0,0
36.75,107,0,0,0,0,0,0,0,0,0,0
36.8,83,0,0,0,0,0,0,0,0,0,0
36.85,88,0,0,0,0,0,0,0,0,0,0
36.9,104,0,0,0,0,0,0,0,0,0,0
36.95,95,0,0,0,0,0,0,0,0,0,0
37.0,99,0,0,0,0,0,0,0,0,0,0
37.05,94,0,0,0,0,0,0,0,0,0,0
37.1,82,0,0,0,0,0,0,0,0,0,0
37.15,90,0,0,0,0,0,0,0,0,0,0
37.2,88,0,0,0,0,0,0,0,0,0,0
37.25,89,0,0,0,0,0,0,0,0,0,0
37.3,80,0,0,0,0,0,0,0,0,0,0
37.35,82,0,0,0,0,0,0,0,0,0,0
37.4,99,0,0,0,0,0,0,0,0,0,0
37.45,88,0,0,0,0,0,0,0,0,0,0
37.5,97,0,0,0,0,0,0,0,0,0,0
37.55,99,0,0,0,0,0,0,0,0,0,0
37.6,99,0,0,0,0,0,0,0,0,0,0
37.65,79,0,0,0,0,0,0,0,0,0,0
37.7,92,0,0,0,0,0,0,0,0,0,0
37.75,102,0,0,0,0,0,0,0,0,0,0
37.8,85,0,0,0,0,0,0,0,0,0,0
37.85,77,0,0,0,0,0,0,0,0,0,0
37.9,79,0,0,0,0,0,0,0,0,0,0
37.95,76,0,0,0,0,0,0,0,0,0,0
38.0,97,0,0,0,0,0,0,0,0,0,0
38.05,91,0,0,0,0,0,0,0,0,0,0
38.1,95,0,0,0,0,0,0,0,0,0,0
38.15,79,0,0,0,0,0,0,0,0,0,0
38.2,97,0,0,0,0,0,0,0,0,0,0
38.25,73,0,0,0,0,0,0,0,0,0,0
38.3,109,0,0,0,0,0,0,0,0,0,0
38.35,86,0,0,0,0,0,0,0,0,0,0
38.4,96,0,0,0,0,0,0,0,0,0,0
38.45,82,0,0,0,0,0,0,0,0,0,0
38.5,77,0,0,0,0,0,0,0,0,0,0
38.55,91,0,0,0,0,0,0,0,0,0,0
38.6,76,0,0,0,0,0,0,0,0,0,0
38.65,88,0,0,0,0,0,0,0,0,0,0
38.7,95,0,0,0,0,0,0,0,0,0,0
38.75,90,0,0,0,0,0,0,0,0,0,0
38.8,97,0,0,0,0,0,0,0,0,0,0
38.85,98,0,0,0,0,0,0,0,0,0,0
38.9,105,0,0,0,0,0,0,0,0,0,0
38.95,100,0,0,0,0,0,0,0,0,0,0
39.0,99,0,0,0,0,0,0,0,0,0,0
39.05,91,0,0,0,0,0,0,0,0,0,0
39.1,82,0,0,0,0,0,0,0,0,0,0
39.15,104,0,0,0,0,0,0,0,0,0,0
39.2,98,0,0,0,0,0,0,0,0,0,0
39.25,125,0,0,0,0,0,0,0,0,0,0
39.3,82,0,0,0,0,0,0,0,0,0,0
39.35,80,0,0,0,0,0,0,0,0,0,0
39.4,78,0,0,0,0,0,0,0,0,0,0
39.45,80,0,0,0,0,0,0,0,0,0,0
39.5,85,0,0,0,0,0,0,0,0,0,0
39.55,86,0,0,0,0,0,0,0,0,0,0
39.6,82,0,0,0,0,0,0,0,0,0,0
39.65,102,0,0,0,0,0,0,0,0,0,0
39.7,90,0,0,0,0,0,0,0,0,0,0
39.75,88,0,0,0,0,0,0,0,0,0,0
39.8,108,0,0,0,0,0,0,0,0,0,0
39.85,81,0,0,0,0,0,0,0,0,0,0
39.9,93,0,0,0,0,0,0,0,0,0,0
39.95,90,0,0,0,0,0,0,0,0,0,0
40.0,95,0,0,0,0,0,0,0,0,0,0
40.05,88,0,0,0,0,0,0,0,0,0,0
40.1,82,0,0,0,0,0,0,0,0,0,0
40.15,86,0,0,0,0,0,0,0,0,0,0
40.2,91,0,0,0,0,0,0,0,0,0,0
40.25,89,0,0,0,0,0,0,0,0,0,0
40.3,83,0,0,0,0,0,0,0,0,0,0
40.35,70,0,0,0,0,0,0,0,0,0,0
40.4,96,0,0,0,0,0,0,0,0,0,0
40.45,94,0,0,0,0,0,0,0,0,0,0
40.5,90,0,0,0,0,0,0,0,0,0,0
40.55,81,0,0,0,0,0,0,0,0,0,0
40.6,119,0,0,0,0,0,0,0,0,0,0
40.65,96,0,0,0,0,0,0,0,0,0,0
40.7,103,0,0,0,0,0,0,0,0,0,0
40.75,89,0,0,0,0,0,0,0,0,0,0
40.8,97,0,0,0,0,0,0,0,0,0,0
40.85,88,0,0,0,0,0,0,0,0,0,0
40.9,90,0,0,0,0,0,0,0,0,0,0
40.95,90,0,0,0,0,0,0,0,0,0,0
41.0,94,0,0,0,0,0,0,0,0,0,0
41.05,81,0,0,0,0,0,0,0,0,0,0
41.1,78,0,0,0,0,0,0,0,0,0,0
41.15,97,0,0,0,0,0,0,0,0,0,0
41.2,97,0,0,0,0,0,0,0,0,0,0
41.25,83,0,0,0,0,0,0,0,0,0,0
41.3,79,0,0,0,0,0,0,0,0,0,0
41.35,86,0,0,0,0,0,0,0,0,0,0
41.4,83,0,0,0,0,0,0,0,0,0,0
41.45,100,0,0,0,0,0,0,0,0,0,0
41.5,92,0,0,0,0,0,0,0,0,0,0
41.55,80,0,0,0,0,0,0,0,0,0,0
41.6,87,0,0,0,0,0,0,0,0,0,0
41.65,85,0,0,0,0,0,0,0,0,0,0
41.7,101,0,0,0,0,0,0,0,0,0,0
41.75,83,0,0,0,0,0,0,0,0,0,0
41.8,74,0,0,0,0,0,0,0,0,0,0
41.85,108,0,0,0,0,0,0,0,0,0,0
41.9,93,0,0,0,0,0,0,0,0,0,0
41.95,74,0,0,0,0,0,0,0,0,0,0
42.0,89,0,0,0,0,0,0,0,0,0,0
42.05,88,0,0,0,0,0,0,0,0,0,0
42.1,95,0,0,0,0,0,0,0,0,0,0
42.15,94,0,0,0,0,0,0,0,0,0,0
42.2,92,0,0,0,0,0,0,0,0,0,0
42.25,82,0,0,0,0,0,0,0,0,0,0
42.3,90,0,0,0,0,0,0,0,0,0,0
42.35,76,0,0,0,0,0,0,0,0,0,0
42.4,94,0,0,0,0,0,0,0,0,0,0
42.45,90,0,0,0,0,0,0,0,0,0,0
42.5,86,0,0,0,0,0,0,0,0,0,0
42.55,87,0,0,0,0,0,0,0,0,0,0
42.6,97,0,0,0,0,0,0,0,0,0,0
42.65,106,0,0,0,0,0,0,0,0,0,0
42.7,84,0,0,0,0,0,0,0,0,0,0
42.75,95,0,0,0,0,0,0,0,0,0,0
42.8,92,0,0,0,0,0,0,0,0,0,0
42.85,96,0,0,0,0,0,0,0,0,0,0
42.9,87,0,0,0,0,0,0,0,0,0,0
42.95,92,0,0,0,0,0,0,0,0,0,0
43.0,87,0,0,0,0,0,0,0,0,0,0
43.05,88,0,0,0,0,0,0,0,0,0,0
43.1,94,0,0,0,0,0,0,0,0,0,0
43.15,71,0,0,0,0,0,0,0,0,0,0
43.2,99,0,0,0,0,0,0,0,0,0,0
43.25,93,0,0,0,0,0,0,0,0,0,0
43.3,88,0,0,0,0,0,0,0,0,0,0
43.35,99,0,0,0,0,0,0,0,0,0,0
43.4,84,0,0,0,0,0,0,0,0,0,0
43.45,119,0,0,0,0,0,0,0,0,0,0
43.5,76,0,0,0,0,0,0,0,0,0,0
43.55,89,0,0,0,0,0,0,0,0,0,0
43.6,79,0,0,0,0,0,0,0,0,0,0
43.65,90,0,0,0,0,0,0,0,0,0,0
43.7,79,0,0,0,0,0,0,0,0,0,0
43.75,90,0,0,0,0,0,0,0,0,0,0
43.8,113,0,0,0,0,0,0,0,0,0,0
43.85,101,0,0,0,0,0,0,0,0,0,0
43.9,92,0,0,0,0,0,0,0,0,0,0
43.95,69,0,0,0,0,0,0,0,0,0,0
44.0,93,0,0,0,0,0,0,0,0,0,0
44.05,100,0,0,0,0,0,0,0,0,0,0
44.1,97,0,0,0,0,0,0,0,0,0,0
44.15,82,0,0,0,0,0,0,0,0,0,0
44.2,90,0,0,0,0,0,0,0,0,0,0
44.25,91,0,0,0,0,0,0,0,0,0,0
44.3,81,0,0,0,0,0,0,0,0,0,0
44.35,98,0,0,0,0,0,0,0,0,0,0
44.4,75,0,0,0,0,0,0,0,0,0,0
44.45,87,0,0,0,0,0,0,0,0,0,0
44.5,95,0,0,0,0,0,0,0,0,0,0
44.55,98,0,0,0,0,0,0,0,0,0,0
44.6,95,0,0,0,0,0,0,0,0,0,0
44.65,94,0,0,0,0,0,0,0,0,0,0
44.7,101,0,0,0,0,0,0,0,0,0,0
44.75,78,0,0,0,0,0,0,0,0,0,0
44.8,94,0,0,0,0,0,0,0,0,0,0
44.85,96,0,0,0,0,0,0,0,0,0,0
44.9,81,0,0,0,0,0,0,0,0,0,0
44.95,86,0,0,0,0,0,0,0,0,0,0
45.0,89,0,0,0,0,0,0,0,0,0,0
45.05,84,0,0,0,0,0,0,0,0,0,0
45.1,100,0,0,0,0,0,0,0,0,0,0
45.15,80,0,0,0,0,0,0,0,0,0,0
45.2,90,0,0,0,0,0,0,0,0,0,0
45.25,88,0,0,0,0,0,0,0,0,0,0
45.3,93,0,0,0,0,0,0,0,0,0,0
45.35,86,0,0,0,0,0,0,0,0,0,0
45.4,74,0,0,0,0,0,0,0,0,0,0
45.45,92,0,0,0,0,0,0,0,0,0,0
45.5,100,0,0,0,0,0,0,0,0,0,0
45.55,94,0,0,0,0,0,0,0,0,0,0
45.6,72,0,0,0,0,0,0,0,0,0,0
45.65,103,0,0,0,0,0,0,0,0,0,0
45.7,101,0,0,0,0,0,0,0,0,0,0
45.75,89,0,0,0,0,0,0,0,0,0,0
45.8,85,0,0,0,0,0,0,0,0,0,0
45.85,104,0,0,0,0,0,0,0,0,0,0
45.9,84,0,0,0,0,0,0,0,0,0,0
45.95,86,0,0,0,0,0,0,0,0,0,0
46.0,89,0,0,0,0,0,0,0,0,0,0
46.05,83,0,0,0,0,0,0,0,0,0,0
46.1,76,0,0,0,0,0,0,0,0,0,0
46.15,91,0,0,0,0,0,0,0,0,0,0
46.2,97,0,0,0,0,0,0,0,0,0,0
46.25,79,0,0,0,0,0,0,0,0,0,0
46.3,78,0,0,0,0,0,0,0,0,0,0
46.35,90,0,0,0,0,0,0,0,0,0,0
46.4,83,0,0,0,0,0,0,0,0,0,0
46.45,93,0,0,0,0,0,0,0,0,0,0
46.5,110,0,0,0,0,0,0,0,0,0,0
46.55,89,0,0,0,0,0,0,0,0,0,0
46.6,98,0,0,0,0,0,0,0,0,0,0
46.65,102,0,0,0,0,0,0,0,0,0,0
46.7,94,0,0,0,0,0,0,0,0,0,0
46.75,81,0,0,0,0,0,0,0,0,0,0
46.8,104,0,0,0,0,0,0,0,0,0,0
46.85,90,0,0,0,0,0,0,0,0,0,0
46.9,64,0,0,0,0,0,0,0,0,0,0
46.95,94,0,0,0,0,0,0,0,0,0,0
47.0,98,0,0,0,0,0,0,0,0,0,0
47.05,83,0,0,0,0,0,0,0,0,0,0
47.1,79,0,0,0,0,0,0,0,0,0,0
47.15,75,0,0,0,0,0,0,0,0,0,0
47.2,91,0,0,0,0,0,0,0,0,0,0
47.25,84,0,0,0,0,0,0,0,0,0,0
47.3,90,0,0,0,0,0,0,0,0,0,0
47.35,95,0,0,0,0,0,0,0,0,0,0
47.4,95,0,0,0,0,0,0,0,0,0,0
47.45,91,0,0,0,0,0,0,0,0,0,0
47.5,94,0,0,0,0,0,0,0,0,0,0
47.55,99,0,0,0,0,0,0,0,0,0,0
47.6,100,0,0,0,0,0,0,0,0,0,0
47.65,86,0,0,0,0,0,0,0,0,0,0
47.7,95,0,0,0,0,0,0,0,0,0,0
47.75,80,0,0,0,0,0,0,0,0,0,0
47.8,86,0,0,0,0,0,0,0,0,0,0
47.85,88,0,0,0,0,0,0,0,0,0,0
47.9,92,0,0,0,0,0,0,0,0,0,0
47.95,95,0,0,0,0,0,0,0,0,0,0
48.0,88,0,0,0,0,0,0,0,0,0,0
48.05,93,0,0,0,0,0,0,0,0,0,0
48.1,88,0,0,0,0,0,0,0,0,0,0
48.150000000000006,83,0,0,0,0,0,0,0,0,0,0
48.2,91,0,0,0,0,0,0,0,0,0,0
48.25,85,0,0,0,0,0,0,0,0,0,0
48.3,96,0,0,0,0,0,0,0,0,0,0
48.35,87,0,0,0,0,0,0,0,0,0,0
48.400000000000006,98,0,0,0,0,0,0,0,0,0,0
48.45,89,0,0,0,0,0,0,0,0,0,0
48.5,95,0,0,0,0,0,0,0,0,0,0
48.55,96,0,0,0,0,0,0,0,0,0,0
48.6,88,0,0,0,0,0,0,0,0,0,0
48.650000000000006,84,0,0,0,0,0,0,0,0,0,0
48.7,95,0,0,0,0,0,0,0,0,0,0
48.75,69,0,0,0,0,0,0,0,0,0,0
48.8,94,0,0,0,0,0,0,0,0,0,0
48.85,91,0,0,0,0,0,0,0,0,0,0
48.900000000000006,86,0,0,0,0,0,0,0,0,0,0
48.95,85,0,0,0,0,0,0,0,0,0,0
49.0,76,0,0,0,0,0,0,0,0,0,0
49.05,98,0,0,0,0,0,0,0,0,0,0
49.1,89,0,0,0,0,0,0,0,0,0,0
49.150000000000006,96,0,0,0,0,0,0,0,0,0,0
49.2,94,0,0,0,0,0,0,0,0,0,0
49.25,104,0,0,0,0,0,0,0,0,0,0
49.3,88,0,0,0,0,0,0,0,0,0,0
49.35,89,0,0,0,0,0,0,0,0,0,0
49.400000000000006,98,0,0,0,0,0,0,0,0,0,0
49.45,106,0,0,0,0,0,0,0,0,0,0
49.5,74,0,0,0,0,0,0,0,0,0,0
49.55,80,0,0,0,0,0,0,0,0,0,0
49.6,101,0,0,0,0,0,0,0,0,0,0
49.650000000000006,77,0,0,0,0,0,0,0,0,0,0
49.7,83,0,0,0,0,0,0,0,0,0,0
49.75,88,0,0,0,0,0,0,0,0,0,0
49.8,86,0,0,0,0,0,0,0,0,0,0
49.85,97,0,0,0,0,0,0,0,0,0,0
49.900000000000006,84,0,0,0,0,0,0,0,0,0,0
49.95,109,0,0,0,0,0,0,0,0,0,0
50.0,99,0,0,0,0,0,0,0,0,0,0
50.05,84,0,0,0,0,0,0,0,0,0,0
50.1,88,0,0,0,0,0,0,0,0,0,0
50.150000000000006,82,0,0,0,0,0,0,0,0,0,0
50.2,85,0,0,0,0,0,0,0,0,0,0
50.25,85,0,0,0,0,0,0,0,0,0,0
50.3,86,0,0,0,0,0,0,0,0,0,0
50.35,93,0,0,0,0,0,0,0,0,0,0
50.400000000000006,102,0,0,0,0,0,0,0,0,0,0
50.45,103,0,0,0,0,0,0,0,0,0,0
50.5,87,0,0,0,0,0,0,0,0,0,0
50.55,93,0,0,0,0,0,0,0,0,0,0
50.6,87,0,0,0,0,0,0,0,0,0,0
50.650000000000006,94,0,0,0,0,0,0,0,0,0,0
50.7,83,0,0,0,0,0,0,0,0,0,0
50.75,118,0,0,0,0,0,0,0,0,0,0
50.8,85,0,0,0,0,0,0,0,0,0,0
50.85,88,0,0,0,0,0,0,0,0,0,0
50.900000000000006,80,0,0,0,0,0,0,0,0,0,0
50.95,83,0,0,0,0,0,0,0,0,0,0
51.0,78,0,0,0,0,0,0,0,0,0,0
51.05,97,0,0,0,0,0,0,0,0,0,0
51.1,80,0,0,0,0,0,0,0,0,0,0
51.150000000000006,90,0,0,0,0,0,0,0,0,0,0
51.2,89,0,0,0,0,0,0,0,0,0,0
51.25,78,0,0,0,0,0,0,0,0,0,0
51.3,87,0,0,0,0,0,0,0,0,0,0
51.35,100,0,0,0,0,0,0,0,0,0,0
51.400000000000006,92,0,0,0,0,0,0,0,0,0,0
51.45,82,0,0,0,0,0,0,0,0,0,0
51.5,101,0,0,0,0,0,0,0,0,0,0
51.55,81,0,0,0,0,0,0,0,0,0,0
51.6,95,0,0,0,0,0,0,0,0,0,0
51.650000000000006,93,0,0,0,0,0,0,0,0,0,0
51.7,79,0,0,0,0,0,0,0,0,0,0
51.75,69,0,0,0,0,0,0,0,0,0,0
51.8,111,0,0,0,0,0,0,0,0,0,0
51.85,96,0,0,0,0,0,0,0,0,0,0
51.900000000000006,97,0,0,0,0,0,0,0,0,0,0
51.95,68,0,0,0,0,0,0,0,0,0,0
52.0,85,0,0,0,0,0,0,0,0,0,0
52.05,100,0,0,0,0,0,0,0,0,0,0
52.1,89,0,0,0,0,0,0,0,0,0,0
52.150000000000006,74,0,0,0,0,0,0,0,0,0,0
52.2,99,0,0,0,0,0,0,0,0,0,0
52.25,88,0,0,0,0,0,0,0,0,0,0
52.3,87,0,0,0,0,0,0,0,0,0,0
52.35,90,0,0,0,0,0,0,0,0,0,0
52.400000000000006,97,0,0,0,0,0,0,0,0,0,0
52.45,92,0,0,0,0,0,0,0,0,0,0
52.5,83,0,0,0,0,0,0,0,0,0,0
52.55,92,0,0,0,0,0,0,0,0,0,0
52.6,99,0,0,0,0,0,0,0,0,0,0
52.650000000000006,102,0,0,0,0,0,0,0,0,0,0
52.7,77,0,0,0,0,0,0,0,0,0,0
52.75,96,0,0,0,0,0,0,0,0,0,0
52.8,93,0,0,0,0,0,0,0,0,0,0
52.85,98,0,0,0,0,0,0,0,0,0,0
52.900000000000006,93,0,0,0,0,0,0,0,0,0,0
52.95,84,0,0,0,0,0,0,0,0,0,0
53.0,89,0,0,0,0,0,0,0,0,0,0
53.05,105,0,0,0,0,0,0,0,0,0,0
53.1,92,0,0,0,0,0,0,0,0,0,0
53.150000000000006,88,0,0,0,0,0,0,0,0,0,0
53.2,82,0,0,0,0,0,0,0,0,0,0
53.25,84,0,0,0,0,0,0,0,0,0,0
53.3,97,0,0,0,0,0,0,0,0,0,0
53.35,91,0,0,0,0,0,0,0,0,0,0
53.400000000000006,90,0,0,0,0,0,0,0,0,0,0
53.45,81,0,0,0,0,0,0,0,0,0,0
53.5,77,0,0,0,0,0,0,0,0,0,0
53.55,100,0,0,0,0,0,0,0,0,0,0
53.6,73,0,0,0,0,0,0,0,0,0,0
53.650000000000006,84,0,0,0,0,0,0,0,0,0,0
53.7,93,0,0,0,0,0,0,0,0,0,0
53.75,87,0,0,0,0,0,0,0,0,0,0
53.8,85,0,0,0,0,0,0,0,0,0,0
53.85,102,0,0,0,0,0,0,0,0,0,0
53.900000000000006,104,0,0,0,0,0,0,0,0,0,0
53.95,98,0,0,0,0,0,0,0,0,0,0
54.0,107,0,0,0,0,0,0,0,0,0,0
54.05,95,0,0,0,0,0,0,0,0,0,0
54.1,85,0,0,0,0,0,0,0,0,0,0
54.150000000000006,88,0,0,0,0,0,0,0,0,0,0
54.2,85,0,0,0,0,0,0,0,0,0,0
54.25,92,0,0,0,0,0,0,0,0,0,0
54.3,88,0,0,0,0,0,0,0,0,0,0
54.35,87,0,0,0,0,0,0,0,0,0,0
54.400000000000006,85,0,0,0,0,0,0,0,0,0,0
54.45,81,0,0,0,0,0,0,0,0,0,0
54.5,110,0,0,0,0,0,0,0,0,0,0
54.55,84,0,0,0,0,0,0,0,0,0,0
54.6,93,0,0,0,0,0,0,0,0,0,0
54.650000000000006,89,0,0,0,0,0,0,0,0,0,0
54.7,75,0,0,0,0,0,0,0,0,0,0
54.75,91,0,0,0,0,0,0,0,0,0,0
54.8,93,0,0,0,0,0,0,0,0,0,0
54.85,95,0,0,0,0,0,0,0,0,0,0
54.900000000000006,76,0,0,0,0,0,0,0,0,0,0
54.95,78,0,0,0,0,0,0,0,0,0,0
55.0,86,0,0,0,0,0,0,0,0,0,0
55.05,91,0,0,0,0,0,0,0,0,0,0
55.1,104,0,0,0,0,0,0,0,0,0,0
55.150000000000006,93,0,0,0,0,0,0,0,0,0,0
55.2,93,0,0,0,0,0,0,0,0,0,0
55.25,106,0,0,0,0,0,0,0,0,0,0
55.3,99,0,0,0,0,0,0,0,0,0,0
55.35,81,0,0,0,0,0,0,0,0,0,0
55.400000000000006,83,0,0,0,0,0,0,0,0,0,0
55.45,107,0,0,0,0,0,0,0,0,0,0
55.5,75,0,0,0,0,0,0,0,0,0,0
55.55,85,0,0,0,0,0,0,0,0,0,0
55.6,108,0,0,0,0,0,0,0,0,0,0
55.650000000000006,94,0,0,0,0,0,0,0,0,0,0
55.7,83,0,0,0,0,0,0,0,0,0,0
55.75,82,0,0,0,0,0,0,0,0,0,0
55.8,87,0,0,0,0,0,0,0,0,0,0
55.85,94,0,0,0,0,0,0,0,0,0,0
55.900000000000006,88,0,0,0,0,0,0,0,0,0,0
55.95,101,0,0,0,0,0,0,0,0,0,0
56.0,87,0,0,0,0,0,0,0,0,0,0
56.05,90,0,0,0,0,0,0,0,0,0,0
56.1,77,0,0,0,0,0,0,0,0,0,0
56.150000000000006,90,0,0,0,0,0,0,0,0,0,0
56.2,100,0,0,0,0,0,0,0,0,0,0
56.25,79,0,0,0,0,0,0,0,0,0,0
56.3,99,0,0,0,0,0,0,0,0,0,0
56.35,98,0,0,0,0,0,0,0,0,0,0
56.400000000000006,87,0,0,0,0,0,0,0,0,0,0
56.45,90,0,0,0,0,0,0,0,0,0,0
56.5,93,0,0,0,0,0,0,0,0,0,0
56.55,112,0,0,0,0,0,0,0,0,0,0
56.6,77,0,0,0,0,0,0,0,0,0,0
56.650000000000006,85,0,0,0,0,0,0,0,0,0,0
56.7,91,0,0,0,0,0,0,0,0,0,0
56.75,101,0,0,0,0,0,0,0,0,0,0
56.8,95,0,0,0,0,0,0,0,0,0,0
56.85,93,0,0,0,0,0,0,0,0,0,0
56.900000000000006,75,0,0,0,0,0,0,0,0,0,0
56.95,90,0,0,0,0,0,0,0,0,0,0
57.0,94,0,0,0,0,0,0,0,0,0,0
57.05,92,0,0,0,0,0,0,0,0,0,0
57.1,105,0,0,0,0,0,0,0,0,0,0
57.150000000000006,94,0,0,0,0,0,0,0,0,0,0
57.2,89,0,0,0,0,0,0,0,0,0,0
57.25,99,0,0,0,0,0,0,0,0,0,0
57.3,107,0,0,0,0,0,0,0,0,0,0
57.35,86,0,0,0,0,0,0,0,0,0,0
57.400000000000006,88,0,0,0,0,0,0,0,0,0,0
57.45,93,0,0,0,0,0,0,0,0,0,0
57.5,69,0,0,0,0,0,0,0,0,0,0
57.55,90,0,0,0,0,0,0,0,0,0,0
57.6,87,0,0,0,0,0,0,0,0,0,0
57.650000000000006,104,0,0,0,0,0,0,0,0,0,0
57.7,98,0,0,0,0,0,0,0,0,0,0
57.75,106,0,0,0,0,0,0,0,0,0,0
57.8,71,0,0,0,0,0,0,0,0,0,0
57.85,90,0,0,0,0,0,0,0,0,0,0
57.900000000000006,94,0,0,0,0,0,0,0,0,0,0
57.95,89,0,0,0,0,0,0,0,0,0,0
58.0,90,0,0,0,0,0,0,0,0,0,0
58.05,88,0,0,0,0,0,0,0,0,0,0
58.1,92,0,0,0,0,0,0,0,0,0,0
58.150000000000006,73,0,0,0,0,0,0,0,0,0,0
58.2,89,0,0,0,0,0,0,0,0,0,0
58.25,98,0,0,0,0,0,0,0,0,0,0
58.3,99,0,0,0,0,0,0,0,0,0,0
58.35,94,0,0,0,0,0,0,0,0,0,0
58.400000000000006,90,0,0,0,0,0,0,0,0,0,0
58.45,81,0,0,0,0,0,0,0,0,0,0
58.5,99,0,0,0,0,0,0,0,0,0,0
58.55,83,0,0,0,0,0,0,0,0,0,0
58.6,100,0,0,0,0,0,0,0,0,0,0
58.650000000000006,104,0,0,0,0,0,0,0,0,0,0
58.7,90,0,0,0,0,0,0,0,0,0,0
58.75,92,0,0,0,0,0,0,0,0,0,0
58.8,93,0,0,0,0,0,0,0,0,0,0
58.85,88,0,0,0,0,0,0,0,0,0,0
58.900000000000006,94,0,0,0,0,0,0,0,0,0,0
58.95,92,0,0,0,0,0,0,0,0,0,0
59.0,87,0,0,0,0,0,0,0,0,0,0
59.05,95,0,0,0,0,0,0,0,0,0,0
59.1,85,0,0,0,0,0,0,0,0,0,0
59.150000000000006,85,0,0,0,0,0,0,0,0,0,0
59.2,97,0,0,0,0,0,0,0,0,0,0
59.25,89,0,0,0,0,0,0,0,0,0,0
59.3,91,0,0,0,0,0,0,0,0,0,0
59.35,71,0,0,0,0,0,0,0,0,0,0
59.400000000000006,82,0,0,0,0,0,0,0,0,0,0
59.45,115,0,0,0,0,0,0,0,0,0,0
59.5,97,0,0,0,0,0,0,0,0,0,0
59.55,90,0,0,0,0,0,0,0,0,0,0
59.6,85,0,0,0,0,0,0,0,0,0,0
59.650000000000006,84,0,0,0,0,0,0,0,0,0,0
59.7,93,0,0,0,0,0,0,0,0,0,0
59.75,84,0,0,0,0,0,0,0,0,0,0
59.8,79,0,0,0,0,0,0,0,0,0,0
59.85,107,0,0,0,0,0,0,0,0,0,0
59.900000000000006,98,0,0,0,0,0,0,0,0,0,0
59.95,90,0,0,0,0,0,0,0,0,0,0
60.0,88,0,0,0,0,0,0,0,0,0,0
60.05,90,0,0,0,0,0,0,0,0,0,0
60.1,94,0,0,0,0,0,0,0,0,0,0
60.150000000000006,82,0,0,0,0,0,0,0,0,0,0
60.2,101,0,0,0,0,0,0,0,0,0,0
60.25,91,0,0,0,0,0,0,0,0,0,0
60.3,97,0,0,0,0,0,0,0,0,0,0
60.35,99,0,0,0,0,0,0,0,0,0,0
60.400000000000006,86,0,0,0,0,0,0,0,0,0,0
60.45,86,0,0,0,0,0,0,0,0,0,0
60.5,80,0,0,0,0,0,0,0,0,0,0
60.55,84,0,0,0,0,0,0,0,0,0,0
60.6,84,0,0,0,0,0,0,0,0,0,0
60.650000000000006,89,0,0,0,0,0,0,0,0,0,0
60.7,86,0,0,0,0,0,0,0,0,0,0
60.75,77,0,0,0,0,0,0,0,0,0,0
60.8,103,0,0,0,0,0,0,0,0,0,0
60.85,82,0,0,0,0,0,0,0,0,0,0
60.900000000000006,81,0,0,0,0,0,0,0,0,0,0
60.95,112,0,0,0,0,0,0,0,0,0,0
61.0,95,0,0,0,0,0,0,0,0,0,0
61.05,95,0,0,0,0,0,0,0,0,0,0
61.1,78,0,0,0,0,0,0,0,0,0,0
61.150000000000006,90,0,0,0,0,0,0,0,0,0,0
61.2,80,0,0,0,0,0,0,0,0,0,0
61.25,90,0,0,0,0,0,0,0,0,0,0
61.3,81,0,0,0,0,0,0,0,0,0,0
61.35,81,0,0,0,0,0,0,0,0,0,0
61.400000000000006,105,0,0,0,0,0,0,0,0,0,0
61.45,101,0,0,0,0,0,0,0,0,0,0
61.5,87,0,0,0,0,0,0,0,0,0,0
61.55,102,0,0,0,0,0,0,0,0,0,0
61.6,88,0,0,0,0,0,0,0,0,0,0
61.650000000000006,94,0,0,0,0,0,0,0,0,0,0
61.7,91,0,0,0,0,0,0,0,0,0,0
61.75,91,0,0,0,0,0,0,0,0,0,0
61.8,99,0,0,0,0,0,0,0,0,0,0
61.85,67,0,0,0,0,0,0,0,0,0,0
61.900000000000006,83,0,0,0,0,0,0,0,0,0,0
61.95,83,0,0,0,0,0,0,0,0,0,0
62.0,79,0,0,0,0,0,0,0,0,0,0
62.05,104,0,0,0,0,0,0,0,0,0,0
62.1,80,0,0,0,0,0,0,0,0,0,0
62.150000000000006,99,0,0,0,0,0,0,0,0,0,0
62.2,99,0,0,0,0,0,0,0,0,0,0
62.25,88,0,0,0,0,0,0,0,0,0,0
62.3,102,0,0,0,0,0,0,0,0,0,0
62.35,97,0,0,0,0,0,0,0,0,0,0
62.400000000000006,88,0,0,0,0,0,0,0,0,0,0
62.45,94,0,0,0,0,0,0,0,0,0,0
62.5,96,0,0,0,0,0,0,0,0,0,0
62.55,80,0,0,0,0,0,0,0,0,0,0
62.6,91,0,0,0,0,0,0,0,0,0,0
62.650000000000006,108,0,0,0,0,0,0,0,0,0,0
62.7,67,0,0,0,0,0,0,0,0,0,0
62.75,95,0,0,0,0,0,0,0,0,0,0
62.8,77,0,0,0,0,0,0,0,0,0,0
62.85,100,0,0,0,0,0,0,0,0,0,0
62.900000000000006,88,0,0,0,0,0,0,0,0,0,0
62.95,89,0,0,0,0,0,0,0,0,0,0
63.0,100,0,0,0,0,0,0,0,0,0,0
63.05,74,0,0,0,0,0,0,0,0,0,0
63.1,84,0,0,0,0,0,0,0,0,0,0
63.150000000000006,91,0,0,0,0,0,0,0,0,0,0
63.2,80,0,0,0,0,0,0,0,0,0,0
63.25,91,0,0,0,0,0,0,0,0,0,0
63.3,87,0,0,0,0,0,0,0,0,0,0
63.35,119,0,0,0,0,0,0,0,0,0,0
63.400000000000006,84,0,0,0,0,0,0,0,0,0,0
63.45,102,0,0,0,0,0,0,0,0,0,0
63.5,78,0,0,0,0,0,0,0,0,0,0
63.55,92,0,0,0,0,0,0,0,0,0,0
63.6,76,0,0,0,0,0,0,0,0,0,0
63.650000000000006,100,0,0,0,0,0,0,0,0,0,0
63.7,104,0,0,0,0,0,0,0,0,0,0
63.75,90,0,0,0,0,0,0,0,0,0,0
63.8,83,0,0,0,0,0,0,0,0,0,0
63.85,92,0,0,0,0,0,0,0,0,0,0
63.900000000000006,97,0,0,0,0,0,0,0,0,0,0
63.95,91,0,0,0,0,0,0,0,0,0,0
64.0,73,0,0,0,0,0,0,0,0,0,0
64.05000000000001,78,0,0,0,0,0,0,0,0,0,0
64.1,88,0,0,0,0,0,0,0,0,0,0
64.15,87,0,0,0,0,0,0,0,0,0,0
64.2,56,0,0,0,0,0,0,0,0,0,0
64.25,53,0,0,0,0,0,0,0,0,0,0
64.30000000000001,65,0,0,0,0,0,0,0,0,0,0
64.35,71,0,0,0,0,0,0,0,0,0,0
64.4,49,0,0,0,0,0,0,0,0,0,0
64.45,50,0,0,0,0,0,0,0,0,0,0
64.5,45,0,0,0,0,0,0,0,0,0,0
64.55000000000001,45,0,0,0,0,0,0,0,0,0,0
64.6,37,0,0,0,0,0,0,0,0,0,0
64.65,29,0,0,0,0,0,0,0,0,0,0
64.7,21,0,0,0,0,0,0,0,0,0,0
64.75,24,0,0,0,0,0,0,0,0,0,0
64.80000000000001,15,0,0,0,0,0,0,0,0,0,0
64.85,11,0,0,0,0,0,0,0,0,0,0
64.9,2,0,0,0,0,0,0,0,0,0,0
64.95,4,0,0,0,0,0,0,0,0,0,0
