*****
16 , 0.05 , 1000 , 0 , 0.4 , 10 , 100 , 0.65 , 1 , 0.65 , 1 , .01
16.0,1000,1000,995,1000,1000,0,1000,995,1000,1000,0
16.05,975,975,963,975,975,0,975,963,975,975,0
16.1,974,974,963,974,974,0,974,963,974,974,0
16.15,1022,1022,1003,1022,1022,0,1022,1003,1022,1022,0
16.2,932,932,910,932,932,0,932,910,932,932,0
16.25,1010,1010,969,1010,1010,0,1010,969,1010,1010,0
16.3,923,923,866,923,923,0,923,866,923,923,0
16.35,956,956,880,956,956,0,956,880,956,956,0
16.4,1033,1033,921,1033,1033,0,1033,921,1033,1033,0
16.45,969,969,824,969,969,0,969,824,969,969,0
16.5,963,963,783,963,963,0,963,783,963,963,0
16.55,986,986,762,986,986,0,986,762,986,986,0
16.6,976,976,711,976,976,0,976,711,976,976,0
16.65,948,948,630,948,948,0,948,630,948,948,0
16.7,1005,1005,566,1005,1005,0,1005,566,1005,1005,0
16.75,992,992,498,992,992,0,992,498,992,992,0
16.8,979,976,421,979,979,0,976,421,979,979,0
16.85,975,969,356,975,973,0,969,356,975,973,0
16.9,1014,1009,316,1014,1011,0,1009,316,1014,1011,0
16.95,984,971,249,983,978,0,971,249,983,978,0
17.0,944,917,186,942,931,0,917,186,942,931,0
17.05,1021,967,151,1016,992,0,967,151,1016,992,0
17.1,961,871,114,958,925,0,871,114,958,925,0
17.15,997,858,71,992,915,0,858,71,992,915,0
17.2,975,776,63,964,848,0,776,63,964,848,0
17.25,1024,691,50,1008,812,0,691,50,1008,812,0
17.3,982,586,25,945,701,0,586,25,945,701,0
17.35,962,475,34,935,615,0,475,34,935,615,0
17.4,978,370,10,927,488,0,370,10,927,488,0
17.45,1029,298,10,961,414,0,298,10,961,414,0
17.5,973,205,7,876,309,0,205,7,876,309,0
17.55,1024,153,4,895,271,0,153,4,895,271,0
17.6,1017,111,3,874,181,0,111,3,874,181,0
17.65,952,70,1,770,134,0,70,1,770,134,0
17.7,976,40,1,743,92,0,40,1,743,92,0
17.75,956,30,2,694,57,0,30,2,694,57,0
17.8,995,23,0,671,45,0,23,0,671,45,0
17.85,1025,14,1,633,31,0,14,1,633,31,0
17.9,956,1,0,546,12,0,1,0,546,12,0
17.95,983,1,0,486,6,0,1,0,486,6,0
18.0,937,1,0,430,3,0,1,0,430,3,0
18.05,973,1,0,397,6,0,1,0,397,6,0
18.1,1008,0,0,339,1,0,0,0,339,1,0
18.15,991,0,0,279,0,0,0,0,279,0,0
18.2,1002,0,0,220,0,0,0,0,220,0,0
18.25,972,0,0,209,0,0,0,0,209,0,0
18.3,964,0,0,178,0,0,0,0,178,0,0
18.35,1015,0,0,113,0,0,0,0,113,0,0
18.4,1050,0,0,112,0,0,0,0,112,0,0
18.45,963,0,0,75,0,0,0,0,75,0,0
18.5,991,0,0,60,0,0,0,0,60,0,0
18.55,975,0,0,32,0,0,0,0,32,0,0
18.6,1040,0,0,32,0,0,0,0,32,0,0
18.65,958,0,0,22,0,0,0,0,22,0,0
18.7,959,0,0,23,0,0,0,0,23,0,0
18.75,970,0,0,11,0,0,0,0,11,0,0
18.8,950,0,0,5,0,0,0,0,5,0,0
18.85,960,0,0,4,0,0,0,0,4,0,0
18.9,1018,0,0,1,0,0,0,0,1,0,0
18.95,977,0,0,2,0,0,0,0,2,0,0
19.0,1021,0,0,4,0,0,0,0,4,0,0
19.05,997,0,0,0,0,0,0,0,0,0,0
19.1,949,0,0,1,0,0,0,0,1,0,0
19.15,988,0,0,0,0,0,0,0,0,0,0
19.2,978,0,0,0,0,0,0,0,0,0,0
19.25,1017,0,0,0,0,0,0,0,0,0,0
19.3,953,0,0,0,0,0,0,0,0,0,0
19.35,953,0,0,0,0,0,0,0,0,0,0
19.4,970,0,0,0,0,0,0,0,0,0,0
19.45,973,0,0,0,0,0,0,0,0,0,0
19.5,1030,0,0,0,0,0,0,0,0,0,0
19.55,964,0,0,0,0,0,0,0,0,0,0
19.6,993,0,0,0,0,0,0,0,0,0,0
19.65,958,0,0,0,0,0,0,0,0,0,0
19.7,940,0,0,0,0,0,0,0,0,0,0
19.75,1006,0,0,0,0,0,0,0,0,0,0
19.8,990,0,0,0,0,0,0,0,0,0,0
19.85,1000,0,0,0,0,0,0,0,0,0,0
19.9,983,0,0,0,0,0,0,0,0,0,0
19.95,1009,0,0,0,0,0,0,0,0,0,0
20.0,993,0,0,0,0,0,0,0,0,0,0
20.05,999,0,0,0,0,0,0,0,0,0,0
20.1,969,0,0,0,0,0,0,0,0,0,0
20.15,992,0,0,0,0,0,0,0,0,0,0
20.2,978,0,0,0,0,0,0,0,0,0,0
20.25,964,0,0,0,0,0,0,0,0,0,0
20.3,1018,0,0,0,0,0,0,0,0,0,0
20.35,1038,0,0,0,0,0,0,0,0,0,0
20.4,950,0,0,0,0,0,0,0,0,0,0
20.45,980,0,0,0,0,0,0,0,0,0,0
20.5,935,0,0,0,0,0,0,0,0,0,0
20.55,1019,0,0,0,0,0,0,0,0,0,0
20.6,949,0,0,0,0,0,0,0,0,0,0
20.65,1036,0,0,0,0,0,0,0,0,0,0
20.7,976,0,0,0,0,0,0,0,0,0,0
20.75,941,0,0,0,0,0,0,0,0,0,0
20.8,986,0,0,0,0,0,0,0,0,0,0
20.85,980,0,0,0,0,0,0,0,0,0,0
20.9,954,0,0,0,0,0,0,0,0,0,0
20.95,1009,0,0,0,0,0,0,0,0,0,0
21.0,973,0,0,0,0,0,0,0,0,0,0
21.05,988,0,0,0,0,0,0,0,0,0,0
21.1,1019,0,0,0,0,0,0,0,0,0,0
21.15,957,0,0,0,0,0,0,0,0,0,0
21.2,1001,0,0,0,0,0,0,0,0,0,0
21.25,997,0,0,0,0,0,0,0,0,0,0
21.3,1007,0,0,0,0,0,0,0,0,0,0
21.35,952,0,0,0,0,0,0,0,0,0,0
21.4,1013,0,0,0,0,0,0,0,0,0,0
21.45,998,0,0,0,0,0,0,0,0,0,0
21.5,948,0,0,0,0,0,0,0,0,0,0
21.55,937,0,0,0,0,0,0,0,0,0,0
21.6,1019,0,0,0,0,0,0,0,0,0,0
21.65,1026,0,0,0,0,0,0,0,0,0,0
21.7,966,0,0,0,0,0,0,0,0,0,0
21.75,997,0,0,0,0,0,0,0,0,0,0
21.8,1002,0,0,0,0,0,0,0,0,0,0
21.85,976,0,0,0,0,0,0,0,0,0,0
21.9,945,0,0,0,0,0,0,0,0,0,0
21.95,968,0,0,0,0,0,0,0,0,0,0
22.0,992,0,0,0,0,0,0,0,0,0,0
22.05,985,0,0,0,0,0,0,0,0,0,0
22.1,992,0,0,0,0,0,0,0,0,0,0
22.15,1004,0,0,0,0,0,0,0,0,0,0
22.2,961,0,0,0,0,0,0,0,0,0,0
22.25,977,0,0,0,0,0,0,0,0,0,0
22.3,1006,0,0,0,0,0,0,0,0,0,0
22.35,1010,0,0,0,0,0,0,0,0,0,0
22.4,1003,0,0,0,0,0,0,0,0,0,0
22.45,949,0,0,0,0,0,0,0,0,0,0
22.5,1011,0,0,0,0,0,0,0,0,0,0
22.55,1009,0,0,0,0,0,0,0,0,0,0
22.6,986,0,0,0,0,0,0,0,0,0,0
22.65,987,0,0,0,0,0,0,0,0,0,0
22.7,1012,0,0,0,0,0,0,0,0,0,0
22.75,944,0,0,0,0,0,0,0,0,0,0
22.8,940,0,0,0,0,0,0,0,0,0,0
22.85,969,0,0,0,0,0,0,0,0,0,0
22.9,962,0,0,0,0,0,0,0,0,0,0
22.95,990,0,0,0,0,0,0,0,0,0,0
23.0,994,0,0,0,0,0,0,0,0,0,0
23.05,985,0,0,0,0,0,0,0,0,0,0
23.1,963,0,0,0,0,0,0,0,0,0,0
23.15,1011,0,0,0,0,0,0,0,0,0,0
23.2,1023,0,0,0,0,0,0,0,0,0,0
23.25,943,0,0,0,0,0,0,0,0,0,0
23.3,987,0,0,0,0,0,0,0,0,0,0
23.35,984,0,0,0,0,0,0,0,0,0,0
23.4,953,0,0,0,0,0,0,0,0,0,0
23.45,942,0,0,0,0,0,0,0,0,0,0
23.5,949,0,0,0,0,0,0,0,0,0,0
23.55,986,0,0,0,0,0,0,0,0,0,0
23.6,979,0,0,0,0,0,0,0,0,0,0
23.65,964,0,0,0,0,0,0,0,0,0,0
23.7,984,0,0,0,0,0,0,0,0,0,0
23.75,1032,0,0,0,0,0,0,0,0,0,0
23.8,970,0,0,0,0,0,0,0,0,0,0
23.85,982,0,0,0,0,0,0,0,0,0,0
23.9,971,0,0,0,0,0,0,0,0,0,0
23.95,1019,0,0,0,0,0,0,0,0,0,0
24.0,1001,0,0,0,0,0,0,0,0,0,0
24.05,993,0,0,0,0,0,0,0,0,0,0
24.1,955,0,0,0,0,0,0,0,0,0,0
24.15,971,0,0,0,0,0,0,0,0,0,0
24.200000000000003,981,0,0,0,0,0,0,0,0,0,0
24.25,1033,0,0,0,0,0,0,0,0,0,0
24.3,957,0,0,0,0,0,0,0,0,0,0
24.35,988,0,0,0,0,0,0,0,0,0,0
24.4,969,0,0,0,0,0,0,0,0,0,0
24.450000000000003,1031,0,0,0,0,0,0,0,0,0,0
24.5,929,0,0,0,0,0,0,0,0,0,0
24.55,946,0,0,0,0,0,0,0,0,0,0
24.6,987,0,0,0,0,0,0,0,0,0,0
24.65,980,0,0,0,0,0,0,0,0,0,0
24.700000000000003,972,0,0,0,0,0,0,0,0,0,0
24.75,1024,0,0,0,0,0,0,0,0,0,0
24.8,969,0,0,0,0,0,0,0,0,0,0
24.85,927,0,0,0,0,0,0,0,0,0,0
24.9,1030,0,0,0,0,0,0,0,0,0,0
24.950000000000003,982,0,0,0,0,0,0,0,0,0,0
25.0,1004,0,0,0,0,0,0,0,0,0,0
25.05,988,0,0,0,0,0,0,0,0,0,0
25.1,979,0,0,0,0,0,0,0,0,0,0
25.15,942,0,0,0,0,0,0,0,0,0,0
25.200000000000003,974,0,0,0,0,0,0,0,0,0,0
25.25,988,0,0,0,0,0,0,0,0,0,0
25.3,1002,0,0,0,0,0,0,0,0,0,0
25.35,999,0,0,0,0,0,0,0,0,0,0
25.4,1002,0,0,0,0,0,0,0,0,0,0
25.450000000000003,936,0,0,0,0,0,0,0,0,0,0
25.5,955,0,0,0,0,0,0,0,0,0,0
25.55,1001,0,0,0,0,0,0,0,0,0,0
25.6,976,0,0,0,0,0,0,0,0,0,0
25.65,985,0,0,0,0,0,0,0,0,0,0
25.700000000000003,1012,0,0,0,0,0,0,0,0,0,0
25.75,995,0,0,0,0,0,0,0,0,0,0
25.8,972,0,0,0,0,0,0,0,0,0,0
25.85,956,0,0,0,0,0,0,0,0,0,0
25.9,1047,0,0,0,0,0,0,0,0,0,0
25.950000000000003,978,0,0,0,0,0,0,0,0,0,0
26.0,1011,0,0,0,0,0,0,0,0,0,0
26.05,964,0,0,0,0,0,0,0,0,0,0
26.1,939,0,0,0,0,0,0,0,0,0,0
26.15,995,0,0,0,0,0,0,0,0,0,0
26.200000000000003,1037,0,0,0,0,0,0,0,0,0,0
26.25,967,0,0,0,0,0,0,0,0,0,0
26.3,964,0,0,0,0,0,0,0,0,0,0
26.35,960,0,0,0,0,0,0,0,0,0,0
26.4,990,0,0,0,0,0,0,0,0,0,0
26.450000000000003,1011,0,0,0,0,0,0,0,0,0,0
26.5,954,0,0,0,0,0,0,0,0,0,0
26.55,1011,0,0,0,0,0,0,0,0,0,0
26.6,975,0,0,0,0,0,0,0,0,0,0
26.65,985,0,0,0,0,0,0,0,0,0,0
26.700000000000003,950,0,0,0,0,0,0,0,0,0,0
26.75,959,0,0,0,0,0,0,0,0,0,0
26.8,988,0,0,0,0,0,0,0,0,0,0
26.85,966,0,0,0,0,0,0,0,0,0,0
26.9,984,0,0,0,0,0,0,0,0,0,0
26.950000000000003,964,0,0,0,0,0,0,0,0,0,0
27.0,1007,0,0,0,0,0,0,0,0,0,0
27.05,983,0,0,0,0,0,0,0,0,0,0
27.1,987,0,0,0,0,0,0,0,0,0,0
27.15,976,0,0,0,0,0,0,0,0,0,0
27.200000000000003,985,0,0,0,0,0,0,0,0,0,0
27.25,986,0,0,0,0,0,0,0,0,0,0
27.3,1021,0,0,0,0,0,0,0,0,0,0
27.35,952,0,0,0,0,0,0,0,0,0,0
27.4,952,0,0,0,0,0,0,0,0,0,0
27.450000000000003,1024,0,0,0,0,0,0,0,0,0,0
27.5,936,0,0,0,0,0,0,0,0,0,0
27.55,926,0,0,0,0,0,0,0,0,0,0
27.6,1033,0,0,0,0,0,0,0,0,0,0
27.65,972,0,0,0,0,0,0,0,0,0,0
27.700000000000003,990,0,0,0,0,0,0,0,0,0,0
27.75,948,0,0,0,0,0,0,0,0,0,0
27.8,1003,0,0,0,0,0,0,0,0,0,0
27.85,998,0,0,0,0,0,0,0,0,0,0
27.9,965,0,0,0,0,0,0,0,0,0,0
27.950000000000003,921,0,0,0,0,0,0,0,0,0,0
28.0,1047,0,0,0,0,0,0,0,0,0,0
28.05,1019,0,0,0,0,0,0,0,0,0,0
28.1,924,0,0,0,0,0,0,0,0,0,0
28.15,932,0,0,0,0,0,0,0,0,0,0
28.200000000000003,980,0,0,0,0,0,0,0,0,0,0
28.25,965,0,0,0,0,0,0,0,0,0,0
28.3,972,0,0,0,0,0,0,0,0,0,0
28.35,976,0,0,0,0,0,0,0,0,0,0
28.4,1020,0,0,0,0,0,0,0,0,0,0
28.450000000000003,926,0,0,0,0,0,0,0,0,0,0
28.5,1020,0,0,0,0,0,0,0,0,0,0
28.55,985,0,0,0,0,0,0,0,0,0,0
28.6,973,0,0,0,0,0,0,0,0,0,0
28.65,975,0,0,0,0,0,0,0,0,0,0
28.700000000000003,969,0,0,0,0,0,0,0,0,0,0
28.75,1011,0,0,0,0,0,0,0,0,0,0
28.8,985,0,0,0,0,0,0,0,0,0,0
28.85,983,0,0,0,0,0,0,0,0,0,0
28.9,961,0,0,0,0,0,0,0,0,0,0
28.950000000000003,1024,0,0,0,0,0,0,0,0,0,0
29.0,1010,0,0,0,0,0,0,0,0,0,0
29.05,973,0,0,0,0,0,0,0,0,0,0
29.1,1025,0,0,0,0,0,0,0,0,0,0
29.15,956,0,0,0,0,0,0,0,0,0,0
29.200000000000003,964,0,0,0,0,0,0,0,0,0,0
29.25,987,0,0,0,0,0,0,0,0,0,0
29.3,928,0,0,0,0,0,0,0,0,0,0
29.35,1013,0,0,0,0,0,0,0,0,0,0
29.4,966,0,0,0,0,0,0,0,0,0,0
29.450000000000003,967,0,0,0,0,0,0,0,0,0,0
29.5,985,0,0,0,0,0,0,0,0,0,0
29.55,977,0,0,0,0,0,0,0,0,0,0
29.6,1039,0,0,0,0,0,0,0,0,0,0
29.65,955,0,0,0,0,0,0,0,0,0,0
29.700000000000003,1003,0,0,0,0,0,0,0,0,0,0
29.75,965,0,0,0,0,0,0,0,0,0,0
29.8,965,0,0,0,0,0,0,0,0,0,0
29.85,980,0,0,0,0,0,0,0,0,0,0
29.9,996,0,0,0,0,0,0,0,0,0,0
29.950000000000003,936,0,0,0,0,0,0,0,0,0,0
30.0,1035,0,0,0,0,0,0,0,0,0,0
30.05,986,0,0,0,0,0,0,0,0,0,0
30.1,1026,0,0,0,0,0,0,0,0,0,0
30.15,959,0,0,0,0,0,0,0,0,0,0
30.200000000000003,988,0,0,0,0,0,0,0,0,0,0
30.25,954,0,0,0,0,0,0,0,0,0,0
30.3,933,0,0,0,0,0,0,0,0,0,0
30.35,1002,0,0,0,0,0,0,0,0,0,0
30.4,1002,0,0,0,0,0,0,0,0,0,0
30.450000000000003,993,0,0,0,0,0,0,0,0,0,0
30.5,996,0,0,0,0,0,0,0,0,0,0
30.55,990,0,0,0,0,0,0,0,0,0,0
30.6,975,0,0,0,0,0,0,0,0,0,0
30.65,959,0,0,0,0,0,0,0,0,0,0
30.700000000000003,1031,0,0,0,0,0,0,0,0,0,0
30.75,964,0,0,0,0,0,0,0,0,0,0
30.8,976,0,0,0,0,0,0,0,0,0,0
30.85,944,0,0,0,0,0,0,0,0,0,0
30.9,971,0,0,0,0,0,0,0,0,0,0
30.950000000000003,988,0,0,0,0,0,0,0,0,0,0
31.0,1002,0,0,0,0,0,0,0,0,0,0
31.05,991,0,0,0,0,0,0,0,0,0,0
31.1,971,0,0,0,0,0,0,0,0,0,0
31.15,941,0,0,0,0,0,0,0,0,0,0
31.200000000000003,974,0,0,0,0,0,0,0,0,0,0
31.25,1009,0,0,0,0,0,0,0,0,0,0
31.3,952,0,0,0,0,0,0,0,0,0,0
31.35,1017,0,0,0,0,0,0,0,0,0,0
31.4,1024,0,0,0,0,0,0,0,0,0,0
31.450000000000003,993,0,0,0,0,0,0,0,0,0,0
31.5,1006,0,0,0,0,0,0,0,0,0,0
31.55,927,0,0,0,0,0,0,0,0,0,0
31.6,994,0,0,0,0,0,0,0,0,0,0
31.65,1000,0,0,0,0,0,0,0,0,0,0
31.700000000000003,951,0,0,0,0,0,0,0,0,0,0
31.75,972,0,0,0,0,0,0,0,0,0,0
31.8,1019,0,0,0,0,0,0,0,0,0,0
31.85,972,0,0,0,0,0,0,0,0,0,0
31.9,956,0,0,0,0,0,0,0,0,0,0
31.950000000000003,1058,0,0,0,0,0,0,0,0,0,0
32.0,937,0,0,0,0,0,0,0,0,0,0
32.05,761,0,0,0,0,0,0,0,0,0,0
32.1,640,0,0,0,0,0,0,0,0,0,0
32.150000000000006,587,0,0,0,0,0,0,0,0,0,0
32.2,421,0,0,0,0,0,0,0,0,0,0
32.25,313,0,0,0,0,0,0,0,0,0,0
32.3,202,0,0,0,0,0,0,0,0,0,0
32.35,70,0,0,0,0,0,0,0,0,0,0
*****
16 , 0.05 , 1000 , 0.3 , 0.7 , 10 , 100 , 0.65 , 1 , 0.65 , 1 , .01
16.0,1000,999,1000,988,1000,0,995,1000,974,998,0
16.05,1039,1037,1037,1033,1039,0,1029,1037,1019,1037,0
16.1,1064,1064,1063,1058,1064,0,1059,1062,1048,1063,0
16.15,1029,1028,1028,1021,1028,0,1022,1028,1007,1026,0
16.2,1049,1049,1045,1044,1049,0,1045,1045,1031,1046,0
16.25,1045,1042,1040,1037,1044,0,1037,1039,1032,1040,0
16.3,1025,1023,1018,1018,1025,0,1018,1018,1010,1024,0
16.35,1069,1064,1056,1065,1068,0,1061,1056,1051,1067,0
16.4,982,974,959,973,982,0,974,959,960,981,0
16.45,1081,1062,1046,1074,1078,0,1057,1046,1064,1078,0
16.5,1043,1015,983,1033,1039,0,1013,983,1014,1039,0
16.55,1000,958,926,990,986,0,958,925,983,985,0
16.6,1047,965,931,1039,1028,0,962,931,1028,1028,0
16.65,1047,937,904,1030,1013,0,936,904,1022,1011,0
16.7,1081,949,902,1065,1035,0,948,902,1058,1036,0
16.75,1010,816,792,989,930,0,815,792,986,930,0
16.8,1048,787,749,1013,927,0,787,749,1008,927,0
16.85,1059,722,708,1020,901,0,722,708,1008,901,0
16.9,1048,645,638,1010,842,0,645,638,1004,842,0
16.95,1016,561,584,969,800,0,561,584,964,800,0
17.0,1045,510,538,979,760,0,510,538,976,760,0
17.05,1016,408,445,941,647,0,408,445,937,647,0
17.1,1018,353,398,934,600,0,353,398,930,600,0
17.15,1059,324,362,936,593,0,324,362,934,593,0
17.2,1063,260,302,920,491,0,260,302,919,491,0
17.25,1065,195,257,910,439,0,195,257,907,439,0
17.3,1024,150,222,844,359,0,150,222,844,359,0
17.35,1017,113,184,823,298,0,113,184,822,298,0
17.4,1026,100,157,823,282,0,100,157,823,282,0
17.45,1009,78,152,774,265,0,78,152,774,265,0
17.5,1089,59,90,807,204,0,59,90,807,204,0
17.55,1083,38,104,746,174,0,38,104,746,174,0
17.6,1011,33,79,654,152,0,33,79,654,152,0
17.65,1051,38,78,675,143,0,38,78,675,143,0
17.7,1055,18,58,632,103,0,18,58,632,103,0
17.75,1020,18,48,544,92,0,18,48,544,92,0
17.8,1037,17,28,534,61,0,17,28,534,61,0
17.85,1037,12,33,484,67,0,12,33,484,67,0
17.9,1006,5,25,424,47,0,5,25,424,47,0
17.95,1021,6,16,409,46,0,6,16,409,46,0
18.0,1067,3,15,390,34,0,3,15,390,34,0
18.05,1054,2,16,352,36,0,2,16,352,36,0
18.1,1050,2,5,285,13,0,2,5,285,13,0
18.15,1064,1,9,321,17,0,1,9,321,17,0
18.2,1026,4,14,238,24,0,4,14,238,24,0
18.25,1014,0,5,194,12,0,0,5,194,12,0
18.3,1073,0,5,197,12,0,0,5,197,12,0
18.35,995,1,5,156,7,0,1,5,156,7,0
18.4,1046,0,4,132,5,0,0,4,132,5,0
18.45,1066,0,2,118,5,0,0,2,118,5,0
18.5,1050,0,2,106,3,0,0,2,106,3,0
18.55,1036,1,2,87,4,0,1,2,87,4,0
18.6,1054,0,1,69,2,0,0,1,69,2,0
18.65,972,0,2,61,5,0,0,2,61,5,0
18.7,1031,0,0,50,0,0,0,0,50,0,0
18.75,1034,0,1,54,2,0,0,1,54,2,0
18.8,1085,0,1,27,1,0,0,1,27,1,0
18.85,1076,0,1,25,3,0,0,1,25,3,0
18.9,1041,0,1,15,1,0,0,1,15,1,0
18.95,1100,0,0,21,0,0,0,0,21,0,0
19.0,1067,0,0,18,1,0,0,0,18,1,0
19.05,974,0,0,10,1,0,0,0,10,1,0
19.1,1045,0,0,4,0,0,0,0,4,0,0
19.15,972,0,0,7,0,0,0,0,7,0,0
19.2,1020,0,0,7,0,0,0,0,7,0,0
19.25,1047,0,0,4,0,0,0,0,4,0,0
19.3,1048,0,1,0,1,0,0,1,0,1,0
19.35,1064,0,0,3,0,0,0,0,3,0,0
19.4,1054,0,0,3,0,0,0,0,3,0,0
19.45,1013,0,0,4,0,0,0,0,4,0,0
19.5,1063,0,0,2,0,0,0,0,2,0,0
19.55,1052,0,0,0,0,0,0,0,0,0,0
19.6,1001,0,0,0,0,0,0,0,0,0,0
19.65,1047,0,0,0,0,0,0,0,0,0,0
19.7,1033,0,0,0,0,0,0,0,0,0,0
19.75,1021,0,0,0,0,0,0,0,0,0,0
19.8,1025,0,0,0,0,0,0,0,0,0,0
19.85,1071,0,0,1,0,0,0,0,1,0,0
19.9,1067,0,0,0,0,0,0,0,0,0,0
19.95,1026,0,0,0,0,0,0,0,0,0,0
20.0,1066,0,0,0,0,0,0,0,0,0,0
20.05,1051,0,0,0,0,0,0,0,0,0,0
20.1,1064,0,0,0,0,0,0,0,0,0,0
20.15,1001,0,0,0,0,0,0,0,0,0,0
20.2,1052,0,0,0,0,0,0,0,0,0,0
20.25,999,0,0,0,0,0,0,0,0,0,0
20.3,1011,0,0,0,0,0,0,0,0,0,0
20.35,999,0,0,0,0,0,0,0,0,0,0
20.4,1084,0,0,0,0,0,0,0,0,0,0
20.45,1072,0,0,0,0,0,0,0,0,0,0
20.5,1039,0,0,0,0,0,0,0,0,0,0
20.55,1009,0,0,0,0,0,0,0,0,0,0
20.6,1020,0,0,0,0,0,0,0,0,0,0
20.65,1003,0,0,0,0,0,0,0,0,0,0
20.7,1105,0,0,0,0,0,0,0,0,0,0
20.75,996,0,0,0,0,0,0,0,0,0,0
20.8,1017,0,0,0,0,0,0,0,0,0,0
20.85,1099,0,0,0,0,0,0,0,0,0,0
20.9,1065,0,0,0,0,0,0,0,0,0,0
20.95,1037,0,0,0,0,0,0,0,0,0,0
21.0,1072,0,0,0,0,0,0,0,0,0,0
21.05,1011,0,0,0,0,0,0,0,0,0,0
21.1,1035,0,0,0,0,0,0,0,0,0,0
21.15,990,0,0,0,0,0,0,0,0,0,0
21.2,1033,0,0,0,0,0,0,0,0,0,0
21.25,1084,0,0,0,0,0,0,0,0,0,0
21.3,1029,0,0,0,0,0,0,0,0,0,0
21.35,1067,0,0,0,0,0,0,0,0,0,0
21.4,1045,0,0,0,0,0,0,0,0,0,0
21.45,1070,0,0,0,0,0,0,0,0,0,0
21.5,1033,0,0,0,0,0,0,0,0,0,0
21.55,1036,0,0,0,0,0,0,0,0,0,0
21.6,1031,0,0,0,0,0,0,0,0,0,0
21.65,1037,0,0,0,0,0,0,0,0,0,0
21.7,1030,0,0,0,0,0,0,0,0,0,0
21.75,1045,0,0,0,0,0,0,0,0,0,0
21.8,1022,0,0,0,0,0,0,0,0,0,0
21.85,1032,0,0,0,0,0,0,0,0,0,0
21.9,1077,0,0,0,0,0,0,0,0,0,0
21.95,1025,0,0,0,0,0,0,0,0,0,0
22.0,1000,0,0,0,0,0,0,0,0,0,0
22.05,1053,0,0,0,0,0,0,0,0,0,0
22.1,1072,0,0,0,0,0,0,0,0,0,0
22.15,1067,0,0,0,0,0,0,0,0,0,0
22.2,986,0,0,0,0,0,0,0,0,0,0
22.25,1076,0,0,0,0,0,0,0,0,0,0
22.3,986,0,0,0,0,0,0,0,0,0,0
22.35,1046,0,0,0,0,0,0,0,0,0,0
22.4,1058,0,0,0,0,0,0,0,0,0,0
22.45,1027,0,0,0,0,0,0,0,0,0,0
22.5,1066,0,0,0,0,0,0,0,0,0,0
22.55,1056,0,0,0,0,0,0,0,0,0,0
22.6,1010,0,0,0,0,0,0,0,0,0,0
22.65,1104,0,0,0,0,0,0,0,0,0,0
22.7,1079,0,0,0,0,0,0,0,0,0,0
22.75,1086,0,0,0,0,0,0,0,0,0,0
22.8,990,0,0,0,0,0,0,0,0,0,0
22.85,1014,0,0,0,0,0,0,0,0,0,0
22.9,975,0,0,0,0,0,0,0,0,0,0
22.95,1018,0,0,0,0,0,0,0,0,0,0
23.0,1032,0,0,0,0,0,0,0,0,0,0
23.05,1098,0,0,0,0,0,0,0,0,0,0
23.1,1048,0,0,0,0,0,0,0,0,0,0
23.15,1089,0,0,0,0,0,0,0,0,0,0
23.2,976,0,0,0,0,0,0,0,0,0,0
23.25,1064,0,0,0,0,0,0,0,0,0,0
23.3,1036,0,0,0,0,0,0,0,0,0,0
23.35,1013,0,0,0,0,0,0,0,0,0,0
23.4,1093,0,0,0,0,0,0,0,0,0,0
23.45,988,0,0,0,0,0,0,0,0,0,0
23.5,1000,0,0,0,0,0,0,0,0,0,0
23.55,1079,0,0,0,0,0,0,0,0,0,0
23.6,1012,0,0,0,0,0,0,0,0,0,0
23.65,1079,0,0,0,0,0,0,0,0,0,0
23.7,1009,0,0,0,0,0,0,0,0,0,0
23.75,1008,0,0,0,0,0,0,0,0,0,0
23.8,1052,0,0,0,0,0,0,0,0,0,0
23.85,1052,0,0,0,0,0,0,0,0,0,0
23.9,1061,0,0,0,0,0,0,0,0,0,0
23.95,1050,0,0,0,0,0,0,0,0,0,0
24.0,1009,0,0,0,0,0,0,0,0,0,0
24.05,1039,0,0,0,0,0,0,0,0,0,0
24.1,1021,0,0,0,0,0,0,0,0,0,0
24.15,1053,0,0,0,0,0,0,0,0,0,0
24.200000000000003,1079,0,0,0,0,0,0,0,0,0,0
24.25,1006,0,0,0,0,0,0,0,0,0,0
24.3,1063,0,0,0,0,0,0,0,0,0,0
24.35,1025,0,0,0,0,0,0,0,0,0,0
24.4,1087,0,0,0,0,0,0,0,0,0,0
24.450000000000003,976,0,0,0,0,0,0,0,0,0,0
24.5,1064,0,0,0,0,0,0,0,0,0,0
24.55,1041,0,0,0,0,0,0,0,0,0,0
24.6,998,0,0,0,0,0,0,0,0,0,0
24.65,1036,0,0,0,0,0,0,0,0,0,0
24.700000000000003,1041,0,0,0,0,0,0,0,0,0,0
24.75,1034,0,0,0,0,0,0,0,0,0,0
24.8,1100,0,0,0,0,0,0,0,0,0,0
24.85,1063,0,0,0,0,0,0,0,0,0,0
24.9,992,0,0,0,0,0,0,0,0,0,0
24.950000000000003,1039,0,0,0,0,0,0,0,0,0,0
25.0,1021,0,0,0,0,0,0,0,0,0,0
25.05,1067,0,0,0,0,0,0,0,0,0,0
25.1,1015,0,0,0,0,0,0,0,0,0,0
25.15,1050,0,0,0,0,0,0,0,0,0,0
25.200000000000003,1040,0,0,0,0,0,0,0,0,0,0
25.25,1063,0,0,0,0,0,0,0,0,0,0
25.3,990,0,0,0,0,0,0,0,0,0,0
25.35,1001,0,0,0,0,0,0,0,0,0,0
25.4,1068,0,0,0,0,0,0,0,0,0,0
25.450000000000003,1034,0,0,0,0,0,0,0,0,0,0
25.5,1051,0,0,0,0,0,0,0,0,0,0
25.55,1029,0,0,0,0,0,0,0,0,0,0
25.6,1059,0,0,0,0,0,0,0,0,0,0
25.65,1089,0,0,0,0,0,0,0,0,0,0
25.700000000000003,1029,0,0,0,0,0,0,0,0,0,0
25.75,1017,0,0,0,0,0,0,0,0,0,0
25.8,1024,0,0,0,0,0,0,0,0,0,0
25.85,1062,0,0,0,0,0,0,0,0,0,0
25.9,1013,0,0,0,0,0,0,0,0,0,0
25.950000000000003,1070,0,0,0,0,0,0,0,0,0,0
26.0,1079,0,0,0,0,0,0,0,0,0,0
26.05,1018,0,0,0,0,0,0,0,0,0,0
26.1,1031,0,0,0,0,0,0,0,0,0,0
26.15,1058,0,0,0,0,0,0,0,0,0,0
26.200000000000003,1032,0,0,0,0,0,0,0,0,0,0
26.25,1045,0,0,0,0,0,0,0,0,0,0
26.3,1034,0,0,0,0,0,0,0,0,0,0
26.35,1068,0,0,0,0,0,0,0,0,0,0
26.4,1041,0,0,0,0,0,0,0,0,0,0
26.450000000000003,1020,0,0,0,0,0,0,0,0,0,0
26.5,1061,0,0,0,0,0,0,0,0,0,0
26.55,1022,0,0,0,0,0,0,0,0,0,0
26.6,1022,0,0,0,0,0,0,0,0,0,0
26.65,1015,0,0,0,0,0,0,0,0,0,0
26.700000000000003,1076,0,0,0,0,0,0,0,0,0,0
26.75,1060,0,0,0,0,0,0,0,0,0,0
26.8,1013,0,0,0,0,0,0,0,0,0,0
26.85,1068,0,0,0,0,0,0,0,0,0,0
26.9,1012,0,0,0,0,0,0,0,0,0,0
26.950000000000003,1029,0,0,0,0,0,0,0,0,0,0
27.0,1062,0,0,0,0,0,0,0,0,0,0
27.05,1028,0,0,0,0,0,0,0,0,0,0
27.1,1062,0,0,0,0,0,0,0,0,0,0
27.15,1036,0,0,0,0,0,0,0,0,0,0
27.200000000000003,1017,0,0,0,0,0,0,0,0,0,0
27.25,1103,0,0,0,0,0,0,0,0,0,0
27.3,1030,0,0,0,0,0,0,0,0,0,0
27.35,1012,0,0,0,0,0,0,0,0,0,0
27.4,1040,0,0,0,0,0,0,0,0,0,0
27.450000000000003,987,0,0,0,0,0,0,0,0,0,0
27.5,1073,0,0,0,0,0,0,0,0,0,0
27.55,1030,0,0,0,0,0,0,0,0,0,0
27.6,1044,0,0,0,0,0,0,0,0,0,0
27.65,1121,0,0,0,0,0,0,0,0,0,0
27.700000000000003,1022,0,0,0,0,0,0,0,0,0,0
27.75,990,0,0,0,0,0,0,0,0,0,0
27.8,1077,0,0,0,0,0,0,0,0,0,0
27.85,1029,0,0,0,0,0,0,0,0,0,0
27.9,1001,0,0,0,0,0,0,0,0,0,0
27.950000000000003,1065,0,0,0,0,0,0,0,0,0,0
28.0,1028,0,0,0,0,0,0,0,0,0,0
28.05,1045,0,0,0,0,0,0,0,0,0,0
28.1,1075,0,0,0,0,0,0,0,0,0,0
28.15,1032,0,0,0,0,0,0,0,0,0,0
28.200000000000003,997,0,0,0,0,0,0,0,0,0,0
28.25,1054,0,0,0,0,0,0,0,0,0,0
28.3,1112,0,0,0,0,0,0,0,0,0,0
28.35,1069,0,0,0,0,0,0,0,0,0,0
28.4,1019,0,0,0,0,0,0,0,0,0,0
28.450000000000003,1041,0,0,0,0,0,0,0,0,0,0
28.5,994,0,0,0,0,0,0,0,0,0,0
28.55,1056,0,0,0,0,0,0,0,0,0,0
28.6,1087,0,0,0,0,0,0,0,0,0,0
28.65,1077,0,0,0,0,0,0,0,0,0,0
28.700000000000003,1001,0,0,0,0,0,0,0,0,0,0
28.75,1036,0,0,0,0,0,0,0,0,0,0
28.8,1006,0,0,0,0,0,0,0,0,0,0
28.85,1043,0,0,0,0,0,0,0,0,0,0
28.9,1077,0,0,0,0,0,0,0,0,0,0
28.950000000000003,1072,0,0,0,0,0,0,0,0,0,0
29.0,1061,0,0,0,0,0,0,0,0,0,0
29.05,1002,0,0,0,0,0,0,0,0,0,0
29.1,1018,0,0,0,0,0,0,0,0,0,0
29.15,1041,0,0,0,0,0,0,0,0,0,0
29.200000000000003,1020,0,0,0,0,0,0,0,0,0,0
29.25,1048,0,0,0,0,0,0,0,0,0,0
29.3,1063,0,0,0,0,0,0,0,0,0,0
29.35,1057,0,0,0,0,0,0,0,0,0,0
29.4,1019,0,0,0,0,0,0,0,0,0,0
29.450000000000003,1008,0,0,0,0,0,0,0,0,0,0
29.5,1046,0,0,0,0,0,0,0,0,0,0
29.55,1058,0,0,0,0,0,0,0,0,0,0
29.6,1031,0,0,0,0,0,0,0,0,0,0
29.65,1058,0,0,0,0,0,0,0,0,0,0
29.700000000000003,1015,0,0,0,0,0,0,0,0,0,0
29.75,1056,0,0,0,0,0,0,0,0,0,0
29.8,1048,0,0,0,0,0,0,0,0,0,0
29.85,1016,0,0,0,0,0,0,0,0,0,0
29.9,1080,0,0,0,0,0,0,0,0,0,0
29.950000000000003,1042,0,0,0,0,0,0,0,0,0,0
30.0,1026,0,0,0,0,0,0,0,0,0,0
30.05,1024,0,0,0,0,0,0,0,0,0,0
30.1,1088,0,0,0,0,0,0,0,0,0,0
30.15,1007,0,0,0,0,0,0,0,0,0,0
30.200000000000003,1009,0,0,0,0,0,0,0,0,0,0
30.25,1076,0,0,0,0,0,0,0,0,0,0
30.3,1026,0,0,0,0,0,0,0,0,0,0
30.35,1066,0,0,0,0,0,0,0,0,0,0
30.4,1033,0,0,0,0,0,0,0,0,0,0
30.450000000000003,1010,0,0,0,0,0,0,0,0,0,0
30.5,1044,0,0,0,0,0,0,0,0,0,0
30.55,1034,0,0,0,0,0,0,0,0,0,0
30.6,1074,0,0,0,0,0,0,0,0,0,0
30.65,1031,0,0,0,0,0,0,0,0,0,0
30.700000000000003,1080,0,0,0,0,0,0,0,0,0,0
30.75,1046,0,0,0,0,0,0,0,0,0,0
30.8,1029,0,0,0,0,0,0,0,0,0,0
30.85,996,0,0,0,0,0,0,0,0,0,0
30.9,1044,0,0,0,0,0,0,0,0,0,0
30.950000000000003,1061,0,0,0,0,0,0,0,0,0,0
31.0,1006,0,0,0,0,0,0,0,0,0,0
31.05,1059,0,0,0,0,0,0,0,0,0,0
31.1,1046,0,0,0,0,0,0,0,0,0,0
31.15,1062,0,0,0,0,0,0,0,0,0,0
31.200000000000003,1026,0,0,0,0,0,0,0,0,0,0
31.25,1050,0,0,0,0,0,0,0,0,0,0
31.3,1046,0,0,0,0,0,0,0,0,0,0
31.35,1061,0,0,0,0,0,0,0,0,0,0
31.4,1004,0,0,0,0,0,0,0,0,0,0
31.450000000000003,1066,0,0,0,0,0,0,0,0,0,0
31.5,1016,0,0,0,0,0,0,0,0,0,0
31.55,984,0,0,0,0,0,0,0,0,0,0
31.6,1066,0,0,0,0,0,0,0,0,0,0
31.65,1016,0,0,0,0,0,0,0,0,0,0
31.700000000000003,1066,0,0,0,0,0,0,0,0,0,0
31.75,1069,0,0,0,0,0,0,0,0,0,0
31.8,1036,0,0,0,0,0,0,0,0,0,0
31.85,1033,0,0,0,0,0,0,0,0,0,0
31.9,1013,0,0,0,0,0,0,0,0,0,0
31.950000000000003,1024,0,0,0,0,0,0,0,0,0,0
32.0,1059,0,0,0,0,0,0,0,0,0,0
32.05,1020,0,0,0,0,0,0,0,0,0,0
32.1,1045,0,0,0,0,0,0,0,0,0,0
32.150000000000006,1077,0,0,0,0,0,0,0,0,0,0
32.2,1046,0,0,0,0,0,0,0,0,0,0
32.25,1085,0,0,0,0,0,0,0,0,0,0
32.3,965,0,0,0,0,0,0,0,0,0,0
32.35,817,0,0,0,0,0,0,0,0,0,0
32.400000000000006,684,0,0,0,0,0,0,0,0,0,0
32.45,604,0,0,0,0,0,0,0,0,0,0
32.5,434,0,0,0,0,0,0,0,0,0,0
32.55,294,0,0,0,0,0,0,0,0,0,0
32.6,223,0,0,0,0,0,0,0,0,0,0
32.650000000000006,56,0,0,0,0,0,0,0,0,0,0
*****
16 , 0.05 , 1000 , 0 , 1 , 10 , 100 , 0.65 , 1 , 0.65 , 1 , .01
16.0,1000,999,995,905,1000,0,997,995,849,1000,0
16.05,981,979,974,885,981,0,979,974,831,981,0
16.1,1016,1010,998,917,1016,0,1008,998,869,1016,0
16.15,1000,982,965,900,994,0,980,965,840,993,0
16.2,952,906,880,872,938,0,906,880,824,938,0
16.25,986,899,878,908,964,0,899,878,865,964,0
16.3,1069,923,874,970,1016,0,923,874,929,1016,0
16.35,1004,772,767,917,907,0,772,767,890,907,0
16.4,1019,694,693,932,862,0,694,693,906,862,0
16.45,1061,637,640,939,856,0,637,640,926,855,0
16.5,1011,498,492,876,728,0,498,492,859,728,0
16.55,1048,400,435,877,660,0,400,435,856,660,0
16.6,986,327,355,802,568,0,327,355,787,568,0
16.65,1009,229,298,806,475,0,229,298,793,475,0
16.7,1054,192,251,758,419,0,192,251,744,419,0
16.75,1046,138,214,717,344,0,138,214,703,344,0
16.8,1018,106,134,645,247,0,106,134,637,247,0
16.85,974,62,92,577,188,0,62,92,575,188,0
16.9,1017,42,93,569,181,0,42,93,565,181,0
16.95,957,29,57,469,120,0,29,57,466,120,0
17.0,994,20,45,449,96,0,20,45,448,96,0
17.05,996,14,41,416,76,0,14,41,410,76,0
17.1,962,11,27,343,58,0,11,27,343,58,0
17.15,1028,2,12,347,35,0,2,12,347,35,0
17.2,1057,2,9,300,30,0,2,9,297,30,0
17.25,1002,0,10,216,26,0,0,10,213,26,0
17.3,950,1,8,213,23,0,1,8,210,23,0
17.35,1005,0,4,195,16,0,0,4,194,16,0
17.4,994,0,1,145,15,0,0,1,143,15,0
17.45,1051,1,2,152,15,0,1,2,152,15,0
17.5,975,0,4,118,6,0,0,4,118,6,0
17.55,1044,0,0,98,7,0,0,0,99,7,0
17.6,962,0,0,80,2,0,0,0,80,2,0
17.65,1006,0,0,61,4,0,0,0,60,4,0
17.7,987,0,0,65,0,0,0,0,65,0,0
17.75,1014,0,0,42,0,0,0,0,42,0,0
17.8,1016,0,1,45,1,0,0,1,45,1,0
17.85,977,0,0,26,1,0,0,0,26,1,0
17.9,1025,0,0,11,1,0,0,0,11,1,0
17.95,1002,0,1,16,1,0,0,1,16,1,0
18.0,1042,0,0,14,0,0,0,0,14,0,0
18.05,1010,0,0,7,0,0,0,0,7,0,0
18.1,1045,0,0,14,0,0,0,0,14,0,0
18.15,967,0,0,6,0,0,0,0,6,0,0
18.2,1060,0,0,3,0,0,0,0,3,0,0
18.25,979,0,0,2,0,0,0,0,2,0,0
18.3,1014,0,0,1,0,0,0,0,1,0,0
18.35,999,0,0,2,0,0,0,0,2,0,0
18.4,1020,0,0,1,0,0,0,0,1,0,0
18.45,1052,0,0,2,0,0,0,0,2,0,0
18.5,1023,0,0,0,0,0,0,0,0,0,0
18.55,995,0,0,0,0,0,0,0,0,0,0
18.6,957,0,0,0,0,0,0,0,0,0,0
18.65,990,0,0,0,0,0,0,0,0,0,0
18.7,989,0,0,0,0,0,0,0,0,0,0
18.75,1016,0,0,0,0,0,0,0,0,0,0
18.8,991,0,0,0,0,0,0,0,0,0,0
18.85,1031,0,0,0,0,0,0,0,0,0,0
18.9,1006,0,0,0,0,0,0,0,0,0,0
18.95,1023,0,0,0,0,0,0,0,0,0,0
19.0,1026,0,0,0,0,0,0,0,0,0,0
19.05,1013,0,0,0,0,0,0,0,0,0,0
19.1,954,0,0,0,0,0,0,0,0,0,0
19.15,1030,0,0,0,0,0,0,0,0,0,0
19.2,982,0,0,0,0,0,0,0,0,0,0
19.25,1028,0,0,0,0,0,0,0,0,0,0
19.3,995,0,0,0,0,0,0,0,0,0,0
19.35,1018,0,0,0,0,0,0,0,0,0,0
19.4,995,0,0,0,0,0,0,0,0,0,0
19.45,1034,0,0,0,0,0,0,0,0,0,0
19.5,1007,0,0,0,0,0,0,0,0,0,0
19.55,1044,0,0,0,0,0,0,0,0,0,0
19.6,1002,0,0,0,0,0,0,0,0,0,0
19.65,1011,0,0,0,0,0,0,0,0,0,0
19.7,1041,0,0,0,0,0,0,0,0,0,0
19.75,955,0,0,0,0,0,0,0,0,0,0
19.8,1006,0,0,0,0,0,0,0,0,0,0
19.85,1032,0,0,0,0,0,0,0,0,0,0
19.9,991,0,0,0,0,0,0,0,0,0,0
19.95,1042,0,0,0,0,0,0,0,0,0,0
20.0,1032,0,0,0,0,0,0,0,0,0,0
20.05,957,0,0,0,0,0,0,0,0,0,0
20.1,1015,0,0,0,0,0,0,0,0,0,0
20.15,1005,0,0,0,0,0,0,0,0,0,0
20.2,970,0,0,0,0,0,0,0,0,0,0
20.25,977,0,0,0,0,0,0,0,0,0,0
20.3,1058,0,0,0,0,0,0,0,0,0,0
20.35,1000,0,0,0,0,0,0,0,0,0,0
20.4,1000,0,0,0,0,0,0,0,0,0,0
20.45,993,0,0,0,0,0,0,0,0,0,0
20.5,997,0,0,0,0,0,0,0,0,0,0
20.55,981,0,0,0,0,0,0,0,0,0,0
20.6,1056,0,0,0,0,0,0,0,0,0,0
20.65,1012,0,0,0,0,0,0,0,0,0,0
20.7,972,0,0,0,0,0,0,0,0,0,0
20.75,1047,0,0,0,0,0,0,0,0,0,0
20.8,1028,0,0,0,0,0,0,0,0,0,0
20.85,1009,0,0,0,0,0,0,0,0,0,0
20.9,1056,0,0,0,0,0,0,0,0,0,0
20.95,1021,0,0,0,0,0,0,0,0,0,0
21.0,969,0,0,0,0,0,0,0,0,0,0
21.05,1020,0,0,0,0,0,0,0,0,0,0
21.1,1044,0,0,0,0,0,0,0,0,0,0
21.15,1016,0,0,0,0,0,0,0,0,0,0
21.2,995,0,0,0,0,0,0,0,0,0,0
21.25,948,0,0,0,0,0,0,0,0,0,0
21.3,993,0,0,0,0,0,0,0,0,0,0
21.35,981,0,0,0,0,0,0,0,0,0,0
21.4,988,0,0,0,0,0,0,0,0,0,0
21.45,1021,0,0,0,0,0,0,0,0,0,0
21.5,1053,0,0,0,0,0,0,0,0,0,0
21.55,1009,0,0,0,0,0,0,0,0,0,0
21.6,1022,0,0,0,0,0,0,0,0,0,0
21.65,1003,0,0,0,0,0,0,0,0,0,0
21.7,989,0,0,0,0,0,0,0,0,0,0
21.75,1071,0,0,0,0,0,0,0,0,0,0
21.8,1036,0,0,0,0,0,0,0,0,0,0
21.85,1043,0,0,0,0,0,0,0,0,0,0
21.9,1024,0,0,0,0,0,0,0,0,0,0
21.95,976,0,0,0,0,0,0,0,0,0,0
22.0,1006,0,0,0,0,0,0,0,0,0,0
22.05,1004,0,0,0,0,0,0,0,0,0,0
22.1,1053,0,0,0,0,0,0,0,0,0,0
22.15,1049,0,0,0,0,0,0,0,0,0,0
22.2,954,0,0,0,0,0,0,0,0,0,0
22.25,950,0,0,0,0,0,0,0,0,0,0
22.3,993,0,0,0,0,0,0,0,0,0,0
22.35,1001,0,0,0,0,0,0,0,0,0,0
22.4,1066,0,0,0,0,0,0,0,0,0,0
22.45,981,0,0,0,0,0,0,0,0,0,0
22.5,1011,0,0,0,0,0,0,0,0,0,0
22.55,1013,0,0,0,0,0,0,0,0,0,0
22.6,1068,0,0,0,0,0,0,0,0,0,0
22.65,1045,0,0,0,0,0,0,0,0,0,0
22.7,1027,0,0,0,0,0,0,0,0,0,0
22.75,1024,0,0,0,0,0,0,0,0,0,0
22.8,956,0,0,0,0,0,0,0,0,0,0
22.85,1029,0,0,0,0,0,0,0,0,0,0
22.9,1038,0,0,0,0,0,0,0,0,0,0
22.95,1041,0,0,0,0,0,0,0,0,0,0
23.0,1015,0,0,0,0,0,0,0,0,0,0
23.05,997,0,0,0,0,0,0,0,0,0,0
23.1,1005,0,0,0,0,0,0,0,0,0,0
23.15,1023,0,0,0,0,0,0,0,0,0,0
23.2,1066,0,0,0,0,0,0,0,0,0,0
23.25,973,0,0,0,0,0,0,0,0,0,0
23.3,1021,0,0,0,0,0,0,0,0,0,0
23.35,967,0,0,0,0,0,0,0,0,0,0
23.4,943,0,0,0,0,0,0,0,0,0,0
23.45,1015,0,0,0,0,0,0,0,0,0,0
23.5,1023,0,0,0,0,0,0,0,0,0,0
23.55,1016,0,0,0,0,0,0,0,0,0,0
23.6,1012,0,0,0,0,0,0,0,0,0,0
23.65,983,0,0,0,0,0,0,0,0,0,0
23.7,993,0,0,0,0,0,0,0,0,0,0
23.75,1017,0,0,0,0,0,0,0,0,0,0
23.8,1034,0,0,0,0,0,0,0,0,0,0
23.85,1014,0,0,0,0,0,0,0,0,0,0
23.9,1048,0,0,0,0,0,0,0,0,0,0
23.95,1046,0,0,0,0,0,0,0,0,0,0
24.0,984,0,0,0,0,0,0,0,0,0,0
24.05,979,0,0,0,0,0,0,0,0,0,0
24.1,982,0,0,0,0,0,0,0,0,0,0
24.15,1002,0,0,0,0,0,0,0,0,0,0
24.200000000000003,958,0,0,0,0,0,0,0,0,0,0
24.25,1015,0,0,0,0,0,0,0,0,0,0
24.3,1028,0,0,0,0,0,0,0,0,0,0
24.35,1041,0,0,0,0,0,0,0,0,0,0
24.4,1054,0,0,0,0,0,0,0,0,0,0
24.450000000000003,1044,0,0,0,0,0,0,0,0,0,0
24.5,981,0,0,0,0,0,0,0,0,0,0
24.55,983,0,0,0,0,0,0,0,0,0,0
24.6,1083,0,0,0,0,0,0,0,0,0,0
24.65,1008,0,0,0,0,0,0,0,0,0,0
24.700000000000003,976,0,0,0,0,0,0,0,0,0,0
24.75,1030,0,0,0,0,0,0,0,0,0,0
24.8,1093,0,0,0,0,0,0,0,0,0,0
24.85,1021,0,0,0,0,0,0,0,0,0,0
24.9,1006,0,0,0,0,0,0,0,0,0,0
24.950000000000003,1008,0,0,0,0,0,0,0,0,0,0
25.0,964,0,0,0,0,0,0,0,0,0,0
25.05,1041,0,0,0,0,0,0,0,0,0,0
25.1,974,0,0,0,0,0,0,0,0,0,0
25.15,1024,0,0,0,0,0,0,0,0,0,0
25.200000000000003,961,0,0,0,0,0,0,0,0,0,0
25.25,1053,0,0,0,0,0,0,0,0,0,0
25.3,1004,0,0,0,0,0,0,0,0,0,0
25.35,962,0,0,0,0,0,0,0,0,0,0
25.4,1071,0,0,0,0,0,0,0,0,0,0
25.450000000000003,1037,0,0,0,0,0,0,0,0,0,0
25.5,1037,0,0,0,0,0,0,0,0,0,0
25.55,986,0,0,0,0,0,0,0,0,0,0
25.6,963,0,0,0,0,0,0,0,0,0,0
25.65,1053,0,0,0,0,0,0,0,0,0,0
25.700000000000003,993,0,0,0,0,0,0,0,0,0,0
25.75,998,0,0,0,0,0,0,0,0,0,0
25.8,1024,0,0,0,0,0,0,0,0,0,0
25.85,1034,0,0,0,0,0,0,0,0,0,0
25.9,979,0,0,0,0,0,0,0,0,0,0
25.950000000000003,1027,0,0,0,0,0,0,0,0,0,0
26.0,978,0,0,0,0,0,0,0,0,0,0
26.05,1035,0,0,0,0,0,0,0,0,0,0
26.1,1019,0,0,0,0,0,0,0,0,0,0
26.15,981,0,0,0,0,0,0,0,0,0,0
26.200000000000003,1038,0,0,0,0,0,0,0,0,0,0
26.25,1010,0,0,0,0,0,0,0,0,0,0
26.3,969,0,0,0,0,0,0,0,0,0,0
26.35,1053,0,0,0,0,0,0,0,0,0,0
26.4,1047,0,0,0,0,0,0,0,0,0,0
26.450000000000003,1033,0,0,0,0,0,0,0,0,0,0
26.5,1091,0,0,0,0,0,0,0,0,0,0
26.55,1018,0,0,0,0,0,0,0,0,0,0
26.6,967,0,0,0,0,0,0,0,0,0,0
26.65,1009,0,0,0,0,0,0,0,0,0,0
26.700000000000003,1045,0,0,0,0,0,0,0,0,0,0
26.75,1067,0,0,0,0,0,0,0,0,0,0
26.8,938,0,0,0,0,0,0,0,0,0,0
26.85,1012,0,0,0,0,0,0,0,0,0,0
26.9,1074,0,0,0,0,0,0,0,0,0,0
26.950000000000003,981,0,0,0,0,0,0,0,0,0,0
27.0,995,0,0,0,0,0,0,0,0,0,0
27.05,1014,0,0,0,0,0,0,0,0,0,0
27.1,991,0,0,0,0,0,0,0,0,0,0
27.15,1041,0,0,0,0,0,0,0,0,0,0
27.200000000000003,1025,0,0,0,0,0,0,0,0,0,0
27.25,1006,0,0,0,0,0,0,0,0,0,0
27.3,1009,0,0,0,0,0,0,0,0,0,0
27.35,1033,0,0,0,0,0,0,0,0,0,0
27.4,1000,0,0,0,0,0,0,0,0,0,0
27.450000000000003,1018,0,0,0,0,0,0,0,0,0,0
27.5,1023,0,0,0,0,0,0,0,0,0,0
27.55,982,0,0,0,0,0,0,0,0,0,0
27.6,982,0,0,0,0,0,0,0,0,0,0
27.65,1029,0,0,0,0,0,0,0,0,0,0
27.700000000000003,1023,0,0,0,0,0,0,0,0,0,0
27.75,1000,0,0,0,0,0,0,0,0,0,0
27.8,1031,0,0,0,0,0,0,0,0,0,0
27.85,1047,0,0,0,0,0,0,0,0,0,0
27.9,966,0,0,0,0,0,0,0,0,0,0
27.950000000000003,996,0,0,0,0,0,0,0,0,0,0
28.0,954,0,0,0,0,0,0,0,0,0,0
28.05,1030,0,0,0,0,0,0,0,0,0,0
28.1,999,0,0,0,0,0,0,0,0,0,0
28.15,994,0,0,0,0,0,0,0,0,0,0
28.200000000000003,1013,0,0,0,0,0,0,0,0,0,0
28.25,1001,0,0,0,0,0,0,0,0,0,0
28.3,986,0,0,0,0,0,0,0,0,0,0
28.35,1010,0,0,0,0,0,0,0,0,0,0
28.4,975,0,0,0,0,0,0,0,0,0,0
28.450000000000003,1003,0,0,0,0,0,0,0,0,0,0
28.5,1052,0,0,0,0,0,0,0,0,0,0
28.55,1019,0,0,0,0,0,0,0,0,0,0
28.6,1035,0,0,0,0,0,0,0,0,0,0
28.65,949,0,0,0,0,0,0,0,0,0,0
28.700000000000003,1032,0,0,0,0,0,0,0,0,0,0
28.75,979,0,0,0,0,0,0,0,0,0,0
28.8,1029,0,0,0,0,0,0,0,0,0,0
28.85,1035,0,0,0,0,0,0,0,0,0,0
28.9,987,0,0,0,0,0,0,0,0,0,0
28.950000000000003,998,0,0,0,0,0,0,0,0,0,0
29.0,1006,0,0,0,0,0,0,0,0,0,0
29.05,985,0,0,0,0,0,0,0,0,0,0
29.1,1018,0,0,0,0,0,0,0,0,0,0
29.15,1005,0,0,0,0,0,0,0,0,0,0
29.200000000000003,1018,0,0,0,0,0,0,0,0,0,0
29.25,1004,0,0,0,0,0,0,0,0,0,0
29.3,1015,0,0,0,0,0,0,0,0,0,0
29.35,978,0,0,0,0,0,0,0,0,0,0
29.4,1010,0,0,0,0,0,0,0,0,0,0
29.450000000000003,1067,0,0,0,0,0,0,0,0,0,0
29.5,1029,0,0,0,0,0,0,0,0,0,0
29.55,976,0,0,0,0,0,0,0,0,0,0
29.6,1017,0,0,0,0,0,0,0,0,0,0
29.65,1027,0,0,0,0,0,0,0,0,0,0
29.700000000000003,1004,0,0,0,0,0,0,0,0,0,0
29.75,1042,0,0,0,0,0,0,0,0,0,0
29.8,978,0,0,0,0,0,0,0,0,0,0
29.85,1005,0,0,0,0,0,0,0,0,0,0
29.9,1005,0,0,0,0,0,0,0,0,0,0
29.950000000000003,1061,0,0,0,0,0,0,0,0,0,0
30.0,1015,0,0,0,0,0,0,0,0,0,0
30.05,1000,0,0,0,0,0,0,0,0,0,0
30.1,1014,0,0,0,0,0,0,0,0,0,0
30.15,1006,0,0,0,0,0,0,0,0,0,0
30.200000000000003,1060,0,0,0,0,0,0,0,0,0,0
30.25,1013,0,0,0,0,0,0,0,0,0,0
30.3,1014,0,0,0,0,0,0,0,0,0,0
30.35,1008,0,0,0,0,0,0,0,0,0,0
30.4,1028,0,0,0,0,0,0,0,0,0,0
30.450000000000003,1038,0,0,0,0,0,0,0,0,0,0
30.5,985,0,0,0,0,0,0,0,0,0,0
30.55,958,0,0,0,0,0,0,0,0,0,0
30.6,1032,0,0,0,0,0,0,0,0,0,0
30.65,971,0,0,0,0,0,0,0,0,0,0
30.700000000000003,1004,0,0,0,0,0,0,0,0,0,0
30.75,1005,0,0,0,0,0,0,0,0,0,0
30.8,961,0,0,0,0,0,0,0,0,0,0
30.85,1047,0,0,0,0,0,0,0,0,0,0
30.9,1030,0,0,0,0,0,0,0,0,0,0
30.950000000000003,1023,0,0,0,0,0,0,0,0,0,0
31.0,969,0,0,0,0,0,0,0,0,0,0
31.05,1010,0,0,0,0,0,0,0,0,0,0
31.1,1020,0,0,0,0,0,0,0,0,0,0
31.15,1012,0,0,0,0,0,0,0,0,0,0
31.200000000000003,992,0,0,0,0,0,0,0,0,0,0
31.25,965,0,0,0,0,0,0,0,0,0,0
31.3,1069,0,0,0,0,0,0,0,0,0,0
31.35,1017,0,0,0,0,0,0,0,0,0,0
31.4,1002,0,0,0,0,0,0,0,0,0,0
31.450000000000003,1027,0,0,0,0,0,0,0,0,0,0
31.5,973,0,0,0,0,0,0,0,0,0,0
31.55,1012,0,0,0,0,0,0,0,0,0,0
31.6,998,0,0,0,0,0,0,0,0,0,0
31.65,985,0,0,0,0,0,0,0,0,0,0
31.700000000000003,1025,0,0,0,0,0,0,0,0,0,0
31.75,1022,0,0,0,0,0,0,0,0,0,0
31.8,1030,0,0,0,0,0,0,0,0,0,0
31.85,1028,0,0,0,0,0,0,0,0,0,0
31.9,1015,0,0,0,0,0,0,0,0,0,0
31.950000000000003,954,0,0,0,0,0,0,0,0,0,0
32.0,997,0,0,0,0,0,0,0,0,0,0
32.05,954,0,0,0,0,0,0,0,0,0,0
32.1,889,0,0,0,0,0,0,0,0,0,0
32.150000000000006,838,0,0,0,0,0,0,0,0,0,0
32.2,810,0,0,0,0,0,0,0,0,0,0
32.25,686,0,0,0,0,0,0,0,0,0,0
32.3,698,0,0,0,0,0,0,0,0,0,0
32.35,632,0,0,0,0,0,0,0,0,0,0
32.400000000000006,576,0,0,0,0,0,0,0,0,0,0
32.45,501,0,0,0,0,0,0,0,0,0,0
32.5,462,0,0,0,0,0,0,0,0,0,0
32.55,427,0,0,0,0,0,0,0,0,0,0
32.6,363,0,0,0,0,0,0,0,0,0,0
32.650000000000006,348,0,0,0,0,0,0,0,0,0,0
32.7,281,0,0,0,0,0,0,0,0,0,0
32.75,224,0,0,0,0,0,0,0,0,0,0
32.8,184,0,0,0,0,0,0,0,0,0,0
32.85,132,0,0,0,0,0,0,0,0,0,0
32.900000000000006,77,0,0,0,0,0,0,0,0,0,0
32.95,28,0,0,0,0,0,0,0,0,0,0
*****
16 , 0.05 , 1000 , 0 , 0.4 , 10 , 100 , 0.65 , 1 , 0.7 , 1 , .01
16.0,1000,1000,1000,1000,1000,0,1000,1000,1000,1000,0
16.05,933,933,933,933,933,0,933,933,933,933,0
16.1,920,920,920,920,920,0,920,920,920,920,0
16.15,914,914,914,914,914,0,914,914,914,914,0
16.2,949,949,949,949,949,0,949,949,949,949,0
16.25,995,995,995,995,995,0,995,995,995,995,0
16.3,950,950,950,950,950,0,950,950,950,950,0
16.35,956,956,956,956,956,0,956,956,956,956,0
16.4,999,999,999,999,999,0,999,999,999,999,0
16.45,950,950,950,950,950,0,950,950,950,950,0
16.5,960,960,960,960,960,0,960,960,960,960,0
16.55,961,961,961,961,961,0,961,961,961,961,0
16.6,961,961,961,961,961,0,961,961,961,961,0
16.65,981,981,981,981,981,0,981,981,981,981,0
16.7,933,933,933,933,933,0,933,933,933,933,0
16.75,909,909,909,909,909,0,909,909,909,909,0
16.8,925,925,925,925,925,0,925,925,925,925,0
16.85,964,964,964,963,964,0,964,964,963,964,0
16.9,963,963,963,963,963,0,963,963,963,963,0
16.95,999,999,999,999,999,0,999,999,999,999,0
17.0,961,961,959,961,961,0,961,959,961,961,0
17.05,948,948,947,948,948,0,948,947,948,948,0
17.1,1006,1006,1006,1005,1006,0,1006,1006,1005,1006,0
17.15,971,971,967,971,971,0,971,967,971,971,0
17.2,970,970,967,969,970,0,970,967,969,970,0
17.25,945,945,941,945,945,0,945,941,945,945,0
17.3,998,998,990,996,998,0,998,990,996,998,0
17.35,919,919,903,919,919,0,919,903,919,919,0
17.4,917,916,897,915,917,0,916,897,915,917,0
17.45,988,987,965,984,987,0,987,965,984,987,0
17.5,928,928,891,926,928,0,928,891,926,928,0
17.55,1011,1010,941,1008,1010,0,1010,941,1008,1010,0
17.6,944,941,872,938,943,0,941,872,938,943,0
17.65,974,962,864,971,970,0,962,864,971,970,0
17.7,955,942,806,946,948,0,942,806,946,948,0
17.75,936,907,756,924,916,0,907,756,924,916,0
17.8,917,875,688,901,890,0,875,688,901,890,0
17.85,949,887,667,929,904,0,887,667,929,904,0
17.9,904,822,553,875,842,0,822,553,875,842,0
17.95,979,855,567,937,884,0,855,567,937,884,0
18.0,927,747,462,878,790,0,747,462,878,790,0
18.05,949,732,418,880,767,0,732,418,880,767,0
18.1,981,676,339,875,729,0,676,339,875,729,0
18.15,957,597,296,834,657,0,597,296,834,657,0
18.2,920,505,228,760,572,0,505,228,760,572,0
18.25,973,440,180,793,518,0,440,180,793,518,0
18.3,961,364,143,723,421,0,364,143,723,421,0
18.35,1018,333,119,715,392,0,333,119,715,392,0
18.4,935,246,84,618,291,0,246,84,618,291,0
18.45,956,196,56,570,243,0,196,56,570,243,0
18.5,944,142,36,507,181,0,142,36,507,181,0
18.55,1010,111,28,462,144,0,111,28,462,144,0
18.6,900,73,20,376,92,0,73,20,376,92,0
18.65,971,43,11,340,59,0,43,11,340,59,0
18.7,895,25,6,273,43,0,25,6,273,43,0
18.75,976,23,8,258,34,0,23,8,258,34,0
18.8,953,15,4,216,25,0,15,4,216,25,0
18.85,986,12,5,181,14,0,12,5,181,14,0
18.9,926,4,2,129,8,0,4,2,129,8,0
18.95,962,3,2,98,3,0,3,2,98,3,0
19.0,942,4,2,89,6,0,4,2,89,6,0
19.05,945,1,0,62,1,0,1,0,62,1,0
19.1,946,1,1,51,1,0,1,1,51,1,0
19.15,930,1,0,35,1,0,1,0,35,1,0
19.2,942,2,0,19,2,0,2,0,19,2,0
19.25,960,0,0,18,0,0,0,0,18,0,0
19.3,950,0,0,14,0,0,0,0,14,0,0
19.35,1018,0,0,13,0,0,0,0,13,0,0
19.4,954,0,0,9,0,0,0,0,9,0,0
19.45,995,0,0,2,0,0,0,0,2,0,0
19.5,934,0,0,3,0,0,0,0,3,0,0
19.55,955,0,0,2,0,0,0,0,2,0,0
19.6,946,0,0,4,0,0,0,0,4,0,0
19.65,991,0,0,0,0,0,0,0,0,0,0
19.7,966,0,0,0,0,0,0,0,0,0,0
19.75,908,0,0,0,0,0,0,0,0,0,0
19.8,914,0,0,0,0,0,0,0,0,0,0
19.85,972,0,0,0,0,0,0,0,0,0,0
19.9,991,0,0,1,0,0,0,0,1,0,0
19.95,936,0,0,1,0,0,0,0,1,0,0
20.0,941,0,0,0,0,0,0,0,0,0,0
20.05,965,0,0,0,0,0,0,0,0,0,0
20.1,953,0,0,0,0,0,0,0,0,0,0
20.15,978,0,0,0,0,0,0,0,0,0,0
20.2,1029,0,0,0,0,0,0,0,0,0,0
20.25,941,0,0,0,0,0,0,0,0,0,0
20.3,949,0,0,0,0,0,0,0,0,0,0
20.35,946,0,0,0,0,0,0,0,0,0,0
20.4,966,0,0,0,0,0,0,0,0,0,0
20.45,958,0,0,0,0,0,0,0,0,0,0
20.5,991,0,0,0,0,0,0,0,0,0,0
20.55,960,0,0,0,0,0,0,0,0,0,0
20.6,980,0,0,0,0,0,0,0,0,0,0
20.65,986,0,0,0,0,0,0,0,0,0,0
20.7,951,0,0,0,0,0,0,0,0,0,0
20.75,929,0,0,0,0,0,0,0,0,0,0
20.8,929,0,0,0,0,0,0,0,0,0,0
20.85,988,0,0,0,0,0,0,0,0,0,0
20.9,948,0,0,0,0,0,0,0,0,0,0
20.95,971,0,0,0,0,0,0,0,0,0,0
21.0,991,0,0,0,0,0,0,0,0,0,0
21.05,965,0,0,0,0,0,0,0,0,0,0
21.1,941,0,0,0,0,0,0,0,0,0,0
21.15,935,0,0,0,0,0,0,0,0,0,0
21.2,951,0,0,0,0,0,0,0,0,0,0
21.25,980,0,0,0,0,0,0,0,0,0,0
21.3,1014,0,0,0,0,0,0,0,0,0,0
21.35,920,0,0,0,0,0,0,0,0,0,0
21.4,951,0,0,0,0,0,0,0,0,0,0
21.45,992,0,0,0,0,0,0,0,0,0,0
21.5,961,0,0,0,0,0,0,0,0,0,0
21.55,975,0,0,0,0,0,0,0,0,0,0
21.6,963,0,0,0,0,0,0,0,0,0,0
21.65,949,0,0,0,0,0,0,0,0,0,0
21.7,995,0,0,0,0,0,0,0,0,0,0
21.75,955,0,0,0,0,0,0,0,0,0,0
21.8,987,0,0,0,0,0,0,0,0,0,0
21.85,931,0,0,0,0,0,0,0,0,0,0
21.9,946,0,0,0,0,0,0,0,0,0,0
21.95,978,0,0,0,0,0,0,0,0,0,0
22.0,948,0,0,0,0,0,0,0,0,0,0
22.05,935,0,0,0,0,0,0,0,0,0,0
22.1,977,0,0,0,0,0,0,0,0,0,0
22.15,943,0,0,0,0,0,0,0,0,0,0
22.2,943,0,0,0,0,0,0,0,0,0,0
22.25,992,0,0,0,0,0,0,0,0,0,0
22.3,929,0,0,0,0,0,0,0,0,0,0
22.35,1008,0,0,0,0,0,0,0,0,0,0
22.4,996,0,0,0,0,0,0,0,0,0,0
22.45,947,0,0,0,0,0,0,0,0,0,0
22.5,986,0,0,0,0,0,0,0,0,0,0
22.55,965,0,0,0,0,0,0,0,0,0,0
22.6,910,0,0,0,0,0,0,0,0,0,0
22.65,943,0,0,0,0,0,0,0,0,0,0
22.7,991,0,0,0,0,0,0,0,0,0,0
22.75,972,0,0,0,0,0,0,0,0,0,0
22.8,929,0,0,0,0,0,0,0,0,0,0
22.85,987,0,0,0,0,0,0,0,0,0,0
22.9,912,0,0,0,0,0,0,0,0,0,0
22.95,1017,0,0,0,0,0,0,0,0,0,0
23.0,959,0,0,0,0,0,0,0,0,0,0
23.05,929,0,0,0,0,0,0,0,0,0,0
23.1,963,0,0,0,0,0,0,0,0,0,0
23.15,924,0,0,0,0,0,0,0,0,0,0
23.2,959,0,0,0,0,0,0,0,0,0,0
23.25,1001,0,0,0,0,0,0,0,0,0,0
23.3,951,0,0,0,0,0,0,0,0,0,0
23.35,971,0,0,0,0,0,0,0,0,0,0
23.4,921,0,0,0,0,0,0,0,0,0,0
23.45,998,0,0,0,0,0,0,0,0,0,0
23.5,972,0,0,0,0,0,0,0,0,0,0
23.55,948,0,0,0,0,0,0,0,0,0,0
23.6,961,0,0,0,0,0,0,0,0,0,0
23.65,960,0,0,0,0,0,0,0,0,0,0
23.7,977,0,0,0,0,0,0,0,0,0,0
23.75,962,0,0,0,0,0,0,0,0,0,0
23.8,978,0,0,0,0,0,0,0,0,0,0
23.85,924,0,0,0,0,0,0,0,0,0,0
23.9,957,0,0,0,0,0,0,0,0,0,0
23.95,937,0,0,0,0,0,0,0,0,0,0
24.0,950,0,0,0,0,0,0,0,0,0,0
24.05,982,0,0,0,0,0,0,0,0,0,0
24.1,969,0,0,0,0,0,0,0,0,0,0
24.15,915,0,0,0,0,0,0,0,0,0,0
24.200000000000003,966,0,0,0,0,0,0,0,0,0,0
24.25,959,0,0,0,0,0,0,0,0,0,0
24.3,957,0,0,0,0,0,0,0,0,0,0
24.35,894,0,0,0,0,0,0,0,0,0,0
24.4,925,0,0,0,0,0,0,0,0,0,0
24.450000000000003,957,0,0,0,0,0,0,0,0,0,0
24.5,897,0,0,0,0,0,0,0,0,0,0
24.55,1008,0,0,0,0,0,0,0,0,0,0
24.6,932,0,0,0,0,0,0,0,0,0,0
24.65,953,0,0,0,0,0,0,0,0,0,0
24.700000000000003,939,0,0,0,0,0,0,0,0,0,0
24.75,986,0,0,0,0,0,0,0,0,0,0
24.8,923,0,0,0,0,0,0,0,0,0,0
24.85,977,0,0,0,0,0,0,0,0,0,0
24.9,939,0,0,0,0,0,0,0,0,0,0
24.950000000000003,965,0,0,0,0,0,0,0,0,0,0
25.0,954,0,0,0,0,0,0,0,0,0,0
25.05,968,0,0,0,0,0,0,0,0,0,0
25.1,935,0,0,0,0,0,0,0,0,0,0
25.15,970,0,0,0,0,0,0,0,0,0,0
25.200000000000003,930,0,0,0,0,0,0,0,0,0,0
25.25,1000,0,0,0,0,0,0,0,0,0,0
25.3,968,0,0,0,0,0,0,0,0,0,0
25.35,936,0,0,0,0,0,0,0,0,0,0
25.4,904,0,0,0,0,0,0,0,0,0,0
25.450000000000003,966,0,0,0,0,0,0,0,0,0,0
25.5,995,0,0,0,0,0,0,0,0,0,0
25.55,953,0,0,0,0,0,0,0,0,0,0
25.6,949,0,0,0,0,0,0,0,0,0,0
25.65,969,0,0,0,0,0,0,0,0,0,0
25.700000000000003,1005,0,0,0,0,0,0,0,0,0,0
25.75,943,0,0,0,0,0,0,0,0,0,0
25.8,937,0,0,0,0,0,0,0,0,0,0
25.85,972,0,0,0,0,0,0,0,0,0,0
25.9,944,0,0,0,0,0,0,0,0,0,0
25.950000000000003,984,0,0,0,0,0,0,0,0,0,0
26.0,910,0,0,0,0,0,0,0,0,0,0
26.05,987,0,0,0,0,0,0,0,0,0,0
26.1,973,0,0,0,0,0,0,0,0,0,0
26.15,992,0,0,0,0,0,0,0,0,0,0
26.200000000000003,1013,0,0,0,0,0,0,0,0,0,0
26.25,946,0,0,0,0,0,0,0,0,0,0
26.3,901,0,0,0,0,0,0,0,0,0,0
26.35,982,0,0,0,0,0,0,0,0,0,0
26.4,938,0,0,0,0,0,0,0,0,0,0
26.450000000000003,959,0,0,0,0,0,0,0,0,0,0
26.5,990,0,0,0,0,0,0,0,0,0,0
26.55,1006,0,0,0,0,0,0,0,0,0,0
26.6,981,0,0,0,0,0,0,0,0,0,0
26.65,932,0,0,0,0,0,0,0,0,0,0
26.700000000000003,907,0,0,0,0,0,0,0,0,0,0
26.75,1006,0,0,0,0,0,0,0,0,0,0
26.8,957,0,0,0,0,0,0,0,0,0,0
26.85,897,0,0,0,0,0,0,0,0,0,0
26.9,934,0,0,0,0,0,0,0,0,0,0
26.950000000000003,986,0,0,0,0,0,0,0,0,0,0
27.0,966,0,0,0,0,0,0,0,0,0,0
27.05,993,0,0,0,0,0,0,0,0,0,0
27.1,932,0,0,0,0,0,0,0,0,0,0
27.15,930,0,0,0,0,0,0,0,0,0,0
27.200000000000003,991,0,0,0,0,0,0,0,0,0,0
27.25,939,0,0,0,0,0,0,0,0,0,0
27.3,950,0,0,0,0,0,0,0,0,0,0
27.35,918,0,0,0,0,0,0,0,0,0,0
27.4,951,0,0,0,0,0,0,0,0,0,0
27.450000000000003,996,0,0,0,0,0,0,0,0,0,0
27.5,991,0,0,0,0,0,0,0,0,0,0
27.55,1009,0,0,0,0,0,0,0,0,0,0
27.6,960,0,0,0,0,0,0,0,0,0,0
27.65,906,0,0,0,0,0,0,0,0,0,0
27.700000000000003,936,0,0,0,0,0,0,0,0,0,0
27.75,987,0,0,0,0,0,0,0,0,0,0
27.8,925,0,0,0,0,0,0,0,0,0,0
27.85,980,0,0,0,0,0,0,0,0,0,0
27.9,997,0,0,0,0,0,0,0,0,0,0
27.950000000000003,946,0,0,0,0,0,0,0,0,0,0
28.0,960,0,0,0,0,0,0,0,0,0,0
28.05,1001,0,0,0,0,0,0,0,0,0,0
28.1,941,0,0,0,0,0,0,0,0,0,0
28.15,994,0,0,0,0,0,0,0,0,0,0
28.200000000000003,935,0,0,0,0,0,0,0,0,0,0
28.25,918,0,0,0,0,0,0,0,0,0,0
28.3,942,0,0,0,0,0,0,0,0,0,0
28.35,959,0,0,0,0,0,0,0,0,0,0
28.4,938,0,0,0,0,0,0,0,0,0,0
28.450000000000003,964,0,0,0,0,0,0,0,0,0,0
28.5,979,0,0,0,0,0,0,0,0,0,0
28.55,961,0,0,0,0,0,0,0,0,0,0
28.6,943,0,0,0,0,0,0,0,0,0,0
28.65,991,0,0,0,0,0,0,0,0,0,0
28.700000000000003,983,0,0,0,0,0,0,0,0,0,0
28.75,967,0,0,0,0,0,0,0,0,0,0
28.8,911,0,0,0,0,0,0,0,0,0,0
28.85,1013,0,0,0,0,0,0,0,0,0,0
28.9,950,0,0,0,0,0,0,0,0,0,0
28.950000000000003,924,0,0,0,0,0,0,0,0,0,0
29.0,952,0,0,0,0,0,0,0,0,0,0
29.05,928,0,0,0,0,0,0,0,0,0,0
29.1,979,0,0,0,0,0,0,0,0,0,0
29.15,1021,0,0,0,0,0,0,0,0,0,0
29.200000000000003,1010,0,0,0,0,0,0,0,0,0,0
29.25,974,0,0,0,0,0,0,0,0,0,0
29.3,924,0,0,0,0,0,0,0,0,0,0
29.35,979,0,0,0,0,0,0,0,0,0,0
29.4,982,0,0,0,0,0,0,0,0,0,0
29.450000000000003,974,0,0,0,0,0,0,0,0,0,0
29.5,912,0,0,0,0,0,0,0,0,0,0
29.55,964,0,0,0,0,0,0,0,0,0,0
29.6,990,0,0,0,0,0,0,0,0,0,0
29.65,991,0,0,0,0,0,0,0,0,0,0
29.700000000000003,967,0,0,0,0,0,0,0,0,0,0
29.75,990,0,0,0,0,0,0,0,0,0,0
29.8,952,0,0,0,0,0,0,0,0,0,0
29.85,971,0,0,0,0,0,0,0,0,0,0
29.9,950,0,0,0,0,0,0,0,0,0,0
29.950000000000003,987,0,0,0,0,0,0,0,0,0,0
30.0,910,0,0,0,0,0,0,0,0,0,0
30.05,970,0,0,0,0,0,0,0,0,0,0
30.1,955,0,0,0,0,0,0,0,0,0,0
30.15,956,0,0,0,0,0,0,0,0,0,0
30.200000000000003,1017,0,0,0,0,0,0,0,0,0,0
30.25,922,0,0,0,0,0,0,0,0,0,0
30.3,968,0,0,0,0,0,0,0,0,0,0
30.35,979,0,0,0,0,0,0,0,0,0,0
30.4,898,0,0,0,0,0,0,0,0,0,0
30.450000000000003,894,0,0,0,0,0,0,0,0,0,0
30.5,950,0,0,0,0,0,0,0,0,0,0
30.55,959,0,0,0,0,0,0,0,0,0,0
30.6,934,0,0,0,0,0,0,0,0,0,0
30.65,990,0,0,0,0,0,0,0,0,0,0
30.700000000000003,1043,0,0,0,0,0,0,0,0,0,0
30.75,930,0,0,0,0,0,0,0,0,0,0
30.8,950,0,0,0,0,0,0,0,0,0,0
30.85,974,0,0,0,0,0,0,0,0,0,0
30.9,977,0,0,0,0,0,0,0,0,0,0
30.950000000000003,947,0,0,0,0,0,0,0,0,0,0
31.0,967,0,0,0,0,0,0,0,0,0,0
31.05,944,0,0,0,0,0,0,0,0,0,0
31.1,969,0,0,0,0,0,0,0,0,0,0
31.15,936,0,0,0,0,0,0,0,0,0,0
31.200000000000003,942,0,0,0,0,0,0,0,0,0,0
31.25,957,0,0,0,0,0,0,0,0,0,0
31.3,942,0,0,0,0,0,0,0,0,0,0
31.35,971,0,0,0,0,0,0,0,0,0,0
31.4,954,0,0,0,0,0,0,0,0,0,0
31.450000000000003,974,0,0,0,0,0,0,0,0,0,0
31.5,938,0,0,0,0,0,0,0,0,0,0
31.55,964,0,0,0,0,0,0,0,0,0,0
31.6,952,0,0,0,0,0,0,0,0,0,0
31.65,979,0,0,0,0,0,0,0,0,0,0
31.700000000000003,914,0,0,0,0,0,0,0,0,0,0
31.75,999,0,0,0,0,0,0,0,0,0,0
31.8,966,0,0,0,0,0,0,0,0,0,0
31.85,979,0,0,0,0,0,0,0,0,0,0
31.9,972,0,0,0,0,0,0,0,0,0,0
31.950000000000003,953,0,0,0,0,0,0,0,0,0,0
32.0,889,0,0,0,0,0,0,0,0,0,0
32.05,793,0,0,0,0,0,0,0,0,0,0
32.1,666,0,0,0,0,0,0,0,0,0,0
32.150000000000006,544,0,0,0,0,0,0,0,0,0,0
32.2,415,0,0,0,0,0,0,0,0,0,0
32.25,277,0,0,0,0,0,0,0,0,0,0
32.3,188,0,0,0,0,0,0,0,0,0,0
32.35,62,0,0,0,0,0,0,0,0,0,0
*****
16 , 0.05 , 1000 , 0.3 , 0.7 , 10 , 100 , 0.65 , 1 , 0.7 , 1 , .01
16.0,1000,1000,1000,996,1000,0,1000,1000,987,1000,0
16.05,933,933,933,930,933,0,933,933,925,933,0
16.1,986,986,986,982,986,0,986,986,978,986,0
16.15,1027,1027,1027,1022,1027,0,1027,1027,1016,1027,0
16.2,962,962,962,958,962,0,962,962,951,962,0
16.25,997,997,997,993,997,0,997,997,982,997,0
16.3,993,993,993,988,993,0,993,993,983,993,0
16.35,954,954,954,949,954,0,954,954,947,954,0
16.4,927,927,927,925,927,0,927,927,921,927,0
16.45,974,974,974,970,974,0,974,974,964,974,0
16.5,948,948,948,942,948,0,947,948,938,948,0
16.55,983,983,983,978,983,0,983,983,970,983,0
16.6,900,900,900,897,900,0,900,900,895,900,0
16.65,968,968,967,963,968,0,968,967,957,968,0
16.7,967,967,967,958,967,0,967,967,957,967,0
16.75,986,986,984,979,986,0,986,984,973,986,0
16.8,971,971,970,956,971,0,970,970,951,971,0
16.85,992,990,990,981,992,0,990,990,976,992,0
16.9,974,969,967,957,972,0,969,967,953,972,0
16.95,1008,1000,1002,988,1005,0,1000,1002,986,1005,0
17.0,978,970,970,950,975,0,970,970,949,975,0
17.05,927,907,912,914,922,0,907,912,914,922,0
17.1,964,940,941,929,955,0,940,941,928,955,0
17.15,923,887,892,889,907,0,887,892,888,907,0
17.2,1053,994,998,1000,1024,0,994,998,998,1024,0
17.25,977,907,918,944,943,0,907,918,943,943,0
17.3,976,890,910,921,932,0,890,910,920,932,0
17.35,986,889,903,926,940,0,889,903,926,940,0
17.4,996,852,877,921,923,0,852,877,921,923,0
17.45,974,803,827,898,875,0,803,827,898,875,0
17.5,944,767,788,854,830,0,767,788,854,830,0
17.55,953,728,751,855,809,0,728,751,855,809,0
17.6,941,654,682,827,772,0,654,682,827,772,0
17.65,999,646,696,856,760,0,646,696,856,760,0
17.7,985,611,644,833,728,0,611,644,833,728,0
17.75,974,564,613,808,683,0,564,613,808,683,0
17.8,933,483,535,750,606,0,483,535,750,606,0
17.85,1021,478,534,801,615,0,478,534,801,615,0
17.9,980,408,455,712,516,0,408,455,712,516,0
17.95,989,339,409,701,483,0,339,409,701,483,0
18.0,949,291,346,638,411,0,291,346,638,411,0
18.05,973,275,333,643,395,0,275,333,643,395,0
18.1,962,240,293,590,356,0,240,293,590,356,0
18.15,938,201,253,541,305,0,201,253,541,305,0
18.2,988,180,224,550,289,0,180,224,550,289,0
18.25,974,146,197,523,249,0,146,197,523,249,0
18.3,973,119,154,471,199,0,119,154,471,199,0
18.35,1024,100,148,470,180,0,100,148,470,180,0
18.4,941,82,119,402,158,0,82,119,402,158,0
18.45,921,52,78,350,106,0,52,78,350,106,0
18.5,1023,55,86,359,114,0,55,86,359,114,0
18.55,931,38,58,289,78,0,38,58,289,78,0
18.6,972,32,57,276,77,0,32,57,276,77,0
18.65,995,31,49,231,70,0,31,49,231,70,0
18.7,973,18,29,214,43,0,18,29,214,43,0
18.75,968,17,32,203,44,0,17,32,203,44,0
18.8,990,18,30,173,36,0,18,30,173,36,0
18.85,971,7,24,173,30,0,7,24,173,30,0
18.9,982,10,18,126,25,0,10,18,126,25,0
18.95,945,6,14,108,20,0,6,14,108,20,0
19.0,980,8,10,98,15,0,8,10,98,15,0
19.05,964,5,11,70,13,0,5,11,70,13,0
19.1,972,0,1,64,2,0,0,1,64,2,0
19.15,967,1,2,52,6,0,1,2,52,6,0
19.2,972,2,6,43,8,0,2,6,43,8,0
19.25,929,1,1,31,2,0,1,1,31,2,0
19.3,1027,0,1,33,1,0,0,1,33,1,0
19.35,987,1,1,28,1,0,1,1,28,1,0
19.4,950,2,2,27,3,0,2,2,27,3,0
19.45,940,0,2,18,3,0,0,2,18,3,0
19.5,949,1,2,16,2,0,1,2,16,2,0
19.55,976,0,0,9,2,0,0,0,9,2,0
19.6,984,0,1,6,1,0,0,1,6,1,0
19.65,938,0,0,11,0,0,0,0,11,0,0
19.7,1005,0,1,2,1,0,0,1,2,1,0
19.75,994,0,1,4,1,0,0,1,4,1,0
19.8,972,0,0,1,1,0,0,0,1,1,0
19.85,979,0,0,1,0,0,0,0,1,0,0
19.9,977,0,0,1,0,0,0,0,1,0,0
19.95,983,0,0,3,0,0,0,0,3,0,0
20.0,966,1,1,1,1,0,1,1,1,1,0
20.05,965,0,0,1,0,0,0,0,1,0,0
20.1,961,0,0,1,0,0,0,0,1,0,0
20.15,1003,0,0,1,0,0,0,0,1,0,0
20.2,955,0,0,0,0,0,0,0,0,0,0
20.25,997,0,0,0,0,0,0,0,0,0,0
20.3,933,0,0,0,0,0,0,0,0,0,0
20.35,962,0,0,0,0,0,0,0,0,0,0
20.4,924,0,0,0,0,0,0,0,0,0,0
20.45,1026,0,0,0,0,0,0,0,0,0,0
20.5,995,0,0,0,0,0,0,0,0,0,0
20.55,984,0,0,0,0,0,0,0,0,0,0
20.6,972,0,0,0,0,0,0,0,0,0,0
20.65,992,0,0,0,0,0,0,0,0,0,0
20.7,935,0,0,0,0,0,0,0,0,0,0
20.75,949,0,0,0,0,0,0,0,0,0,0
20.8,977,0,0,0,0,0,0,0,0,0,0
20.85,988,0,0,0,0,0,0,0,0,0,0
20.9,992,0,0,0,0,0,0,0,0,0,0
20.95,979,0,0,0,0,0,0,0,0,0,0
21.0,996,0,0,0,0,0,0,0,0,0,0
21.05,956,0,0,0,0,0,0,0,0,0,0
21.1,947,0,0,0,0,0,0,0,0,0,0
21.15,958,0,0,0,0,0,0,0,0,0,0
21.2,975,0,0,0,0,0,0,0,0,0,0
21.25,985,0,0,0,0,0,0,0,0,0,0
21.3,967,0,0,0,0,0,0,0,0,0,0
21.35,1015,0,0,0,0,0,0,0,0,0,0
21.4,996,0,0,0,0,0,0,0,0,0,0
21.45,931,0,0,0,0,0,0,0,0,0,0
21.5,988,0,0,0,0,0,0,0,0,0,0
21.55,940,0,0,0,0,0,0,0,0,0,0
21.6,976,0,0,0,0,0,0,0,0,0,0
21.65,1002,0,0,0,0,0,0,0,0,0,0
21.7,924,0,0,0,0,0,0,0,0,0,0
21.75,1012,0,0,0,0,0,0,0,0,0,0
21.8,1010,0,0,0,0,0,0,0,0,0,0
21.85,961,0,0,0,0,0,0,0,0,0,0
21.9,961,0,0,0,0,0,0,0,0,0,0
21.95,969,0,0,0,0,0,0,0,0,0,0
22.0,952,0,0,0,0,0,0,0,0,0,0
22.05,981,0,0,0,0,0,0,0,0,0,0
22.1,1006,0,0,0,0,0,0,0,0,0,0
22.15,998,0,0,0,0,0,0,0,0,0,0
22.2,991,0,0,0,0,0,0,0,0,0,0
22.25,947,0,0,0,0,0,0,0,0,0,0
22.3,962,0,0,0,0,0,0,0,0,0,0
22.35,933,0,0,0,0,0,0,0,0,0,0
22.4,1014,0,0,0,0,0,0,0,0,0,0
22.45,969,0,0,0,0,0,0,0,0,0,0
22.5,974,0,0,0,0,0,0,0,0,0,0
22.55,994,0,0,0,0,0,0,0,0,0,0
22.6,992,0,0,0,0,0,0,0,0,0,0
22.65,997,0,0,0,0,0,0,0,0,0,0
22.7,948,0,0,0,0,0,0,0,0,0,0
22.75,945,0,0,0,0,0,0,0,0,0,0
22.8,938,0,0,0,0,0,0,0,0,0,0
22.85,1018,0,0,0,0,0,0,0,0,0,0
22.9,985,0,0,0,0,0,0,0,0,0,0
22.95,933,0,0,0,0,0,0,0,0,0,0
23.0,1006,0,0,0,0,0,0,0,0,0,0
23.05,981,0,0,0,0,0,0,0,0,0,0
23.1,970,0,0,0,0,0,0,0,0,0,0
23.15,942,0,0,0,0,0,0,0,0,0,0
23.2,952,0,0,0,0,0,0,0,0,0,0
23.25,977,0,0,0,0,0,0,0,0,0,0
23.3,995,0,0,0,0,0,0,0,0,0,0
23.35,968,0,0,0,0,0,0,0,0,0,0
23.4,979,0,0,0,0,0,0,0,0,0,0
23.45,967,0,0,0,0,0,0,0,0,0,0
23.5,982,0,0,0,0,0,0,0,0,0,0
23.55,899,0,0,0,0,0,0,0,0,0,0
23.6,1015,0,0,0,0,0,0,0,0,0,0
23.65,955,0,0,0,0,0,0,0,0,0,0
23.7,1001,0,0,0,0,0,0,0,0,0,0
23.75,1009,0,0,0,0,0,0,0,0,0,0
23.8,972,0,0,0,0,0,0,0,0,0,0
23.85,955,0,0,0,0,0,0,0,0,0,0
23.9,1004,0,0,0,0,0,0,0,0,0,0
23.95,976,0,0,0,0,0,0,0,0,0,0
24.0,906,0,0,0,0,0,0,0,0,0,0
24.05,981,0,0,0,0,0,0,0,0,0,0
24.1,972,0,0,0,0,0,0,0,0,0,0
24.15,943,0,0,0,0,0,0,0,0,0,0
24.200000000000003,994,0,0,0,0,0,0,0,0,0,0
24.25,993,0,0,0,0,0,0,0,0,0,0
24.3,982,0,0,0,0,0,0,0,0,0,0
24.35,998,0,0,0,0,0,0,0,0,0,0
24.4,953,0,0,0,0,0,0,0,0,0,0
24.450000000000003,964,0,0,0,0,0,0,0,0,0,0
24.5,970,0,0,0,0,0,0,0,0,0,0
24.55,963,0,0,0,0,0,0,0,0,0,0
24.6,965,0,0,0,0,0,0,0,0,0,0
24.65,974,0,0,0,0,0,0,0,0,0,0
24.700000000000003,1011,0,0,0,0,0,0,0,0,0,0
24.75,996,0,0,0,0,0,0,0,0,0,0
24.8,997,0,0,0,0,0,0,0,0,0,0
24.85,969,0,0,0,0,0,0,0,0,0,0
24.9,959,0,0,0,0,0,0,0,0,0,0
24.950000000000003,956,0,0,0,0,0,0,0,0,0,0
25.0,1014,0,0,0,0,0,0,0,0,0,0
25.05,916,0,0,0,0,0,0,0,0,0,0
25.1,906,0,0,0,0,0,0,0,0,0,0
25.15,1008,0,0,0,0,0,0,0,0,0,0
25.200000000000003,1017,0,0,0,0,0,0,0,0,0,0
25.25,981,0,0,0,0,0,0,0,0,0,0
25.3,986,0,0,0,0,0,0,0,0,0,0
25.35,992,0,0,0,0,0,0,0,0,0,0
25.4,933,0,0,0,0,0,0,0,0,0,0
25.450000000000003,910,0,0,0,0,0,0,0,0,0,0
25.5,997,0,0,0,0,0,0,0,0,0,0
25.55,984,0,0,0,0,0,0,0,0,0,0
25.6,943,0,0,0,0,0,0,0,0,0,0
25.65,983,0,0,0,0,0,0,0,0,0,0
25.700000000000003,990,0,0,0,0,0,0,0,0,0,0
25.75,990,0,0,0,0,0,0,0,0,0,0
25.8,972,0,0,0,0,0,0,0,0,0,0
25.85,970,0,0,0,0,0,0,0,0,0,0
25.9,981,0,0,0,0,0,0,0,0,0,0
25.950000000000003,963,0,0,0,0,0,0,0,0,0,0
26.0,971,0,0,0,0,0,0,0,0,0,0
26.05,982,0,0,0,0,0,0,0,0,0,0
26.1,985,0,0,0,0,0,0,0,0,0,0
26.15,924,0,0,0,0,0,0,0,0,0,0
26.200000000000003,979,0,0,0,0,0,0,0,0,0,0
26.25,991,0,0,0,0,0,0,0,0,0,0
26.3,1000,0,0,0,0,0,0,0,0,0,0
26.35,938,0,0,0,0,0,0,0,0,0,0
26.4,957,0,0,0,0,0,0,0,0,0,0
26.450000000000003,961,0,0,0,0,0,0,0,0,0,0
26.5,986,0,0,0,0,0,0,0,0,0,0
26.55,974,0,0,0,0,0,0,0,0,0,0
26.6,1017,0,0,0,0,0,0,0,0,0,0
26.65,986,0,0,0,0,0,0,0,0,0,0
26.700000000000003,959,0,0,0,0,0,0,0,0,0,0
26.75,966,0,0,0,0,0,0,0,0,0,0
26.8,959,0,0,0,0,0,0,0,0,0,0
26.85,974,0,0,0,0,0,0,0,0,0,0
26.9,974,0,0,0,0,0,0,0,0,0,0
26.950000000000003,994,0,0,0,0,0,0,0,0,0,0
27.0,989,0,0,0,0,0,0,0,0,0,0
27.05,957,0,0,0,0,0,0,0,0,0,0
27.1,974,0,0,0,0,0,0,0,0,0,0
27.15,927,0,0,0,0,0,0,0,0,0,0
27.200000000000003,968,0,0,0,0,0,0,0,0,0,0
27.25,980,0,0,0,0,0,0,0,0,0,0
27.3,1020,0,0,0,0,0,0,0,0,0,0
27.35,920,0,0,0,0,0,0,0,0,0,0
27.4,997,0,0,0,0,0,0,0,0,0,0
27.450000000000003,963,0,0,0,0,0,0,0,0,0,0
27.5,1004,0,0,0,0,0,0,0,0,0,0
27.55,998,0,0,0,0,0,0,0,0,0,0
27.6,968,0,0,0,0,0,0,0,0,0,0
27.65,1011,0,0,0,0,0,0,0,0,0,0
27.700000000000003,958,0,0,0,0,0,0,0,0,0,0
27.75,949,0,0,0,0,0,0,0,0,0,0
27.8,938,0,0,0,0,0,0,0,0,0,0
27.85,930,0,0,0,0,0,0,0,0,0,0
27.9,898,0,0,0,0,0,0,0,0,0,0
27.950000000000003,1016,0,0,0,0,0,0,0,0,0,0
28.0,1090,0,0,0,0,0,0,0,0,0,0
28.05,969,0,0,0,0,0,0,0,0,0,0
28.1,992,0,0,0,0,0,0,0,0,0,0
28.15,981,0,0,0,0,0,0,0,0,0,0
28.200000000000003,981,0,0,0,0,0,0,0,0,0,0
28.25,937,0,0,0,0,0,0,0,0,0,0
28.3,935,0,0,0,0,0,0,0,0,0,0
28.35,956,0,0,0,0,0,0,0,0,0,0
28.4,962,0,0,0,0,0,0,0,0,0,0
28.450000000000003,977,0,0,0,0,0,0,0,0,0,0
28.5,1019,0,0,0,0,0,0,0,0,0,0
28.55,955,0,0,0,0,0,0,0,0,0,0
28.6,1019,0,0,0,0,0,0,0,0,0,0
28.65,1012,0,0,0,0,0,0,0,0,0,0
28.700000000000003,992,0,0,0,0,0,0,0,0,0,0
28.75,922,0,0,0,0,0,0,0,0,0,0
28.8,934,0,0,0,0,0,0,0,0,0,0
28.85,951,0,0,0,0,0,0,0,0,0,0
28.9,990,0,0,0,0,0,0,0,0,0,0
28.950000000000003,947,0,0,0,0,0,0,0,0,0,0
29.0,995,0,0,0,0,0,0,0,0,0,0
29.05,962,0,0,0,0,0,0,0,0,0,0
29.1,981,0,0,0,0,0,0,0,0,0,0
29.15,1038,0,0,0,0,0,0,0,0,0,0
29.200000000000003,990,0,0,0,0,0,0,0,0,0,0
29.25,944,0,0,0,0,0,0,0,0,0,0
29.3,955,0,0,0,0,0,0,0,0,0,0
29.35,955,0,0,0,0,0,0,0,0,0,0
29.4,932,0,0,0,0,0,0,0,0,0,0
29.450000000000003,998,0,0,0,0,0,0,0,0,0,0
29.5,978,0,0,0,0,0,0,0,0,0,0
29.55,1055,0,0,0,0,0,0,0,0,0,0
29.6,984,0,0,0,0,0,0,0,0,0,0
29.65,959,0,0,0,0,0,0,0,0,0,0
29.700000000000003,993,0,0,0,0,0,0,0,0,0,0
29.75,987,0,0,0,0,0,0,0,0,0,0
29.8,930,0,0,0,0,0,0,0,0,0,0
29.85,968,0,0,0,0,0,0,0,0,0,0
29.9,933,0,0,0,0,0,0,0,0,0,0
29.950000000000003,975,0,0,0,0,0,0,0,0,0,0
30.0,963,0,0,0,0,0,0,0,0,0,0
30.05,1034,0,0,0,0,0,0,0,0,0,0
30.1,936,0,0,0,0,0,0,0,0,0,0
30.15,1030,0,0,0,0,0,0,0,0,0,0
30.200000000000003,1020,0,0,0,0,0,0,0,0,0,0
30.25,967,0,0,0,0,0,0,0,0,0,0
30.3,999,0,0,0,0,0,0,0,0,0,0
30.35,958,0,0,0,0,0,0,0,0,0,0
30.4,907,0,0,0,0,0,0,0,0,0,0
30.450000000000003,930,0,0,0,0,0,0,0,0,0,0
30.5,952,0,0,0,0,0,0,0,0,0,0
30.55,993,0,0,0,0,0,0,0,0,0,0
30.6,1012,0,0,0,0,0,0,0,0,0,0
30.65,945,0,0,0,0,0,0,0,0,0,0
30.700000000000003,1031,0,0,0,0,0,0,0,0,0,0
30.75,1008,0,0,0,0,0,0,0,0,0,0
30.8,963,0,0,0,0,0,0,0,0,0,0
30.85,960,0,0,0,0,0,0,0,0,0,0
30.9,988,0,0,0,0,0,0,0,0,0,0
30.950000000000003,932,0,0,0,0,0,0,0,0,0,0
31.0,968,0,0,0,0,0,0,0,0,0,0
31.05,993,0,0,0,0,0,0,0,0,0,0
31.1,953,0,0,0,0,0,0,0,0,0,0
31.15,1005,0,0,0,0,0,0,0,0,0,0
31.200000000000003,954,0,0,0,0,0,0,0,0,0,0
31.25,955,0,0,0,0,0,0,0,0,0,0
31.3,988,0,0,0,0,0,0,0,0,0,0
31.35,967,0,0,0,0,0,0,0,0,0,0
31.4,999,0,0,0,0,0,0,0,0,0,0
31.450000000000003,975,0,0,0,0,0,0,0,0,0,0
31.5,980,0,0,0,0,0,0,0,0,0,0
31.55,995,0,0,0,0,0,0,0,0,0,0
31.6,913,0,0,0,0,0,0,0,0,0,0
31.65,974,0,0,0,0,0,0,0,0,0,0
31.700000000000003,1009,0,0,0,0,0,0,0,0,0,0
31.75,981,0,0,0,0,0,0,0,0,0,0
31.8,956,0,0,0,0,0,0,0,0,0,0
31.85,966,0,0,0,0,0,0,0,0,0,0
31.9,993,0,0,0,0,0,0,0,0,0,0
31.950000000000003,971,0,0,0,0,0,0,0,0,0,0
32.0,920,0,0,0,0,0,0,0,0,0,0
32.05,1008,0,0,0,0,0,0,0,0,0,0
32.1,950,0,0,0,0,0,0,0,0,0,0
32.150000000000006,969,0,0,0,0,0,0,0,0,0,0
32.2,1051,0,0,0,0,0,0,0,0,0,0
32.25,952,0,0,0,0,0,0,0,0,0,0
32.3,884,0,0,0,0,0,0,0,0,0,0
32.35,791,0,0,0,0,0,0,0,0,0,0
32.400000000000006,664,0,0,0,0,0,0,0,0,0,0
32.45,537,0,0,0,0,0,0,0,0,0,0
32.5,461,0,0,0,0,0,0,0,0,0,0
32.55,306,0,0,0,0,0,0,0,0,0,0
32.6,177,0,0,0,0,0,0,0,0,0,0
32.650000000000006,68,0,0,0,0,0,0,0,0,0,0
*****
16 , 0.05 , 1000 , 0 , 1 , 10 , 100 , 0.65 , 1 , 0.7 , 1 , .01
16.0,1000,1000,1000,926,1000,0,999,1000,882,1000,0
16.05,1062,1062,1062,978,1062,0,1061,1062,916,1062,0
16.1,1010,1010,1010,938,1010,0,1010,1009,890,1009,0
16.15,993,993,992,917,993,0,993,992,882,993,0
16.2,1034,1033,1033,960,1034,0,1033,1033,910,1034,0
16.25,1052,1045,1047,978,1050,0,1043,1047,940,1049,0
16.3,951,935,946,893,949,0,935,946,857,949,0
16.35,1057,1040,1046,958,1052,0,1039,1046,932,1052,0
16.4,1041,1006,1016,965,1029,0,1006,1016,943,1029,0
16.45,1021,968,984,944,998,0,968,984,923,998,0
16.5,1032,935,964,934,979,0,935,964,909,979,0
16.55,1068,943,974,947,998,0,942,974,947,998,0
16.6,1000,838,874,883,906,0,838,874,872,906,0
16.65,1057,835,888,882,925,0,835,888,867,925,0
16.7,1029,754,795,844,852,0,754,795,831,852,0
16.75,1060,723,783,822,842,0,723,783,804,842,0
16.8,1056,644,701,810,756,0,644,701,794,756,0
16.85,1009,517,585,723,654,0,517,585,713,654,0
16.9,1023,499,568,689,624,0,499,568,690,624,0
16.95,1023,396,477,639,555,0,396,477,636,555,0
17.0,1022,346,409,614,472,0,346,409,612,472,0
17.05,1065,296,370,588,448,0,296,370,582,448,0
17.1,1049,226,312,532,370,0,226,312,530,370,0
17.15,984,185,254,467,304,0,185,254,466,304,0
17.2,1056,159,208,428,256,0,159,208,428,256,0
17.25,1083,127,169,392,206,0,127,169,392,206,0
17.3,1039,75,120,314,149,0,75,120,314,149,0
17.35,1006,73,107,291,135,0,73,107,290,135,0
17.4,1039,47,83,286,99,0,47,83,285,99,0
17.45,1089,43,74,247,97,0,43,74,247,97,0
17.5,1018,24,38,221,60,0,24,38,221,60,0
17.55,1040,32,49,191,62,0,32,49,191,62,0
17.6,1065,21,34,180,47,0,21,34,180,47,0
17.65,1009,10,22,115,28,0,10,22,115,28,0
17.7,1021,7,14,127,26,0,7,14,127,26,0
17.75,1051,3,9,92,13,0,3,9,92,13,0
17.8,1066,2,5,76,7,0,2,5,76,7,0
17.85,1009,1,3,53,3,0,1,3,53,3,0
17.9,1057,5,7,56,13,0,5,7,56,13,0
17.95,1112,0,3,23,4,0,0,3,23,4,0
18.0,1097,2,3,41,5,0,2,3,41,5,0
18.05,1054,1,2,40,2,0,1,2,40,2,0
18.1,1049,1,1,33,2,0,1,1,33,2,0
18.15,1026,0,0,22,2,0,0,0,22,2,0
18.2,1009,0,0,22,0,0,0,0,22,0,0
18.25,995,0,0,20,0,0,0,0,20,0,0
18.3,1017,0,0,12,0,0,0,0,12,0,0
18.35,1038,1,1,7,1,0,1,1,7,1,0
18.4,1068,0,0,7,0,0,0,0,7,0,0
18.45,1058,0,0,7,0,0,0,0,7,0,0
18.5,1051,0,0,3,0,0,0,0,3,0,0
18.55,1062,0,1,3,1,0,0,1,3,1,0
18.6,1046,0,0,4,0,0,0,0,4,0,0
18.65,1067,0,0,2,0,0,0,0,2,0,0
18.7,1038,0,0,1,0,0,0,0,1,0,0
18.75,1108,0,0,4,0,0,0,0,4,0,0
18.8,1015,0,0,3,0,0,0,0,3,0,0
18.85,1012,0,0,0,0,0,0,0,0,0,0
18.9,1031,0,0,1,0,0,0,0,1,0,0
18.95,1086,0,0,0,0,0,0,0,0,0,0
19.0,990,0,0,0,0,0,0,0,0,0,0
19.05,1034,0,0,0,0,0,0,0,0,0,0
19.1,1016,0,0,0,0,0,0,0,0,0,0
19.15,1049,0,0,0,0,0,0,0,0,0,0
19.2,1046,0,0,0,0,0,0,0,0,0,0
19.25,1060,0,0,0,0,0,0,0,0,0,0
19.3,1028,0,0,0,0,0,0,0,0,0,0
19.35,1031,0,0,0,0,0,0,0,0,0,0
19.4,1034,0,0,0,0,0,0,0,0,0,0
19.45,1031,0,0,0,0,0,0,0,0,0,0
19.5,1041,0,0,0,0,0,0,0,0,0,0
19.55,1066,0,0,0,0,0,0,0,0,0,0
19.6,1048,0,0,0,0,0,0,0,0,0,0
19.65,1070,0,0,0,0,0,0,0,0,0,0
19.7,1067,0,0,0,0,0,0,0,0,0,0
19.75,1032,0,0,0,0,0,0,0,0,0,0
19.8,1060,0,0,0,0,0,0,0,0,0,0
19.85,1043,0,0,0,0,0,0,0,0,0,0
19.9,1059,0,0,0,0,0,0,0,0,0,0
19.95,1035,0,0,0,0,0,0,0,0,0,0
20.0,1010,0,0,0,0,0,0,0,0,0,0
20.05,1045,0,0,0,0,0,0,0,0,0,0
20.1,1054,0,0,0,0,0,0,0,0,0,0
20.15,1021,0,0,0,0,0,0,0,0,0,0
20.2,1055,0,0,0,0,0,0,0,0,0,0
20.25,1024,0,0,0,0,0,0,0,0,0,0
20.3,1012,0,0,0,0,0,0,0,0,0,0
20.35,964,0,0,0,0,0,0,0,0,0,0
20.4,1008,0,0,0,0,0,0,0,0,0,0
20.45,1018,0,0,0,0,0,0,0,0,0,0
20.5,1079,0,0,0,0,0,0,0,0,0,0
20.55,1087,0,0,0,0,0,0,0,0,0,0
20.6,1063,0,0,0,0,0,0,0,0,0,0
20.65,1114,0,0,0,0,0,0,0,0,0,0
20.7,1052,0,0,0,0,0,0,0,0,0,0
20.75,1014,0,0,0,0,0,0,0,0,0,0
20.8,1023,0,0,0,0,0,0,0,0,0,0
20.85,1019,0,0,0,0,0,0,0,0,0,0
20.9,1078,0,0,0,0,0,0,0,0,0,0
20.95,1021,0,0,0,0,0,0,0,0,0,0
21.0,1071,0,0,0,0,0,0,0,0,0,0
21.05,1035,0,0,0,0,0,0,0,0,0,0
21.1,1058,0,0,0,0,0,0,0,0,0,0
21.15,1038,0,0,0,0,0,0,0,0,0,0
21.2,1023,0,0,0,0,0,0,0,0,0,0
21.25,1053,0,0,0,0,0,0,0,0,0,0
21.3,1038,0,0,0,0,0,0,0,0,0,0
21.35,1056,0,0,0,0,0,0,0,0,0,0
21.4,998,0,0,0,0,0,0,0,0,0,0
21.45,1081,0,0,0,0,0,0,0,0,0,0
21.5,1072,0,0,0,0,0,0,0,0,0,0
21.55,1044,0,0,0,0,0,0,0,0,0,0
21.6,1019,0,0,0,0,0,0,0,0,0,0
21.65,1076,0,0,0,0,0,0,0,0,0,0
21.7,1075,0,0,0,0,0,0,0,0,0,0
21.75,1027,0,0,0,0,0,0,0,0,0,0
21.8,1011,0,0,0,0,0,0,0,0,0,0
21.85,1028,0,0,0,0,0,0,0,0,0,0
21.9,1113,0,0,0,0,0,0,0,0,0,0
21.95,1074,0,0,0,0,0,0,0,0,0,0
22.0,1051,0,0,0,0,0,0,0,0,0,0
22.05,1044,0,0,0,0,0,0,0,0,0,0
22.1,1062,0,0,0,0,0,0,0,0,0,0
22.15,944,0,0,0,0,0,0,0,0,0,0
22.2,1098,0,0,0,0,0,0,0,0,0,0
22.25,1066,0,0,0,0,0,0,0,0,0,0
22.3,1032,0,0,0,0,0,0,0,0,0,0
22.35,1045,0,0,0,0,0,0,0,0,0,0
22.4,987,0,0,0,0,0,0,0,0,0,0
22.45,1000,0,0,0,0,0,0,0,0,0,0
22.5,1068,0,0,0,0,0,0,0,0,0,0
22.55,1029,0,0,0,0,0,0,0,0,0,0
22.6,1055,0,0,0,0,0,0,0,0,0,0
22.65,1028,0,0,0,0,0,0,0,0,0,0
22.7,1018,0,0,0,0,0,0,0,0,0,0
22.75,1001,0,0,0,0,0,0,0,0,0,0
22.8,1013,0,0,0,0,0,0,0,0,0,0
22.85,1052,0,0,0,0,0,0,0,0,0,0
22.9,1082,0,0,0,0,0,0,0,0,0,0
22.95,1068,0,0,0,0,0,0,0,0,0,0
23.0,1050,0,0,0,0,0,0,0,0,0,0
23.05,1050,0,0,0,0,0,0,0,0,0,0
23.1,1057,0,0,0,0,0,0,0,0,0,0
23.15,1057,0,0,0,0,0,0,0,0,0,0
23.2,987,0,0,0,0,0,0,0,0,0,0
23.25,1034,0,0,0,0,0,0,0,0,0,0
23.3,1052,0,0,0,0,0,0,0,0,0,0
23.35,1028,0,0,0,0,0,0,0,0,0,0
23.4,1006,0,0,0,0,0,0,0,0,0,0
23.45,1089,0,0,0,0,0,0,0,0,0,0
23.5,1049,0,0,0,0,0,0,0,0,0,0
23.55,1016,0,0,0,0,0,0,0,0,0,0
23.6,1036,0,0,0,0,0,0,0,0,0,0
23.65,1038,0,0,0,0,0,0,0,0,0,0
23.7,1022,0,0,0,0,0,0,0,0,0,0
23.75,1126,0,0,0,0,0,0,0,0,0,0
23.8,1034,0,0,0,0,0,0,0,0,0,0
23.85,1075,0,0,0,0,0,0,0,0,0,0
23.9,1067,0,0,0,0,0,0,0,0,0,0
23.95,1019,0,0,0,0,0,0,0,0,0,0
24.0,1049,0,0,0,0,0,0,0,0,0,0
24.05,1036,0,0,0,0,0,0,0,0,0,0
24.1,1002,0,0,0,0,0,0,0,0,0,0
24.15,1040,0,0,0,0,0,0,0,0,0,0
24.200000000000003,1028,0,0,0,0,0,0,0,0,0,0
24.25,1045,0,0,0,0,0,0,0,0,0,0
24.3,1044,0,0,0,0,0,0,0,0,0,0
24.35,1030,0,0,0,0,0,0,0,0,0,0
24.4,1038,0,0,0,0,0,0,0,0,0,0
24.450000000000003,1009,0,0,0,0,0,0,0,0,0,0
24.5,1045,0,0,0,0,0,0,0,0,0,0
24.55,1027,0,0,0,0,0,0,0,0,0,0
24.6,1030,0,0,0,0,0,0,0,0,0,0
24.65,1058,0,0,0,0,0,0,0,0,0,0
24.700000000000003,1073,0,0,0,0,0,0,0,0,0,0
24.75,1067,0,0,0,0,0,0,0,0,0,0
24.8,1050,0,0,0,0,0,0,0,0,0,0
24.85,1069,0,0,0,0,0,0,0,0,0,0
24.9,1045,0,0,0,0,0,0,0,0,0,0
24.950000000000003,1005,0,0,0,0,0,0,0,0,0,0
25.0,1054,0,0,0,0,0,0,0,0,0,0
25.05,1060,0,0,0,0,0,0,0,0,0,0
25.1,1021,0,0,0,0,0,0,0,0,0,0
25.15,1034,0,0,0,0,0,0,0,0,0,0
25.200000000000003,1046,0,0,0,0,0,0,0,0,0,0
25.25,1030,0,0,0,0,0,0,0,0,0,0
25.3,1007,0,0,0,0,0,0,0,0,0,0
25.35,1075,0,0,0,0,0,0,0,0,0,0
25.4,1024,0,0,0,0,0,0,0,0,0,0
25.450000000000003,1021,0,0,0,0,0,0,0,0,0,0
25.5,1002,0,0,0,0,0,0,0,0,0,0
25.55,1067,0,0,0,0,0,0,0,0,0,0
25.6,1031,0,0,0,0,0,0,0,0,0,0
25.65,988,0,0,0,0,0,0,0,0,0,0
25.700000000000003,1025,0,0,0,0,0,0,0,0,0,0
25.75,1062,0,0,0,0,0,0,0,0,0,0
25.8,1109,0,0,0,0,0,0,0,0,0,0
25.85,1038,0,0,0,0,0,0,0,0,0,0
25.9,1006,0,0,0,0,0,0,0,0,0,0
25.950000000000003,1053,0,0,0,0,0,0,0,0,0,0
26.0,1037,0,0,0,0,0,0,0,0,0,0
26.05,1096,0,0,0,0,0,0,0,0,0,0
26.1,1038,0,0,0,0,0,0,0,0,0,0
26.15,1034,0,0,0,0,0,0,0,0,0,0
26.200000000000003,1054,0,0,0,0,0,0,0,0,0,0
26.25,1054,0,0,0,0,0,0,0,0,0,0
26.3,1040,0,0,0,0,0,0,0,0,0,0
26.35,1046,0,0,0,0,0,0,0,0,0,0
26.4,955,0,0,0,0,0,0,0,0,0,0
26.450000000000003,1013,0,0,0,0,0,0,0,0,0,0
26.5,1063,0,0,0,0,0,0,0,0,0,0
26.55,1050,0,0,0,0,0,0,0,0,0,0
26.6,1034,0,0,0,0,0,0,0,0,0,0
26.65,993,0,0,0,0,0,0,0,0,0,0
26.700000000000003,1067,0,0,0,0,0,0,0,0,0,0
26.75,1040,0,0,0,0,0,0,0,0,0,0
26.8,1046,0,0,0,0,0,0,0,0,0,0
26.85,1038,0,0,0,0,0,0,0,0,0,0
26.9,1037,0,0,0,0,0,0,0,0,0,0
26.950000000000003,1042,0,0,0,0,0,0,0,0,0,0
27.0,1030,0,0,0,0,0,0,0,0,0,0
27.05,1055,0,0,0,0,0,0,0,0,0,0
27.1,1048,0,0,0,0,0,0,0,0,0,0
27.15,1061,0,0,0,0,0,0,0,0,0,0
27.200000000000003,1018,0,0,0,0,0,0,0,0,0,0
27.25,1055,0,0,0,0,0,0,0,0,0,0
27.3,1066,0,0,0,0,0,0,0,0,0,0
27.35,1005,0,0,0,0,0,0,0,0,0,0
27.4,1087,0,0,0,0,0,0,0,0,0,0
27.450000000000003,979,0,0,0,0,0,0,0,0,0,0
27.5,1045,0,0,0,0,0,0,0,0,0,0
27.55,1020,0,0,0,0,0,0,0,0,0,0
27.6,1083,0,0,0,0,0,0,0,0,0,0
27.65,1099,0,0,0,0,0,0,0,0,0,0
27.700000000000003,1022,0,0,0,0,0,0,0,0,0,0
27.75,993,0,0,0,0,0,0,0,0,0,0
27.8,968,0,0,0,0,0,0,0,0,0,0
27.85,989,0,0,0,0,0,0,0,0,0,0
27.9,1042,0,0,0,0,0,0,0,0,0,0
27.950000000000003,1029,0,0,0,0,0,0,0,0,0,0
28.0,1081,0,0,0,0,0,0,0,0,0,0
28.05,1040,0,0,0,0,0,0,0,0,0,0
28.1,1039,0,0,0,0,0,0,0,0,0,0
28.15,1024,0,0,0,0,0,0,0,0,0,0
28.200000000000003,1054,0,0,0,0,0,0,0,0,0,0
28.25,1042,0,0,0,0,0,0,0,0,0,0
28.3,1024,0,0,0,0,0,0,0,0,0,0
28.35,1047,0,0,0,0,0,0,0,0,0,0
28.4,1059,0,0,0,0,0,0,0,0,0,0
28.450000000000003,1083,0,0,0,0,0,0,0,0,0,0
28.5,1083,0,0,0,0,0,0,0,0,0,0
28.55,1052,0,0,0,0,0,0,0,0,0,0
28.6,1032,0,0,0,0,0,0,0,0,0,0
28.65,1057,0,0,0,0,0,0,0,0,0,0
28.700000000000003,1024,0,0,0,0,0,0,0,0,0,0
28.75,1058,0,0,0,0,0,0,0,0,0,0
28.8,1006,0,0,0,0,0,0,0,0,0,0
28.85,968,0,0,0,0,0,0,0,0,0,0
28.9,1107,0,0,0,0,0,0,0,0,0,0
28.950000000000003,1029,0,0,0,0,0,0,0,0,0,0
29.0,1020,0,0,0,0,0,0,0,0,0,0
29.05,1020,0,0,0,0,0,0,0,0,0,0
29.1,1042,0,0,0,0,0,0,0,0,0,0
29.15,1061,0,0,0,0,0,0,0,0,0,0
29.200000000000003,1047,0,0,0,0,0,0,0,0,0,0
29.25,1057,0,0,0,0,0,0,0,0,0,0
29.3,1012,0,0,0,0,0,0,0,0,0,0
29.35,1044,0,0,0,0,0,0,0,0,0,0
29.4,1010,0,0,0,0,0,0,0,0,0,0
29.450000000000003,1103,0,0,0,0,0,0,0,0,0,0
29.5,1035,0,0,0,0,0,0,0,0,0,0
29.55,1093,0,0,0,0,0,0,0,0,0,0
29.6,1029,0,0,0,0,0,0,0,0,0,0
29.65,1015,0,0,0,0,0,0,0,0,0,0
29.700000000000003,991,0,0,0,0,0,0,0,0,0,0
29.75,1063,0,0,0,0,0,0,0,0,0,0
29.8,1104,0,0,0,0,0,0,0,0,0,0
29.85,1013,0,0,0,0,0,0,0,0,0,0
29.9,1016,0,0,0,0,0,0,0,0,0,0
29.950000000000003,1054,0,0,0,0,0,0,0,0,0,0
30.0,1062,0,0,0,0,0,0,0,0,0,0
30.05,1026,0,0,0,0,0,0,0,0,0,0
30.1,1011,0,0,0,0,0,0,0,0,0,0
30.15,1043,0,0,0,0,0,0,0,0,0,0
30.200000000000003,1062,0,0,0,0,0,0,0,0,0,0
30.25,1049,0,0,0,0,0,0,0,0,0,0
30.3,987,0,0,0,0,0,0,0,0,0,0
30.35,1071,0,0,0,0,0,0,0,0,0,0
30.4,1048,0,0,0,0,0,0,0,0,0,0
30.450000000000003,1001,0,0,0,0,0,0,0,0,0,0
30.5,1118,0,0,0,0,0,0,0,0,0,0
30.55,1080,0,0,0,0,0,0,0,0,0,0
30.6,1030,0,0,0,0,0,0,0,0,0,0
30.65,993,0,0,0,0,0,0,0,0,0,0
30.700000000000003,1021,0,0,0,0,0,0,0,0,0,0
30.75,1077,0,0,0,0,0,0,0,0,0,0
30.8,1024,0,0,0,0,0,0,0,0,0,0
30.85,1023,0,0,0,0,0,0,0,0,0,0
30.9,1002,0,0,0,0,0,0,0,0,0,0
30.950000000000003,1032,0,0,0,0,0,0,0,0,0,0
31.0,1028,0,0,0,0,0,0,0,0,0,0
31.05,1053,0,0,0,0,0,0,0,0,0,0
31.1,987,0,0,0,0,0,0,0,0,0,0
31.15,1072,0,0,0,0,0,0,0,0,0,0
31.200000000000003,1049,0,0,0,0,0,0,0,0,0,0
31.25,982,0,0,0,0,0,0,0,0,0,0
31.3,1044,0,0,0,0,0,0,0,0,0,0
31.35,1058,0,0,0,0,0,0,0,0,0,0
31.4,1073,0,0,0,0,0,0,0,0,0,0
31.450000000000003,1032,0,0,0,0,0,0,0,0,0,0
31.5,1028,0,0,0,0,0,0,0,0,0,0
31.55,1035,0,0,0,0,0,0,0,0,0,0
31.6,1051,0,0,0,0,0,0,0,0,0,0
31.65,1049,0,0,0,0,0,0,0,0,0,0
31.700000000000003,1029,0,0,0,0,0,0,0,0,0,0
31.75,1086,0,0,0,0,0,0,0,0,0,0
31.8,1047,0,0,0,0,0,0,0,0,0,0
31.85,974,0,0,0,0,0,0,0,0,0,0
31.9,1058,0,0,0,0,0,0,0,0,0,0
31.950000000000003,989,0,0,0,0,0,0,0,0,0,0
32.0,1028,0,0,0,0,0,0,0,0,0,0
32.05,989,0,0,0,0,0,0,0,0,0,0
32.1,958,0,0,0,0,0,0,0,0,0,0
32.150000000000006,868,0,0,0,0,0,0,0,0,0,0
32.2,767,0,0,0,0,0,0,0,0,0,0
32.25,744,0,0,0,0,0,0,0,0,0,0
32.3,732,0,0,0,0,0,0,0,0,0,0
32.35,650,0,0,0,0,0,0,0,0,0,0
32.400000000000006,597,0,0,0,0,0,0,0,0,0,0
32.45,564,0,0,0,0,0,0,0,0,0,0
32.5,488,0,0,0,0,0,0,0,0,0,0
32.55,462,0,0,0,0,0,0,0,0,0,0
32.6,384,0,0,0,0,0,0,0,0,0,0
32.650000000000006,291,0,0,0,0,0,0,0,0,0,0
32.7,257,0,0,0,0,0,0,0,0,0,0
32.75,228,0,0,0,0,0,0,0,0,0,0
32.8,192,0,0,0,0,0,0,0,0,0,0
32.85,113,0,0,0,0,0,0,0,0,0,0
32.900000000000006,73,0,0,0,0,0,0,0,0,0,0
32.95,26,0,0,0,0,0,0,0,0,0,0
