*****
16 , 0.05 , 1000 , 0 , 0.4 , 10 , 100 , 0.65 , 1 , 0.65 , 1 , .055
16.0,1000,1000,0,1000,1000,0,1000,0,1000,1000,0
16.05,1017,1017,0,1017,1017,0,1017,0,1017,1017,0
16.1,953,952,0,953,953,0,952,0,953,953,0
16.15,990,983,0,990,990,0,983,0,990,990,0
16.2,997,974,0,997,997,0,974,0,997,997,0
16.25,969,922,0,969,969,0,922,0,969,969,0
16.3,961,799,0,961,961,0,799,0,961,961,0
16.35,969,682,0,969,965,0,682,0,969,965,0
16.4,1039,572,0,1039,1034,0,572,0,1039,1034,0
16.45,971,387,0,971,966,0,387,0,971,966,0
16.5,1001,229,0,1001,967,0,229,0,1001,967,0
16.55,985,168,0,985,914,0,168,0,985,914,0
16.6,987,96,0,986,861,0,96,0,986,861,0
16.65,959,44,0,956,750,0,44,0,956,750,0
16.7,938,23,0,937,617,0,23,0,937,617,0
16.75,1060,12,0,1047,578,0,12,0,1047,578,0
16.8,1022,4,0,1010,448,0,4,0,1010,448,0
16.85,984,3,0,964,332,0,3,0,964,332,0
16.9,946,0,0,913,220,0,0,0,913,220,0
16.95,1002,0,0,937,171,0,0,0,937,171,0
17.0,996,0,0,901,125,0,0,0,901,125,0
17.05,984,0,0,879,74,0,0,0,879,74,0
17.1,1031,0,0,842,57,0,0,0,842,57,0
17.15,984,0,0,762,30,0,0,0,762,30,0
17.2,966,0,0,697,19,0,0,0,697,19,0
17.25,969,0,0,624,13,0,0,0,624,13,0
17.3,953,0,0,553,4,0,0,0,553,4,0
17.35,983,0,0,478,4,0,0,0,478,4,0
17.4,991,0,0,422,4,0,0,0,422,4,0
17.45,959,0,0,338,0,0,0,0,338,0,0
17.5,1015,0,0,254,0,0,0,0,254,0,0
17.55,950,0,0,208,0,0,0,0,208,0,0
17.6,958,0,0,150,0,0,0,0,150,0,0
17.65,1062,0,0,138,0,0,0,0,138,0,0
17.7,967,0,0,84,0,0,0,0,84,0,0
17.75,974,0,0,66,0,0,0,0,66,0,0
17.8,980,0,0,43,0,0,0,0,43,0,0
17.85,1006,0,0,31,0,0,0,0,31,0,0
17.9,998,0,0,13,0,0,0,0,13,0,0
17.95,946,0,0,10,0,0,0,0,10,0,0
18.0,1040,0,0,9,0,0,0,0,9,0,0
18.05,936,0,0,6,0,0,0,0,6,0,0
18.1,956,0,0,3,0,0,0,0,3,0,0
18.15,1025,0,0,2,0,0,0,0,2,0,0
18.2,1027,0,0,3,0,0,0,0,3,0,0
18.25,968,0,0,0,0,0,0,0,0,0,0
18.3,936,0,0,0,0,0,0,0,0,0,0
18.35,1000,0,0,0,0,0,0,0,0,0,0
18.4,1023,0,0,0,0,0,0,0,0,0,0
18.45,1013,0,0,0,0,0,0,0,0,0,0
18.5,1003,0,0,0,0,0,0,0,0,0,0
18.55,920,0,0,0,0,0,0,0,0,0,0
18.6,1003,0,0,0,0,0,0,0,0,0,0
18.65,988,0,0,0,0,0,0,0,0,0,0
18.7,996,0,0,0,0,0,0,0,0,0,0
18.75,995,0,0,0,0,0,0,0,0,0,0
18.8,987,0,0,0,0,0,0,0,0,0,0
18.85,998,0,0,0,0,0,0,0,0,0,0
18.9,957,0,0,0,0,0,0,0,0,0,0
18.95,1036,0,0,0,0,0,0,0,0,0,0
19.0,924,0,0,0,0,0,0,0,0,0,0
19.05,984,0,0,0,0,0,0,0,0,0,0
19.1,990,0,0,0,0,0,0,0,0,0,0
19.15,983,0,0,0,0,0,0,0,0,0,0
19.2,937,0,0,0,0,0,0,0,0,0,0
19.25,1009,0,0,0,0,0,0,0,0,0,0
19.3,961,0,0,0,0,0,0,0,0,0,0
19.35,1047,0,0,0,0,0,0,0,0,0,0
19.4,962,0,0,0,0,0,0,0,0,0,0
19.45,985,0,0,0,0,0,0,0,0,0,0
19.5,1017,0,0,0,0,0,0,0,0,0,0
19.55,958,0,0,0,0,0,0,0,0,0,0
19.6,950,0,0,0,0,0,0,0,0,0,0
19.65,1009,0,0,0,0,0,0,0,0,0,0
19.7,983,0,0,0,0,0,0,0,0,0,0
19.75,994,0,0,0,0,0,0,0,0,0,0
19.8,1013,0,0,0,0,0,0,0,0,0,0
19.85,965,0,0,0,0,0,0,0,0,0,0
19.9,958,0,0,0,0,0,0,0,0,0,0
19.95,977,0,0,0,0,0,0,0,0,0,0
20.0,1056,0,0,0,0,0,0,0,0,0,0
20.05,1022,0,0,0,0,0,0,0,0,0,0
20.1,992,0,0,0,0,0,0,0,0,0,0
20.15,982,0,0,0,0,0,0,0,0,0,0
20.2,929,0,0,0,0,0,0,0,0,0,0
20.25,978,0,0,0,0,0,0,0,0,0,0
20.3,1012,0,0,0,0,0,0,0,0,0,0
20.35,967,0,0,0,0,0,0,0,0,0,0
20.4,974,0,0,0,0,0,0,0,0,0,0
20.45,1022,0,0,0,0,0,0,0,0,0,0
20.5,1013,0,0,0,0,0,0,0,0,0,0
20.55,965,0,0,0,0,0,0,0,0,0,0
20.6,965,0,0,0,0,0,0,0,0,0,0
20.65,983,0,0,0,0,0,0,0,0,0,0
20.7,959,0,0,0,0,0,0,0,0,0,0
20.75,969,0,0,0,0,0,0,0,0,0,0
20.8,1013,0,0,0,0,0,0,0,0,0,0
20.85,938,0,0,0,0,0,0,0,0,0,0
20.9,1004,0,0,0,0,0,0,0,0,0,0
20.95,991,0,0,0,0,0,0,0,0,0,0
21.0,1012,0,0,0,0,0,0,0,0,0,0
21.05,933,0,0,0,0,0,0,0,0,0,0
21.1,983,0,0,0,0,0,0,0,0,0,0
21.15,1030,0,0,0,0,0,0,0,0,0,0
21.2,999,0,0,0,0,0,0,0,0,0,0
21.25,1005,0,0,0,0,0,0,0,0,0,0
21.3,995,0,0,0,0,0,0,0,0,0,0
21.35,970,0,0,0,0,0,0,0,0,0,0
21.4,972,0,0,0,0,0,0,0,0,0,0
21.45,972,0,0,0,0,0,0,0,0,0,0
21.5,995,0,0,0,0,0,0,0,0,0,0
21.55,1003,0,0,0,0,0,0,0,0,0,0
21.6,1046,0,0,0,0,0,0,0,0,0,0
21.65,958,0,0,0,0,0,0,0,0,0,0
21.7,976,0,0,0,0,0,0,0,0,0,0
21.75,993,0,0,0,0,0,0,0,0,0,0
21.8,1027,0,0,0,0,0,0,0,0,0,0
21.85,954,0,0,0,0,0,0,0,0,0,0
21.9,934,0,0,0,0,0,0,0,0,0,0
21.95,1096,0,0,0,0,0,0,0,0,0,0
22.0,1014,0,0,0,0,0,0,0,0,0,0
22.05,932,0,0,0,0,0,0,0,0,0,0
22.1,975,0,0,0,0,0,0,0,0,0,0
22.15,999,0,0,0,0,0,0,0,0,0,0
22.2,1030,0,0,0,0,0,0,0,0,0,0
22.25,966,0,0,0,0,0,0,0,0,0,0
22.3,959,0,0,0,0,0,0,0,0,0,0
22.35,980,0,0,0,0,0,0,0,0,0,0
22.4,991,0,0,0,0,0,0,0,0,0,0
22.45,967,0,0,0,0,0,0,0,0,0,0
22.5,1019,0,0,0,0,0,0,0,0,0,0
22.55,1038,0,0,0,0,0,0,0,0,0,0
22.6,952,0,0,0,0,0,0,0,0,0,0
22.65,990,0,0,0,0,0,0,0,0,0,0
22.7,991,0,0,0,0,0,0,0,0,0,0
22.75,1051,0,0,0,0,0,0,0,0,0,0
22.8,940,0,0,0,0,0,0,0,0,0,0
22.85,962,0,0,0,0,0,0,0,0,0,0
22.9,1017,0,0,0,0,0,0,0,0,0,0
22.95,964,0,0,0,0,0,0,0,0,0,0
23.0,1004,0,0,0,0,0,0,0,0,0,0
23.05,919,0,0,0,0,0,0,0,0,0,0
23.1,999,0,0,0,0,0,0,0,0,0,0
23.15,997,0,0,0,0,0,0,0,0,0,0
23.2,937,0,0,0,0,0,0,0,0,0,0
23.25,964,0,0,0,0,0,0,0,0,0,0
23.3,1022,0,0,0,0,0,0,0,0,0,0
23.35,917,0,0,0,0,0,0,0,0,0,0
23.4,990,0,0,0,0,0,0,0,0,0,0
23.45,978,0,0,0,0,0,0,0,0,0,0
23.5,1003,0,0,0,0,0,0,0,0,0,0
23.55,993,0,0,0,0,0,0,0,0,0,0
23.6,948,0,0,0,0,0,0,0,0,0,0
23.65,917,0,0,0,0,0,0,0,0,0,0
23.7,1010,0,0,0,0,0,0,0,0,0,0
23.75,980,0,0,0,0,0,0,0,0,0,0
23.8,999,0,0,0,0,0,0,0,0,0,0
23.85,998,0,0,0,0,0,0,0,0,0,0
23.9,980,0,0,0,0,0,0,0,0,0,0
23.95,982,0,0,0,0,0,0,0,0,0,0
24.0,966,0,0,0,0,0,0,0,0,0,0
24.05,999,0,0,0,0,0,0,0,0,0,0
24.1,1017,0,0,0,0,0,0,0,0,0,0
24.15,979,0,0,0,0,0,0,0,0,0,0
24.200000000000003,1008,0,0,0,0,0,0,0,0,0,0
24.25,987,0,0,0,0,0,0,0,0,0,0
24.3,948,0,0,0,0,0,0,0,0,0,0
24.35,1064,0,0,0,0,0,0,0,0,0,0
24.4,967,0,0,0,0,0,0,0,0,0,0
24.450000000000003,1008,0,0,0,0,0,0,0,0,0,0
24.5,947,0,0,0,0,0,0,0,0,0,0
24.55,999,0,0,0,0,0,0,0,0,0,0
24.6,986,0,0,0,0,0,0,0,0,0,0
24.65,982,0,0,0,0,0,0,0,0,0,0
24.700000000000003,969,0,0,0,0,0,0,0,0,0,0
24.75,986,0,0,0,0,0,0,0,0,0,0
24.8,980,0,0,0,0,0,0,0,0,0,0
24.85,1009,0,0,0,0,0,0,0,0,0,0
24.9,1008,0,0,0,0,0,0,0,0,0,0
24.950000000000003,989,0,0,0,0,0,0,0,0,0,0
25.0,965,0,0,0,0,0,0,0,0,0,0
25.05,978,0,0,0,0,0,0,0,0,0,0
25.1,957,0,0,0,0,0,0,0,0,0,0
25.15,989,0,0,0,0,0,0,0,0,0,0
25.200000000000003,960,0,0,0,0,0,0,0,0,0,0
25.25,994,0,0,0,0,0,0,0,0,0,0
25.3,947,0,0,0,0,0,0,0,0,0,0
25.35,1019,0,0,0,0,0,0,0,0,0,0
25.4,990,0,0,0,0,0,0,0,0,0,0
25.450000000000003,1014,0,0,0,0,0,0,0,0,0,0
25.5,1014,0,0,0,0,0,0,0,0,0,0
25.55,956,0,0,0,0,0,0,0,0,0,0
25.6,970,0,0,0,0,0,0,0,0,0,0
25.65,989,0,0,0,0,0,0,0,0,0,0
25.700000000000003,945,0,0,0,0,0,0,0,0,0,0
25.75,976,0,0,0,0,0,0,0,0,0,0
25.8,952,0,0,0,0,0,0,0,0,0,0
25.85,949,0,0,0,0,0,0,0,0,0,0
25.9,1028,0,0,0,0,0,0,0,0,0,0
25.950000000000003,1002,0,0,0,0,0,0,0,0,0,0
26.0,949,0,0,0,0,0,0,0,0,0,0
26.05,1021,0,0,0,0,0,0,0,0,0,0
26.1,1035,0,0,0,0,0,0,0,0,0,0
26.15,962,0,0,0,0,0,0,0,0,0,0
26.200000000000003,933,0,0,0,0,0,0,0,0,0,0
26.25,982,0,0,0,0,0,0,0,0,0,0
26.3,969,0,0,0,0,0,0,0,0,0,0
26.35,1053,0,0,0,0,0,0,0,0,0,0
26.4,1005,0,0,0,0,0,0,0,0,0,0
26.450000000000003,960,0,0,0,0,0,0,0,0,0,0
26.5,1013,0,0,0,0,0,0,0,0,0,0
26.55,951,0,0,0,0,0,0,0,0,0,0
26.6,1010,0,0,0,0,0,0,0,0,0,0
26.65,995,0,0,0,0,0,0,0,0,0,0
26.700000000000003,972,0,0,0,0,0,0,0,0,0,0
26.75,998,0,0,0,0,0,0,0,0,0,0
26.8,983,0,0,0,0,0,0,0,0,0,0
26.85,956,0,0,0,0,0,0,0,0,0,0
26.9,1042,0,0,0,0,0,0,0,0,0,0
26.950000000000003,983,0,0,0,0,0,0,0,0,0,0
27.0,984,0,0,0,0,0,0,0,0,0,0
27.05,984,0,0,0,0,0,0,0,0,0,0
27.1,1024,0,0,0,0,0,0,0,0,0,0
27.15,1003,0,0,0,0,0,0,0,0,0,0
27.200000000000003,998,0,0,0,0,0,0,0,0,0,0
27.25,1000,0,0,0,0,0,0,0,0,0,0
27.3,963,0,0,0,0,0,0,0,0,0,0
27.35,1012,0,0,0,0,0,0,0,0,0,0
27.4,1003,0,0,0,0,0,0,0,0,0,0
27.450000000000003,1055,0,0,0,0,0,0,0,0,0,0
27.5,971,0,0,0,0,0,0,0,0,0,0
27.55,974,0,0,0,0,0,0,0,0,0,0
27.6,1039,0,0,0,0,0,0,0,0,0,0
27.65,965,0,0,0,0,0,0,0,0,0,0
27.700000000000003,991,0,0,0,0,0,0,0,0,0,0
27.75,1061,0,0,0,0,0,0,0,0,0,0
27.8,967,0,0,0,0,0,0,0,0,0,0
27.85,951,0,0,0,0,0,0,0,0,0,0
27.9,952,0,0,0,0,0,0,0,0,0,0
27.950000000000003,986,0,0,0,0,0,0,0,0,0,0
28.0,976,0,0,0,0,0,0,0,0,0,0
28.05,952,0,0,0,0,0,0,0,0,0,0
28.1,1014,0,0,0,0,0,0,0,0,0,0
28.15,1009,0,0,0,0,0,0,0,0,0,0
28.200000000000003,965,0,0,0,0,0,0,0,0,0,0
28.25,983,0,0,0,0,0,0,0,0,0,0
28.3,999,0,0,0,0,0,0,0,0,0,0
28.35,1047,0,0,0,0,0,0,0,0,0,0
28.4,948,0,0,0,0,0,0,0,0,0,0
28.450000000000003,1012,0,0,0,0,0,0,0,0,0,0
28.5,972,0,0,0,0,0,0,0,0,0,0
28.55,989,0,0,0,0,0,0,0,0,0,0
28.6,954,0,0,0,0,0,0,0,0,0,0
28.65,955,0,0,0,0,0,0,0,0,0,0
28.700000000000003,1005,0,0,0,0,0,0,0,0,0,0
28.75,983,0,0,0,0,0,0,0,0,0,0
28.8,999,0,0,0,0,0,0,0,0,0,0
28.85,984,0,0,0,0,0,0,0,0,0,0
28.9,988,0,0,0,0,0,0,0,0,0,0
28.950000000000003,1016,0,0,0,0,0,0,0,0,0,0
29.0,1020,0,0,0,0,0,0,0,0,0,0
29.05,958,0,0,0,0,0,0,0,0,0,0
29.1,986,0,0,0,0,0,0,0,0,0,0
29.15,991,0,0,0,0,0,0,0,0,0,0
29.200000000000003,996,0,0,0,0,0,0,0,0,0,0
29.25,972,0,0,0,0,0,0,0,0,0,0
29.3,998,0,0,0,0,0,0,0,0,0,0
29.35,1039,0,0,0,0,0,0,0,0,0,0
29.4,1002,0,0,0,0,0,0,0,0,0,0
29.450000000000003,989,0,0,0,0,0,0,0,0,0,0
29.5,947,0,0,0,0,0,0,0,0,0,0
29.55,985,0,0,0,0,0,0,0,0,0,0
29.6,956,0,0,0,0,0,0,0,0,0,0
29.65,966,0,0,0,0,0,0,0,0,0,0
29.700000000000003,1016,0,0,0,0,0,0,0,0,0,0
29.75,1002,0,0,0,0,0,0,0,0,0,0
29.8,990,0,0,0,0,0,0,0,0,0,0
29.85,978,0,0,0,0,0,0,0,0,0,0
29.9,981,0,0,0,0,0,0,0,0,0,0
29.950000000000003,998,0,0,0,0,0,0,0,0,0,0
30.0,990,0,0,0,0,0,0,0,0,0,0
30.05,1016,0,0,0,0,0,0,0,0,0,0
30.1,953,0,0,0,0,0,0,0,0,0,0
30.15,919,0,0,0,0,0,0,0,0,0,0
30.200000000000003,1038,0,0,0,0,0,0,0,0,0,0
30.25,1017,0,0,0,0,0,0,0,0,0,0
30.3,978,0,0,0,0,0,0,0,0,0,0
30.35,915,0,0,0,0,0,0,0,0,0,0
30.4,975,0,0,0,0,0,0,0,0,0,0
30.450000000000003,1057,0,0,0,0,0,0,0,0,0,0
30.5,1019,0,0,0,0,0,0,0,0,0,0
30.55,968,0,0,0,0,0,0,0,0,0,0
30.6,1006,0,0,0,0,0,0,0,0,0,0
30.65,993,0,0,0,0,0,0,0,0,0,0
30.700000000000003,948,0,0,0,0,0,0,0,0,0,0
30.75,993,0,0,0,0,0,0,0,0,0,0
30.8,1050,0,0,0,0,0,0,0,0,0,0
30.85,1043,0,0,0,0,0,0,0,0,0,0
30.9,978,0,0,0,0,0,0,0,0,0,0
30.950000000000003,981,0,0,0,0,0,0,0,0,0,0
31.0,973,0,0,0,0,0,0,0,0,0,0
31.05,971,0,0,0,0,0,0,0,0,0,0
31.1,1011,0,0,0,0,0,0,0,0,0,0
31.15,1013,0,0,0,0,0,0,0,0,0,0
31.200000000000003,1021,0,0,0,0,0,0,0,0,0,0
31.25,930,0,0,0,0,0,0,0,0,0,0
31.3,985,0,0,0,0,0,0,0,0,0,0
31.35,999,0,0,0,0,0,0,0,0,0,0
31.4,989,0,0,0,0,0,0,0,0,0,0
31.450000000000003,992,0,0,0,0,0,0,0,0,0,0
31.5,1002,0,0,0,0,0,0,0,0,0,0
31.55,992,0,0,0,0,0,0,0,0,0,0
31.6,999,0,0,0,0,0,0,0,0,0,0
31.65,1024,0,0,0,0,0,0,0,0,0,0
31.700000000000003,986,0,0,0,0,0,0,0,0,0,0
31.75,1010,0,0,0,0,0,0,0,0,0,0
31.8,1002,0,0,0,0,0,0,0,0,0,0
31.85,1013,0,0,0,0,0,0,0,0,0,0
31.9,973,0,0,0,0,0,0,0,0,0,0
31.950000000000003,1007,0,0,0,0,0,0,0,0,0,0
32.0,929,0,0,0,0,0,0,0,0,0,0
32.05,819,0,0,0,0,0,0,0,0,0,0
32.1,670,0,0,0,0,0,0,0,0,0,0
32.150000000000006,568,0,0,0,0,0,0,0,0,0,0
32.2,439,0,0,0,0,0,0,0,0,0,0
32.25,297,0,0,0,0,0,0,0,0,0,0
32.3,164,0,0,0,0,0,0,0,0,0,0
32.35,63,0,0,0,0,0,0,0,0,0,0
*****
16 , 0.05 , 1000 , 0.3 , 0.7 , 10 , 100 , 0.65 , 1 , 0.65 , 1 , .055
16.0,1000,950,972,977,997,0,887,969,943,982,0
16.05,1021,977,984,1003,1020,0,929,983,967,1010,0
16.1,1006,954,955,997,1006,0,910,955,965,995,0
16.15,1033,968,955,1011,1030,0,929,954,977,1020,0
16.2,951,851,869,940,951,0,832,869,898,938,0
16.25,981,815,842,965,978,0,798,840,933,970,0
16.3,1027,782,841,1006,1025,0,773,839,972,1012,0
16.35,1029,709,824,1010,1024,0,695,822,983,1017,0
16.4,994,545,718,981,985,0,539,717,961,979,0
16.45,993,478,670,982,970,0,475,670,945,968,0
16.5,987,364,591,974,955,0,361,591,930,951,0
16.55,1002,290,546,975,949,0,288,546,933,948,0
16.6,1054,228,527,1031,956,0,227,527,995,953,0
16.65,1034,142,437,999,905,0,142,437,967,904,0
16.7,968,114,337,932,804,0,114,337,915,804,0
16.75,1003,73,324,960,757,0,74,323,942,751,0
16.8,936,69,254,879,654,0,69,254,866,653,0
16.85,1025,30,224,953,655,0,30,224,928,655,0
16.9,1027,37,182,929,577,0,37,182,922,577,0
16.95,1057,24,162,942,526,0,24,162,932,526,0
17.0,1008,18,121,841,436,0,18,121,833,436,0
17.05,1016,7,98,821,389,0,7,98,811,389,0
17.1,985,7,83,745,336,0,7,83,738,336,0
17.15,1044,8,77,759,310,0,8,77,758,310,0
17.2,1003,4,55,702,239,0,4,55,697,239,0
17.25,973,1,28,629,181,0,1,28,627,181,0
17.3,1022,3,33,618,168,0,3,33,615,168,0
17.35,981,2,24,565,120,0,2,24,564,120,0
17.4,930,2,23,481,111,0,2,23,480,111,0
17.45,1021,0,19,487,107,0,0,19,486,107,0
17.5,1012,0,21,431,91,0,0,21,431,91,0
17.55,993,0,15,400,71,0,0,15,400,71,0
17.6,1022,0,3,324,55,0,0,3,324,55,0
17.65,1045,0,2,276,44,0,0,2,275,44,0
17.7,953,0,5,202,24,0,0,5,202,24,0
17.75,1060,0,5,212,32,0,0,5,212,32,0
17.8,1011,0,5,180,20,0,0,5,180,20,0
17.85,998,0,1,124,12,0,0,1,124,12,0
17.9,970,0,1,116,11,0,0,1,116,11,0
17.95,997,0,3,100,8,0,0,3,100,8,0
18.0,1005,0,1,90,4,0,0,1,90,4,0
18.05,1017,0,2,62,4,0,0,2,62,4,0
18.1,1035,0,0,45,1,0,0,0,45,1,0
18.15,1013,0,0,38,1,0,0,0,38,1,0
18.2,996,0,0,37,3,0,0,0,37,3,0
18.25,996,0,0,18,0,0,0,0,18,0,0
18.3,1018,0,0,16,3,0,0,0,16,3,0
18.35,1014,0,0,17,1,0,0,0,17,1,0
18.4,1007,0,1,14,2,0,0,1,14,2,0
18.45,962,0,0,6,0,0,0,0,6,0,0
18.5,964,0,0,2,0,0,0,0,2,0,0
18.55,1029,0,0,7,0,0,0,0,7,0,0
18.6,1018,0,0,2,0,0,0,0,2,0,0
18.65,990,0,0,2,0,0,0,0,2,0,0
18.7,1010,0,0,1,0,0,0,0,1,0,0
18.75,1006,0,0,0,0,0,0,0,0,0,0
18.8,970,0,0,1,0,0,0,0,1,0,0
18.85,1056,0,0,0,0,0,0,0,0,0,0
18.9,934,0,0,0,0,0,0,0,0,0,0
18.95,991,0,0,0,0,0,0,0,0,0,0
19.0,987,0,0,0,0,0,0,0,0,0,0
19.05,965,0,0,0,0,0,0,0,0,0,0
19.1,1002,0,0,0,0,0,0,0,0,0,0
19.15,1060,0,0,0,0,0,0,0,0,0,0
19.2,1023,0,0,0,0,0,0,0,0,0,0
19.25,989,0,0,0,0,0,0,0,0,0,0
19.3,999,0,0,0,0,0,0,0,0,0,0
19.35,993,0,0,0,0,0,0,0,0,0,0
19.4,996,0,0,0,0,0,0,0,0,0,0
19.45,1036,0,0,0,0,0,0,0,0,0,0
19.5,1015,0,0,0,0,0,0,0,0,0,0
19.55,970,0,0,0,0,0,0,0,0,0,0
19.6,972,0,0,0,0,0,0,0,0,0,0
19.65,1018,0,0,0,0,0,0,0,0,0,0
19.7,1055,0,0,0,0,0,0,0,0,0,0
19.75,991,0,0,0,0,0,0,0,0,0,0
19.8,1055,0,0,0,0,0,0,0,0,0,0
19.85,1009,0,0,0,0,0,0,0,0,0,0
19.9,963,0,0,0,0,0,0,0,0,0,0
19.95,1011,0,0,0,0,0,0,0,0,0,0
20.0,1039,0,0,0,0,0,0,0,0,0,0
20.05,981,0,0,0,0,0,0,0,0,0,0
20.1,948,0,0,0,0,0,0,0,0,0,0
20.15,1000,0,0,0,0,0,0,0,0,0,0
20.2,1016,0,0,0,0,0,0,0,0,0,0
20.25,987,0,0,0,0,0,0,0,0,0,0
20.3,1028,0,0,0,0,0,0,0,0,0,0
20.35,1055,0,0,0,0,0,0,0,0,0,0
20.4,1015,0,0,0,0,0,0,0,0,0,0
20.45,1006,0,0,0,0,0,0,0,0,0,0
20.5,994,0,0,0,0,0,0,0,0,0,0
20.55,974,0,0,0,0,0,0,0,0,0,0
20.6,997,0,0,0,0,0,0,0,0,0,0
20.65,1004,0,0,0,0,0,0,0,0,0,0
20.7,1006,0,0,0,0,0,0,0,0,0,0
20.75,1007,0,0,0,0,0,0,0,0,0,0
20.8,1022,0,0,0,0,0,0,0,0,0,0
20.85,1001,0,0,0,0,0,0,0,0,0,0
20.9,1035,0,0,0,0,0,0,0,0,0,0
20.95,964,0,0,0,0,0,0,0,0,0,0
21.0,1009,0,0,0,0,0,0,0,0,0,0
21.05,983,0,0,0,0,0,0,0,0,0,0
21.1,1022,0,0,0,0,0,0,0,0,0,0
21.15,1030,0,0,0,0,0,0,0,0,0,0
21.2,999,0,0,0,0,0,0,0,0,0,0
21.25,1018,0,0,0,0,0,0,0,0,0,0
21.3,1000,0,0,0,0,0,0,0,0,0,0
21.35,1032,0,0,0,0,0,0,0,0,0,0
21.4,977,0,0,0,0,0,0,0,0,0,0
21.45,979,0,0,0,0,0,0,0,0,0,0
21.5,1031,0,0,0,0,0,0,0,0,0,0
21.55,990,0,0,0,0,0,0,0,0,0,0
21.6,992,0,0,0,0,0,0,0,0,0,0
21.65,1069,0,0,0,0,0,0,0,0,0,0
21.7,970,0,0,0,0,0,0,0,0,0,0
21.75,1013,0,0,0,0,0,0,0,0,0,0
21.8,989,0,0,0,0,0,0,0,0,0,0
21.85,1016,0,0,0,0,0,0,0,0,0,0
21.9,1026,0,0,0,0,0,0,0,0,0,0
21.95,1029,0,0,0,0,0,0,0,0,0,0
22.0,1004,0,0,0,0,0,0,0,0,0,0
22.05,947,0,0,0,0,0,0,0,0,0,0
22.1,983,0,0,0,0,0,0,0,0,0,0
22.15,986,0,0,0,0,0,0,0,0,0,0
22.2,1041,0,0,0,0,0,0,0,0,0,0
22.25,990,0,0,0,0,0,0,0,0,0,0
22.3,958,0,0,0,0,0,0,0,0,0,0
22.35,1049,0,0,0,0,0,0,0,0,0,0
22.4,1040,0,0,0,0,0,0,0,0,0,0
22.45,960,0,0,0,0,0,0,0,0,0,0
22.5,1027,0,0,0,0,0,0,0,0,0,0
22.55,1032,0,0,0,0,0,0,0,0,0,0
22.6,1003,0,0,0,0,0,0,0,0,0,0
22.65,1055,0,0,0,0,0,0,0,0,0,0
22.7,978,0,0,0,0,0,0,0,0,0,0
22.75,1014,0,0,0,0,0,0,0,0,0,0
22.8,1015,0,0,0,0,0,0,0,0,0,0
22.85,1022,0,0,0,0,0,0,0,0,0,0
22.9,964,0,0,0,0,0,0,0,0,0,0
22.95,994,0,0,0,0,0,0,0,0,0,0
23.0,949,0,0,0,0,0,0,0,0,0,0
23.05,935,0,0,0,0,0,0,0,0,0,0
23.1,1090,0,0,0,0,0,0,0,0,0,0
23.15,1022,0,0,0,0,0,0,0,0,0,0
23.2,1071,0,0,0,0,0,0,0,0,0,0
23.25,1020,0,0,0,0,0,0,0,0,0,0
23.3,1003,0,0,0,0,0,0,0,0,0,0
23.35,962,0,0,0,0,0,0,0,0,0,0
23.4,988,0,0,0,0,0,0,0,0,0,0
23.45,974,0,0,0,0,0,0,0,0,0,0
23.5,977,0,0,0,0,0,0,0,0,0,0
23.55,1048,0,0,0,0,0,0,0,0,0,0
23.6,991,0,0,0,0,0,0,0,0,0,0
23.65,1002,0,0,0,0,0,0,0,0,0,0
23.7,1027,0,0,0,0,0,0,0,0,0,0
23.75,1010,0,0,0,0,0,0,0,0,0,0
23.8,1027,0,0,0,0,0,0,0,0,0,0
23.85,988,0,0,0,0,0,0,0,0,0,0
23.9,1009,0,0,0,0,0,0,0,0,0,0
23.95,996,0,0,0,0,0,0,0,0,0,0
24.0,952,0,0,0,0,0,0,0,0,0,0
24.05,1031,0,0,0,0,0,0,0,0,0,0
24.1,1007,0,0,0,0,0,0,0,0,0,0
24.15,1056,0,0,0,0,0,0,0,0,0,0
24.200000000000003,980,0,0,0,0,0,0,0,0,0,0
24.25,1002,0,0,0,0,0,0,0,0,0,0
24.3,993,0,0,0,0,0,0,0,0,0,0
24.35,1043,0,0,0,0,0,0,0,0,0,0
24.4,998,0,0,0,0,0,0,0,0,0,0
24.450000000000003,998,0,0,0,0,0,0,0,0,0,0
24.5,1007,0,0,0,0,0,0,0,0,0,0
24.55,1002,0,0,0,0,0,0,0,0,0,0
24.6,987,0,0,0,0,0,0,0,0,0,0
24.65,990,0,0,0,0,0,0,0,0,0,0
24.700000000000003,1028,0,0,0,0,0,0,0,0,0,0
24.75,1017,0,0,0,0,0,0,0,0,0,0
24.8,1035,0,0,0,0,0,0,0,0,0,0
24.85,993,0,0,0,0,0,0,0,0,0,0
24.9,1045,0,0,0,0,0,0,0,0,0,0
24.950000000000003,952,0,0,0,0,0,0,0,0,0,0
25.0,1006,0,0,0,0,0,0,0,0,0,0
25.05,970,0,0,0,0,0,0,0,0,0,0
25.1,1015,0,0,0,0,0,0,0,0,0,0
25.15,1015,0,0,0,0,0,0,0,0,0,0
25.200000000000003,974,0,0,0,0,0,0,0,0,0,0
25.25,1046,0,0,0,0,0,0,0,0,0,0
25.3,1058,0,0,0,0,0,0,0,0,0,0
25.35,954,0,0,0,0,0,0,0,0,0,0
25.4,988,0,0,0,0,0,0,0,0,0,0
25.450000000000003,1017,0,0,0,0,0,0,0,0,0,0
25.5,995,0,0,0,0,0,0,0,0,0,0
25.55,987,0,0,0,0,0,0,0,0,0,0
25.6,1026,0,0,0,0,0,0,0,0,0,0
25.65,998,0,0,0,0,0,0,0,0,0,0
25.700000000000003,990,0,0,0,0,0,0,0,0,0,0
25.75,1007,0,0,0,0,0,0,0,0,0,0
25.8,984,0,0,0,0,0,0,0,0,0,0
25.85,1039,0,0,0,0,0,0,0,0,0,0
25.9,1026,0,0,0,0,0,0,0,0,0,0
25.950000000000003,995,0,0,0,0,0,0,0,0,0,0
26.0,940,0,0,0,0,0,0,0,0,0,0
26.05,1023,0,0,0,0,0,0,0,0,0,0
26.1,1038,0,0,0,0,0,0,0,0,0,0
26.15,1021,0,0,0,0,0,0,0,0,0,0
26.200000000000003,1012,0,0,0,0,0,0,0,0,0,0
26.25,1027,0,0,0,0,0,0,0,0,0,0
26.3,1004,0,0,0,0,0,0,0,0,0,0
26.35,967,0,0,0,0,0,0,0,0,0,0
26.4,993,0,0,0,0,0,0,0,0,0,0
26.450000000000003,1032,0,0,0,0,0,0,0,0,0,0
26.5,960,0,0,0,0,0,0,0,0,0,0
26.55,1081,0,0,0,0,0,0,0,0,0,0
26.6,1018,0,0,0,0,0,0,0,0,0,0
26.65,995,0,0,0,0,0,0,0,0,0,0
26.700000000000003,995,0,0,0,0,0,0,0,0,0,0
26.75,984,0,0,0,0,0,0,0,0,0,0
26.8,945,0,0,0,0,0,0,0,0,0,0
26.85,1008,0,0,0,0,0,0,0,0,0,0
26.9,994,0,0,0,0,0,0,0,0,0,0
26.950000000000003,1056,0,0,0,0,0,0,0,0,0,0
27.0,996,0,0,0,0,0,0,0,0,0,0
27.05,1025,0,0,0,0,0,0,0,0,0,0
27.1,1003,0,0,0,0,0,0,0,0,0,0
27.15,971,0,0,0,0,0,0,0,0,0,0
27.200000000000003,1012,0,0,0,0,0,0,0,0,0,0
27.25,990,0,0,0,0,0,0,0,0,0,0
27.3,1017,0,0,0,0,0,0,0,0,0,0
27.35,1058,0,0,0,0,0,0,0,0,0,0
27.4,969,0,0,0,0,0,0,0,0,0,0
27.450000000000003,967,0,0,0,0,0,0,0,0,0,0
27.5,1026,0,0,0,0,0,0,0,0,0,0
27.55,1021,0,0,0,0,0,0,0,0,0,0
27.6,996,0,0,0,0,0,0,0,0,0,0
27.65,994,0,0,0,0,0,0,0,0,0,0
27.700000000000003,1005,0,0,0,0,0,0,0,0,0,0
27.75,979,0,0,0,0,0,0,0,0,0,0
27.8,1038,0,0,0,0,0,0,0,0,0,0
27.85,1006,0,0,0,0,0,0,0,0,0,0
27.9,977,0,0,0,0,0,0,0,0,0,0
27.950000000000003,1025,0,0,0,0,0,0,0,0,0,0
28.0,1030,0,0,0,0,0,0,0,0,0,0
28.05,1026,0,0,0,0,0,0,0,0,0,0
28.1,1026,0,0,0,0,0,0,0,0,0,0
28.15,1046,0,0,0,0,0,0,0,0,0,0
28.200000000000003,989,0,0,0,0,0,0,0,0,0,0
28.25,978,0,0,0,0,0,0,0,0,0,0
28.3,1003,0,0,0,0,0,0,0,0,0,0
28.35,1003,0,0,0,0,0,0,0,0,0,0
28.4,1011,0,0,0,0,0,0,0,0,0,0
28.450000000000003,1041,0,0,0,0,0,0,0,0,0,0
28.5,996,0,0,0,0,0,0,0,0,0,0
28.55,969,0,0,0,0,0,0,0,0,0,0
28.6,958,0,0,0,0,0,0,0,0,0,0
28.65,1027,0,0,0,0,0,0,0,0,0,0
28.700000000000003,1044,0,0,0,0,0,0,0,0,0,0
28.75,1006,0,0,0,0,0,0,0,0,0,0
28.8,993,0,0,0,0,0,0,0,0,0,0
28.85,990,0,0,0,0,0,0,0,0,0,0
28.9,999,0,0,0,0,0,0,0,0,0,0
28.950000000000003,1037,0,0,0,0,0,0,0,0,0,0
29.0,971,0,0,0,0,0,0,0,0,0,0
29.05,1017,0,0,0,0,0,0,0,0,0,0
29.1,999,0,0,0,0,0,0,0,0,0,0
29.15,977,0,0,0,0,0,0,0,0,0,0
29.200000000000003,1004,0,0,0,0,0,0,0,0,0,0
29.25,1014,0,0,0,0,0,0,0,0,0,0
29.3,1005,0,0,0,0,0,0,0,0,0,0
29.35,1068,0,0,0,0,0,0,0,0,0,0
29.4,966,0,0,0,0,0,0,0,0,0,0
29.450000000000003,1018,0,0,0,0,0,0,0,0,0,0
29.5,1001,0,0,0,0,0,0,0,0,0,0
29.55,981,0,0,0,0,0,0,0,0,0,0
29.6,1000,0,0,0,0,0,0,0,0,0,0
29.65,992,0,0,0,0,0,0,0,0,0,0
29.700000000000003,992,0,0,0,0,0,0,0,0,0,0
29.75,987,0,0,0,0,0,0,0,0,0,0
29.8,1002,0,0,0,0,0,0,0,0,0,0
29.85,1042,0,0,0,0,0,0,0,0,0,0
29.9,1029,0,0,0,0,0,0,0,0,0,0
29.950000000000003,943,0,0,0,0,0,0,0,0,0,0
30.0,1010,0,0,0,0,0,0,0,0,0,0
30.05,1020,0,0,0,0,0,0,0,0,0,0
30.1,1024,0,0,0,0,0,0,0,0,0,0
30.15,1022,0,0,0,0,0,0,0,0,0,0
30.200000000000003,1061,0,0,0,0,0,0,0,0,0,0
30.25,992,0,0,0,0,0,0,0,0,0,0
30.3,975,0,0,0,0,0,0,0,0,0,0
30.35,1003,0,0,0,0,0,0,0,0,0,0
30.4,944,0,0,0,0,0,0,0,0,0,0
30.450000000000003,1040,0,0,0,0,0,0,0,0,0,0
30.5,981,0,0,0,0,0,0,0,0,0,0
30.55,1032,0,0,0,0,0,0,0,0,0,0
30.6,1052,0,0,0,0,0,0,0,0,0,0
30.65,987,0,0,0,0,0,0,0,0,0,0
30.700000000000003,968,0,0,0,0,0,0,0,0,0,0
30.75,1023,0,0,0,0,0,0,0,0,0,0
30.8,991,0,0,0,0,0,0,0,0,0,0
30.85,1003,0,0,0,0,0,0,0,0,0,0
30.9,983,0,0,0,0,0,0,0,0,0,0
30.950000000000003,1044,0,0,0,0,0,0,0,0,0,0
31.0,999,0,0,0,0,0,0,0,0,0,0
31.05,989,0,0,0,0,0,0,0,0,0,0
31.1,1006,0,0,0,0,0,0,0,0,0,0
31.15,1049,0,0,0,0,0,0,0,0,0,0
31.200000000000003,997,0,0,0,0,0,0,0,0,0,0
31.25,992,0,0,0,0,0,0,0,0,0,0
31.3,1014,0,0,0,0,0,0,0,0,0,0
31.35,949,0,0,0,0,0,0,0,0,0,0
31.4,1020,0,0,0,0,0,0,0,0,0,0
31.450000000000003,1026,0,0,0,0,0,0,0,0,0,0
31.5,969,0,0,0,0,0,0,0,0,0,0
31.55,1003,0,0,0,0,0,0,0,0,0,0
31.6,1027,0,0,0,0,0,0,0,0,0,0
31.65,1039,0,0,0,0,0,0,0,0,0,0
31.700000000000003,987,0,0,0,0,0,0,0,0,0,0
31.75,1006,0,0,0,0,0,0,0,0,0,0
31.8,1010,0,0,0,0,0,0,0,0,0,0
31.85,996,0,0,0,0,0,0,0,0,0,0
31.9,1048,0,0,0,0,0,0,0,0,0,0
31.950000000000003,1023,0,0,0,0,0,0,0,0,0,0
32.0,980,0,0,0,0,0,0,0,0,0,0
32.05,943,0,0,0,0,0,0,0,0,0,0
32.1,983,0,0,0,0,0,0,0,0,0,0
32.150000000000006,969,0,0,0,0,0,0,0,0,0,0
32.2,1042,0,0,0,0,0,0,0,0,0,0
32.25,1055,0,0,0,0,0,0,0,0,0,0
32.3,954,0,0,0,0,0,0,0,0,0,0
32.35,861,0,0,0,0,0,0,0,0,0,0
32.400000000000006,684,0,0,0,0,0,0,0,0,0,0
32.45,601,0,0,0,0,0,0,0,0,0,0
32.5,431,0,0,0,0,0,0,0,0,0,0
32.55,318,0,0,0,0,0,0,0,0,0,0
32.6,173,0,0,0,0,0,0,0,0,0,0
32.650000000000006,60,0,0,0,0,0,0,0,0,0,0
*****
16 , 0.05 , 1000 , 0 , 1 , 10 , 100 , 0.65 , 1 , 0.65 , 1 , .055
16.0,1000,973,856,800,996,0,964,855,726,995,0
16.05,998,942,815,793,994,0,933,814,717,990,0
16.1,1018,884,756,826,1015,0,881,756,735,1010,0
16.15,1014,732,670,786,1004,0,731,670,715,998,0
16.2,932,516,523,754,902,0,516,523,681,901,0
16.25,988,375,461,811,940,0,375,461,750,939,0
16.3,982,289,372,780,887,0,289,372,741,886,0
16.35,937,185,310,739,784,0,185,310,706,784,0
16.4,1029,109,246,804,803,0,108,246,769,802,0
16.45,952,63,182,743,649,0,63,182,729,648,0
16.5,981,39,128,763,581,0,39,128,746,580,0
16.55,1012,23,95,725,492,0,23,95,702,492,0
16.6,1039,11,74,715,410,0,11,74,708,410,0
16.65,1040,10,67,673,347,0,10,67,668,346,0
16.7,979,3,35,575,259,0,3,35,553,259,0
16.75,1000,5,37,532,230,0,5,37,514,230,0
16.8,988,0,15,493,157,0,0,15,473,157,0
16.85,926,0,18,361,113,0,0,18,358,113,0
16.9,954,0,13,341,92,0,0,13,336,92,0
16.95,993,0,16,303,80,0,0,16,294,80,0
17.0,1013,0,2,265,53,0,0,2,261,53,0
17.05,976,0,3,200,37,0,0,3,202,37,0
17.1,990,0,2,186,30,0,0,2,182,30,0
17.15,971,0,2,146,22,0,0,2,148,22,0
17.2,984,0,1,121,17,0,0,1,121,17,0
17.25,1003,0,2,97,9,0,0,2,96,9,0
17.3,987,0,0,69,8,0,0,0,67,8,0
17.35,1034,0,0,57,4,0,0,0,57,4,0
17.4,940,0,0,46,7,0,0,0,46,7,0
17.45,977,0,0,36,0,0,0,0,35,0,0
17.5,998,0,0,20,3,0,0,0,21,3,0
17.55,1024,0,0,19,1,0,0,0,18,1,0
17.6,1023,0,0,13,1,0,0,0,13,1,0
17.65,1030,0,0,9,1,0,0,0,8,1,0
17.7,980,0,0,8,0,0,0,0,8,0,0
17.75,1007,0,0,5,0,0,0,0,5,0,0
17.8,966,0,0,3,0,0,0,0,3,0,0
17.85,983,0,0,3,0,0,0,0,3,0,0
17.9,967,0,0,0,0,0,0,0,0,0,0
17.95,995,0,0,2,0,0,0,0,2,0,0
18.0,943,0,0,0,0,0,0,0,0,0,0
18.05,974,0,0,0,0,0,0,0,0,0,0
18.1,928,0,0,0,0,0,0,0,0,0,0
18.15,977,0,0,0,0,0,0,0,0,0,0
18.2,1028,0,0,2,0,0,0,0,2,0,0
18.25,1033,0,0,0,0,0,0,0,0,0,0
18.3,1002,0,0,0,0,0,0,0,0,0,0
18.35,980,0,0,0,0,0,0,0,0,0,0
18.4,983,0,0,1,0,0,0,0,1,0,0
18.45,1028,0,0,0,0,0,0,0,0,0,0
18.5,1021,0,0,0,0,0,0,0,0,0,0
18.55,945,0,0,0,0,0,0,0,0,0,0
18.6,976,0,0,0,0,0,0,0,0,0,0
18.65,984,0,0,0,0,0,0,0,0,0,0
18.7,971,0,0,0,0,0,0,0,0,0,0
18.75,980,0,0,0,0,0,0,0,0,0,0
18.8,952,0,0,0,0,0,0,0,0,0,0
18.85,1026,0,0,0,0,0,0,0,0,0,0
18.9,967,0,0,0,0,0,0,0,0,0,0
18.95,981,0,0,0,0,0,0,0,0,0,0
19.0,953,0,0,0,0,0,0,0,0,0,0
19.05,1011,0,0,0,0,0,0,0,0,0,0
19.1,892,0,0,0,0,0,0,0,0,0,0
19.15,1021,0,0,0,0,0,0,0,0,0,0
19.2,983,0,0,0,0,0,0,0,0,0,0
19.25,1044,0,0,0,0,0,0,0,0,0,0
19.3,993,0,0,0,0,0,0,0,0,0,0
19.35,954,0,0,0,0,0,0,0,0,0,0
19.4,962,0,0,0,0,0,0,0,0,0,0
19.45,965,0,0,0,0,0,0,0,0,0,0
19.5,919,0,0,0,0,0,0,0,0,0,0
19.55,973,0,0,0,0,0,0,0,0,0,0
19.6,959,0,0,0,0,0,0,0,0,0,0
19.65,1015,0,0,0,0,0,0,0,0,0,0
19.7,965,0,0,0,0,0,0,0,0,0,0
19.75,994,0,0,0,0,0,0,0,0,0,0
19.8,1023,0,0,0,0,0,0,0,0,0,0
19.85,987,0,0,0,0,0,0,0,0,0,0
19.9,1000,0,0,0,0,0,0,0,0,0,0
19.95,979,0,0,0,0,0,0,0,0,0,0
20.0,999,0,0,0,0,0,0,0,0,0,0
20.05,1009,0,0,0,0,0,0,0,0,0,0
20.1,1043,0,0,0,0,0,0,0,0,0,0
20.15,989,0,0,0,0,0,0,0,0,0,0
20.2,985,0,0,0,0,0,0,0,0,0,0
20.25,1004,0,0,0,0,0,0,0,0,0,0
20.3,1008,0,0,0,0,0,0,0,0,0,0
20.35,958,0,0,0,0,0,0,0,0,0,0
20.4,936,0,0,0,0,0,0,0,0,0,0
20.45,1023,0,0,0,0,0,0,0,0,0,0
20.5,980,0,0,0,0,0,0,0,0,0,0
20.55,958,0,0,0,0,0,0,0,0,0,0
20.6,986,0,0,0,0,0,0,0,0,0,0
20.65,1014,0,0,0,0,0,0,0,0,0,0
20.7,970,0,0,0,0,0,0,0,0,0,0
20.75,988,0,0,0,0,0,0,0,0,0,0
20.8,979,0,0,0,0,0,0,0,0,0,0
20.85,1035,0,0,0,0,0,0,0,0,0,0
20.9,1034,0,0,0,0,0,0,0,0,0,0
20.95,970,0,0,0,0,0,0,0,0,0,0
21.0,1047,0,0,0,0,0,0,0,0,0,0
21.05,994,0,0,0,0,0,0,0,0,0,0
21.1,985,0,0,0,0,0,0,0,0,0,0
21.15,1001,0,0,0,0,0,0,0,0,0,0
21.2,984,0,0,0,0,0,0,0,0,0,0
21.25,978,0,0,0,0,0,0,0,0,0,0
21.3,1002,0,0,0,0,0,0,0,0,0,0
21.35,981,0,0,0,0,0,0,0,0,0,0
21.4,1020,0,0,0,0,0,0,0,0,0,0
21.45,980,0,0,0,0,0,0,0,0,0,0
21.5,968,0,0,0,0,0,0,0,0,0,0
21.55,1022,0,0,0,0,0,0,0,0,0,0
21.6,1007,0,0,0,0,0,0,0,0,0,0
21.65,965,0,0,0,0,0,0,0,0,0,0
21.7,1038,0,0,0,0,0,0,0,0,0,0
21.75,963,0,0,0,0,0,0,0,0,0,0
21.8,972,0,0,0,0,0,0,0,0,0,0
21.85,974,0,0,0,0,0,0,0,0,0,0
21.9,1038,0,0,0,0,0,0,0,0,0,0
21.95,980,0,0,0,0,0,0,0,0,0,0
22.0,958,0,0,0,0,0,0,0,0,0,0
22.05,973,0,0,0,0,0,0,0,0,0,0
22.1,959,0,0,0,0,0,0,0,0,0,0
22.15,1022,0,0,0,0,0,0,0,0,0,0
22.2,1009,0,0,0,0,0,0,0,0,0,0
22.25,988,0,0,0,0,0,0,0,0,0,0
22.3,1032,0,0,0,0,0,0,0,0,0,0
22.35,976,0,0,0,0,0,0,0,0,0,0
22.4,918,0,0,0,0,0,0,0,0,0,0
22.45,1046,0,0,0,0,0,0,0,0,0,0
22.5,930,0,0,0,0,0,0,0,0,0,0
22.55,1003,0,0,0,0,0,0,0,0,0,0
22.6,1045,0,0,0,0,0,0,0,0,0,0
22.65,992,0,0,0,0,0,0,0,0,0,0
22.7,979,0,0,0,0,0,0,0,0,0,0
22.75,1011,0,0,0,0,0,0,0,0,0,0
22.8,980,0,0,0,0,0,0,0,0,0,0
22.85,1015,0,0,0,0,0,0,0,0,0,0
22.9,1018,0,0,0,0,0,0,0,0,0,0
22.95,962,0,0,0,0,0,0,0,0,0,0
23.0,962,0,0,0,0,0,0,0,0,0,0
23.05,906,0,0,0,0,0,0,0,0,0,0
23.1,999,0,0,0,0,0,0,0,0,0,0
23.15,1025,0,0,0,0,0,0,0,0,0,0
23.2,1010,0,0,0,0,0,0,0,0,0,0
23.25,1042,0,0,0,0,0,0,0,0,0,0
23.3,909,0,0,0,0,0,0,0,0,0,0
23.35,999,0,0,0,0,0,0,0,0,0,0
23.4,1027,0,0,0,0,0,0,0,0,0,0
23.45,967,0,0,0,0,0,0,0,0,0,0
23.5,967,0,0,0,0,0,0,0,0,0,0
23.55,996,0,0,0,0,0,0,0,0,0,0
23.6,966,0,0,0,0,0,0,0,0,0,0
23.65,975,0,0,0,0,0,0,0,0,0,0
23.7,985,0,0,0,0,0,0,0,0,0,0
23.75,940,0,0,0,0,0,0,0,0,0,0
23.8,945,0,0,0,0,0,0,0,0,0,0
23.85,971,0,0,0,0,0,0,0,0,0,0
23.9,1051,0,0,0,0,0,0,0,0,0,0
23.95,971,0,0,0,0,0,0,0,0,0,0
24.0,974,0,0,0,0,0,0,0,0,0,0
24.05,942,0,0,0,0,0,0,0,0,0,0
24.1,1018,0,0,0,0,0,0,0,0,0,0
24.15,1047,0,0,0,0,0,0,0,0,0,0
24.200000000000003,945,0,0,0,0,0,0,0,0,0,0
24.25,1008,0,0,0,0,0,0,0,0,0,0
24.3,1036,0,0,0,0,0,0,0,0,0,0
24.35,1024,0,0,0,0,0,0,0,0,0,0
24.4,901,0,0,0,0,0,0,0,0,0,0
24.450000000000003,977,0,0,0,0,0,0,0,0,0,0
24.5,1031,0,0,0,0,0,0,0,0,0,0
24.55,980,0,0,0,0,0,0,0,0,0,0
24.6,988,0,0,0,0,0,0,0,0,0,0
24.65,961,0,0,0,0,0,0,0,0,0,0
24.700000000000003,1008,0,0,0,0,0,0,0,0,0,0
24.75,995,0,0,0,0,0,0,0,0,0,0
24.8,964,0,0,0,0,0,0,0,0,0,0
24.85,990,0,0,0,0,0,0,0,0,0,0
24.9,962,0,0,0,0,0,0,0,0,0,0
24.950000000000003,999,0,0,0,0,0,0,0,0,0,0
25.0,988,0,0,0,0,0,0,0,0,0,0
25.05,973,0,0,0,0,0,0,0,0,0,0
25.1,1011,0,0,0,0,0,0,0,0,0,0
25.15,967,0,0,0,0,0,0,0,0,0,0
25.200000000000003,983,0,0,0,0,0,0,0,0,0,0
25.25,961,0,0,0,0,0,0,0,0,0,0
25.3,991,0,0,0,0,0,0,0,0,0,0
25.35,975,0,0,0,0,0,0,0,0,0,0
25.4,1051,0,0,0,0,0,0,0,0,0,0
25.450000000000003,1006,0,0,0,0,0,0,0,0,0,0
25.5,1032,0,0,0,0,0,0,0,0,0,0
25.55,1005,0,0,0,0,0,0,0,0,0,0
25.6,977,0,0,0,0,0,0,0,0,0,0
25.65,1009,0,0,0,0,0,0,0,0,0,0
25.700000000000003,991,0,0,0,0,0,0,0,0,0,0
25.75,979,0,0,0,0,0,0,0,0,0,0
25.8,952,0,0,0,0,0,0,0,0,0,0
25.85,960,0,0,0,0,0,0,0,0,0,0
25.9,1004,0,0,0,0,0,0,0,0,0,0
25.950000000000003,1017,0,0,0,0,0,0,0,0,0,0
26.0,1040,0,0,0,0,0,0,0,0,0,0
26.05,893,0,0,0,0,0,0,0,0,0,0
26.1,978,0,0,0,0,0,0,0,0,0,0
26.15,995,0,0,0,0,0,0,0,0,0,0
26.200000000000003,956,0,0,0,0,0,0,0,0,0,0
26.25,981,0,0,0,0,0,0,0,0,0,0
26.3,979,0,0,0,0,0,0,0,0,0,0
26.35,989,0,0,0,0,0,0,0,0,0,0
26.4,992,0,0,0,0,0,0,0,0,0,0
26.450000000000003,933,0,0,0,0,0,0,0,0,0,0
26.5,1011,0,0,0,0,0,0,0,0,0,0
26.55,939,0,0,0,0,0,0,0,0,0,0
26.6,1021,0,0,0,0,0,0,0,0,0,0
26.65,981,0,0,0,0,0,0,0,0,0,0
26.700000000000003,996,0,0,0,0,0,0,0,0,0,0
26.75,1019,0,0,0,0,0,0,0,0,0,0
26.8,1033,0,0,0,0,0,0,0,0,0,0
26.85,1030,0,0,0,0,0,0,0,0,0,0
26.9,988,0,0,0,0,0,0,0,0,0,0
26.950000000000003,1022,0,0,0,0,0,0,0,0,0,0
27.0,967,0,0,0,0,0,0,0,0,0,0
27.05,987,0,0,0,0,0,0,0,0,0,0
27.1,939,0,0,0,0,0,0,0,0,0,0
27.15,975,0,0,0,0,0,0,0,0,0,0
27.200000000000003,946,0,0,0,0,0,0,0,0,0,0
27.25,1026,0,0,0,0,0,0,0,0,0,0
27.3,991,0,0,0,0,0,0,0,0,0,0
27.35,967,0,0,0,0,0,0,0,0,0,0
27.4,980,0,0,0,0,0,0,0,0,0,0
27.450000000000003,1004,0,0,0,0,0,0,0,0,0,0
27.5,977,0,0,0,0,0,0,0,0,0,0
27.55,988,0,0,0,0,0,0,0,0,0,0
27.6,1063,0,0,0,0,0,0,0,0,0,0
27.65,1001,0,0,0,0,0,0,0,0,0,0
27.700000000000003,966,0,0,0,0,0,0,0,0,0,0
27.75,1015,0,0,0,0,0,0,0,0,0,0
27.8,963,0,0,0,0,0,0,0,0,0,0
27.85,992,0,0,0,0,0,0,0,0,0,0
27.9,970,0,0,0,0,0,0,0,0,0,0
27.950000000000003,974,0,0,0,0,0,0,0,0,0,0
28.0,1007,0,0,0,0,0,0,0,0,0,0
28.05,994,0,0,0,0,0,0,0,0,0,0
28.1,968,0,0,0,0,0,0,0,0,0,0
28.15,992,0,0,0,0,0,0,0,0,0,0
28.200000000000003,988,0,0,0,0,0,0,0,0,0,0
28.25,969,0,0,0,0,0,0,0,0,0,0
28.3,994,0,0,0,0,0,0,0,0,0,0
28.35,1011,0,0,0,0,0,0,0,0,0,0
28.4,975,0,0,0,0,0,0,0,0,0,0
28.450000000000003,1025,0,0,0,0,0,0,0,0,0,0
28.5,948,0,0,0,0,0,0,0,0,0,0
28.55,957,0,0,0,0,0,0,0,0,0,0
28.6,991,0,0,0,0,0,0,0,0,0,0
28.65,1029,0,0,0,0,0,0,0,0,0,0
28.700000000000003,952,0,0,0,0,0,0,0,0,0,0
28.75,1014,0,0,0,0,0,0,0,0,0,0
28.8,1018,0,0,0,0,0,0,0,0,0,0
28.85,1002,0,0,0,0,0,0,0,0,0,0
28.9,976,0,0,0,0,0,0,0,0,0,0
28.950000000000003,1014,0,0,0,0,0,0,0,0,0,0
29.0,1028,0,0,0,0,0,0,0,0,0,0
29.05,960,0,0,0,0,0,0,0,0,0,0
29.1,951,0,0,0,0,0,0,0,0,0,0
29.15,1015,0,0,0,0,0,0,0,0,0,0
29.200000000000003,1025,0,0,0,0,0,0,0,0,0,0
29.25,969,0,0,0,0,0,0,0,0,0,0
29.3,999,0,0,0,0,0,0,0,0,0,0
29.35,1006,0,0,0,0,0,0,0,0,0,0
29.4,949,0,0,0,0,0,0,0,0,0,0
29.450000000000003,986,0,0,0,0,0,0,0,0,0,0
29.5,992,0,0,0,0,0,0,0,0,0,0
29.55,939,0,0,0,0,0,0,0,0,0,0
29.6,962,0,0,0,0,0,0,0,0,0,0
29.65,1019,0,0,0,0,0,0,0,0,0,0
29.700000000000003,989,0,0,0,0,0,0,0,0,0,0
29.75,933,0,0,0,0,0,0,0,0,0,0
29.8,1018,0,0,0,0,0,0,0,0,0,0
29.85,1026,0,0,0,0,0,0,0,0,0,0
29.9,981,0,0,0,0,0,0,0,0,0,0
29.950000000000003,1020,0,0,0,0,0,0,0,0,0,0
30.0,977,0,0,0,0,0,0,0,0,0,0
30.05,1001,0,0,0,0,0,0,0,0,0,0
30.1,1011,0,0,0,0,0,0,0,0,0,0
30.15,971,0,0,0,0,0,0,0,0,0,0
30.200000000000003,980,0,0,0,0,0,0,0,0,0,0
30.25,965,0,0,0,0,0,0,0,0,0,0
30.3,988,0,0,0,0,0,0,0,0,0,0
30.35,996,0,0,0,0,0,0,0,0,0,0
30.4,995,0,0,0,0,0,0,0,0,0,0
30.450000000000003,986,0,0,0,0,0,0,0,0,0,0
30.5,937,0,0,0,0,0,0,0,0,0,0
30.55,939,0,0,0,0,0,0,0,0,0,0
30.6,1029,0,0,0,0,0,0,0,0,0,0
30.65,1018,0,0,0,0,0,0,0,0,0,0
30.700000000000003,1037,0,0,0,0,0,0,0,0,0,0
30.75,942,0,0,0,0,0,0,0,0,0,0
30.8,971,0,0,0,0,0,0,0,0,0,0
30.85,946,0,0,0,0,0,0,0,0,0,0
30.9,977,0,0,0,0,0,0,0,0,0,0
30.950000000000003,1013,0,0,0,0,0,0,0,0,0,0
31.0,954,0,0,0,0,0,0,0,0,0,0
31.05,959,0,0,0,0,0,0,0,0,0,0
31.1,983,0,0,0,0,0,0,0,0,0,0
31.15,1013,0,0,0,0,0,0,0,0,0,0
31.200000000000003,988,0,0,0,0,0,0,0,0,0,0
31.25,992,0,0,0,0,0,0,0,0,0,0
31.3,973,0,0,0,0,0,0,0,0,0,0
31.35,997,0,0,0,0,0,0,0,0,0,0
31.4,984,0,0,0,0,0,0,0,0,0,0
31.450000000000003,967,0,0,0,0,0,0,0,0,0,0
31.5,1006,0,0,0,0,0,0,0,0,0,0
31.55,1005,0,0,0,0,0,0,0,0,0,0
31.6,1006,0,0,0,0,0,0,0,0,0,0
31.65,993,0,0,0,0,0,0,0,0,0,0
31.700000000000003,949,0,0,0,0,0,0,0,0,0,0
31.75,1033,0,0,0,0,0,0,0,0,0,0
31.8,964,0,0,0,0,0,0,0,0,0,0
31.85,1008,0,0,0,0,0,0,0,0,0,0
31.9,1015,0,0,0,0,0,0,0,0,0,0
31.950000000000003,1014,0,0,0,0,0,0,0,0,0,0
32.0,941,0,0,0,0,0,0,0,0,0,0
32.05,941,0,0,0,0,0,0,0,0,0,0
32.1,887,0,0,0,0,0,0,0,0,0,0
32.150000000000006,809,0,0,0,0,0,0,0,0,0,0
32.2,766,0,0,0,0,0,0,0,0,0,0
32.25,727,0,0,0,0,0,0,0,0,0,0
32.3,664,0,0,0,0,0,0,0,0,0,0
32.35,587,0,0,0,0,0,0,0,0,0,0
32.400000000000006,590,0,0,0,0,0,0,0,0,0,0
32.45,544,0,0,0,0,0,0,0,0,0,0
32.5,426,0,0,0,0,0,0,0,0,0,0
32.55,405,0,0,0,0,0,0,0,0,0,0
32.6,378,0,0,0,0,0,0,0,0,0,0
32.650000000000006,317,0,0,0,0,0,0,0,0,0,0
32.7,264,0,0,0,0,0,0,0,0,0,0
32.75,236,0,0,0,0,0,0,0,0,0,0
32.8,158,0,0,0,0,0,0,0,0,0,0
32.85,138,0,0,0,0,0,0,0,0,0,0
32.900000000000006,77,0,0,0,0,0,0,0,0,0,0
32.95,32,0,0,0,0,0,0,0,0,0,0
