*****
8 , 0.05 , 1000 , 0 , 0.4 , 10 , 100 , 0.65 , 1 , 0.65 , 1 , .01
8.0,1000,1000,992,1000,1000,0,1000,992,1000,1000,0
8.05,1081,1081,1058,1081,1081,0,1081,1058,1081,1081,0
8.1,1054,1054,1021,1054,1054,0,1054,1021,1054,1054,0
8.15,1049,1049,971,1049,1049,0,1049,971,1049,1049,0
8.2,994,994,878,993,994,0,994,878,993,994,0
8.25,1051,1051,881,1051,1051,0,1051,881,1051,1051,0
8.3,1067,1067,839,1066,1067,0,1067,839,1066,1067,0
8.35,1078,1076,751,1078,1078,0,1076,751,1078,1078,0
8.4,1076,1067,651,1073,1075,0,1067,651,1073,1075,0
8.45,1097,1063,552,1095,1080,0,1063,552,1095,1080,0
8.5,1039,967,424,1033,997,0,967,424,1033,997,0
8.55,1057,919,345,1041,969,0,919,345,1041,969,0
8.6,1011,797,247,991,866,0,797,247,991,866,0
8.65,1054,713,206,1014,813,0,713,206,1014,813,0
8.7,1098,574,130,1049,721,0,574,130,1049,721,0
8.75,1051,448,118,961,579,0,448,118,961,579,0
8.8,1094,320,73,940,452,0,320,73,940,452,0
8.85,1038,184,37,839,295,0,184,37,839,295,0
8.9,1006,119,38,750,195,0,119,38,750,195,0
8.95,995,68,17,655,129,0,68,17,655,129,0
9.0,1063,31,6,604,73,0,31,6,604,73,0
9.05,1003,18,5,522,43,0,18,5,522,43,0
9.1,1043,18,7,445,45,0,18,7,445,45,0
9.15,1045,3,1,367,6,0,3,1,367,6,0
9.2,1074,6,4,299,9,0,6,4,299,9,0
9.25,1062,3,1,198,6,0,3,1,198,6,0
9.3,1053,3,0,156,5,0,3,0,156,5,0
9.35,1026,0,0,104,1,0,0,0,104,1,0
9.4,1065,0,0,67,1,0,0,0,67,1,0
9.45,1046,0,0,50,1,0,0,0,50,1,0
9.5,1097,0,0,33,1,0,0,0,33,1,0
9.55,1027,1,0,23,1,0,1,0,23,1,0
9.6,1036,0,0,16,0,0,0,0,16,0,0
9.65,1098,0,0,13,0,0,0,0,13,0,0
9.7,1068,0,0,7,0,0,0,0,7,0,0
9.75,1041,0,0,2,0,0,0,0,2,0,0
9.8,1005,0,0,1,0,0,0,0,1,0,0
9.85,1058,0,0,1,0,0,0,0,1,0,0
9.9,1039,0,0,0,0,0,0,0,0,0,0
9.95,1087,0,0,0,0,0,0,0,0,0,0
10.0,1050,0,0,0,0,0,0,0,0,0,0
10.05,1041,0,0,0,0,0,0,0,0,0,0
10.1,1052,0,0,0,0,0,0,0,0,0,0
10.15,1014,0,0,0,0,0,0,0,0,0,0
10.2,1071,0,0,0,0,0,0,0,0,0,0
10.25,1076,0,0,0,0,0,0,0,0,0,0
10.3,1055,0,0,0,0,0,0,0,0,0,0
10.35,1047,0,0,0,0,0,0,0,0,0,0
10.4,1103,0,0,0,0,0,0,0,0,0,0
10.45,1033,0,0,0,0,0,0,0,0,0,0
10.5,978,0,0,0,0,0,0,0,0,0,0
10.55,1130,0,0,0,0,0,0,0,0,0,0
10.6,1062,0,0,0,0,0,0,0,0,0,0
10.65,1058,0,0,0,0,0,0,0,0,0,0
10.7,1019,0,0,0,0,0,0,0,0,0,0
10.75,1014,0,0,0,0,0,0,0,0,0,0
10.8,1103,0,0,0,0,0,0,0,0,0,0
10.85,1005,0,0,0,0,0,0,0,0,0,0
10.9,1097,0,0,0,0,0,0,0,0,0,0
10.95,1036,0,0,0,0,0,0,0,0,0,0
11.0,1059,0,0,0,0,0,0,0,0,0,0
11.05,1089,0,0,0,0,0,0,0,0,0,0
11.1,1040,0,0,0,0,0,0,0,0,0,0
11.15,1050,0,0,0,0,0,0,0,0,0,0
11.2,1036,0,0,0,0,0,0,0,0,0,0
11.25,1028,0,0,0,0,0,0,0,0,0,0
11.3,1101,0,0,0,0,0,0,0,0,0,0
11.35,1074,0,0,0,0,0,0,0,0,0,0
11.4,1041,0,0,0,0,0,0,0,0,0,0
11.45,1004,0,0,0,0,0,0,0,0,0,0
11.5,1086,0,0,0,0,0,0,0,0,0,0
11.55,1021,0,0,0,0,0,0,0,0,0,0
11.6,1040,0,0,0,0,0,0,0,0,0,0
11.65,1047,0,0,0,0,0,0,0,0,0,0
11.7,1054,0,0,0,0,0,0,0,0,0,0
11.75,1042,0,0,0,0,0,0,0,0,0,0
11.8,1043,0,0,0,0,0,0,0,0,0,0
11.85,1077,0,0,0,0,0,0,0,0,0,0
11.9,1024,0,0,0,0,0,0,0,0,0,0
11.95,1043,0,0,0,0,0,0,0,0,0,0
12.0,1064,0,0,0,0,0,0,0,0,0,0
12.05,1090,0,0,0,0,0,0,0,0,0,0
12.100000000000001,1029,0,0,0,0,0,0,0,0,0,0
12.15,1050,0,0,0,0,0,0,0,0,0,0
12.2,1042,0,0,0,0,0,0,0,0,0,0
12.25,1088,0,0,0,0,0,0,0,0,0,0
12.3,1034,0,0,0,0,0,0,0,0,0,0
12.350000000000001,1076,0,0,0,0,0,0,0,0,0,0
12.4,1023,0,0,0,0,0,0,0,0,0,0
12.45,1064,0,0,0,0,0,0,0,0,0,0
12.5,1078,0,0,0,0,0,0,0,0,0,0
12.55,1039,0,0,0,0,0,0,0,0,0,0
12.600000000000001,1038,0,0,0,0,0,0,0,0,0,0
12.65,1016,0,0,0,0,0,0,0,0,0,0
12.7,1062,0,0,0,0,0,0,0,0,0,0
12.75,1063,0,0,0,0,0,0,0,0,0,0
12.8,1038,0,0,0,0,0,0,0,0,0,0
12.850000000000001,1042,0,0,0,0,0,0,0,0,0,0
12.9,990,0,0,0,0,0,0,0,0,0,0
12.95,1054,0,0,0,0,0,0,0,0,0,0
13.0,1058,0,0,0,0,0,0,0,0,0,0
13.05,1076,0,0,0,0,0,0,0,0,0,0
13.100000000000001,1023,0,0,0,0,0,0,0,0,0,0
13.15,1076,0,0,0,0,0,0,0,0,0,0
13.2,1121,0,0,0,0,0,0,0,0,0,0
13.25,1047,0,0,0,0,0,0,0,0,0,0
13.3,1027,0,0,0,0,0,0,0,0,0,0
13.350000000000001,1118,0,0,0,0,0,0,0,0,0,0
13.4,965,0,0,0,0,0,0,0,0,0,0
13.45,1054,0,0,0,0,0,0,0,0,0,0
13.5,1086,0,0,0,0,0,0,0,0,0,0
13.55,1070,0,0,0,0,0,0,0,0,0,0
13.600000000000001,1078,0,0,0,0,0,0,0,0,0,0
13.65,1038,0,0,0,0,0,0,0,0,0,0
13.7,1015,0,0,0,0,0,0,0,0,0,0
13.75,1017,0,0,0,0,0,0,0,0,0,0
13.8,1038,0,0,0,0,0,0,0,0,0,0
13.850000000000001,1084,0,0,0,0,0,0,0,0,0,0
13.9,1042,0,0,0,0,0,0,0,0,0,0
13.95,1060,0,0,0,0,0,0,0,0,0,0
14.0,1087,0,0,0,0,0,0,0,0,0,0
14.05,1058,0,0,0,0,0,0,0,0,0,0
14.100000000000001,1065,0,0,0,0,0,0,0,0,0,0
14.15,1043,0,0,0,0,0,0,0,0,0,0
14.2,1026,0,0,0,0,0,0,0,0,0,0
14.25,1094,0,0,0,0,0,0,0,0,0,0
14.3,1097,0,0,0,0,0,0,0,0,0,0
14.350000000000001,1017,0,0,0,0,0,0,0,0,0,0
14.4,1026,0,0,0,0,0,0,0,0,0,0
14.45,986,0,0,0,0,0,0,0,0,0,0
14.5,1070,0,0,0,0,0,0,0,0,0,0
14.55,1042,0,0,0,0,0,0,0,0,0,0
14.600000000000001,1022,0,0,0,0,0,0,0,0,0,0
14.65,1083,0,0,0,0,0,0,0,0,0,0
14.7,1087,0,0,0,0,0,0,0,0,0,0
14.75,1035,0,0,0,0,0,0,0,0,0,0
14.8,1025,0,0,0,0,0,0,0,0,0,0
14.850000000000001,1027,0,0,0,0,0,0,0,0,0,0
14.9,1043,0,0,0,0,0,0,0,0,0,0
14.95,1097,0,0,0,0,0,0,0,0,0,0
15.0,1026,0,0,0,0,0,0,0,0,0,0
15.05,1126,0,0,0,0,0,0,0,0,0,0
15.100000000000001,1071,0,0,0,0,0,0,0,0,0,0
15.15,1092,0,0,0,0,0,0,0,0,0,0
15.2,1036,0,0,0,0,0,0,0,0,0,0
15.25,1018,0,0,0,0,0,0,0,0,0,0
15.3,1054,0,0,0,0,0,0,0,0,0,0
15.350000000000001,1070,0,0,0,0,0,0,0,0,0,0
15.4,1044,0,0,0,0,0,0,0,0,0,0
15.45,1066,0,0,0,0,0,0,0,0,0,0
15.5,1044,0,0,0,0,0,0,0,0,0,0
15.55,1065,0,0,0,0,0,0,0,0,0,0
15.600000000000001,1036,0,0,0,0,0,0,0,0,0,0
15.65,1045,0,0,0,0,0,0,0,0,0,0
15.7,1038,0,0,0,0,0,0,0,0,0,0
15.75,1045,0,0,0,0,0,0,0,0,0,0
15.8,1023,0,0,0,0,0,0,0,0,0,0
15.850000000000001,1054,0,0,0,0,0,0,0,0,0,0
15.9,1067,0,0,0,0,0,0,0,0,0,0
15.95,1043,0,0,0,0,0,0,0,0,0,0
16.0,993,0,0,0,0,0,0,0,0,0,0
16.05,832,0,0,0,0,0,0,0,0,0,0
16.1,732,0,0,0,0,0,0,0,0,0,0
16.15,635,0,0,0,0,0,0,0,0,0,0
16.200000000000003,438,0,0,0,0,0,0,0,0,0,0
16.25,304,0,0,0,0,0,0,0,0,0,0
16.3,214,0,0,0,0,0,0,0,0,0,0
16.35,66,0,0,0,0,0,0,0,0,0,0
*****
8 , 0.05 , 1000 , 0.3 , 0.7 , 10 , 100 , 0.65 , 1 , 0.65 , 1 , .01
8.0,1000,955,989,955,979,0,857,952,866,913,0
8.05,929,879,918,885,912,0,791,879,814,840,0
8.1,982,932,965,938,960,0,847,938,872,893,0
8.15,972,933,949,927,958,0,851,915,866,887,0
8.2,1000,927,960,958,975,0,864,934,903,920,0
8.25,978,884,905,929,950,0,831,880,871,909,0
8.3,974,848,863,930,934,0,820,838,874,897,0
8.35,982,817,853,929,930,0,798,837,878,899,0
8.4,979,756,814,933,900,0,738,803,878,882,0
8.45,993,684,765,941,869,0,666,756,875,839,0
8.5,976,575,670,903,783,0,559,664,851,762,0
8.55,973,502,630,887,734,0,494,625,843,725,0
8.6,975,477,576,867,713,0,473,568,842,703,0
8.65,1002,347,465,865,615,0,340,462,835,608,0
8.7,974,281,422,829,529,0,282,418,793,523,0
8.75,983,200,319,780,455,0,200,316,758,450,0
8.8,966,178,303,735,419,0,177,303,717,417,0
8.85,960,142,250,691,340,0,142,248,676,339,0
8.9,955,108,204,649,282,0,108,204,631,281,0
8.95,996,74,164,615,235,0,74,164,601,235,0
9.0,987,68,152,586,225,0,68,153,576,225,0
9.05,944,49,122,482,180,0,49,121,475,178,0
9.1,945,43,91,430,138,0,43,91,427,138,0
9.15,972,25,75,403,116,0,25,74,398,115,0
9.2,1039,29,67,344,86,0,29,67,341,86,0
9.25,964,16,33,265,54,0,16,33,264,54,0
9.3,954,15,41,243,56,0,15,40,241,56,0
9.35,988,11,30,207,42,0,11,30,207,42,0
9.4,946,3,14,161,29,0,3,14,160,29,0
9.45,952,5,19,148,29,0,5,19,147,29,0
9.5,1013,4,13,112,18,0,4,13,112,18,0
9.55,928,5,16,88,20,0,5,16,87,20,0
9.6,1022,2,5,79,6,0,2,5,79,6,0
9.65,975,4,8,55,14,0,4,8,55,14,0
9.7,993,2,5,55,6,0,2,5,55,6,0
9.75,981,1,1,27,3,0,1,1,27,3,0
9.8,1024,0,4,27,5,0,0,4,27,5,0
9.85,986,0,0,10,1,0,0,0,10,1,0
9.9,963,0,0,8,0,0,0,0,8,0,0
9.95,929,0,0,3,1,0,0,0,3,1,0
10.0,983,0,0,2,0,0,0,0,2,0,0
10.05,995,1,2,8,3,0,1,2,8,3,0
10.1,996,0,0,7,0,0,0,0,7,0,0
10.15,946,0,0,2,0,0,0,0,2,0,0
10.2,965,0,0,4,0,0,0,0,4,0,0
10.25,1001,0,0,0,0,0,0,0,0,0,0
10.3,1006,0,0,0,0,0,0,0,0,0,0
10.35,948,0,0,1,0,0,0,0,1,0,0
10.4,1029,0,0,0,0,0,0,0,0,0,0
10.45,991,0,0,0,0,0,0,0,0,0,0
10.5,965,0,0,1,0,0,0,0,1,0,0
10.55,936,0,0,0,0,0,0,0,0,0,0
10.6,953,0,0,1,0,0,0,0,1,0,0
10.65,991,0,0,0,0,0,0,0,0,0,0
10.7,958,0,0,0,0,0,0,0,0,0,0
10.75,989,0,0,0,0,0,0,0,0,0,0
10.8,972,0,0,0,0,0,0,0,0,0,0
10.85,999,0,0,0,0,0,0,0,0,0,0
10.9,977,0,0,0,0,0,0,0,0,0,0
10.95,987,0,0,0,0,0,0,0,0,0,0
11.0,970,0,0,0,0,0,0,0,0,0,0
11.05,988,0,0,0,0,0,0,0,0,0,0
11.1,968,0,0,0,0,0,0,0,0,0,0
11.15,987,0,0,0,0,0,0,0,0,0,0
11.2,969,0,0,0,0,0,0,0,0,0,0
11.25,974,0,0,0,0,0,0,0,0,0,0
11.3,986,0,0,0,0,0,0,0,0,0,0
11.35,941,0,0,0,0,0,0,0,0,0,0
11.4,934,0,0,0,0,0,0,0,0,0,0
11.45,1001,0,0,0,0,0,0,0,0,0,0
11.5,965,0,0,0,0,0,0,0,0,0,0
11.55,980,0,0,0,0,0,0,0,0,0,0
11.6,1020,0,0,0,0,0,0,0,0,0,0
11.65,967,0,0,0,0,0,0,0,0,0,0
11.7,1005,0,0,0,0,0,0,0,0,0,0
11.75,1007,0,0,0,0,0,0,0,0,0,0
11.8,964,0,0,0,0,0,0,0,0,0,0
11.85,943,0,0,0,0,0,0,0,0,0,0
11.9,929,0,0,0,0,0,0,0,0,0,0
11.95,947,0,0,0,0,0,0,0,0,0,0
12.0,942,0,0,0,0,0,0,0,0,0,0
12.05,1065,0,0,0,0,0,0,0,0,0,0
12.100000000000001,974,0,0,0,0,0,0,0,0,0,0
12.15,1016,0,0,0,0,0,0,0,0,0,0
12.2,991,0,0,0,0,0,0,0,0,0,0
12.25,980,0,0,0,0,0,0,0,0,0,0
12.3,936,0,0,0,0,0,0,0,0,0,0
12.350000000000001,992,0,0,0,0,0,0,0,0,0,0
12.4,892,0,0,0,0,0,0,0,0,0,0
12.45,997,0,0,0,0,0,0,0,0,0,0
12.5,978,0,0,0,0,0,0,0,0,0,0
12.55,1018,0,0,0,0,0,0,0,0,0,0
12.600000000000001,992,0,0,0,0,0,0,0,0,0,0
12.65,967,0,0,0,0,0,0,0,0,0,0
12.7,1026,0,0,0,0,0,0,0,0,0,0
12.75,947,0,0,0,0,0,0,0,0,0,0
12.8,986,0,0,0,0,0,0,0,0,0,0
12.850000000000001,943,0,0,0,0,0,0,0,0,0,0
12.9,987,0,0,0,0,0,0,0,0,0,0
12.95,980,0,0,0,0,0,0,0,0,0,0
13.0,1000,0,0,0,0,0,0,0,0,0,0
13.05,978,0,0,0,0,0,0,0,0,0,0
13.100000000000001,972,0,0,0,0,0,0,0,0,0,0
13.15,947,0,0,0,0,0,0,0,0,0,0
13.2,968,0,0,0,0,0,0,0,0,0,0
13.25,961,0,0,0,0,0,0,0,0,0,0
13.3,974,0,0,0,0,0,0,0,0,0,0
13.350000000000001,983,0,0,0,0,0,0,0,0,0,0
13.4,1021,0,0,0,0,0,0,0,0,0,0
13.45,957,0,0,0,0,0,0,0,0,0,0
13.5,991,0,0,0,0,0,0,0,0,0,0
13.55,956,0,0,0,0,0,0,0,0,0,0
13.600000000000001,978,0,0,0,0,0,0,0,0,0,0
13.65,942,0,0,0,0,0,0,0,0,0,0
13.7,1026,0,0,0,0,0,0,0,0,0,0
13.75,959,0,0,0,0,0,0,0,0,0,0
13.8,954,0,0,0,0,0,0,0,0,0,0
13.850000000000001,967,0,0,0,0,0,0,0,0,0,0
13.9,997,0,0,0,0,0,0,0,0,0,0
13.95,1046,0,0,0,0,0,0,0,0,0,0
14.0,922,0,0,0,0,0,0,0,0,0,0
14.05,988,0,0,0,0,0,0,0,0,0,0
14.100000000000001,981,0,0,0,0,0,0,0,0,0,0
14.15,983,0,0,0,0,0,0,0,0,0,0
14.2,992,0,0,0,0,0,0,0,0,0,0
14.25,963,0,0,0,0,0,0,0,0,0,0
14.3,993,0,0,0,0,0,0,0,0,0,0
14.350000000000001,947,0,0,0,0,0,0,0,0,0,0
14.4,963,0,0,0,0,0,0,0,0,0,0
14.45,943,0,0,0,0,0,0,0,0,0,0
14.5,985,0,0,0,0,0,0,0,0,0,0
14.55,955,0,0,0,0,0,0,0,0,0,0
14.600000000000001,1018,0,0,0,0,0,0,0,0,0,0
14.65,989,0,0,0,0,0,0,0,0,0,0
14.7,1012,0,0,0,0,0,0,0,0,0,0
14.75,947,0,0,0,0,0,0,0,0,0,0
14.8,945,0,0,0,0,0,0,0,0,0,0
14.850000000000001,956,0,0,0,0,0,0,0,0,0,0
14.9,985,0,0,0,0,0,0,0,0,0,0
14.95,974,0,0,0,0,0,0,0,0,0,0
15.0,988,0,0,0,0,0,0,0,0,0,0
15.05,945,0,0,0,0,0,0,0,0,0,0
15.100000000000001,960,0,0,0,0,0,0,0,0,0,0
15.15,999,0,0,0,0,0,0,0,0,0,0
15.2,989,0,0,0,0,0,0,0,0,0,0
15.25,972,0,0,0,0,0,0,0,0,0,0
15.3,999,0,0,0,0,0,0,0,0,0,0
15.350000000000001,960,0,0,0,0,0,0,0,0,0,0
15.4,1020,0,0,0,0,0,0,0,0,0,0
15.45,994,0,0,0,0,0,0,0,0,0,0
15.5,960,0,0,0,0,0,0,0,0,0,0
15.55,965,0,0,0,0,0,0,0,0,0,0
15.600000000000001,977,0,0,0,0,0,0,0,0,0,0
15.65,956,0,0,0,0,0,0,0,0,0,0
15.7,975,0,0,0,0,0,0,0,0,0,0
15.75,993,0,0,0,0,0,0,0,0,0,0
15.8,980,0,0,0,0,0,0,0,0,0,0
15.850000000000001,1006,0,0,0,0,0,0,0,0,0,0
15.9,983,0,0,0,0,0,0,0,0,0,0
15.95,906,0,0,0,0,0,0,0,0,0,0
16.0,1000,0,0,0,0,0,0,0,0,0,0
16.05,1029,0,0,0,0,0,0,0,0,0,0
16.1,1028,0,0,0,0,0,0,0,0,0,0
16.15,957,0,0,0,0,0,0,0,0,0,0
16.200000000000003,958,0,0,0,0,0,0,0,0,0,0
16.25,1008,0,0,0,0,0,0,0,0,0,0
16.3,920,0,0,0,0,0,0,0,0,0,0
16.35,733,0,0,0,0,0,0,0,0,0,0
16.4,657,0,0,0,0,0,0,0,0,0,0
16.450000000000003,538,0,0,0,0,0,0,0,0,0,0
16.5,416,0,0,0,0,0,0,0,0,0,0
16.55,291,0,0,0,0,0,0,0,0,0,0
16.6,167,0,0,0,0,0,0,0,0,0,0
16.65,76,0,0,0,0,0,0,0,0,0,0
*****
8 , 0.05 , 1000 , 0 , 1 , 10 , 100 , 0.65 , 1 , 0.65 , 1 , .01
8.0,1000,958,972,820,963,0,941,966,731,949,0
8.05,1026,951,981,846,987,0,944,970,773,967,0
8.1,1016,884,918,846,966,0,877,911,783,947,0
8.15,996,789,857,849,929,0,787,856,794,913,0
8.2,1061,707,808,882,924,0,707,805,814,915,0
8.25,1043,597,693,860,836,0,595,688,825,826,0
8.3,1009,424,558,824,680,0,422,553,804,673,0
8.35,1065,376,511,876,650,0,374,511,846,646,0
8.4,1019,271,405,806,525,0,270,405,783,521,0
8.45,1024,200,314,713,431,0,200,311,721,428,0
8.5,1071,132,254,705,357,0,132,254,698,357,0
8.55,1030,94,173,600,261,0,94,172,583,260,0
8.6,1028,63,143,520,229,0,63,142,508,226,0
8.65,1006,38,96,463,164,0,38,95,451,163,0
8.7,1038,28,77,392,127,0,28,77,389,127,0
8.75,984,13,52,311,86,0,13,52,309,86,0
8.8,1006,14,37,265,68,0,14,36,259,67,0
8.85,997,6,30,226,50,0,6,30,221,50,0
8.9,1075,5,21,197,40,0,5,21,196,40,0
8.95,993,5,12,152,23,0,5,12,150,23,0
9.0,958,2,12,107,19,0,2,12,107,19,0
9.05,1029,2,5,87,12,0,2,5,87,12,0
9.1,978,1,8,77,10,0,1,8,77,10,0
9.15,1028,2,3,54,5,0,2,3,54,5,0
9.2,1065,0,4,62,7,0,0,4,62,7,0
9.25,1023,0,3,28,5,0,0,3,28,5,0
9.3,1001,0,1,30,6,0,0,1,30,6,0
9.35,1006,0,0,20,0,0,0,0,20,0,0
9.4,1062,0,0,9,0,0,0,0,9,0,0
9.45,1068,0,0,7,1,0,0,0,7,1,0
9.5,1011,0,0,7,0,0,0,0,7,0,0
9.55,1020,0,0,3,0,0,0,0,3,0,0
9.6,1062,0,0,3,0,0,0,0,3,0,0
9.65,1026,0,0,2,0,0,0,0,2,0,0
9.7,1007,0,0,0,0,0,0,0,0,0,0
9.75,1030,0,0,0,0,0,0,0,0,0,0
9.8,1025,0,0,1,0,0,0,0,1,0,0
9.85,999,0,0,1,0,0,0,0,1,0,0
9.9,1008,0,0,0,0,0,0,0,0,0,0
9.95,962,0,0,0,0,0,0,0,0,0,0
10.0,1027,0,0,0,0,0,0,0,0,0,0
10.05,943,0,0,0,0,0,0,0,0,0,0
10.1,1040,0,0,0,0,0,0,0,0,0,0
10.15,982,0,0,0,0,0,0,0,0,0,0
10.2,1048,0,0,0,0,0,0,0,0,0,0
10.25,1053,0,0,0,0,0,0,0,0,0,0
10.3,1031,0,0,0,0,0,0,0,0,0,0
10.35,1004,0,0,0,0,0,0,0,0,0,0
10.4,1012,0,0,0,0,0,0,0,0,0,0
10.45,1053,0,0,0,0,0,0,0,0,0,0
10.5,1014,0,0,0,0,0,0,0,0,0,0
10.55,1031,0,0,0,0,0,0,0,0,0,0
10.6,1028,0,0,0,0,0,0,0,0,0,0
10.65,1059,0,0,0,0,0,0,0,0,0,0
10.7,1022,0,0,0,0,0,0,0,0,0,0
10.75,1026,0,0,0,0,0,0,0,0,0,0
10.8,997,0,0,0,0,0,0,0,0,0,0
10.85,1007,0,0,0,0,0,0,0,0,0,0
10.9,981,0,0,0,0,0,0,0,0,0,0
10.95,1014,0,0,0,0,0,0,0,0,0,0
11.0,990,0,0,0,0,0,0,0,0,0,0
11.05,1045,0,0,0,0,0,0,0,0,0,0
11.1,1027,0,0,0,0,0,0,0,0,0,0
11.15,1012,0,0,0,0,0,0,0,0,0,0
11.2,1024,0,0,0,0,0,0,0,0,0,0
11.25,988,0,0,0,0,0,0,0,0,0,0
11.3,997,0,0,0,0,0,0,0,0,0,0
11.35,1019,0,0,0,0,0,0,0,0,0,0
11.4,1007,0,0,0,0,0,0,0,0,0,0
11.45,1049,0,0,0,0,0,0,0,0,0,0
11.5,1055,0,0,0,0,0,0,0,0,0,0
11.55,1040,0,0,0,0,0,0,0,0,0,0
11.6,999,0,0,0,0,0,0,0,0,0,0
11.65,1053,0,0,0,0,0,0,0,0,0,0
11.7,1028,0,0,0,0,0,0,0,0,0,0
11.75,981,0,0,0,0,0,0,0,0,0,0
11.8,1041,0,0,0,0,0,0,0,0,0,0
11.85,1021,0,0,0,0,0,0,0,0,0,0
11.9,1030,0,0,0,0,0,0,0,0,0,0
11.95,1034,0,0,0,0,0,0,0,0,0,0
12.0,969,0,0,0,0,0,0,0,0,0,0
12.05,978,0,0,0,0,0,0,0,0,0,0
12.100000000000001,992,0,0,0,0,0,0,0,0,0,0
12.15,1020,0,0,0,0,0,0,0,0,0,0
12.2,1038,0,0,0,0,0,0,0,0,0,0
12.25,1027,0,0,0,0,0,0,0,0,0,0
12.3,999,0,0,0,0,0,0,0,0,0,0
12.350000000000001,1039,0,0,0,0,0,0,0,0,0,0
12.4,995,0,0,0,0,0,0,0,0,0,0
12.45,1051,0,0,0,0,0,0,0,0,0,0
12.5,986,0,0,0,0,0,0,0,0,0,0
12.55,1007,0,0,0,0,0,0,0,0,0,0
12.600000000000001,987,0,0,0,0,0,0,0,0,0,0
12.65,1020,0,0,0,0,0,0,0,0,0,0
12.7,1065,0,0,0,0,0,0,0,0,0,0
12.75,1001,0,0,0,0,0,0,0,0,0,0
12.8,992,0,0,0,0,0,0,0,0,0,0
12.850000000000001,1011,0,0,0,0,0,0,0,0,0,0
12.9,1037,0,0,0,0,0,0,0,0,0,0
12.95,994,0,0,0,0,0,0,0,0,0,0
13.0,1022,0,0,0,0,0,0,0,0,0,0
13.05,1031,0,0,0,0,0,0,0,0,0,0
13.100000000000001,1068,0,0,0,0,0,0,0,0,0,0
13.15,1018,0,0,0,0,0,0,0,0,0,0
13.2,994,0,0,0,0,0,0,0,0,0,0
13.25,988,0,0,0,0,0,0,0,0,0,0
13.3,1031,0,0,0,0,0,0,0,0,0,0
13.350000000000001,1062,0,0,0,0,0,0,0,0,0,0
13.4,1004,0,0,0,0,0,0,0,0,0,0
13.45,1068,0,0,0,0,0,0,0,0,0,0
13.5,1019,0,0,0,0,0,0,0,0,0,0
13.55,1034,0,0,0,0,0,0,0,0,0,0
13.600000000000001,987,0,0,0,0,0,0,0,0,0,0
13.65,998,0,0,0,0,0,0,0,0,0,0
13.7,1020,0,0,0,0,0,0,0,0,0,0
13.75,1002,0,0,0,0,0,0,0,0,0,0
13.8,1023,0,0,0,0,0,0,0,0,0,0
13.850000000000001,1019,0,0,0,0,0,0,0,0,0,0
13.9,1041,0,0,0,0,0,0,0,0,0,0
13.95,1032,0,0,0,0,0,0,0,0,0,0
14.0,1014,0,0,0,0,0,0,0,0,0,0
14.05,967,0,0,0,0,0,0,0,0,0,0
14.100000000000001,1038,0,0,0,0,0,0,0,0,0,0
14.15,1065,0,0,0,0,0,0,0,0,0,0
14.2,1002,0,0,0,0,0,0,0,0,0,0
14.25,1043,0,0,0,0,0,0,0,0,0,0
14.3,1051,0,0,0,0,0,0,0,0,0,0
14.350000000000001,1036,0,0,0,0,0,0,0,0,0,0
14.4,1002,0,0,0,0,0,0,0,0,0,0
14.45,1001,0,0,0,0,0,0,0,0,0,0
14.5,1028,0,0,0,0,0,0,0,0,0,0
14.55,1026,0,0,0,0,0,0,0,0,0,0
14.600000000000001,1007,0,0,0,0,0,0,0,0,0,0
14.65,1077,0,0,0,0,0,0,0,0,0,0
14.7,995,0,0,0,0,0,0,0,0,0,0
14.75,920,0,0,0,0,0,0,0,0,0,0
14.8,1075,0,0,0,0,0,0,0,0,0,0
14.850000000000001,1033,0,0,0,0,0,0,0,0,0,0
14.9,988,0,0,0,0,0,0,0,0,0,0
14.95,1032,0,0,0,0,0,0,0,0,0,0
15.0,1018,0,0,0,0,0,0,0,0,0,0
15.05,971,0,0,0,0,0,0,0,0,0,0
15.100000000000001,1035,0,0,0,0,0,0,0,0,0,0
15.15,1025,0,0,0,0,0,0,0,0,0,0
15.2,994,0,0,0,0,0,0,0,0,0,0
15.25,1008,0,0,0,0,0,0,0,0,0,0
15.3,987,0,0,0,0,0,0,0,0,0,0
15.350000000000001,1018,0,0,0,0,0,0,0,0,0,0
15.4,1041,0,0,0,0,0,0,0,0,0,0
15.45,1056,0,0,0,0,0,0,0,0,0,0
15.5,1055,0,0,0,0,0,0,0,0,0,0
15.55,1023,0,0,0,0,0,0,0,0,0,0
15.600000000000001,972,0,0,0,0,0,0,0,0,0,0
15.65,997,0,0,0,0,0,0,0,0,0,0
15.7,994,0,0,0,0,0,0,0,0,0,0
15.75,1043,0,0,0,0,0,0,0,0,0,0
15.8,1030,0,0,0,0,0,0,0,0,0,0
15.850000000000001,1037,0,0,0,0,0,0,0,0,0,0
15.9,1086,0,0,0,0,0,0,0,0,0,0
15.95,1051,0,0,0,0,0,0,0,0,0,0
16.0,950,0,0,0,0,0,0,0,0,0,0
16.05,885,0,0,0,0,0,0,0,0,0,0
16.1,868,0,0,0,0,0,0,0,0,0,0
16.15,814,0,0,0,0,0,0,0,0,0,0
16.200000000000003,777,0,0,0,0,0,0,0,0,0,0
16.25,712,0,0,0,0,0,0,0,0,0,0
16.3,711,0,0,0,0,0,0,0,0,0,0
16.35,601,0,0,0,0,0,0,0,0,0,0
16.4,643,0,0,0,0,0,0,0,0,0,0
16.450000000000003,575,0,0,0,0,0,0,0,0,0,0
16.5,497,0,0,0,0,0,0,0,0,0,0
16.55,470,0,0,0,0,0,0,0,0,0,0
16.6,379,0,0,0,0,0,0,0,0,0,0
16.65,327,0,0,0,0,0,0,0,0,0,0
16.700000000000003,302,0,0,0,0,0,0,0,0,0,0
16.75,246,0,0,0,0,0,0,0,0,0,0
16.8,186,0,0,0,0,0,0,0,0,0,0
16.85,112,0,0,0,0,0,0,0,0,0,0
16.9,98,0,0,0,0,0,0,0,0,0,0
16.950000000000003,23,0,0,0,0,0,0,0,0,0,0
*****
8 , 0.05 , 1000 , 0 , 0.4 , 10 , 100 , 0.65 , 1 , 0.7 , 1 , .01
8.0,1000,1000,1000,1000,1000,0,1000,1000,1000,1000,0
8.05,926,926,926,926,926,0,926,926,926,926,0
8.1,985,985,985,985,985,0,985,985,985,985,0
8.15,971,971,971,971,971,0,971,971,971,971,0
8.2,944,944,944,944,944,0,944,944,944,944,0
8.25,924,924,924,924,924,0,924,924,924,924,0
8.3,940,940,940,940,940,0,940,940,940,940,0
8.35,932,932,932,932,932,0,932,932,932,932,0
8.4,964,964,964,964,964,0,964,964,964,964,0
8.45,959,959,957,959,959,0,959,957,959,959,0
8.5,951,951,949,951,951,0,951,949,951,951,0
8.55,967,967,964,966,967,0,967,964,966,967,0
8.6,966,964,953,965,964,0,964,953,965,964,0
8.65,940,936,912,939,936,0,936,912,939,936,0
8.7,964,958,933,962,958,0,958,933,962,958,0
8.75,966,964,923,963,965,0,964,923,963,965,0
8.8,885,870,793,882,879,0,870,793,882,879,0
8.85,946,903,798,940,911,0,903,798,940,911,0
8.9,951,878,745,932,903,0,878,745,932,903,0
8.95,952,846,701,921,872,0,846,701,921,872,0
9.0,940,756,590,887,797,0,756,590,887,797,0
9.05,959,708,512,861,753,0,708,512,861,753,0
9.1,922,600,424,825,649,0,600,424,825,649,0
9.15,954,533,359,784,587,0,533,359,784,587,0
9.2,963,420,267,737,476,0,420,267,737,476,0
9.25,949,303,195,648,345,0,303,195,648,345,0
9.3,941,219,125,582,261,0,219,125,582,261,0
9.35,925,170,117,455,199,0,170,117,455,199,0
9.4,971,101,62,405,118,0,101,62,405,118,0
9.45,944,61,41,302,77,0,61,41,302,77,0
9.5,973,48,30,261,65,0,48,30,261,65,0
9.55,926,18,13,175,25,0,18,13,175,25,0
9.6,919,8,6,141,12,0,8,6,141,12,0
9.65,942,9,8,94,13,0,9,8,94,13,0
9.7,976,3,2,100,5,0,3,2,100,5,0
9.75,950,4,3,50,5,0,4,3,50,5,0
9.8,955,0,1,23,1,0,0,1,23,1,0
9.85,962,0,0,23,0,0,0,0,23,0,0
9.9,977,0,0,5,0,0,0,0,5,0,0
9.95,971,0,0,9,0,0,0,0,9,0,0
10.0,957,0,0,4,0,0,0,0,4,0,0
10.05,914,0,0,1,0,0,0,0,1,0,0
10.1,934,0,0,3,0,0,0,0,3,0,0
10.15,966,0,0,0,0,0,0,0,0,0,0
10.2,973,0,0,0,0,0,0,0,0,0,0
10.25,971,0,0,0,0,0,0,0,0,0,0
10.3,907,0,0,0,0,0,0,0,0,0,0
10.35,963,0,0,0,0,0,0,0,0,0,0
10.4,985,0,0,0,0,0,0,0,0,0,0
10.45,942,0,0,0,0,0,0,0,0,0,0
10.5,937,0,0,0,0,0,0,0,0,0,0
10.55,956,0,0,0,0,0,0,0,0,0,0
10.6,945,0,0,0,0,0,0,0,0,0,0
10.65,982,0,0,0,0,0,0,0,0,0,0
10.7,950,0,0,0,0,0,0,0,0,0,0
10.75,951,0,0,0,0,0,0,0,0,0,0
10.8,937,0,0,0,0,0,0,0,0,0,0
10.85,974,0,0,0,0,0,0,0,0,0,0
10.9,963,0,0,0,0,0,0,0,0,0,0
10.95,940,0,0,0,0,0,0,0,0,0,0
11.0,947,0,0,0,0,0,0,0,0,0,0
11.05,992,0,0,0,0,0,0,0,0,0,0
11.1,953,0,0,0,0,0,0,0,0,0,0
11.15,981,0,0,0,0,0,0,0,0,0,0
11.2,927,0,0,0,0,0,0,0,0,0,0
11.25,905,0,0,0,0,0,0,0,0,0,0
11.3,939,0,0,0,0,0,0,0,0,0,0
11.35,981,0,0,0,0,0,0,0,0,0,0
11.4,957,0,0,0,0,0,0,0,0,0,0
11.45,954,0,0,0,0,0,0,0,0,0,0
11.5,932,0,0,0,0,0,0,0,0,0,0
11.55,971,0,0,0,0,0,0,0,0,0,0
11.6,900,0,0,0,0,0,0,0,0,0,0
11.65,1002,0,0,0,0,0,0,0,0,0,0
11.7,888,0,0,0,0,0,0,0,0,0,0
11.75,974,0,0,0,0,0,0,0,0,0,0
11.8,952,0,0,0,0,0,0,0,0,0,0
11.85,969,0,0,0,0,0,0,0,0,0,0
11.9,969,0,0,0,0,0,0,0,0,0,0
11.95,920,0,0,0,0,0,0,0,0,0,0
12.0,968,0,0,0,0,0,0,0,0,0,0
12.05,914,0,0,0,0,0,0,0,0,0,0
12.100000000000001,926,0,0,0,0,0,0,0,0,0,0
12.15,905,0,0,0,0,0,0,0,0,0,0
12.2,1003,0,0,0,0,0,0,0,0,0,0
12.25,959,0,0,0,0,0,0,0,0,0,0
12.3,974,0,0,0,0,0,0,0,0,0,0
12.350000000000001,957,0,0,0,0,0,0,0,0,0,0
12.4,890,0,0,0,0,0,0,0,0,0,0
12.45,964,0,0,0,0,0,0,0,0,0,0
12.5,895,0,0,0,0,0,0,0,0,0,0
12.55,977,0,0,0,0,0,0,0,0,0,0
12.600000000000001,923,0,0,0,0,0,0,0,0,0,0
12.65,972,0,0,0,0,0,0,0,0,0,0
12.7,972,0,0,0,0,0,0,0,0,0,0
12.75,905,0,0,0,0,0,0,0,0,0,0
12.8,951,0,0,0,0,0,0,0,0,0,0
12.850000000000001,1004,0,0,0,0,0,0,0,0,0,0
12.9,967,0,0,0,0,0,0,0,0,0,0
12.95,908,0,0,0,0,0,0,0,0,0,0
13.0,938,0,0,0,0,0,0,0,0,0,0
13.05,946,0,0,0,0,0,0,0,0,0,0
13.100000000000001,970,0,0,0,0,0,0,0,0,0,0
13.15,933,0,0,0,0,0,0,0,0,0,0
13.2,988,0,0,0,0,0,0,0,0,0,0
13.25,991,0,0,0,0,0,0,0,0,0,0
13.3,923,0,0,0,0,0,0,0,0,0,0
13.350000000000001,917,0,0,0,0,0,0,0,0,0,0
13.4,981,0,0,0,0,0,0,0,0,0,0
13.45,922,0,0,0,0,0,0,0,0,0,0
13.5,1009,0,0,0,0,0,0,0,0,0,0
13.55,949,0,0,0,0,0,0,0,0,0,0
13.600000000000001,933,0,0,0,0,0,0,0,0,0,0
13.65,915,0,0,0,0,0,0,0,0,0,0
13.7,896,0,0,0,0,0,0,0,0,0,0
13.75,970,0,0,0,0,0,0,0,0,0,0
13.8,919,0,0,0,0,0,0,0,0,0,0
13.850000000000001,952,0,0,0,0,0,0,0,0,0,0
13.9,933,0,0,0,0,0,0,0,0,0,0
13.95,964,0,0,0,0,0,0,0,0,0,0
14.0,962,0,0,0,0,0,0,0,0,0,0
14.05,927,0,0,0,0,0,0,0,0,0,0
14.100000000000001,928,0,0,0,0,0,0,0,0,0,0
14.15,941,0,0,0,0,0,0,0,0,0,0
14.2,942,0,0,0,0,0,0,0,0,0,0
14.25,963,0,0,0,0,0,0,0,0,0,0
14.3,994,0,0,0,0,0,0,0,0,0,0
14.350000000000001,931,0,0,0,0,0,0,0,0,0,0
14.4,936,0,0,0,0,0,0,0,0,0,0
14.45,961,0,0,0,0,0,0,0,0,0,0
14.5,896,0,0,0,0,0,0,0,0,0,0
14.55,934,0,0,0,0,0,0,0,0,0,0
14.600000000000001,958,0,0,0,0,0,0,0,0,0,0
14.65,942,0,0,0,0,0,0,0,0,0,0
14.7,1003,0,0,0,0,0,0,0,0,0,0
14.75,954,0,0,0,0,0,0,0,0,0,0
14.8,960,0,0,0,0,0,0,0,0,0,0
14.850000000000001,936,0,0,0,0,0,0,0,0,0,0
14.9,953,0,0,0,0,0,0,0,0,0,0
14.95,998,0,0,0,0,0,0,0,0,0,0
15.0,977,0,0,0,0,0,0,0,0,0,0
15.05,902,0,0,0,0,0,0,0,0,0,0
15.100000000000001,885,0,0,0,0,0,0,0,0,0,0
15.15,944,0,0,0,0,0,0,0,0,0,0
15.2,948,0,0,0,0,0,0,0,0,0,0
15.25,889,0,0,0,0,0,0,0,0,0,0
15.3,988,0,0,0,0,0,0,0,0,0,0
15.350000000000001,951,0,0,0,0,0,0,0,0,0,0
15.4,981,0,0,0,0,0,0,0,0,0,0
15.45,930,0,0,0,0,0,0,0,0,0,0
15.5,985,0,0,0,0,0,0,0,0,0,0
15.55,966,0,0,0,0,0,0,0,0,0,0
15.600000000000001,966,0,0,0,0,0,0,0,0,0,0
15.65,963,0,0,0,0,0,0,0,0,0,0
15.7,960,0,0,0,0,0,0,0,0,0,0
15.75,930,0,0,0,0,0,0,0,0,0,0
15.8,978,0,0,0,0,0,0,0,0,0,0
15.850000000000001,975,0,0,0,0,0,0,0,0,0,0
15.9,941,0,0,0,0,0,0,0,0,0,0
15.95,977,0,0,0,0,0,0,0,0,0,0
16.0,886,0,0,0,0,0,0,0,0,0,0
16.05,772,0,0,0,0,0,0,0,0,0,0
16.1,603,0,0,0,0,0,0,0,0,0,0
16.15,549,0,0,0,0,0,0,0,0,0,0
16.200000000000003,445,0,0,0,0,0,0,0,0,0,0
16.25,314,0,0,0,0,0,0,0,0,0,0
16.3,179,0,0,0,0,0,0,0,0,0,0
16.35,57,0,0,0,0,0,0,0,0,0,0
*****
8 , 0.05 , 1000 , 0.3 , 0.7 , 10 , 100 , 0.65 , 1 , 0.7 , 1 , .01
8.0,1000,993,999,986,999,0,968,982,924,974,0
8.05,990,985,987,972,988,0,952,976,923,967,0
8.1,972,965,971,950,968,0,936,954,903,946,0
8.15,986,982,984,965,984,0,933,966,917,951,0
8.2,1034,1030,1032,1008,1032,0,997,1014,967,1011,0
8.25,966,954,963,951,963,0,931,952,910,948,0
8.3,996,987,992,979,992,0,960,972,942,972,0
8.35,1058,1045,1049,1040,1054,0,1026,1038,997,1043,0
8.4,975,953,967,950,970,0,925,957,903,947,0
8.45,1022,994,1006,1001,1016,0,976,999,960,992,0
8.5,1003,965,977,979,983,0,950,968,941,973,0
8.55,975,914,934,942,946,0,907,928,915,938,0
8.6,970,876,898,933,923,0,866,893,908,914,0
8.65,1027,896,935,973,951,0,886,929,944,943,0
8.7,971,840,872,916,896,0,835,869,886,891,0
8.75,1047,832,886,981,927,0,823,883,966,922,0
8.8,959,703,763,860,804,0,701,759,849,802,0
8.85,1019,699,784,898,822,0,697,783,883,821,0
8.9,1042,664,732,897,796,0,661,732,883,794,0
8.95,972,527,608,805,659,0,526,606,797,657,0
9.0,981,484,557,766,606,0,483,556,761,605,0
9.05,1019,439,539,753,579,0,439,539,746,579,0
9.1,940,325,401,653,450,0,325,401,649,449,0
9.15,1016,303,376,654,413,0,303,376,652,413,0
9.2,970,260,312,599,352,0,260,312,599,352,0
9.25,991,215,294,530,322,0,215,294,530,322,0
9.3,958,171,236,472,267,0,171,236,472,267,0
9.35,964,131,173,403,201,0,131,173,403,201,0
9.4,1046,100,145,413,164,0,100,145,411,164,0
9.45,1036,79,139,381,161,0,79,139,381,161,0
9.5,1000,77,118,293,138,0,77,118,292,138,0
9.55,1000,43,74,258,92,0,43,74,258,92,0
9.6,994,44,69,214,78,0,44,69,214,78,0
9.65,978,44,68,191,71,0,44,68,191,71,0
9.7,950,28,43,142,49,0,28,43,142,49,0
9.75,990,13,17,105,18,0,13,17,105,18,0
9.8,1012,13,23,99,31,0,13,23,99,31,0
9.85,980,13,17,67,21,0,13,17,67,21,0
9.9,1011,6,12,57,14,0,6,12,57,14,0
9.95,1023,5,12,46,13,0,5,12,46,13,0
10.0,999,3,8,27,9,0,3,8,27,9,0
10.05,1029,2,5,31,6,0,2,5,31,6,0
10.1,981,1,2,20,2,0,1,2,20,2,0
10.15,979,2,6,23,6,0,2,6,23,6,0
10.2,951,0,2,15,2,0,0,2,15,2,0
10.25,1038,2,3,11,3,0,2,3,11,3,0
10.3,974,1,1,6,1,0,1,1,6,1,0
10.35,943,1,1,2,1,0,1,1,2,1,0
10.4,969,1,1,3,1,0,1,1,3,1,0
10.45,1018,0,1,0,1,0,0,1,0,1,0
10.5,1017,0,0,3,0,0,0,0,3,0,0
10.55,1046,0,0,0,0,0,0,0,0,0,0
10.6,978,0,0,1,0,0,0,0,1,0,0
10.65,953,0,0,1,0,0,0,0,1,0,0
10.7,1005,0,0,0,0,0,0,0,0,0,0
10.75,980,0,0,0,0,0,0,0,0,0,0
10.8,994,0,0,0,0,0,0,0,0,0,0
10.85,1024,0,0,0,0,0,0,0,0,0,0
10.9,1011,0,0,0,0,0,0,0,0,0,0
10.95,984,0,0,0,0,0,0,0,0,0,0
11.0,986,0,0,0,0,0,0,0,0,0,0
11.05,1055,0,0,0,0,0,0,0,0,0,0
11.1,993,0,0,0,0,0,0,0,0,0,0
11.15,1003,0,0,0,0,0,0,0,0,0,0
11.2,950,0,0,0,0,0,0,0,0,0,0
11.25,1008,0,0,0,0,0,0,0,0,0,0
11.3,974,0,0,0,0,0,0,0,0,0,0
11.35,959,0,0,0,0,0,0,0,0,0,0
11.4,985,0,0,0,0,0,0,0,0,0,0
11.45,1003,0,0,0,0,0,0,0,0,0,0
11.5,1024,0,0,0,0,0,0,0,0,0,0
11.55,1023,0,0,0,0,0,0,0,0,0,0
11.6,999,0,0,0,0,0,0,0,0,0,0
11.65,974,0,0,0,0,0,0,0,0,0,0
11.7,942,0,0,0,0,0,0,0,0,0,0
11.75,1027,0,0,0,0,0,0,0,0,0,0
11.8,1051,0,0,0,0,0,0,0,0,0,0
11.85,1003,0,0,0,0,0,0,0,0,0,0
11.9,942,0,0,0,0,0,0,0,0,0,0
11.95,1033,0,0,0,0,0,0,0,0,0,0
12.0,983,0,0,0,0,0,0,0,0,0,0
12.05,954,0,0,0,0,0,0,0,0,0,0
12.100000000000001,1029,0,0,0,0,0,0,0,0,0,0
12.15,999,0,0,0,0,0,0,0,0,0,0
12.2,988,0,0,0,0,0,0,0,0,0,0
12.25,1020,0,0,0,0,0,0,0,0,0,0
12.3,979,0,0,0,0,0,0,0,0,0,0
12.350000000000001,1007,0,0,0,0,0,0,0,0,0,0
12.4,992,0,0,0,0,0,0,0,0,0,0
12.45,957,0,0,0,0,0,0,0,0,0,0
12.5,1044,0,0,0,0,0,0,0,0,0,0
12.55,968,0,0,0,0,0,0,0,0,0,0
12.600000000000001,1022,0,0,0,0,0,0,0,0,0,0
12.65,1010,0,0,0,0,0,0,0,0,0,0
12.7,1026,0,0,0,0,0,0,0,0,0,0
12.75,1007,0,0,0,0,0,0,0,0,0,0
12.8,999,0,0,0,0,0,0,0,0,0,0
12.850000000000001,929,0,0,0,0,0,0,0,0,0,0
12.9,1002,0,0,0,0,0,0,0,0,0,0
12.95,1005,0,0,0,0,0,0,0,0,0,0
13.0,1050,0,0,0,0,0,0,0,0,0,0
13.05,994,0,0,0,0,0,0,0,0,0,0
13.100000000000001,993,0,0,0,0,0,0,0,0,0,0
13.15,1007,0,0,0,0,0,0,0,0,0,0
13.2,937,0,0,0,0,0,0,0,0,0,0
13.25,1035,0,0,0,0,0,0,0,0,0,0
13.3,932,0,0,0,0,0,0,0,0,0,0
13.350000000000001,1007,0,0,0,0,0,0,0,0,0,0
13.4,1032,0,0,0,0,0,0,0,0,0,0
13.45,986,0,0,0,0,0,0,0,0,0,0
13.5,943,0,0,0,0,0,0,0,0,0,0
13.55,1007,0,0,0,0,0,0,0,0,0,0
13.600000000000001,1020,0,0,0,0,0,0,0,0,0,0
13.65,1024,0,0,0,0,0,0,0,0,0,0
13.7,955,0,0,0,0,0,0,0,0,0,0
13.75,1010,0,0,0,0,0,0,0,0,0,0
13.8,984,0,0,0,0,0,0,0,0,0,0
13.850000000000001,947,0,0,0,0,0,0,0,0,0,0
13.9,1063,0,0,0,0,0,0,0,0,0,0
13.95,966,0,0,0,0,0,0,0,0,0,0
14.0,956,0,0,0,0,0,0,0,0,0,0
14.05,1035,0,0,0,0,0,0,0,0,0,0
14.100000000000001,964,0,0,0,0,0,0,0,0,0,0
14.15,1015,0,0,0,0,0,0,0,0,0,0
14.2,987,0,0,0,0,0,0,0,0,0,0
14.25,1009,0,0,0,0,0,0,0,0,0,0
14.3,1041,0,0,0,0,0,0,0,0,0,0
14.350000000000001,1018,0,0,0,0,0,0,0,0,0,0
14.4,988,0,0,0,0,0,0,0,0,0,0
14.45,959,0,0,0,0,0,0,0,0,0,0
14.5,973,0,0,0,0,0,0,0,0,0,0
14.55,987,0,0,0,0,0,0,0,0,0,0
14.600000000000001,973,0,0,0,0,0,0,0,0,0,0
14.65,1030,0,0,0,0,0,0,0,0,0,0
14.7,1009,0,0,0,0,0,0,0,0,0,0
14.75,990,0,0,0,0,0,0,0,0,0,0
14.8,1003,0,0,0,0,0,0,0,0,0,0
14.850000000000001,958,0,0,0,0,0,0,0,0,0,0
14.9,1021,0,0,0,0,0,0,0,0,0,0
14.95,987,0,0,0,0,0,0,0,0,0,0
15.0,1007,0,0,0,0,0,0,0,0,0,0
15.05,1000,0,0,0,0,0,0,0,0,0,0
15.100000000000001,1008,0,0,0,0,0,0,0,0,0,0
15.15,998,0,0,0,0,0,0,0,0,0,0
15.2,992,0,0,0,0,0,0,0,0,0,0
15.25,1020,0,0,0,0,0,0,0,0,0,0
15.3,1004,0,0,0,0,0,0,0,0,0,0
15.350000000000001,998,0,0,0,0,0,0,0,0,0,0
15.4,956,0,0,0,0,0,0,0,0,0,0
15.45,981,0,0,0,0,0,0,0,0,0,0
15.5,1013,0,0,0,0,0,0,0,0,0,0
15.55,1003,0,0,0,0,0,0,0,0,0,0
15.600000000000001,984,0,0,0,0,0,0,0,0,0,0
15.65,987,0,0,0,0,0,0,0,0,0,0
15.7,999,0,0,0,0,0,0,0,0,0,0
15.75,1013,0,0,0,0,0,0,0,0,0,0
15.8,992,0,0,0,0,0,0,0,0,0,0
15.850000000000001,1014,0,0,0,0,0,0,0,0,0,0
15.9,994,0,0,0,0,0,0,0,0,0,0
15.95,1030,0,0,0,0,0,0,0,0,0,0
16.0,940,0,0,0,0,0,0,0,0,0,0
16.05,967,0,0,0,0,0,0,0,0,0,0
16.1,1020,0,0,0,0,0,0,0,0,0,0
16.15,1025,0,0,0,0,0,0,0,0,0,0
16.200000000000003,1010,0,0,0,0,0,0,0,0,0,0
16.25,995,0,0,0,0,0,0,0,0,0,0
16.3,982,0,0,0,0,0,0,0,0,0,0
16.35,803,0,0,0,0,0,0,0,0,0,0
16.4,670,0,0,0,0,0,0,0,0,0,0
16.450000000000003,528,0,0,0,0,0,0,0,0,0,0
16.5,439,0,0,0,0,0,0,0,0,0,0
16.55,328,0,0,0,0,0,0,0,0,0,0
16.6,180,0,0,0,0,0,0,0,0,0,0
16.65,75,0,0,0,0,0,0,0,0,0,0
*****
8 , 0.05 , 1000 , 0 , 1 , 10 , 100 , 0.65 , 1 , 0.7 , 1 , .01
8.0,1000,972,987,836,979,0,958,977,791,966,0
8.05,1007,973,990,889,986,0,961,984,831,976,0
8.1,1015,976,1000,887,1000,0,968,987,819,987,0
8.15,1045,986,1009,909,1009,0,977,999,852,995,0
8.2,978,880,920,865,930,0,869,913,813,920,0
8.25,946,784,843,814,868,0,783,837,763,863,0
8.3,1000,791,857,872,883,0,790,853,841,881,0
8.35,1014,731,826,882,856,0,730,824,858,850,0
8.4,990,620,704,817,740,0,618,699,800,736,0
8.45,1011,559,660,836,707,0,557,658,815,704,0
8.5,958,443,554,725,586,0,442,553,701,585,0
8.55,963,344,448,706,497,0,344,448,689,497,0
8.6,1067,333,435,700,469,0,333,435,675,468,0
8.65,959,223,312,575,352,0,223,311,564,351,0
8.7,1009,185,275,522,320,0,185,275,511,320,0
8.75,943,112,179,431,213,0,112,178,422,212,0
8.8,1021,108,180,430,203,0,108,180,419,203,0
8.85,1010,71,120,342,145,0,71,120,337,145,0
8.9,1022,58,103,316,123,0,58,103,310,123,0
8.95,985,39,70,253,84,0,39,70,250,84,0
9.0,1044,34,57,219,69,0,34,57,218,69,0
9.05,1017,16,39,167,50,0,16,39,168,50,0
9.1,980,8,25,129,36,0,8,25,126,36,0
9.15,975,9,20,112,27,0,9,20,112,27,0
9.2,1025,2,7,76,10,0,2,7,75,10,0
9.25,985,4,10,66,14,0,4,10,66,14,0
9.3,1028,6,11,51,12,0,6,11,50,12,0
9.35,928,2,5,41,6,0,2,5,40,6,0
9.4,936,0,5,29,8,0,0,5,29,8,0
9.45,973,0,1,29,1,0,0,1,29,1,0
9.5,982,0,0,23,1,0,0,0,23,1,0
9.55,1035,1,3,16,3,0,1,3,16,3,0
9.6,984,0,0,6,0,0,0,0,6,0,0
9.65,966,0,0,7,0,0,0,0,7,0,0
9.7,1076,0,0,5,0,0,0,0,5,0,0
9.75,986,0,0,5,0,0,0,0,5,0,0
9.8,995,0,0,2,0,0,0,0,2,0,0
9.85,1004,0,0,1,0,0,0,0,1,0,0
9.9,948,0,0,2,0,0,0,0,2,0,0
9.95,1017,0,0,0,0,0,0,0,0,0,0
10.0,1031,0,0,0,0,0,0,0,0,0,0
10.05,1027,0,0,0,0,0,0,0,0,0,0
10.1,946,0,0,0,0,0,0,0,0,0,0
10.15,1022,0,0,1,0,0,0,0,1,0,0
10.2,1034,0,0,0,0,0,0,0,0,0,0
10.25,1010,0,0,0,0,0,0,0,0,0,0
10.3,968,0,0,0,0,0,0,0,0,0,0
10.35,987,0,0,0,0,0,0,0,0,0,0
10.4,1042,0,0,0,0,0,0,0,0,0,0
10.45,962,0,0,0,0,0,0,0,0,0,0
10.5,1006,0,0,0,0,0,0,0,0,0,0
10.55,987,0,0,0,0,0,0,0,0,0,0
10.6,998,0,0,0,0,0,0,0,0,0,0
10.65,988,0,0,0,0,0,0,0,0,0,0
10.7,1004,0,0,0,0,0,0,0,0,0,0
10.75,995,0,0,0,0,0,0,0,0,0,0
10.8,1017,0,0,0,0,0,0,0,0,0,0
10.85,1016,0,0,0,0,0,0,0,0,0,0
10.9,972,0,0,0,0,0,0,0,0,0,0
10.95,1030,0,0,0,0,0,0,0,0,0,0
11.0,991,0,0,0,0,0,0,0,0,0,0
11.05,961,0,0,0,0,0,0,0,0,0,0
11.1,1003,0,0,0,0,0,0,0,0,0,0
11.15,981,0,0,0,0,0,0,0,0,0,0
11.2,1009,0,0,0,0,0,0,0,0,0,0
11.25,1024,0,0,0,0,0,0,0,0,0,0
11.3,1016,0,0,0,0,0,0,0,0,0,0
11.35,974,0,0,0,0,0,0,0,0,0,0
11.4,999,0,0,0,0,0,0,0,0,0,0
11.45,997,0,0,0,0,0,0,0,0,0,0
11.5,1002,0,0,0,0,0,0,0,0,0,0
11.55,981,0,0,0,0,0,0,0,0,0,0
11.6,976,0,0,0,0,0,0,0,0,0,0
11.65,1024,0,0,0,0,0,0,0,0,0,0
11.7,1005,0,0,0,0,0,0,0,0,0,0
11.75,1047,0,0,0,0,0,0,0,0,0,0
11.8,984,0,0,0,0,0,0,0,0,0,0
11.85,1004,0,0,0,0,0,0,0,0,0,0
11.9,999,0,0,0,0,0,0,0,0,0,0
11.95,1046,0,0,0,0,0,0,0,0,0,0
12.0,1011,0,0,0,0,0,0,0,0,0,0
12.05,959,0,0,0,0,0,0,0,0,0,0
12.100000000000001,1009,0,0,0,0,0,0,0,0,0,0
12.15,959,0,0,0,0,0,0,0,0,0,0
12.2,1018,0,0,0,0,0,0,0,0,0,0
12.25,976,0,0,0,0,0,0,0,0,0,0
12.3,997,0,0,0,0,0,0,0,0,0,0
12.350000000000001,957,0,0,0,0,0,0,0,0,0,0
12.4,1015,0,0,0,0,0,0,0,0,0,0
12.45,998,0,0,0,0,0,0,0,0,0,0
12.5,961,0,0,0,0,0,0,0,0,0,0
12.55,1019,0,0,0,0,0,0,0,0,0,0
12.600000000000001,938,0,0,0,0,0,0,0,0,0,0
12.65,978,0,0,0,0,0,0,0,0,0,0
12.7,988,0,0,0,0,0,0,0,0,0,0
12.75,986,0,0,0,0,0,0,0,0,0,0
12.8,997,0,0,0,0,0,0,0,0,0,0
12.850000000000001,1012,0,0,0,0,0,0,0,0,0,0
12.9,1020,0,0,0,0,0,0,0,0,0,0
12.95,1036,0,0,0,0,0,0,0,0,0,0
13.0,962,0,0,0,0,0,0,0,0,0,0
13.05,1071,0,0,0,0,0,0,0,0,0,0
13.100000000000001,970,0,0,0,0,0,0,0,0,0,0
13.15,1046,0,0,0,0,0,0,0,0,0,0
13.2,1007,0,0,0,0,0,0,0,0,0,0
13.25,1024,0,0,0,0,0,0,0,0,0,0
13.3,963,0,0,0,0,0,0,0,0,0,0
13.350000000000001,962,0,0,0,0,0,0,0,0,0,0
13.4,1027,0,0,0,0,0,0,0,0,0,0
13.45,990,0,0,0,0,0,0,0,0,0,0
13.5,1013,0,0,0,0,0,0,0,0,0,0
13.55,1060,0,0,0,0,0,0,0,0,0,0
13.600000000000001,1009,0,0,0,0,0,0,0,0,0,0
13.65,970,0,0,0,0,0,0,0,0,0,0
13.7,1006,0,0,0,0,0,0,0,0,0,0
13.75,967,0,0,0,0,0,0,0,0,0,0
13.8,1024,0,0,0,0,0,0,0,0,0,0
13.850000000000001,964,0,0,0,0,0,0,0,0,0,0
13.9,1014,0,0,0,0,0,0,0,0,0,0
13.95,1018,0,0,0,0,0,0,0,0,0,0
14.0,954,0,0,0,0,0,0,0,0,0,0
14.05,1038,0,0,0,0,0,0,0,0,0,0
14.100000000000001,989,0,0,0,0,0,0,0,0,0,0
14.15,1025,0,0,0,0,0,0,0,0,0,0
14.2,982,0,0,0,0,0,0,0,0,0,0
14.25,990,0,0,0,0,0,0,0,0,0,0
14.3,1016,0,0,0,0,0,0,0,0,0,0
14.350000000000001,1028,0,0,0,0,0,0,0,0,0,0
14.4,1038,0,0,0,0,0,0,0,0,0,0
14.45,954,0,0,0,0,0,0,0,0,0,0
14.5,1059,0,0,0,0,0,0,0,0,0,0
14.55,960,0,0,0,0,0,0,0,0,0,0
14.600000000000001,976,0,0,0,0,0,0,0,0,0,0
14.65,1020,0,0,0,0,0,0,0,0,0,0
14.7,1011,0,0,0,0,0,0,0,0,0,0
14.75,959,0,0,0,0,0,0,0,0,0,0
14.8,1009,0,0,0,0,0,0,0,0,0,0
14.850000000000001,992,0,0,0,0,0,0,0,0,0,0
14.9,1017,0,0,0,0,0,0,0,0,0,0
14.95,993,0,0,0,0,0,0,0,0,0,0
15.0,964,0,0,0,0,0,0,0,0,0,0
15.05,1000,0,0,0,0,0,0,0,0,0,0
15.100000000000001,974,0,0,0,0,0,0,0,0,0,0
15.15,1000,0,0,0,0,0,0,0,0,0,0
15.2,1027,0,0,0,0,0,0,0,0,0,0
15.25,961,0,0,0,0,0,0,0,0,0,0
15.3,964,0,0,0,0,0,0,0,0,0,0
15.350000000000001,1021,0,0,0,0,0,0,0,0,0,0
15.4,976,0,0,0,0,0,0,0,0,0,0
15.45,1034,0,0,0,0,0,0,0,0,0,0
15.5,1008,0,0,0,0,0,0,0,0,0,0
15.55,975,0,0,0,0,0,0,0,0,0,0
15.600000000000001,996,0,0,0,0,0,0,0,0,0,0
15.65,1048,0,0,0,0,0,0,0,0,0,0
15.7,985,0,0,0,0,0,0,0,0,0,0
15.75,962,0,0,0,0,0,0,0,0,0,0
15.8,998,0,0,0,0,0,0,0,0,0,0
15.850000000000001,990,0,0,0,0,0,0,0,0,0,0
15.9,1009,0,0,0,0,0,0,0,0,0,0
15.95,957,0,0,0,0,0,0,0,0,0,0
16.0,977,0,0,0,0,0,0,0,0,0,0
16.05,941,0,0,0,0,0,0,0,0,0,0
16.1,872,0,0,0,0,0,0,0,0,0,0
16.15,829,0,0,0,0,0,0,0,0,0,0
16.200000000000003,731,0,0,0,0,0,0,0,0,0,0
16.25,707,0,0,0,0,0,0,0,0,0,0
16.3,706,0,0,0,0,0,0,0,0,0,0
16.35,662,0,0,0,0,0,0,0,0,0,0
16.4,534,0,0,0,0,0,0,0,0,0,0
16.450000000000003,536,0,0,0,0,0,0,0,0,0,0
16.5,464,0,0,0,0,0,0,0,0,0,0
16.55,400,0,0,0,0,0,0,0,0,0,0
16.6,375,0,0,0,0,0,0,0,0,0,0
16.65,338,0,0,0,0,0,0,0,0,0,0
16.700000000000003,296,0,0,0,0,0,0,0,0,0,0
16.75,225,0,0,0,0,0,0,0,0,0,0
16.8,162,0,0,0,0,0,0,0,0,0,0
16.85,118,0,0,0,0,0,0,0,0,0,0
16.9,64,0,0,0,0,0,0,0,0,0,0
16.950000000000003,22,0,0,0,0,0,0,0,0,0,0
*****
8 , 0.05 , 1000 , 0 , 0.4 , 10 , 100 , 0.65 , 1 , 0.75 , 1 , .01
8.0,1000,1000,1000,1000,1000,0,1000,1000,1000,1000,0
8.05,906,906,906,906,906,0,906,906,906,906,0
8.1,975,975,975,975,975,0,975,975,975,975,0
8.15,976,976,976,976,976,0,976,976,976,976,0
8.2,950,950,950,950,950,0,950,950,950,950,0
8.25,923,923,923,923,923,0,923,923,923,923,0
8.3,985,985,985,985,985,0,985,985,985,985,0
8.35,933,933,933,933,933,0,933,933,933,933,0
8.4,960,960,960,960,960,0,960,960,960,960,0
8.45,902,902,902,902,902,0,902,902,902,902,0
8.5,946,946,946,946,946,0,946,946,946,946,0
8.55,950,950,950,950,950,0,950,950,950,950,0
8.6,942,942,942,942,942,0,942,942,942,942,0
8.65,922,922,922,922,922,0,922,922,922,922,0
8.7,985,985,985,985,985,0,985,985,985,985,0
8.75,934,934,934,934,934,0,934,934,934,934,0
8.8,908,908,908,908,908,0,908,908,908,908,0
8.85,991,991,991,991,991,0,991,991,991,991,0
8.9,943,943,943,942,943,0,943,943,942,943,0
8.95,931,931,931,930,931,0,931,931,930,931,0
9.0,886,886,886,886,886,0,886,886,886,886,0
9.05,905,905,904,904,905,0,905,904,904,905,0
9.1,939,938,935,935,938,0,938,935,935,938,0
9.15,982,982,979,969,982,0,982,979,969,982,0
9.2,955,946,938,935,948,0,946,938,935,948,0
9.25,1019,1004,996,988,1006,0,1004,996,988,1006,0
9.3,918,892,881,881,894,0,892,881,881,894,0
9.35,909,876,857,865,881,0,876,857,865,881,0
9.4,894,825,808,811,832,0,825,808,811,832,0
9.45,967,849,824,861,862,0,849,824,861,862,0
9.5,963,755,741,798,775,0,755,741,798,775,0
9.55,903,686,668,721,694,0,686,668,721,694,0
9.6,976,669,647,735,688,0,669,647,735,688,0
9.65,961,535,510,622,548,0,535,510,622,548,0
9.7,908,452,436,546,467,0,452,436,546,467,0
9.75,944,368,348,478,386,0,368,348,478,386,0
9.8,929,296,283,403,303,0,296,283,403,303,0
9.85,997,236,222,335,244,0,236,222,335,244,0
9.9,965,139,136,245,152,0,139,136,245,152,0
9.95,922,97,92,197,110,0,97,92,197,110,0
10.0,935,61,60,142,71,0,61,60,142,71,0
10.05,917,44,42,111,49,0,44,42,111,49,0
10.1,958,23,21,87,27,0,23,21,87,27,0
10.15,953,12,13,47,13,0,12,13,47,13,0
10.2,957,6,5,34,6,0,6,5,34,6,0
10.25,926,4,4,24,4,0,4,4,24,4,0
10.3,933,2,2,13,2,0,2,2,13,2,0
10.35,952,0,0,2,0,0,0,0,2,0,0
10.4,932,0,0,5,0,0,0,0,5,0,0
10.45,910,0,0,2,0,0,0,0,2,0,0
10.5,985,0,0,2,0,0,0,0,2,0,0
10.55,911,0,0,0,0,0,0,0,0,0,0
10.6,960,0,0,0,0,0,0,0,0,0,0
10.65,946,0,0,0,0,0,0,0,0,0,0
10.7,974,0,0,0,0,0,0,0,0,0,0
10.75,931,0,0,0,0,0,0,0,0,0,0
10.8,929,0,0,0,0,0,0,0,0,0,0
10.85,930,0,0,0,0,0,0,0,0,0,0
10.9,968,0,0,0,0,0,0,0,0,0,0
10.95,991,0,0,0,0,0,0,0,0,0,0
11.0,961,0,0,0,0,0,0,0,0,0,0
11.05,930,0,0,0,0,0,0,0,0,0,0
11.1,963,0,0,0,0,0,0,0,0,0,0
11.15,920,0,0,0,0,0,0,0,0,0,0
11.2,1008,0,0,0,0,0,0,0,0,0,0
11.25,940,0,0,0,0,0,0,0,0,0,0
11.3,916,0,0,0,0,0,0,0,0,0,0
11.35,936,0,0,0,0,0,0,0,0,0,0
11.4,990,0,0,0,0,0,0,0,0,0,0
11.45,1000,0,0,0,0,0,0,0,0,0,0
11.5,940,0,0,0,0,0,0,0,0,0,0
11.55,952,0,0,0,0,0,0,0,0,0,0
11.6,881,0,0,0,0,0,0,0,0,0,0
11.65,936,0,0,0,0,0,0,0,0,0,0
11.7,993,0,0,0,0,0,0,0,0,0,0
11.75,936,0,0,0,0,0,0,0,0,0,0
11.8,914,0,0,0,0,0,0,0,0,0,0
11.85,895,0,0,0,0,0,0,0,0,0,0
11.9,964,0,0,0,0,0,0,0,0,0,0
11.95,911,0,0,0,0,0,0,0,0,0,0
12.0,985,0,0,0,0,0,0,0,0,0,0
12.05,973,0,0,0,0,0,0,0,0,0,0
12.100000000000001,981,0,0,0,0,0,0,0,0,0,0
12.15,907,0,0,0,0,0,0,0,0,0,0
12.2,924,0,0,0,0,0,0,0,0,0,0
12.25,911,0,0,0,0,0,0,0,0,0,0
12.3,952,0,0,0,0,0,0,0,0,0,0
12.350000000000001,954,0,0,0,0,0,0,0,0,0,0
12.4,1020,0,0,0,0,0,0,0,0,0,0
12.45,927,0,0,0,0,0,0,0,0,0,0
12.5,904,0,0,0,0,0,0,0,0,0,0
12.55,931,0,0,0,0,0,0,0,0,0,0
12.600000000000001,902,0,0,0,0,0,0,0,0,0,0
12.65,964,0,0,0,0,0,0,0,0,0,0
12.7,897,0,0,0,0,0,0,0,0,0,0
12.75,958,0,0,0,0,0,0,0,0,0,0
12.8,906,0,0,0,0,0,0,0,0,0,0
12.850000000000001,981,0,0,0,0,0,0,0,0,0,0
12.9,991,0,0,0,0,0,0,0,0,0,0
12.95,925,0,0,0,0,0,0,0,0,0,0
13.0,954,0,0,0,0,0,0,0,0,0,0
13.05,941,0,0,0,0,0,0,0,0,0,0
13.100000000000001,955,0,0,0,0,0,0,0,0,0,0
13.15,927,0,0,0,0,0,0,0,0,0,0
13.2,929,0,0,0,0,0,0,0,0,0,0
13.25,930,0,0,0,0,0,0,0,0,0,0
13.3,948,0,0,0,0,0,0,0,0,0,0
13.350000000000001,935,0,0,0,0,0,0,0,0,0,0
13.4,943,0,0,0,0,0,0,0,0,0,0
13.45,956,0,0,0,0,0,0,0,0,0,0
13.5,948,0,0,0,0,0,0,0,0,0,0
13.55,956,0,0,0,0,0,0,0,0,0,0
13.600000000000001,970,0,0,0,0,0,0,0,0,0,0
13.65,910,0,0,0,0,0,0,0,0,0,0
13.7,975,0,0,0,0,0,0,0,0,0,0
13.75,959,0,0,0,0,0,0,0,0,0,0
13.8,970,0,0,0,0,0,0,0,0,0,0
13.850000000000001,983,0,0,0,0,0,0,0,0,0,0
13.9,925,0,0,0,0,0,0,0,0,0,0
13.95,949,0,0,0,0,0,0,0,0,0,0
14.0,926,0,0,0,0,0,0,0,0,0,0
14.05,931,0,0,0,0,0,0,0,0,0,0
14.100000000000001,971,0,0,0,0,0,0,0,0,0,0
14.15,922,0,0,0,0,0,0,0,0,0,0
14.2,905,0,0,0,0,0,0,0,0,0,0
14.25,940,0,0,0,0,0,0,0,0,0,0
14.3,967,0,0,0,0,0,0,0,0,0,0
14.350000000000001,892,0,0,0,0,0,0,0,0,0,0
14.4,994,0,0,0,0,0,0,0,0,0,0
14.45,951,0,0,0,0,0,0,0,0,0,0
14.5,926,0,0,0,0,0,0,0,0,0,0
14.55,950,0,0,0,0,0,0,0,0,0,0
14.600000000000001,977,0,0,0,0,0,0,0,0,0,0
14.65,963,0,0,0,0,0,0,0,0,0,0
14.7,947,0,0,0,0,0,0,0,0,0,0
14.75,944,0,0,0,0,0,0,0,0,0,0
14.8,921,0,0,0,0,0,0,0,0,0,0
14.850000000000001,988,0,0,0,0,0,0,0,0,0,0
14.9,912,0,0,0,0,0,0,0,0,0,0
14.95,949,0,0,0,0,0,0,0,0,0,0
15.0,964,0,0,0,0,0,0,0,0,0,0
15.05,948,0,0,0,0,0,0,0,0,0,0
15.100000000000001,944,0,0,0,0,0,0,0,0,0,0
15.15,981,0,0,0,0,0,0,0,0,0,0
15.2,954,0,0,0,0,0,0,0,0,0,0
15.25,924,0,0,0,0,0,0,0,0,0,0
15.3,949,0,0,0,0,0,0,0,0,0,0
15.350000000000001,920,0,0,0,0,0,0,0,0,0,0
15.4,951,0,0,0,0,0,0,0,0,0,0
15.45,994,0,0,0,0,0,0,0,0,0,0
15.5,901,0,0,0,0,0,0,0,0,0,0
15.55,933,0,0,0,0,0,0,0,0,0,0
15.600000000000001,958,0,0,0,0,0,0,0,0,0,0
15.65,992,0,0,0,0,0,0,0,0,0,0
15.7,873,0,0,0,0,0,0,0,0,0,0
15.75,932,0,0,0,0,0,0,0,0,0,0
15.8,917,0,0,0,0,0,0,0,0,0,0
15.850000000000001,961,0,0,0,0,0,0,0,0,0,0
15.9,968,0,0,0,0,0,0,0,0,0,0
15.95,898,0,0,0,0,0,0,0,0,0,0
16.0,857,0,0,0,0,0,0,0,0,0,0
16.05,784,0,0,0,0,0,0,0,0,0,0
16.1,643,0,0,0,0,0,0,0,0,0,0
16.15,553,0,0,0,0,0,0,0,0,0,0
16.200000000000003,421,0,0,0,0,0,0,0,0,0,0
16.25,298,0,0,0,0,0,0,0,0,0,0
16.3,176,0,0,0,0,0,0,0,0,0,0
16.35,52,0,0,0,0,0,0,0,0,0,0
*****
8 , 0.05 , 1000 , 0.3 , 0.7 , 10 , 100 , 0.65 , 1 , 0.75 , 1 , .01
8.0,1000,998,1000,992,1000,0,988,991,959,990,0
8.05,990,990,989,972,989,0,985,986,949,986,0
8.1,942,942,942,931,942,0,939,940,915,939,0
8.15,937,936,937,932,937,0,929,932,911,932,0
8.2,1026,1024,1024,1018,1024,0,1019,1019,995,1019,0
8.25,983,983,983,970,983,0,978,980,948,979,0
8.3,988,988,988,980,988,0,984,984,963,985,0
8.35,1015,1015,1015,1005,1015,0,1011,1013,989,1012,0
8.4,979,979,979,966,979,0,976,975,952,975,0
8.45,952,952,952,940,952,0,949,949,924,949,0
8.5,984,982,982,969,982,0,976,978,955,978,0
8.55,903,902,902,893,902,0,900,901,881,900,0
8.6,1015,1012,1014,1002,1013,0,1007,1010,982,1009,0
8.65,1017,1012,1016,998,1016,0,1008,1014,984,1012,0
8.7,946,938,944,920,944,0,930,938,909,937,0
8.75,924,914,918,895,919,0,910,915,891,916,0
8.8,1025,1013,1018,988,1018,0,1011,1017,982,1016,0
8.85,954,933,941,901,940,0,931,939,893,937,0
8.9,1014,975,987,977,988,0,973,986,972,986,0
8.95,976,927,940,916,942,0,926,940,908,941,0
9.0,977,930,952,915,953,0,930,952,907,953,0
9.05,1018,932,958,932,961,0,931,958,930,961,0
9.1,957,846,872,848,874,0,846,872,847,874,0
9.15,967,850,885,857,887,0,849,884,857,886,0
9.2,974,803,839,818,843,0,803,839,816,843,0
9.25,941,731,765,769,770,0,731,765,768,770,0
9.3,940,678,719,726,726,0,677,718,725,725,0
9.35,989,656,705,722,712,0,656,705,718,712,0
9.4,948,595,651,680,656,0,595,651,680,656,0
9.45,929,534,580,641,587,0,534,580,640,587,0
9.5,1052,538,592,637,597,0,538,592,636,597,0
9.55,971,438,489,575,498,0,438,489,575,498,0
9.6,1009,432,482,547,487,0,432,482,547,487,0
9.65,956,334,392,469,397,0,334,392,469,397,0
9.7,973,311,355,443,360,0,311,355,443,360,0
9.75,980,241,291,378,297,0,241,291,378,297,0
9.8,992,239,272,326,274,0,239,272,326,274,0
9.85,964,179,210,293,215,0,179,210,293,215,0
9.9,997,151,185,253,186,0,151,185,253,186,0
9.95,950,102,123,178,124,0,102,123,178,124,0
10.0,999,105,127,192,128,0,105,127,192,128,0
10.05,980,76,91,141,91,0,76,91,141,91,0
10.1,971,56,70,125,72,0,56,70,125,72,0
10.15,968,51,63,104,64,0,51,63,104,64,0
10.2,1005,45,56,99,57,0,45,56,99,57,0
10.25,940,34,43,68,43,0,34,43,68,43,0
10.3,963,14,19,47,19,0,14,19,47,19,0
10.35,963,13,17,31,17,0,13,17,31,17,0
10.4,987,16,19,26,19,0,16,19,26,19,0
10.45,973,4,7,23,7,0,4,7,23,7,0
10.5,1024,4,5,13,5,0,4,5,13,5,0
10.55,925,1,2,12,2,0,1,2,12,2,0
10.6,958,1,1,7,1,0,1,1,7,1,0
10.65,999,2,2,4,2,0,2,2,4,2,0
10.7,989,3,3,3,3,0,3,3,3,3,0
10.75,960,1,2,2,2,0,1,2,2,2,0
10.8,987,0,0,0,0,0,0,0,0,0,0
10.85,940,2,3,3,3,0,2,3,3,3,0
10.9,940,0,0,0,0,0,0,0,0,0,0
10.95,984,0,0,0,0,0,0,0,0,0,0
11.0,930,0,0,0,0,0,0,0,0,0,0
11.05,1031,0,0,1,0,0,0,0,1,0,0
11.1,1007,0,0,0,0,0,0,0,0,0,0
11.15,996,0,0,0,0,0,0,0,0,0,0
11.2,935,0,0,0,0,0,0,0,0,0,0
11.25,1005,0,0,0,0,0,0,0,0,0,0
11.3,944,0,0,0,0,0,0,0,0,0,0
11.35,970,0,0,0,0,0,0,0,0,0,0
11.4,939,0,0,0,0,0,0,0,0,0,0
11.45,1036,0,0,0,0,0,0,0,0,0,0
11.5,905,0,0,0,0,0,0,0,0,0,0
11.55,987,0,0,0,0,0,0,0,0,0,0
11.6,1006,0,0,0,0,0,0,0,0,0,0
11.65,1008,0,0,0,0,0,0,0,0,0,0
11.7,968,0,0,0,0,0,0,0,0,0,0
11.75,935,0,0,0,0,0,0,0,0,0,0
11.8,922,0,0,0,0,0,0,0,0,0,0
11.85,987,0,0,0,0,0,0,0,0,0,0
11.9,986,0,0,0,0,0,0,0,0,0,0
11.95,961,0,0,0,0,0,0,0,0,0,0
12.0,1001,0,0,0,0,0,0,0,0,0,0
12.05,1023,0,0,0,0,0,0,0,0,0,0
12.100000000000001,979,0,0,0,0,0,0,0,0,0,0
12.15,1000,0,0,0,0,0,0,0,0,0,0
12.2,972,0,0,0,0,0,0,0,0,0,0
12.25,915,0,0,0,0,0,0,0,0,0,0
12.3,966,0,0,0,0,0,0,0,0,0,0
12.350000000000001,965,0,0,0,0,0,0,0,0,0,0
12.4,965,0,0,0,0,0,0,0,0,0,0
12.45,982,0,0,0,0,0,0,0,0,0,0
12.5,935,0,0,0,0,0,0,0,0,0,0
12.55,1010,0,0,0,0,0,0,0,0,0,0
12.600000000000001,996,0,0,0,0,0,0,0,0,0,0
12.65,974,0,0,0,0,0,0,0,0,0,0
12.7,960,0,0,0,0,0,0,0,0,0,0
12.75,1025,0,0,0,0,0,0,0,0,0,0
12.8,1002,0,0,0,0,0,0,0,0,0,0
12.850000000000001,930,0,0,0,0,0,0,0,0,0,0
12.9,980,0,0,0,0,0,0,0,0,0,0
12.95,944,0,0,0,0,0,0,0,0,0,0
13.0,972,0,0,0,0,0,0,0,0,0,0
13.05,984,0,0,0,0,0,0,0,0,0,0
13.100000000000001,949,0,0,0,0,0,0,0,0,0,0
13.15,981,0,0,0,0,0,0,0,0,0,0
13.2,991,0,0,0,0,0,0,0,0,0,0
13.25,997,0,0,0,0,0,0,0,0,0,0
13.3,993,0,0,0,0,0,0,0,0,0,0
13.350000000000001,983,0,0,0,0,0,0,0,0,0,0
13.4,968,0,0,0,0,0,0,0,0,0,0
13.45,961,0,0,0,0,0,0,0,0,0,0
13.5,972,0,0,0,0,0,0,0,0,0,0
13.55,949,0,0,0,0,0,0,0,0,0,0
13.600000000000001,935,0,0,0,0,0,0,0,0,0,0
13.65,960,0,0,0,0,0,0,0,0,0,0
13.7,983,0,0,0,0,0,0,0,0,0,0
13.75,991,0,0,0,0,0,0,0,0,0,0
13.8,957,0,0,0,0,0,0,0,0,0,0
13.850000000000001,1021,0,0,0,0,0,0,0,0,0,0
13.9,969,0,0,0,0,0,0,0,0,0,0
13.95,926,0,0,0,0,0,0,0,0,0,0
14.0,1018,0,0,0,0,0,0,0,0,0,0
14.05,983,0,0,0,0,0,0,0,0,0,0
14.100000000000001,956,0,0,0,0,0,0,0,0,0,0
14.15,982,0,0,0,0,0,0,0,0,0,0
14.2,950,0,0,0,0,0,0,0,0,0,0
14.25,1014,0,0,0,0,0,0,0,0,0,0
14.3,998,0,0,0,0,0,0,0,0,0,0
14.350000000000001,946,0,0,0,0,0,0,0,0,0,0
14.4,1002,0,0,0,0,0,0,0,0,0,0
14.45,941,0,0,0,0,0,0,0,0,0,0
14.5,993,0,0,0,0,0,0,0,0,0,0
14.55,955,0,0,0,0,0,0,0,0,0,0
14.600000000000001,962,0,0,0,0,0,0,0,0,0,0
14.65,974,0,0,0,0,0,0,0,0,0,0
14.7,968,0,0,0,0,0,0,0,0,0,0
14.75,1003,0,0,0,0,0,0,0,0,0,0
14.8,931,0,0,0,0,0,0,0,0,0,0
14.850000000000001,985,0,0,0,0,0,0,0,0,0,0
14.9,1028,0,0,0,0,0,0,0,0,0,0
14.95,986,0,0,0,0,0,0,0,0,0,0
15.0,956,0,0,0,0,0,0,0,0,0,0
15.05,935,0,0,0,0,0,0,0,0,0,0
15.100000000000001,949,0,0,0,0,0,0,0,0,0,0
15.15,1019,0,0,0,0,0,0,0,0,0,0
15.2,913,0,0,0,0,0,0,0,0,0,0
15.25,1000,0,0,0,0,0,0,0,0,0,0
15.3,977,0,0,0,0,0,0,0,0,0,0
15.350000000000001,936,0,0,0,0,0,0,0,0,0,0
15.4,1051,0,0,0,0,0,0,0,0,0,0
15.45,915,0,0,0,0,0,0,0,0,0,0
15.5,1013,0,0,0,0,0,0,0,0,0,0
15.55,1001,0,0,0,0,0,0,0,0,0,0
15.600000000000001,948,0,0,0,0,0,0,0,0,0,0
15.65,979,0,0,0,0,0,0,0,0,0,0
15.7,917,0,0,0,0,0,0,0,0,0,0
15.75,987,0,0,0,0,0,0,0,0,0,0
15.8,989,0,0,0,0,0,0,0,0,0,0
15.850000000000001,1003,0,0,0,0,0,0,0,0,0,0
15.9,970,0,0,0,0,0,0,0,0,0,0
15.95,1007,0,0,0,0,0,0,0,0,0,0
16.0,996,0,0,0,0,0,0,0,0,0,0
16.05,923,0,0,0,0,0,0,0,0,0,0
16.1,934,0,0,0,0,0,0,0,0,0,0
16.15,990,0,0,0,0,0,0,0,0,0,0
16.200000000000003,985,0,0,0,0,0,0,0,0,0,0
16.25,992,0,0,0,0,0,0,0,0,0,0
16.3,914,0,0,0,0,0,0,0,0,0,0
16.35,811,0,0,0,0,0,0,0,0,0,0
16.4,612,0,0,0,0,0,0,0,0,0,0
16.450000000000003,589,0,0,0,0,0,0,0,0,0,0
16.5,432,0,0,0,0,0,0,0,0,0,0
16.55,327,0,0,0,0,0,0,0,0,0,0
16.6,169,0,0,0,0,0,0,0,0,0,0
16.65,70,0,0,0,0,0,0,0,0,0,0
*****
8 , 0.05 , 1000 , 0 , 1 , 10 , 100 , 0.65 , 1 , 0.75 , 1 , .01
8.0,1000,992,994,900,994,0,980,983,839,984,0
8.05,963,953,955,863,956,0,948,950,796,951,0
8.1,979,967,971,877,970,0,963,964,824,962,0
8.15,1005,994,1001,908,1002,0,989,993,855,994,0
8.2,955,925,944,867,945,0,921,939,835,940,0
8.25,930,911,917,838,919,0,907,911,797,913,0
8.3,969,909,938,877,939,0,906,933,842,933,0
8.35,977,900,933,875,934,0,899,930,862,931,0
8.4,1003,883,925,899,931,0,877,922,872,926,0
8.45,1016,838,895,899,901,0,837,894,873,899,0
8.5,984,793,856,865,860,0,791,854,840,858,0
8.55,980,681,752,801,754,0,679,750,792,752,0
8.6,906,600,673,692,676,0,600,672,684,675,0
8.65,934,585,660,683,662,0,585,659,676,661,0
8.7,980,529,606,668,613,0,529,606,664,612,0
8.75,902,412,512,565,514,0,412,511,562,513,0
8.8,1020,425,501,617,503,0,425,502,606,504,0
8.85,1027,336,420,536,425,0,335,420,529,425,0
8.9,945,289,358,450,361,0,289,358,448,361,0
8.95,976,234,305,411,311,0,234,304,403,310,0
9.0,921,161,229,318,234,0,161,229,318,234,0
9.05,981,156,218,322,220,0,156,218,322,220,0
9.1,976,133,179,252,181,0,133,179,250,181,0
9.15,973,100,140,239,142,0,100,140,239,142,0
9.2,973,80,108,194,113,0,80,108,195,113,0
9.25,954,64,86,184,89,0,64,86,181,89,0
9.3,971,46,66,130,66,0,46,66,128,66,0
9.35,971,34,48,123,48,0,34,48,122,48,0
9.4,978,25,37,68,38,0,25,37,68,38,0
9.45,934,11,16,66,17,0,11,16,66,17,0
9.5,922,10,17,48,18,0,10,17,48,18,0
9.55,1022,12,14,43,14,0,12,14,43,14,0
9.6,998,7,11,34,11,0,7,11,34,11,0
9.65,1002,4,9,27,9,0,4,9,27,9,0
9.7,950,1,6,25,7,0,1,6,25,7,0
9.75,998,1,1,11,1,0,1,1,11,1,0
9.8,945,2,2,11,2,0,2,2,11,2,0
9.85,959,0,0,7,0,0,0,0,7,0,0
9.9,946,0,0,3,0,0,0,0,3,0,0
9.95,981,0,0,4,0,0,0,0,4,0,0
10.0,1015,1,1,4,1,0,1,1,4,1,0
10.05,944,0,0,2,0,0,0,0,2,0,0
10.1,957,0,0,4,0,0,0,0,4,0,0
10.15,978,0,0,0,0,0,0,0,0,0,0
10.2,1007,0,0,2,0,0,0,0,2,0,0
10.25,1012,1,1,1,1,0,1,1,1,1,0
10.3,1036,0,0,1,0,0,0,0,1,0,0
10.35,954,0,0,0,0,0,0,0,0,0,0
10.4,914,1,1,1,1,0,1,1,1,1,0
10.45,947,0,0,0,0,0,0,0,0,0,0
10.5,932,0,0,0,0,0,0,0,0,0,0
10.55,1021,0,0,0,0,0,0,0,0,0,0
10.6,941,0,0,0,0,0,0,0,0,0,0
10.65,966,0,0,0,0,0,0,0,0,0,0
10.7,948,0,0,0,0,0,0,0,0,0,0
10.75,938,0,0,0,0,0,0,0,0,0,0
10.8,968,0,0,0,0,0,0,0,0,0,0
10.85,1008,0,0,0,0,0,0,0,0,0,0
10.9,991,0,0,0,0,0,0,0,0,0,0
10.95,948,0,0,0,0,0,0,0,0,0,0
11.0,961,0,0,0,0,0,0,0,0,0,0
11.05,966,0,0,0,0,0,0,0,0,0,0
11.1,1025,0,0,0,0,0,0,0,0,0,0
11.15,897,0,0,0,0,0,0,0,0,0,0
11.2,986,0,0,0,0,0,0,0,0,0,0
11.25,1049,0,0,0,0,0,0,0,0,0,0
11.3,927,0,0,0,0,0,0,0,0,0,0
11.35,965,0,0,0,0,0,0,0,0,0,0
11.4,964,0,0,0,0,0,0,0,0,0,0
11.45,985,0,0,0,0,0,0,0,0,0,0
11.5,981,0,0,0,0,0,0,0,0,0,0
11.55,1016,0,0,0,0,0,0,0,0,0,0
11.6,924,0,0,0,0,0,0,0,0,0,0
11.65,1033,0,0,0,0,0,0,0,0,0,0
11.7,1000,0,0,0,0,0,0,0,0,0,0
11.75,950,0,0,0,0,0,0,0,0,0,0
11.8,974,0,0,0,0,0,0,0,0,0,0
11.85,927,0,0,0,0,0,0,0,0,0,0
11.9,942,0,0,0,0,0,0,0,0,0,0
11.95,925,0,0,0,0,0,0,0,0,0,0
12.0,1006,0,0,0,0,0,0,0,0,0,0
12.05,970,0,0,0,0,0,0,0,0,0,0
12.100000000000001,929,0,0,0,0,0,0,0,0,0,0
12.15,955,0,0,0,0,0,0,0,0,0,0
12.2,962,0,0,0,0,0,0,0,0,0,0
12.25,979,0,0,0,0,0,0,0,0,0,0
12.3,1017,0,0,0,0,0,0,0,0,0,0
12.350000000000001,950,0,0,0,0,0,0,0,0,0,0
12.4,1005,0,0,0,0,0,0,0,0,0,0
12.45,1003,0,0,0,0,0,0,0,0,0,0
12.5,1007,0,0,0,0,0,0,0,0,0,0
12.55,926,0,0,0,0,0,0,0,0,0,0
12.600000000000001,984,0,0,0,0,0,0,0,0,0,0
12.65,989,0,0,0,0,0,0,0,0,0,0
12.7,925,0,0,0,0,0,0,0,0,0,0
12.75,977,0,0,0,0,0,0,0,0,0,0
12.8,944,0,0,0,0,0,0,0,0,0,0
12.850000000000001,967,0,0,0,0,0,0,0,0,0,0
12.9,956,0,0,0,0,0,0,0,0,0,0
12.95,987,0,0,0,0,0,0,0,0,0,0
13.0,948,0,0,0,0,0,0,0,0,0,0
13.05,939,0,0,0,0,0,0,0,0,0,0
13.100000000000001,976,0,0,0,0,0,0,0,0,0,0
13.15,1019,0,0,0,0,0,0,0,0,0,0
13.2,986,0,0,0,0,0,0,0,0,0,0
13.25,987,0,0,0,0,0,0,0,0,0,0
13.3,986,0,0,0,0,0,0,0,0,0,0
13.350000000000001,960,0,0,0,0,0,0,0,0,0,0
13.4,917,0,0,0,0,0,0,0,0,0,0
13.45,966,0,0,0,0,0,0,0,0,0,0
13.5,953,0,0,0,0,0,0,0,0,0,0
13.55,966,0,0,0,0,0,0,0,0,0,0
13.600000000000001,995,0,0,0,0,0,0,0,0,0,0
13.65,945,0,0,0,0,0,0,0,0,0,0
13.7,980,0,0,0,0,0,0,0,0,0,0
13.75,972,0,0,0,0,0,0,0,0,0,0
13.8,1017,0,0,0,0,0,0,0,0,0,0
13.850000000000001,946,0,0,0,0,0,0,0,0,0,0
13.9,963,0,0,0,0,0,0,0,0,0,0
13.95,953,0,0,0,0,0,0,0,0,0,0
14.0,973,0,0,0,0,0,0,0,0,0,0
14.05,975,0,0,0,0,0,0,0,0,0,0
14.100000000000001,946,0,0,0,0,0,0,0,0,0,0
14.15,994,0,0,0,0,0,0,0,0,0,0
14.2,926,0,0,0,0,0,0,0,0,0,0
14.25,917,0,0,0,0,0,0,0,0,0,0
14.3,928,0,0,0,0,0,0,0,0,0,0
14.350000000000001,959,0,0,0,0,0,0,0,0,0,0
14.4,988,0,0,0,0,0,0,0,0,0,0
14.45,1011,0,0,0,0,0,0,0,0,0,0
14.5,981,0,0,0,0,0,0,0,0,0,0
14.55,966,0,0,0,0,0,0,0,0,0,0
14.600000000000001,969,0,0,0,0,0,0,0,0,0,0
14.65,1016,0,0,0,0,0,0,0,0,0,0
14.7,929,0,0,0,0,0,0,0,0,0,0
14.75,991,0,0,0,0,0,0,0,0,0,0
14.8,998,0,0,0,0,0,0,0,0,0,0
14.850000000000001,962,0,0,0,0,0,0,0,0,0,0
14.9,1007,0,0,0,0,0,0,0,0,0,0
14.95,993,0,0,0,0,0,0,0,0,0,0
15.0,955,0,0,0,0,0,0,0,0,0,0
15.05,940,0,0,0,0,0,0,0,0,0,0
15.100000000000001,949,0,0,0,0,0,0,0,0,0,0
15.15,951,0,0,0,0,0,0,0,0,0,0
15.2,1028,0,0,0,0,0,0,0,0,0,0
15.25,963,0,0,0,0,0,0,0,0,0,0
15.3,975,0,0,0,0,0,0,0,0,0,0
15.350000000000001,950,0,0,0,0,0,0,0,0,0,0
15.4,977,0,0,0,0,0,0,0,0,0,0
15.45,967,0,0,0,0,0,0,0,0,0,0
15.5,949,0,0,0,0,0,0,0,0,0,0
15.55,973,0,0,0,0,0,0,0,0,0,0
15.600000000000001,942,0,0,0,0,0,0,0,0,0,0
15.65,959,0,0,0,0,0,0,0,0,0,0
15.7,1005,0,0,0,0,0,0,0,0,0,0
15.75,995,0,0,0,0,0,0,0,0,0,0
15.8,983,0,0,0,0,0,0,0,0,0,0
15.850000000000001,985,0,0,0,0,0,0,0,0,0,0
15.9,990,0,0,0,0,0,0,0,0,0,0
15.95,987,0,0,0,0,0,0,0,0,0,0
16.0,914,0,0,0,0,0,0,0,0,0,0
16.05,903,0,0,0,0,0,0,0,0,0,0
16.1,874,0,0,0,0,0,0,0,0,0,0
16.15,784,0,0,0,0,0,0,0,0,0,0
16.200000000000003,748,0,0,0,0,0,0,0,0,0,0
16.25,687,0,0,0,0,0,0,0,0,0,0
16.3,619,0,0,0,0,0,0,0,0,0,0
16.35,586,0,0,0,0,0,0,0,0,0,0
16.4,607,0,0,0,0,0,0,0,0,0,0
16.450000000000003,543,0,0,0,0,0,0,0,0,0,0
16.5,477,0,0,0,0,0,0,0,0,0,0
16.55,410,0,0,0,0,0,0,0,0,0,0
16.6,345,0,0,0,0,0,0,0,0,0,0
16.65,307,0,0,0,0,0,0,0,0,0,0
16.700000000000003,275,0,0,0,0,0,0,0,0,0,0
16.75,213,0,0,0,0,0,0,0,0,0,0
16.8,198,0,0,0,0,0,0,0,0,0,0
16.85,134,0,0,0,0,0,0,0,0,0,0
16.9,72,0,0,0,0,0,0,0,0,0,0
16.950000000000003,21,0,0,0,0,0,0,0,0,0,0
